0 1 16 0.99998 0.00307355 -0.00544423 0.372726 -0.0030571 0.999991 0.00302644 0.0324638 0.00545348 -0.00300973 0.999981 -0.927373
0 2 118 0.999731 0.0118766 -0.0198973 0.887046 -0.0116478 0.999865 0.0115732 -0.347529 0.0200321 -0.0113383 0.999735 -0.30393
0 3 16 0.999914 0.0131074 0.000143609 0.177839 -0.0131081 0.999888 0.00721091 -0.0466318 -4.90762e-05 -0.00721217 0.999974 -0.982954
0 4 0 1 0 0 0 0 1 0 0 0 0 1 0
0 5 27 0.999946 0.0102557 -0.00183268 -0.317653 -0.0102443 0.999929 0.00612907 -0.197233 0.00189541 -0.00610997 0.99998 0.927467
0 6 31 0.999959 0.00513805 0.00751608 -0.95108 -0.00508993 0.999967 -0.00640686 0.303685 -0.00754875 0.00636833 0.999951 0.0567583
0 7 147 0.999733 0.0113244 -0.0201329 0.918023 -0.0113243 0.999936 0.000115064 -0.396422 0.0201329 0.000112958 0.999797 0.00912288
0 8 11 0.999979 0.0058981 -0.00267284 0.976227 -0.00593085 0.999905 -0.0124168 -0.109191 0.00259935 0.0124324 0.999919 -0.187238
0 9 109 0.999962 -0.00473941 0.00725333 -0.941746 0.00486202 0.999844 -0.0169812 0.0457942 -0.00717172 0.0170158 0.999829 0.333194
0 10 211 0.998507 0.00424525 -0.0544563 0.977192 -0.00462822 0.999965 -0.00690846 -0.208056 0.0544251 0.00715018 0.998492 0.0425216
0 11 68 0.999721 0.00302608 -0.0234421 0.949803 -0.00331762 0.999918 -0.0124078 -0.19978 0.0234026 0.0124821 0.999648 -0.240754
0 12 28 0.999985 0.00129163 -0.00528535 0.86767 -0.00137121 0.999885 -0.0150813 0.00641978 0.00526526 0.0150883 0.999872 0.497099
0 13 48 0.999665 0.00402161 -0.0255853 0.997296 -0.00442498 0.999867 -0.0157286 -0.0672804 0.0255186 0.0158365 0.999549 -0.0295486
0 14 183 0.998528 0.010903 -0.053123 0.987973 -0.0115082 0.999872 -0.0111001 -0.154624 0.0529952 0.0116951 0.998526 0.000804578
15 16 15 0.999989 -0.00459045 0.000381738 -0.559677 0.00459092 0.999989 -0.00124561 -0.114661 -0.000376016 0.00124735 0.999999 0.82074
15 17 12 0.999915 -0.0114757 -0.00623111 0.935576 0.0114491 0.999925 -0.00428633 0.346356 0.00627983 0.00421462 0.999971 -0.0688077
15 18 14 0.999856 -0.0139105 -0.00974332 -0.743392 0.0138824 0.999899 -0.00294669 -0.217202 0.00978333 0.00281101 0.999948 0.632607
15 19 165 0.999739 -0.00918162 -0.0209059 0.949908 0.00909573 0.99995 -0.00419976 0.297388 0.0209435 0.00400851 0.999773 -0.096104
15 20 78 0.999888 -0.0127656 -0.00778431 0.739662 0.0127852 0.999915 0.00247174 0.106723 0.00775209 -0.00257099 0.999967 -0.664463
15 21 64 0.999878 -0.0118115 -0.0102068 0.779038 0.0117026 0.999875 -0.0106616 0.127299 0.0103314 0.0105408 0.999891 -0.613918
15 22 183 0.999665 -0.00637159 -0.0250937 0.971816 0.00618614 0.999953 -0.00746094 -0.00331992 0.0251401 0.0073032 0.999657 -0.235716
15 23 24 0.999979 0.000639361 0.00639387 -0.969974 -0.000555229 0.999913 -0.0131513 -0.17565 -0.00640173 0.0131474 0.999893 -0.168219
15 24 35 0.999979 0.00627945 -0.0017699 -0.887665 -0.0063188 0.999711 -0.0231857 -0.26742 0.0016238 0.0231964 0.99973 0.374884
15 25 60 0.999497 0.000566218 -0.0317001 0.856574 -0.00163846 0.999427 -0.0338088 0.141832 0.0316628 0.0338437 0.998925 -0.49615
15 26 201 0.998679 0.004908 -0.0511529 0.935532 -0.00701961 0.999127 -0.0411829 0.345817 0.0509061 0.0414876 0.997841 -0.0720474
15 27 186 0.998565 0.0164745 -0.0509523 0.937162 -0.0180121 0.999392 -0.0298675 0.047928 0.0504292 0.0307424 0.998254 -0.345588
15 28 114 0.998926 0.017384 -0.0429542 0.842846 -0.0185929 0.999438 -0.0279062 0.0946331 0.0424449 0.0286749 0.998687 -0.529769
15 29 102 0.997032 0.023664 -0.0732573 0.924457 -0.0262858 0.99904 -0.0350349 0.238793 0.072358 0.0368566 0.996698 -0.29725
30 31 16 0.999901 0.00998024 0.00991507 -0.606168 -0.010008 0.999946 0.00275038 0.0237946 -0.00988708 -0.00284934 0.999947 0.794981
30 32 67 0.999534 0.0145985 0.0268163 -0.926164 -0.0148215 0.999857 0.00813454 -0.218647 -0.0266937 -0.00852821 0.999607 0.307268
30 33 18 0.999933 0.0101849 0.00557909 -0.946718 -0.0102104 0.999937 0.00456746 -0.316947 -0.00553223 -0.00462412 0.999974 0.0571785
30 34 14 0.999964 0.00685057 -0.0049913 0.822862 -0.00683442 0.999971 0.0032469 0.115657 0.0050134 -0.00321267 0.999982 -0.556346
30 35 18 0.999939 0.00263209 -0.0107665 0.560085 -0.00259857 0.999992 0.00312623 0.00113876 0.0107746 -0.00309806 0.999937 -0.828434
30 36 22 0.999944 4.00927e-05 -0.0105985 0.865874 -2.37619e-05 0.999999 0.00154098 0.150652 0.0105985 -0.00154065 0.999943 -0.47704
30 37 36 0.999353 0.00637389 -0.035387 0.931031 -0.00635947 0.99998 0.000520006 0.177449 0.0353896 -0.000294627 0.999374 -0.318893
30 38 31 0.999634 0.0139604 -0.0231538 0.907409 -0.0137916 0.999877 0.0074353 0.117204 0.0232547 -0.00711326 0.999704 -0.403574
30 39 19 0.999602 0.019371 -0.0204987 0.929662 -0.0191561 0.99976 0.0106254 0.137118 0.0206996 -0.0102285 0.999733 -0.341947
30 40 27 0.999486 0.0166181 -0.0274254 0.804335 -0.0162883 0.999793 0.0122043 0.167817 0.0276226 -0.0117513 0.999549 -0.569985
30 41 20 0.999554 0.00928022 -0.0283958 0.912977 -0.00872402 0.999769 0.0196491 0.184637 0.0285716 -0.0193926 0.999404 -0.363844
30 42 28 0.998969 0.00527229 -0.0450981 0.996653 -0.0044546 0.999824 0.0182129 0.0758492 0.0451862 -0.0179932 0.998817 -0.0304928
30 43 20 0.999439 0.00268083 -0.0333765 0.864255 -0.00215219 0.999872 0.0158645 0.159945 0.0334148 -0.0157837 0.999317 -0.47695
30 44 17 0.999514 -0.0136642 -0.0280366 0.583537 0.0147992 0.999062 0.0406833 0.294581 0.0274544 -0.0410784 0.998779 0.756774
45 46 41 0.999996 0.000952446 -0.00279092 -0.155598 -0.0009453 0.999996 0.00256073 0.0602019 0.00279335 -0.00255808 0.999993 0.985984
45 47 84 0.999783 0.00796901 0.0192643 -0.772181 -0.00798166 0.999968 0.000579897 -0.154035 -0.0192591 -0.000733532 0.999814 0.616449
45 48 27 0.999976 -0.000891593 0.00690223 -0.88209 0.000912389 0.999995 -0.0030103 -0.142482 -0.00689952 0.00301652 0.999972 0.449017
45 49 37 0.999745 0.00616498 -0.0217287 0.890194 -0.00608632 0.999975 0.00368422 0.0540216 0.0217509 -0.00355103 0.999757 -0.452367
45 50 39 0.999529 0.0167561 -0.0257184 0.682668 -0.0164388 0.999787 0.0124985 -0.117322 0.0259223 -0.0120698 0.999591 0.721249
45 51 60 0.998485 0.024552 0.0492476 -0.997864 -0.024292 0.999688 -0.00587162 -0.0387658 -0.0493764 0.0046664 0.998769 0.0525867
45 52 24 0.999061 0.0400432 -0.0165647 -0.963279 -0.0403862 0.998965 -0.0209163 -0.26765 0.01571 0.0215657 0.999644 0.0213864
45 53 45 0.997882 0.0388841 -0.0521398 0.986014 -0.0397962 0.99907 -0.0165701 0.033053 0.051447 0.01861 0.998502 -0.16335
45 54 50 0.997769 0.0534688 -0.0399844 0.970461 -0.0535557 0.998564 -0.00110447 -0.0389184 0.039868 0.00324339 0.9992 -0.238098
45 55 53 0.997439 0.0596715 -0.0394201 0.993573 -0.0594571 0.998209 0.00658821 0.0251835 0.0397427 -0.00422753 0.999201 -0.110356
45 56 34 0.997953 0.052983 -0.0357998 0.99794 -0.0524618 0.998505 0.0153436 -0.0105891 0.0365592 -0.013434 0.999241 0.0632761
45 57 92 0.99531 0.054533 -0.0799007 0.998197 -0.0535793 0.998465 0.0140334 -0.00100355 0.0805433 -0.0096866 0.996704 0.0600196
45 58 69 0.996913 0.0517535 -0.0590428 0.941953 -0.0512819 0.998639 0.00947688 -0.0614521 0.059453 -0.00641979 0.99821 0.330073
45 59 64 0.996813 0.0495254 -0.0625451 0.999008 -0.0492927 0.998771 0.00525833 0.0321829 0.0627286 -0.00215855 0.998028 -0.0307669
60 61 66 0.99991 0.00488122 -0.0124714 0.996193 -0.00482129 0.999977 0.00483064 -0.0781521 0.0124947 -0.00477007 0.999911 -0.0386107
60 62 22 0.999989 0.000985676 0.00454917 0.434346 -0.00100187 0.999993 0.0035578 -0.201935 -0.00454563 -0.00356232 0.999983 0.877819
60 63 0 1 0 0 0 0 1 0 0 0 0 1 0
60 64 20 0.999961 -0.00880653 -0.00119744 0.616678 0.00880604 0.999961 -0.000409094 0.208613 0.00120099 0.000398533 0.999999 0.759071
60 65 29 0.999961 -0.00866158 -0.00168958 0.4941 0.00865453 0.999954 -0.00413672 -0.242377 0.00172533 0.00412194 0.99999 0.834936
60 66 15 0.99989 -0.0137167 0.00564735 0.931826 0.0137665 0.999866 -0.0088818 0.184965 -0.00552476 0.00895857 0.999945 -0.312231
60 67 126 0.999576 -0.00799315 -0.0279936 0.970229 0.00754739 0.999844 -0.0159933 0.159686 0.028117 0.0157752 0.99948 0.182086
60 68 162 0.999325 -0.00518999 -0.0363802 0.973214 0.00458923 0.999852 -0.0165775 0.0486265 0.0364609 0.0163994 0.999201 0.2247
60 69 28 0.999954 -0.0070445 -0.00649264 0.367941 0.00694651 0.999863 -0.0149937 0.110791 0.00659738 0.0149479 0.999867 0.923225
60 70 24 0.999887 -0.0112032 -0.0100714 0.479466 0.011107 0.999893 -0.00955337 0.143246 0.0101774 0.00944042 0.999904 0.865791
60 71 26 0.999553 -0.0140223 -0.0263889 0.91705 0.0138164 0.999873 -0.00796511 0.0780765 0.0264972 0.00759695 0.99962 -0.391054
60 72 34 0.999612 -0.011057 -0.025573 0.919195 0.0108248 0.999899 -0.00920066 0.0601016 0.0256722 0.00892027 0.999631 -0.389189
60 73 95 0.998774 -0.00226945 -0.0494575 0.936625 0.00190319 0.99997 -0.00745142 -0.0104873 0.049473 0.00734815 0.998748 -0.350178
60 74 66 0.99898 -0.0015209 -0.0451247 0.928462 0.00122403 0.999977 -0.00660581 0.00647939 0.0451337 0.00654383 0.99896 -0.371372
75 76 15 0.999982 0.00484792 0.00355017 -0.455491 -0.00484989 0.999988 0.0005478 -0.0854179 -0.00354748 -0.000565008 0.999994 0.886133
75 77 22 0.999991 0.00419929 0.000728815 0.475806 -0.00420042 0.99999 0.00155412 0.147257 -0.000722281 -0.00155717 0.999999 -0.867135
75 78 19 0.999891 0.00302924 -0.0144829 0.960339 -0.00305782 0.999993 -0.00195206 0.132578 0.0144769 0.00199613 0.999893 -0.245301
75 79 38 0.999895 0.00852494 -0.0116907 0.601366 -0.0085687 0.999956 -0.0036979 0.150352 0.0116587 0.00379769 0.999925 -0.784699
75 80 32 0.999704 0.0176953 -0.0166909 0.940564 -0.0178323 0.999808 -0.00809481 -0.0444804 0.0165444 0.00839005 0.999828 -0.33669
75 81 45 0.99941 0.0218086 -0.026517 0.879737 -0.0222136 0.99964 -0.015073 0.0928986 0.0261787 0.0156531 0.999535 -0.466296
75 82 60 0.999204 0.0205182 -0.034215 0.803624 -0.0209899 0.999689 -0.0134836 0.140419 0.0339277 0.0141911 0.999324 -0.578334
75 83 76 0.998979 0.0243254 -0.0380772 0.901097 -0.0247292 0.999642 -0.0101679 0.0399728 0.0378162 0.0110991 0.999223 -0.431772
75 84 100 0.998333 0.0309054 -0.0487461 0.839577 -0.0315855 0.999413 -0.013245 0.197918 0.0483082 0.0147626 0.998723 -0.505903
75 85 18 0.99908 0.0375902 -0.0206631 0.239506 -0.0374783 0.999281 0.00577857 0.177727 0.0208655 -0.00499883 0.99977 0.954489
75 86 50 0.997862 0.047024 -0.0453794 0.836459 -0.0462391 0.998765 0.0181936 0.212771 0.0461789 -0.0160564 0.998804 -0.50504
75 87 109 0.99772 0.0473811 -0.0480653 0.908521 -0.0459491 0.998479 0.030473 0.0844841 0.049436 -0.028195 0.998379 -0.409209
75 88 137 0.998201 0.0465287 -0.037825 0.880344 -0.0453029 0.99844 0.0326423 0.102715 0.0392848 -0.03087 0.998751 -0.463082
75 89 25 0.999073 0.0394409 -0.0172262 0.418309 -0.0388888 0.998753 0.0312922 -0.114063 0.0184389 -0.0305933 0.999362 0.901114
90 91 0 1 0 0 0 0 1 0 0 0 0 1 0
90 92 33 0.99974 -0.0130651 -0.0187082 0.529144 0.0129164 0.999884 -0.0080435 0.456033 0.0188111 0.00779977 0.999793 -0.71557
90 93 30 0.999836 -0.00105965 -0.0180698 0.480526 0.00119968 0.999969 0.00774075 0.107038 0.0180611 -0.00776116 0.999807 -0.870424
90 94 25 0.999739 -0.00601844 -0.0220409 0.817024 0.00615907 0.999961 0.00631804 0.14422 0.022002 -0.00645214 0.999737 -0.558276
90 95 20 0.999744 -0.0179611 -0.0137757 0.401041 0.0179499 0.999838 -0.000935542 0.259333 0.0137903 0.000688029 0.999905 -0.878586
90 96 30 0.999287 -0.0103603 -0.0363199 0.913752 0.0103278 0.999946 -0.00108173 0.0572932 0.0363292 0.000705856 0.99934 -0.402212
90 97 26 0.999802 -0.00868409 -0.0179163 0.554818 0.00856904 0.999942 -0.00648829 0.155641 0.0179716 0.00633348 0.999818 -0.817284
90 98 21 0.999832 -0.00193414 -0.0182478 0.502077 0.00181665 0.999978 -0.00645268 0.0522452 0.0182599 0.00641844 0.999813 -0.863243
90 99 35 0.999298 -0.0114505 -0.035678 0.642731 0.0110981 0.999888 -0.0100598 0.104102 0.0357892 0.00965681 0.999313 -0.758986
90 100 29 0.999779 3.65523e-05 -0.0210133 -0.310048 -7.40839e-05 0.999998 -0.00178531 -0.106022 0.0210132 0.00178648 0.999778 0.944791
90 101 25 0.999268 -0.0167841 -0.0343689 0.721728 0.0165567 0.999839 -0.00689105 0.157077 0.0344791 0.00631697 0.999385 -0.674118
90 102 27 0.999073 -0.00718985 -0.0424425 0.800055 0.00697811 0.999962 -0.005135 0.0763444 0.0424779 0.00483407 0.999086 -0.595049
90 103 25 0.998133 0.0165147 -0.0588102 0.918823 -0.0163223 0.99986 0.00375065 -0.142126 0.0588638 -0.00278373 0.998262 -0.368192
90 104 56 0.992881 0.0138812 -0.118299 0.973862 -0.0153366 0.999817 -0.0114013 0.0572485 0.11812 0.0131344 0.992913 -0.219808
105 106 11 0.999908 0.00983776 -0.00931639 0.898518 -0.00983282 0.999951 0.000576408 -0.138094 0.00932161 -0.000484749 0.999956 -0.416648
105 107 12 0.999772 0.0179476 -0.011535 0.991816 -0.0179592 0.999838 -0.000902361 -0.0735603 0.011517 0.00110932 0.999933 -0.104351
105 108 38 0.999402 0.0275688 -0.0208474 0.943679 -0.0276271 0.999615 -0.00250907 -0.272527 0.0207702 0.00308352 0.99978 0.187615
105 109 31 0.998941 0.0440167 -0.0133841 0.942984 -0.0442009 0.998927 -0.0137961 -0.132884 0.0127624 0.0143731 0.999815 -0.305159
105 110 74 0.997016 0.0604539 -0.0479989 0.983403 -0.0610226 0.998081 -0.0104707 -0.139341 0.0472739 0.0133685 0.998793 -0.116199
105 111 32 0.997962 0.0572555 -0.0281732 0.862784 -0.0577094 0.998212 -0.0155697 0.0231259 0.0272313 0.0171638 0.999482 -0.505043
105 112 30 0.997871 0.057781 -0.030237 0.967606 -0.0580536 0.99828 -0.00821374 -0.0456457 0.0297104 0.00995162 0.999509 -0.248306
105 113 38 0.997577 0.060655 -0.0340621 0.972295 -0.0609911 0.998098 -0.00891601 0.0410116 0.0334565 0.0109719 0.99938 -0.230132
105 114 34 0.997868 0.0587349 -0.0284558 0.989582 -0.0588784 0.998256 -0.00422808 0.0111143 0.0281579 0.0058945 0.999586 -0.143543
105 115 35 0.997194 0.0599999 -0.04476 0.948083 -0.0601753 0.998184 -0.00257996 -0.196836 0.0445239 0.00526617 0.998994 0.249787
105 116 20 -0.154935 0.86942 0.469153 -0.0737397 0.664974 0.44298 -0.601314 0.319133 -0.73062 0.21881 -0.646774 0.944837
105 117 0 1 0 0 0 0 1 0 0 0 0 1 0
105 118 20 0.9954 0.06922 -0.0662343 0.999136 -0.0739931 0.994616 -0.0725527 -0.0414807 0.0608556 0.0771199 0.995163 0.00260579
105 119 28 0.994842 0.0895825 -0.0475761 0.990612 -0.0926728 0.99342 -0.0672968 -0.135893 0.0412345 0.0713588 0.996598 0.0148988
120 121 0 1 0 0 0 0 1 0 0 0 0 1 0
120 122 13 0.999921 0.00311694 0.0121472 0.460088 -0.00317822 0.999982 0.0050287 0.474726 -0.0121313 -0.00506691 0.999914 -0.750303
120 123 15 0.999667 0.018896 0.0175552 0.483182 -0.0192191 0.999645 0.0184256 -0.267199 -0.0172008 -0.0187569 0.999676 0.83375
120 124 19 0.999504 0.00670174 0.0307595 0.334624 -0.0074645 0.999666 0.0247502 -0.184596 -0.0305834 -0.0249676 0.99922 0.924095
120 125 18 0.999865 0.00233687 0.0162732 -0.450184 -0.00298907 0.999188 0.0401704 0.156713 -0.0161661 -0.0402136 0.99906 -0.879076
120 126 35 0.999945 0.00094876 0.010399 0.419075 -0.00133212 0.999317 0.0369208 -0.0311587 -0.0103568 -0.0369326 0.999264 0.907417
120 127 63 0.994443 -0.0733218 0.0755392 -0.840364 0.0684307 0.995508 0.0654228 -0.36727 -0.0799968 -0.0598901 0.994994 0.398623
120 128 59 0.997124 -0.0511016 0.0559753 -0.818401 0.0491835 0.998172 0.0351262 0.0259433 -0.0576679 -0.0322721 0.997814 0.574061
120 129 48 0.997741 -0.0579623 0.0339618 -0.268054 0.056469 0.997461 0.0433924 -0.3357 -0.0363907 -0.0413766 0.998481 0.903024
120 130 48 0.994702 -0.0691873 0.076029 -0.924665 0.0662827 0.996995 0.0400869 -0.117089 -0.0785741 -0.0348351 0.996299 0.362332
120 131 35 0.998854 -0.0478619 -0.00088572 0.537595 0.0478454 0.997572 0.0506001 -0.232628 -0.00153825 -0.0505845 0.998719 0.810479
120 132 35 0.990983 -0.0847255 0.103795 -0.935969 0.0792887 0.995309 0.0554389 -0.0518514 -0.108005 -0.0467092 0.993052 0.348244
120 133 32 0.995307 -0.0967293 0.00270391 -0.423532 0.0963523 0.993238 0.0647639 -0.449944 -0.00895019 -0.0641994 0.997897 0.786238
120 134 62 0.994924 -0.0821069 0.058177 -0.872861 0.0782441 0.994759 0.0658272 -0.0671974 -0.0632769 -0.060941 0.996134 0.48332
135 136 0 1 0 0 0 0 1 0 0 0 0 1 0
135 137 12 0.999869 0.003207 -0.0158335 0.364852 -0.00335845 0.999949 -0.00954828 -0.546178 0.015802 0.00960021 0.999829 0.754037
135 138 13 0.999652 0.0105013 -0.0241931 -0.41293 -0.0109467 0.999772 -0.0183509 0.265447 0.0239949 0.0186093 0.999539 -0.871222
135 139 0 1 0 0 0 0 1 0 0 0 0 1 0
135 140 12 0.998913 0.0155502 -0.0439513 0.526288 -0.0166336 0.999564 -0.0243912 -0.363058 0.0435528 0.0250958 0.998736 0.768902
135 141 21 0.998387 0.0283666 -0.0491741 -0.425221 -0.0296991 0.999205 -0.026582 0.270269 0.048381 0.0279996 0.998436 -0.863795
135 142 28 0.998823 0.0302459 -0.037918 -0.781264 -0.0314745 0.998985 -0.0322349 0.36398 0.0369045 0.0333904 0.998761 -0.507095
135 143 19 0.998102 0.0275542 -0.0550825 -0.894939 -0.0288648 0.999315 -0.0231405 0.237515 0.0544071 0.0246865 0.998214 -0.377718
135 144 16 0.997775 0.00722647 -0.0662812 -0.675858 -0.00912571 0.999555 -0.0283964 -0.302815 0.0660465 0.0289381 0.997397 0.671951
135 145 28 0.994837 0.0197598 -0.0995434 0.960503 -0.0226019 0.999366 -0.0275056 0.197643 0.0989368 0.0296135 0.994653 -0.195884
135 146 39 0.992962 0.0382954 -0.112069 0.979443 -0.0402172 0.999079 -0.0149375 0.0278899 0.111394 0.0193394 0.993588 -0.199785
135 147 18 0.997625 0.0430867 -0.0537457 -0.605965 -0.0436833 0.998996 -0.00997387 -0.162489 0.0532619 0.012298 0.998505 0.778719
135 148 19 0.996055 0.0510954 -0.0725503 -0.79628 -0.0517879 0.998628 -0.00769458 0.158116 0.0720577 0.0114215 0.997335 -0.583899
135 149 20 0.995784 0.0485111 -0.0778537 -0.716092 -0.0494466 0.998725 -0.0101329 0.176136 0.077263 0.0139398 0.996913 -0.675417
150 151 15 0.999995 0.00233945 -0.00198724 0.35145 -0.00233391 0.999993 0.00278822 -0.220349 0.00199375 -0.00278357 0.999994 0.909906
150 152 0 1 0 0 0 0 1 0 0 0 0 1 0
150 153 0 1 0 0 0 0 1 0 0 0 0 1 0
150 154 0 1 0 0 0 0 1 0 0 0 0 1 0
150 155 0 1 0 0 0 0 1 0 0 0 0 1 0
150 156 18 0.999857 0.00679704 -0.015454 0.630872 -0.00692153 0.999944 -0.00801668 -0.0635333 0.0153987 0.00812251 0.999848 0.773282
150 157 141 0.998814 -0.0233338 0.0427265 -0.924114 0.0237386 0.999678 -0.00899334 -0.166547 -0.0425029 0.00999694 0.999046 0.343913
150 158 92 0.999943 0.00699833 -0.00800894 -0.985496 -0.00710206 0.99989 -0.0129972 0.100028 0.0079171 0.0130533 0.999883 -0.13708
150 159 58 0.998878 0.0160946 -0.0445399 0.995042 -0.0167117 0.999769 -0.0135158 0.000801614 0.0443121 0.0142449 0.998916 0.0994508
150 160 52 0.998777 0.010492 -0.0483141 0.999193 -0.0113738 0.999773 -0.0180137 -0.0246409 0.0481141 0.0185412 0.99867 -0.0317127
150 161 24 0.999423 -0.00245141 -0.0338689 0.608003 0.00156713 0.999658 -0.0261109 0.0487154 0.0339213 0.0260427 0.999085 -0.792439
150 162 47 0.999446 -0.00225352 -0.0331967 -0.846745 0.00145965 0.999713 -0.0239191 -0.0304175 0.0332411 0.0238574 0.999163 0.531129
150 163 30 0.998501 0.00161681 -0.0547062 0.614931 -0.00283258 0.999751 -0.0221533 -0.225833 0.0546568 0.0222751 0.998257 0.755552
150 164 90 0.996123 0.0157957 -0.0865372 0.980708 -0.0178104 0.999587 -0.0225585 0.0137403 0.0861451 0.0240123 0.995993 -0.194993
165 166 0 1 0 0 0 0 1 0 0 0 0 1 0
165 167 18 0.999856 0.00435789 -0.0163717 0.928765 -0.00432519 0.999989 0.0020324 0.0933353 0.0163804 -0.0019613 0.999864 -0.358726
165 168 73 0.999831 0.00658601 0.0171829 -0.541343 -0.00667101 0.999966 0.00489373 -0.157127 -0.01715 -0.00500753 0.99984 0.82599
165 169 72 0.999515 0.0202133 -0.0236704 0.998744 -0.020207 0.999796 0.000505111 -0.0488057 0.0236757 -2.65586e-05 0.99972 -0.011332
165 170 99 0.999291 0.0250781 -0.0280659 0.962489 -0.0250937 0.999685 -0.000200848 -0.0645897 0.028052 0.000904983 0.999606 -0.263521
165 171 60 0.999649 0.0203153 0.0169992 -0.455209 -0.0201194 0.99973 -0.0116154 -0.0826768 -0.0172306 0.0112693 0.999788 0.886538
165 172 31 0.999626 0.0271991 0.00284212 0.961199 -0.0271708 0.999585 -0.00956209 0.015995 -0.00310102 0.00948129 0.99995 -0.275391
165 173 67 0.998746 0.0313685 -0.0390116 0.888989 -0.0314562 0.999504 -0.00163732 -0.0397241 0.0389409 0.00286242 0.999237 -0.456202
165 174 88 0.998301 0.0370581 -0.0449567 0.985745 -0.0370583 0.999313 0.00082774 0.0953619 0.0449565 0.000839687 0.998989 -0.138613
165 175 35 0.998986 0.0358474 -0.0272523 0.891792 -0.0355773 0.999314 0.0103313 -0.085461 0.0276039 -0.00935129 0.999575 -0.444301
165 176 70 0.998454 0.0370991 -0.0413867 0.996234 -0.0367052 0.999274 0.010237 0.0156419 0.0417364 -0.0087021 0.999091 -0.0852774
165 177 69 0.99835 0.0301383 -0.0488777 0.991088 -0.0299254 0.999539 0.00508329 -0.00496499 0.0490084 -0.00361222 0.998792 -0.133116
165 178 60 0.996213 0.0344469 -0.0798307 0.99919 -0.034853 0.999386 -0.00369921 0.0334581 0.0796542 0.00646755 0.996802 -0.0223804
165 179 47 0.999308 0.00471194 0.0369026 -0.867849 -0.00447125 0.999968 -0.00660191 -0.0947685 -0.0369326 0.00643234 0.999297 0.487705
180 181 10 0.999996 0.000472141 -0.00283229 0.350286 -0.000473842 1 -0.000599758 0.299183 0.00283201 0.000601098 0.999996 -0.887575
180 182 13 0.999956 -8.64159e-05 -0.00934055 0.392918 0.000106103 0.999998 0.00210727 0.260161 0.00934035 -0.00210817 0.999954 -0.882004
180 183 23 0.999865 0.00396983 -0.0159164 0.794712 -0.00388937 0.99998 0.00508289 -0.0139277 0.0159362 -0.0050203 0.99986 -0.606827
180 184 42 0.999589 0.00741702 -0.0276927 0.96369 -0.00739068 0.999972 0.0010537 0.128973 0.0276997 -0.000848598 0.999616 -0.233809
180 185 13 0.999953 0.00278844 -0.00932393 0.842212 -0.00277771 0.999995 0.0011638 0.220762 0.00932713 -0.00113784 0.999956 -0.491876
180 186 43 0.99943 0.00971685 -0.0323406 0.988254 -0.00985448 0.999943 -0.00409891 0.152106 0.0322989 0.00441527 0.999469 -0.0147728
180 187 86 0.998531 0.0104139 -0.0531661 0.979382 -0.0108402 0.999911 -0.0077364 0.0703779 0.0530808 0.00830137 0.998556 -0.18936
180 188 45 0.999114 0.00648442 -0.0415942 0.863644 -0.00679085 0.999951 -0.00722996 0.0639962 0.0415453 0.00750601 0.999108 -0.500023
180 189 67 0.998778 0.0110354 -0.0481836 0.92131 -0.0112864 0.999924 -0.00494012 0.0735946 0.0481255 0.0054779 0.998826 -0.3818
180 190 53 0.998635 0.0156411 -0.0498405 0.894477 -0.0159347 0.999858 -0.00549876 0.033737 0.0497474 0.00628544 0.998742 -0.44584
180 191 61 0.99709 0.0210351 -0.0732701 0.938323 -0.0215059 0.999753 -0.00564287 0.103345 0.0731333 0.00720219 0.997296 -0.329954
180 192 85 0.99569 0.0255323 -0.0891577 0.963763 -0.0257864 0.999666 -0.00169924 0.0751804 0.0890846 0.00399097 0.996016 -0.255947
180 193 36 0.998137 0.0147754 -0.0591936 0.915066 -0.0150596 0.999877 -0.00435697 0.112446 0.059122 0.00524028 0.998237 -0.387312
180 194 65 0.995043 0.0246569 -0.096343 0.951035 -0.0253535 0.99966 -0.00601237 0.0991976 0.096162 0.00842519 0.99533 -0.292733
195 196 17 0.999996 0.00250609 -0.00127962 0.154015 -0.00250602 0.999997 5.92141e-05 0.2745 0.00127977 -5.60071e-05 0.999999 -0.949173
195 197 85 0.999457 0.00344864 -0.0327769 0.871863 -0.00377475 0.999944 -0.00989253 0.432815 0.0327409 0.0100109 0.999414 -0.229187
195 198 78 0.999457 0.0200657 -0.0261492 0.964956 -0.0199453 0.999789 0.00485838 0.250831 0.0262412 -0.00433418 0.999646 -0.0771029
195 199 0 1 0 0 0 0 1 0 0 0 0 1 0
195 200 33 0.998966 0.0358709 -0.0279415 0.996529 -0.0356909 0.999339 0.00691481 -0.0459559 0.028171 -0.0059104 0.999586 -0.0694064
195 201 35 0.99843 0.0441644 -0.0344586 0.960615 -0.044259 0.999018 -0.00198865 -0.115078 0.0343369 0.00351063 0.999404 0.252936
195 202 26 0.998424 0.0407043 -0.038643 0.993775 -0.0413236 0.999028 -0.0153645 -0.110411 0.0379801 0.0169371 0.999135 0.0148698
195 203 51 0.996225 0.031723 -0.0808064 0.98182 -0.0352539 0.998468 -0.0426506 0.173586 0.0793296 0.0453384 0.995817 -0.0767954
195 204 17 0.999477 0.0315299 -0.00713976 0.353615 -0.0317138 0.999124 -0.0273042 0.161066 0.00627261 0.0275164 0.999602 -0.92142
195 205 26 0.996085 0.0381035 -0.0797621 0.93986 -0.0399981 0.998951 -0.0222915 0.15922 0.0788291 0.0253946 0.996565 -0.302179
195 206 33 0.998747 0.043346 -0.0250256 0.870642 -0.0434176 0.999054 -0.00232709 0.0932815 0.0249011 0.00341072 0.999684 -0.482992
195 207 52 0.997815 0.0347845 -0.0561766 0.97552 -0.0352994 0.999343 -0.00819958 0.136948 0.0558545 0.0101647 0.998387 -0.172062
195 208 55 0.989395 0.0668332 -0.128963 0.989194 -0.0675219 0.997717 -0.000970791 0.015713 0.128604 0.00966834 0.991649 -0.145765
195 209 37 0.997694 0.0416425 -0.0535878 0.986015 -0.0423151 0.999038 -0.0114782 0.0521582 0.0530583 0.0137193 0.998497 -0.158285
210 211 0 1 0 0 0 0 1 0 0 0 0 1 0
210 212 12 0.999985 -0.00527175 -0.00154338 -0.0356402 0.00528011 0.999971 0.005462 -0.0586864 0.00151454 -0.00547007 0.999984 -0.99764
210 213 0 1 0 0 0 0 1 0 0 0 0 1 0
210 214 13 0.999582 -0.0241354 -0.0158994 -0.481894 0.0242317 0.999689 0.00589337 -0.337653 0.0157522 -0.00627618 0.999856 0.80856
210 215 20 0.998834 -0.0402715 -0.0266421 0.631965 0.0403011 0.999187 0.000572846 0.321731 0.0265973 -0.00164588 0.999645 -0.70506
210 216 34 0.998332 -0.00694388 -0.0573204 0.961723 0.00721448 0.999964 0.00451534 0.248809 0.057287 -0.00492134 0.998346 -0.114818
210 217 11 0.999027 -0.0416192 -0.0146111 -0.548584 0.0417783 0.999069 0.0107567 -0.359483 0.0141498 -0.0113567 0.999835 0.754869
210 218 39 0.996804 -0.0131602 -0.0787931 0.954474 0.0134944 0.999902 0.00371101 0.178676 0.0787366 -0.00476241 0.996884 -0.23886
210 219 30 0.995946 -0.0112134 -0.0892559 0.978352 0.0127053 0.999789 0.0161646 -0.0276497 0.0890558 -0.0172331 0.995878 -0.205091
210 220 32 0.997547 -0.0173094 -0.0678307 0.902929 0.0179063 0.999806 0.0082013 0.203442 0.0676755 -0.00939577 0.997663 -0.378591
210 221 30 0.991671 -0.0167587 -0.1277 0.954403 0.0156678 0.999832 -0.00954238 0.283517 0.127839 0.00746212 0.991767 -0.0934471
210 222 24 0.996273 -0.000129378 -0.0862584 0.988373 0.00252038 0.999616 0.0276107 -0.0630165 0.0862217 -0.0277252 0.99589 -0.138377
210 223 31 0.994984 0.00122138 -0.100022 0.979382 0.000322763 0.999881 0.0154204 0.096432 0.100029 -0.0153753 0.994866 -0.177515
210 224 27 0.982533 -0.0122246 -0.185686 0.982859 0.0117922 0.999925 -0.00343257 0.131279 0.185714 0.00118296 0.982603 -0.129433
225 226 0 1 0 0 0 0 1 0 0 0 0 1 0
225 227 0 1 0 0 0 0 1 0 0 0 0 1 0
225 228 15 0.999947 0.008714 -0.00539421 -0.765113 -0.00870193 0.99996 0.00225541 0.0919638 0.00541365 -0.00220835 0.999983 -0.637294
225 229 24 0.999494 0.020571 -0.024258 0.999548 -0.0205623 0.999788 0.000611245 0.0100678 0.0242655 -0.000112136 0.999706 0.0283164
225 230 14 0.999294 0.0292848 -0.023549 0.9591 -0.0291566 0.999558 0.00576924 0.266167 0.0237076 -0.00507856 0.999706 -0.0963477
225 231 12 0.999966 -0.00772257 -0.00285746 -0.449789 0.00777731 0.999776 0.0196711 -0.244077 0.00270491 -0.0196926 0.999802 0.859137
225 232 10 0.999141 0.0264995 -0.0318716 0.795125 -0.0249846 0.998581 0.0470262 0.168387 0.0330726 -0.0461895 0.998385 -0.5826
225 233 14 0.998584 0.0176859 -0.0501728 -0.764953 -0.0148146 0.998262 0.0570335 -0.0287851 0.0510944 -0.0562094 0.997111 0.643442
225 234 50 0.993283 0.0350522 -0.110274 0.995738 -0.0270974 0.996976 0.0728264 -0.0644824 0.112493 -0.0693491 0.99123 -0.0659368
225 235 59 0.995151 0.0377186 -0.0908375 0.9926 -0.0316493 0.997227 0.0673527 0.0344557 0.0931261 -0.0641511 0.993586 0.116443
225 236 40 0.997115 0.0383775 -0.0654891 0.967501 -0.0338447 0.997044 0.0689734 0.0975792 0.0679426 -0.066558 0.995467 0.233281
225 237 51 0.995949 0.0351744 -0.0827591 0.990151 -0.0298169 0.997433 0.0651041 0.0661706 0.0848366 -0.0623727 0.994441 0.123376
225 238 31 0.992761 0.0366772 -0.114374 0.993637 -0.0298094 0.997681 0.06119 0.0425421 0.116353 -0.0573376 0.991552 0.10429
225 239 43 0.996068 0.0329605 -0.0822365 0.996419 -0.0286951 0.998207 0.0525213 0.0389224 0.0838203 -0.049955 0.995228 0.0750642
240 241 17 0.999993 -0.00377906 -0.000599388 0.384669 0.00378139 0.999985 0.00394572 -0.409338 0.000584468 -0.00394796 0.999992 0.827329
240 242 162 0.999613 0.00138758 -0.0277848 0.951195 -0.00121947 0.999981 0.00606651 -0.236091 0.0277926 -0.00603028 0.999596 0.198717
240 243 0 1 0 0 0 0 1 0 0 0 0 1 0
240 244 29 0.999989 0.000402643 -0.00463927 0.661183 -0.000441203 0.999965 -0.00831369 0.0544421 0.00463576 0.00831565 0.999955 0.748247
240 245 29 0.999957 -0.0037129 -0.0084694 0.948289 0.00360088 0.999906 -0.0132041 -0.130577 0.00851763 0.013173 0.999877 0.289304
240 246 14 0.99998 -0.0055028 0.00325693 0.985472 0.00555722 0.999841 -0.0169418 0.0850494 -0.00316318 0.0169596 0.999851 -0.147009
240 247 78 0.999558 -0.0014791 -0.029677 0.981445 0.00120557 0.999957 -0.0092328 -0.0635751 0.0296894 0.00919294 0.999517 -0.180895
240 248 138 0.998926 0.00516736 -0.0460553 0.928015 -0.00514394 0.999987 0.000627045 -0.110812 0.0460579 -0.000389466 0.998939 -0.35568
240 249 132 0.998634 0.00719975 -0.0517598 0.995824 -0.0071952 0.999974 0.000274255 -0.0188159 0.0517604 9.85417e-05 0.99866 -0.0893358
240 250 36 0.999556 0.00335605 -0.0296028 0.486638 -0.00324197 0.999987 0.00390094 0.202752 0.0296155 -0.00380324 0.999554 -0.84975
240 251 103 0.999063 0.0038881 -0.0431071 0.724539 -0.00316732 0.999854 0.0167765 -0.0802669 0.043166 -0.0166242 0.99893 -0.684544
240 252 145 0.997681 0.015962 -0.0661686 0.952813 -0.0145014 0.999642 0.0224956 0.00510561 0.066504 -0.0214839 0.997555 -0.303516
240 253 26 0.999403 0.0219407 -0.0266978 0.984057 -0.0214045 0.999567 0.0202053 0.17753 0.0271295 -0.0196218 0.999439 -0.0106907
240 254 121 0.99836 0.0284333 -0.049694 0.954603 -0.0276223 0.999475 0.0169327 0.111148 0.0501493 -0.0155322 0.998621 -0.276369
255 256 28 0.99996 0.00822997 -0.003526 0.394916 -0.00820222 0.999936 0.00781365 0.149446 0.00359008 -0.00778441 0.999963 -0.906481
255 257 13 0.999707 0.0242199 5.65983e-05 0.445103 -0.0242182 0.9996 0.0145966 0.159434 0.000296953 -0.0145937 0.999893 0.881172
255 258 0 1 0 0 0 0 1 0 0 0 0 1 0
255 259 37 0.998512 0.0533194 -0.0114426 0.983895 -0.0533233 0.998577 -3.41005e-05 -0.109352 0.0114245 0.000644208 0.999935 0.141393
255 260 84 0.998068 0.0555558 -0.0278098 0.895091 -0.0553619 0.998437 0.00769608 -0.412499 0.0281939 -0.00614161 0.999584 -0.169281
255 261 152 0.998012 0.0609652 -0.0160083 0.848565 -0.0611645 0.998052 -0.0122693 -0.116023 0.0152291 0.013224 0.999797 -0.516214
255 262 75 0.996846 0.0701784 -0.0370438 0.812273 -0.0696067 0.997438 0.0165034 -0.370705 0.0381071 -0.0138729 0.999177 -0.450322
255 263 42 0.997664 0.066948 -0.0135812 0.443232 -0.0669588 0.997756 -0.000340433 0.0272515 0.013528 0.00124902 0.999908 -0.895993
255 264 67 0.997471 0.0653321 -0.0280033 0.879418 -0.0653455 0.997863 0.00043897 0.032882 0.0279721 0.00139203 0.999608 -0.474914
255 265 143 0.99517 0.0710518 -0.0677373 0.967859 -0.0707052 0.997469 0.00750306 -0.033626 0.068099 -0.00267744 0.997675 -0.249237
255 266 50 0.997729 0.0627887 -0.0243658 0.812875 -0.0627754 0.998027 0.00131015 -0.159253 0.0243999 0.000222398 0.999702 0.560244
255 267 17 0.997221 0.071126 -0.0221515 0.885025 -0.0713084 0.997426 -0.00755706 0.112678 0.021557 0.00911566 0.999726 0.451703
255 268 72 0.996786 0.0630875 -0.0493774 0.955229 -0.0639051 0.997841 -0.0151585 0.0203369 0.0483145 0.0182652 0.998665 -0.295169
255 269 71 0.997144 0.0553603 -0.0513681 0.964669 -0.0566348 0.998114 -0.0236971 0.0254773 0.0499594 0.0265387 0.998399 -0.26223
270 271 14 0.999987 0.00451818 0.00226825 0.782625 -0.00451357 0.999988 -0.002031 -0.297673 -0.0022774 0.00202074 0.999995 0.546708
270 272 61 0.999951 0.00938326 0.00321738 -0.748019 -0.0093791 0.999955 -0.00130553 0.248345 -0.00322949 0.00127529 0.999994 -0.615461
270 273 26 0.999492 0.0113 -0.0297984 0.923456 -0.0111865 0.99993 0.00397084 -0.176251 0.0298412 -0.00363549 0.999548 -0.34083
270 274 24 0.9996 0.00816432 -0.0270622 0.287695 -0.00821261 0.999965 -0.00167368 0.256568 0.0270475 0.00189526 0.999632 -0.922716
270 275 137 0.998327 0.0147376 -0.0559163 0.946317 -0.0150446 0.999874 -0.00507238 0.279412 0.0558345 0.00590513 0.998423 -0.162519
270 276 16 0.999114 0.0119567 -0.0403584 0.0702005 -0.012059 0.999925 -0.00229249 -0.301868 0.0403279 0.00277714 0.999183 0.950762
270 277 94 0.998105 0.0147543 -0.0597373 0.875278 -0.0151754 0.999863 -0.00660327 0.173631 0.0596317 0.00749729 0.998192 -0.451377
270 278 68 0.997748 0.022239 -0.0632746 0.662008 -0.0220233 0.999749 0.00410458 0.0426322 0.06335 -0.00270183 0.997988 -0.748283
270 279 73 0.996946 0.029228 -0.0724187 0.678049 -0.0287248 0.999556 0.00797939 0.192267 0.0726197 -0.00587481 0.997342 -0.709425
270 280 31 0.997127 0.0209791 -0.0727911 0.630576 -0.0205861 0.999769 0.00614429 -0.0382652 0.0729032 -0.00462815 0.997328 -0.775183
270 281 91 0.99525 0.0291262 -0.0928952 0.740445 -0.0286469 0.999569 0.0064887 0.188328 0.0930441 -0.00379672 0.995655 -0.645193
270 282 21 0.996491 0.0244403 -0.080047 0.541666 -0.0238401 0.99968 0.00844566 -0.212834 0.0802278 -0.0065077 0.996755 0.813203
270 283 40 0.994693 0.0296648 -0.0985178 0.842468 -0.0294673 0.99956 0.00345941 0.129198 0.098577 -0.000538001 0.995129 -0.523026
270 284 83 0.991219 0.0316602 -0.128382 0.904645 -0.0315988 0.999497 0.00251573 0.102705 0.128397 0.00156307 0.991722 -0.413604
285 286 100 0.999226 0.0012933 -0.0393271 0.926733 -0.000848176 0.999935 0.011333 -0.326171 0.0393393 -0.0112908 0.999162 -0.186491
285 287 0 1 0 0 0 0 1 0 0 0 0 1 0
285 288 66 0.999506 0.00464318 -0.0310958 0.800435 -0.00460818 0.999989 0.00119698 0.377817 0.031101 -0.0010531 0.999516 -0.465357
285 289 87 0.998931 0.00493756 -0.0459561 0.970543 -0.00406257 0.999809 0.0191136 0.0663378 0.0460417 -0.0189065 0.998761 -0.231616
285 290 25 0.999256 0.000121246 -0.0385604 0.0895893 0.000850822 0.999682 0.0251916 0.245907 0.0385512 -0.0252057 0.998939 -0.965144
285 291 59 0.995748 0.0152751 -0.09084 0.966735 -0.0129111 0.999564 0.0265554 0.203917 0.0912061 -0.0252696 0.995511 -0.154406
285 292 70 0.997201 0.0213432 -0.0716631 0.88412 -0.0183215 0.998926 0.0425611 0.129629 0.0724945 -0.041129 0.99652 -0.448919
285 293 37 0.99788 0.0219168 -0.0612723 0.47878 -0.0191651 0.998797 0.0451424 0.216714 0.0621879 -0.0438724 0.9971 -0.850767
285 294 113 0.995488 0.0269018 -0.0909974 0.952079 -0.0226293 0.998607 0.0476619 0.14037 0.0921528 -0.0453876 0.99471 -0.271739
285 295 91 0.994137 0.0353095 -0.102196 0.955827 -0.0311622 0.998636 0.0418975 0.226489 0.103536 -0.0384672 0.993882 -0.187342
285 296 62 0.994993 0.0297738 -0.0954037 0.529939 -0.0247234 0.998252 0.053689 -0.171439 0.0968354 -0.0510615 0.99399 -0.830526
285 297 76 0.99064 0.0544203 -0.125183 0.962275 -0.0476671 0.997274 0.056326 0.0545924 0.127907 -0.0498317 0.990534 -0.266546
285 298 82 0.989859 0.0591129 -0.12917 0.965043 -0.0523399 0.997102 0.0552175 0.0756025 0.132059 -0.0478968 0.990084 -0.25095
285 299 71 0.988102 0.0687217 -0.137595 0.965863 -0.0622329 0.996762 0.0509228 0.109868 0.140649 -0.041754 0.989179 -0.234601
300 301 12 0.999993 -0.00353601 -0.000809151 -0.943427 0.00354102 0.999974 0.00627196 -0.193568 0.000786952 -0.00627478 0.99998 0.269214
300 302 12 0.999886 -0.0021654 -0.0149697 0.809633 0.00229933 0.999957 0.00893477 0.137332 0.0149497 -0.00896817 0.999848 -0.570644
300 303 279 0.999292 0.00526028 -0.0372542 0.978178 -0.00490401 0.999941 0.00964822 0.0642479 0.0373028 -0.0094587 0.999259 0.197584
300 304 268 0.998925 0.0173122 -0.0430018 0.999354 -0.0167508 0.99977 0.0133807 -0.0267359 0.0432236 -0.012646 0.998985 0.0240286
300 305 192 0.999001 0.0280071 -0.0348302 0.954151 -0.0278764 0.999602 0.00423295 0.292756 0.0349349 -0.00325778 0.999384 -0.0623752
300 306 25 0.999814 0.00853718 -0.0173188 0.589339 -0.00848973 0.99996 0.00281148 -0.697942 0.0173421 -0.00266392 0.999846 0.406886
300 307 212 0.99979 0.0204444 -0.00103824 -0.594103 -0.020466 0.999364 -0.0291962 0.765303 0.000440685 0.0292113 0.999573 -0.247693
300 308 79 0.999821 0.0163315 -0.00950642 -0.477528 -0.0165086 0.999686 -0.0188584 0.697652 0.00919545 0.019012 0.999777 -0.534087
300 309 192 0.997994 0.0382999 -0.0504161 0.992388 -0.039385 0.99901 -0.0207082 0.0969256 0.0495731 0.0226523 0.998514 -0.0759756
300 310 14 0.999635 0.0233187 -0.0136383 0.870478 -0.0237224 0.999262 -0.0302235 0.010596 0.0129235 0.030536 0.99945 0.492094
300 311 74 1 -0.000624522 -0.000563504 -0.612287 0.000591544 0.998389 -0.056738 0.737356 0.00059803 0.0567377 0.998389 -0.285326
300 312 72 0.999938 0.0109926 -0.0018933 -0.744822 -0.0110601 0.999124 -0.0403513 -0.0831824 0.00144808 0.0403697 0.999184 -0.662058
300 313 169 0.999558 -0.00101101 -0.029719 0.953301 -0.000338867 0.99897 -0.0453812 -0.0616742 0.0297343 0.0453712 0.998528 -0.295657
300 314 51 0.999799 -0.0197166 -0.00352475 -0.926727 0.0194721 0.998039 -0.059486 0.353999 0.00469069 0.0594054 0.998223 -0.125945
315 316 0 1 0 0 0 0 1 0 0 0 0 1 0
315 317 24 0.999993 -0.00346765 -0.00148067 0.791301 0.00347077 0.999992 0.00210722 0.0739721 0.00147335 -0.00211235 0.999997 -0.606936
315 318 250 0.99997 -0.00281543 -0.00727034 0.815377 0.0028283 0.999994 0.00175999 0.295466 0.00726534 -0.0017805 0.999972 -0.497855
315 319 20 0.999865 -0.00472865 0.0157246 0.550766 0.00453095 0.999911 0.0125846 0.0761716 -0.0157827 -0.0125117 0.999797 0.831176
315 320 20 0.999957 0.000400536 0.00922604 0.813368 -0.000525052 0.999909 0.0134977 0.137388 -0.00921979 -0.013502 0.999866 -0.565294
315 321 20 0.999726 0.00414891 0.0230156 0.310889 -0.00446875 0.999894 0.0138631 0.101695 -0.0229557 -0.0139621 0.999639 -0.94499
315 322 21 0.999792 0.00863683 0.0184595 0.988571 -0.00882398 0.99991 0.0100811 0.0669819 -0.0183708 -0.0102419 0.999779 -0.135055
315 323 15 0.999433 0.00597902 0.0331253 0.433955 -0.00631806 0.999929 0.0101399 -0.231673 -0.0330624 -0.0103434 0.9994 0.870638
315 324 25 0.999578 0.00978746 0.0273415 0.224224 -0.0101228 0.999875 0.0121549 0.272444 -0.0272191 -0.0124265 0.999552 -0.93568
315 325 23 0.999688 0.0105999 0.0226218 -0.509907 -0.0109481 0.999823 0.0153223 -0.214261 -0.0224554 -0.0155651 0.999627 0.833119
315 326 31 0.999739 0.0094298 0.0208325 0.398442 -0.00982575 0.999771 0.0189869 0.110001 -0.0206487 -0.0191866 0.999603 -0.910573
315 327 39 0.999816 0.00907991 0.0168943 0.0780128 -0.00941595 0.999757 0.019919 0.246542 -0.0167094 -0.0200744 0.999659 -0.965987
315 328 29 0.999822 0.0114619 0.0149983 0.47902 -0.0118409 0.999607 0.0254289 -0.171195 -0.0147009 -0.025602 0.999564 0.860948
315 329 24 0.999772 0.0210363 0.00375551 -0.479192 -0.0211414 0.999309 0.0305619 -0.271505 -0.00311001 -0.0306344 0.999526 0.834662
330 331 0 1 0 0 0 0 1 0 0 0 0 1 0
330 332 0 1 0 0 0 0 1 0 0 0 0 1 0
330 333 17 0.999892 0.000286827 -0.0146831 0.221738 -0.000289837 1 -0.000202862 0.134011 0.014683 0.000207095 0.999892 -0.965854
330 334 12 0.999775 -0.00138646 -0.0211687 0.497928 0.00139063 0.999999 0.000182345 0.19439 0.0211684 -0.000211742 0.999776 -0.845151
330 335 24 0.999671 -0.00246482 -0.025532 0.266649 0.00246323 0.999997 -9.39119e-05 0.135861 0.0255321 3.09899e-05 0.999674 -0.95417
330 336 23 0.999579 0.00461532 -0.028634 0.992307 -0.00476888 0.999975 -0.00529685 0.0658165 0.0286089 0.00543117 0.999576 -0.104858
330 337 26 0.99943 0.0124314 -0.0313946 0.733759 -0.0126674 0.999893 -0.00732957 0.0732334 0.0313002 0.00772308 0.99948 -0.675451
330 338 29 0.999749 0.0159316 -0.0157279 -0.960001 -0.0160556 0.999841 -0.0077904 -0.117315 0.0156013 0.00804097 0.999846 -0.254234
330 339 135 0.997154 0.0229215 -0.0718216 0.995153 -0.0244614 0.999488 -0.0206337 0.0859846 0.0713118 0.0223319 0.997204 0.0477198
330 340 202 0.997391 0.0243336 -0.0679708 0.923968 -0.0263533 0.999233 -0.0289774 0.291705 0.0672135 0.0306931 0.997266 -0.247368
330 341 81 0.998293 0.0220093 -0.0541013 0.486543 -0.0230881 0.999545 -0.0193977 0.223821 0.0536498 0.0206137 0.998347 -0.8445
330 342 161 0.996652 0.0244836 -0.0780128 0.82904 -0.0255141 0.9996 -0.0122403 0.0738172 0.0776819 0.0141897 0.996877 -0.554296
330 343 85 0.997751 0.0244373 -0.0624202 0.349561 -0.0248154 0.999678 -0.00528866 0.161695 0.0622709 0.00682574 0.998036 -0.922855
330 344 93 0.997725 0.0287579 -0.0609819 0.192285 -0.0286826 0.999586 0.00211003 0.292355 0.0610174 -0.000356107 0.998137 -0.936779
345 346 10 0.999997 0.00109815 -0.0022198 0.294271 -0.00108179 0.999972 0.00735967 -0.150968 0.00222782 -0.00735724 0.99997 0.943723
345 347 0 1 0 0 0 0 1 0 0 0 0 1 0
345 348 0 1 0 0 0 0 1 0 0 0 0 1 0
345 349 0 1 0 0 0 0 1 0 0 0 0 1 0
