0 1 10 0.999968 0.0029364 -0.00739834 0.763398 -0.00291963 0.999993 0.00227657 0.199674 0.00740497 -0.0022549 0.99997 -0.614291
0 2 0 1 0 0 0 0 1 0 0 0 0 1 0
0 3 17 0.99987 0.0147673 -0.00645287 0.79492 -0.0147429 0.999884 0.00380155 0.261884 0.00650826 -0.00370592 0.999972 0.547283
0 4 10 0.999931 0.0117115 0.00114515 0.787359 -0.0117232 0.999873 0.0107718 -0.173421 -0.00101885 -0.0107845 0.999941 -0.5916
0 5 27 0.999948 0.00946769 -0.00389108 0.226768 -0.00944433 0.999938 0.00597792 0.0722463 0.00394744 -0.00594085 0.999975 -0.971266
0 6 43 0.999653 0.0256566 -0.00592022 -0.158018 -0.0257149 0.999619 -0.00998862 0.0483553 0.00566169 0.0101374 0.999933 0.986252
0 7 27 0.999841 0.01519 -0.00938524 0.949566 -0.0152716 0.999846 -0.00868602 -0.10055 0.00925185 0.00882796 0.999918 -0.297008
0 8 64 0.999955 0.00847114 -0.00432699 -0.259348 -0.00851815 0.999904 -0.0109627 -0.189678 0.0042337 0.0109991 0.999931 0.946975
0 9 24 0.999986 -0.0052514 0.000588862 -0.860933 0.00526007 0.999861 -0.0158295 0.282615 -0.000505653 0.0158324 0.999875 -0.422993
0 10 42 0.999665 -0.0023683 -0.0257714 0.987784 0.0019672 0.999877 -0.0155779 -0.00810975 0.0258052 0.015522 0.999546 0.155619
0 11 217 0.999257 0.00446161 -0.038271 0.979488 -0.0049787 0.999897 -0.0134266 -0.115088 0.0382071 0.0136072 0.999177 0.165405
0 12 34 0.999956 0.00392398 -0.00857274 0.635018 -0.00406288 0.99986 -0.0162453 -0.0839908 0.00850779 0.0162794 0.999831 0.767918
0 13 21 0.999991 -0.00101318 -0.004222 -0.9245 0.000948626 0.999883 -0.0152644 -0.00302085 0.00423697 0.0152602 0.999875 -0.381171
0 14 40 0.999678 0.00475568 -0.02491 0.988449 -0.00518767 0.999837 -0.0173064 -0.0468329 0.0248236 0.0174301 0.99954 -0.144139
15 16 0 1 0 0 0 0 1 0 0 0 0 1 0
15 17 22 0.999949 -0.00927807 -0.00387506 0.539343 0.00927058 0.999955 -0.00194672 -0.0215538 0.00389295 0.0019107 0.999991 -0.841811
15 18 53 0.999876 -0.0140219 -0.0072064 0.35213 0.0140036 0.999899 -0.00257826 -0.0736545 0.00724182 0.00247703 0.999971 -0.933049
15 19 233 0.999771 -0.0082066 -0.019786 0.91551 0.00822407 0.999966 0.000801726 0.0799217 0.0197788 -0.000964263 0.999804 -0.394276
15 20 0 1 0 0 0 0 1 0 0 0 0 1 0
15 21 57 0.99989 -0.0106986 -0.0102653 0.752264 0.010585 0.999883 -0.0110587 0.13873 0.0103824 0.0109488 0.999886 -0.64409
15 22 145 0.999904 -0.0116532 0.00745433 -0.68121 0.0116895 0.99992 -0.00484386 -0.0208016 -0.00739729 0.00493053 0.99996 -0.731792
15 23 22 0.999911 -0.00768822 -0.0109206 0.718637 0.00753288 0.999871 -0.0141944 0.234382 0.0110283 0.0141108 0.99984 -0.654695
15 24 25 0.999875 0.0137209 -0.00788417 0.374032 -0.0139163 0.999583 -0.025292 0.409655 0.00753386 0.0253986 0.999649 0.832036
15 25 100 0.999195 0.00132431 -0.0400904 0.930021 -0.00272954 0.999383 -0.035017 0.12721 0.0400193 0.0350983 0.998582 -0.344787
15 26 237 0.998178 0.00621086 -0.0600197 0.930424 -0.00838842 0.999313 -0.0360972 0.11684 0.0597542 0.0365349 0.997544 -0.34736
15 27 224 0.998589 0.0136421 -0.0513172 0.891822 -0.0151782 0.999445 -0.0296637 0.0430281 0.0508841 0.0304008 0.998242 -0.450336
15 28 192 0.998786 0.0175953 -0.0460201 0.890213 -0.0190931 0.999295 -0.0323114 0.228131 0.0454191 0.0331508 0.998418 -0.394306
15 29 96 0.998018 0.0229042 -0.0586076 0.85213 -0.0244061 0.999388 -0.0250402 0.086836 0.0579982 0.0264209 0.997967 -0.516075
30 31 13 0.999834 0.0162704 0.00819159 -0.240022 -0.0163018 0.99986 0.00378335 0.0290239 -0.00812889 -0.00391626 0.999959 0.970334
30 32 14 0.999818 0.0136825 0.0132928 -0.835442 -0.0137449 0.999895 0.0046128 -0.152869 -0.0132283 -0.00479467 0.999901 0.527889
30 33 20 0.99994 0.0108456 0.00181303 -0.936814 -0.0108512 0.999936 0.00310104 -0.249139 -0.00177928 -0.00312053 0.999994 0.245579
30 34 11 0.999954 0.006032 -0.00746205 -0.789626 -0.00601446 0.999979 0.00237105 -0.0843955 0.00747619 -0.00232606 0.999969 0.607756
30 35 0 1 0 0 0 0 1 0 0 0 0 1 0
30 36 22 0.999925 0.00291499 -0.0119111 0.835847 -0.00290847 0.999996 0.000564521 0.119663 0.0119127 -0.000529835 0.999929 -0.535762
30 37 40 0.999682 0.00233596 -0.0250918 0.803891 -0.00229767 0.999996 0.00155464 0.0836412 0.0250953 -0.00149649 0.999684 -0.588866
30 38 31 0.999664 0.0111861 -0.0233971 0.893708 -0.0110103 0.99991 0.00762814 0.102618 0.0234804 -0.00736796 0.999697 -0.436756
30 39 22 0.999636 0.0189525 -0.0191766 0.79217 -0.0187629 0.999774 0.0100158 0.159004 0.0193621 -0.00965231 0.999766 -0.589223
30 40 26 0.999602 0.0151739 -0.0237621 0.412327 -0.0148638 0.999803 0.0131719 0.0258876 0.0239573 -0.0128135 0.999631 -0.910668
30 41 62 0.998409 0.00994816 -0.0555079 0.960025 -0.00896514 0.999799 0.0179306 0.116616 0.0556752 -0.0174044 0.998297 -0.254465
30 42 31 0.999012 0.00177513 -0.0444057 0.96353 -0.000965009 0.999833 0.0182584 0.12893 0.0444306 -0.0181976 0.998847 -0.234494
30 43 24 0.99951 0.00368136 -0.0310764 -0.448759 -0.00319032 0.99987 0.015836 -0.268255 0.0311306 -0.0157291 0.999392 0.85244
30 44 0 1 0 0 0 0 1 0 0 0 0 1 0
45 46 11 0.999951 0.00504767 -0.00854019 0.986296 -0.00504134 0.999987 0.000762475 0.0722311 0.00854393 -0.000719384 0.999963 0.148335
45 47 106 0.999694 0.00469755 0.0242861 -0.822781 -0.00469706 0.999989 -7.70612e-05 -0.0659449 -0.0242862 -3.70357e-05 0.999705 0.56452
45 48 15 0.999904 0.00660202 -0.0121806 0.955501 -0.00669094 0.999951 -0.00727424 0.0622459 0.012132 0.00735504 0.999899 0.288347
45 49 41 0.999867 0.0101772 -0.0127061 0.701862 -0.0101049 0.999932 0.00574157 -0.0394904 0.0127636 -0.00561241 0.999903 -0.711217
45 50 15 0.999887 0.01061 -0.0106883 0.864848 -0.0104599 0.999847 0.01401 0.104158 0.0108353 -0.0138966 0.999845 -0.491109
45 51 18 -0.615384 -0.0108277 -0.788153 -0.445504 0.0039588 -0.999935 0.0106462 0.00665211 -0.788218 0.00343136 0.615387 0.895255
45 52 37 0.999437 0.0173378 -0.0287413 0.969872 -0.0177768 0.999728 -0.0150898 -0.104796 0.0284718 0.0155922 0.999473 0.219923
45 53 75 0.99682 0.0427834 -0.0672228 0.987618 -0.043951 0.998906 -0.0159865 0.0434434 0.0664653 0.0188901 0.99761 -0.150744
45 54 51 0.997808 0.053633 -0.0387774 0.990313 -0.0538426 0.99854 -0.00438006 0.0550708 0.0384858 0.00645833 0.999238 -0.127463
45 55 86 0.997022 0.062088 -0.045741 0.988736 -0.0620008 0.998071 0.00332341 0.0789776 0.0458591 -0.000477535 0.998948 -0.127133
45 56 42 0.997649 0.0556032 -0.0400503 0.999412 -0.0550811 0.998383 0.0140253 0.0237797 0.0407654 -0.0117863 0.999099 -0.0246831
45 57 64 0.996814 0.0484339 -0.063369 0.998006 -0.0476266 0.998764 0.0141894 0.00237995 0.0639779 -0.0111262 0.997889 0.0630774
45 58 86 0.996149 0.0510303 -0.0712908 0.995685 -0.0504464 0.998677 0.00996737 -0.00603011 0.0717051 -0.00633262 0.997406 0.0926034
45 59 62 0.996459 0.0495013 -0.0679594 0.998774 -0.0491983 0.99877 0.00612644 0.0132152 0.0681791 -0.00276126 0.997669 -0.0477026
60 61 0 1 0 0 0 0 1 0 0 0 0 1 0
60 62 30 0.999991 0.00043789 0.00425438 -0.42213 -0.000450354 0.999996 0.0029292 -0.189286 -0.00425308 -0.00293108 0.999987 0.886553
60 63 20 0.999972 -0.00569425 -0.00492256 0.919736 0.00568235 0.999981 -0.00242872 0.0970644 0.00493629 0.00240068 0.999985 -0.380348
60 64 24 0.999973 -0.00614217 -0.00400955 0.468403 0.00613478 0.999979 -0.00185328 -0.109438 0.00402085 0.00182863 0.99999 0.876711
60 65 31 0.999917 -0.00992088 -0.0081733 0.996264 0.00987991 0.999939 -0.00503754 0.0506365 0.00822278 0.00495638 0.999954 0.0699545
60 66 18 0.999907 -0.0135233 0.00190657 0.999824 0.0135412 0.999861 -0.00971938 -0.0116831 -0.00177487 0.00974429 0.999951 0.0146958
60 67 38 0.999852 -0.0146173 -0.00902909 0.670139 0.014508 0.999822 -0.0120528 0.185621 0.00920367 0.01192 0.999887 -0.718651
60 68 27 0.999912 -0.0109173 -0.00751818 0.266576 0.0108285 0.999872 -0.0117625 -0.105815 0.00764564 0.01168 0.999903 0.957988
60 69 43 0.999838 -0.00867924 -0.0157643 0.889752 0.0084498 0.999858 -0.0145634 0.0216286 0.0158885 0.0144278 0.99977 -0.455932
60 70 12 0.999891 -0.0100489 -0.0108053 0.293678 0.00996146 0.999917 -0.0081177 0.113466 0.010886 0.00800918 0.999909 0.949146
60 71 111 0.999307 -0.0116261 -0.0353607 0.963734 0.0113607 0.999906 -0.00769679 0.0375769 0.0354468 0.00728973 0.999345 -0.264205
60 72 160 0.999135 -0.00529347 -0.0412501 0.981659 0.00483718 0.999926 -0.0111535 0.10564 0.0413061 0.0109444 0.999087 -0.158698
60 73 42 0.999489 -0.00578709 -0.0314309 0.797795 0.00548559 0.999938 -0.00967021 0.082947 0.0314849 0.00949285 0.999459 -0.597195
60 74 105 0.99884 5.83895e-05 -0.0481572 0.949634 -0.000506938 0.999957 -0.0093021 0.0393657 0.0481545 0.00931572 0.998796 -0.310878
75 76 0 1 0 0 0 0 1 0 0 0 0 1 0
75 77 36 0.999996 0.00248709 -0.00165419 0.570043 -0.0024877 0.999997 -0.000362538 0.294946 0.00165329 0.000366652 0.999999 -0.766849
75 78 10 0.99998 0.00285198 -0.00565718 0.768457 -0.00285719 0.999996 -0.000912689 0.0526297 0.00565456 0.000928835 0.999984 -0.637733
75 79 33 0.999807 0.0109226 -0.0163236 0.973642 -0.0109915 0.999931 -0.00413166 0.0116938 0.0162773 0.00431028 0.999858 -0.227784
75 80 29 0.999797 0.0171946 -0.0104697 0.480764 -0.0172974 0.999802 -0.00980445 0.221505 0.010299 0.00998356 0.999897 -0.848411
75 81 104 0.999221 0.0229546 -0.0321052 0.93031 -0.0233961 0.999636 -0.0134446 0.0360841 0.0317849 0.0141852 0.999394 -0.364995
75 82 39 0.999317 0.0214404 -0.0300958 0.726103 -0.0218343 0.999679 -0.0128224 0.131293 0.0298112 0.0134708 0.999465 -0.674934
75 83 119 0.998883 0.0253127 -0.0399039 0.944873 -0.0258163 0.999593 -0.0121547 0.121389 0.03958 0.0131713 0.99913 -0.304104
75 84 43 0.999275 0.0254452 -0.0283082 0.498153 -0.0257855 0.999599 -0.0117199 0.265949 0.0279986 0.0124413 0.999531 -0.825297
75 85 24 0.999086 0.0319579 -0.0283873 0.111377 -0.0315398 0.999389 0.0150553 -0.640136 0.0288511 -0.0141462 0.999484 -0.760145
75 86 40 0.998788 0.0402456 -0.0283217 0.531612 -0.0396502 0.998987 0.0212798 0.224437 0.0291494 -0.0201311 0.999372 -0.816711
75 87 148 0.998309 0.0449217 -0.0368906 0.881976 -0.043891 0.998636 0.0282896 0.202078 0.0381111 -0.0266226 0.998919 -0.425773
75 88 136 0.998153 0.0473892 -0.0380037 0.89423 -0.046294 0.998501 0.0291971 0.201889 0.0393304 -0.0273838 0.998851 -0.399492
75 89 42 0.998588 0.0427064 -0.0316019 0.911243 -0.0417522 0.99867 0.030264 0.161464 0.0328523 -0.0289018 0.999042 -0.3789
90 91 11 0.999991 0.00338907 -0.0024446 0.234317 -0.00338896 0.999994 4.80797e-05 -0.420504 0.00244475 -3.97946e-05 0.999997 -0.876511
90 92 27 0.999998 0.00149404 -0.00131108 -0.549945 -0.00149771 0.999995 -0.00279933 0.345165 0.00130689 0.00280129 0.999995 -0.76054
90 93 81 0.998181 -0.00982137 -0.0594874 0.832055 0.00852512 0.999722 -0.0220049 0.514207 0.059687 0.0214578 0.997986 -0.208027
90 94 22 0.999935 0.000593274 -0.0113638 0.210041 -0.000546813 0.999991 0.00409122 0.0757647 0.0113661 -0.00408474 0.999927 0.974752
90 95 27 0.999839 0.00217153 -0.017838 0.399272 -0.00202247 0.999963 0.00837005 -0.091968 0.0178555 -0.00833262 0.999806 -0.912208
90 96 19 0.99954 -0.0137476 -0.0270198 0.354756 0.0136724 0.999902 -0.00296575 -0.239839 0.0270579 0.00259496 0.99963 0.903673
90 97 87 0.998666 -0.00535294 -0.0513496 0.902426 0.00525087 0.999984 -0.00212236 -0.0119023 0.0513602 0.0018499 0.998678 -0.430681
90 98 21 0.999296 -0.0113395 -0.0357676 0.821718 0.0110187 0.999897 -0.00915491 0.0998319 0.0358677 0.00875435 0.999318 -0.561082
90 99 26 0.999194 -0.0265863 -0.0300904 0.457232 0.0260763 0.999512 -0.017218 0.250805 0.0305335 0.0164195 0.999399 -0.85325
90 100 67 0.997706 -0.0139492 -0.0662415 0.746197 0.0136915 0.999897 -0.00434399 -0.00253177 0.0662953 0.00342708 0.997794 -0.665721
90 101 64 0.997578 -0.00637577 -0.069258 0.945396 0.00599411 0.999966 -0.00571723 0.085439 0.0692921 0.00528824 0.997582 -0.314527
90 102 73 0.994107 0.000975642 -0.108396 0.951361 -0.00140567 0.999991 -0.00389089 0.012179 0.108392 0.00402034 0.9941 -0.307837
90 103 26 0.999833 0.00708255 -0.0168309 -0.168681 -0.00730009 0.99989 -0.0128988 -0.0589425 0.0167377 0.0130195 0.999775 0.983907
90 104 59 0.996806 0.00715541 -0.0795414 0.959658 -0.00799563 0.999916 -0.0102499 0.0421791 0.0794614 0.0108531 0.996779 -0.277988
105 106 34 0.999925 0.0116991 0.00354908 0.271823 -0.011689 0.999928 -0.00285309 -0.231977 -0.0035822 0.0028114 0.99999 0.933969
105 107 0 1 0 0 0 0 1 0 0 0 0 1 0
105 108 41 0.999434 0.0278985 -0.0187948 0.942326 -0.0279452 0.999607 -0.00222827 -0.305391 0.0187253 0.00275224 0.999821 0.136961
105 109 74 0.997937 0.0496854 -0.0406688 0.973702 -0.0499665 0.998733 -0.00592622 -0.172799 0.0403229 0.00794607 0.999155 -0.148474
105 110 35 0.998569 0.0508049 -0.0167222 0.950707 -0.0510865 0.998552 -0.0168658 -0.0907792 0.0158411 0.0176959 0.999718 -0.296507
105 111 32 0.998282 0.0536618 -0.0235317 0.813502 -0.0540592 0.9984 -0.0165891 0.0654004 0.0226039 0.0178327 0.999585 -0.577873
105 112 39 0.997698 0.0616118 -0.0283464 0.560829 -0.0617494 0.998084 -0.00400505 -0.156783 0.0280453 0.0057462 0.99959 -0.812951
105 113 65 0.99658 0.0653995 -0.0505118 0.961877 -0.0657379 0.997824 -0.00506432 -0.00702794 0.0500707 0.00836754 0.998711 -0.273394
105 114 36 0.998703 0.049793 -0.010599 0.990188 -0.0498548 0.99874 -0.00565504 0.00412067 0.0103041 0.00617612 0.999928 -0.139679
105 115 26 0.998265 0.0524994 -0.0266514 0.342336 -0.0526626 0.998597 -0.00546062 -0.265334 0.0263274 0.00685468 0.99963 0.901335
105 116 16 0.255675 -0.497696 0.828812 -0.466173 -0.667809 0.528977 0.523655 -0.273859 -0.699044 -0.687373 -0.197119 0.841239
105 117 12 0.990128 0.140166 9.19849e-05 -0.473483 -0.139923 0.988448 -0.0582346 -0.29114 -0.00825346 0.0576469 0.998303 0.831295
105 118 14 0.998206 0.0571218 0.0179223 -0.436861 -0.0555104 0.995227 -0.0802583 -0.155563 -0.0224213 0.0791195 0.996613 0.885975
105 119 25 0.994067 0.0827659 -0.0705696 0.918266 -0.0876483 0.993748 -0.0691501 0.0233655 0.0644052 0.0749251 0.995107 -0.395275
120 121 0 1 0 0 0 0 1 0 0 0 0 1 0
120 122 33 0.999471 0.0264247 0.0189795 0.385227 -0.0266263 0.999591 0.01045 0.0190282 -0.0186956 -0.0109498 0.999765 0.922626
120 123 69 0.997875 0.00173039 0.0651317 -0.960053 -0.0032023 0.999742 0.0225014 -0.1461 -0.065076 -0.0226621 0.997623 0.238647
120 124 43 0.997375 0.00789297 0.0719743 -0.973698 -0.00920377 0.999797 0.0178986 0.165225 -0.0718185 -0.0185141 0.997246 0.156886
120 125 22 0.999842 0.00620115 0.016684 0.461058 -0.00689386 0.999103 0.0417878 -0.23068 -0.0164099 -0.0418962 0.998987 0.856862
120 126 26 0.999916 -0.0128569 0.00174995 -0.430033 0.0127507 0.998613 0.0510796 0.150821 -0.00240424 -0.051053 0.998693 -0.890126
120 127 58 0.994095 -0.0405389 0.100661 -0.840221 0.0386111 0.999033 0.0210268 0.147161 -0.101416 -0.017016 0.994699 0.521892
120 128 42 0.999237 -0.038118 -0.00847996 0.443048 0.0384565 0.998283 0.0441813 -0.24098 0.0067813 -0.0444737 0.998988 0.863503
120 129 68 0.998817 -0.0453998 -0.0174456 0.872917 0.0458841 0.998542 0.0284427 0.158624 0.0161288 -0.0292095 0.999443 0.461361
120 130 39 0.997153 -0.0707895 0.0259636 -0.910129 0.0697965 0.996862 0.0373428 -0.320601 -0.0285256 -0.0354244 0.998965 0.262449
120 131 22 0.998565 -0.0535556 -0.000700819 0.500896 0.0535297 0.997469 0.0468062 -0.166217 -0.00180769 -0.0467765 0.998904 0.849397
120 132 40 0.994288 -0.0621441 0.08677 -0.726375 0.0599204 0.99781 0.028003 0.167158 -0.0883202 -0.0226438 0.995835 0.666661
120 133 16 0.997483 -0.0589101 -0.0394729 0.684245 0.0611468 0.996437 0.0580833 -0.0968713 0.0359106 -0.0603507 0.997531 0.722789
120 134 29 0.997208 -0.0599668 -0.0445028 0.203316 0.06278 0.995924 0.0647678 -0.115688 0.0404375 -0.0673808 0.996908 0.972255
135 136 19 0.999971 0.00524638 -0.00551611 -0.514249 -0.0052958 0.999946 -0.00898232 0.238604 0.00546869 0.00901127 0.999944 -0.823782
135 137 0 1 0 0 0 0 1 0 0 0 0 1 0
135 138 41 0.998395 -0.00329925 -0.0565341 0.554668 -0.000991977 0.997129 -0.0757095 0.805393 0.0566216 0.0756441 0.995526 0.209009
135 139 11 0.999569 0.00783997 -0.0282932 -0.786076 -0.00849303 0.999699 -0.023036 0.231131 0.0281041 0.0232664 0.999334 -0.573291
135 140 0 1 0 0 0 0 1 0 0 0 0 1 0
135 141 15 0.998456 0.0228224 -0.0506406 0.53339 -0.0241826 0.999359 -0.0264105 -0.3008 0.0500054 0.0275944 0.998368 0.790578
135 142 15 0.997655 0.00126982 -0.0684259 0.748758 -0.00400721 0.999196 -0.0398828 0.221179 0.0683203 0.0400635 0.996859 -0.624853
135 143 37 0.997896 0.013085 -0.0634983 0.147124 -0.0161647 0.998705 -0.0482308 0.212594 0.062785 0.0491558 0.996816 0.966001
135 144 16 0.99614 0.0183524 -0.085839 0.924665 -0.0208412 0.999385 -0.0281882 0.217213 0.0852689 0.0298684 0.99591 -0.31275
135 145 47 0.993337 0.020965 -0.113324 0.972968 -0.0243094 0.999306 -0.028211 0.186566 0.112654 0.0307779 0.993157 -0.136113
135 146 21 0.995375 0.042167 -0.0863128 0.333041 -0.0435303 0.998954 -0.0139743 -0.248317 0.0856333 0.0176669 0.99617 0.909628
135 147 39 0.993404 0.052166 -0.102114 0.999806 -0.0532488 0.99855 -0.00790538 -0.0160106 0.101553 0.0132907 0.994741 -0.0114404
135 148 20 0.995629 0.0570943 -0.0739078 -0.623632 -0.0577032 0.998315 -0.00612867 0.180732 0.0734333 0.0103666 0.997246 -0.760538
135 149 43 0.992547 0.0237556 -0.119525 0.985623 -0.0270487 0.999296 -0.0260048 0.154747 0.118823 0.029044 0.992491 -0.0678329
150 151 0 1 0 0 0 0 1 0 0 0 0 1 0
150 152 34 0.999994 0.00321311 -0.00146511 0.298751 -0.00321325 0.999995 -8.91154e-05 -0.255544 0.00146482 9.38226e-05 0.999999 0.919481
150 153 134 0.999444 0.0144444 -0.0300579 0.979967 -0.0147084 0.999855 -0.00858114 0.19915 0.0299296 0.00901847 0.999511 0.00179305
150 154 0 1 0 0 0 0 1 0 0 0 0 1 0
150 155 106 0.999951 -0.000568484 0.00989719 -0.682652 0.000612198 0.99999 -0.00441434 -0.237421 -0.00989458 0.00442018 0.999941 0.691099
150 156 12 0.999871 0.00181047 -0.0159333 0.811788 -0.00198765 0.999936 -0.0111113 0.0151161 0.0159121 0.0111415 0.999811 -0.583756
150 157 30 0.999251 -0.00020255 -0.0387003 0.947725 -0.000217689 0.999941 -0.0108543 -0.113665 0.0387002 0.0108546 0.999192 -0.298156
150 158 131 0.99672 0.00396668 -0.0808284 0.983333 -0.00610794 0.999636 -0.0262615 0.179806 0.0806949 0.026669 0.996382 -0.0269627
150 159 49 0.998858 0.00685501 -0.047284 0.997134 -0.00766018 0.999828 -0.0168683 0.0176473 0.0471602 0.0172112 0.998739 -0.0735733
150 160 114 0.998253 0.0216301 -0.0549773 0.998841 -0.02246 0.999642 -0.0145225 -0.0289573 0.0546435 0.0157319 0.998382 0.0384591
150 161 23 0.998842 0.0093086 -0.0471949 0.966794 -0.0102755 0.999741 -0.0202856 0.0378881 0.0469939 0.0207471 0.99868 -0.252733
150 162 103 0.996996 0.00636591 -0.0771877 0.991231 -0.00819116 0.999694 -0.0233534 0.0668838 0.0770154 0.0239155 0.996743 -0.113961
150 163 108 0.99691 0.000546599 -0.0785567 0.99365 -0.00250041 0.99969 -0.0247752 0.0298363 0.0785188 0.024895 0.996602 -0.108489
150 164 23 0.998613 0.0287137 -0.0441286 0.752677 -0.0293386 0.999477 -0.0135784 -0.0570141 0.0437157 0.0148543 0.998934 0.655917
165 166 0 1 0 0 0 0 1 0 0 0 0 1 0
165 167 26 0.999921 -0.00152279 -0.0124983 0.249801 0.0015307 0.999999 0.000623241 0.0868885 0.0124973 -0.000642322 0.999922 0.964391
165 168 43 0.999599 0.0236121 -0.0156242 0.879724 -0.0235046 0.999699 0.00702778 0.071248 0.0157854 -0.00665772 0.999853 0.470116
165 169 70 0.999722 0.0144424 0.018626 -0.51982 -0.0144211 0.999895 -0.0012784 -0.170525 -0.0186425 0.00100944 0.999826 0.837084
165 170 28 0.999757 0.0211712 -0.00619002 0.984557 -0.0211917 0.99977 -0.0032603 -0.0302294 0.00611957 0.00339068 0.999976 0.172434
165 171 103 0.998893 0.0307123 -0.0356381 0.997546 -0.0309265 0.999507 -0.00547468 -0.0677796 0.0354524 0.00657078 0.99935 0.0175449
165 172 84 0.999144 0.0248372 -0.0330859 0.965331 -0.0253083 0.999583 -0.0138988 0.0929972 0.0327269 0.0147242 0.999356 -0.243901
165 173 74 0.996577 0.0432647 -0.0704434 0.973403 -0.0432449 0.999063 0.00180731 -0.0479685 0.0704556 0.00124519 0.997514 -0.22402
165 174 53 0.999298 0.032384 0.0188192 -0.969124 -0.0324923 0.999457 0.00547958 -0.0210192 -0.0186315 -0.00608721 0.999808 0.245674
165 175 50 0.999564 0.0242043 0.0169307 -0.904577 -0.0243318 0.999677 0.00736686 -0.0962637 -0.0167469 -0.0077756 0.99983 0.4153
165 176 41 0.999372 0.027746 0.0220448 -0.969994 -0.0279693 0.99956 0.00988726 0.0165847 -0.0217608 -0.0104976 0.999708 0.242562
165 177 59 0.998688 0.0376466 -0.0347209 0.996069 -0.0372998 0.999248 0.0105825 -0.0782743 0.0350932 -0.00927355 0.999341 -0.0414808
165 178 33 0.99942 0.0311879 -0.0136498 0.992394 -0.0311481 0.99951 0.00311373 -0.043131 0.0137402 -0.00268676 0.999902 -0.115302
165 179 52 0.997623 0.0206981 -0.065732 0.976475 -0.0213262 0.999733 -0.00886788 0.0593258 0.0655309 0.0102486 0.997798 -0.207309
180 181 10 0.999999 -0.000970137 0.000291621 0.183364 0.000970438 0.999999 -0.00103467 -0.202037 -0.000290617 0.00103495 0.999999 0.96206
180 182 21 0.999928 0.00486913 -0.0109935 0.565649 -0.00482119 0.999979 0.00438249 0.0506151 0.0110146 -0.00432917 0.99993 -0.823092
180 183 89 0.999565 0.006269 -0.0288354 0.991333 -0.0061538 0.999973 0.0040819 0.028489 0.0288602 -0.00390267 0.999576 -0.128245
180 184 112 0.999282 0.0109687 -0.0362662 0.992433 -0.010879 0.999937 0.00267156 0.0309124 0.0362932 -0.0022751 0.999339 -0.118837
180 185 28 0.999891 0.00600592 -0.0135014 0.839736 -0.00597926 0.99998 0.00201399 0.0669154 0.0135133 -0.00193304 0.999907 -0.538857
180 186 29 0.999837 0.00649702 -0.016821 0.8776 -0.00652532 0.999977 -0.00162811 0.174404 0.01681 0.0017376 0.999857 0.446544
180 187 99 0.998954 0.00850031 -0.0449186 0.960418 -0.00873911 0.999949 -0.00512251 -0.0244438 0.0448727 0.0055097 0.998978 -0.277489
180 188 29 0.999565 0.00444321 -0.0291683 0.615847 -0.00466823 0.99996 -0.00765098 0.0730215 0.0291332 0.00778381 0.999545 -0.784475
180 189 82 0.997934 0.0135343 -0.0628028 0.951768 -0.0140494 0.999871 -0.00776663 0.124975 0.0626896 0.00863293 0.997996 -0.280211
180 190 27 0.99936 0.00852844 -0.0347331 0.876037 -0.00881116 0.999929 -0.00799482 0.160493 0.0346625 0.00829574 0.999365 -0.454755
180 191 42 0.998737 0.0177189 -0.0470196 0.881982 -0.0180105 0.999821 -0.00578604 0.139846 0.0469087 0.00662558 0.998877 -0.450056
180 192 87 0.996492 0.0227792 -0.0805329 0.949958 -0.022994 0.999734 -0.00174145 0.0797798 0.0804719 0.00358711 0.99675 -0.302017
180 193 39 0.997938 0.0185543 -0.0614383 0.931114 -0.0188814 0.99981 -0.00474784 0.160785 0.0613386 0.00589809 0.9981 -0.327374
180 194 55 0.997005 0.0194807 -0.0748444 0.894459 -0.020013 0.999779 -0.00636834 0.143901 0.0747038 0.00784712 0.997175 -0.423361
195 196 0 1 0 0 0 0 1 0 0 0 0 1 0
195 197 24 0.999889 0.0057769 -0.0137511 0.832429 -0.00574126 0.99998 0.0026297 0.192791 0.0137661 -0.00255046 0.999902 -0.519513
195 198 15 0.999751 0.0173416 -0.0140766 0.961381 -0.0172192 0.999813 0.00877496 0.107996 0.0142261 -0.00853038 0.999862 -0.253147
195 199 47 0.99933 0.0272135 -0.0244649 0.955857 -0.0269406 0.999572 0.0114168 -0.072092 0.0247651 -0.01075 0.999635 -0.284852
195 200 21 0.999137 0.0354102 -0.0217268 0.998424 -0.0352659 0.999354 0.00698842 -0.0473875 0.0219603 -0.00621617 0.99974 -0.0300495
195 201 25 0.998801 0.0392739 -0.0292397 0.935895 -0.039265 0.999228 0.000880455 -0.340515 0.0292518 0.000268699 0.999572 -0.0902774
195 202 47 0.997432 0.0285948 -0.0656698 0.999021 -0.0301794 0.999274 -0.0232645 0.00143036 0.0649568 0.0251866 0.99757 -0.0442187
195 203 27 0.999709 0.0211061 0.0116904 -0.135453 -0.02082 0.999493 -0.0240724 -0.289925 -0.0121926 0.023822 0.999642 0.947415
195 204 31 0.999399 0.0225682 -0.0263155 0.649818 -0.0234355 0.999176 -0.0331287 0.134426 0.0255462 0.0337255 0.999105 -0.748108
195 205 17 0.998808 0.0264305 -0.0410266 0.851376 -0.0272518 0.999437 -0.0195888 0.239592 0.0404858 0.0206835 0.998966 -0.466642
195 206 25 0.998036 0.0476333 -0.0406756 0.89975 -0.0477855 0.998854 -0.00277643 0.0885731 0.0404967 0.00471468 0.999169 -0.427323
195 207 25 0.997946 0.0472841 -0.0432253 0.981294 -0.0473693 0.998877 -0.000949562 0.038716 0.0431318 0.00299516 0.999065 -0.188583
195 208 55 0.996377 0.050648 -0.0683242 0.992172 -0.0514303 0.998629 -0.00973924 0.107629 0.0677373 0.0132179 0.997616 -0.0633273
195 209 31 0.998334 0.0414437 -0.0401558 0.987758 -0.0419181 0.99906 -0.0110461 0.0827718 0.0396602 0.0127109 0.999132 -0.132221
210 211 0 1 0 0 0 0 1 0 0 0 0 1 0
210 212 41 0.999763 0.0118719 0.0182345 -0.859212 -0.0117624 0.999912 -0.00609732 0.498032 -0.0183053 0.00588139 0.999815 -0.117124
210 213 0 1 0 0 0 0 1 0 0 0 0 1 0
210 214 18 0.999449 -0.021183 -0.0255703 0.655462 0.0212787 0.999768 0.00347599 0.227407 0.0254907 -0.00401818 0.999667 -0.720177
210 215 27 0.998803 -0.0207139 -0.0443109 0.881196 0.0208502 0.999779 0.00261517 0.232381 0.044247 -0.00353594 0.999014 -0.411695
210 216 36 0.997441 -0.0125266 -0.0703947 0.952548 0.012606 0.99992 0.000684412 0.206559 0.0703806 -0.00157006 0.997519 -0.223576
210 217 40 0.997894 -0.0157287 -0.0629331 0.9126 0.016156 0.99985 0.00628745 0.0925837 0.0628248 -0.00729095 0.997998 -0.398234
210 218 31 0.996411 -0.0116539 -0.0838359 0.957347 0.0119193 0.999925 0.00266681 0.186327 0.0837986 -0.00365651 0.996476 -0.220836
210 219 31 0.995083 -0.00621647 -0.0988444 0.977447 0.00650274 0.999976 0.0025743 0.134486 0.098826 -0.0032044 0.9951 -0.162824
210 220 31 0.995767 -0.00626647 -0.0917047 0.954093 0.00684331 0.999959 0.00597711 0.188045 0.0916635 -0.00657937 0.995768 -0.23312
210 221 29 0.985897 -0.0357058 -0.163503 0.943236 0.0313134 0.999078 -0.0293642 0.302125 0.1644 0.0238302 0.986106 -0.137934
210 222 29 0.976525 -0.0398046 -0.211695 0.946124 0.0306561 0.998456 -0.0463247 0.295317 0.213212 0.0387475 0.976237 -0.132804
210 223 34 0.991791 -0.00224208 -0.127848 0.989047 0.00515762 0.999734 0.0224783 -0.0043931 0.127763 -0.0229532 0.991539 -0.147536
210 224 26 0.994948 0.00645385 -0.100184 0.925613 -0.00446151 0.999788 0.0200982 0.0107944 0.100292 -0.0195497 0.994766 -0.378317
225 226 0 1 0 0 0 0 1 0 0 0 0 1 0
225 227 0 1 0 0 0 0 1 0 0 0 0 1 0
225 228 44 0.999546 0.00835292 -0.0289539 0.993917 -0.00827739 0.999962 0.0027275 -0.0853474 0.0289756 -0.0024866 0.999577 0.069603
225 229 25 0.999829 0.0172855 -0.00655297 0.999963 -0.0172816 0.99985 0.00065388 -0.00787534 0.00656329 -0.000540522 0.999978 -0.00351602
225 230 32 0.999505 0.0227233 -0.021767 0.682079 -0.0225527 0.999713 0.00805103 -0.0184671 0.0219437 -0.00755614 0.999731 -0.731045
225 231 0 1 0 0 0 0 1 0 0 0 0 1 0
225 232 11 -0.864048 -0.443216 0.238704 -0.0784973 0.439281 -0.89542 -0.0724947 -0.24205 0.245871 0.0422191 0.968383 0.967083
225 233 29 0.999897 0.0137993 0.00402522 -0.848972 -0.0140423 0.997563 0.0683439 -0.166775 -0.00307231 -0.0683933 0.997654 0.501431
225 234 54 0.992993 0.0394587 -0.111393 0.997932 -0.032187 0.997278 0.0663399 0.0610739 0.113707 -0.0622897 0.99156 0.0200258
225 235 24 0.99804 0.0320334 -0.0537646 0.99136 -0.0283652 0.997305 0.0676573 -0.0174368 0.0557871 -0.0659997 0.996259 -0.130008
225 236 43 0.996924 0.0405073 -0.0670888 0.975015 -0.0357646 0.996874 0.0704441 0.076787 0.0697326 -0.067828 0.995257 0.208447
225 237 36 0.998339 0.0488304 -0.0305796 0.776515 -0.0462068 0.995617 0.0813081 -0.0820411 0.0344159 -0.0797601 0.99622 0.624734
225 238 20 0.998178 0.0279391 -0.0534779 0.92628 -0.0244858 0.997638 0.0641744 -0.0316372 0.0551446 -0.0627481 0.996505 0.375507
225 239 24 0.999763 0.0215462 -0.00299509 0.813879 -0.0213581 0.998377 0.0527932 -0.0688834 0.00412772 -0.0527167 0.998601 0.576936
240 241 0 1 0 0 0 0 1 0 0 0 0 1 0
240 242 0 1 0 0 0 0 1 0 0 0 0 1 0
240 243 30 0.999982 -0.000961659 -0.00596775 0.766788 0.000942972 0.999995 -0.00313337 0.0231887 0.00597073 0.00312769 0.999977 0.641482
240 244 18 1 0.000755473 -0.000463999 0.606479 -0.000758475 0.999979 -0.00650445 0.015332 0.000459075 0.0065048 0.999979 0.794952
240 245 28 0.999973 -0.00433963 -0.0060087 0.977932 0.00425316 0.999888 -0.0143287 -0.141585 0.00607021 0.0143028 0.999879 -0.153631
240 246 41 0.99988 -0.00435061 -0.0148723 0.839797 0.00410663 0.999857 -0.0163959 -0.0416112 0.0149415 0.0163329 0.999755 -0.541304
240 247 106 0.999483 -0.000299569 -0.0321401 0.963234 -0.00010779 0.99992 -0.012672 0.1225 0.0321413 0.0126689 0.999403 -0.23911
240 248 85 0.99958 0.00314793 -0.0287958 0.94635 -0.00336142 0.999967 -0.0073686 0.106603 0.0287717 0.0074623 0.999558 -0.305054
240 249 133 0.999121 0.00764641 -0.0412165 0.949215 -0.00767844 0.99997 -0.000618929 0.03318 0.0412105 0.000934863 0.99915 -0.312873
240 250 102 0.999166 0.00717089 -0.0402033 0.813966 -0.00699244 0.999965 0.00457745 0.125505 0.0402347 -0.00429251 0.999181 -0.567193
240 251 84 0.999076 0.0063427 -0.0425014 0.805144 -0.00577596 0.999893 0.0134442 0.126048 0.0425821 -0.0131863 0.999006 -0.57953
240 252 97 0.999022 0.0131922 -0.0422021 0.969869 -0.0124467 0.999763 0.01788 0.14518 0.0424279 -0.0173373 0.998949 -0.195644
240 253 128 0.998493 0.0253682 -0.0486594 0.982384 -0.0245632 0.999553 0.0170709 0.179503 0.0490707 -0.0158499 0.99867 -0.0519613
240 254 135 0.996693 0.0338114 -0.0738944 0.962998 -0.0322874 0.999243 0.0217228 0.0328949 0.0745729 -0.0192651 0.997029 -0.267492
255 256 20 0.999907 0.0135187 -0.00156855 0.377554 -0.0134991 0.999838 0.0119071 -0.34007 0.00172926 -0.0118848 0.999928 -0.861281
255 257 110 0.999158 0.0274608 -0.0304824 0.945791 -0.0267954 0.999398 0.0220276 -0.157057 0.031069 -0.0211922 0.999293 -0.284275
255 258 18 0.99892 0.0464334 -0.00151195 0.349637 -0.0464175 0.998879 0.00927728 0.18528 0.00194103 -0.00919708 0.999956 -0.918382
255 259 17 0.998832 0.0482982 0.00128268 0.354841 -0.0482985 0.998833 0.00015642 -0.288971 -0.00127363 -0.000218188 0.999999 -0.889148
255 260 23 0.998433 0.0556217 0.00617017 0.196106 -0.055542 0.998379 -0.0124103 -0.141079 -0.00685045 0.0120481 0.999904 -0.970381
255 261 146 0.997823 0.0643019 -0.0146675 0.911065 -0.0644955 0.997832 -0.0131298 -0.0282061 0.0137914 0.0140472 0.999806 -0.411296
255 262 60 0.997547 0.0690052 -0.0118006 0.725099 -0.0690726 0.997597 -0.00540706 -0.0570088 0.0113991 0.00620889 0.999916 -0.686281
255 263 101 0.995383 0.0780134 -0.0559095 0.950205 -0.0783502 0.996918 -0.00385437 0.113175 0.0554366 0.0082171 0.998428 -0.290348
255 264 71 0.997491 0.0637437 -0.0307861 0.919556 -0.0637385 0.997966 0.00114932 0.0213215 0.0307967 0.000815817 0.999525 -0.392379
255 265 137 0.995619 0.0700638 -0.0619159 0.945543 -0.0698973 0.997542 0.00485335 0.0103537 0.0621037 -0.000504338 0.99807 -0.325333
255 266 36 0.997261 0.0728073 -0.0130418 -0.677925 -0.0727397 0.997335 0.00558321 -0.241623 0.0134135 -0.00461926 0.999899 -0.694288
255 267 25 0.996955 0.0763755 -0.0157417 0.859377 -0.076468 0.997058 -0.00535823 0.195304 0.0152862 0.00654565 0.999862 0.472575
255 268 25 0.997774 0.0603297 -0.028408 0.908156 -0.0608103 0.998015 -0.0163687 0.0478123 0.0273641 0.0180597 0.999462 -0.415892
255 269 41 0.997037 0.0680844 -0.0358049 0.831679 -0.0690322 0.997277 -0.0259378 0.291163 0.0339415 0.0283326 0.999022 0.472794
270 271 32 0.999998 -0.000987514 -0.00185899 -0.489917 0.000987811 0.999999 0.000159055 0.0361675 0.00185883 -0.000160891 0.999998 -0.871019
270 272 52 0.999967 0.00809249 -0.000208276 -0.677121 -0.00809236 0.999967 0.000600655 0.156659 0.00021313 -0.00059895 1 -0.719003
270 273 58 0.999944 0.00826069 -0.00659778 -0.773356 -0.00825543 0.999966 0.000824003 0.137764 0.00660436 -0.000769489 0.999978 -0.618823
270 274 44 0.999833 0.00571909 -0.0173398 -0.58982 -0.00570897 0.999984 0.000633419 0.0433624 0.0173431 -0.000534322 0.999849 -0.80637
270 275 38 0.999283 0.00526836 -0.0374991 0.609419 -0.00521887 0.999985 0.00141763 -0.064324 0.037506 -0.00122091 0.999296 -0.790235
270 276 10 0.999423 0.00782104 -0.0330383 -0.968361 -0.00790928 0.999965 -0.00254106 0.13536 0.0330173 0.0028009 0.999451 -0.209653
270 277 132 0.998117 0.0138419 -0.0597591 0.810514 -0.0143474 0.999865 -0.00803827 0.227021 0.0596397 0.00888052 0.99818 -0.539934
270 278 105 0.990849 0.038152 -0.129473 0.805792 -0.0300331 0.997492 0.0640912 -0.511233 0.131594 -0.0596162 0.989509 -0.298898
270 279 134 0.996661 0.0274149 -0.0769081 0.832834 -0.0268462 0.999604 0.00841876 0.117271 0.0771084 -0.00632596 0.997003 -0.540958
270 280 42 0.997016 0.0264916 -0.0725068 0.686276 -0.0260398 0.999635 0.00716828 0.132049 0.0726702 -0.00525883 0.997342 -0.715254
270 281 49 0.995837 0.0287511 -0.0864932 0.776209 -0.0283973 0.999583 0.00531846 0.200684 0.08661 -0.00284015 0.996238 -0.597684
270 282 23 0.996621 0.0281868 -0.0771471 0.746923 -0.0275294 0.999575 0.00957155 0.00233738 0.0773841 -0.0074154 0.996974 0.664907
270 283 73 0.994753 0.0248472 -0.0992407 0.647063 -0.0243503 0.999684 0.00621459 -0.151545 0.0993637 -0.00376544 0.995044 -0.747224
270 284 86 0.9991 0.0220389 -0.0362303 -0.757735 -0.0223025 0.999728 -0.00688647 0.21129 0.0360687 0.0076883 0.99932 -0.617409
285 286 0 1 0 0 0 0 1 0 0 0 0 1 0
285 287 18 0.999797 -0.000241373 -0.0201279 0.782778 0.000238464 1 -0.000146947 -0.0120911 0.020128 0.000142118 0.999797 -0.622184
285 288 26 0.999864 0.00345529 -0.0161296 0.292226 -0.0033444 0.999971 0.00689715 0.276821 0.0161529 -0.00684227 0.999846 -0.915409
285 289 63 0.999906 -0.00176669 -0.0135735 -0.581478 0.00209568 0.999703 0.0242617 -0.0452649 0.0135266 -0.0242879 0.999613 -0.812302
285 290 15 0.999489 0.00156302 -0.0319142 0.610205 -0.000697147 0.999632 0.0271243 -0.0361346 0.0319448 -0.0270882 0.999122 0.791419
285 291 61 0.996444 0.0170669 -0.0825083 0.828438 -0.0143676 0.999345 0.0331998 0.169636 0.0830209 -0.0318963 0.996037 -0.533774
285 292 48 0.997694 0.021287 -0.0644465 0.860029 -0.0187281 0.999022 0.0400529 0.23715 0.0652361 -0.0387536 0.997117 -0.451785
285 293 112 0.996651 0.0254071 -0.0777318 0.925808 -0.0221117 0.998832 0.042965 0.201621 0.0787327 -0.0411023 0.996048 -0.319732
285 294 111 0.994506 0.027248 -0.101072 0.93188 -0.0228868 0.998767 0.044061 0.193541 0.102148 -0.0415057 0.993903 -0.306824
285 295 80 0.994476 0.0337264 -0.0994025 0.949616 -0.0293796 0.998561 0.0448736 0.155041 0.100773 -0.0417053 0.994035 -0.272383
285 296 46 0.995248 0.0343138 -0.0911293 0.393906 -0.0299051 0.998336 0.049312 0.0924697 0.0926698 -0.0463524 0.994617 -0.914488
285 297 75 0.989904 0.0543198 -0.130919 0.951926 -0.047805 0.997481 0.0524033 0.113361 0.133436 -0.0456157 0.990007 -0.284581
285 298 48 0.998517 0.0430007 -0.0333839 -0.618656 -0.0410842 0.997579 0.0561129 0.0915962 0.0357159 -0.0546581 0.997866 -0.780304
285 299 58 0.985746 0.0707598 -0.152634 0.994005 -0.0634859 0.996626 0.0520203 0.0612503 0.1558 -0.0415887 0.986913 -0.0905679
300 301 15 0.99997 -0.00436289 -0.00641443 0.561852 0.00440276 0.999971 0.00621574 -0.267615 0.00638713 -0.00624379 0.99996 0.782754
300 302 22 0.999921 -0.0046752 -0.0117002 0.478647 0.00478249 0.999947 0.00915906 -0.035055 0.0116568 -0.00921429 0.99989 0.877307
300 303 195 0.999366 0.00588056 -0.0351069 0.981933 -0.00562418 0.999957 0.00739697 0.182912 0.0351489 -0.00719483 0.999356 0.0484784
300 304 253 0.998536 0.0189599 -0.0506647 0.97476 -0.0185963 0.999798 0.0076388 0.123386 0.0507993 -0.00668544 0.998687 -0.186061
300 305 26 0.99961 0.025673 -0.0109782 0.52012 -0.0255256 0.999585 0.0133684 0.18269 0.0113169 -0.013083 0.99985 0.834326
300 306 61 0.999481 0.0287657 -0.0144942 0.564764 -0.0287374 0.999585 0.0021578 -0.00597458 0.0145502 -0.00174015 0.999893 0.825231
300 307 69 0.999565 0.0202196 -0.0214811 0.840644 -0.0203076 0.999786 -0.00388621 -0.472142 0.0213979 0.00432075 0.999762 0.265331
300 308 151 0.998817 0.0352881 -0.0334685 0.999893 -0.0356811 0.9993 -0.0112164 -0.0130033 0.0330492 0.0123973 0.999377 -0.00673576
300 309 19 0.999103 0.0412466 -0.00959669 0.885531 -0.0413849 0.999035 -0.0146898 0.426516 0.00898152 0.0150738 0.999846 0.184172
300 310 15 0.999392 0.0328906 -0.0115506 0.787284 -0.0332163 0.99902 -0.0292381 0.277516 0.0105776 0.029604 0.999506 0.550607
300 311 32 0.99975 0.0183271 -0.0128155 0.897646 -0.0187998 0.999109 -0.0377869 0.0418825 0.0121116 0.0380184 0.999204 0.438722
300 312 135 0.999537 6.33368e-05 -0.0304178 0.946322 -0.00119861 0.999303 -0.0373059 -0.286167 0.0303943 0.0373251 0.998841 0.150275
300 313 154 0.999218 0.0181524 -0.0351236 0.847005 -0.0202717 0.997935 -0.0609554 0.530201 0.0339445 0.0616198 0.997522 0.038324
300 314 202 0.998702 -0.0049674 -0.0506972 0.932475 0.00245189 0.998768 -0.0495604 -0.0301605 0.0508809 0.0493718 0.997484 -0.359974
315 316 27 0.999981 -0.00468502 0.00396245 -0.615509 0.0046867 0.999989 -0.000414627 0.0701451 -0.00396047 0.00043319 0.999992 -0.785002
315 317 32 0.999953 -0.00781248 0.00577793 0.338528 0.00780644 0.999969 0.00106825 0.224355 -0.0057861 -0.00102309 0.999983 -0.913818
315 318 56 0.999885 -0.00423505 0.0145543 0.301611 0.00412963 0.999965 0.00726562 -0.0638047 -0.0145846 -0.00720468 0.999868 0.951294
315 319 30 0.999926 -0.00312431 0.0117874 0.354152 0.00299274 0.999933 0.0111634 0.140864 -0.0118215 -0.0111273 0.999868 -0.924518
315 320 231 0.999975 0.00563026 -0.00417173 0.982203 -0.00559212 0.999943 0.00909823 0.187613 0.00422271 -0.00907468 0.99995 -0.00890883
315 321 38 0.999866 0.00639878 0.0150413 0.992362 -0.00658821 0.999899 0.0125786 0.112999 -0.0149593 -0.012676 0.999808 -0.0494767
315 322 238 0.999931 0.0108801 0.00433224 0.989883 -0.0109459 0.999821 0.0154581 -0.140528 -0.00416328 -0.0155045 0.999871 -0.0196025
315 323 27 0.999722 0.0080685 0.0221515 0.991003 -0.00828486 0.999919 0.00969294 -0.00245743 -0.0220715 -0.00987377 0.999708 0.133815
315 324 257 0.999868 0.0142993 0.00776637 0.927209 -0.0143396 0.999884 0.00516106 0.321789 -0.00769167 -0.00527174 0.999957 -0.191665
315 325 86 0.999817 0.0106287 0.0158854 0.663101 -0.0108396 0.999853 0.0132535 0.279723 -0.0157423 -0.0134233 0.999786 -0.694299
315 326 34 0.999742 0.0115274 0.0195713 0.504552 -0.0118787 0.999769 0.0179289 0.272623 -0.0193601 -0.0181568 0.999648 -0.819209
315 327 39 0.999839 0.00971523 0.0150855 0.507219 -0.0100293 0.999732 0.0208829 0.131599 -0.0148786 -0.0210308 0.999668 -0.851711
315 328 210 0.999684 0.0176172 -0.0179301 0.90536 -0.0172903 0.999684 0.018225 0.264716 0.0182455 -0.0179092 0.999673 -0.332037
315 329 262 0.999153 0.0263163 -0.0316406 0.90907 -0.0255872 0.999403 0.0232321 0.238283 0.0322331 -0.0224028 0.999229 -0.341778
330 331 204 0.999831 -0.00517643 0.0176362 -0.996392 0.00518595 0.999986 -0.000493973 -0.02982 -0.0176334 0.00058535 0.999844 0.079465
330 332 0 1 0 0 0 0 1 0 0 0 0 1 0
330 333 154 0.999519 0.00284374 -0.0308962 0.919865 -0.00273741 0.99999 0.00348346 -0.126479 0.0309058 -0.0033972 0.999517 -0.371284
330 334 10 0.999864 -0.00444623 -0.0158681 0.899887 0.00444076 0.99999 -0.00037968 -0.158376 0.0158696 0.000309161 0.999874 0.406349
330 335 15 0.999814 -0.0016241 -0.0192031 0.956397 0.00161403 0.999999 -0.000540191 0.0790597 0.019204 0.000509097 0.999815 -0.281165
330 336 35 0.9997 0.00609963 -0.0237335 0.45799 -0.00620908 0.99997 -0.00454037 0.212006 0.0237051 0.00468637 0.999708 -0.863307
330 337 29 0.999809 0.00861666 -0.0175271 0.50802 -0.00878907 0.999914 -0.00978344 -0.223547 0.0174413 0.00993562 0.999799 0.831831
330 338 17 0.999699 0.0147299 -0.0196035 0.990356 -0.0149108 0.999847 -0.00911724 0.106787 0.0194662 0.0094068 0.999766 0.088274
330 339 27 0.998772 0.0227315 -0.0440117 0.945295 -0.0236554 0.999508 -0.0205869 0.322676 0.0435221 0.0216027 0.998819 -0.0479349
330 340 199 0.997383 0.0207839 -0.0692448 0.975157 -0.0220432 0.999604 -0.0174731 -0.0574367 0.0688542 0.0189538 0.997447 -0.21394
330 341 171 0.996917 0.025236 -0.0742897 0.872026 -0.0264754 0.999525 -0.0157455 0.0687801 0.0738571 0.0176638 0.997112 -0.484602
330 342 143 0.997369 0.0237147 -0.0685 0.769781 -0.0247097 0.999601 -0.0137154 0.142519 0.0681474 0.0153719 0.997557 -0.622195
330 343 76 0.997832 0.0240235 -0.061273 0.323582 -0.0245539 0.999667 -0.0079167 0.24258 0.0610625 0.00940403 0.99809 -0.914576
330 344 91 0.997519 0.0285348 -0.0643586 0.254757 -0.027675 0.999516 0.0142123 -0.22508 0.064733 -0.0123959 0.997826 -0.940446
345 346 26 0.999997 -0.000423497 -0.00244612 0.36071 0.000443677 0.999966 0.00825498 -0.149184 0.00244254 -0.00825604 0.999963 0.920669
345 347 17 0.999972 0.00311871 -0.00683766 -0.442056 -0.00301204 0.999874 0.0155561 -0.0666424 0.00688532 -0.0155351 0.999856 -0.894508
