0 1 0 1 0 0 0 0 1 0 0 0 0 1 0
0 2 0 1 0 0 0 0 1 0 0 0 0 1 0
0 3 0 1 0 0 0 0 1 0 0 0 0 1 0
0 4 0 1 0 0 0 0 1 0 0 0 0 1 0
0 5 171 0.999541 -2.26345e-05 0.0302786 -0.999881 -0.000167018 0.99998 0.00626106 0.0108675 -0.0302781 -0.00626324 0.999522 0.0109435
0 6 151 0.999752 0.0019268 0.0222029 -0.832559 -0.00161146 0.999898 -0.014212 0.457787 -0.022228 0.0141727 0.999652 -0.311892
0 7 24 0.999884 0.0115443 -0.00997405 0.923107 -0.0115946 0.99992 -0.00499813 -0.383268 0.00991555 0.00511319 0.999938 -0.0312848
0 8 125 0.999776 0.0107415 -0.018244 0.86588 -0.0107795 0.99994 -0.00198403 -0.48821 0.0182216 0.00218025 0.999832 -0.1091
0 9 12 0.99997 -0.00220068 -0.00748631 0.990216 0.00208546 0.99988 -0.0153644 -0.128005 0.00751922 0.0153483 0.999854 -0.0555628
0 10 53 0.99998 -0.00594891 -0.00233492 -0.958263 0.00591266 0.999866 -0.0152373 0.0576232 0.00242525 0.0152232 0.999881 -0.280021
0 11 33 0.999776 0.00109605 -0.0211278 0.999172 -0.00141361 0.999886 -0.0150212 -0.0390653 0.0211089 0.0150477 0.999664 -0.0113309
0 12 35 0.999849 0.0042958 -0.0168537 0.983169 -0.00455551 0.999871 -0.0154016 -0.0806167 0.0167853 0.0154761 0.999739 -0.16395
0 13 30 0.999784 0.00427087 -0.0203482 0.95711 -0.00459125 0.999866 -0.0157245 -0.0999673 0.0202783 0.0158145 0.999669 -0.271931
0 14 187 0.999323 0.00723505 -0.0360664 0.9979 -0.0078352 0.999833 -0.0165264 -0.0647417 0.0359408 0.0167978 0.999213 -0.00180476
15 16 17 0.999981 -0.00589928 0.00171581 0.842601 0.0059001 0.999982 -0.000477773 0.206526 -0.00171297 0.000487888 0.999998 -0.497364
15 17 14 0.999919 -0.01269 0.000910279 -0.839577 0.0126905 0.999919 -0.000534652 -0.438947 -0.000903421 0.00054616 0.999999 -0.320056
15 18 38 0.99987 -0.0142119 -0.00759956 0.474217 0.0141998 0.999898 -0.00164397 0.0616527 0.00762215 0.00153584 0.99997 -0.878247
15 19 29 0.999875 -0.0127696 -0.00927002 0.709819 0.0127846 0.999917 0.00155147 0.161421 0.00924944 -0.00166979 0.999956 -0.685639
15 20 222 0.999455 -0.0221812 0.0244481 -0.88705 0.0221569 0.999754 0.0012629 0.168489 -0.0244701 -0.000720519 0.9997 -0.42983
15 21 162 0.999718 -0.0110336 -0.0210191 0.938529 0.0108088 0.999883 -0.0107784 0.0743899 0.0211356 0.0105482 0.999721 -0.337089
15 22 308 0.999265 -0.00553875 -0.0379265 0.979001 0.0052999 0.999966 -0.00639527 -0.00837212 0.0379606 0.00618956 0.99926 -0.203681
15 23 176 0.999024 0.000114489 -0.0441767 0.995675 -0.000537264 0.999954 -0.00955832 -0.0857033 0.0441736 0.00957272 0.998978 -0.0358683
15 24 44 0.999947 0.00583137 -0.00843716 0.825283 -0.00604576 0.999654 -0.0256127 0.196794 0.00828488 0.0256623 0.999636 -0.529321
15 25 118 0.997541 -0.00773916 -0.069655 0.868317 0.004113 0.998636 -0.0520525 0.408684 0.0699628 0.0516381 0.996212 0.281076
15 26 219 0.998789 0.00631644 -0.0487828 0.82298 -0.00785974 0.999473 -0.0315093 0.0452444 0.0485581 0.0318546 0.998312 -0.566266
15 27 218 0.997471 0.0196053 -0.0683154 0.986865 -0.021556 0.999377 -0.0279344 -0.027807 0.0677252 0.0293364 0.997273 -0.159134
15 28 148 0.99869 0.0185897 -0.0476743 0.805578 -0.0197739 0.999505 -0.0244882 -0.000680664 0.0471954 0.0253988 0.998563 -0.59249
15 29 100 0.997465 0.0258607 -0.0662985 0.945036 -0.0278569 0.999181 -0.029364 0.143032 0.0654848 0.0311365 0.997368 -0.294021
30 31 13 0.999917 0.0108411 0.00694292 -0.425053 -0.0108639 0.999936 0.00325656 -0.0125814 -0.00690717 -0.00333171 0.999971 0.905081
30 32 97 0.999574 0.0112796 0.026915 -0.93245 -0.0113677 0.999931 0.00312079 -0.0202124 -0.0268779 -0.00342542 0.999633 0.360734
30 33 12 0.999923 0.0120969 0.00286954 -0.912893 -0.0121067 0.999921 0.00343375 -0.219134 -0.00282777 -0.00346823 0.99999 0.344392
30 34 10 0.999971 0.00648351 -0.00411012 -0.876877 -0.00646981 0.999974 0.00333624 -0.161336 0.00413164 -0.00330955 0.999986 0.452832
30 35 11 0.999949 0.00313087 -0.00956366 0.8912 -0.0030974 0.999989 0.0035128 0.169257 0.00957455 -0.003483 0.999948 -0.420851
30 36 20 0.999955 0.000925961 -0.00942799 0.858334 -0.000905353 0.999997 0.00218987 0.145265 0.00942999 -0.00218123 0.999953 -0.492098
30 37 26 0.999727 0.00423851 -0.0229885 0.810769 -0.00419102 0.999989 0.00211329 0.0972088 0.0229972 -0.00201637 0.999733 -0.577239
30 38 99 0.999034 0.0135528 -0.0418016 0.973833 -0.0134171 0.999904 0.00352677 0.161179 0.0418454 -0.00296251 0.99912 -0.160223
30 39 18 0.999785 0.0176534 -0.0108311 -0.895339 -0.0175325 0.999784 0.0111604 -0.148418 0.0110257 -0.0109681 0.999879 0.419929
30 40 23 0.999524 0.0159797 -0.0263941 0.744293 -0.0156689 0.999806 0.0119402 0.211158 0.0265798 -0.011521 0.99958 -0.633593
30 41 20 0.999357 0.00900264 -0.034698 0.875241 -0.00835152 0.999787 0.0188648 0.160936 0.0348604 -0.0185629 0.99922 -0.456128
30 42 27 0.999557 0.0030178 -0.0296077 0.989582 -0.00244781 0.999811 0.0192686 0.143266 0.0296602 -0.0191876 0.999376 -0.0142452
30 43 16 0.999423 0.00181754 -0.0339279 0.887294 -0.00127383 0.999871 0.0160402 0.174279 0.0339526 -0.0159877 0.999296 -0.427009
30 44 25 0.999912 -0.012571 0.00412701 -0.435673 0.0124033 0.999185 0.0384022 -5.01385e-05 -0.0046064 -0.0383476 0.999254 -0.900105
45 46 11 0.999921 0.00673392 -0.010601 0.96573 -0.00671292 0.999975 0.00201523 -0.0234914 0.0106143 -0.00194391 0.999942 0.258485
45 47 119 0.999567 0.00495123 0.0290123 -0.887358 -0.00457587 0.999905 -0.01299 0.451145 -0.0290738 0.0128516 0.999495 -0.0952012
45 48 0 1 0 0 0 0 1 0 0 0 0 1 0
45 49 26 0.999818 0.00352527 -0.0187591 0.403695 -0.0034578 0.999987 0.00362811 -0.0210046 0.0187716 -0.00356259 0.999817 -0.914653
45 50 114 0.998852 0.017718 -0.0445009 0.973653 -0.0173896 0.999819 0.00775686 0.0578917 0.0446303 -0.0069741 0.998979 0.220565
45 51 33 0.999943 0.00462236 0.00963877 -0.92684 -0.00454873 0.99996 -0.00764654 0.234713 -0.00967374 0.00760226 0.999924 0.293048
45 52 25 0.999196 0.0272667 -0.0294077 0.904269 -0.0278662 0.999408 -0.0201724 0.122023 0.0288402 0.0209757 0.999364 0.409154
45 53 73 0.997304 0.039073 -0.0621132 0.979686 -0.0401233 0.999071 -0.0157531 0.0378233 0.06144 0.0182028 0.997945 -0.196936
45 54 37 0.997678 0.0555986 -0.0393457 0.994996 -0.0557559 0.99844 -0.00291119 0.0420864 0.0391224 0.00509818 0.999221 -0.0906175
45 55 39 0.997649 0.0587795 -0.0352411 0.995267 -0.0585658 0.998259 0.00706658 0.0341976 0.035595 -0.00498604 0.999354 -0.0909581
45 56 29 -0.972571 0.02941 0.230741 0.10353 0.135452 -0.73483 0.664588 0.367284 0.189101 0.677613 0.710691 0.924329
45 57 29 0.997517 0.0505384 -0.0490554 0.970351 -0.049862 0.998645 0.0149169 0.0111135 0.0497428 -0.0124338 0.998685 0.241445
45 58 44 0.997973 0.0470621 -0.0428329 0.994262 -0.0467102 0.998866 0.00918117 0.000506024 0.0432165 -0.00716182 0.99904 0.106967
45 59 53 0.996788 0.0529883 -0.0600566 0.999884 -0.0527055 0.99859 0.00628465 0.0130614 0.060305 -0.00309915 0.998175 0.00777432
60 61 75 0.999936 0.00301895 -0.0109226 0.945859 -0.00299836 0.999994 0.00190115 0.111491 0.0109282 -0.00186828 0.999939 -0.304828
60 62 0 1 0 0 0 0 1 0 0 0 0 1 0
60 63 26 0.999929 -0.00182745 -0.0117559 0.97417 0.00177624 0.999989 -0.00436536 0.0820617 0.0117637 0.00434417 0.999921 0.210379
60 64 20 0.999947 -0.00990046 -0.00283759 0.543575 0.00989977 0.999951 -0.000259678 0.111709 0.00284002 0.000231573 0.999996 0.831894
60 65 19 0.999954 -0.00863758 -0.00413009 0.990893 0.00861597 0.999949 -0.00522144 -0.0502799 0.00417498 0.00518561 0.999978 -0.124914
60 66 11 0.999884 -0.0146203 0.0043019 0.909593 0.0146567 0.999856 -0.00856494 0.131956 -0.00417605 0.00862699 0.999954 -0.39399
60 67 39 0.999753 -0.0134338 -0.0176809 0.989368 0.0132325 0.999847 -0.0114509 0.0777929 0.017832 0.0112141 0.999778 -0.122877
60 68 30 0.999941 -0.00811554 -0.00724906 0.458131 0.00802261 0.999886 -0.0127589 -0.0373681 0.00735178 0.0127 0.999892 0.888099
60 69 30 0.999852 -0.00915171 -0.0145731 0.933215 0.00891652 0.99983 -0.0161232 0.128765 0.0147181 0.0159908 0.999764 -0.335455
60 70 52 0.999598 -0.00848105 -0.027052 0.971132 0.00807735 0.999855 -0.0149978 0.200623 0.0271752 0.0147733 0.999522 -0.129045
60 71 104 0.999276 -0.00990746 -0.0367289 0.989626 0.00959539 0.999916 -0.00866335 0.0550404 0.0368117 0.00830466 0.999288 -0.132704
60 72 165 0.999066 -0.00639663 -0.0427433 0.9708 0.00608323 0.999954 -0.00745801 0.023644 0.042789 0.00719102 0.999058 -0.238722
60 73 74 0.999284 -0.00328696 -0.0376978 0.926178 0.00292158 0.999948 -0.00974351 0.0624126 0.0377279 0.00962639 0.999242 -0.371885
60 74 103 0.998743 0.000378625 -0.050126 0.936828 -0.000776509 0.999968 -0.00791843 0.0181249 0.0501214 0.0079474 0.998712 -0.349322
75 76 11 0.99999 0.00338918 0.00287179 0.281317 -0.00339292 0.999993 0.00129947 0.123273 -0.00286736 -0.0013092 0.999995 -0.951664
75 77 0 1 0 0 0 0 1 0 0 0 0 1 0
75 78 24 0.999967 0.00303272 -0.00753 0.555921 -0.00303914 0.999995 -0.000841436 0.0798019 0.00752741 0.000864293 0.999971 -0.827396
75 79 26 0.999901 0.00792749 -0.0116561 0.769735 -0.00796289 0.999964 -0.00299351 -0.0401343 0.011632 0.00308603 0.999928 -0.637101
75 80 32 0.999619 0.0180415 -0.0208783 0.976054 -0.0182211 0.999798 -0.00844142 -0.0100403 0.0207218 0.00881863 0.999746 -0.217295
75 81 30 0.999452 0.0202713 -0.0261663 0.961537 -0.0206612 0.999678 -0.0147182 0.0387915 0.0258595 0.0152508 0.999549 -0.271921
75 82 110 0.998999 0.0205908 -0.0397041 0.89592 -0.0211307 0.999689 -0.0132258 0.122373 0.0394195 0.0140516 0.999124 -0.427027
75 83 72 0.999027 0.0229993 -0.0376306 0.884425 -0.0234818 0.999647 -0.0124296 0.151944 0.0373315 0.0133012 0.999214 -0.441255
75 84 50 0.999508 0.0204546 -0.0237814 -0.176739 -0.020415 0.99979 0.0019045 -0.529983 0.0238154 -0.00141807 0.999715 -0.829386
75 85 28 0.999226 0.0285305 -0.0270924 -0.121578 -0.0280502 0.999445 0.0179456 -0.565141 0.0275893 -0.0171718 0.999472 -0.815987
75 86 25 0.998614 0.0420014 -0.0317227 0.451793 -0.0412947 0.998891 0.0226146 0.0489892 0.0326374 -0.0212733 0.999241 -0.890777
75 87 127 0.998121 0.0460733 -0.0404061 0.872716 -0.0449081 0.998562 0.029287 0.165101 0.0416973 -0.0274174 0.998754 -0.459465
75 88 101 0.998464 0.0463129 -0.0304062 0.813249 -0.0452878 0.998409 0.0335794 0.0937484 0.031913 -0.0321508 0.998973 -0.574314
75 89 32 0.998974 0.0426053 -0.0153512 0.440253 -0.04212 0.998642 0.030656 -0.0868019 0.0166365 -0.0299779 0.999412 0.893668
90 91 79 0.999748 -0.00121466 -0.0224373 0.657767 0.0016637 0.999798 0.0200051 -0.737207 0.0224085 -0.0200374 0.999548 -0.154492
90 92 55 0.999648 0.00722407 -0.0255419 0.630186 -0.00694119 0.999914 0.0111462 -0.180802 0.0256202 -0.010965 0.999612 -0.7551
90 93 23 0.999851 -0.00293221 -0.0170389 0.540709 0.00302838 0.99998 0.00562056 0.161139 0.0170221 -0.00567132 0.999839 -0.825632
90 94 21 0.999935 -0.00579812 -0.00983349 0.383048 0.00586504 0.99996 0.00679081 0.150017 0.00979372 -0.00684804 0.999929 -0.911465
90 95 30 0.999812 0.00221777 -0.0192424 0.239587 -0.00196926 0.999915 0.012924 -0.503568 0.0192694 -0.0128836 0.999731 -0.83007
90 96 69 0.998404 -0.0106416 -0.055459 0.951988 0.0101366 0.999905 -0.0093793 0.217309 0.0555535 0.00880217 0.998417 -0.215627
90 97 87 0.99857 -0.00792903 -0.0528667 0.913196 0.00747877 0.999934 -0.00870937 0.138411 0.0529322 0.00830154 0.998564 -0.383296
90 98 28 0.999511 -0.00574541 -0.0307408 0.793764 0.00560507 0.999973 -0.00464962 -0.00138324 0.0307667 0.00447505 0.999517 -0.608224
90 99 53 0.997772 -0.0145785 -0.0651046 0.881516 0.0134775 0.999759 -0.017318 0.182913 0.0653414 0.0164019 0.997728 -0.435283
90 100 62 0.996543 -0.014334 -0.0818288 0.939821 0.013072 0.999788 -0.0159381 0.220226 0.0820398 0.0148134 0.996519 -0.261221
90 101 14 0.999167 -0.00169673 -0.0407618 0.151037 0.0015963 0.999996 -0.0024962 0.426511 0.0407658 0.00242905 0.999166 0.891783
90 102 27 0.999262 0.000934012 -0.038408 0.806165 -0.00106068 0.999994 -0.00327763 0.0733101 0.0384047 0.00331594 0.999257 -0.587132
90 103 41 0.997574 0.00725265 -0.0692381 0.931011 -0.00739345 0.999971 -0.00177751 -0.040149 0.0692232 0.00228511 0.997599 -0.362775
90 104 24 0.998413 0.0133243 -0.0547223 0.95369 -0.0136069 0.999896 -0.00479433 -0.00709436 0.0546527 0.00553132 0.99849 -0.300707
105 106 12 0.999973 0.00701801 0.00237252 0.0957598 -0.00701218 0.999972 -0.00245641 -0.255118 -0.00238969 0.00243971 0.999994 0.962156
105 107 95 0.999598 0.0201943 -0.0198896 0.804854 -0.0199629 0.999731 0.011766 -0.558448 0.0201219 -0.0113642 0.999733 -0.200863
105 108 50 0.999282 0.0302451 -0.0227984 0.968199 -0.0303228 0.999535 -0.00306906 -0.233587 0.022695 0.00375817 0.999735 0.089592
105 109 38 0.998751 0.0449469 -0.0218314 0.958242 -0.0452142 0.998906 -0.0119099 -0.141992 0.0212722 0.0128821 0.999691 -0.248215
105 110 36 0.998611 0.0506202 -0.0146349 0.709824 -0.0508752 0.99855 -0.0176077 -0.0874519 0.0137224 0.0183278 0.999738 -0.698929
105 111 35 0.998434 0.052838 -0.0183952 0.761755 -0.0531507 0.998443 -0.016951 0.082339 0.0174709 0.0179022 0.999687 -0.642611
105 112 31 0.997499 0.0605491 -0.0364665 0.982901 -0.0609344 0.998096 -0.00954904 0.0273481 0.0358188 0.0117472 0.999289 -0.182094
105 113 65 0.99662 0.0650536 -0.0501674 0.944567 -0.0653551 0.997852 -0.00439229 -0.0378788 0.0497739 0.00765614 0.998731 -0.326126
105 114 35 0.997879 0.0581629 -0.0292438 0.993143 -0.0583001 0.998292 -0.00385781 0.00553118 0.0289695 0.00555454 0.999565 -0.116779
105 115 31 0.996945 0.0610495 -0.0487195 0.943701 -0.0614824 0.99808 -0.00743438 -0.0723893 0.0481721 0.0104071 0.998785 0.322782
105 116 0 1 0 0 0 0 1 0 0 0 0 1 0
105 117 0 1 0 0 0 0 1 0 0 0 0 1 0
105 118 25 0.993495 0.0713339 -0.0887652 0.998617 -0.0779776 0.994222 -0.0737753 -0.0178767 0.0829896 0.0802171 0.993317 -0.0494353
105 119 28 0.993911 0.0772989 -0.0785205 0.995449 -0.082952 0.993987 -0.0714823 -0.0542215 0.0725228 0.0775605 0.994346 -0.0783716
120 121 13 0.99988 0.0123558 0.00931887 0.471811 -0.0123779 0.999921 0.00232258 -0.256051 -0.00928943 -0.00243765 0.999954 0.843702
120 122 0 1 0 0 0 0 1 0 0 0 0 1 0
120 123 42 0.99934 0.0111289 0.0345678 -0.974142 -0.0117286 0.999783 0.0171951 0.109527 -0.034369 -0.0175892 0.999254 -0.197612
120 124 34 0.999904 -0.0132198 -0.00416859 0.35401 0.0136245 0.992686 0.119953 -0.919348 0.00255234 -0.119999 0.992771 0.171686
120 125 21 0.999835 0.00661945 0.0168887 0.469818 -0.00733406 0.999065 0.042608 -0.247465 -0.0165909 -0.0427248 0.998949 0.847368
120 126 45 0.996679 -0.0315831 0.0750564 -0.931793 0.0282362 0.998577 0.0452431 -0.0530861 -0.0763785 -0.0429736 0.996152 0.359088
120 127 41 0.999514 -0.0302837 -0.00733402 0.416774 0.0305863 0.9985 0.0454224 -0.245155 0.00594745 -0.0456246 0.998941 0.875328
120 128 24 0.999283 -0.0363928 -0.0104094 0.753249 0.036825 0.998313 0.0448872 -0.180201 0.00875822 -0.0452384 0.998938 0.632569
120 129 58 0.998047 -0.0324214 0.0533953 -0.641023 0.0308095 0.999052 0.0307396 0.183804 -0.0543413 -0.0290345 0.9981 0.745188
120 130 38 0.999211 -0.0394189 0.00482196 0.485177 0.039193 0.998417 0.040333 -0.231867 -0.00640421 -0.0401122 0.999175 0.843114
120 131 35 0.998843 -0.0480834 0.000193919 0.482845 0.0480163 0.997646 0.0489508 -0.177086 -0.00254718 -0.0488849 0.998801 0.857614
120 132 19 0.99793 -0.0617734 -0.0179041 0.43921 0.0625948 0.996802 0.0496722 -0.126125 0.0147784 -0.0506901 0.998605 0.889487
120 133 21 0.997218 -0.063511 -0.0390211 0.562888 0.0656549 0.996249 0.0563665 -0.121865 0.0352948 -0.0587716 0.997647 0.8175
120 134 44 0.997499 -0.0527914 -0.0469874 0.421414 0.0560241 0.995946 0.0703716 -0.225114 0.043082 -0.0728281 0.996414 0.878484
135 136 0 1 0 0 0 0 1 0 0 0 0 1 0
135 137 72 0.999637 0.00251045 -0.0268144 0.507627 -0.00228247 0.999961 0.00852954 -0.85067 0.0268348 -0.00846524 0.999604 0.136657
135 138 0 1 0 0 0 0 1 0 0 0 0 1 0
135 139 49 0.999883 0.0149009 0.00345474 -0.857023 -0.0147607 0.999185 -0.037559 0.441255 -0.00401159 0.0375036 0.999288 0.266092
135 140 0 1 0 0 0 0 1 0 0 0 0 1 0
135 141 22 0.99843 0.0277027 -0.0486855 -0.407294 -0.0290647 0.999199 -0.0274933 0.280484 0.0478849 0.0288652 0.998436 -0.86916
135 142 45 0.995732 0.0135237 -0.0913004 0.933134 -0.0165795 0.999325 -0.0327952 0.0666515 0.0907952 0.0341689 0.995283 -0.353297
135 143 14 0.997881 0.0297685 -0.0578527 -0.828106 -0.031096 0.99927 -0.022183 0.151223 0.0571502 0.023935 0.998079 -0.53979
135 144 43 0.990392 0.0065314 -0.138137 0.948173 -0.0135783 0.99865 -0.0501329 0.285243 0.137623 0.0515269 0.989143 -0.140018
135 145 53 0.992808 0.0278533 -0.116431 0.982853 -0.0304152 0.999331 -0.0202849 0.009973 0.115788 0.0236803 0.992992 -0.18412
135 146 49 0.99315 0.0371938 -0.110768 0.975749 -0.0398687 0.998962 -0.0220318 0.218216 0.109833 0.0262971 0.993602 0.0172091
135 147 30 0.996981 0.0638198 -0.0442234 -0.700513 -0.0640187 0.997944 -0.00309484 -0.0855274 0.0439349 0.00591662 0.999017 0.708496
135 148 46 0.993184 0.0325074 -0.111929 0.989714 -0.0352192 0.99913 -0.022336 0.129537 0.111106 0.0261259 0.993465 -0.0607191
135 149 44 0.986018 0.0115044 -0.166239 0.961701 -0.0201077 0.998539 -0.0501626 0.271187 0.165419 0.052804 0.984809 -0.0398662
150 151 95 0.999821 0.00124757 -0.0188757 0.974656 -0.00113996 0.999983 0.00571045 -0.219865 0.0188825 -0.00568791 0.999806 0.0412884
150 152 32 0.99998 0.0042071 0.00470255 0.00166461 -0.00420712 0.999991 -6.32727e-06 -0.184126 -0.00470254 -1.3457e-05 0.999989 0.982901
150 153 0 1 0 0 0 0 1 0 0 0 0 1 0
150 154 0 1 0 0 0 0 1 0 0 0 0 1 0
150 155 99 0.999757 0.00279578 0.0218539 -0.895559 -0.00263716 0.99997 -0.00728343 -0.00823675 -0.0218736 0.00722403 0.999735 0.444866
150 156 135 0.999013 0.00446822 -0.0441901 0.999547 -0.0049796 0.999922 -0.011469 -0.00397969 0.0441354 0.0116777 0.998957 0.0298287
150 157 27 0.999539 0.00495609 -0.029963 0.913056 -0.00531995 0.999913 -0.0120763 0.0441934 0.0299005 0.0122301 0.999478 0.405432
150 158 127 0.998622 0.011415 -0.0512328 0.998639 -0.0121542 0.999826 -0.0141405 0.0341803 0.0510625 0.0147437 0.998587 0.0394061
150 159 121 0.997671 0.0112876 -0.0672726 0.973429 -0.0121 0.999859 -0.0116813 -0.0882562 0.0671313 0.0124681 0.997666 -0.211297
150 160 49 0.999835 0.00596526 -0.0171375 -0.691096 -0.00630192 0.999787 -0.0196581 -0.0762868 0.0170166 0.0197628 0.99966 0.718726
150 161 20 0.999071 0.0119601 -0.0414022 0.965235 -0.0127467 0.999742 -0.0187876 0.0402159 0.0411669 0.0192979 0.998966 -0.25827
150 162 28 0.998002 0.0132324 -0.0617751 0.961408 -0.0143439 0.999742 -0.0175841 0.00626527 0.0615265 0.018435 0.997935 -0.275054
150 163 107 0.996364 0.0125979 -0.0842568 0.99295 -0.0142474 0.999718 -0.0190041 -0.0328081 0.0839936 0.0201355 0.996263 -0.113905
150 164 70 0.999915 0.0101944 -0.00807016 -0.84154 -0.0103824 0.999668 -0.0235997 -0.066164 0.00782689 0.0236815 0.999689 0.536128
165 166 0 1 0 0 0 0 1 0 0 0 0 1 0
165 167 0 1 0 0 0 0 1 0 0 0 0 1 0
165 168 72 0.999863 0.000548015 0.0165709 -0.605233 -0.000527784 0.999999 -0.00122526 -0.0435947 -0.0165715 0.00121634 0.999862 0.794854
165 169 43 0.999478 0.0300974 -0.011702 0.877465 -0.030066 0.999544 0.0028455 -0.0665514 0.0117823 -0.00249218 0.999927 0.475002
165 170 18 0.999695 0.0246765 2.42222e-05 0.970784 -0.0246765 0.999695 -0.000851944 -0.187706 -4.52378e-05 0.000851087 1 0.149481
165 171 34 0.999514 0.0293114 -0.010602 0.973575 -0.0293597 0.999559 -0.00442292 -0.0958292 0.0104676 0.00473204 0.999934 0.20729
165 172 27 0.999607 0.027675 0.00440743 0.957845 -0.0276348 0.999578 -0.00895075 0.043662 -0.00465328 0.00882544 0.99995 -0.28395
165 173 21 0.999313 0.0350525 -0.012067 0.957181 -0.0350878 0.999381 -0.00272171 0.0926768 0.0119641 0.00314325 0.999923 -0.274256
165 174 83 0.998188 0.0447449 -0.0402271 0.995227 -0.0445065 0.998986 0.00680224 0.0260921 0.0404907 -0.00499954 0.999167 -0.0940393
165 175 47 0.999016 0.0417079 0.0150926 -0.960011 -0.0418811 0.999058 0.0113455 0.0336463 -0.0146052 -0.0119664 0.999822 0.277933
165 176 72 0.998042 0.0355888 -0.0514391 0.993228 -0.0351401 0.999336 0.00960083 0.0156958 0.0517467 -0.00777445 0.99863 -0.115119
165 177 60 0.998687 0.0372762 -0.0351272 0.998501 -0.0369535 0.999269 0.00979205 -0.0449937 0.0354666 -0.00848112 0.999335 -0.0311703
165 178 54 0.998846 0.0325875 -0.035279 0.996945 -0.0325591 0.999469 0.00137992 0.01426 0.0353052 -0.000229673 0.999377 -0.0767952
165 179 61 0.997986 0.0327843 -0.0543146 0.987418 -0.0328826 0.999459 -0.000916162 0.0180217 0.0542552 0.00270032 0.998523 -0.157102
180 181 10 0.999991 -0.00404629 -0.000812102 -0.252795 0.00404472 0.99999 -0.00193177 -0.351039 0.00081991 0.00192847 0.999998 0.901591
180 182 12 0.999963 0.00454172 -0.00734646 0.197851 -0.00451745 0.999984 0.00331707 0.272871 0.00736141 -0.00328376 0.999968 -0.941486
180 183 0 1 0 0 0 0 1 0 0 0 0 1 0
180 184 110 0.99944 0.0106755 -0.0316988 0.885694 -0.010434 0.999915 0.00777389 -0.112007 0.0317791 -0.00743879 0.999467 -0.450556
180 185 29 0.999889 0.00433275 -0.0142664 0.790311 -0.00431288 0.99999 0.00142305 0.112725 0.0142724 -0.00136136 0.999897 -0.602247
180 186 16 0.999915 9.62754e-05 -0.0130288 0.79602 -0.00014138 0.999994 -0.003461 0.204381 0.0130284 0.00346254 0.999909 -0.56972
180 187 62 0.999201 0.00563482 -0.0395746 0.970392 -0.00597377 0.999946 -0.00845181 0.0642711 0.0395249 0.00868147 0.999181 -0.232825
180 188 68 0.99902 0.00663596 -0.0437703 0.895839 -0.00704022 0.999934 -0.00908822 0.141578 0.0437071 0.00938747 0.999 -0.421222
180 189 52 0.998819 0.0106344 -0.0473991 0.94041 -0.0109269 0.999923 -0.00591661 0.11431 0.0473325 0.00642754 0.998859 -0.320253
180 190 31 0.999106 0.012011 -0.040525 0.757319 -0.012287 0.999903 -0.00656665 0.0911983 0.0404422 0.00705871 0.999157 -0.646646
180 191 69 0.99818 0.0185138 -0.0573937 0.893311 -0.0189132 0.9998 -0.00642443 0.157762 0.0572633 0.00749824 0.998331 -0.420841
180 192 84 0.997341 0.0203842 -0.069962 0.952363 -0.0208565 0.999764 -0.00602649 0.202842 0.0698227 0.00746963 0.997531 -0.227729
180 193 73 0.997284 0.0206794 -0.0706831 0.899776 -0.0209317 0.999777 -0.00283045 0.058147 0.0706088 0.00430229 0.997495 -0.432461
180 194 75 0.996172 0.0232076 -0.084272 0.903103 -0.0233993 0.999725 -0.00128727 0.022745 0.084219 0.00325425 0.996442 -0.428821
195 196 0 1 0 0 0 0 1 0 0 0 0 1 0
195 197 0 1 0 0 0 0 1 0 0 0 0 1 0
195 198 0 1 0 0 0 0 1 0 0 0 0 1 0
195 199 20 0.999785 0.0189983 -0.00830758 -0.65145 -0.0189481 0.999802 0.00608682 -0.0367596 0.00842157 -0.0059281 0.999947 0.757801
195 200 44 0.9987 0.0390315 -0.0327842 0.999702 -0.0388294 0.999223 0.00678081 0.00280924 0.0330234 -0.00549901 0.999439 0.0242518
195 201 26 0.999561 0.0285899 0.00772884 -0.387415 -0.0285958 0.999591 0.000659233 -0.344054 -0.00770683 -0.000879957 0.99997 0.855299
195 202 24 0.999001 0.0390085 -0.0218221 0.99377 -0.0393914 0.999072 -0.0174038 -0.110779 0.021123 0.018246 0.99961 -0.0122343
195 203 32 0.99904 0.0343064 -0.0272393 0.939651 -0.0351358 0.998915 -0.0305767 0.063217 0.0261608 0.0315044 0.999161 -0.336243
195 204 45 0.996827 0.0450389 -0.0656318 0.886998 -0.0469482 0.998509 -0.0278435 0.110068 0.0642799 0.0308364 0.997455 -0.448464
195 205 26 0.998119 0.0306045 -0.0531213 0.875316 -0.031816 0.999249 -0.0221119 0.223566 0.0524047 0.0237604 0.998343 -0.428767
195 206 42 0.99789 0.0470846 -0.0446948 0.947706 -0.0472435 0.99888 -0.00250569 0.0932625 0.0445268 0.00461195 0.998998 -0.305212
195 207 31 0.998193 0.0439802 -0.0409519 0.967744 -0.0440534 0.999029 -0.000886894 0.0489898 0.0408732 0.00268936 0.999161 -0.247127
195 208 64 0.997015 0.0471921 -0.0611129 0.983881 -0.047684 0.998841 -0.00661516 0.0365821 0.0607298 0.00950951 0.998109 -0.175043
195 209 36 0.997727 0.0418237 -0.0528318 0.982751 -0.0424867 0.999031 -0.0114887 0.0461612 0.0523001 0.0137073 0.998537 -0.179078
210 211 45 0.999533 -0.00741962 -0.0296469 0.784618 0.00676995 0.999736 -0.0219543 0.512953 0.029802 0.0217434 0.999319 -0.348216
210 212 12 0.999893 -0.00967062 -0.0109909 0.471378 0.00963461 0.999948 -0.00332528 0.463201 0.0110225 0.00321903 0.999934 -0.750498
210 213 27 0.999464 -0.00565285 -0.0322476 0.888244 0.00585226 0.999964 0.00609246 0.112751 0.032212 -0.00627792 0.999461 -0.44532
210 214 0 1 0 0 0 0 1 0 0 0 0 1 0
210 215 24 0.99893 -0.0304452 -0.0348057 0.795729 0.0304574 0.999536 -0.000180377 0.342164 0.0347951 -0.000879908 0.999394 -0.49974
210 216 41 0.998222 -0.0143824 -0.0578466 0.898451 0.0148572 0.999859 0.00778736 0.0316237 0.0577265 -0.00863295 0.998295 -0.437934
210 217 11 0.999408 -0.00844795 -0.0333551 0.905902 0.00890138 0.99987 0.0134691 0.186675 0.033237 -0.013758 0.999353 -0.380122
210 218 41 0.996846 -0.0121944 -0.0784212 0.966739 0.0125588 0.999913 0.00415495 0.16294 0.0783637 -0.00512672 0.996912 -0.197147
210 219 30 0.997379 -0.00615502 -0.0720892 0.973536 0.00720211 0.999872 0.014274 0.0240628 0.0719922 -0.0147558 0.997296 -0.227263
210 220 41 0.99604 -0.00807887 -0.0885438 0.948873 0.00884464 0.999927 0.00825955 0.155965 0.0884706 -0.00900998 0.996038 -0.274435
210 221 40 0.990767 -0.015335 -0.134707 0.95469 0.0139758 0.999841 -0.0110304 0.281983 0.134854 0.00904588 0.990824 -0.0951478
210 222 27 0.995462 0.00178623 -0.0951424 0.982295 -0.000167349 0.999855 0.0170206 0.0718731 0.0951591 -0.0169275 0.995318 -0.173003
210 223 20 0.999071 -0.0424951 0.00713011 -0.0859312 0.0421999 0.998408 0.0374118 -0.291591 -0.00870858 -0.0370762 0.999274 0.952675
210 224 17 0.998686 -0.0506708 0.00761177 -0.0844136 0.0503526 0.998031 0.0373899 -0.290865 -0.00949136 -0.0369576 0.999272 0.953033
225 226 72 0.999677 0.00217607 -0.0253294 0.93389 -0.00186579 0.999923 0.012267 -0.356853 0.0253542 -0.0122158 0.999604 0.0224893
225 227 32 0.99968 0.00436713 -0.0249174 0.972668 -0.00425505 0.999981 0.00454922 -0.0321365 0.0249368 -0.00444174 0.999679 0.229965
225 228 47 0.998461 0.0136145 -0.0537545 0.98085 -0.0133428 0.999896 0.00541145 -0.0696907 0.0538226 -0.00468589 0.99854 0.18187
225 229 48 0.999197 0.0208784 -0.0342058 0.999796 -0.0208621 0.999782 0.000831712 -0.00343597 0.0342157 -0.000117438 0.999414 -0.0198928
225 230 22 0.999196 0.0253111 -0.0311072 0.964316 -0.025116 0.999662 0.00664621 0.0925065 0.0312649 -0.00585958 0.999494 -0.248066
225 231 0 1 0 0 0 0 1 0 0 0 0 1 0
225 232 0 1 0 0 0 0 1 0 0 0 0 1 0
225 233 19 0.997106 0.0262011 -0.0713625 0.990412 -0.021997 0.998011 0.0590734 0.100599 0.0727684 -0.0573327 0.9957 -0.0946813
225 234 49 0.995731 0.033993 -0.0858178 0.977636 -0.0283057 0.997375 0.0666407 0.0463845 0.0878579 -0.0639271 0.99408 0.205125
225 235 47 0.994826 0.0372561 -0.0945159 0.997572 -0.0305209 0.996957 0.0717308 -0.0494425 0.0969007 -0.0684749 0.992936 -0.049044
225 236 53 0.995293 0.0421161 -0.0872839 0.998264 -0.0356309 0.996579 0.0745708 -0.041484 0.0901259 -0.0711098 0.993389 0.0418089
225 237 41 0.997381 0.0342157 -0.0637251 0.991788 -0.0299232 0.997295 0.0671371 0.0590895 0.0658498 -0.0650544 0.995707 0.113423
225 238 32 0.996439 0.0285903 -0.0793218 0.984578 -0.0239671 0.997992 0.0586357 0.0580819 0.0808389 -0.0565258 0.995123 0.16502
225 239 54 0.99425 0.0298935 -0.102829 0.993303 -0.0253785 0.998667 0.0449395 0.095494 0.104035 -0.0420715 0.993683 0.0650325
240 241 13 0.999966 0.00321858 -0.00753914 0.779253 -0.00320742 0.999994 0.00149229 -0.0809138 0.00754389 -0.00146805 0.99997 0.621464
240 242 19 0.999996 -0.00273538 0.000816831 -0.724202 0.00273837 0.999989 -0.00368062 -0.00673009 -0.000806754 0.00368284 0.999993 0.689555
240 243 0 1 0 0 0 0 1 0 0 0 0 1 0
240 244 0 1 0 0 0 0 1 0 0 0 0 1 0
240 245 97 0.999846 -0.00335489 -0.0172502 0.990925 0.00314309 0.99992 -0.0122909 -0.126455 0.01729 0.0122348 0.999776 0.0455818
240 246 25 0.999957 -0.00860199 -0.00344934 0.705059 0.00853373 0.999777 -0.0193376 0.0491226 0.00361491 0.0193073 0.999807 -0.707445
240 247 110 0.999162 0.00429961 -0.040694 0.884628 -0.00437801 0.999989 -0.00183769 -0.16573 0.0406856 0.00201431 0.99917 -0.435853
240 248 88 0.999576 0.00268927 -0.0290067 0.932489 -0.00287256 0.999976 -0.00627911 0.0514635 0.0289891 0.00635977 0.999559 -0.357514
240 249 139 0.999069 0.00744772 -0.0425019 0.955486 -0.00748419 0.999972 -0.000699089 0.0325531 0.0424955 0.00101653 0.999096 -0.293234
240 250 48 0.999834 0.0123793 -0.0133504 -0.190968 -0.0122529 0.99988 0.00951129 -0.142458 0.0134665 -0.00934613 0.999866 -0.971204
240 251 129 0.999012 0.00638396 -0.0439705 0.724785 -0.00570496 0.999863 0.0155503 0.0388779 0.0440637 -0.0152841 0.998912 -0.687877
240 252 147 0.997811 0.0175263 -0.0637733 0.963968 -0.0161749 0.999635 0.0216457 0.0349272 0.0641294 -0.0205668 0.99773 -0.263717
240 253 119 0.998314 0.0242383 -0.0527377 0.94155 -0.0231614 0.999512 0.0209363 0.061734 0.0532195 -0.0196796 0.998389 -0.331167
240 254 83 0.999178 0.0246958 -0.0321548 0.953634 -0.0241473 0.999558 0.0173352 0.131826 0.0325687 -0.0165445 0.999333 -0.270562
255 256 32 0.999953 0.00836641 -0.00479859 0.403076 -0.00832918 0.999935 0.00772625 0.166401 0.00486292 -0.00768592 0.999959 -0.899911
255 257 0 1 0 0 0 0 1 0 0 0 0 1 0
255 258 99 0.998977 0.0452239 0.000211862 -0.00555717 -0.045207 0.998451 0.0324429 -0.932647 0.00125566 -0.0324193 0.999474 -0.360746
255 259 36 0.998525 0.0538931 -0.00657895 0.981109 -0.053885 0.998546 0.00140018 -0.173354 0.00664484 -0.00104361 0.999977 0.0858686
255 260 55 0.997412 0.0711748 0.0101753 0.638388 -0.0709964 0.997333 -0.0169354 0.349493 -0.0113536 0.0161691 0.999805 0.685795
255 261 23 0.998159 0.0606375 0.00117777 0.949881 -0.0606029 0.99797 -0.0195587 0.21249 -0.00236137 0.0194513 0.999808 -0.22929
255 262 76 0.997348 0.0684997 -0.0245749 0.891771 -0.0687578 0.997585 -0.00981764 0.0853069 0.023843 0.0114813 0.99965 -0.444373
255 263 42 0.99766 0.0666958 -0.0150324 0.613095 -0.0667409 0.997767 -0.002522 0.142 0.0148306 0.00351937 0.999884 -0.777143
255 264 35 0.997736 0.0637736 -0.0213721 0.850699 -0.0637963 0.997963 -0.000381994 0.0681372 0.0213042 0.00174459 0.999772 -0.521219
255 265 139 0.997017 0.064299 -0.0426827 0.875547 -0.0641049 0.997926 0.00590224 -0.0733258 0.0429737 -0.00314847 0.999071 -0.477537
255 266 139 0.996518 0.0634248 -0.0541145 0.974177 -0.0630215 0.99797 0.00912776 -0.22021 0.0545836 -0.00568561 0.998493 -0.0498716
255 267 39 0.998712 0.0478631 -0.016848 -0.291274 -0.0482993 0.998481 -0.026512 0.767525 0.0155535 0.0272916 0.999507 -0.571021
255 268 69 0.996821 0.0640759 -0.0473597 0.96197 -0.0648197 0.997794 -0.0143401 0.00822147 0.0463364 0.0173643 0.998775 -0.273031
255 269 24 0.998325 0.0518064 -0.0257485 -0.988222 -0.0524557 0.998305 -0.0252152 -0.0658446 0.0243985 0.0265237 0.99935 0.138134
270 271 0 1 0 0 0 0 1 0 0 0 0 1 0
270 272 112 0.999944 0.00321502 0.0100854 -0.908239 -0.00321723 0.999995 0.000202966 0.0955771 -0.0100847 -0.000235402 0.999949 -0.407389
270 273 21 0.999794 0.0061106 -0.0193568 0.440773 -0.00611138 0.999981 1.86479e-05 0.00644368 0.0193565 9.96526e-05 0.999813 -0.897596
270 274 13 0.99983 0.00531131 -0.0176426 0.85415 -0.00532146 0.999986 -0.000528215 -0.0188393 0.0176395 0.000622009 0.999844 0.519686
270 275 20 0.999438 0.0126543 -0.0310329 -0.0611652 -0.0125515 0.999915 0.00350474 -0.0895552 0.0310746 -0.00311326 0.999512 -0.994102
270 276 39 0.999015 0.0127402 -0.0425016 0.190794 -0.012832 0.999916 -0.00188818 0.282134 0.042474 0.0024317 0.999095 -0.940212
270 277 169 0.996447 0.0187104 -0.0821154 0.997347 -0.0191004 0.99981 -0.00396632 -0.00606532 0.0820256 0.00552067 0.996615 -0.0725458
270 278 30 0.998307 0.0113429 -0.0570417 0.273212 -0.0112135 0.999934 0.00258849 -0.0888249 0.0570673 -0.00194448 0.998368 -0.957844
270 279 33 0.997618 0.0226154 -0.0651653 0.496829 -0.0220512 0.999713 0.00936445 -0.0614312 0.0653584 -0.00790517 0.997831 -0.865672
270 280 36 0.997024 0.0228054 -0.0736408 0.48535 -0.0222479 0.999717 0.00838319 -0.0934463 0.0738111 -0.00671989 0.99725 -0.869312
270 281 79 0.995406 0.0290717 -0.0912206 0.753756 -0.0285177 0.999566 0.00737109 0.146774 0.0913953 -0.00473583 0.995803 -0.640553
270 282 25 0.995165 0.0254855 -0.0948479 0.924192 -0.0246135 0.999643 0.0103522 -0.0959149 0.095078 -0.00796761 0.995438 -0.369688
270 283 32 0.994703 0.0289211 -0.0986429 0.766001 -0.0288328 0.999582 0.00232106 0.195266 0.0986688 0.00053539 0.99512 -0.612465
270 284 70 0.999202 0.0153255 -0.0368792 -0.814913 -0.0152621 0.999882 0.00199912 0.101143 0.0369055 -0.00143467 0.999318 -0.57069
285 286 0 1 0 0 0 0 1 0 0 0 0 1 0
285 287 18 0.999917 -0.00247964 -0.0126586 0.277049 0.00245132 0.999994 -0.00225259 0.228363 0.0126641 0.00222137 0.999917 -0.933324
285 288 0 1 0 0 0 0 1 0 0 0 0 1 0
285 289 14 0.999565 0.00118611 -0.0294597 0.246842 -0.000631961 0.999823 0.0188125 0.155161 0.0294768 -0.0187857 0.999389 -0.956553
285 290 19 0.998861 0.00249613 -0.0476545 0.810175 -0.00123014 0.999646 0.026577 0.116793 0.0477039 -0.0264881 0.99851 -0.574436
285 291 67 0.997971 0.010758 -0.062761 0.821527 -0.0087206 0.999429 0.032647 0.189915 0.0630764 -0.0320334 0.997494 -0.537611
285 292 40 0.998619 0.0191769 -0.0489193 0.138497 -0.0169974 0.998861 0.0445862 0.0864978 0.0497186 -0.0436931 0.997807 -0.986578
285 293 111 0.997373 0.0222014 -0.068945 0.700824 -0.0191832 0.998841 0.0441344 0.237183 0.069845 -0.0426958 0.996644 -0.672748
285 294 48 0.997951 0.0211011 -0.0603984 -0.141918 -0.0180266 0.998536 0.0510046 0.0662521 0.0613862 -0.0498114 0.99687 -0.987659
285 295 42 0.997442 0.0246142 -0.0671106 -0.398211 -0.0214373 0.998634 0.0476537 0.138459 0.0681919 -0.0460931 0.996607 -0.906784
285 296 89 0.988713 0.0466362 -0.142379 0.974892 -0.0402419 0.998062 0.047466 0.0840837 0.144316 -0.0412007 0.988673 -0.206192
285 297 80 0.992552 0.0499946 -0.111092 0.863265 -0.0440088 0.997477 0.0556978 0.0620277 0.113596 -0.0503939 0.992248 -0.500926
285 298 84 0.992059 0.0559918 -0.112624 0.726598 -0.0500619 0.997241 0.0548101 0.13044 0.115382 -0.0487367 0.992125 -0.674567
285 299 51 0.991374 0.0625125 -0.115195 0.925185 -0.0569108 0.997061 0.0512938 0.144293 0.118063 -0.0442954 0.992018 -0.351016
300 301 0 1 0 0 0 0 1 0 0 0 0 1 0
300 302 14 0.999702 -0.00302638 -0.0242089 0.997594 0.00325452 0.999951 0.00939008 0.0130229 0.0241793 -0.00946607 0.999663 -0.0680907
300 303 287 0.998837 0.00690124 -0.0477147 0.985484 -0.00665465 0.999964 0.00532492 0.169768 0.0477497 -0.00500121 0.998847 0.000499071
300 304 0 1 0 0 0 0 1 0 0 0 0 1 0
300 305 26 0.999706 0.0212325 -0.011723 -0.446073 -0.0211152 0.999727 0.0100387 0.185517 0.0119329 -0.00978819 0.999881 -0.875558
300 306 142 0.99871 0.0284464 -0.0420697 0.963771 -0.0283234 0.999593 0.00351711 -0.0605379 0.0421526 -0.00232102 0.999108 0.259771
300 307 142 0.999351 0.0222798 -0.0282881 0.891206 -0.0223071 0.999751 -0.000649886 -0.417986 0.0282665 0.00128049 0.9996 -0.176183
300 308 121 0.999216 0.0293022 -0.0266244 0.973654 -0.0295528 0.999522 -0.00906889 -0.227962 0.026346 0.00984861 0.999604 -0.00562988
300 309 19 0.999343 0.0348705 -0.00992864 0.650759 -0.0350402 0.999233 -0.0174605 -0.000744876 0.00931217 0.0177969 0.999798 0.759284
300 310 20 0.999401 0.0342142 -0.00513166 -0.874182 -0.0343254 0.999136 -0.0234139 -0.419746 0.00432614 0.023576 0.999713 -0.24417
300 311 42 0.999931 -0.00650464 -0.00981132 -0.781687 0.00606504 0.999005 -0.0441893 0.61008 0.010089 0.0441267 0.998975 -0.129489
300 312 73 0.999837 0.0180775 -0.000124035 -0.769422 -0.0180712 0.999253 -0.0341709 -0.416769 -0.000493782 0.0341675 0.999416 -0.484039
300 313 89 0.999716 -0.013984 -0.019303 0.87867 0.0131129 0.998921 -0.0445425 -0.45331 0.0199051 0.0442768 0.998821 0.149833
300 314 61 0.999917 -0.00375544 -0.0123374 0.830285 0.00308523 0.998542 -0.0539002 0.0380756 0.0125219 0.0538577 0.99847 0.556037
315 316 0 1 0 0 0 0 1 0 0 0 0 1 0
315 317 0 1 0 0 0 0 1 0 0 0 0 1 0
315 318 83 0.999985 -0.00348887 -0.00410224 0.829055 0.00352083 0.999963 0.00780933 0.0199312 0.00407485 -0.00782366 0.999961 -0.558811
315 319 0 1 0 0 0 0 1 0 0 0 0 1 0
315 320 41 0.999844 -0.00346207 0.0172971 0.249858 0.00324417 0.999915 0.0126097 0.289579 -0.0173392 -0.0125516 0.999771 -0.923967
315 321 94 0.999932 0.00628874 0.00983494 0.971978 -0.00638302 0.999934 0.00958478 0.228823 -0.00977401 -0.0096469 0.999906 -0.0538392
315 322 12 0.999463 0.00593525 0.0322406 0.60045 -0.00628334 0.999923 0.0107061 -0.177554 -0.0321745 -0.0109029 0.999423 0.779701
315 323 21 0.999511 0.00799347 0.0302437 0.170692 -0.00829051 0.999918 0.00970907 0.28008 -0.0301636 -0.00995505 0.999495 -0.94468
315 324 35 0.999551 0.00840038 0.0287579 0.210659 -0.00875566 0.999887 0.0122506 0.209188 -0.0286517 -0.0124969 0.999511 -0.954915
315 325 23 0.999818 0.0123191 0.0145713 0.847723 -0.0125547 0.99979 0.0161879 0.0911206 -0.0143688 -0.0163679 0.999763 -0.522554
315 326 13 0.999658 0.0070622 0.0251828 0.347924 -0.00761497 0.999731 0.0219224 0.32557 -0.0250212 -0.0221067 0.999442 0.879178
315 327 164 0.999914 0.0130924 -0.000591586 0.935438 -0.0130765 0.999678 0.0217593 0.0556938 0.000876277 -0.0217497 0.999763 -0.349076
315 328 44 0.999849 0.0134268 0.0110253 0.10962 -0.0137002 0.999591 0.0251069 0.233234 -0.0106837 -0.0252542 0.999624 -0.966222
315 329 256 0.999678 0.0230197 -0.0106787 0.837753 -0.0226797 0.999264 0.0309408 0.131531 0.0113831 -0.0306886 0.999464 -0.529972
330 331 10 0.999975 0.0021416 -0.00674669 0.424873 -0.00213989 0.999998 0.00026049 0.0770984 0.00674723 -0.000246046 0.999977 -0.901964
330 332 14 0.99992 0.0016286 -0.0125187 0.455172 -0.00164346 0.999998 -0.00117682 0.203093 0.0125167 0.0011973 0.999921 -0.866933
330 333 24 0.999993 -0.00350532 0.00115147 -0.992227 0.00350809 0.999991 -0.00240908 0.115003 -0.00114302 0.0024131 0.999996 -0.0475393
330 334 26 0.999785 -0.001291 -0.0207083 0.232621 0.00127423 0.999999 -0.000822867 0.230147 0.0207094 0.000796302 0.999785 -0.944944
330 335 35 0.999647 -0.00216067 -0.0264951 0.39997 0.00214006 0.999997 -0.000806206 0.196266 0.0264968 0.00074922 0.999649 -0.895267
330 336 21 0.999633 0.00452414 -0.0267183 0.992148 -0.00465005 0.999978 -0.00465228 0.029092 0.0266967 0.00477482 0.999632 -0.121636
330 337 31 0.999457 0.0143726 -0.0296533 0.669015 -0.0146341 0.999856 -0.0086207 0.124427 0.0295251 0.00904997 0.999523 -0.73276
330 338 83 0.998919 0.0210321 -0.0414536 0.965983 -0.0215995 0.999678 -0.0132859 0.244643 0.0411609 0.0141669 0.999052 -0.0838272
330 339 18 0.999105 0.0191944 -0.0376962 0.940327 -0.0198687 0.999648 -0.0175959 0.252855 0.0373452 0.0183291 0.999134 -0.227706
330 340 131 0.99828 0.0216776 -0.0544752 0.796849 -0.0227803 0.999546 -0.0197038 0.0653352 0.0540234 0.0209109 0.998321 -0.600636
330 341 96 0.998314 0.018959 -0.0548545 0.462815 -0.0199857 0.999634 -0.0182291 0.124608 0.0544888 0.0192947 0.998328 -0.877653
330 342 81 0.998735 0.0170457 -0.0473108 -0.137517 -0.0178019 0.99972 -0.0156103 0.268424 0.0470315 0.0164328 0.998758 -0.953435
330 343 62 0.998719 0.0220078 -0.0455524 -0.430696 -0.022221 0.999744 -0.00418011 0.0740352 0.0454488 0.00518698 0.998953 -0.899455
330 344 113 0.997378 0.030782 -0.0654999 0.359986 -0.0306824 0.999526 0.00252564 0.282802 0.0655466 -0.000509321 0.997849 -0.889063
345 346 10 0.999992 0.00332424 -0.00228021 0.219781 -0.00330552 0.999961 0.00816148 0.0666341 0.00230725 -0.00815388 0.999964 -0.973271
345 347 0 1 0 0 0 0 1 0 0 0 0 1 0
345 348 20 0.999916 0.00277253 -0.0126226 0.487285 -0.00261578 0.999919 0.0124177 -0.0884685 0.012656 -0.0123837 0.999843 0.86875
345 349 0 1 0 0 0 0 1 0 0 0 0 1 0
345 350 27 0.999834 0.00199621 -0.0181228 0.408281 -0.00176926 0.99992 0.0125299 -0.0941475 0.0181464 -0.0124958 0.999757 0.907989
345 351 10 0.999521 -0.000674702 -0.0309284 0.804413 0.00133085 0.999774 0.0211995 -0.580459 0.0309071 -0.0212305 0.999297 -0.126439
345 352 0 1 0 0 0 0 1 0 0 0 0 1 0
345 353 134 0.998932 0.012224 -0.0445668 0.880709 -0.0111649 0.999651 0.0239344 0.429438 0.0448439 -0.0234112 0.99872 -0.199835
345 354 11 0.999555 0.0114599 -0.0275376 0.312811 -0.0103611 0.999157 0.0397177 0.16964 0.0279695 -0.0394147 0.998831 0.934543
345 355 169 0.998251 -0.0085146 -0.0585009 0.725012 0.0121461 0.998002 0.0620035 -0.683989 0.0578561 -0.0626056 0.99636 0.0807287
345 356 114 0.998698 -0.00276941 -0.050939 0.962508 0.0044087 0.999475 0.0320973 -0.118223 0.0508233 -0.03228 0.998186 0.244134
345 357 123 0.998803 -0.000783309 -0.0489089 0.696262 0.0012842 0.999947 0.0102107 0.715305 0.0488983 -0.0102613 0.998751 -0.0596484
