0 1 0 1 0 0 0 0 1 0 0 0 0 1 0
0 2 172 0.998372 0.0183805 -0.0539916 0.921929 -0.0171607 0.999589 0.0229711 -0.362438 0.0543916 -0.0220072 0.998277 0.136695
0 3 24 0.99989 0.0148085 -0.000995283 0.22493 -0.0148025 0.999874 0.00578479 0.280661 0.00108082 -0.00576942 0.999983 0.933079
0 4 16 0.999954 0.00869434 0.00400423 0.922465 -0.00873359 0.999913 0.00989319 -0.0708013 -0.00391787 -0.00992771 0.999943 -0.379533
0 5 44 0.999969 0.005929 -0.00512538 -0.245354 -0.00588941 0.999953 0.00770668 -0.130754 0.00517083 -0.00767626 0.999957 0.960575
0 6 31 0.999628 0.0266973 -0.00560811 -0.151268 -0.0267546 0.999588 -0.0104044 -0.002933 0.00532803 0.0105506 0.99993 0.988488
0 7 19 0.999955 0.00870148 0.00369274 -0.831475 -0.00867288 0.999933 -0.00769375 -0.134799 -0.00375944 0.00766138 0.999964 0.53896
0 8 0 1 0 0 0 0 1 0 0 0 0 1 0
0 9 129 0.99942 -0.0124476 0.0316961 -0.916473 0.0131444 0.999674 -0.0218719 0.255571 -0.0314135 0.0222758 0.999258 -0.307834
0 10 120 0.999969 -0.00672999 0.0039819 -0.883539 0.00679548 0.999838 -0.0166696 0.15493 -0.00386907 0.0166961 0.999853 -0.44199
0 11 29 0.999854 0.000470765 -0.0170612 0.949011 -0.000727142 0.999887 -0.0150238 -0.0625258 0.0170522 0.015034 0.999742 -0.30898
0 12 42 0.999988 0.000204309 0.00490433 -0.898511 -0.000126372 0.999874 -0.0158866 0.0855258 -0.00490695 0.0158858 0.999862 -0.430538
0 13 33 0.999797 0.00188712 -0.0200716 0.976074 -0.00218476 0.999888 -0.0148176 -0.10491 0.0200414 0.0148584 0.999689 -0.190458
0 14 52 0.999557 0.000864935 -0.0297507 0.985676 -0.00137267 0.999854 -0.0170503 0.00814653 0.0297316 0.0170836 0.999412 0.168453
15 16 11 0.999988 -0.004735 0.000909396 -0.849614 0.00473586 0.999988 -0.000950913 -0.220856 -0.000904883 0.000955209 0.999999 0.478936
15 17 22 0.999926 -0.00913083 -0.00800747 0.823909 0.00909894 0.999951 -0.00401063 0.195041 0.00804369 0.00393748 0.99996 -0.532102
15 18 17 0.999818 -0.0139254 -0.0130022 0.901668 0.0138827 0.999898 -0.00337271 0.262203 0.0130478 0.00319159 0.99991 -0.343866
15 19 29 0.999908 -0.00851093 -0.0105278 0.818315 0.00848789 0.999961 -0.00223195 0.352199 0.0105464 0.00214239 0.999942 -0.454221
15 20 24 0.999859 -0.016748 0.000847694 0.44253 0.0167441 0.99985 0.00440413 -0.0744313 -0.000921328 -0.00438932 0.99999 0.893659
15 21 59 0.999851 -0.00933439 -0.0144872 0.828791 0.00913845 0.999867 -0.0135326 0.270298 0.0146116 0.0133982 0.999803 -0.489943
15 22 59 0.99979 -0.00644722 -0.0194634 0.905978 0.0063011 0.999952 -0.00755945 0.0434707 0.0195112 0.00743522 0.999782 -0.421087
15 23 19 0.999995 -0.00283715 0.00157742 -0.919092 0.00286061 0.999882 -0.0150717 0.113542 -0.00153448 0.0150761 0.999885 -0.377331
15 24 30 0.999896 0.00781424 -0.0120895 0.0328215 -0.00813505 0.99961 -0.0267183 -0.270711 0.011876 0.0268139 0.99957 -0.962101
15 25 66 0.9996 0.00137511 -0.028265 0.745956 -0.00228525 0.999479 -0.0321932 0.0719163 0.028206 0.0322449 0.999082 -0.6621
15 26 186 0.998731 0.00809751 -0.0497015 0.876671 -0.00972991 0.999418 -0.0326906 0.0469024 0.0494078 0.0331327 0.998229 -0.478799
15 27 157 0.998752 0.0171039 -0.046918 0.938369 -0.0186868 0.999264 -0.033508 0.151434 0.0463103 0.0343429 0.998337 -0.310693
15 28 91 0.999054 0.0204575 -0.0383748 0.800674 -0.0216008 0.999328 -0.0296187 0.13946 0.0377431 0.0304196 0.998824 -0.582642
15 29 92 0.99739 0.027518 -0.0667493 0.922979 -0.0294607 0.999165 -0.0282968 0.121086 0.0659149 0.0301894 0.997368 -0.365305
30 31 0 1 0 0 0 0 1 0 0 0 0 1 0
30 32 15 0.999905 0.00878674 0.0105927 -0.643003 -0.00882411 0.999955 0.00348626 0.00819744 -0.0105616 -0.0035794 0.999938 0.76582
30 33 19 0.999956 0.00832622 0.00435516 -0.884755 -0.00834506 0.999956 0.00432422 -0.177836 -0.00431896 -0.00436037 0.999981 0.430794
30 34 10 0.999975 0.00436131 -0.00551806 -0.796438 -0.00434481 0.999986 0.00299905 -0.102685 0.00553106 -0.002975 0.99998 0.595938
30 35 55 0.999998 0.00142432 0.00169141 -0.841922 -0.00143215 0.999988 0.00463597 -0.133183 -0.00168479 -0.00463838 0.999988 0.522904
30 36 22 0.9999 0.00476525 -0.0132933 0.79681 -0.00475825 0.999989 0.000558412 0.0957571 0.0132958 -0.000495104 0.999911 -0.596594
30 37 34 0.999638 0.000497091 -0.0268947 0.887223 -0.000471183 0.999999 0.000969629 0.159466 0.0268952 -0.000956606 0.999638 -0.432905
30 38 32 0.99976 0.0111706 -0.0188347 0.835381 -0.0110436 0.999916 0.00683222 0.116445 0.0189095 -0.00662258 0.999799 -0.537195
30 39 19 0.999543 0.0228113 -0.019834 0.921854 -0.0226308 0.999701 0.00927716 0.191229 0.0200397 -0.00882406 0.99976 -0.337071
30 40 22 0.999722 0.0164451 -0.0168932 -0.614167 -0.016224 0.999782 0.0131393 -0.232963 0.0171056 -0.0128616 0.999771 0.754007
30 41 38 0.998834 0.0117159 -0.0468279 0.930768 -0.0110659 0.999839 0.014115 0.204918 0.0469858 -0.0135804 0.998803 -0.302787
30 42 25 0.999691 -0.000379045 -0.0248619 0.982529 0.00085788 0.999814 0.019252 0.126183 0.02485 -0.0192673 0.999506 -0.136798
30 43 26 0.999383 0.00210333 -0.0350698 -0.839147 -0.00155368 0.999876 0.015693 -0.197016 0.0350984 -0.0156288 0.999262 0.506969
30 44 12 0.999034 -0.000532888 -0.0439491 0.184167 0.00186615 0.999539 0.030301 -0.054145 0.0439127 -0.0303538 0.998574 -0.981402
45 46 31 0.999899 0.0116817 -0.00809578 0.780751 -0.0117241 0.999918 -0.00521577 0.435118 0.00803418 0.00531016 0.999954 0.448443
45 47 55 0.999847 0.00854239 0.0152475 -0.63145 -0.00855299 0.999963 0.000630002 -0.169334 -0.0152416 -0.000760318 0.999884 0.756701
45 48 25 0.999841 0.00358437 -0.0174461 0.974431 -0.00375405 0.999946 -0.00970324 0.200741 0.0174104 0.00976719 0.999801 -0.100935
45 49 25 0.999848 0.000788049 -0.0173941 -0.422172 -0.000764642 0.999999 0.00135231 -0.0144653 0.0173952 -0.0013388 0.999848 0.9064
45 50 17 0.999919 0.01074 -0.00689951 -0.835498 -0.0106481 0.999856 0.0132308 -0.115367 0.00704061 -0.0131562 0.999889 0.537246
45 51 22 0.99961 -0.0279094 0.000907875 0.222617 0.0279177 0.999549 -0.0110958 0.412218 -0.000597787 0.0111169 0.999938 -0.883469
45 52 22 0.999103 0.0373494 -0.0199632 -0.959104 -0.0377833 0.999048 -0.0218188 -0.181985 0.0191293 0.0225535 0.999563 0.216798
45 53 45 0.997279 0.0399631 -0.0619444 0.993735 -0.0410927 0.99901 -0.0170695 0.0415118 0.0612009 0.0195685 0.997934 -0.103766
45 54 20 0.998219 0.0515891 -0.029948 0.309505 -0.0515528 0.998668 0.00198354 -0.112464 0.0300104 -0.000436104 0.999549 0.944224
45 55 42 0.997352 0.0601756 -0.0408407 0.990994 -0.0599343 0.998177 0.00710875 -0.0399562 0.041194 -0.00464217 0.99914 0.127803
45 56 26 0.997637 0.0565256 -0.0390665 0.992097 -0.056011 0.99833 0.0141435 0.0259251 0.0398007 -0.0119219 0.999137 -0.122768
45 57 35 0.997645 0.0477419 -0.0492435 0.997606 -0.0470396 0.998775 0.0153247 -0.0172989 0.0499148 -0.0129722 0.998669 0.0669623
45 58 30 0.9977 0.0499868 -0.0457811 0.997529 -0.0495986 0.998723 0.00957663 -0.0038124 0.0462013 -0.00728392 0.998906 0.0701508
45 59 44 0.997284 0.0511087 -0.0530317 0.999381 -0.0508543 0.998687 0.00613683 0.0294364 0.0532757 -0.00342327 0.998574 -0.0192847
60 61 12 0.999994 0.00325193 0.00137515 -0.354901 -0.0032569 0.999988 0.00362828 0.0476491 -0.00136333 -0.00363273 0.999992 0.933689
60 62 14 0.999991 0.000628746 0.00409829 -0.377949 -0.000643 0.999994 0.00347759 -0.0641324 -0.00409608 -0.00348019 0.999986 0.923603
60 63 25 0.999995 -0.00307631 -0.000185947 0.388892 0.00307598 0.999994 -0.0017154 0.205631 0.000191223 0.00171482 0.999999 -0.898042
60 64 16 0.999941 -0.00962298 -0.00510911 0.360688 0.0096222 0.999954 -0.00017737 0.0327515 0.00511058 0.000128199 0.999987 0.932111
60 65 77 0.999733 -0.0157442 0.0169256 -0.899257 0.0158122 0.999867 -0.00389451 0.131507 -0.0168621 0.0041611 0.999849 -0.417185
60 66 20 0.99989 -0.0137239 -0.00563166 0.894397 0.0136649 0.999853 -0.0103736 0.100922 0.0057732 0.0102955 0.99993 -0.435738
60 67 25 0.999742 -0.0131697 -0.0184901 0.99487 0.0129528 0.999846 -0.0118032 0.0901966 0.0186427 0.0115606 0.999759 -0.045816
60 68 15 0.999829 -0.0120048 -0.0140348 0.983209 0.0118216 0.999845 -0.0130666 0.0409512 0.0141894 0.0128984 0.999816 -0.177826
60 69 104 0.99962 -0.00714487 -0.0266099 0.95128 0.00675101 0.999867 -0.0148619 0.017228 0.0267126 0.0146766 0.999535 -0.307847
60 70 36 0.999671 -0.00854805 -0.0241928 0.850415 0.008251 0.99989 -0.0123519 0.110537 0.0242958 0.0121482 0.999631 -0.51437
60 71 88 0.99924 -0.0107774 -0.0374637 0.984988 0.0104899 0.999914 -0.00786215 0.0358068 0.0375452 0.00746318 0.999267 -0.168871
60 72 130 0.997416 0.000687004 -0.07184 0.993062 -0.00118292 0.999976 -0.00686074 -0.0553109 0.0718335 0.00692799 0.997393 0.103772
60 73 76 0.999152 -0.00093747 -0.0411705 0.933156 0.000498558 0.999943 -0.0106698 0.0853145 0.0411782 0.0106402 0.999095 -0.349201
60 74 66 0.998478 0.00121571 -0.0551298 0.955765 -0.00169013 0.999962 -0.00855962 0.027679 0.0551173 0.00863977 0.998443 -0.292828
75 76 0 1 0 0 0 0 1 0 0 0 0 1 0
75 77 0 1 0 0 0 0 1 0 0 0 0 1 0
75 78 31 0.999827 0.0038903 -0.0181693 0.942357 -0.0039389 0.999989 -0.00263938 0.0967745 0.0181588 0.00271049 0.999831 -0.320309
75 79 23 0.999893 0.0100305 -0.0106723 0.511079 -0.0100831 0.999937 -0.00488297 0.22471 0.0106226 0.00499005 0.999931 -0.82964
75 80 25 0.999821 0.0159281 -0.0102126 0.556083 -0.0160177 0.999833 -0.00875807 0.163793 0.0100714 0.00892009 0.999909 -0.814827
75 81 32 0.999594 0.0189896 -0.0212261 0.816026 -0.0193046 0.999705 -0.0147377 0.0611203 0.02094 0.0151415 0.999666 -0.574774
75 82 38 0.999216 0.0205628 -0.0338278 0.839569 -0.0210186 0.999692 -0.0131728 0.12124 0.0335465 0.0138735 0.999341 -0.529552
75 83 47 0.999134 0.023411 -0.0343988 0.669672 -0.0238274 0.999647 -0.0117467 0.193464 0.0341116 0.0125562 0.999339 -0.717015
75 84 28 0.998909 0.0310262 -0.0349084 0.796746 -0.0314132 0.99945 -0.0105911 0.17645 0.0345606 0.0116761 0.999334 -0.57798
75 85 17 0.999446 0.0208969 -0.0259174 0.397347 -0.0210032 0.999772 -0.00383792 -0.328542 0.0258313 0.00438014 0.999657 0.856841
75 86 22 0.99843 0.0521937 -0.0203328 0.00031029 -0.0515306 0.998163 0.0318736 -0.494825 0.021959 -0.0307757 0.999285 -0.868993
75 87 80 0.997937 0.0494335 -0.0409617 0.939648 -0.048379 0.998481 0.0263494 0.252075 0.042202 -0.0243133 0.998813 -0.231345
75 88 93 0.998065 0.0473444 -0.0403204 0.885508 -0.0461385 0.998474 0.0303312 0.175394 0.0416949 -0.0284121 0.998726 -0.430247
75 89 30 0.999093 0.0395257 -0.0158427 0.361533 -0.0390103 0.998738 0.031622 -0.20871 0.0170726 -0.0309753 0.999374 0.908699
90 91 0 1 0 0 0 0 1 0 0 0 0 1 0
90 92 37 0.998564 -0.00898317 -0.0528217 0.802445 0.00760009 0.999624 -0.0263268 0.499569 0.0530384 0.0258875 0.998257 -0.326363
90 93 23 0.9997 -0.0100317 -0.0223557 0.584647 0.0101059 0.999944 0.00320569 0.2892 0.0223222 -0.00343065 0.999745 -0.757992
90 94 12 0.999835 -0.00736483 -0.0165874 0.387597 0.00747089 0.999952 0.00634106 -0.205862 0.0165399 -0.00646394 0.999842 0.898549
90 95 0 1 0 0 0 0 1 0 0 0 0 1 0
90 96 12 0.999441 -0.0120726 -0.0311749 0.860753 0.0120283 0.999926 -0.0016098 0.101791 0.031192 0.00123392 0.999513 -0.498741
90 97 52 0.996594 -0.00674004 -0.0821853 0.958883 0.00520994 0.999809 -0.0188179 0.206248 0.0822965 0.0183256 0.996439 -0.194947
90 98 36 0.997883 0.0106964 0.0641466 -0.569488 -0.00401785 0.994637 -0.103352 0.661347 -0.0649081 0.102875 0.992574 0.488162
90 99 35 0.999357 0.0199163 0.0297999 -0.347823 -0.0165188 0.993772 -0.110203 0.763241 -0.0318091 0.10964 0.993462 0.544502
90 100 17 0.999042 -0.0135853 -0.041606 0.693978 0.0133359 0.999891 -0.00626436 0.0771641 0.0416866 0.0057035 0.999114 -0.715849
90 101 39 0.99843 0.040733 0.0384488 -0.275596 -0.0336922 0.985091 -0.168703 0.80747 -0.0447473 0.167142 0.984917 0.521573
90 102 28 0.999063 -0.0103762 -0.0420264 0.300101 0.0100135 0.999911 -0.00883099 -0.211229 0.0421143 0.00840188 0.999077 0.930226
90 103 38 0.996182 -0.00177799 -0.0872799 0.948653 0.000897491 0.999948 -0.0101264 0.0597879 0.0872933 0.0100094 0.996132 -0.310616
90 104 34 0.994984 0.00666951 -0.0998123 0.962157 -0.00776555 0.999914 -0.0105965 0.0344759 0.099733 0.0113184 0.99495 -0.270308
105 106 0 1 0 0 0 0 1 0 0 0 0 1 0
105 107 22 0.999618 0.0201984 -0.0188561 0.914208 -0.0201107 0.999786 0.00483336 -0.324499 0.0189497 -0.0044523 0.999811 -0.242742
105 108 10 0.999633 0.0261406 -0.00716901 -0.973487 -0.0261906 0.999633 -0.0069708 0.208981 0.00698416 0.007156 0.99995 -0.093008
105 109 33 0.99875 0.0439478 -0.0238321 0.993685 -0.0442914 0.998919 -0.0140863 -0.0489755 0.0231873 0.0151242 0.999617 -0.100953
105 110 32 0.998376 0.0526682 -0.0217001 0.971024 -0.0530289 0.998458 -0.0163941 -0.0458999 0.0208032 0.0175182 0.99963 -0.234532
105 111 43 0.997178 0.0630902 -0.0406849 0.90605 -0.0636237 0.997902 -0.0119541 -0.0427028 0.0398454 0.0145089 0.999101 -0.42101
105 112 47 0.996811 0.0631006 -0.0488553 0.998702 -0.0635676 0.997945 -0.00806287 -0.0349385 0.0482461 0.0111428 0.998773 -0.0370726
105 113 41 0.997094 0.0626936 -0.0432731 0.980024 -0.0630192 0.997993 -0.00620149 -0.0297081 0.0427974 0.0089105 0.999044 -0.196649
105 114 44 0.996694 0.0637766 -0.0503329 0.985842 -0.0638945 0.997956 -0.000735682 -0.071589 0.0501831 0.00394925 0.998732 -0.151626
105 115 0 1 0 0 0 0 1 0 0 0 0 1 0
105 116 0 1 0 0 0 0 1 0 0 0 0 1 0
105 117 0 1 0 0 0 0 1 0 0 0 0 1 0
105 118 0 1 0 0 0 0 1 0 0 0 0 1 0
105 119 14 0.995776 -0.0815598 0.04216 -0.215459 0.0842304 0.994257 -0.0660152 0.322807 -0.0365337 0.0692875 0.996928 -0.921614
120 121 0 1 0 0 0 0 1 0 0 0 0 1 0
120 122 0 1 0 0 0 0 1 0 0 0 0 1 0
120 123 21 0.999792 -0.0100676 0.017755 0.272432 0.00958217 0.999584 0.0272147 -0.591146 -0.0180216 -0.0270389 0.999472 0.759162
120 124 11 0.999455 0.0219292 0.0246645 0.429141 -0.0226061 0.999366 0.027508 -0.241783 -0.0240456 -0.0280506 0.999317 0.870275
120 125 15 0.999337 0.0291852 0.0217464 -0.436542 -0.0300731 0.998678 0.0416864 0.284542 -0.020501 -0.0423127 0.998894 -0.853502
120 126 16 0.999905 -0.0134997 0.00280496 0.452997 0.0133481 0.998738 0.0484231 -0.234773 -0.00345512 -0.0483811 0.998823 0.860044
120 127 32 0.998915 -0.0442913 -0.0143793 0.463595 0.0446823 0.998605 0.0281191 0.131804 0.0131138 -0.0287311 0.999501 0.876189
120 128 37 0.995479 -0.0689305 0.0653404 -0.801851 0.0653746 0.996339 0.0550828 -0.308766 -0.0688981 -0.0505622 0.996342 0.511565
120 129 24 0.99928 -0.0362104 -0.0113625 0.90982 0.0366381 0.998528 0.0400058 -0.0793222 0.00989711 -0.0403933 0.999135 0.407351
120 130 14 0.999596 -0.000314445 0.0284284 0.376709 -0.000157946 0.999862 0.0166131 0.0383666 -0.0284297 -0.0166109 0.999458 0.925537
120 131 19 0.999195 -0.0387888 0.0101889 0.418345 0.0383388 0.998417 0.0411645 -0.107228 -0.0117695 -0.0407408 0.9991 0.901936
120 132 0 1 0 0 0 0 1 0 0 0 0 1 0
120 133 14 0.997778 -0.0572577 -0.0340778 0.450052 0.0590789 0.996733 0.0550778 -0.152654 0.0308128 -0.0569687 0.9979 0.879858
120 134 12 0.997419 -0.0538603 -0.0474795 0.429747 0.0569636 0.99615 0.0666328 -0.174936 0.0437079 -0.0691654 0.996647 0.885841
135 136 0 1 0 0 0 0 1 0 0 0 0 1 0
135 137 0 1 0 0 0 0 1 0 0 0 0 1 0
135 138 22 0.999731 0.00641958 -0.0222773 0.260312 -0.00682989 0.999808 -0.0183912 -0.261265 0.0221549 0.0185384 0.999583 0.929504
135 139 0 1 0 0 0 0 1 0 0 0 0 1 0
135 140 0 1 0 0 0 0 1 0 0 0 0 1 0
135 141 25 0.998951 -0.0131075 -0.0438798 -0.085268 0.0112983 0.999086 -0.0412262 -0.327839 0.0443801 0.0406872 0.998186 0.940878
135 142 15 0.996968 0.00689264 -0.0775047 0.894958 -0.00984612 0.999237 -0.0377897 0.22669 0.0771851 0.0384383 0.996276 -0.384268
135 143 24 0.997877 0.0298746 -0.0578626 0.242744 -0.0310388 0.999331 -0.0193271 -0.266873 0.0572465 0.0210821 0.998137 0.93266
135 144 14 0.996043 0.012988 -0.0879183 0.894584 -0.0156817 0.999426 -0.0300169 0.173274 0.087478 0.0312768 0.995675 -0.411942
135 145 27 0.997441 0.0149425 -0.0699116 -0.719776 -0.0166198 0.999586 -0.0234726 -0.256541 0.0695319 0.0245745 0.997277 0.645065
135 146 31 0.996385 0.0619687 -0.0581035 0.0091273 -0.0623153 0.998048 -0.00417066 -0.187921 0.0577316 0.00777632 0.998302 0.982142
135 147 23 0.994147 0.0788327 -0.0738696 -0.423528 -0.078935 0.996879 0.00153721 0.351001 0.0737602 0.00430268 0.997267 -0.835118
135 148 30 0.996106 0.0504204 -0.0723253 -0.727457 -0.0512096 0.998646 -0.00909749 0.192988 0.0717687 0.0127658 0.99734 -0.658455
135 149 26 0.992896 0.075845 -0.0916799 -0.185795 -0.075741 0.997117 0.00461798 0.163327 0.0917658 0.00235876 0.995778 -0.968919
150 151 0 1 0 0 0 0 1 0 0 0 0 1 0
150 152 23 0.99996 0.00895317 -0.000216097 -0.368174 -0.00895281 0.999959 0.00164978 0.28008 0.000230858 -0.00164778 0.999999 -0.886568
150 153 0 1 0 0 0 0 1 0 0 0 0 1 0
150 154 0 1 0 0 0 0 1 0 0 0 0 1 0
150 155 0 1 0 0 0 0 1 0 0 0 0 1 0
150 156 23 0.99973 0.0116818 -0.0200789 0.65439 -0.0118366 0.999901 -0.00760757 -0.142325 0.019988 0.00784318 0.999769 0.742643
150 157 102 0.998849 -0.00160105 -0.0479297 0.994642 0.00083281 0.999871 -0.0160442 0.0821809 0.0479492 0.0159858 0.998722 -0.0627236
150 158 91 0.997568 0.00300872 -0.0696309 0.995877 -0.00438672 0.999797 -0.0196457 0.0805363 0.0695577 0.0199033 0.997379 -0.0417507
150 159 75 0.994541 0.0168692 -0.102978 0.986243 -0.0182478 0.999756 -0.01246 -0.0186741 0.102743 0.0142711 0.994606 -0.164245
150 160 72 0.998513 0.0166078 -0.051915 0.995066 -0.0174643 0.999718 -0.0160866 -0.0340705 0.0516332 0.0169693 0.998522 0.093181
150 161 51 0.999816 0.00478428 -0.0185639 -0.767371 -0.00517395 0.999766 -0.0209995 -0.102358 0.0184591 0.0210917 0.999607 0.63298
150 162 18 0.999078 -9.92194e-05 -0.0429284 0.934884 -0.000831511 0.999765 -0.0216626 0.109374 0.0429205 0.0216783 0.998843 -0.337681
150 163 72 0.995911 0.00906932 -0.0898866 0.99717 -0.011156 0.999679 -0.0227394 0.0356323 0.0896516 0.0236491 0.995692 -0.066204
150 164 18 0.9984 0.0129675 -0.0550354 0.965404 -0.014202 0.999655 -0.0220996 0.0011723 0.0547298 0.0228458 0.99824 -0.260755
165 166 0 1 0 0 0 0 1 0 0 0 0 1 0
165 167 49 0.999584 -0.000860131 -0.0288283 0.941091 0.000831348 0.999999 -0.00101041 0.149234 0.0288292 0.00098602 0.999584 -0.303441
165 168 74 0.998452 0.0143882 -0.053721 0.985979 -0.0138385 0.999848 0.0105906 -0.124315 0.0538652 -0.00983079 0.9985 -0.111315
165 169 47 0.999774 0.0153131 0.0147762 -0.834725 -0.0153091 0.999883 -0.000385014 -0.0831645 -0.0147804 0.000158716 0.999891 0.54435
165 170 79 0.998684 0.0247256 -0.04494 0.973391 -0.0245709 0.99969 0.00399126 -0.188424 0.0450248 -0.00288179 0.998982 -0.130408
165 171 72 0.999148 0.0305593 -0.0277322 0.977201 -0.0306405 0.999527 -0.00250541 -0.148184 0.0276426 0.00335301 0.999612 -0.152052
165 172 49 0.999579 0.0205266 0.0205297 -0.715444 -0.0203391 0.99975 -0.0092997 -0.160231 -0.0207155 0.00887822 0.999746 0.680049
165 173 20 0.998754 0.0494373 -0.00686579 0.929239 -0.0494117 0.998771 0.00385249 -0.0662239 0.00704781 -0.00350843 0.999969 -0.363496
165 174 25 0.998848 0.0459933 -0.0136535 0.96798 -0.0458757 0.998908 0.00880452 0.117956 0.0140435 -0.00816802 0.999868 0.221589
165 175 54 0.998435 0.0391105 -0.0399794 0.987241 -0.0387884 0.999209 0.00880116 0.0151837 0.040292 -0.00723664 0.999162 -0.158509
165 176 27 0.999136 0.0328007 0.0255356 -0.810351 -0.0330692 0.999401 0.0101644 -0.0482694 -0.0251869 -0.0110001 0.999622 0.583953
165 177 55 0.997671 0.0427617 -0.0531505 0.998263 -0.0422125 0.999043 0.0114134 -0.0583404 0.0535877 -0.00914321 0.998521 -0.00817657
165 178 53 0.998151 0.0338659 -0.0504721 0.989104 -0.0338542 0.999426 0.00108737 -0.00234659 0.05048 0.000623331 0.998725 -0.1472
165 179 49 0.998236 0.0288834 -0.0518739 0.986969 -0.0290931 0.999571 -0.00329123 0.0422965 0.0517566 0.00479459 0.998648 -0.155253
180 181 0 1 0 0 0 0 1 0 0 0 0 1 0
180 182 0 1 0 0 0 0 1 0 0 0 0 1 0
180 183 10 0.999995 -0.00143965 -0.00285562 -0.586389 0.00145361 0.999987 0.00489319 -0.303746 0.00284854 -0.00489732 0.999984 0.750924
180 184 0 1 0 0 0 0 1 0 0 0 0 1 0
180 185 34 0.999719 0.00695376 -0.0226627 0.954758 -0.00695115 0.999976 0.000194109 0.182198 0.0226635 -3.65221e-05 0.999743 -0.235036
180 186 26 0.999639 0.00787216 -0.0256873 0.970192 -0.00787413 0.999969 2.44491e-05 -0.0918158 0.0256867 0.000177825 0.99967 -0.224272
180 187 26 0.999623 -2.13744e-05 -0.0274613 0.926349 -0.000214908 0.999963 -0.00860123 0.091567 0.0274604 0.00860389 0.999586 -0.365368
180 188 68 0.997295 0.0104392 -0.0727584 0.918295 -0.0108929 0.999924 -0.00584243 0.0328616 0.0726918 0.00661918 0.997332 -0.39453
180 189 32 0.99888 0.0112021 -0.0459744 0.89937 -0.0114273 0.999924 -0.00464037 0.047138 0.045919 0.00516053 0.998932 -0.434639
180 190 71 0.998261 0.0156844 -0.0568324 0.931506 -0.0161379 0.999841 -0.00752988 0.118817 0.0567053 0.00843394 0.998355 -0.343772
180 191 53 0.997777 0.0164457 -0.0645858 0.910866 -0.0169419 0.999831 -0.00714386 0.135644 0.0644574 0.00822218 0.997887 -0.389774
180 192 61 0.996685 0.0228678 -0.0780727 0.951804 -0.0231528 0.999728 -0.00274681 0.0888317 0.0779887 0.0045453 0.996944 -0.293562
180 193 24 0.99777 0.0185905 -0.0641106 0.933715 -0.0189265 0.99981 -0.00463713 0.103989 0.0640122 0.00584017 0.997932 -0.342581
180 194 31 0.998007 0.0192868 -0.0600865 0.777826 -0.0195822 0.999799 -0.0043317 0.0774011 0.0599908 0.00549969 0.998184 -0.623695
195 196 0 1 0 0 0 0 1 0 0 0 0 1 0
195 197 0 1 0 0 0 0 1 0 0 0 0 1 0
195 198 27 0.999734 0.017152 -0.0154464 0.953613 -0.0170174 0.999816 0.00880398 0.0746437 0.0155946 -0.00853877 0.999842 -0.291636
195 199 24 0.999586 0.0240384 -0.0158393 0.962878 -0.0239128 0.999681 0.0080697 0.140679 0.0160282 -0.00768759 0.999842 -0.230379
195 200 47 0.997352 0.0425292 -0.0590017 0.978441 -0.0415734 0.998985 0.0173341 -0.204247 0.059679 -0.0148353 0.998107 -0.0306126
195 201 30 0.998176 0.0292061 -0.0528453 0.926451 -0.030336 0.999325 -0.0207057 0.254746 0.0522049 0.022271 0.998388 0.277117
195 202 37 0.997737 0.0444096 -0.0504865 0.961127 -0.0457338 0.998631 -0.025383 0.152314 0.0492901 0.0276345 0.998402 0.230294
195 203 26 0.999467 0.0285428 -0.0158683 0.7996 -0.0290435 0.999057 -0.0322768 0.11987 0.014932 0.0327205 0.999353 -0.588448
195 204 39 0.997737 0.0394172 -0.0544805 0.931808 -0.0409117 0.998809 -0.0265944 0.0467496 0.0533673 0.0287631 0.998161 -0.359929
195 205 29 0.999063 0.0388378 0.0191074 -0.105061 -0.0396034 0.998355 0.0414708 -0.553944 -0.0174653 -0.0421886 0.998957 0.825899
195 206 54 0.996984 0.0494529 -0.0598138 0.94826 -0.0495952 0.998769 -0.000895826 0.0549546 0.0596959 0.0038596 0.998209 -0.312704
195 207 22 0.997967 0.0474709 -0.0425359 0.971879 -0.0475197 0.99887 -0.000136069 0.0249755 0.0424814 0.00215709 0.999095 -0.234151
195 208 31 0.997391 0.0475234 -0.0543451 0.98788 -0.0480914 0.998801 -0.00919006 0.135465 0.0538432 0.0117796 0.99848 0.0757761
195 209 31 0.998474 0.0400251 -0.0380526 0.953475 -0.0405136 0.999105 -0.0121541 0.048813 0.0375321 0.0136772 0.999202 -0.297495
210 211 0 1 0 0 0 0 1 0 0 0 0 1 0
210 212 30 0.99979 -0.0157459 0.0131226 -0.772808 0.0154941 0.999698 0.0190707 -0.610275 -0.013419 -0.0188634 0.999732 -0.174162
210 213 0 1 0 0 0 0 1 0 0 0 0 1 0
210 214 0 1 0 0 0 0 1 0 0 0 0 1 0
210 215 13 0.998605 -0.0515813 -0.0112952 -0.262918 0.0516062 0.998666 0.00192383 -0.329359 0.0111809 -0.00250405 0.999934 0.906861
210 216 13 0.99906 -0.0375625 -0.0216377 0.421522 0.0376492 0.999284 0.00361337 0.276542 0.0214865 -0.00442462 0.999759 -0.863623
210 217 42 0.996706 -0.0127486 -0.0800921 0.971925 0.0128959 0.999916 0.00132191 0.184177 0.0800685 -0.00235042 0.996787 -0.146425
210 218 19 0.998277 -0.0183318 -0.0557479 0.946454 0.0188332 0.999787 0.00848169 0.131244 0.0555805 -0.00951698 0.998409 -0.294956
210 219 29 0.996233 -0.00742415 -0.0863932 0.93781 0.00815648 0.999934 0.00812685 0.0453714 0.0863272 -0.0088009 0.996228 -0.34417
210 220 24 0.996365 -0.00641968 -0.084944 0.942741 0.00724559 0.999929 0.00941833 0.158261 0.0848776 -0.00999956 0.996341 -0.293587
210 221 21 0.997774 -0.0105096 -0.0658457 0.977699 0.0114429 0.999839 0.0138128 0.140272 0.0656899 -0.0145355 0.997734 -0.156296
210 222 25 0.992806 -0.00445231 -0.119647 0.979521 0.00529863 0.999963 0.00675626 0.1531 0.119613 -0.00734162 0.992793 -0.130762
210 223 32 0.993931 0.00129843 -0.109994 0.986597 7.50726e-05 0.999922 0.012482 0.110459 0.110001 -0.0124145 0.993854 -0.120106
210 224 20 0.993354 0.017922 -0.113695 0.991753 -0.0151869 0.999575 0.0248765 0.00341442 0.114093 -0.0229845 0.993204 -0.128119
225 226 10 0.999793 0.00152068 -0.0202826 0.976583 -0.00137817 0.999974 0.0070383 -0.209122 0.0202928 -0.00700889 0.99977 0.0505269
225 227 16 0.999827 0.00459577 -0.0180086 0.876983 -0.00452248 0.999981 0.0041081 0.0130118 0.0180271 -0.00402595 0.999829 0.480345
225 228 48 0.999279 0.0104352 -0.0365033 0.982958 -0.0101932 0.999925 0.00680933 -0.154773 0.0365716 -0.00643234 0.99931 0.0991888
225 229 29 0.99962 0.0193775 -0.019615 0.999679 -0.0193758 0.999812 0.000275972 0.00918014 0.0196166 0.000104189 0.999808 -0.0236129
225 230 26 0.997597 0.032463 -0.06121 0.969251 -0.0317568 0.999418 0.0124747 -0.00410214 0.0615793 -0.0105009 0.998047 -0.24604
225 231 0 1 0 0 0 0 1 0 0 0 0 1 0
225 232 17 0.974876 0.0664652 0.212599 -0.917837 -0.0945801 0.987647 0.124928 -0.363026 -0.20167 -0.141897 0.96912 -0.160586
225 233 10 0.991356 -0.131198 -0.000285829 -0.187573 0.131074 0.99032 0.0456818 -0.232563 -0.00571029 -0.0453244 0.998956 0.954322
225 234 18 0.997514 0.0309012 -0.0633281 0.950951 -0.0265719 0.997325 0.0681009 0.0979058 0.0652631 -0.0662489 0.995667 0.293441
225 235 25 0.999513 0.00573445 0.0306602 -0.640678 -0.00799939 0.997206 0.0742679 -0.187652 -0.0301487 -0.074477 0.996767 0.744526
225 236 32 0.997302 0.0357803 -0.0641019 0.987176 -0.0311197 0.996898 0.0722842 0.0156158 0.0664894 -0.0700943 0.995322 0.158872
225 237 17 0.9983 0.0328226 -0.0481708 0.924334 -0.0294027 0.997109 0.0700635 0.0384261 0.0503312 -0.068528 0.996379 0.379645
225 238 30 0.9945 0.0338816 -0.0991096 0.986421 -0.0278383 0.997704 0.0617366 0.0346698 0.100974 -0.058638 0.99316 0.160536
225 239 19 0.999684 0.0248327 -0.00378643 0.771244 -0.0245896 0.998211 0.0544991 0.00549527 0.00513302 -0.0543888 0.998507 0.636515
240 241 0 1 0 0 0 0 1 0 0 0 0 1 0
240 242 17 0.999908 0.00117147 -0.0134928 0.964531 -0.00115117 0.999998 0.00151188 -0.199156 0.0134945 -0.00149621 0.999908 0.173255
240 243 19 0.999948 -0.00202622 -0.0100173 0.949709 0.00200129 0.999995 -0.00249854 -0.154837 0.0100223 0.00247836 0.999947 0.272174
240 244 103 0.999377 -0.00243123 -0.0352062 0.966728 0.00248692 0.999996 0.001538 -0.254527 0.0352023 -0.00162459 0.999379 -0.0255665
240 245 28 0.999909 -0.00411536 -0.0128401 0.995913 0.00393102 0.999889 -0.014349 -0.0846782 0.0128977 0.0142972 0.999815 0.0314014
240 246 81 0.999494 -0.0011096 -0.0317924 0.968308 0.000666207 0.999902 -0.0139538 -0.034541 0.0318048 0.0139256 0.999397 -0.247361
240 247 29 0.999976 -0.00323542 -0.00606876 0.739554 0.00317304 0.999942 -0.0102604 0.0644611 0.0061016 0.0102409 0.999929 0.670004
240 248 101 0.999316 0.00432791 -0.0367159 0.898417 -0.00446561 0.999983 -0.00366928 -0.0149351 0.0366994 0.00383073 0.999319 -0.438889
240 249 67 0.999421 0.00605235 -0.0334959 0.88274 -0.00602713 0.999981 0.000853869 -0.0480033 0.0335005 -0.000651489 0.999438 -0.467404
240 250 16 0.999813 0.00894378 -0.0171326 0.190968 -0.00879485 0.999923 0.00874853 0.142458 0.0172095 -0.00859622 0.999815 0.971204
240 251 96 0.998296 0.00803366 -0.0577983 0.919761 -0.0073048 0.999891 0.0128107 0.0848196 0.057895 -0.0123666 0.998246 -0.383204
240 252 57 0.999091 0.0106417 -0.0412894 0.942162 -0.00987108 0.999774 0.0188222 0.0734046 0.0414803 -0.0183975 0.99897 -0.327022
240 253 60 0.999027 0.0202645 -0.0391682 0.945351 -0.0194626 0.999595 0.0207459 0.0580959 0.0395728 -0.0199634 0.999017 -0.320838
240 254 88 0.997946 0.0298236 -0.0566926 0.931815 -0.0285589 0.999328 0.0229896 -0.000907435 0.0573401 -0.0213233 0.998127 -0.362932
255 256 25 0.999968 0.00785207 -0.00160125 0.194982 -0.00783925 0.999938 0.00786573 0.170832 0.00166291 -0.00785293 0.999968 -0.965815
255 257 44 0.9996 0.0209859 -0.0189394 0.947358 -0.0206228 0.999604 0.019167 -0.289234 0.0193341 -0.0187688 0.999637 0.137318
255 258 64 0.998362 0.0426306 -0.0381671 0.956786 -0.0422625 0.999052 0.0103986 -0.0494101 0.0385743 -0.00876856 0.999217 0.286564
255 259 24 0.999251 0.0384485 0.00448356 0.594523 -0.0384515 0.99926 0.000582213 -0.47394 -0.00445786 -0.000754177 0.99999 0.649556
255 260 14 0.998309 0.057754 0.00661923 0.997244 -0.0576493 0.998223 -0.0150494 0.0376966 -0.00747663 0.0146423 0.999865 -0.0639029
255 261 21 0.998217 0.0596529 0.00208465 0.812805 -0.059608 0.998071 -0.0173478 0.0911534 -0.00311548 0.0171926 0.999847 -0.57536
255 262 55 0.997328 0.0683285 -0.0258641 0.888937 -0.0685445 0.997619 -0.00755875 0.0350991 0.025286 0.00931139 0.999637 -0.456682
255 263 64 0.996987 0.0672058 -0.0387449 0.994492 -0.0672021 0.997738 0.00139991 -0.0568026 0.0387513 0.00120804 0.999248 -0.0880843
255 264 53 0.997228 0.0686278 -0.0287395 0.964753 -0.0686464 0.997641 0.000340117 0.0739142 0.028695 0.00163369 0.999587 -0.252564
255 265 62 0.997224 0.0665092 -0.0334895 0.910374 -0.0664902 0.997786 0.0016814 0.0621399 0.0335272 0.000549995 0.999438 -0.409094
255 266 55 0.996972 0.0705348 -0.0327278 0.980259 -0.0706014 0.997504 -0.000882122 0.178505 0.0325839 0.00319008 0.999464 0.0850235
255 267 66 0.993354 0.0730918 -0.0889089 0.989728 -0.0733942 0.997303 -0.000131728 -0.0899296 0.0886594 0.00665625 0.99604 0.111138
255 268 21 0.998121 0.0577492 -0.0204705 0.976961 -0.0580957 0.99817 -0.0167552 0.00216755 0.0194655 0.017913 0.99965 -0.213407
255 269 22 0.998118 0.0579602 -0.0200501 -0.905482 -0.0583762 0.998077 -0.0208222 -0.0654828 0.0188047 0.0219534 0.999582 -0.419302
270 271 16 0.999996 0.000464894 -0.00262055 0.328429 -0.000463728 1 0.000445847 0.0759869 0.00262075 -0.000444631 0.999996 0.941467
270 272 0 1 0 0 0 0 1 0 0 0 0 1 0
270 273 25 0.999814 0.00776803 -0.0176574 0.417589 -0.00774759 0.999969 0.00122571 0.127927 0.0176664 -0.00108868 0.999843 0.899586
270 274 21 0.999405 0.00800314 -0.0335361 0.951002 -0.00806559 0.999966 -0.00172718 0.137974 0.0335211 0.00199664 0.999436 -0.276693
270 275 19 0.99952 0.00897474 -0.029639 -0.332328 -0.00895519 0.99996 0.00079234 0.250728 0.0296449 -0.000526537 0.99956 -0.909227
270 276 34 0.999422 0.00962761 -0.0326184 -0.511799 -0.00962603 0.999954 0.000205564 0.0349722 0.0326188 0.00010854 0.999468 -0.858393
270 277 142 0.996579 0.0182552 -0.0805987 0.976669 -0.0191484 0.999763 -0.0103233 0.180753 0.0803911 0.0118313 0.996693 -0.115956
270 278 103 0.985197 0.0360687 -0.167586 0.799782 -0.0199091 0.995073 0.0971239 -0.570865 0.170263 -0.0923498 0.981062 -0.185638
270 279 30 0.997459 0.0242171 -0.0669985 0.575799 -0.0236172 0.999674 0.00973077 -0.0135064 0.0672123 -0.00812372 0.997706 -0.81748
270 280 28 0.997758 0.0252377 -0.0619829 0.668856 -0.0247584 0.999657 0.00848925 0.0362099 0.0621759 -0.00693562 0.998041 0.74251
270 281 110 0.993226 0.0323534 -0.111601 0.878645 -0.0319297 0.999475 0.00558281 0.139681 0.111723 -0.00198162 0.993737 -0.456588
270 282 123 0.99384 0.0332858 -0.105705 0.850735 -0.0323656 0.999422 0.0104094 0.0502008 0.10599 -0.0069241 0.994343 -0.523192
270 283 45 0.994551 0.0318788 -0.0992548 0.742098 -0.0317602 0.999492 0.00277574 0.171612 0.0992928 0.000391733 0.995058 -0.647951
270 284 56 0.99244 0.0301011 -0.118985 0.899279 -0.0300122 0.999546 0.0025398 0.11181 0.119007 0.0010504 0.992893 -0.422842
285 286 0 1 0 0 0 0 1 0 0 0 0 1 0
285 287 15 0.999929 -0.00246742 -0.01165 0.317525 0.00245005 0.999996 -0.00150542 0.267995 0.0116537 0.00147677 0.999931 -0.909591
285 288 28 0.999871 0.0034686 -0.0156664 0.234435 -0.00332954 0.999955 0.00889357 0.148949 0.0156966 -0.00884026 0.999838 -0.960653
285 289 31 0.999937 -0.000299663 -0.0112345 -0.842774 0.000552649 0.999746 0.0225222 -0.0955115 0.0112249 -0.022527 0.999683 -0.529727
285 290 0 1 0 0 0 0 1 0 0 0 0 1 0
285 291 20 0.998863 0.00648282 -0.0472279 0.0833996 -0.00477599 0.999334 0.036164 0.00357362 0.047431 -0.0358974 0.998229 -0.99651
285 292 41 0.998536 0.0190426 -0.0506272 0.162224 -0.0171292 0.999132 0.0379618 0.406348 0.0513061 -0.037039 0.997996 -0.899202
285 293 17 0.998482 0.0216694 -0.0506371 0.562747 -0.0192392 0.998662 0.0479968 0.0514656 0.0516094 -0.0469497 0.997563 0.825026
285 294 78 0.994238 0.0296686 -0.103004 0.969725 -0.0250374 0.998629 0.0459671 0.138595 0.104227 -0.0431233 0.993618 -0.20106
285 295 38 0.995876 0.0279286 -0.0863169 0.936109 -0.024054 0.99867 0.045607 0.159142 0.0874759 -0.0433426 0.995223 -0.313647
285 296 69 0.992736 0.0391647 -0.113758 0.895541 -0.0338897 0.998275 0.0479406 0.0987052 0.115439 -0.0437371 0.992351 -0.433893
285 297 32 0.993043 0.0504257 -0.106413 0.939164 -0.0451789 0.997668 0.0511551 0.204339 0.108744 -0.0459916 0.993005 -0.276075
285 298 53 0.991705 0.0578718 -0.114766 0.778603 -0.0520114 0.997217 0.0534198 0.163489 0.117538 -0.0470075 0.991955 -0.605846
285 299 49 0.989344 0.0679976 -0.128746 0.978108 -0.0617509 0.996741 0.0519087 0.0849306 0.131856 -0.0434054 0.990318 -0.189978
300 301 26 0.999989 -0.00257926 -0.0040062 0.300678 0.00260145 0.999981 0.00554416 0.00442713 0.00399182 -0.00555452 0.999977 0.953715
300 302 23 0.999921 -0.00349732 -0.0120958 0.404579 0.00361814 0.999944 0.00998064 0.01898 0.0120602 -0.0100236 0.999877 0.914306
300 303 0 1 0 0 0 0 1 0 0 0 0 1 0
300 304 181 0.99887 0.0196459 -0.0432692 0.992731 -0.0192426 0.999768 0.00971696 0.109929 0.0434501 -0.00887337 0.999016 -0.0490047
300 305 19 0.999576 0.0256258 -0.0138169 0.603077 -0.0254789 0.999618 0.0107093 0.0312238 0.0140861 -0.0103527 0.999847 0.797071
300 306 12 0.999798 0.0112017 -0.0166648 0.562561 -0.0111463 0.999932 0.0034148 -0.584264 0.0167019 -0.00322836 0.999855 0.584945
300 307 107 0.998959 0.0270888 -0.0367146 0.943921 -0.0271279 0.999632 -0.000566461 -0.269605 0.0366858 0.00156186 0.999326 0.190593
300 308 14 0.999183 0.0367363 -0.0168222 0.956728 -0.0369463 0.999241 -0.0123482 0.256946 0.0163558 0.0129596 0.999782 -0.136569
300 309 105 0.999969 0.0060649 0.00505873 -0.68612 -0.00580903 0.998775 -0.0491462 0.709113 -0.00535059 0.0491153 0.998779 0.162476
300 310 77 0.999603 4.25413e-05 -0.0281864 0.472352 -0.000764592 0.999672 -0.0256067 -0.421368 0.0281761 0.0256181 0.999275 -0.774166
300 311 41 0.999635 0.0268507 -0.00306926 -0.573224 -0.0269342 0.99914 -0.0315271 -0.331576 0.00222009 0.0315982 0.999498 -0.749314
300 312 147 0.999909 -0.00334976 0.0130499 -0.876363 0.00411048 0.998267 -0.0587095 0.460921 -0.0128306 0.0587578 0.99819 -0.139783
300 313 51 0.999992 -0.00317725 -0.00251556 -0.987415 0.00305512 0.998883 -0.0471516 0.0163113 0.00266256 0.0471435 0.998885 -0.157307
300 314 139 0.999195 0.00500133 -0.0398024 0.787157 -0.00767502 0.997703 -0.0673075 0.488133 0.0393744 0.0675588 0.996938 -0.376975
315 316 0 1 0 0 0 0 1 0 0 0 0 1 0
315 317 24 0.999967 -0.00661111 0.00479011 0.383322 0.00660619 0.999978 0.00104344 0.23775 -0.0047969 -0.00101176 0.999988 -0.892491
315 318 0 1 0 0 0 0 1 0 0 0 0 1 0
315 319 0 1 0 0 0 0 1 0 0 0 0 1 0
315 320 11 0.99994 0.00130035 0.0109116 0.906041 -0.00143972 0.999917 0.0127745 0.210985 -0.0108941 -0.0127895 0.999859 -0.366845
315 321 92 0.999957 0.00653101 0.00662687 0.999449 -0.00661739 0.999892 0.0130987 0.0295118 -0.00654061 -0.013142 0.999892 0.0151661
315 322 19 0.999568 0.00859071 0.0281236 0.28036 -0.00886013 0.999916 0.00946948 0.310592 -0.0280399 -0.00971457 0.99956 -0.908257
315 323 32 0.999415 0.00892322 0.0330056 -0.416734 -0.00928043 0.9999 0.0106854 0.204032 -0.0329069 -0.0109855 0.999398 -0.885835
315 324 185 0.999887 0.0121179 0.00887813 0.969244 -0.0122289 0.999846 0.01256 0.0555399 -0.00872456 -0.0126671 0.999882 -0.239751
315 325 42 0.999629 0.0101801 0.0252562 -0.189187 -0.0105433 0.999842 0.014289 0.205313 -0.0251068 -0.01455 0.999579 -0.960237
315 326 19 0.999718 0.0114456 0.0208182 0.275679 -0.0118055 0.999782 0.0172441 0.309186 -0.0206163 -0.017485 0.999635 -0.910168
315 327 44 0.999755 0.0115727 0.0188866 -0.299453 -0.0119536 0.999725 0.0201825 0.208299 -0.0186478 -0.0204033 0.999618 -0.931096
315 328 27 0.999876 0.0125722 0.00943284 0.0794215 -0.0128004 0.999617 0.0245346 0.241659 -0.00912077 -0.0246523 0.999654 -0.967105
315 329 18 0.999759 0.0219089 0.00100939 0.781272 -0.0219293 0.999307 0.030073 0.217193 -0.000349821 -0.0300879 0.999547 -0.585185
330 331 17 0.999983 0.00205352 -0.00538065 0.383971 -0.00205736 0.999998 -0.000708519 -0.135242 0.00537919 0.000719578 0.999985 0.913387
330 332 40 0.999733 0.00438836 -0.0226725 0.857328 -0.00433596 0.999988 0.00235956 -0.079843 0.0226825 -0.00226063 0.99974 -0.508541
330 333 0 1 0 0 0 0 1 0 0 0 0 1 0
330 334 155 0.999287 0.000365019 -0.0377456 0.94615 -0.000236984 0.999994 0.00339646 -0.0667047 0.0377466 -0.00338509 0.999282 -0.316781
330 335 22 0.999557 -0.000282285 -0.0297506 0.915598 0.000231428 0.999999 -0.00171289 0.0977568 0.029751 0.00170524 0.999556 0.390031
330 336 15 0.999672 0.0044127 -0.0252097 0.992839 -0.00453077 0.999979 -0.00462845 0.0751662 0.0251888 0.00474115 0.999671 -0.0928443
330 337 31 0.999501 0.0104025 -0.0298156 0.874435 -0.0106469 0.999911 -0.00804732 0.0329798 0.0297292 0.00836075 0.999523 -0.484021
330 338 22 0.999603 0.0180646 -0.0216134 0.781743 -0.0182397 0.999802 -0.00793094 0.166439 0.0214659 0.00832202 0.999735 0.600979
330 339 131 0.997598 0.0200023 -0.0663257 0.999176 -0.021066 0.99966 -0.015378 -0.0384248 0.0659955 0.0167383 0.99768 -0.0130846
330 340 91 0.998068 0.0206104 -0.0586084 0.958081 -0.0218295 0.999557 -0.0202377 0.0276996 0.0581653 0.021478 0.998076 -0.285155
330 341 137 0.997385 0.0221758 -0.0687807 0.864747 -0.0235491 0.999538 -0.0192205 0.155149 0.0683227 0.02079 0.997447 -0.477642
330 342 75 0.997839 0.0209937 -0.0622662 0.632163 -0.0219974 0.999638 -0.0154771 0.19979 0.0619188 0.0168134 0.99794 -0.748635
330 343 49 0.998391 0.0229828 -0.0518335 -0.0458591 -0.0233869 0.999701 -0.00720341 0.229594 0.0516524 0.00840405 0.99863 -0.972206
330 344 61 0.997433 0.0330207 -0.0635376 0.239466 -0.032809 0.999452 0.00437289 0.226438 0.0636472 -0.00227706 0.99797 -0.94413
345 346 0 1 0 0 0 0 1 0 0 0 0 1 0
345 347 10 0.999959 0.0062366 -0.00662719 -0.378152 -0.00613961 0.999875 0.0145564 0.047951 0.00671715 -0.0145151 0.999872 -0.924501
345 348 12 0.999923 0.00116212 -0.0123862 0.412995 -0.00101319 0.999927 0.0120232 -0.166475 0.0123992 -0.0120097 0.999851 0.895389
345 349 0 1 0 0 0 0 1 0 0 0 0 1 0
345 350 11 0.999735 0.00449054 -0.0225567 0.903556 -0.00423674 0.999927 0.0112872 0.240169 0.0226057 -0.0111887 0.999682 0.354832
345 351 18 0.999432 0.00711841 -0.032943 0.790295 -0.0068847 0.99995 0.00720245 0.608825 0.0329926 -0.00697155 0.999431 0.0690381
345 352 10 0.99923 0.00362009 -0.0390634 0.991937 -0.00282242 0.999787 0.0204558 0.110778 0.0391291 -0.0203298 0.999027 -0.0615634
345 353 14 0.999633 0.00841596 -0.0257367 0.440822 -0.00756803 0.999431 0.0328682 -0.0279912 0.0259987 -0.0326613 0.999128 0.897158
345 354 15 0.999586 0.00921664 -0.0272536 0.446045 -0.00815878 0.999219 0.0386751 -0.109096 0.0275888 -0.0384368 0.99888 0.888336
345 355 13 0.999298 0.0028138 -0.0373505 0.74663 -0.00150327 0.999384 0.0350693 -0.00271688 0.0374262 -0.0349886 0.998687 -0.665234
345 356 121 0.999096 0.00821343 -0.0417047 0.289841 -0.00823217 0.999966 -0.000277508 0.953966 0.041701 0.000620577 0.99913 -0.0770804
345 357 14 0.999105 -0.0204049 -0.0370638 0.620394 0.021224 0.999536 0.0218402 -0.634602 0.0366009 -0.0226073 0.999074 0.460859
345 358 13 0.999441 -0.00609083 -0.0328843 0.39584 0.00677711 0.999761 0.0207986 0.163475 0.0327498 -0.0210098 0.999243 0.903652
345 359 16 0.999081 -0.0054112 -0.0425098 0.89684 0.00613167 0.999839 0.0168363 0.163981 0.0424119 -0.0170815 0.998954 0.410838
360 361 0 1 0 0 0 0 1 0 0 0 0 1 0
360 362 0 1 0 0 0 0 1 0 0 0 0 1 0
360 363 0 1 0 0 0 0 1 0 0 0 0 1 0
360 364 12 0.99946 0.00787382 -0.0318923 0.435308 -0.00808574 0.999946 -0.00652129 0.121012 0.0318393 0.00677565 0.99947 -0.892112
360 365 11 0.999043 0.00718681 -0.043152 0.74573 -0.0076678 0.99991 -0.0109914 0.193712 0.0430691 0.0113118 0.999008 -0.637465
360 366 0 1 0 0 0 0 1 0 0 0 0 1 0
