0 1 571 0.99999 0.00384636 -0.00230152 -0.229288 -0.0038392 0.999988 0.00310572 0.0400343 0.00231344 -0.00309686 0.999993 -0.972535
0 2 1130 0.999786 0.0100236 -0.0180738 0.831345 -0.00997061 0.999946 0.00302238 0.0516909 0.0181031 -0.00284152 0.999832 0.553348
0 3 483 0.999941 0.00982915 -0.00456634 0.836424 -0.00979064 0.999917 0.0083811 0.0710907 0.00464834 -0.0083359 0.999954 -0.543453
0 4 495 0.999933 0.0109517 0.00386902 -0.548314 -0.0109882 0.999894 0.0095193 -0.225126 -0.00376436 -0.00956118 0.999947 0.8054
0 5 2701 0.999896 0.0100646 0.0103514 -0.814678 -0.0101063 0.999941 0.00398109 -0.113436 -0.0103108 -0.00408529 0.999938 0.56871
0 6 395 0.999955 0.00949357 -0.000348701 -0.803831 -0.00949478 0.999948 -0.00365093 0.0653319 0.000314023 0.00365407 0.999993 0.591259
0 7 5262 0.998781 0.0194786 -0.0453624 0.862739 -0.0202024 0.999675 -0.0155527 0.0438853 0.0450447 0.0164502 0.99885 0.503741
0 8 1299 0.999901 0.00860483 -0.0111652 0.852033 -0.00874059 0.999888 -0.0121686 0.0178968 0.0110592 0.0122649 0.999864 0.523181
0 9 770 0.999877 -0.00361426 -0.0152438 0.972461 0.00341667 0.99991 -0.0129679 -0.232285 0.0152893 0.0129142 0.9998 0.019036
0 10 1702 0.999639 -0.000721249 -0.026869 0.954142 0.000310729 0.999883 -0.0152796 -0.0445525 0.0268769 0.0152657 0.999522 0.296022
0 11 4816 0.999067 0.00737129 -0.0425444 0.98546 -0.00821404 0.999773 -0.019668 0.0446267 0.0423898 0.0199991 0.998901 0.163941
0 12 1794 0.999768 0.00653828 -0.0205247 0.979855 -0.00688186 0.999837 -0.0167141 -0.0591493 0.020412 0.0168514 0.99965 0.19075
0 13 4417 0.999343 0.00356662 -0.0360604 0.978727 -0.00397683 0.999928 -0.0113102 -0.186515 0.0360175 0.0114462 0.999286 0.0854719
0 14 1457 0.999838 0.00262547 -0.0177814 0.94931 -0.00294259 0.999837 -0.0178317 -0.00485014 0.0177317 0.0178812 0.999683 -0.314304
15 16 346 0.999952 -0.00772514 0.00602897 -0.839743 0.00772923 0.99997 -0.00065486 -0.124857 -0.00602373 0.000701428 0.999982 0.528434
15 17 496 0.999849 -0.0151556 0.008457 -0.925007 0.0151755 0.999882 -0.0022922 0.00342065 -0.00842127 0.00242019 0.999962 -0.379935
15 18 243 0.999855 -0.0133149 -0.0106575 0.987102 0.0132823 0.999907 -0.00312002 0.150854 0.010698 0.00297801 0.999938 0.0535969
15 19 3396 0.999807 -0.00950687 -0.0172178 0.858564 0.00953273 0.999954 0.00142044 0.0456096 0.0172034 -0.0015843 0.999851 -0.510673
15 20 3256 0.999815 -0.00741044 -0.0177582 0.999662 0.0074379 0.999971 0.00148073 0.0169912 0.0177467 -0.00161254 0.999841 0.0196559
15 21 5225 0.999566 -0.0105777 -0.0275078 0.922461 0.0103163 0.9999 -0.00962589 0.0747322 0.0276069 0.00933793 0.999575 -0.378788
15 22 1659 0.999887 -0.00626679 -0.0136896 0.819896 0.00612918 0.999931 -0.0100707 0.168826 0.0137517 0.00998569 0.999856 -0.547054
15 23 5112 0.999394 0.00271209 -0.0346919 0.978697 -0.00334719 0.999828 -0.018262 0.1047 0.0346364 0.018367 0.999231 0.176605
15 24 552 0.999983 -0.00243413 -0.00531012 0.918101 0.00230565 0.999708 -0.0240676 0.175192 0.00536715 0.0240549 0.999696 -0.355524
15 25 2068 0.999484 0.00446175 -0.0318128 0.847752 -0.00553698 0.999414 -0.0337912 0.120103 0.0316434 0.0339499 0.998922 -0.516616
15 26 3163 0.99915 0.00270973 -0.0411275 0.76962 -0.00407476 0.999442 -0.0331426 0.0893738 0.0410148 0.033282 0.998604 -0.632216
15 27 3931 0.999024 0.0166492 -0.0409031 0.804243 -0.017889 0.999386 -0.0301344 0.0728328 0.0403763 0.0308367 0.998709 -0.58982
15 28 3548 0.999017 0.0182259 -0.0404002 0.710732 -0.0193678 0.999419 -0.028055 0.125273 0.0398654 0.0288099 0.99879 -0.692219
15 29 4317 0.997202 0.026057 -0.0700605 0.920282 -0.027991 0.99925 -0.0267655 0.0622178 0.0693105 0.0286517 0.997184 -0.386277
30 31 236 0.999732 0.0212216 0.00921992 0.235181 -0.0212419 0.999772 0.00210338 0.601214 -0.00917318 -0.00229867 0.999955 0.763696
30 32 692 0.999885 0.0132908 0.00725391 0.435927 -0.0133188 0.999904 0.00382653 -0.0810529 -0.00720236 -0.0039227 0.999966 -0.896325
30 33 4970 0.999154 0.000341153 0.0411193 -0.997567 -0.000422539 0.999998 0.00197059 0.0162144 -0.0411185 -0.0019863 0.999152 0.0678048
30 34 345 0.999941 0.00706357 -0.00829074 0.739102 -0.0070522 0.999974 0.00139923 0.0553317 0.00830041 -0.00134068 0.999965 -0.671317
30 35 4619 0.999552 -0.00137662 0.0298917 -0.999638 0.00124031 0.999989 0.00457799 0.00242834 -0.0298977 -0.00453886 0.999543 -0.026806
30 36 803 0.999998 -0.000772936 -0.00208529 -0.973704 0.000780272 0.999994 0.00351955 -0.176148 0.00208256 -0.00352117 0.999992 0.144474
30 37 1451 0.999728 0.00362681 -0.0230219 0.653524 -0.00357609 0.999991 0.00224419 0.0519621 0.0230298 -0.00216125 0.999732 -0.75512
30 38 1848 0.999431 0.0155507 -0.0299186 0.922587 -0.0153599 0.99986 0.00659735 0.0810301 0.0300171 -0.00613405 0.999531 -0.377182
30 39 1815 0.999478 0.0205554 -0.024926 0.882801 -0.0202917 0.999736 0.0107852 0.0259603 0.0251411 -0.0102737 0.999631 -0.469029
30 40 2637 0.999196 0.0178124 -0.0359062 0.934416 -0.0174174 0.999785 0.011283 0.138656 0.0360995 -0.0106485 0.999291 -0.328089
30 41 1701 0.999228 0.0087819 -0.0382988 0.926892 -0.00802916 0.999772 0.0197642 0.101652 0.0384636 -0.0194414 0.999071 -0.3613
30 42 1653 0.999306 0.00263269 -0.0371479 0.940942 -0.00194227 0.999825 0.0186096 0.0988276 0.0371904 -0.0185245 0.999136 -0.323823
30 43 1593 0.999538 0.000777604 -0.0303697 0.884802 -0.000298119 0.999875 0.0157896 0.174714 0.0303782 -0.0157733 0.999414 -0.431972
30 44 3484 0.997316 0.00751374 -0.0728337 0.902471 -0.00600598 0.999764 0.0208983 0.198826 0.0729736 -0.0204048 0.997125 -0.382119
45 46 723 0.999699 0.0240569 0.00483505 0.169498 -0.0240351 0.999701 -0.00450044 0.67554 -0.00494187 0.00438287 0.999978 0.717576
45 47 1835 0.99996 0.00864815 -0.00216357 0.637746 -0.00864926 0.999962 -0.000502257 -0.0552307 0.00215915 0.000520951 0.999998 0.768264
45 48 906 0.999984 0.00489926 -0.00274983 0.512199 -0.00491376 0.999974 -0.00529108 -0.0441814 0.00272384 0.00530451 0.999982 0.857729
45 49 3273 0.999429 0.00751046 -0.0329284 0.957272 -0.00736306 0.999962 0.00459527 0.0280836 0.0329616 -0.0043502 0.999447 -0.287823
45 50 3836 0.999168 0.0176603 -0.0367623 0.893149 -0.0171534 0.999754 0.0140591 -0.0706531 0.0370016 -0.0134168 0.999225 0.444177
45 51 2608 0.99941 0.0175615 -0.0295204 0.748578 -0.0175195 0.999845 0.00167992 -0.144135 0.0295453 -0.00116174 0.999563 0.647191
45 52 3686 0.998168 0.029621 -0.0527539 0.950421 -0.0306782 0.999342 -0.019343 0.0270018 0.0521462 0.0209259 0.99842 0.309791
45 53 3684 0.997363 0.0393264 -0.0609969 0.993945 -0.0403572 0.999061 -0.0157604 0.0410696 0.0603198 0.0181805 0.998014 -0.101915
45 54 3953 0.996754 0.0603577 -0.0532744 0.993909 -0.0605033 0.998167 -0.00112405 0.00161879 0.0531089 0.00434368 0.998579 -0.110189
45 55 3865 0.997005 0.0593046 -0.0496354 0.993644 -0.0591501 0.998239 0.00457618 0.0539816 0.0498193 -0.00162653 0.998757 -0.0987802
45 56 3757 0.996269 0.0561479 -0.0655446 0.979267 -0.0552601 0.998355 0.0152816 -0.0363861 0.0662948 -0.0116026 0.997733 0.199281
45 57 1905 0.997412 0.0489409 -0.0526711 0.992509 -0.0481445 0.998708 0.0162848 -0.00981957 0.0534 -0.0137068 0.998479 0.121778
45 58 1576 0.997816 0.0528546 -0.0396198 0.997698 -0.0525411 0.998579 0.00891324 -0.0254152 0.0400346 -0.00681211 0.999175 0.0628726
45 59 3528 0.993397 0.0567082 -0.0997375 0.991144 -0.0567258 0.998386 0.00266211 0.0185428 0.0997275 0.00301315 0.99501 0.131487
60 61 754 0.999983 0.00413351 0.0041361 0.0831139 -0.00414919 0.999984 0.00379121 -0.0481996 -0.00412036 -0.00380831 0.999984 -0.995374
60 62 153 0.999945 0.000105359 0.0105002 -0.998953 -0.000121932 0.999999 0.00157771 -0.0399767 -0.0105 -0.0015789 0.999944 0.0222653
60 63 1311 0.999996 -0.00299111 -6.81763e-05 0.357781 0.002991 0.999994 -0.00153682 -0.112711 7.27727e-05 0.00153661 0.999999 -0.926979
60 64 391 0.999964 -0.00824776 -0.0022162 0.957002 0.00824222 0.999963 -0.00249959 0.0851907 0.00223673 0.00248123 0.999994 -0.277289
60 65 426 0.999914 -0.0124045 0.00414587 0.993201 0.0124228 0.999913 -0.00442429 0.104734 -0.00409063 0.00447541 0.999982 0.0508125
60 66 687 0.999919 -0.0120461 0.00417704 0.8883 0.0120813 0.999891 -0.00852748 0.121387 -0.00407386 0.00857726 0.999955 -0.442931
60 67 1882 0.999822 -0.0123178 -0.0142786 0.79746 0.0121681 0.999871 -0.0105244 -0.0404648 0.0144064 0.0103488 0.999843 -0.602013
60 68 1428 0.999901 -0.0113107 -0.0084277 0.898486 0.0111962 0.999846 -0.0135214 0.108416 0.00857933 0.0134257 0.999873 -0.425404
60 69 4577 0.999424 -0.00677676 -0.0332531 0.966786 0.00626991 0.999863 -0.0153228 0.0189201 0.0333524 0.0151055 0.999329 -0.254887
60 70 2868 0.999629 -0.00707274 -0.0263136 0.833841 0.00678977 0.999918 -0.0108273 0.0833602 0.026388 0.0106447 0.999595 -0.545674
60 71 1897 0.999507 -0.00945152 -0.0299322 0.982788 0.00913575 0.999901 -0.010669 0.14445 0.0300301 0.0103903 0.999495 -0.115161
60 72 4355 0.998801 -0.00424698 -0.0487736 0.990474 0.00373667 0.999937 -0.0105492 0.0631615 0.0488153 0.0103543 0.998754 -0.122359
60 73 4083 0.998878 0.000384721 -0.0473487 0.986007 -0.000817614 0.999958 -0.00912363 0.0500093 0.0473432 0.00915211 0.998837 -0.159028
60 74 3797 0.998729 0.00112141 -0.0503824 0.865693 -0.00130095 0.999993 -0.003531 -0.110576 0.050378 0.00359206 0.998724 -0.488209
75 76 1000 0.999988 0.00386411 0.00310501 0.18413 -0.00387024 0.999991 0.00197261 0.00724676 -0.00309736 -0.0019846 0.999993 -0.982875
75 77 1060 0.999991 0.00415371 0.000387481 0.310308 -0.00415453 0.999989 0.00212854 -0.168155 -0.000378635 -0.00213013 0.999998 -0.935646
75 78 376 0.999942 0.00637866 -0.00869936 0.970009 -0.00638729 0.999979 -0.000964676 -0.0292542 0.00869303 0.00102018 0.999962 -0.241301
75 79 1732 0.999789 0.0124867 -0.016313 0.857451 -0.0125244 0.999919 -0.00221094 -0.0624386 0.0162841 0.00241478 0.999864 -0.510764
75 80 1652 0.999632 0.0188791 -0.0194833 0.9753 -0.0190663 0.999773 -0.00946357 -0.0163836 0.0193003 0.00983156 0.999765 -0.220275
75 81 1461 0.999577 0.0226125 -0.0182876 0.754606 -0.0228907 0.999623 -0.0151489 0.126227 0.0179382 0.0155611 0.999718 -0.643922
75 82 2765 0.999184 0.0204731 -0.0348153 0.817615 -0.020966 0.999684 -0.0138525 0.138972 0.0345207 0.0145711 0.999298 -0.558742
75 83 3776 0.998908 0.0234946 -0.0403765 0.89102 -0.0239133 0.999665 -0.00991776 0.0877994 0.04013 0.0108725 0.999135 -0.445393
75 84 4418 0.997755 0.0349745 -0.0571189 0.920374 -0.0356541 0.999304 -0.0109228 0.139244 0.0566971 0.0129348 0.998308 -0.365408
75 85 3860 0.998031 0.0392028 -0.0489594 0.783766 -0.038888 0.999216 0.00736743 0.0372224 0.0492099 -0.00544899 0.998774 -0.61994
75 86 2097 0.998631 0.041506 -0.0318394 0.720957 -0.0408545 0.998948 0.020846 0.155503 0.0326711 -0.0195167 0.999276 -0.675307
75 87 2066 0.998422 0.0485085 -0.0283047 0.866588 -0.0476659 0.998421 0.0297218 0.186648 0.0297018 -0.0283258 0.999157 -0.462804
75 88 2703 0.998322 0.0482419 -0.0320255 0.925504 -0.0472952 0.99844 0.0296875 0.207117 0.0334078 -0.0281231 0.999046 -0.317089
75 89 2753 0.998319 0.0455148 -0.0358709 0.880635 -0.0444307 0.998548 0.0304637 0.162177 0.0372054 -0.0288187 0.998892 -0.445175
90 91 1811 0.999955 0.00194731 -0.00933552 0.56292 -0.00194617 0.999998 0.000131407 -0.203796 0.00933576 -0.000113232 0.999956 -0.800992
90 92 2013 0.999921 0.000805458 -0.0125371 0.346749 -0.000759158 0.999993 0.00369736 -0.117034 0.01254 -0.00368755 0.999915 -0.930628
90 93 2241 0.999953 -0.000463974 -0.00963537 0.107787 0.000527192 0.999978 0.00655953 0.0335575 0.00963212 -0.0065643 0.999932 -0.993608
90 94 2504 0.999785 -0.00261978 -0.0205632 0.426374 0.00282506 0.999946 0.00996021 -0.0828989 0.020536 -0.0100162 0.999739 -0.90074
90 95 3785 0.999126 -0.00785611 -0.0410491 0.950058 0.00799509 0.999963 0.00322249 0.0291552 0.0410222 -0.00354786 0.999152 -0.310709
90 96 2033 0.999037 -0.0133964 -0.0417901 0.925787 0.0133122 0.999909 -0.0022904 0.0591014 0.041817 0.00173188 0.999124 -0.373397
90 97 4014 0.997851 -0.00757358 -0.0650806 0.899473 0.00731804 0.999965 -0.00416399 0.0167014 0.0651099 0.00367878 0.997871 -0.436657
90 98 3784 0.998506 -0.00704364 -0.0541923 0.843524 0.00689673 0.999972 -0.00289747 -0.0726353 0.0542112 0.00251939 0.998526 -0.532157
90 99 3561 0.998087 -0.0135579 -0.0603272 0.920089 0.0126472 0.999801 -0.0154528 0.189904 0.0605247 0.0146602 0.998059 -0.342597
90 100 3649 0.996825 -0.0187652 -0.0773786 0.920289 0.0175955 0.999721 -0.0157706 0.211405 0.0776529 0.014359 0.996877 -0.329204
90 101 3676 0.996413 -0.00464141 -0.0844954 0.928826 0.00421031 0.999977 -0.00527955 0.0741763 0.084518 0.00490487 0.99641 -0.363014
90 102 3609 0.996743 -0.00336288 -0.0805674 0.939273 0.00296249 0.999983 -0.00508861 0.0447889 0.0805831 0.00483336 0.996736 -0.340237
90 103 3371 0.994428 0.00254403 -0.105392 0.982376 -0.00392747 0.999909 -0.0129212 0.1009 0.10535 0.0132631 0.994347 -0.157345
90 104 3316 0.992886 0.0126842 -0.118392 0.99586 -0.0138586 0.999863 -0.00910111 0.00175514 0.118261 0.0106771 0.992925 -0.0908796
105 106 300 0.99998 0.00616254 0.00109467 -0.862255 -0.00616086 0.99998 -0.00152943 0.0796205 -0.00110407 0.00152266 0.999998 -0.500177
105 107 1011 0.999736 0.0187266 -0.0133295 0.971407 -0.018741 0.999824 -0.000957152 0.0238616 0.0133092 0.00120671 0.999911 -0.236218
105 108 1914 0.999465 0.0275645 -0.0176244 0.961271 -0.0276586 0.999604 -0.00511652 -0.176479 0.0174764 0.00560125 0.999832 0.211691
105 109 2427 0.998773 0.0440607 -0.0226129 0.991158 -0.0443488 0.998939 -0.0123994 -0.132625 0.0220426 0.013387 0.999667 -0.0039354
105 110 2921 0.998126 0.0546467 -0.0275399 0.963544 -0.0551163 0.998342 -0.0165894 -0.0352795 0.0265877 0.0180762 0.999483 -0.265213
105 111 3802 0.997503 0.0574596 -0.0410672 0.9666 -0.0579691 0.998254 -0.0113238 -0.0935149 0.0403449 0.0136762 0.999092 -0.23862
105 112 3234 0.99732 0.0606257 -0.0409622 0.99182 -0.0609716 0.998113 -0.00724697 -0.0351322 0.0404456 0.00972508 0.999134 -0.122715
105 113 2479 0.997384 0.0625429 -0.0362306 0.950313 -0.062796 0.998009 -0.0058902 -0.073269 0.0357901 0.00814993 0.999326 -0.30255
105 114 2459 0.997577 0.0575652 -0.0390777 0.999658 -0.0576881 0.998333 -0.00202263 -0.0236843 0.0388961 0.00427204 0.999234 -0.0110627
105 115 1607 0.998192 0.0533 -0.0277764 0.963036 -0.0534725 0.998554 -0.00550436 -0.1595 0.0274429 0.00697969 0.999599 0.217077
105 116 2972 0.993789 0.0661112 -0.0895144 0.942675 -0.0684954 0.997367 -0.0238262 -0.117323 0.0877036 0.0298096 0.9957 0.312409
105 117 1766 0.996877 0.0564421 -0.055236 0.984663 -0.0590601 0.997149 -0.0469717 -0.167747 0.0524274 0.0500872 0.997368 -0.0479621
105 118 2569 0.994571 0.0742428 -0.0729128 0.995853 -0.079422 0.994316 -0.0709076 -0.0717134 0.067234 0.0763135 0.994814 0.0559881
105 119 1710 0.994654 0.0832323 -0.061118 0.983127 -0.0875326 0.993598 -0.0714223 -0.0516968 0.0547821 0.0763903 0.995572 -0.175469
120 121 646 0.999944 0.0105389 0.00125445 0.940949 -0.0105468 0.999924 0.00643454 -0.266816 -0.00118654 -0.00644741 0.999979 -0.208384
120 122 325 0.99975 0.0181009 0.0131061 0.998289 -0.0182812 0.999738 0.0137775 -0.0196849 -0.0128532 -0.0140136 0.999819 0.0550546
120 123 305 0.999736 0.0142483 0.0180126 0.989291 -0.0145441 0.99976 0.0163957 -0.10417 -0.0177746 -0.0166534 0.999703 -0.102232
120 124 387 0.999645 0.00957147 0.0248611 0.970954 -0.010194 0.999635 0.0250357 0.0041787 -0.0246124 -0.0252802 0.999377 -0.239229
120 125 1968 0.999307 -0.00233115 0.037157 -0.902909 0.000876647 0.999234 0.0391131 0.0204694 -0.0372198 -0.0390534 0.998544 0.429344
120 126 4141 0.998499 -0.0257621 0.0483287 -0.878548 0.0241615 0.999149 0.0334173 0.162028 -0.0491485 -0.0321995 0.998272 0.449334
120 127 3919 0.998976 -0.0396294 -0.0218387 0.599308 0.040719 0.99782 0.051942 -0.302842 0.0197327 -0.052778 0.998411 0.741024
120 128 2664 0.999099 -0.0417852 -0.007448 0.45637 0.0420719 0.998157 0.0437414 -0.212076 0.00560652 -0.0440153 0.999015 0.864147
120 129 3559 0.999119 -0.0409261 -0.00929421 0.685489 0.0412831 0.998257 0.0421654 -0.246067 0.00755235 -0.042512 0.999067 0.685242
120 130 2537 0.998879 -0.0472419 0.00287228 0.602007 0.04709 0.998094 0.0398938 -0.158186 -0.00475146 -0.0397138 0.9992 0.782666
120 131 2589 0.998779 -0.0491385 -0.0050742 0.735032 0.0493179 0.997761 0.0451826 -0.0486279 0.00284263 -0.0453777 0.998966 0.676286
120 132 3554 0.997833 -0.0571273 -0.0326409 0.736125 0.0588214 0.996832 0.0535425 -0.147249 0.0294787 -0.0553465 0.998032 0.660635
120 133 2762 0.997463 -0.0570387 -0.0425851 0.624785 0.0594759 0.996523 0.0583436 -0.168037 0.0391092 -0.0607284 0.997388 0.762501
120 134 3603 0.996265 -0.0557518 -0.0659368 0.713653 0.0601456 0.995962 0.0666437 -0.0879806 0.061955 -0.0703605 0.995596 0.694952
135 136 1910 0.999963 -0.00273762 0.00821574 -0.9809 0.0028034 0.999964 -0.00800544 -0.0582263 -0.00819353 0.00802817 0.999934 -0.185593
135 137 1405 0.999562 0.00345082 -0.0293868 0.975314 -0.0038905 0.999881 -0.014918 0.0196206 0.0293318 0.0150258 0.999457 0.219947
135 138 693 0.999581 0.00254434 -0.0288327 0.786904 -0.00313476 0.999786 -0.0204506 -0.00027179 0.0287745 0.0205324 0.999375 -0.617076
135 139 530 0.999536 0.00176211 -0.0304199 -0.745299 -0.00250447 0.9997 -0.024383 0.0995496 0.0303678 0.0244478 0.99924 -0.659257
135 140 1154 0.998784 0.00132709 -0.0492783 0.832813 -0.00285449 0.999517 -0.030938 -0.0221993 0.0492135 0.031041 0.998306 0.553108
135 141 650 0.998656 0.00509808 -0.0515742 0.891258 -0.00695813 0.999329 -0.0359505 0.0655958 0.0513563 0.036261 0.998022 -0.448727
135 142 3657 0.996157 0.0127204 -0.0866548 0.979211 -0.015497 0.999385 -0.0314449 0.0712867 0.0862016 0.0326669 0.995742 -0.189905
135 143 2688 0.99617 0.0163477 -0.0858975 0.969042 -0.0187412 0.999456 -0.0271322 -0.0274399 0.0854072 0.0286381 0.995934 -0.245368
135 144 3326 0.99366 0.0241299 -0.109811 0.999675 -0.0267876 0.999381 -0.022792 0.0146975 0.109193 0.025589 0.993691 -0.0208079
135 145 3365 0.992253 0.0328854 -0.119801 0.970689 -0.034774 0.999301 -0.0137074 -0.0812184 0.119266 0.0177671 0.992703 -0.226202
135 146 2220 0.994592 0.039269 -0.0961476 0.938457 -0.0408412 0.999061 -0.0144386 0.0430913 0.0954904 0.0182873 0.995262 -0.342698
135 147 3250 0.991279 0.0504826 -0.121724 0.997672 -0.0518988 0.998616 -0.00849026 -0.00523028 0.121127 0.0147335 0.992528 -0.0679897
135 148 1402 0.99579 0.0419925 -0.0814843 0.999103 -0.0431894 0.998983 -0.012981 -0.0338304 0.0808563 0.0164456 0.99659 0.0254502
135 149 1815 0.994548 0.0342467 -0.0984937 0.998889 -0.0361788 0.999185 -0.0178974 0.0468621 0.0978005 0.0213632 0.994977 0.00490998
150 151 926 1 -0.000488378 7.89598e-07 0.173696 0.000488374 0.999997 0.00243372 -0.179161 -1.97817e-06 -0.00243372 0.999997 0.968365
150 152 506 0.999991 0.00404387 -0.00102457 0.666079 -0.00404576 0.99999 -0.00184502 0.0351276 0.0010171 0.00184914 0.999998 0.745054
150 153 4358 0.999672 0.0100183 -0.0235692 0.995042 -0.0100886 0.999945 -0.00286557 -0.0112856 0.0235392 0.00310241 0.999718 -0.0988114
150 154 707 0.999922 0.0044453 -0.0116627 0.994585 -0.0044686 0.999988 -0.00197323 -0.0735413 0.0116538 0.00202519 0.99993 0.0734312
150 155 845 0.9999 0.00347578 -0.0137084 0.893658 -0.0035659 0.999972 -0.00655512 -0.0439327 0.0136853 0.00660334 0.999885 0.446593
150 156 351 0.999919 0.000364481 -0.0127005 0.931842 -0.000505706 0.999938 -0.0111181 -0.0450168 0.0126957 0.0111237 0.999858 0.360061
150 157 3888 0.999023 -0.000562345 -0.0441912 0.996549 -9.99692e-05 0.999888 -0.0149838 0.0775205 0.0441947 0.0149736 0.998911 0.0296648
150 158 2403 0.999154 0.00623853 -0.0406568 0.94017 -0.00681313 0.999879 -0.0140097 -0.0448018 0.0405645 0.0142748 0.999075 -0.337746
150 159 4415 0.997556 0.0168602 -0.0678018 0.988903 -0.0178427 0.999744 -0.0139113 -0.0220369 0.0675499 0.0150871 0.997602 -0.146918
150 160 4294 0.996672 0.0171021 -0.0796964 0.989988 -0.0184753 0.999693 -0.016525 0.00983696 0.0793893 0.0179425 0.996682 -0.140808
150 161 2679 0.998419 0.0128271 -0.0547193 0.967919 -0.0139722 0.99969 -0.0205962 0.0432094 0.0544382 0.0213282 0.998289 -0.247519
150 162 4032 0.996879 0.0144796 -0.0776077 0.998308 -0.0160957 0.999666 -0.020239 0.0577227 0.0772887 0.021425 0.996779 -0.0069971
150 163 2755 0.997665 0.00812621 -0.0678131 0.992803 -0.00960135 0.999724 -0.0214555 0.0257986 0.06762 0.0220565 0.997467 -0.116947
150 164 3856 0.995804 0.0178641 -0.0897541 0.999611 -0.0198741 0.99957 -0.0215507 -0.00333998 0.0893305 0.023244 0.995731 0.0276955
165 166 926 0.999849 -0.000894665 -0.0173554 0.978026 0.000886138 0.999999 -0.000498989 -0.0548253 0.0173558 0.000483534 0.999849 -0.201143
165 167 4559 0.999133 0.0061745 -0.0411739 0.958318 -0.00574703 0.999928 0.0104925 -0.178302 0.0412358 -0.0102467 0.999097 -0.223237
165 168 1471 0.999854 0.0130546 -0.0110193 0.924374 -0.012997 0.999902 0.00528418 -0.0537511 0.0110872 -0.00514019 0.999925 0.377682
165 169 2057 0.99976 0.0176878 -0.0129405 0.954737 -0.0176794 0.999843 0.000761629 -0.103578 0.012952 -0.000532665 0.999916 0.278836
165 170 1588 0.999727 0.0227319 -0.00535827 0.954088 -0.0227514 0.999735 -0.00360513 -0.099446 0.00527489 0.00372605 0.999979 -0.282536
165 171 3766 0.998865 0.0285596 -0.0381267 0.999024 -0.0288553 0.999557 -0.007228 -0.0187109 0.0379034 0.00831996 0.999247 0.0400004
165 172 2864 0.99916 0.031781 -0.025856 0.979818 -0.0320408 0.99944 -0.00969522 -0.00332417 0.0255334 0.0105155 0.999619 -0.199864
165 173 3475 0.998427 0.0395494 -0.0397469 0.924228 -0.0394723 0.999217 0.0027209 -0.0462347 0.0398234 -0.00114772 0.999206 -0.37903
165 174 2219 0.998867 0.0401198 -0.0256018 0.941414 -0.0399112 0.999166 0.00860728 -0.0765601 0.0259258 -0.00757573 0.999635 -0.328449
165 175 3255 0.998365 0.0394902 -0.041337 0.967529 -0.0390729 0.999177 0.0108558 -0.0144931 0.0417317 -0.00922285 0.999086 -0.252344
165 176 2333 0.998901 0.0338043 -0.0324616 0.982714 -0.0334881 0.999387 0.0102359 0.0110673 0.0327877 -0.00913754 0.999421 -0.184797
165 177 3138 0.998294 0.0317794 -0.0489795 0.999039 -0.0314081 0.999472 0.00833152 -0.0436899 0.0492184 -0.00677895 0.998765 0.00355363
165 178 3278 0.997801 0.0293341 -0.0594399 0.979139 -0.0293233 0.999569 0.00105283 -0.0280754 0.0594452 0.000692459 0.998231 -0.201242
165 179 3168 0.998176 0.0291841 -0.0528534 0.995144 -0.0294064 0.999562 -0.00343183 0.0315775 0.05273 0.00497979 0.998596 -0.0932252
180 181 481 0.999995 -0.000473257 -0.00317637 0.646776 0.000471684 1 -0.000495913 0.136905 0.0031766 0.000494412 0.999995 -0.750292
180 182 3887 0.999593 0.00787754 -0.0274241 0.878348 -0.00763027 0.999929 0.00910962 -0.170514 0.0274939 -0.00889666 0.999582 -0.446575
180 183 1002 0.999998 -0.000910753 0.00157681 -0.944063 0.000904115 0.999991 0.00420555 0.069163 -0.00158063 -0.00420412 0.99999 -0.322432
180 184 2906 0.999641 0.00606346 -0.0261026 0.884218 -0.00591761 0.999966 0.00566123 -0.0499938 0.0261361 -0.00550473 0.999643 -0.464392
180 185 3565 0.999508 0.00609172 -0.0307626 0.95527 -0.00600184 0.999977 0.00301325 0.0505827 0.0307802 -0.00282713 0.999522 -0.291376
180 186 969 0.999884 0.00380891 -0.0147698 0.891711 -0.00383683 0.999991 -0.00186222 0.157237 0.0147626 0.00191867 0.999889 -0.424414
180 187 2566 0.999316 0.000990834 -0.0369758 0.935569 -0.00124031 0.999977 -0.00672463 0.0341411 0.0369682 0.00676589 0.999294 -0.351489
180 188 4116 0.998228 0.00948295 -0.0587475 0.935908 -0.00999877 0.999914 -0.00849254 0.0936013 0.0586619 0.00906489 0.998237 -0.33958
180 189 2582 0.998947 0.00963158 -0.044864 0.928254 -0.00984884 0.999941 -0.0046241 0.0317772 0.0448168 0.00506109 0.998982 -0.370588
180 190 2167 0.999086 0.0118742 -0.0410524 0.940593 -0.0121741 0.999901 -0.00706371 0.14224 0.0409645 0.00755703 0.999132 -0.308306
180 191 2690 0.998372 0.0179154 -0.0541534 0.827884 -0.0180725 0.999834 -0.00241295 0.0341108 0.0541011 0.00338771 0.99853 -0.559861
180 192 3728 0.996379 0.0209345 -0.0824028 0.94474 -0.0211107 0.999776 -0.00126682 0.0638573 0.0823578 0.00300181 0.996598 -0.321542
180 193 2296 0.997839 0.0200006 -0.0625922 0.89951 -0.0202193 0.999791 -0.00286195 0.089951 0.0625219 0.00412133 0.998035 -0.42754
180 194 2763 0.996909 0.020659 -0.0758022 0.903841 -0.0212451 0.99975 -0.00693296 0.130424 0.07564 0.00852196 0.997099 -0.407507
195 196 454 0.999998 0.00185822 -0.00124018 -0.631721 -0.00185764 0.999998 0.000469025 0.13362 0.00124105 -0.00046672 0.999999 -0.763593
195 197 4020 0.999461 0.0157984 -0.0287745 0.907413 -0.015499 0.999824 0.0106004 -0.10761 0.0289369 -0.0101487 0.99953 -0.406229
195 198 3979 0.998909 0.0244831 -0.0397738 0.978967 -0.0238651 0.999588 0.0159373 -0.159706 0.0401476 -0.0149707 0.999082 -0.126953
195 199 821 0.999737 0.0229022 0.000689708 -0.93239 -0.0229066 0.999712 0.00712154 0.134489 -0.00052641 -0.00713547 0.999974 -0.335502
195 200 1484 0.999205 0.0350579 -0.0189814 0.989071 -0.0349288 0.999365 0.0070945 -0.129836 0.0192181 -0.00642586 0.999795 0.0698605
195 201 2467 0.998648 0.0370747 -0.0364481 0.985502 -0.0371793 0.999306 -0.00219674 -0.11761 0.0363414 0.00354888 0.999333 0.122282
195 202 1190 0.999385 0.0324392 -0.0132835 0.889844 -0.032679 0.999299 -0.0182571 -0.111232 0.012682 0.01868 0.999745 0.442499
195 203 3402 0.997723 0.0395153 -0.0546642 0.956551 -0.0410106 0.998807 -0.0265086 -0.0467021 0.0535515 0.0286901 0.998153 -0.2878
195 204 3302 0.997256 0.0396534 -0.0625171 0.868934 -0.0415628 0.998699 -0.0295429 0.128758 0.0612643 0.0320602 0.997607 -0.477887
195 205 2770 0.997723 0.0440087 -0.0511156 0.892577 -0.0447368 0.998912 -0.0131879 0.0962254 0.0504796 0.0154447 0.998606 -0.440508
195 206 2081 0.998486 0.0442826 -0.0326239 0.895886 -0.0443603 0.999014 -0.00166169 0.0543208 0.0325182 0.00310638 0.999466 -0.440952
195 207 1920 0.998762 0.0429337 -0.02514 0.996631 -0.0429751 0.999076 -0.00110966 0.0687332 0.0250691 0.00218868 0.999683 -0.044758
195 208 2100 0.998051 0.0432448 -0.044995 0.941569 -0.0434965 0.999043 -0.00462934 -0.0431484 0.0447517 0.00657744 0.998976 -0.334045
195 209 3016 0.994628 0.0464539 -0.0925038 0.996149 -0.0476883 0.9988 -0.0111767 0.0355972 0.0918736 0.015528 0.99565 -0.0801218
210 211 1121 0.999984 -0.00545706 -0.00168288 0.178485 0.00545026 0.999977 -0.00401842 0.139245 0.00170477 0.00400919 0.999991 -0.97404
210 212 3451 0.999631 0.00139208 -0.0271443 0.760131 -0.00123427 0.999982 0.00582959 -0.0425643 0.027152 -0.00579393 0.999615 -0.648374
210 213 2874 0.999212 -0.0125318 -0.0376554 0.942502 0.0128959 0.999872 0.00944362 0.0013798 0.0375322 -0.00992178 0.999246 -0.334197
210 214 3097 0.998757 -0.0177693 -0.0465631 0.926039 0.0180602 0.99982 0.00583429 0.0950535 0.0464511 -0.00666798 0.998898 -0.365262
210 215 1530 0.999568 -0.0289206 -0.00528241 -0.864335 0.0289701 0.999535 0.00953692 0.0294801 0.00500413 -0.00968583 0.999941 -0.502051
210 216 650 0.999442 -0.0226936 -0.0245228 -0.904505 0.0229717 0.999674 0.0111194 -0.160198 0.0242624 -0.0116765 0.999637 -0.39523
210 217 3125 0.997423 -0.0147065 -0.0702146 0.930371 0.0150737 0.999875 0.00470333 0.191653 0.0701367 -0.00574961 0.997521 -0.312537
210 218 2976 0.997481 -0.014723 -0.0693894 0.952099 0.0149821 0.999883 0.00321474 0.263175 0.0693339 -0.00424624 0.997584 -0.155715
210 219 2977 0.996344 -0.0101928 -0.0848184 0.97655 0.0107874 0.99992 0.00655442 0.121763 0.0847448 -0.00744542 0.996375 -0.177547
210 220 2876 0.996122 -0.00957879 -0.0874607 0.929124 0.0103932 0.999907 0.00886049 0.152518 0.0873677 -0.00973512 0.996129 -0.336848
210 221 2674 0.995789 -0.010022 -0.0911249 0.970244 0.0116361 0.999784 0.0171996 0.0414669 0.0909329 -0.0181875 0.995691 -0.238553
210 222 2711 0.994313 -0.00552098 -0.106353 0.983407 0.00662117 0.999928 0.00999436 0.160665 0.10629 -0.0106417 0.994278 -0.0842509
210 223 2692 0.992709 -0.00661304 -0.120356 0.982717 0.00961147 0.999657 0.0243496 -0.0235952 0.120154 -0.0253288 0.992432 -0.183602
210 224 2545 0.993602 -0.000699425 -0.112939 0.98672 0.00213866 0.999918 0.0126228 0.125855 0.112921 -0.0127836 0.993522 -0.102685
225 226 300 0.999982 0.00210212 -0.00557258 0.78202 -0.00208326 0.999992 0.00338832 -0.118116 0.00557966 -0.00337666 0.999979 0.611958
225 227 3270 0.999431 0.00556573 -0.0332774 0.977815 -0.00543669 0.999977 0.00396681 -0.00714592 0.0332987 -0.00378363 0.999438 0.209347
225 228 3170 0.999352 0.011423 -0.0341338 0.987396 -0.0112603 0.999924 0.00495683 -0.092186 0.0341878 -0.00456926 0.999405 0.128651
225 229 3938 0.998356 0.0234722 -0.0522871 0.995437 -0.0235346 0.999723 -0.000577975 0.0390025 0.052259 0.00180758 0.998632 -0.0870916
225 230 2292 0.999342 0.0254111 -0.0259002 0.849684 -0.0251794 0.99964 0.00923067 -0.0269683 0.0261254 -0.00857244 0.999622 -0.526601
225 231 3059 0.995338 0.0440045 -0.08583 0.925639 -0.0409992 0.998493 0.0364693 -0.106573 0.0873055 -0.0327803 0.995642 -0.363091
225 232 2722 0.98648 0.0463643 -0.157185 0.967792 -0.0337173 0.996046 0.0821934 -0.242887 0.160374 -0.0757823 0.984143 -0.0662185
225 233 1764 0.99678 0.0319681 -0.0735346 0.951348 -0.027275 0.997579 0.063963 0.0264396 0.0754014 -0.0617514 0.995239 -0.306982
225 234 2413 0.996041 0.0343611 -0.081981 0.995407 -0.0287951 0.99726 0.0681359 0.0207609 0.0840976 -0.0655055 0.994302 -0.0934577
225 235 2490 0.990407 0.0410201 -0.131949 0.999273 -0.0317228 0.996914 0.0718088 -0.00430894 0.134487 -0.0669341 0.988652 0.0378928
225 236 2592 0.994256 0.0399109 -0.0993121 0.998932 -0.0326475 0.996745 0.0737174 -0.0105101 0.101931 -0.0700516 0.992322 0.0450023
225 237 1338 0.99932 0.0280222 -0.0239821 0.962608 -0.0262925 0.997226 0.06963 0.0416652 0.0258668 -0.0689521 0.997285 0.267676
225 238 2606 0.989176 0.0369626 -0.142005 0.996565 -0.0289613 0.997896 0.0580052 0.0406497 0.14385 -0.0532646 0.988165 0.0721498
225 239 2619 0.995575 0.0342237 -0.0875198 0.986033 -0.0300231 0.998354 0.0488712 0.0697428 0.0890482 -0.0460274 0.994963 0.151244
240 241 790 0.99999 0.000374345 0.00453565 -0.657809 -0.000376276 1 0.000424989 -0.0812102 -0.00453549 -0.000426691 0.99999 0.748794
240 242 1499 0.999978 -0.000242761 0.00664566 -0.711533 0.000252505 0.999999 -0.00146536 -0.125937 -0.0066453 0.00146701 0.999977 0.691275
240 243 194 0.999995 -0.00306445 0.000277866 0.87135 0.0030656 0.999986 -0.00425281 -0.18544 -0.00026483 0.00425364 0.999991 0.45427
240 244 2696 0.999813 -0.00313769 -0.0190606 0.965264 0.00302001 0.999976 -0.00619952 -0.214084 0.0190796 0.0061408 0.999799 0.149779
240 245 4408 0.999537 0.000419626 -0.030431 0.998717 -0.000856168 0.999897 -0.0143337 0.00353528 0.0304218 0.0143531 0.999434 -0.0505094
240 246 2750 0.999781 -0.000239203 -0.0209151 0.873893 -0.000100742 0.999868 -0.016251 0.0393812 0.0209162 0.0162495 0.999649 -0.484521
240 247 1719 0.999872 -0.00307015 -0.0157137 0.811116 0.00286926 0.999914 -0.0127909 0.0942916 0.0157516 0.0127442 0.999795 -0.577235
240 248 1625 0.999897 -0.00378131 -0.0138304 0.825652 0.00368103 0.999967 -0.00726917 0.0935671 0.0138574 0.00721751 0.999878 -0.556367
240 249 1846 0.999733 0.00604189 -0.0223116 0.850636 -0.00607852 0.99998 -0.00157417 0.0591376 0.0223017 0.00170937 0.99975 -0.522418
240 250 2334 0.999581 0.00142403 -0.0289102 0.370636 -0.00122648 0.999976 0.00684968 -0.0506768 0.0289193 -0.00681136 0.999559 -0.927395
240 251 2708 0.998929 0.00324838 -0.0461599 0.966061 -0.00267473 0.999918 0.0124837 0.0740819 0.0461967 -0.0123468 0.998856 -0.247464
240 252 3027 0.999001 0.0101277 -0.0435243 0.753661 -0.00912978 0.999692 0.0230656 -0.0652421 0.0437445 -0.0226452 0.998786 -0.654018
240 253 2778 0.998718 0.02133 -0.0458982 0.997869 -0.0203225 0.999545 0.0223051 -0.00505755 0.046353 -0.0213438 0.998697 -0.065047
240 254 1745 0.99929 0.0250789 -0.0281069 0.764044 -0.0245799 0.999537 0.0179609 0.146959 0.0285443 -0.0172573 0.999444 -0.628204
255 256 1069 0.999959 0.00850857 -0.00324829 0.423336 -0.00848449 0.999937 0.0073558 0.039357 0.00331067 -0.00732794 0.999968 -0.905117
255 257 1004 0.999849 0.0170218 -0.00344909 0.4018 -0.0169752 0.99977 0.0131041 -0.108093 0.00367135 -0.0130435 0.999908 -0.909325
255 258 1236 0.999178 0.0402731 -0.00471015 0.953319 -0.0402319 0.999154 0.00854174 -0.035914 0.00505016 -0.00834522 0.999952 0.299823
255 259 1778 0.998531 0.0541368 0.0024464 0.368776 -0.0541421 0.998531 0.00213591 -0.236752 -0.00232718 -0.00226523 0.999995 -0.898862
255 260 1378 0.998361 0.0571193 0.0034671 0.981931 -0.0570669 0.998276 -0.013693 -0.00641239 -0.00424326 0.0134727 0.9999 -0.189133
255 261 2208 0.998341 0.0574496 0.00380888 0.371008 -0.0573842 0.998232 -0.0154786 0.0564875 -0.00469139 0.0152343 0.999873 -0.92691
255 262 4007 0.997309 0.0662253 -0.0314453 0.94955 -0.0664329 0.997775 -0.0056006 -0.0404628 0.0310044 0.00767453 0.99949 -0.310996
255 263 2370 0.99761 0.0680468 -0.012002 0.409318 -0.0680828 0.997676 -0.00261834 0.169381 0.0117959 0.00342921 0.999925 -0.896531
255 264 1779 0.997934 0.0609475 -0.0203141 0.41861 -0.0609447 0.998141 0.000759883 -0.0949928 0.0203226 0.000479721 0.999793 -0.903184
255 265 2499 0.99693 0.0660637 -0.0420278 0.991539 -0.0660281 0.997815 0.00223637 0.0264986 0.0420838 0.000545513 0.999114 -0.127078
255 266 1958 0.997161 0.0644481 -0.03895 0.951885 -0.0644357 0.997921 0.00157461 0.0176189 0.0389705 0.000939637 0.99924 -0.305948
255 267 2197 0.997376 0.0638204 -0.0341872 0.393589 -0.0639323 0.997952 -0.00218815 -0.199602 0.0339776 0.00436807 0.999413 -0.897355
255 268 1560 0.997356 0.0626643 -0.0368 0.938492 -0.0632559 0.997883 -0.0151369 0.0194794 0.0357735 0.0174247 0.999208 -0.344751
255 269 1434 0.998462 0.0497484 -0.0244889 -0.908007 -0.0503716 0.998404 -0.0255256 -0.0516565 0.02318 0.0267199 0.999374 0.415758
270 271 625 0.999998 -0.00149044 -0.00160743 -0.137899 0.00148948 0.999999 -0.000599138 0.288531 0.00160832 0.000596743 0.999999 -0.947488
270 272 864 0.999969 0.00471079 -0.00636686 -0.253142 -0.00470107 0.999988 0.00154067 0.185703 0.00637404 -0.00151069 0.999979 -0.949439
270 273 184 0.999886 0.00703875 -0.0133598 -0.888375 -0.00703837 0.999975 7.53795e-05 -0.0773517 0.01336 1.86603e-05 0.999911 0.452555
270 274 853 0.999513 0.00618186 -0.0305792 0.755066 -0.00620404 0.999981 -0.000630548 0.0564662 0.0305747 0.000819956 0.999532 -0.653213
270 275 1985 0.999265 0.0103695 -0.0369131 0.44382 -0.0102893 0.999944 0.00236287 0.0791936 0.0369355 -0.00198132 0.999316 -0.89261
270 276 1684 0.999077 0.00675253 -0.0424112 0.406166 -0.00685652 0.999974 -0.00230701 0.028566 0.0423946 0.00259567 0.999098 -0.913353
270 277 2485 0.998501 0.0129704 -0.0531754 0.631855 -0.0133886 0.999882 -0.0075165 0.252008 0.0530716 0.00821718 0.998557 -0.732975
270 278 2550 0.998152 0.0208497 -0.0570706 0.412983 -0.0207041 0.999781 0.00314113 0.106366 0.0571235 -0.00195373 0.998365 -0.904506
270 279 4124 0.994218 0.0321222 -0.102467 0.943734 -0.0316942 0.999481 0.00580265 0.136758 0.102601 -0.00252148 0.994719 -0.301105
270 280 3357 0.995741 0.0277494 -0.0879161 0.932149 -0.0272742 0.999606 0.00660182 0.0969372 0.0880646 -0.00417587 0.996106 -0.348859
270 281 2063 0.995811 0.0259523 -0.087674 0.752366 -0.025285 0.999642 0.00871364 0.0915132 0.0878688 -0.00646031 0.996111 -0.652358
270 282 1519 0.995722 0.0256743 -0.0887592 0.840939 -0.0249693 0.999647 0.00904403 0.118109 0.0889601 -0.00678909 0.996012 -0.528084
270 283 2980 0.993582 0.0328764 -0.10823 0.859683 -0.0328177 0.999459 0.00232433 0.170879 0.108248 0.00124244 0.994123 -0.4814
270 284 1926 0.993408 0.029653 -0.110733 0.856236 -0.0294997 0.99956 0.00302274 0.102783 0.110774 0.000263775 0.993846 -0.506256
285 286 917 0.999974 -0.00324678 -0.00638752 0.0151514 0.00323313 0.999992 -0.0021471 0.0901802 0.00639444 0.00212639 0.999977 -0.99581
285 287 725 0.999899 -0.00417628 -0.0135835 0.660973 0.00416341 0.999991 -0.000975775 0.0322612 0.0135874 0.000919123 0.999907 -0.749716
285 288 2058 0.999887 0.00397512 -0.0144701 0.236393 -0.00386181 0.999962 0.00784987 0.210924 0.0145007 -0.00779311 0.999864 -0.948488
285 289 4336 0.998225 0.00975693 -0.0587452 0.890435 -0.0089114 0.999853 0.0146381 0.213155 0.0588794 -0.0140886 0.998166 -0.402107
285 290 3717 0.998192 0.00413353 -0.0599609 0.951159 -0.0026739 0.999699 0.0244029 0.1393 0.0600437 -0.0241985 0.997902 -0.275486
285 291 3544 0.997624 0.0108905 -0.0680318 0.756383 -0.0088466 0.999503 0.0302731 0.243264 0.0683276 -0.0295993 0.997224 -0.607213
285 292 1863 0.998035 0.0182741 -0.059936 0.967292 -0.0157346 0.99897 0.0425715 0.174775 0.0606522 -0.0415448 0.997294 -0.183848
285 293 1304 0.997979 0.0180927 -0.0609099 0.855068 -0.0152156 0.998761 0.0473713 0.139063 0.0616916 -0.0463488 0.997019 -0.499521
285 294 3165 0.99413 0.0313284 -0.103554 0.959332 -0.0263544 0.998448 0.0490578 0.0901815 0.10493 -0.0460408 0.993413 -0.267488
285 295 2026 0.995455 0.0311584 -0.0899885 0.89609 -0.0271904 0.998617 0.0449883 0.189647 0.0912659 -0.042337 0.994926 -0.401319
285 296 2690 0.992233 0.0420798 -0.117059 0.883238 -0.0369547 0.998275 0.0456138 0.153063 0.118777 -0.0409336 0.992077 -0.44324
285 297 2513 0.990875 0.0522347 -0.124251 0.957219 -0.0462035 0.997632 0.050938 0.160444 0.126618 -0.0447323 0.990942 -0.240808
285 298 2412 0.989158 0.0615734 -0.133324 0.93977 -0.0551246 0.997149 0.0515351 0.138616 0.136117 -0.043627 0.989732 -0.312439
285 299 2283 0.987617 0.06824 -0.141263 0.985335 -0.0612455 0.996699 0.0532878 0.0647074 0.144433 -0.0439762 0.988537 -0.157885
300 301 803 0.999988 -0.00407767 -0.00259874 -0.000977581 0.00409188 0.999977 0.00548922 0.200903 0.0025763 -0.00549979 0.999982 -0.979611
300 302 761 0.999937 -0.00366325 -0.0105799 0.531354 0.00375453 0.999956 0.00862071 -0.0992573 0.0105479 -0.0086599 0.999907 0.841315
300 303 1351 0.999819 0.00394546 -0.0186021 0.562701 -0.00373243 0.999927 0.0114725 0.192551 0.018646 -0.011401 0.999761 -0.803923
300 304 4689 0.998799 0.015481 -0.0464838 0.981842 -0.0146522 0.999729 0.0181171 -0.155227 0.0467516 -0.0174142 0.998755 0.109049
300 305 4308 0.998769 0.0270182 -0.0416083 0.944426 -0.0267792 0.999622 0.00629007 0.10101 0.0417625 -0.00516809 0.999114 0.31282
300 306 4162 0.998313 0.0338466 -0.0471676 0.937535 -0.0339141 0.999425 -0.000629793 0.0619649 0.0471192 0.00222838 0.998887 0.342328
300 307 1664 0.999273 0.0362102 -0.0119417 0.523455 -0.0363013 0.999313 -0.00749586 0.0499094 0.0116621 0.00792391 0.999901 0.850591
300 308 3703 0.998352 0.0440204 -0.036809 0.935591 -0.0447648 0.998804 -0.0196516 0.335969 0.0358999 0.021267 0.999129 -0.1086
300 309 2219 0.999289 0.0316953 -0.0204116 0.752971 -0.0320442 0.999342 -0.0169976 -0.103734 0.0198594 0.0176396 0.999647 0.649827
300 310 3795 0.998593 0.0275071 -0.0453409 0.971177 -0.0289142 0.999111 -0.0306755 0.0463717 0.0444568 0.0319433 0.9985 -0.233804
300 311 2026 0.999582 0.0169967 -0.0233978 0.996056 -0.017861 0.999147 -0.0372404 -0.0236635 0.0227449 0.0376427 0.999032 0.0855132
300 312 786 0.999897 0.0110717 -0.00917787 0.993783 -0.011451 0.999037 -0.0423616 0.0844498 0.00870001 0.0424623 0.99906 0.0725524
300 313 2414 0.999528 0.00325652 -0.0305615 0.995137 -0.00470357 0.998865 -0.047397 0.096685 0.0303725 0.0475184 0.998408 0.0188336
300 314 872 0.999906 -0.0107056 -0.00855874 0.707574 0.0102258 0.998474 -0.0542625 -0.185726 0.0091266 0.0541699 0.99849 0.681795
315 316 619 0.999994 -0.00260228 0.0023579 0.123507 0.00260148 0.999997 0.000342 0.244472 -0.00235878 -0.000335864 0.999997 -0.961758
315 317 872 0.999963 -0.00646322 0.00571133 0.295953 0.00644855 0.999976 0.00258322 0.0658861 -0.00572788 -0.00254629 0.99998 -0.952927
315 318 1610 0.99996 -0.00671597 0.00592648 0.446149 0.00669053 0.999968 0.00430101 0.274804 -0.00595517 -0.00426118 0.999973 -0.851724
315 319 1093 0.999922 -0.00358212 0.0119708 0.30547 0.00344165 0.999925 0.0117348 0.0447853 -0.0120119 -0.0116927 0.999859 -0.951148
315 320 1220 0.999873 -0.000182667 0.0159605 0.363064 -4.60486e-05 0.999897 0.0143285 0.0631014 -0.0159615 -0.0143274 0.99977 -0.929625
315 321 348 0.999683 0.00519607 0.0246439 0.946311 -0.00553095 0.999893 0.0135405 0.114011 -0.0245709 -0.0136725 0.999605 -0.302485
315 322 1037 0.999697 0.00601307 0.0238551 0.709496 -0.00625771 0.999928 0.0101939 0.201172 -0.0237921 -0.0103401 0.999663 -0.675385
315 323 1599 0.999543 0.00784694 0.0291907 0.309436 -0.00814548 0.999916 0.0101225 0.260663 -0.0291088 -0.0103556 0.999523 -0.914497
