0 1 22 0.999985 0.00251131 -0.00482396 0.211398 -0.00250305 0.999995 0.00171758 0.213207 0.00482825 -0.00170548 0.999987 -0.953863
0 2 15 0.999944 0.00988009 -0.00379575 0.0494923 -0.00986785 0.999946 0.00322821 0.175072 0.00382744 -0.00319057 0.999988 -0.983311
0 3 0 1 0 0 0 0 1 0 0 0 0 1 0
0 4 22 0.999911 0.0132289 0.001597 0.34249 -0.0132437 0.999866 0.00964507 -0.283238 -0.0014692 -0.00966536 0.999952 0.895811
0 5 0 1 0 0 0 0 1 0 0 0 0 1 0
0 6 164 0.999606 -0.000542038 0.0280635 -0.99425 0.000590404 0.999998 -0.00171517 0.0353077 -0.0280625 0.00173107 0.999605 -0.101091
0 7 28 0.999909 0.0129101 -0.00403234 0.299331 -0.0129411 0.999886 -0.00777869 -0.347767 0.00393146 0.00783016 0.999962 0.888515
0 8 47 0.999913 0.00837958 -0.0101936 0.866145 -0.00847012 0.999925 -0.00887133 -0.217574 0.0101185 0.00895689 0.999909 -0.449949
0 9 36 0.999966 -0.00811235 0.00137674 -0.747663 0.00813187 0.999857 -0.0148235 0.194581 -0.00125629 0.0148342 0.999889 -0.634931
0 10 37 0.999805 -0.00177976 -0.0196464 0.893848 0.00147871 0.999881 -0.0153273 -0.0634711 0.0196714 0.0152953 0.999689 -0.443854
0 11 25 0.999951 -0.00258892 -0.00957729 0.988066 0.00243953 0.999876 -0.0155768 -0.0339935 0.00961642 0.0155527 0.999833 -0.150234
0 12 116 0.999622 0.00752697 -0.0264285 0.985815 -0.00804596 0.999776 -0.0195865 0.107571 0.0262751 0.0197917 0.999459 0.12883
0 13 70 0.999751 0.00402175 -0.0219549 0.911339 -0.00433234 0.999891 -0.0141177 -0.130639 0.0218957 0.0142093 0.999659 -0.390377
0 14 146 0.999339 0.00844619 -0.0353641 0.989138 -0.00912224 0.999778 -0.0189995 0.0309735 0.0351958 0.0193095 0.999194 0.143692
15 16 0 1 0 0 0 0 1 0 0 0 0 1 0
15 17 19 0.99994 -0.010635 -0.0027262 -0.21358 0.0106244 0.999936 -0.00387765 -0.139663 0.00276727 0.00384845 0.999989 0.966891
15 18 0 1 0 0 0 0 1 0 0 0 0 1 0
15 19 172 0.999793 -0.00741099 -0.0189403 0.775485 0.00717324 0.999895 -0.0125904 0.625049 0.0190316 0.0124519 0.999741 0.0890881
15 20 38 0.999898 -0.00959215 -0.0105612 0.986001 0.00963095 0.999947 0.0036296 -0.0913051 0.0105258 -0.00373094 0.999938 -0.139518
15 21 54 0.999871 -0.0103327 -0.0123333 0.780819 0.0102105 0.999899 -0.00992796 0.0860445 0.0124346 0.00980074 0.999875 -0.618804
15 22 205 0.999386 -0.00292279 -0.0349248 0.986665 0.00275999 0.999985 -0.00470888 -0.113152 0.034938 0.0046096 0.999379 -0.117
15 23 39 0.999922 -0.00138714 -0.0124247 0.867 0.00120184 0.999888 -0.0149094 0.0250907 0.012444 0.0148933 0.999812 -0.497676
15 24 33 0.999875 -0.00390527 -0.0153092 0.863404 0.00355964 0.99974 -0.0225392 -0.0359346 0.0153933 0.0224819 0.999629 -0.503232
15 25 112 0.999402 0.00512991 -0.0341909 0.752203 -0.00626413 0.999431 -0.0331491 0.0558769 0.0340014 0.0333434 0.998865 -0.656558
15 26 169 0.999011 0.0070076 -0.0439185 0.724376 -0.00840258 0.999463 -0.0316594 0.0440544 0.043673 0.0319971 0.998533 -0.687997
15 27 182 0.99819 0.0155385 -0.0580958 0.955574 -0.0176076 0.999223 -0.0352755 0.152648 0.0575025 0.0362346 0.997688 -0.252143
15 28 152 0.998862 0.0214001 -0.0426179 0.758756 -0.0224827 0.999432 -0.0250874 -0.00674948 0.0420569 0.026017 0.998776 -0.65134
15 29 138 0.996687 0.0271313 -0.0766777 0.93061 -0.0294069 0.999155 -0.0287053 0.103609 0.0758341 0.030865 0.996643 -0.351042
30 31 0 1 0 0 0 0 1 0 0 0 0 1 0
30 32 23 0.999908 0.0112466 0.00762823 -0.35279 -0.0112773 0.999928 0.00399384 -0.146353 -0.00758277 -0.0040795 0.999963 0.924186
30 33 18 0.999942 0.00979628 -0.00445395 0.349337 -0.00978318 0.999948 0.00295192 -0.365624 0.00448263 -0.00290818 0.999986 0.862718
30 34 0 1 0 0 0 0 1 0 0 0 0 1 0
30 35 16 0.999861 0.00661592 -0.0152932 0.782749 -0.00650084 0.99995 0.00756242 -0.380233 0.0153425 -0.00746195 0.999854 -0.492674
30 36 109 0.999388 -0.011145 0.0331458 -0.989845 0.0111933 0.999937 -0.00127274 0.012946 -0.0331295 0.00164297 0.99945 0.141562
30 37 28 0.999644 0.00189984 -0.0266298 0.736055 -0.00183948 0.999996 0.00229096 0.104183 0.026634 -0.00224115 0.999643 -0.668857
30 38 27 0.999651 0.0115515 -0.0237496 0.884721 -0.0114018 0.999914 0.00643195 0.151642 0.0238219 -0.00615892 0.999697 -0.440764
30 39 23 0.999692 0.0186426 -0.0163862 0.712018 -0.0184602 0.999767 0.0112148 0.273789 0.0165915 -0.0109088 0.999803 -0.646583
30 40 35 0.999637 0.0207123 -0.0172281 -0.545169 -0.0204785 0.999697 0.0136373 -0.245986 0.0175053 -0.0132795 0.999759 0.801424
30 41 27 0.999532 0.0106194 -0.0286709 0.878354 -0.01007 0.999764 0.0192413 0.243737 0.0288685 -0.0189436 0.999404 -0.411201
30 42 45 0.998998 0.00381703 -0.0445968 0.924921 -0.00288642 0.999777 0.0209129 -0.0113637 0.0446666 -0.0207632 0.998786 -0.379989
30 43 88 0.998044 0.00467087 -0.0623462 0.948618 -0.003777 0.999888 0.0144473 0.0821707 0.0624067 -0.0141836 0.99795 -0.305569
30 44 34 0.998354 0.0388277 -0.0422002 0.437142 -0.0377979 0.998974 0.0249328 0.0971888 0.043125 -0.0232967 0.998798 -0.894126
45 46 0 1 0 0 0 0 1 0 0 0 0 1 0
45 47 154 0.999765 0.00939804 -0.0195568 0.893355 -0.00936761 0.999955 0.00164659 -0.169516 0.0195714 -0.001463 0.999807 0.41615
45 48 13 0.999973 -0.00729893 0.000287799 0.484365 0.00729944 0.999972 -0.00177714 -0.237077 -0.00027482 0.00177919 0.999998 0.842131
45 49 40 0.999857 0.00696963 -0.01538 0.505035 -0.00692469 0.999972 0.00297387 0.0581221 0.0154003 -0.00286694 0.999877 -0.86114
45 50 72 0.999307 0.0217021 -0.030241 0.861462 -0.0214663 0.999737 0.00810143 0.00700483 0.0304088 -0.00744665 0.99951 0.507773
45 51 79 0.979397 0.160896 0.122042 -0.286794 -0.197081 0.893366 0.403803 -0.949088 -0.0440582 -0.419536 0.906669 0.130315
45 52 50 0.99855 0.0317472 -0.0434691 0.978697 -0.0328582 0.999145 -0.0250877 0.167176 0.0426355 0.0264796 0.99874 0.119179
45 53 62 0.998824 0.0314653 0.0368979 -0.746704 -0.030971 0.999424 -0.0138937 0.0765104 -0.0373138 0.0127346 0.999222 -0.660741
45 54 60 0.997507 0.0629514 -0.031898 0.931968 -0.0631642 0.997987 -0.00570464 0.0528214 0.0314747 0.00770523 0.999475 -0.358673
45 55 56 0.997551 0.058191 -0.0387967 0.994432 -0.0579465 0.998292 0.00739909 -0.000753524 0.039161 -0.00513284 0.99922 -0.105378
45 56 30 0.997055 0.064165 -0.0419958 0.978463 -0.0638646 0.997923 0.00845637 0.120753 0.0424511 -0.00574942 0.999082 -0.16742
45 57 50 0.996978 0.0466827 -0.0620934 0.947844 -0.0457788 0.998825 0.0159028 0.0430882 0.0627628 -0.0130122 0.997944 0.315809
45 58 33 0.997973 0.0464866 -0.0434589 0.93012 -0.0460806 0.998885 0.0102996 0.0715828 0.0438892 -0.00827613 0.999002 0.360211
45 59 37 0.997291 0.0612257 -0.0407785 0.993063 -0.0611966 0.998124 0.00196235 0.0779836 0.0408222 0.000538481 0.999166 -0.0880063
60 61 26 0.999972 -0.001075 0.00734646 -0.57613 0.00103652 0.999986 0.00523906 0.152574 -0.00735198 -0.0052313 0.999959 -0.802991
60 62 0 1 0 0 0 0 1 0 0 0 0 1 0
60 63 0 1 0 0 0 0 1 0 0 0 0 1 0
60 64 36 0.999858 -0.00752299 -0.0150695 0.995626 0.00749759 0.99997 -0.00174133 0.0148954 0.0150822 0.0016281 0.999885 -0.0922369
60 65 26 0.999944 -0.00987155 -0.00384765 0.94085 0.00985551 0.999943 -0.00416419 0.11413 0.00388853 0.00412603 0.999984 0.319023
60 66 23 0.999821 -0.0179068 0.00609849 -0.700504 0.0179505 0.999813 -0.00718915 -0.00207118 -0.00596862 0.00729733 0.999956 -0.713645
60 67 45 0.99983 -0.00973501 -0.0156608 0.84965 0.009502 0.999844 -0.0148844 0.136352 0.0158033 0.0147331 0.999767 0.509414
60 68 90 0.999593 -0.00896504 -0.0270898 0.99745 0.00857982 0.999861 -0.0143029 0.0696928 0.0272143 0.0140646 0.999531 0.0153668
60 69 51 0.999818 -0.00850923 -0.017087 0.904973 0.00824182 0.999843 -0.0156597 0.104123 0.0172176 0.015516 0.999731 -0.412531
60 70 49 0.999671 -0.0132303 -0.0219918 0.888993 0.0129813 0.99985 -0.0114289 0.135545 0.0221397 0.0111396 0.999693 -0.4374
60 71 38 0.999587 -0.0111258 -0.0264854 0.986735 0.0109151 0.999908 -0.00808627 0.100846 0.026573 0.00779384 0.999616 -0.127219
60 72 45 0.999566 -0.0082639 -0.028288 0.905197 0.00797168 0.999914 -0.0104276 0.116052 0.0283718 0.0101975 0.999545 -0.408839
60 73 109 0.99896 -0.00316092 -0.0454814 0.956247 0.00274351 0.999954 -0.00923717 0.0312126 0.0455085 0.00910279 0.998922 -0.290889
60 74 40 0.99912 -0.00131 -0.0419329 0.981164 0.000875544 0.999946 -0.0103773 0.13574 0.0419442 0.0103315 0.999067 -0.137444
75 76 17 0.999992 0.00306464 0.00242254 0.43522 -0.00306668 0.999995 0.000842065 0.19111 -0.00241995 -0.000849488 0.999997 -0.879807
75 77 23 0.999994 0.00324472 0.000964712 0.493364 -0.00324648 0.999993 0.00183724 0.16587 -0.000958744 -0.00184036 0.999998 -0.853861
75 78 0 1 0 0 0 0 1 0 0 0 0 1 0
75 79 140 0.999534 0.0107644 -0.0285786 0.91486 -0.0112007 0.999823 -0.0151487 0.40139 0.0284105 0.0154618 0.999477 -0.0437855
75 80 99 0.999925 0.00696883 0.0100439 -0.633274 -0.00690285 0.999954 -0.00658842 0.169682 -0.0100894 0.0065186 0.999928 -0.755097
75 81 75 0.999385 0.0214927 -0.0277171 0.837299 -0.0218832 0.999664 -0.0138635 0.071183 0.0274099 0.0144615 0.99952 -0.542091
75 82 71 0.999335 0.0205398 -0.0301154 0.623287 -0.0208555 0.99973 -0.0102068 0.0326996 0.0298977 0.0108281 0.999494 -0.781309
75 83 62 0.998992 0.026042 -0.0365617 0.927798 -0.026624 0.999525 -0.0155224 0.271556 0.0361401 0.0164802 0.999211 -0.255828
75 84 40 0.999112 0.0288749 -0.0306982 0.685648 -0.029257 0.999499 -0.0120734 0.232211 0.0303342 0.0129608 0.999456 -0.689903
75 85 34 0.998616 0.044788 -0.0275804 0.370548 -0.0445773 0.998972 0.0082075 -0.092065 0.0279197 -0.00696668 0.999586 -0.924239
75 86 33 0.998684 0.0419826 -0.0294648 0.743867 -0.0413252 0.998891 0.0225763 0.125441 0.03038 -0.0213289 0.999311 -0.65645
75 87 93 0.997287 0.0511003 -0.0529857 0.957506 -0.0496851 0.998381 0.0276924 0.104001 0.054315 -0.0249846 0.998211 -0.269009
75 88 90 0.997175 0.0562312 -0.0497915 0.941684 -0.055425 0.998311 0.0174274 0.335968 0.0506873 -0.0146184 0.998608 0.018892
75 89 36 0.998939 0.038577 -0.0251351 0.602063 -0.0377906 0.998803 0.031043 0.126501 0.0263025 -0.0300602 0.999202 -0.788364
90 91 16 0.99997 0.00773755 0.000935438 0.125382 -0.00773584 0.999968 -0.00181928 -0.351236 -0.000949485 0.00181198 0.999998 -0.927854
90 92 23 0.999791 -0.0145277 -0.0143548 0.489221 0.0144407 0.999877 -0.00614491 0.539942 0.0144423 0.00593633 0.999878 -0.684927
90 93 72 0.998353 -0.0133013 -0.0558054 0.816143 0.012268 0.999748 -0.0188178 0.493671 0.0560416 0.0181022 0.998264 -0.300332
90 94 13 0.999843 -0.0108501 -0.0140114 0.61957 0.0109355 0.999922 0.0060277 0.220935 0.0139449 -0.00617997 0.999884 -0.753207
90 95 42 0.999395 -0.0151403 -0.0313165 0.835859 0.0151434 0.999885 -0.000139789 0.147602 0.031315 -0.000334533 0.99951 -0.528728
90 96 68 0.998803 -0.0107027 -0.0477206 0.933307 0.0103468 0.999917 -0.00769968 0.26764 0.0477991 0.00719671 0.998831 -0.239388
90 97 65 0.998938 -0.00180115 -0.04604 0.919759 0.00162273 0.999991 -0.00391246 0.0489658 0.0460467 0.00383359 0.998932 -0.389416
90 98 28 0.999803 -0.00597275 -0.0189532 0.642528 0.00584568 0.99996 -0.00675254 0.114438 0.0189928 0.00664041 0.999798 -0.757669
90 99 37 0.998609 -0.0204743 -0.0485858 0.807998 0.0197979 0.999701 -0.0143644 0.159887 0.0488654 0.0133826 0.998716 -0.567076
90 100 53 0.996447 -0.00751962 -0.083881 0.929531 0.00724763 0.999967 -0.00354662 0.019628 0.083905 0.00292608 0.996469 -0.368221
90 101 59 0.994506 -0.00639076 -0.104488 0.971298 0.00517938 0.999916 -0.0118607 0.114714 0.104555 0.0112543 0.994455 -0.208377
90 102 57 0.996365 -0.00302559 -0.0851313 0.9533 0.00179397 0.999893 -0.0145401 0.168983 0.0851661 0.0143345 0.996264 -0.250326
90 103 43 0.995223 0.00011234 -0.0976229 0.962661 -0.00178889 0.999852 -0.0170864 0.140244 0.0976066 0.0171794 0.995077 -0.231552
90 104 47 0.997034 0.00503232 -0.0767952 0.960243 -0.00633272 0.999841 -0.0166991 0.234546 0.0766989 0.0171359 0.996907 -0.151395
105 106 0 1 0 0 0 0 1 0 0 0 0 1 0
105 107 0 1 0 0 0 0 1 0 0 0 0 1 0
105 108 27 0.99956 0.0268116 -0.0126703 0.96167 -0.026858 0.999633 -0.0035086 -0.274178 0.0125716 0.00384735 0.999914 0.00411133
105 109 38 0.99897 0.0426813 -0.0153749 0.983653 -0.0428846 0.998994 -0.0131448 -0.093696 0.0147984 0.0137906 0.999795 -0.153781
105 110 20 0.998857 0.0475729 -0.00461274 0.678015 -0.0476566 0.99866 -0.020168 0.0225989 0.00364711 0.0203648 0.999786 -0.7347
105 111 41 0.998159 0.0555141 -0.0244354 0.834975 -0.0559653 0.998267 -0.018188 0.104972 0.0233834 0.019522 0.999536 -0.540183
105 112 39 0.997423 0.062414 -0.035389 0.986259 -0.0627058 0.998006 -0.00719498 -0.0234099 0.0348693 0.00939553 0.999348 -0.163542
105 113 55 0.996798 0.0643621 -0.0474499 0.986496 -0.0647444 0.99788 -0.00656333 -0.0397892 0.0469269 0.00961443 0.998852 -0.15888
105 114 53 0.99707 0.0578855 -0.050004 0.988055 -0.0582643 0.998282 -0.00615032 0.0203575 0.0495621 0.00904575 0.99873 -0.152752
105 115 44 0.995715 0.0692928 0.0612402 -0.856716 -0.0676455 0.9973 -0.0285781 0.329028 -0.0630551 0.024313 0.997714 0.397214
105 116 17 0.991461 0.12341 0.0421335 -0.0797115 -0.122784 0.992285 -0.017149 0.0500156 -0.0439248 0.0118293 0.998965 0.995562
105 117 0 1 0 0 0 0 1 0 0 0 0 1 0
105 118 10 0.996815 0.0791673 0.00957045 -0.596669 -0.0782101 0.994003 -0.0764291 0.0536863 -0.0155637 0.0754372 0.997029 -0.80069
105 119 35 0.910832 0.11832 -0.395455 0.872703 -0.103402 0.992893 0.0589129 -0.30717 0.399616 -0.012769 0.916594 0.379521
120 121 0 1 0 0 0 0 1 0 0 0 0 1 0
120 122 14 0.9988 0.0431001 0.0232406 -0.21817 -0.0436774 0.998735 0.0249301 0.0603756 -0.0221367 -0.0259153 0.999419 0.974041
120 123 43 0.999561 -0.00226953 0.0295273 -0.119993 0.0017929 0.999868 0.0161587 -0.46132 -0.0295601 -0.0160986 0.999433 0.879082
120 124 32 0.999508 -0.00626845 0.0307482 0.0517414 0.00526379 0.999453 0.0326465 -0.612511 -0.030936 -0.0324686 0.998994 0.788767
120 125 50 0.999244 -0.0261762 0.0287532 0.197479 0.0244507 0.99797 0.0588057 -0.575008 -0.0302342 -0.0580582 0.997855 0.793957
120 126 70 0.958237 -0.071761 0.276827 -0.858224 0.0608813 0.997004 0.0477099 -0.0568957 -0.279421 -0.0288638 0.959735 0.510113
120 127 33 0.999268 -0.0374829 -0.00761681 0.607551 0.0377711 0.998399 0.0420962 -0.159141 0.00602673 -0.0423531 0.999085 0.778175
120 128 51 0.999355 -0.0350988 -0.00754557 0.433295 0.0354155 0.998266 0.0470177 -0.225635 0.00588222 -0.0472546 0.998866 0.87255
120 129 46 0.999034 -0.0439038 -0.00189193 0.485213 0.0439445 0.998154 0.0419105 -0.191816 4.84082e-05 -0.0419531 0.99912 0.853097
120 130 57 0.997757 -0.0512565 0.0430526 -0.434108 0.0492718 0.997727 0.0459614 -0.32938 -0.0453106 -0.043737 0.998015 0.838486
120 131 39 0.998697 -0.0510132 -0.00106249 0.47472 0.0510043 0.997508 0.0487493 -0.115833 -0.00142702 -0.04874 0.99881 0.872481
120 132 49 0.989494 -0.0802064 0.120284 -0.825877 0.0752617 0.996143 0.0451106 -0.015495 -0.123439 -0.0355839 0.991714 0.563638
120 133 40 0.996557 -0.0665148 -0.0495011 0.461463 0.0700741 0.994791 0.074029 -0.230535 0.0443192 -0.0772429 0.996027 0.856683
120 134 50 0.992959 -0.0623202 -0.100742 0.845956 0.06488 0.997643 0.0223333 0.38317 0.0991125 -0.0287122 0.994662 0.370863
135 136 0 1 0 0 0 0 1 0 0 0 0 1 0
135 137 0 1 0 0 0 0 1 0 0 0 0 1 0
135 138 36 0.999689 0.00962287 -0.023011 0.380408 -0.0100708 0.999761 -0.0194296 -0.188124 0.0228185 0.0196553 0.999546 0.905483
135 139 91 0.998726 0.00652924 -0.0500442 0.53198 -0.00611268 0.999945 0.00847224 -0.837412 0.0500968 -0.00815554 0.998711 0.125455
135 140 41 0.999672 0.000907916 -0.0255792 -0.999428 -0.00167177 0.999553 -0.0298565 -0.00159697 0.0255407 0.0298895 0.999227 -0.0337926
135 141 36 0.997722 0.0112998 -0.0665015 0.986956 -0.0134449 0.999401 -0.0318988 -0.0719425 0.0661012 0.0327203 0.997276 -0.144021
135 142 41 0.997832 0.0339974 -0.0563499 0.401863 -0.035255 0.999148 -0.0214751 -0.296968 0.0555718 0.0234151 0.99818 0.866208
135 143 17 0.998357 0.00908458 -0.0565833 -0.476296 -0.0107204 0.999531 -0.028673 -0.143334 0.0562963 0.0292325 0.997986 0.867524
135 144 29 0.998396 0.0303216 -0.0478113 -0.92768 -0.0314004 0.999265 -0.0219761 0.137943 0.0471099 0.0234422 0.998615 -0.346961
135 145 32 0.997303 0.0323217 -0.0658887 -0.651958 -0.0335422 0.999284 -0.017501 -0.0241071 0.0652759 0.0196638 0.997673 0.757872
135 146 30 0.994256 0.0741902 -0.077146 0.425033 -0.0742252 0.997239 0.00241729 -0.17164 0.0771123 0.00332277 0.997017 0.888756
135 147 43 0.996056 0.071147 -0.0530177 -0.186432 -0.0713901 0.997445 -0.00270405 -0.145682 0.0526899 0.00647833 0.99859 0.971607
135 148 25 0.993218 0.0963744 -0.0650335 -0.0557869 -0.0968269 0.995294 -0.00383434 0.438804 0.0643579 0.0101053 0.997876 0.896849
135 149 36 0.996628 0.0485427 -0.0661504 -0.157383 -0.049557 0.998676 -0.0137785 -0.172171 0.065394 0.0170103 0.997715 0.972413
150 151 0 1 0 0 0 0 1 0 0 0 0 1 0
150 152 85 0.999803 0.0067496 -0.0186704 0.995392 -0.00678492 0.999975 -0.00182888 0.0365055 0.0186576 0.0019552 0.999824 0.0886735
150 153 133 0.998724 0.01089 -0.049314 0.91549 -0.0121616 0.999599 -0.025561 0.399675 0.0490158 0.0261281 0.998456 -0.0462482
150 154 31 0.999874 0.00732275 -0.0140921 0.915464 -0.0073804 0.999965 -0.00404352 0.0819537 0.014062 0.00414701 0.999893 0.393965
150 155 32 0.999911 0.00154799 -0.0132567 0.311751 -0.00159304 0.999993 -0.00338837 0.134034 0.0132514 0.00340919 0.999906 0.940663
150 156 38 0.999653 0.00852384 -0.0249173 0.926658 -0.00873514 0.999927 -0.00838356 -0.040378 0.024844 0.00859831 0.999654 0.373731
150 157 86 0.999937 0.00799655 -0.00792232 -0.311796 -0.00808246 0.999908 -0.0108713 -0.111426 0.00783466 0.0109346 0.99991 0.943593
150 158 88 0.99999 0.00434457 -0.000944212 -0.66584 -0.00435639 0.999907 -0.0129037 -0.129471 0.000888064 0.0129077 0.999916 0.734775
150 159 112 0.99848 0.0121854 -0.0537436 0.999043 -0.013124 0.999767 -0.0171447 0.0432928 0.0535222 0.017824 0.998408 -0.0061737
150 160 72 0.998743 0.0160436 -0.0474882 0.97013 -0.0170378 0.999642 -0.0206058 0.166056 0.0471406 0.021389 0.998659 0.176843
150 161 39 0.998747 0.00868742 -0.04929 0.961113 -0.00976033 0.99972 -0.0215686 0.0472227 0.0490888 0.0220227 0.998552 -0.272087
150 162 68 0.999733 0.00834346 -0.0215666 -0.514414 -0.00879219 0.999745 -0.020796 -0.0930969 0.0213876 0.0209801 0.999551 0.852474
150 163 119 0.99489 0.02695 -0.0973021 0.981459 -0.0278566 0.99958 -0.0079706 -0.147853 0.0970465 0.0106404 0.995223 -0.121973
150 164 37 0.998551 0.0184096 -0.0505664 0.973456 -0.0194044 0.999626 -0.0192543 -0.0422655 0.050193 0.0202076 0.998535 -0.224938
165 166 0 1 0 0 0 0 1 0 0 0 0 1 0
165 167 79 0.999967 -0.000853369 0.00809019 -0.966127 0.000866018 0.999998 -0.00156024 0.203044 -0.00808885 0.00156719 0.999966 -0.159284
165 168 27 0.999844 0.00593758 -0.0166645 0.969189 -0.00586922 0.999974 0.00414782 -0.0857445 0.0166887 -0.00404936 0.999853 0.230913
165 169 36 0.999787 0.01373 -0.0154374 0.998856 -0.0137728 0.999902 -0.00267331 -0.00407546 0.0153992 0.00288535 0.999877 0.0476488
165 170 49 0.999766 0.0120681 0.0179288 -0.64192 -0.0119857 0.999917 -0.00469585 -0.189833 -0.017984 0.00447986 0.999828 0.742901
165 171 51 0.999592 0.0198303 0.0205464 -0.680095 -0.0195915 0.999739 -0.0117625 -0.0103404 -0.0207743 0.0113552 0.99972 0.733051
165 172 53 0.999265 0.023142 0.0305518 -0.656853 -0.0229568 0.999716 -0.0064013 -0.218403 -0.0306912 0.00569523 0.999513 0.721696
165 173 33 0.999112 0.0401714 0.0127122 -0.586366 -0.0401332 0.999189 -0.00324405 -0.0416413 -0.0128322 0.00273098 0.999914 0.808975
165 174 32 0.999112 0.0362858 0.0213963 -0.665335 -0.0364023 0.999324 0.00507976 -0.0963252 -0.0211976 -0.00585413 0.999758 0.740305
165 175 30 0.999398 0.0293035 0.0185794 -0.818414 -0.0294413 0.999541 0.00718738 -0.0932076 -0.0183602 -0.00773005 0.999802 0.567019
165 176 32 0.999174 0.0320323 -0.0250012 0.95553 -0.0317842 0.999442 0.0102604 -0.031002 0.025316 -0.00945733 0.999635 -0.29326
165 177 53 0.997748 0.0200311 -0.0640087 0.992695 -0.0203469 0.999784 -0.00428654 0.0759984 0.063909 0.00557927 0.99794 -0.093711
165 178 29 0.999912 0.0107836 0.00771904 -0.810694 -0.0107383 0.999925 -0.00588355 -0.116725 -0.00778191 0.00580014 0.999953 0.573717
165 179 61 0.996053 0.0142613 -0.0876121 0.981475 -0.016354 0.999597 -0.0232141 0.173536 0.0872457 0.0245552 0.995884 -0.0811924
180 181 12 1 4.35596e-13 -6.2117e-14 0.203281 -4.35513e-13 1 -5.21805e-15 0.361336 6.2117e-14 5.21805e-15 1 -0.910007
180 182 21 0.999995 0.000316282 -0.00328772 0.0780269 -0.000305483 0.999995 0.00328475 0.30334 0.00328874 -0.00328373 0.999989 -0.949682
180 183 20 0.99996 -0.00446174 -0.00769333 -0.554973 0.00447085 0.999989 0.0011682 -0.137824 0.00768803 -0.00120255 0.99997 0.820372
180 184 20 0.999936 0.00398167 -0.0106134 0.68205 -0.00397323 0.999992 0.0008166 0.0633507 0.0106165 -0.000774378 0.999943 -0.728557
180 185 0 1 0 0 0 0 1 0 0 0 0 1 0
180 186 50 0.99955 0.00749826 -0.0290367 0.942498 -0.00754263 0.999971 -0.00141858 0.0851569 0.0290252 0.00163696 0.999577 -0.32318
180 187 42 0.999594 0.00450123 -0.0281455 0.672732 -0.00465088 0.999975 -0.00525375 -0.101086 0.0281211 0.00538252 0.99959 -0.732948
180 188 66 0.999201 0.0100652 -0.0386696 0.710667 -0.0101729 0.999945 -0.00258962 -0.0215657 0.0386414 0.00298094 0.999249 -0.703198
180 189 101 0.99684 0.0198174 -0.0769255 0.975799 -0.0197145 0.999803 0.002097 -0.0666352 0.0769519 -0.00057383 0.997035 -0.208271
180 190 93 0.998206 0.0196854 -0.0565413 0.877759 -0.0197836 0.999804 -0.00117868 -0.0361489 0.056507 0.00229516 0.9984 -0.477737
180 191 47 0.99999 -0.000167661 -0.00449539 -0.985937 0.00016415 1 -0.000781341 -0.165684 0.00449552 0.000780596 0.99999 0.0218288
180 192 66 0.997796 0.0190601 -0.0635618 0.930404 -0.0192959 0.999809 -0.00309842 0.0986587 0.0634906 0.00431808 0.997973 -0.35301
180 193 38 0.998021 0.0191935 -0.0598761 0.85058 -0.0194693 0.999802 -0.00402729 0.0879712 0.059787 0.00518507 0.998198 -0.518435
180 194 32 0.997277 0.0170637 -0.0717447 0.917123 -0.0175746 0.999824 -0.00649515 0.149816 0.0716213 0.00773835 0.997402 -0.369378
195 196 0 1 0 0 0 0 1 0 0 0 0 1 0
195 197 24 0.999852 0.0170755 -0.0022717 0.135892 -0.0170576 0.999825 0.00766548 -0.0429477 0.0024022 -0.00762559 0.999968 -0.989792
195 198 0 1 0 0 0 0 1 0 0 0 0 1 0
195 199 17 0.999678 0.0212595 -0.0138897 0.925979 -0.0211509 0.999745 0.00791807 0.127716 0.0140545 -0.00762173 0.999872 -0.355318
195 200 74 0.997115 0.0455818 -0.0606924 0.994186 -0.0452699 0.998954 0.00650626 -0.00079344 0.0609254 -0.00373995 0.998135 0.107676
195 201 0 1 0 0 0 0 1 0 0 0 0 1 0
195 202 54 0.996012 0.0447797 -0.0771674 0.994604 -0.0464791 0.998712 -0.0203669 -0.00286718 0.0761559 0.0238724 0.99681 0.103701
195 203 67 0.998215 0.0350481 -0.0483523 0.940679 -0.0364279 0.998945 -0.0279568 -0.0358811 0.0473215 0.0296683 0.998439 -0.337395
195 204 29 0.999513 0.0240759 -0.0198549 -0.75365 -0.0245105 0.999459 -0.0219411 -0.164332 0.0193159 0.0224171 0.999562 -0.636401
195 205 24 0.999725 0.00773145 -0.0221401 -0.522248 -0.00839031 0.99952 -0.029822 -0.20802 0.0218989 0.0299996 0.99931 0.827033
195 206 59 0.997536 0.046465 -0.0525565 0.980089 -0.0468894 0.998876 -0.00686958 0.177315 0.0521783 0.009317 0.998594 -0.0893535
195 207 67 0.996222 0.0545154 -0.0676049 0.989127 -0.0543832 0.998513 0.00379586 -0.0466229 0.0677113 -0.000104955 0.997705 -0.139477
195 208 37 0.997873 0.0455295 -0.0466601 0.97958 -0.0459088 0.99892 -0.00708947 0.0363287 0.0462869 0.0092165 0.998886 -0.197743
195 209 69 0.996857 0.0444809 -0.0655489 0.983361 -0.0451741 0.998937 -0.00913024 -0.0305538 0.0650731 0.0120627 0.997808 -0.179075
210 211 0 1 0 0 0 0 1 0 0 0 0 1 0
210 212 17 0.99989 -0.0146895 -0.00218408 0.291409 0.0146909 0.999892 0.000628471 -0.314803 0.00217461 -0.000660488 0.999997 0.903316
210 213 21 0.99988 -0.00844128 -0.0129936 0.140195 0.00860254 0.999886 0.0124053 0.0615596 0.0128874 -0.0125156 0.999839 -0.988208
210 214 67 0.998067 -0.010036 -0.061333 0.83489 0.00901151 0.999816 -0.016958 0.545412 0.0614919 0.0163725 0.997973 -0.0740588
210 215 30 0.998896 -0.0250754 -0.0397117 0.859205 0.0251993 0.999679 0.00262283 0.253701 0.0396331 -0.00362065 0.999208 -0.444301
210 216 43 0.998453 -0.0118335 -0.054321 0.908153 0.0117525 0.999929 -0.00181212 0.338669 0.0543386 0.00117091 0.998522 -0.246095
210 217 38 0.998235 -0.0144678 -0.0576012 0.857131 0.0151101 0.999828 0.0107324 -0.0409265 0.057436 -0.0115838 0.998282 -0.51347
210 218 24 0.998116 -0.0181059 -0.0586303 0.911527 0.0185199 0.999807 0.00652673 0.145445 0.0585009 -0.00760026 0.998258 -0.384662
210 219 33 0.997661 -0.0141067 -0.0668875 0.87924 0.0144642 0.999884 0.00486408 0.107857 0.0668111 -0.00582018 0.997749 -0.464008
210 220 20 0.999602 -0.0134692 -0.0247821 0.196008 0.0143643 0.999238 0.0363034 0.153224 0.0242743 -0.036645 0.999033 0.968557
210 221 43 0.995208 -0.00698693 -0.0975279 0.967089 0.00758782 0.999954 0.0057917 0.25435 0.097483 -0.00650397 0.995216 -0.0067161
210 222 25 0.998634 -0.0293965 -0.0432006 0.822682 0.0299753 0.999469 0.0128117 0.23698 0.042801 -0.0140891 0.998984 -0.516754
210 223 25 0.996471 -0.00469174 -0.0838018 0.964585 0.00559348 0.999929 0.0105289 0.254317 0.0837465 -0.0109605 0.996427 -0.069989
210 224 27 0.997014 -0.00940793 -0.0766432 0.863309 0.0104822 0.999852 0.013626 0.107056 0.0765037 -0.0143887 0.996965 -0.493191
225 226 0 1 0 0 0 0 1 0 0 0 0 1 0
225 227 0 1 0 0 0 0 1 0 0 0 0 1 0
225 228 15 0.999936 0.00343028 -0.0107494 0.987617 -0.0034015 0.999991 0.00269399 -0.112325 0.0107586 -0.00265726 0.999939 0.109528
225 229 74 0.998557 0.0228176 -0.0486228 0.99913 -0.0227822 0.99974 0.00128245 0.00979784 0.0486394 -0.000172866 0.998816 0.0405489
225 230 32 0.999458 0.0224336 -0.0240734 0.81092 -0.0222854 0.999731 0.00640574 0.0370652 0.0242106 -0.00586579 0.99969 -0.583982
225 231 0 1 0 0 0 0 1 0 0 0 0 1 0
225 232 0 1 0 0 0 0 1 0 0 0 0 1 0
225 233 21 0.998881 0.0168125 -0.0442076 0.933105 -0.0141958 0.998166 0.0588536 0.0943738 0.045116 -0.0581602 0.997287 -0.347
225 234 40 0.99438 0.0359363 -0.0995851 0.989042 -0.0292015 0.997239 0.0682798 0.0143559 0.101764 -0.064988 0.992684 0.146935
225 235 41 0.996307 0.0358444 -0.0780256 0.977999 -0.0304925 0.997169 0.0687343 0.00337579 0.0802685 -0.0661012 0.994579 0.208583
225 236 24 0.999548 -0.0116477 0.0277292 -0.299447 0.00978674 0.99775 0.0663269 -0.0888972 -0.0284394 -0.0660255 0.997413 0.949962
225 237 47 0.995534 0.0402209 -0.0854041 0.96745 -0.0346143 0.99721 0.0661436 0.0854338 0.0878262 -0.062892 0.994148 0.238203
225 238 32 0.995275 0.0341843 -0.0908758 0.939857 -0.0282656 0.997443 0.0656366 -0.0273838 0.0928871 -0.0627578 0.993697 0.340468
225 239 40 0.994529 0.0328748 -0.0991578 0.990096 -0.0277606 0.998234 0.0525228 0.0297602 0.100709 -0.0494828 0.993685 0.137198
240 241 0 1 0 0 0 0 1 0 0 0 0 1 0
240 242 21 1 -0.000661569 -0.000493489 -0.437701 0.000661104 0.999999 -0.000942572 -0.226227 0.000494112 0.000942245 0.999999 0.870195
240 243 58 0.999924 0.00884546 -0.00858142 0.588285 -0.00893713 0.999903 -0.0107035 0.487417 0.00848591 0.0107794 0.999906 0.645249
240 244 105 0.999842 0.0143357 -0.0104941 0.397536 -0.0146699 0.999364 -0.0324942 0.894998 0.0100216 0.032643 0.999417 0.202343
240 245 28 0.999995 -0.00130335 -0.00270915 0.843402 0.00126699 0.99991 -0.0133815 -0.103673 0.00272634 0.013378 0.999907 0.527186
240 246 39 0.999907 -0.00336937 -0.0132482 0.731207 0.003168 0.99988 -0.0151915 -0.101378 0.0132978 0.0151481 0.999797 -0.67458
240 247 31 0.999936 -0.00270794 -0.0109569 0.774575 0.00256653 0.999913 -0.0129003 0.114713 0.0109909 0.0128714 0.999857 -0.621993
240 248 35 0.999802 0.00166974 -0.0198484 0.910108 -0.00178616 0.999981 -0.00584944 0.0480616 0.0198383 0.00588373 0.999786 -0.411575
240 249 37 0.999767 0.00371187 -0.0212698 0.81798 -0.0037222 0.999993 -0.000446477 0.0555831 0.021268 0.000525543 0.999774 -0.572556
240 250 27 0.999959 -0.00271999 -0.00863952 -0.971919 0.00278473 0.999968 0.00749072 -0.224472 0.00861887 -0.00751447 0.999935 0.0706036
240 251 81 0.999351 0.00322444 -0.035867 0.384099 -0.00280379 0.999927 0.0117722 0.201175 0.0359023 -0.011664 0.999287 -0.901108
240 252 91 0.99617 0.023914 -0.0841044 0.882138 -0.0208858 0.999108 0.0367022 -0.129799 0.0849071 -0.034805 0.995781 -0.452752
240 253 52 0.99932 0.0164158 -0.0330288 0.851791 -0.0156627 0.999614 0.0229312 -0.067815 0.0333925 -0.0223982 0.999191 -0.519474
240 254 81 0.998986 0.0249995 -0.0374493 0.991851 -0.0243563 0.99955 0.0175355 0.0927472 0.0378708 -0.0166056 0.999145 -0.0873494
255 256 19 0.999985 0.00541511 -0.000264113 -0.0517651 -0.00541728 0.999944 -0.00906774 0.994562 0.000214995 0.00906903 0.999959 0.0903674
255 257 101 0.9994 0.0272417 -0.0213878 0.99116 -0.0269967 0.999568 0.0116589 0.128712 0.0216961 -0.0110745 0.999703 0.0321767
255 258 49 0.999273 0.036997 -0.00925076 0.821106 -0.0369068 0.999271 0.00973719 -0.0881957 0.00960426 -0.00938869 0.99991 0.56392
255 259 13 0.99843 0.0552954 0.00888914 0.986559 -0.0552955 0.99847 -0.000229271 0.0626427 -0.00888821 -0.000262619 0.99996 0.150924
255 260 30 0.998391 0.056645 0.00266097 0.980037 -0.0566105 0.998329 -0.0116261 -0.166682 -0.00331509 0.0114568 0.999929 -0.108373
255 261 84 0.998217 0.0591112 -0.00826646 0.888896 -0.0592341 0.998124 -0.0155083 -0.0332126 0.00733423 0.0159703 0.999846 -0.456903
255 262 56 0.99747 0.0710136 -0.00311297 0.365973 -0.0710141 0.997475 -3.90972e-05 -0.178534 0.00310234 0.000260063 0.999995 -0.91334
255 263 43 0.997509 0.0669452 -0.0222142 0.861565 -0.0669468 0.997756 0.000676026 -0.0421552 0.0222096 0.000812824 0.999753 -0.505895
255 264 46 0.997559 0.0650918 -0.0252768 0.931204 -0.0651466 0.997875 -0.00134879 0.0848908 0.0251353 0.0029922 0.99968 -0.354475
255 265 117 0.996338 0.0694004 -0.049946 0.930721 -0.0693168 0.997589 0.00340587 0.0266077 0.050062 6.86955e-05 0.998746 -0.36476
255 266 24 0.997576 0.0667706 -0.0195747 0.984124 -0.066767 0.997768 0.000840907 0.14712 0.0195872 0.000468077 0.999808 0.0992792
255 267 43 0.997771 0.0573109 -0.0341748 0.149861 -0.05745 0.998344 -0.00310328 -0.106075 0.0339403 0.00505971 0.999411 -0.983
255 268 38 0.998171 0.0580883 -0.0167261 -0.925108 -0.058369 0.998153 -0.0168135 -0.0931017 0.0157186 0.017759 0.999719 0.368113
255 269 53 0.996979 0.0542331 -0.0556004 0.61323 -0.0547498 0.99847 -0.00781234 -0.274161 0.0550916 0.0108328 0.998423 -0.7408
270 271 32 0.999811 0.00386204 -0.0190674 0.974822 -0.00384195 0.999992 0.00109024 -0.0161171 0.0190714 -0.00101678 0.999818 -0.222399
270 272 92 0.999144 0.00972232 -0.0402106 0.990003 -0.00955907 0.999945 0.00425019 -0.0691028 0.0402497 -0.00386218 0.999182 -0.12296
270 273 0 1 0 0 0 0 1 0 0 0 0 1 0
270 274 0 1 0 0 0 0 1 0 0 0 0 1 0
270 275 86 1 5.60656e-16 3.40398e-15 -1 -8.25207e-16 1 1.84215e-15 1.28575e-15 -3.40398e-15 -1.65193e-16 1 1.13333e-14
270 276 94 0.999975 0.00292566 0.00640735 -0.994027 -0.00291945 0.999995 -0.000977845 -0.000693483 -0.00641018 0.000959115 0.999979 -0.10913
270 277 33 0.998592 0.0139522 -0.0511709 0.751807 -0.0142595 0.999882 -0.00564539 0.0986374 0.0510861 0.00636711 0.998674 -0.651964
270 278 40 0.999303 0.00530542 -0.0369611 -0.298883 -0.00492792 0.999935 0.0102971 0.0530634 0.0370133 -0.0101078 0.999264 -0.952813
270 279 29 0.997514 0.0257955 -0.0655847 0.768807 -0.0253324 0.999648 0.00788207 0.102684 0.065765 -0.00620105 0.997816 -0.631183
270 280 26 0.997211 0.0247325 -0.0704191 0.64437 -0.0243321 0.999683 0.00653751 0.0579351 0.0705584 -0.00480583 0.997496 -0.762516
270 281 32 0.996095 0.0239854 -0.0849712 0.55483 -0.0231165 0.99967 0.0111953 -0.117908 0.0852117 -0.00918736 0.996321 -0.823567
270 282 49 0.993803 0.0310077 -0.106746 0.999944 -0.030255 0.999505 0.00866329 -0.00284971 0.106962 -0.00537999 0.994249 0.0101779
270 283 82 0.999722 0.00681109 -0.0225522 -0.984919 -0.00681276 0.999977 2.86925e-06 0.0512195 0.0225517 0.000150774 0.999746 -0.16526
270 284 64 0.999386 0.00831039 -0.0340379 -0.964064 -0.00830895 0.999965 0.00018368 0.0567374 0.0340383 9.92519e-05 0.999421 -0.259542
285 286 83 0.999554 0.00132349 -0.02985 0.971672 -0.00118879 0.999989 0.00452991 -0.200883 0.0298557 -0.0044924 0.999544 -0.124498
285 287 80 0.999462 0.00363064 -0.0325842 0.845899 -0.00363073 0.999993 5.64313e-05 0.0568648 0.0325842 6.19035e-05 0.999469 -0.530303
285 288 33 0.999908 0.00306709 -0.0132313 0.227465 -0.00296942 0.999968 0.00739545 0.244643 0.0132535 -0.00735548 0.999885 -0.942555
285 289 50 0.999754 -0.0212632 -0.00629372 -0.385828 0.0214587 0.999231 0.0328251 0.0369472 0.00559091 -0.0329521 0.999441 -0.92183
285 290 52 0.999946 -0.006476 -0.00808664 -0.793621 0.00672172 0.999505 0.0307379 -0.0203469 0.00788358 -0.0307906 0.999495 -0.608073
285 291 54 0.995345 0.0178638 -0.0947022 0.909204 -0.0153466 0.999511 0.0272424 0.21765 0.0951426 -0.0256623 0.995133 -0.354931
285 292 62 0.997144 0.0213058 -0.0724615 0.953667 -0.0184136 0.999016 0.0403494 0.180703 0.0732499 -0.0388998 0.996555 -0.240552
285 293 33 0.997622 0.018661 -0.0663465 0.843084 -0.0156862 0.99886 0.045079 0.20178 0.0671121 -0.0439311 0.996778 -0.498492
285 294 24 0.997441 0.0248069 -0.0670462 0.969075 -0.0215362 0.998563 0.0490732 0.17815 0.0681672 -0.0475037 0.996542 -0.170752
285 295 51 0.999923 0.0115477 0.00452104 -0.903264 -0.0118078 0.997974 0.0625116 -0.0944085 -0.00379002 -0.0625602 0.998034 -0.41857
285 296 17 0.995124 0.00233248 -0.0986011 -0.10212 0.0034269 0.998299 0.0582012 -0.138159 0.0985691 -0.0582553 0.993424 -0.985131
285 297 46 0.993165 0.0500749 -0.105433 0.523522 -0.0435554 0.997046 0.0632569 -0.0450498 0.108289 -0.0582324 0.992412 -0.85082
285 298 46 0.999197 0.0374012 -0.014379 -0.776485 -0.0364613 0.997481 0.0608504 0.0341351 0.0166186 -0.0602773 0.998043 -0.629211
285 299 36 0.994453 0.037734 -0.0981815 -0.169322 -0.0310521 0.997153 0.0687168 -0.138535 0.100495 -0.0652868 0.992793 -0.975776
300 301 27 0.999982 -0.00430726 -0.00416156 -0.542177 0.00432697 0.999979 0.00473999 0.0711746 0.00414106 -0.00475791 0.99998 -0.837244
300 302 37 0.99993 -0.00398996 -0.0111113 0.445658 0.00409179 0.99995 0.00915697 -0.131821 0.0110742 -0.0092018 0.999896 0.885445
300 303 50 0.999933 0.00129068 -0.0115192 0.424662 -0.00115337 0.999928 0.0119189 -0.155299 0.0115337 -0.0119048 0.999863 0.891933
300 304 96 0.999711 0.0124443 -0.0205694 0.840026 -0.0121957 0.999852 0.0121708 -0.105551 0.0207178 -0.0119164 0.999714 0.532179
300 305 131 0.999303 0.0220551 -0.0301343 0.87259 -0.0217171 0.999698 0.0114971 -0.0956166 0.0303787 -0.0108347 0.99948 0.479003
300 306 45 0.999575 0.0266764 -0.011775 0.471346 -0.0266449 0.999641 0.00282515 -0.163416 0.0118461 -0.0025102 0.999927 0.866676
300 307 156 0.999654 0.0254546 0.00658883 -0.978193 -0.0254014 0.999645 -0.00803362 0.0537213 -0.00679099 0.00786348 0.999946 -0.200633
300 308 22 0.999434 0.0318229 -0.0108855 0.703986 -0.0319522 0.999418 -0.0119175 -0.150455 0.0104999 0.0122585 0.99987 0.694094
300 309 154 0.998167 0.048946 -0.0356012 0.84248 -0.0501212 0.998201 -0.0329042 0.532309 0.0339266 0.0346283 0.998824 0.0829181
300 310 59 0.999737 0.0219208 -0.00677214 0.48057 -0.0221043 0.999354 -0.0283362 -0.1497 0.00614662 0.0284784 0.999576 0.864084
300 311 77 0.999871 0.0158184 -0.0028719 -0.518713 -0.0159157 0.999158 -0.0378039 0.134437 0.00227149 0.0378447 0.999281 -0.844312
300 312 126 0.999447 0.0112505 -0.0313043 0.962091 -0.0126568 0.998903 -0.0450948 0.147391 0.0307626 0.0454661 0.998492 -0.229471
300 313 28 0.999942 0.00127271 -0.0106494 0.855388 -0.00175489 0.998968 -0.045392 -0.0834194 0.0105806 0.045408 0.998912 0.511227
300 314 132 0.999163 -0.0154913 -0.0378684 0.948241 0.0137308 0.998833 -0.0463141 -0.275298 0.0385416 0.0457553 0.998209 -0.15827
315 316 212 0.999798 0.00332841 -0.019822 0.917388 -0.00328944 0.999993 0.00199796 0.0594142 0.0198285 -0.00193235 0.999802 -0.393533
315 317 25 0.999944 -0.00466915 0.00947858 0.300183 0.00465313 0.999988 0.00171147 0.130532 -0.00948646 -0.00166727 0.999954 0.944908
315 318 34 0.999946 -0.00687922 0.00773674 0.379612 0.0068404 0.999964 0.00503348 0.27976 -0.00777109 -0.00498029 0.999957 -0.881833
315 319 28 0.999933 -0.000558145 0.0115964 0.357399 0.000425805 0.999935 0.0114115 0.224732 -0.011602 -0.0114058 0.999868 -0.90651
315 320 28 0.999779 -0.0011714 0.0209861 -0.503092 0.000891089 0.99991 0.0133612 0.216306 -0.0209998 -0.0133395 0.99969 -0.836725
315 321 21 0.999629 0.00284856 0.0270915 0.571205 -0.0032136 0.999905 0.0134404 -0.18945 -0.0270507 -0.0135225 0.999543 0.798645
315 322 27 0.999544 0.0066913 0.0294532 0.111469 -0.00699394 0.999924 0.0101844 0.31736 -0.0293828 -0.0103857 0.999514 -0.941731
315 323 15 0.999524 0.00466212 0.0304838 0.921729 -0.00499903 0.999927 0.0109855 -0.224844 -0.0304303 -0.0111326 0.999475 0.316008
315 324 38 0.999589 0.0110152 0.0264824 0.392648 -0.0114288 0.999814 0.0155204 -0.0755083 -0.0263065 -0.0158166 0.999529 -0.916584
315 325 22 0.999508 0.00904876 0.030043 0.580395 -0.00950237 0.999842 0.0149904 -0.160433 -0.0299026 -0.0152685 0.999436 0.798375
315 326 32 0.999798 0.0138584 0.0145381 0.710254 -0.0141083 0.999752 0.0172312 0.21611 -0.0142957 -0.0174328 0.999746 -0.669952
315 327 23 0.999842 0.00799103 0.0158504 0.71144 -0.00832626 0.999741 0.0211979 -0.0505662 -0.0156769 -0.0213265 0.99965 -0.700925
315 328 172 0.999742 0.0173755 -0.0146064 0.855059 -0.0170083 0.999545 0.0248992 0.12268 0.0150324 -0.0246444 0.999583 -0.503809
315 329 191 0.9995 0.0237654 -0.0208522 0.904332 -0.0230755 0.999198 0.032725 0.0450073 0.0216132 -0.0322274 0.999247 -0.42445
330 331 0 1 0 0 0 0 1 0 0 0 0 1 0
330 332 118 0.999962 -0.00409365 0.00765381 -0.990827 0.00409985 0.999991 -0.000795041 -0.0273795 -0.00765049 0.000826391 0.99997 0.132331
330 333 0 1 0 0 0 0 1 0 0 0 0 1 0
330 334 172 0.998999 0.00339928 -0.0445977 0.979526 -0.00355863 0.999988 -0.00349395 0.152448 0.0445853 0.00364916 0.998999 -0.131485
330 335 46 0.999663 0.000932613 -0.0259263 0.349966 -0.000733427 0.99997 0.00769121 -0.332741 0.0259327 -0.0076696 0.999634 -0.875675
330 336 52 0.999671 0.00754239 -0.0245339 0.314459 -0.00752786 0.999971 0.000684562 -0.18682 0.0245384 -0.000499649 0.999699 -0.930706
330 337 35 0.9994 0.0169017 -0.0302446 0.768034 -0.0173107 0.999762 -0.0133134 0.521786 0.0300124 0.013829 0.999454 -0.3713
330 338 40 0.999302 0.0146085 -0.0343911 0.457193 -0.0149598 0.999838 -0.00998058 0.0820165 0.0342397 0.0104881 0.999359 -0.885578
330 339 154 0.99705 0.0216564 -0.07363 0.998438 -0.0227497 0.999643 -0.014042 -0.0537434 0.0732996 0.0156756 0.997187 0.0152567
330 340 87 0.998941 0.0216098 -0.0406188 0.146238 -0.022246 0.999636 -0.015277 -0.0696522 0.0402739 0.0161645 0.999058 -0.986794
330 341 69 0.999039 0.0192078 -0.0393924 -0.405635 -0.0199471 0.999631 -0.0184598 0.168303 0.0390233 0.0192279 0.999053 -0.898407
330 342 72 0.99794 0.0176472 -0.0616731 0.575227 -0.0183268 0.999777 -0.0104712 -0.0858761 0.0614746 0.0115799 0.998041 -0.813473
330 343 94 0.998655 0.0150015 -0.0496325 -0.346205 -0.014992 0.999887 0.000562931 -0.115526 0.0496353 0.000181918 0.998767 -0.931019
330 344 127 0.99539 0.0380298 -0.0880452 0.974619 -0.0382812 0.999266 -0.00116846 0.211602 0.0879362 0.00453356 0.996116 -0.0730951
345 346 18 0.999994 0.000593342 -0.0033187 0.434642 -0.00056924 0.999973 0.00725871 0.160715 0.00332292 -0.00725678 0.999968 -0.886147
345 347 34 0.999876 0.0017824 -0.0156775 0.840571 -0.00153389 0.999873 0.015849 -0.165145 0.0157037 -0.015823 0.999751 0.515915
345 348 45 0.999929 0.0013506 -0.011842 0.377781 -0.00119495 0.999913 0.0131413 -0.0965864 0.0118588 -0.0131262 0.999844 0.920843
345 349 54 0.999875 -0.00216166 -0.0156884 0.442238 0.00230756 0.999954 0.0092882 -0.115981 0.0156676 -0.00932324 0.999834 0.889367
345 350 20 0.999771 0.00395832 -0.0210281 0.232689 -0.00368442 0.999908 0.0130487 0.116445 0.0210778 -0.0129682 0.999694 -0.965555
345 351 51 0.999696 -0.000693425 -0.024641 -0.252029 0.00109162 0.999869 0.0161499 0.0104211 0.0246266 -0.0161719 0.999566 -0.967663
345 352 34 0.999457 0.0028742 -0.0328158 0.510109 -0.00213373 0.999743 0.0225772 0.0498763 0.0328723 -0.022495 0.999206 -0.858663
345 353 202 0.998532 0.0135463 -0.0524342 0.852183 -0.0116868 0.999297 0.0356096 -0.0206719 0.0528797 -0.0349445 0.997989 -0.522836
345 354 15 0.999415 0.000216305 -0.0342113 0.564755 0.00114473 0.999209 0.0397586 -0.594664 0.0341928 -0.0397745 0.998623 -0.572212
