0 1 11 0.999977 0.00301927 -0.00611134 0.391494 -0.00299857 0.99999 0.00339331 -0.0674314 0.00612153 -0.00337491 0.999976 -0.917707
0 2 255 0.999626 0.012869 -0.0241142 0.843814 -0.012475 0.999787 0.0164182 -0.44088 0.0243203 -0.0161112 0.999574 -0.305945
0 3 12 0.99981 0.0152372 -0.0121315 0.970048 -0.0151649 0.999867 0.00603392 0.0412819 0.0122218 -0.0058488 0.999908 0.23938
0 4 12 0.999912 0.0118439 -0.0060367 0.980043 -0.0117815 0.999878 0.0102681 -0.057781 0.00615757 -0.010196 0.999929 0.190201
0 5 23 0.999823 0.0150736 -0.0112897 0.831242 -0.0150491 0.999884 0.00225198 0.0326464 0.0113223 -0.00208168 0.999934 0.554951
0 6 32 0.999733 0.0137085 -0.0186275 0.909527 -0.0137202 0.999906 -0.000501241 -0.212736 0.0186189 0.00075668 0.999826 0.357077
0 7 225 0.999592 0.0127667 -0.0255452 0.915766 -0.0126842 0.999914 0.00339147 -0.40146 0.0255863 -0.00306606 0.999668 -0.0142489
0 8 0 1 0 0 0 0 1 0 0 0 0 1 0
0 9 0 1 0 0 0 0 1 0 0 0 0 1 0
0 10 136 0.999435 0.00149396 -0.033589 0.985701 -0.00203985 0.999866 -0.0162235 -0.0283126 0.0335603 0.0162829 0.999304 0.16611
0 11 185 0.999486 0.00536574 -0.0316148 0.935999 -0.00570863 0.999926 -0.0107656 -0.199346 0.0315547 0.0109406 0.999442 -0.290116
0 12 33 0.999884 0.0108397 -0.0106968 0.973269 -0.0110426 0.999757 -0.0190922 0.0339752 0.0104873 0.0192081 0.999761 -0.227142
0 13 31 0.999964 -0.00148568 -0.00836048 0.72659 0.00135414 0.999876 -0.0157179 -0.0969288 0.00838279 0.015706 0.999842 0.6802
0 14 91 0.99969 0.00492778 -0.0244247 0.884616 -0.0052839 0.99988 -0.0145372 -0.139143 0.0243502 0.0146618 0.999596 -0.445076
15 16 0 1 0 0 0 0 1 0 0 0 0 1 0
15 17 20 0.999951 -0.00947774 -0.00279356 0.45383 0.00946738 0.999948 -0.00369875 0.324536 0.00282847 0.00367212 0.999989 -0.829888
15 18 35 0.999776 -0.0134578 -0.0163113 0.942745 0.0133904 0.999901 -0.00423613 0.207122 0.0163667 0.00401677 0.999858 -0.261406
15 19 42 0.999879 -0.0106361 -0.0113924 0.840093 0.0106335 0.999943 -0.000283934 0.196495 0.0113948 0.000162758 0.999935 -0.505602
15 20 264 0.998745 -0.000634845 -0.0500762 0.924367 0.00187966 0.99969 0.0248152 -0.381303 0.050045 -0.0248782 0.998437 -0.0123802
15 21 70 0.999896 -0.0122296 -0.00768489 0.613783 0.0121497 0.999873 -0.0103515 0.0380872 0.0078105 0.010257 0.999917 -0.788555
15 22 168 0.999699 -0.00667332 -0.0236203 0.955809 0.00650903 0.999954 -0.00702543 -0.0115412 0.0236661 0.00686957 0.999696 -0.29376
15 23 65 0.999957 0.00632621 -0.0068367 0.267463 -0.00644812 0.999818 -0.0179602 0.21129 0.00672183 0.0180035 0.999815 -0.940117
15 24 28 0.999914 0.0069151 -0.0111364 0.799822 -0.00721158 0.999615 -0.026806 0.17584 0.0109467 0.026884 0.999579 -0.573904
15 25 101 0.999459 0.00864388 -0.031724 0.805606 -0.00982924 0.999252 -0.0374009 0.206667 0.031377 0.0376924 0.998797 -0.555237
15 26 247 0.998416 0.00589696 -0.0559532 0.9234 -0.0078103 0.99939 -0.0340386 0.0829757 0.0557184 0.0344217 0.997853 -0.374764
15 27 261 0.998609 0.0159396 -0.0502563 0.895793 -0.0174121 0.999428 -0.0289987 0.0663154 0.0497653 0.0298335 0.998315 -0.439497
15 28 157 0.998972 0.0211553 -0.0400982 0.810402 -0.022409 0.999266 -0.0310788 0.157365 0.0394113 0.0319454 0.998712 -0.564344
15 29 131 0.998094 0.0298034 -0.0540381 0.783774 -0.0313666 0.999107 -0.0283141 0.129523 0.053146 0.0299551 0.998137 -0.60739
30 31 0 1 0 0 0 0 1 0 0 0 0 1 0
30 32 126 0.999503 0.0135984 0.0284536 -0.935155 -0.0138661 0.999861 0.00923448 -0.253313 -0.0283241 -0.00962443 0.999552 0.247623
30 33 0 1 0 0 0 0 1 0 0 0 0 1 0
30 34 0 1 0 0 0 0 1 0 0 0 0 1 0
30 35 28 0.999996 0.00235546 -0.00157891 -0.841829 -0.00234824 0.999987 0.00456355 -0.156793 0.00158964 -0.00455982 0.999988 0.516468
30 36 19 0.999959 -0.000514823 -0.00903129 0.883404 0.000529867 0.999998 0.00166343 0.175603 0.00903042 -0.00166814 0.999958 -0.434466
30 37 119 0.998042 0.00714864 -0.0621357 0.976052 -0.00718993 0.999974 -0.000440964 0.0952116 0.0621309 0.000886852 0.998068 -0.195597
30 38 53 0.999407 0.0169151 -0.0300029 0.918268 -0.0167733 0.999847 0.00497088 0.151243 0.0300824 -0.00446468 0.999537 -0.365936
30 39 24 0.999614 0.0189208 -0.0203315 0.926749 -0.0187105 0.99977 0.0104849 0.122517 0.0205252 -0.0101005 0.999738 -0.355143
30 40 29 0.999346 0.0155482 -0.0326321 0.888255 -0.0152188 0.999831 0.0103189 0.177628 0.032787 -0.00981551 0.999414 -0.423617
30 41 53 0.999115 0.00693946 -0.0414872 0.940323 -0.00617436 0.999809 0.0185415 0.140599 0.041608 -0.0182689 0.998967 -0.309877
30 42 106 0.998211 0.00903572 -0.0590987 0.998067 -0.0078622 0.999768 0.0200595 -0.0308544 0.0592663 -0.0195589 0.998051 -0.0539474
30 43 60 0.998852 0.00513178 -0.0476319 0.926992 -0.00439779 0.99987 0.0155016 0.100875 0.0477053 -0.0152743 0.998745 -0.361263
30 44 36 0.990841 0.127605 0.0441623 -0.264624 -0.127567 0.991823 -0.00368329 -0.117178 -0.0442712 -0.0019841 0.999018 -0.957206
45 46 117 0.99984 0.00566733 -0.0169648 0.86209 -0.00541125 0.999871 0.0151028 -0.496399 0.0170482 -0.0150086 0.999742 0.101923
45 47 47 0.999782 0.00647227 0.0198586 -0.941153 -0.00643839 0.999978 -0.00176949 -0.0242884 -0.0198696 0.00164125 0.999801 0.337107
45 48 62 0.999698 -0.00348779 0.0243331 -0.994443 0.00354741 0.999991 -0.00240737 -0.0739126 -0.0243245 0.00249296 0.999701 0.0749649
45 49 11 0.999733 -0.00683943 -0.0220651 0.115314 0.00698023 0.999956 0.00631045 0.34982 0.0220209 -0.00646278 0.999737 0.929693
45 50 11 0.999834 0.0125698 -0.013155 0.992787 -0.0123964 0.999836 0.0131815 0.0367422 0.0133185 -0.0130162 0.999827 -0.114125
45 51 26 0.999722 0.0176085 -0.0157065 0.489146 -0.0175473 0.999838 0.00402828 -0.308593 0.0157749 -0.00375155 0.999869 0.815786
45 52 33 0.99932 0.0366494 -0.00401486 -0.930519 -0.0367202 0.99914 -0.0192624 -0.145392 0.00330545 0.0193967 0.999806 0.336148
45 53 37 0.9982 0.037607 -0.0467135 0.995085 -0.0383886 0.999136 -0.0159494 0.0236643 0.0460733 0.0177139 0.998781 -0.0961561
45 54 35 0.99795 0.0538314 -0.0346096 0.997456 -0.0539792 0.998536 -0.00335039 0.0527 0.0343786 0.00521172 0.999395 -0.0480122
45 55 62 0.997437 0.0574034 -0.042702 0.984645 -0.0571632 0.998342 0.00682686 0.0315196 0.0430231 -0.00436838 0.999065 -0.171697
45 56 42 0.997257 0.0554095 -0.0490669 0.999966 -0.0547542 0.998393 0.0146027 0.00374913 0.0497972 -0.0118761 0.998689 0.00736301
45 57 30 0.997372 0.0503097 -0.0521443 0.998004 -0.0495873 0.998656 0.0150566 -0.00862912 0.0528317 -0.0124313 0.998526 0.0625554
45 58 87 0.996467 0.0522844 -0.0657316 0.996381 -0.0518822 0.998623 0.00781332 0.012533 0.0660495 -0.00437542 0.997807 0.0840756
45 59 34 0.996944 0.0503531 -0.0597281 0.999587 -0.0500857 0.998727 0.00596624 0.020498 0.0599525 -0.00295648 0.998197 0.0201591
60 61 11 0.999974 0.00495492 -0.00528262 0.857955 -0.00492918 0.999976 0.00487522 -0.089021 0.00530665 -0.00484906 0.999974 -0.505953
60 62 32 0.999985 0.00239996 0.00493807 -0.419984 -0.00241782 0.999991 0.0036142 -0.203755 -0.00492935 -0.00362608 0.999981 0.884363
60 63 17 0.999993 -0.00367227 -0.000760129 0.511459 0.00367071 0.999991 -0.002042 0.216867 0.000767621 0.0020392 0.999998 -0.831492
60 64 15 0.999951 -0.00794869 -0.00584986 0.978787 0.00793517 0.999966 -0.00233042 0.0625424 0.00586818 0.00228388 0.99998 0.195102
60 65 25 0.99994 -0.00888955 -0.00645999 0.991272 0.00886504 0.999953 -0.00381394 -0.0571561 0.00649359 0.00375644 0.999972 0.118802
60 66 90 0.999813 -0.00941882 -0.016917 0.997355 0.00924848 0.999906 -0.010119 -0.01508 0.0170108 0.00996069 0.999806 0.0711009
60 67 32 0.999704 -0.0141857 -0.0197655 0.996919 0.0139512 0.999831 -0.0119527 0.00816696 0.0199317 0.0116734 0.999733 0.0780144
60 68 50 0.999696 -0.00805047 -0.023321 0.992181 0.00772417 0.999871 -0.0140479 0.0843118 0.0234311 0.0138635 0.999629 -0.0920265
60 69 24 0.999804 -0.00560034 -0.0190089 0.96918 0.00524228 0.999809 -0.018834 0.186302 0.0191108 0.0187307 0.999642 0.161189
60 70 38 0.99996 -0.00506761 -0.00735667 0.374259 0.00496751 0.999896 -0.0135629 -0.0625106 0.00742464 0.0135258 0.999881 0.925215
60 71 39 0.99945 -0.0109251 -0.0313224 0.939499 0.0106922 0.999914 -0.00759088 0.028843 0.0314027 0.00725179 0.999481 -0.341335
60 72 46 0.999464 -0.00626466 -0.032122 0.951924 0.00597164 0.99994 -0.00921011 0.0635119 0.0321777 0.00901335 0.999442 -0.299678
60 73 32 0.999396 -0.00514675 -0.0343792 0.890242 0.00482034 0.999943 -0.00957064 0.0664373 0.0344265 0.00939914 0.999363 -0.450616
60 74 107 0.998563 -0.000887175 -0.0535785 0.960507 0.000499379 0.999974 -0.00725086 0.0080938 0.0535835 0.00721369 0.998537 -0.278138
75 76 0 1 0 0 0 0 1 0 0 0 0 1 0
75 77 14 0.999997 0.00230756 0.000681124 0.489654 -0.00230839 0.999997 0.00122697 0.241895 -0.000678291 -0.00122854 0.999999 -0.837691
75 78 18 0.999918 0.00574132 -0.0114338 0.879967 -0.0057692 0.99998 -0.00240723 0.129835 0.0114197 0.00247299 0.999932 -0.456947
75 79 0 1 0 0 0 0 1 0 0 0 0 1 0
75 80 25 0.999763 0.0157205 -0.0150698 0.902554 -0.0158447 0.999841 -0.00816006 0.0235263 0.0149392 0.00839691 0.999853 -0.429933
75 81 37 0.999534 0.0207402 -0.0223833 0.840384 -0.0210937 0.999655 -0.0156754 0.145738 0.0220505 0.0161402 0.999627 -0.522029
75 82 52 0.999135 0.0215654 -0.0355576 0.826747 -0.0220917 0.999651 -0.0144744 0.18638 0.0352331 0.0152475 0.999263 -0.530803
75 83 121 0.998719 0.0253807 -0.0437678 0.93585 -0.0259432 0.999587 -0.0123312 0.10452 0.0434368 0.0134508 0.998966 -0.336542
75 84 25 0.999463 0.0257 -0.0203402 0.359426 -0.0259176 0.999609 -0.0105041 -0.242365 0.0200623 0.0110256 0.999738 0.901151
75 85 45 0.996672 0.0751682 -0.0315391 0.384569 -0.0746258 0.997048 0.0180365 0.222792 0.0328017 -0.0156229 0.99934 -0.895807
75 86 35 0.998993 0.0352017 -0.027812 -0.0222005 -0.0343531 0.998947 0.0304241 -0.379965 0.0288537 -0.029438 0.99915 -0.924734
75 87 103 0.997597 0.0482095 -0.0497618 0.897016 -0.0466497 0.998397 0.0320438 0.0546193 0.0512269 -0.0296454 0.998247 -0.43861
75 88 40 0.99869 0.0497757 -0.0118892 -0.144884 -0.0492704 0.998002 0.0395642 -0.285431 0.0138347 -0.0389266 0.999146 -0.947385
75 89 20 0.999192 0.0364741 -0.0168522 -0.331068 -0.035917 0.998834 0.0322547 0.163308 0.018009 -0.0316234 0.999338 -0.929368
90 91 17 0.999906 0.00146136 -0.0136243 0.666593 -0.00136329 0.999973 0.00720476 -0.637491 0.0136344 -0.00718551 0.999881 -0.386341
90 92 53 0.999152 -0.0142045 -0.0386356 0.77215 0.0133111 0.99964 -0.0232852 0.592004 0.0389524 0.0227512 0.998982 -0.2309
90 93 23 0.999779 -0.00389189 -0.0206429 0.635454 0.00405056 0.999963 0.00764999 0.0611472 0.0206124 -0.00773191 0.999758 -0.769714
90 94 16 0.999886 -0.00267344 -0.0148339 0.484447 0.00279773 0.999961 0.00836461 0.056663 0.014811 -0.00840516 0.999855 -0.872983
90 95 13 0.999785 -0.013844 -0.0154415 0.477021 0.0138613 0.999903 0.00101303 0.245123 0.015426 -0.00122685 0.99988 -0.844018
90 96 14 0.999755 -0.00670369 -0.0211164 0.517444 0.00667818 0.999977 -0.00127838 0.0599855 0.0211245 0.00113705 0.999776 -0.853612
90 97 65 0.997865 -0.00830604 -0.0647873 0.912705 0.00771446 0.999926 -0.00937595 0.0997575 0.0648604 0.00885613 0.997855 -0.396255
90 98 21 0.999473 -0.00657883 -0.0318009 0.790209 0.0063305 0.999949 -0.00790314 0.0768941 0.0318512 0.00769766 0.999463 -0.607994
90 99 50 0.998253 -0.0104143 -0.0581575 0.879784 0.00967937 0.99987 -0.0129045 0.153238 0.0582844 0.012319 0.998224 -0.449998
90 100 48 0.997063 0.0320465 0.0695625 -0.354734 -0.0174886 0.979521 -0.200583 0.76231 -0.0745659 0.198777 0.977204 0.541339
90 101 51 0.990805 -0.0029286 -0.135262 0.96794 0.000874679 0.999883 -0.0152416 0.125885 0.135291 0.0149832 0.990693 -0.217357
90 102 55 0.997007 0.00169809 -0.0772947 0.91296 -0.00168532 0.999999 0.000230458 -0.0229351 0.077295 -9.95013e-05 0.997008 -0.407403
90 103 45 0.995538 0.00687179 -0.0941097 0.971169 -0.00782622 0.999922 -0.00977633 0.0810144 0.0940352 0.0104692 0.995514 -0.224204
90 104 26 0.999659 0.00353476 -0.0258533 -0.500388 -0.00385334 0.999917 -0.0122829 -0.10522 0.0258077 0.0123784 0.99959 0.859384
105 106 0 1 0 0 0 0 1 0 0 0 0 1 0
105 107 0 1 0 0 0 0 1 0 0 0 0 1 0
105 108 30 0.999414 0.0292365 -0.0177738 0.943994 -0.0292902 0.999567 -0.00276475 -0.328225 0.0176853 0.00328373 0.999838 -0.0338295
105 109 37 0.998907 0.0430568 -0.0182064 0.94352 -0.0432522 0.999009 -0.0104798 -0.226152 0.0177372 0.0112558 0.999779 -0.242128
105 110 29 0.998849 0.0469984 -0.00960504 0.833333 -0.0471754 0.998704 -0.0191182 0.0399802 0.00869406 0.0195493 0.999771 -0.551324
105 111 43 0.997921 0.0567945 -0.0304765 0.913314 -0.0572638 0.99825 -0.0147523 -0.0213352 0.0295853 0.0164669 0.999427 -0.406697
105 112 56 0.996318 0.0656044 -0.0552002 0.999698 -0.0661582 0.997775 -0.00826375 -0.0178057 0.0545352 0.0118853 0.998441 -0.0169665
105 113 39 0.997469 0.0601021 -0.0380005 0.960037 -0.060432 0.998143 -0.00759328 0.0213063 0.0374736 0.0098705 0.999249 -0.279062
105 114 33 0.997738 0.0581807 -0.0336676 0.883622 -0.0583383 0.99829 -0.00371487 0.0489118 0.0333939 0.00567057 0.999426 -0.46564
105 115 32 0.997463 0.0573008 -0.0422282 0.954952 -0.0575725 0.998328 -0.00524463 -0.145698 0.041857 0.00766251 0.999094 0.258533
105 116 0 1 0 0 0 0 1 0 0 0 0 1 0
105 117 0 1 0 0 0 0 1 0 0 0 0 1 0
105 118 14 0.982567 0.177907 -0.0539518 0.429426 -0.182517 0.978303 -0.0980372 0.160656 0.0353397 0.106175 0.993719 -0.888697
105 119 15 0.99424 0.0856415 -0.0644334 0.994808 -0.089956 0.993667 -0.0673366 -0.101052 0.0582586 0.0727449 0.995648 -0.0120782
120 121 27 0.999915 0.00927091 0.0091553 0.416334 -0.00932844 0.999937 0.00626059 -0.41751 -0.00909669 -0.00634547 0.999938 0.807683
120 122 39 0.999645 0.0107614 -0.024356 0.82011 -0.0110735 0.999858 -0.0127147 0.494638 0.0242157 0.0129799 0.999622 -0.287667
120 123 14 0.999706 0.0167469 0.0175491 0.472253 -0.0170674 0.999687 0.0182738 -0.262762 -0.0172376 -0.0185679 0.999679 0.841388
120 124 18 0.999677 -0.00786226 0.0241862 0.310467 0.00680432 0.99903 0.0435168 -0.548181 -0.0245049 -0.0433382 0.99876 0.7766
120 125 25 0.999912 -0.000690276 0.0132718 0.475475 3.20375e-05 0.998772 0.049533 -0.338388 -0.0132897 -0.0495282 0.998684 0.812045
120 126 21 0.999761 -0.0218319 0.000853805 0.446061 0.0217693 0.998699 0.0461147 -0.139922 -0.00185947 -0.0460851 0.998936 0.883997
120 127 17 0.999382 -0.0339287 -0.00920316 0.469944 0.0342959 0.998477 0.0432031 -0.207569 0.00772333 -0.043492 0.999024 0.857944
120 128 26 0.999098 -0.0410659 -0.0107751 0.582005 0.0414876 0.99824 0.0423732 -0.155099 0.00901602 -0.042782 0.999044 0.798257
120 129 31 0.998474 -0.0419632 0.0358869 -0.361215 0.0404657 0.998319 0.0414825 -0.130253 -0.0375673 -0.039967 0.998495 0.923341
120 130 17 0.999118 -0.0417383 0.00457008 0.551054 0.0415208 0.998324 0.0403142 -0.202883 -0.00624507 -0.0400889 0.999177 0.809431
120 131 24 0.998541 -0.0539727 -0.00173174 0.415835 0.0539947 0.997449 0.04669 -0.119947 -0.000792667 -0.0467154 0.998908 0.901496
120 132 25 0.991181 -0.0887159 0.0984382 -0.939401 0.0832259 0.994809 0.0585489 -0.0912525 -0.103121 -0.0498399 0.993419 0.330453
120 133 19 0.99718 -0.0639687 -0.0392435 0.558206 0.0661149 0.996235 0.0560759 -0.125869 0.0355086 -0.0585124 0.997655 0.8201
120 134 27 0.997409 -0.0537167 -0.0478435 0.446819 0.0568761 0.996109 0.0673259 -0.184738 0.0440407 -0.0698726 0.996583 0.875343
135 136 11 0.999972 0.00388835 -0.00644969 -0.462581 -0.00394924 0.999948 -0.00945466 0.30394 0.00641259 0.00947986 0.999935 -0.83285
135 137 29 0.999878 0.00112928 -0.0155652 0.308125 -0.00124041 0.999974 -0.00713168 -0.616613 0.0155568 0.00715012 0.999853 0.724463
135 138 14 0.999638 0.0112203 -0.0244559 0.386187 -0.0116681 0.999765 -0.0182429 -0.268508 0.0242455 0.0185217 0.999534 0.882475
135 139 52 0.999339 0.00332597 -0.0361998 0.377665 -0.00370787 0.999938 -0.0104875 -0.431876 0.0361627 0.0106148 0.99929 0.819056
135 140 26 0.999112 0.00990617 -0.0409508 -0.488113 -0.0110793 0.999532 -0.028521 0.269845 0.0406491 0.0289493 0.998754 -0.830018
135 141 24 0.998718 0.0209399 -0.0460852 -0.621549 -0.0223405 0.999298 -0.0300893 0.282048 0.0454227 0.0310803 0.998484 -0.730839
135 142 48 0.999663 0.0218456 0.0140021 -0.978126 -0.0214132 0.999311 -0.0303244 0.0679992 -0.0146549 0.0300143 0.999442 0.196585
135 143 0 1 0 0 0 0 1 0 0 0 0 1 0
135 144 0 1 0 0 0 0 1 0 0 0 0 1 0
135 145 25 0.99795 0.0230404 -0.0597017 -0.475882 -0.0242031 0.99953 -0.0188248 -0.281983 0.0592399 0.0202311 0.998039 0.83308
135 146 40 0.993637 0.0326901 -0.107785 0.968618 -0.0349477 0.999206 -0.019123 0.0729085 0.107074 0.0227682 0.99399 -0.23762
135 147 24 0.996338 0.0579881 -0.0628282 -0.856134 -0.0586375 0.998243 -0.00854048 0.106842 0.0622225 0.0121933 0.997988 0.505588
135 148 27 0.996946 0.0334316 -0.0705764 -0.902663 -0.034495 0.999308 -0.0139026 0.019083 0.0700628 0.0162947 0.997409 -0.429925
135 149 28 0.99604 0.0517546 -0.0722879 -0.929563 -0.0528768 0.998507 -0.0136964 0.308519 0.0714711 0.0174645 0.99729 -0.201814
150 151 0 1 0 0 0 0 1 0 0 0 0 1 0
150 152 0 1 0 0 0 0 1 0 0 0 0 1 0
150 153 79 0.999764 0.017268 0.013184 -0.764337 -0.0171315 0.999799 -0.010397 0.642475 -0.0133609 0.0101687 0.999859 -0.0549131
150 154 15 0.999871 0.0156104 -0.00371946 0.405813 -0.015602 0.999876 0.00225418 0.0566458 0.00375419 -0.00219585 0.999991 0.912199
150 155 50 0.999571 0.0104109 -0.0273699 0.9847 -0.0106045 0.99992 -0.00693714 0.0581976 0.0272955 0.00722441 0.999601 0.164252
150 156 116 0.999198 0.00434218 -0.0397972 0.989185 -0.00491957 0.999884 -0.0144221 0.146409 0.0397299 0.0146063 0.999104 0.00879501
150 157 0 1 0 0 0 0 1 0 0 0 0 1 0
150 158 115 0.998188 0.0104359 -0.0592613 0.999271 -0.0112155 0.999855 -0.0128386 -0.00712222 0.0591188 0.01348 0.99816 0.0375194
150 159 77 0.999941 -0.00235261 -0.0105586 -0.544076 0.00216587 0.999842 -0.0176627 -0.196958 0.0105985 0.0176388 0.999788 0.815591
150 160 102 0.998417 0.0139905 -0.0544852 0.995761 -0.014954 0.999738 -0.0173164 0.0069306 0.0542286 0.0181037 0.998364 -0.0917184
150 161 80 0.996558 0.0109052 -0.0821751 0.995608 -0.0127698 0.999672 -0.022199 0.0283426 0.0819061 0.0231719 0.996371 -0.0892234
150 162 90 0.991652 0.0258072 -0.126333 0.994966 -0.028016 0.999484 -0.015738 0.00929149 0.125862 0.0191459 0.991863 -0.0997816
150 163 72 0.993553 0.0149335 -0.112381 0.983605 -0.0166774 0.999754 -0.0145938 -0.0734869 0.112136 0.0163739 0.993558 -0.164686
150 164 81 0.996967 0.0129596 -0.0767389 0.992436 -0.0148518 0.999598 -0.0241379 0.0460892 0.0763952 0.0252044 0.996759 -0.113782
165 166 0 1 0 0 0 0 1 0 0 0 0 1 0
165 167 121 0.999329 0.000102154 0.036628 -0.975594 -0.000354251 0.999976 0.00687618 -0.0835015 -0.0366265 -0.00688454 0.999305 0.203085
165 168 82 0.999493 0.00803434 -0.0308193 0.999445 -0.00794343 0.999964 0.00307118 0.00903762 0.0308429 -0.00282481 0.99952 0.0320475
165 169 76 0.993888 0.0553146 0.0955331 -0.454373 -0.0399051 0.986908 -0.156273 0.80282 -0.102927 0.151505 0.983083 0.386038
165 170 15 0.999815 0.0172221 0.00856085 0.717017 -0.0171775 0.999839 -0.00525544 0.0334007 -0.00864998 0.00510742 0.99995 -0.696255
165 171 74 0.998028 0.0282136 -0.0560763 0.99982 -0.0287481 0.999548 -0.0087487 -0.0151797 0.0558041 0.0103435 0.998388 0.0113608
165 172 46 0.999548 0.0274992 0.0121623 -0.575679 -0.0273642 0.999564 -0.0111297 -0.0931762 -0.012463 0.0107919 0.999864 0.812349
165 173 22 0.998964 0.045037 0.00648441 0.525133 -0.0450358 0.998985 -0.000324278 -0.0273663 -0.00649243 3.19119e-05 0.999979 -0.85058
165 174 28 0.998997 0.0403926 -0.0193016 0.977889 -0.0402545 0.999161 0.00749197 -0.0298813 0.0195881 -0.00670748 0.999786 -0.206979
165 175 70 0.997298 0.0367953 -0.0635883 0.990537 -0.0367626 0.999323 0.00168436 0.0801566 0.0636072 0.000657859 0.997975 -0.111405
165 176 27 0.998928 0.0348018 -0.0305157 0.989766 -0.0344796 0.999345 0.0110246 -0.00316626 0.0308794 -0.0099606 0.999473 -0.142662
165 177 58 0.996499 0.026679 -0.0792367 0.993626 -0.0274466 0.999586 -0.00861411 0.111526 0.0789741 0.0107587 0.996819 0.0164025
165 178 19 0.999118 0.0342347 -0.0242996 0.981046 -0.0341695 0.999411 0.00309395 -0.0388046 0.0243912 -0.00226092 0.9997 -0.189852
165 179 51 0.99172 0.0422214 -0.12128 0.963856 -0.0407025 0.999059 0.0149753 -0.110105 0.121798 -0.00991493 0.992505 -0.242606
180 181 122 0.999659 0.00391051 -0.0258068 0.892185 -0.00358005 0.999911 0.0128389 -0.441966 0.0258548 -0.0127421 0.999584 -0.0931179
180 182 99 0.99946 0.00795131 -0.0318775 0.938749 -0.00769209 0.999936 0.00824605 -0.105066 0.0319411 -0.00799639 0.999458 -0.328195
180 183 12 0.999949 0.000184312 -0.0101031 0.604571 -0.000122561 0.999981 0.00611243 0.19932 0.010104 -0.00611088 0.99993 0.77121
180 184 48 0.999579 0.00606756 -0.0283819 0.945374 -0.0060912 0.999981 -0.000746549 0.184477 0.0283768 0.000919114 0.999597 -0.268769
180 185 105 0.999146 0.0117973 -0.0396104 0.991629 -0.0116779 0.999927 0.00324364 0.0117216 0.0396457 -0.0027783 0.99921 -0.128585
180 186 11 0.999968 -0.00147284 -0.00783165 -0.694837 0.00144702 0.999994 -0.00330156 -0.227288 0.00783646 0.00329012 0.999964 0.682306
180 187 32 0.999499 0.00387552 -0.0314166 0.899112 -0.00414302 0.999956 -0.00845386 0.0936787 0.0313824 0.00857978 0.999471 -0.427576
180 188 88 0.998335 0.0121989 -0.0563757 0.853148 -0.0119769 0.999919 0.00427357 -0.1908 0.0564233 -0.00359125 0.9984 -0.485524
180 189 80 0.997873 0.0136396 -0.063742 0.948928 -0.0141137 0.999876 -0.00699308 0.105122 0.0636387 0.00787785 0.997942 -0.297464
180 190 89 0.998076 0.0168321 -0.0596771 0.934321 -0.0172989 0.999824 -0.00731421 0.119191 0.0595434 0.00833248 0.998191 -0.335913
180 191 67 0.998125 0.0160131 -0.0590813 0.898089 -0.016396 0.999848 -0.00600194 0.139902 0.0589762 0.00695938 0.998235 -0.41697
180 192 78 0.997078 0.0234222 -0.0727047 0.948015 -0.0236968 0.999715 -0.0029164 0.0996912 0.0726156 0.00463074 0.997349 -0.302206
180 193 30 0.99809 0.0182011 -0.0590318 0.81506 -0.0184482 0.999823 -0.00364244 0.067579 0.058955 0.00472451 0.998249 -0.575422
180 194 73 0.995013 0.0247222 -0.0966304 0.961982 -0.025404 0.99966 -0.00583145 0.102496 0.0964534 0.00825717 0.995303 -0.253149
195 196 0 1 0 0 0 0 1 0 0 0 0 1 0
195 197 0 1 0 0 0 0 1 0 0 0 0 1 0
195 198 85 0.998512 0.0270534 -0.0473445 0.9638 -0.0259855 0.999397 0.0230283 -0.250847 0.0479389 -0.0217638 0.998613 -0.0903586
195 199 80 0.999002 0.0307425 -0.0324132 0.984432 -0.0303723 0.999468 0.0118537 -0.0764322 0.0327604 -0.0108574 0.999404 -0.158275
195 200 63 0.998617 0.0378817 -0.036461 0.998818 -0.0376308 0.999263 0.00754223 -0.0484761 0.0367198 -0.00615974 0.999307 0.00361771
195 201 31 0.999419 0.0335866 0.00585101 -0.0958586 -0.0336216 0.999417 0.00598192 -0.394977 -0.00564669 -0.00617516 0.999965 0.913676
195 202 25 0.998488 0.0401199 -0.0375839 0.994665 -0.0408271 0.999 -0.0182408 -0.0821761 0.0368145 0.0197477 0.999127 0.0623582
195 203 33 0.998577 0.0374221 -0.0380011 0.941691 -0.0385566 0.998819 -0.0295727 0.0231696 0.0368496 0.0309958 0.99884 -0.335682
195 204 38 0.998051 0.0361329 -0.0508882 0.968469 -0.0377907 0.998773 -0.0320024 0.208702 0.0496695 0.0338631 0.998191 -0.136057
195 205 27 0.997432 0.0465512 -0.0544257 0.929716 -0.0474243 0.998764 -0.0148627 0.155906 0.0536665 0.0174057 0.998407 -0.333649
195 206 42 0.997747 0.0445557 -0.0501514 0.956154 -0.0446179 0.999004 -0.000121121 0.03465 0.050096 0.0023585 0.998742 -0.290808
195 207 49 0.997405 0.0491856 -0.0525795 0.977926 -0.0493135 0.998783 -0.00113676 0.0458254 0.0524596 0.00372669 0.998616 -0.203864
195 208 62 0.99625 0.0508365 -0.0700167 0.985062 -0.0513429 0.998666 -0.00545135 0.0301558 0.0696462 0.00902577 0.997531 -0.169541
195 209 56 0.996815 0.0441674 -0.0664006 0.991483 -0.0450308 0.998919 -0.0115624 0.0448807 0.0658181 0.0145157 0.997726 -0.122259
210 211 0 1 0 0 0 0 1 0 0 0 0 1 0
210 212 10 0.999857 0.0166349 -0.00317732 -0.297039 -0.0166088 0.999829 0.0080905 0.308793 0.00331137 -0.00803657 0.999962 0.903557
210 213 0 1 0 0 0 0 1 0 0 0 0 1 0
210 214 48 0.998758 -0.00945513 -0.0489203 0.940118 0.00956652 0.999952 0.00204328 0.167551 0.0488986 -0.00250874 0.998801 -0.296825
210 215 24 0.999212 -0.0165876 -0.0360695 0.803316 0.0168075 0.999842 0.00580309 0.172546 0.0359676 -0.00640476 0.999332 -0.570009
210 216 41 0.992604 -0.0300974 -0.117604 0.922326 0.0267172 0.999186 -0.0302136 0.355742 0.118418 0.0268481 0.992601 -0.150873
210 217 35 0.997253 -0.01011 -0.0733804 0.951789 0.0101186 0.999949 -0.000254732 0.27531 0.0733792 -0.000488472 0.997304 -0.135287
210 218 37 0.997403 -0.01393 -0.0706578 0.974281 0.0145546 0.999859 0.00833194 0.130207 0.0705318 -0.0093387 0.997466 -0.183911
210 219 32 0.995318 -0.00774733 -0.0963443 0.970908 0.00776856 0.99997 -0.000154718 0.192456 0.0963426 -0.000594464 0.995348 -0.142472
210 220 33 0.99661 -0.00998453 -0.0816667 0.907844 0.0108041 0.999896 0.00960029 0.105311 0.0815623 -0.0104501 0.996613 -0.405868
210 221 23 0.997401 -0.00640751 -0.0717702 0.932118 0.00745769 0.999869 0.0143741 0.109332 0.0716687 -0.014872 0.997318 -0.345258
210 222 15 0.998061 -0.062243 -0.000144045 -0.222092 0.0622314 0.997825 0.0217443 -0.304795 -0.0012097 -0.0217111 0.999764 0.926161
210 223 19 0.998541 -0.0535388 0.0070552 -0.128742 0.0533041 0.998126 0.0300651 -0.278874 -0.00865162 -0.0296452 0.999523 0.951659
210 224 14 0.998137 -0.0609134 0.00340646 0.25305 0.0608238 0.997904 0.0220903 0.293134 -0.00474491 -0.021842 0.99975 -0.921975
225 226 14 0.999986 0.00265953 0.00461533 -0.91752 -0.00266407 0.999996 0.000977856 0.263016 -0.00461272 -0.000990138 0.999989 -0.298293
225 227 75 0.999246 0.000871343 -0.0388205 0.949418 -0.000302771 0.999893 0.0146496 -0.303419 0.0388291 -0.0146268 0.999139 0.0808885
225 228 29 0.999792 0.00910377 -0.0182774 0.987781 -0.00904227 0.999953 0.00344456 -0.0732163 0.0183079 -0.00327857 0.999827 0.137576
225 229 24 0.999792 0.0177379 -0.0100622 0.990499 -0.017735 0.999843 0.000373903 0.0138889 0.0100673 -0.000195372 0.999949 0.136813
225 230 12 0.999822 0.0179056 0.00602687 0.195558 -0.0179654 0.999788 0.0100107 0.251621 -0.00584635 -0.0101172 0.999932 -0.947863
225 231 0 1 0 0 0 0 1 0 0 0 0 1 0
225 232 0 1 0 0 0 0 1 0 0 0 0 1 0
225 233 13 0.999795 0.0177705 -0.0097277 -0.651766 -0.0170854 0.997642 0.0664744 -0.156122 0.010886 -0.0662945 0.997741 0.742177
225 234 36 0.997255 0.0588999 -0.0448783 0.768551 -0.0550564 0.995066 0.0825358 -0.0708613 0.0495182 -0.0798384 0.995577 0.635852
225 235 32 0.999404 0.014708 0.0312445 -0.710024 -0.016972 0.997153 0.0734761 -0.126346 -0.0300748 -0.0739626 0.996807 0.69275
225 236 47 0.997021 0.0373532 -0.067484 0.972486 -0.03274 0.997133 0.0682181 0.103408 0.0698387 -0.0658054 0.995385 0.208752
225 237 33 0.997094 0.0537885 0.0539477 -0.79787 -0.0576298 0.995711 0.0723759 0.0996409 -0.0498233 -0.0752745 0.995917 0.594537
225 238 29 0.997301 -0.0455805 0.0575678 -0.104916 0.0385476 0.992281 0.117863 -0.368484 -0.0624956 -0.115325 0.99136 0.923695
225 239 30 0.999639 0.0264507 -0.00473839 0.738154 -0.0261466 0.99811 0.0556201 0.0028971 0.00620062 -0.0554761 0.998441 0.674625
240 241 0 1 0 0 0 0 1 0 0 0 0 1 0
240 242 0 1 0 0 0 0 1 0 0 0 0 1 0
240 243 0 1 0 0 0 0 1 0 0 0 0 1 0
240 244 22 0.999999 0.000808286 -0.00109033 0.631982 -0.000815741 0.999976 -0.00685421 0.000681938 0.00108476 0.00685509 0.999976 0.774983
240 245 139 0.999391 -0.000765767 -0.0348857 0.988354 0.000500195 0.999971 -0.00762072 -0.150691 0.0348905 0.00759863 0.999362 -0.0211556
240 246 31 0.999957 -0.0056342 -0.00738365 0.709814 0.005503 0.999829 -0.0176702 -0.0198758 0.00748194 0.0176288 0.999817 -0.704108
240 247 35 0.999894 -0.00431104 -0.0139373 0.720256 0.00414336 0.999919 -0.0120376 0.0180543 0.013988 0.0119785 0.99983 -0.693473
240 248 42 0.999769 0.00131812 -0.0214601 0.832743 -0.00146839 0.999975 -0.0069881 0.073856 0.0214504 0.007018 0.999745 -0.548712
240 249 137 0.999152 0.00523875 -0.0408494 0.941812 -0.00525081 0.999986 -0.000187961 0.0372084 0.0408478 0.000402294 0.999165 -0.334075
240 250 89 0.998471 0.00912964 -0.054521 0.908893 -0.00883189 0.999945 0.00569969 0.0807571 0.05457 -0.00520946 0.998496 -0.409136
240 251 96 0.99899 0.00193939 -0.0448839 0.922927 -0.00133206 0.999907 0.0135571 0.0714454 0.044906 -0.0134836 0.9989 -0.378287
240 252 137 0.998475 0.0145974 -0.053243 0.927607 -0.0135549 0.99971 0.0198885 0.0522622 0.0535179 -0.0191365 0.998384 -0.369883
240 253 43 0.999465 0.0212605 -0.0248593 0.984955 -0.0207524 0.999574 0.0205219 0.172084 0.025285 -0.019995 0.99948 -0.0158281
240 254 142 0.997452 0.0318371 -0.0638446 0.947459 -0.0303958 0.999264 0.0234206 0.00584554 0.0645433 -0.0214203 0.997685 -0.319823
255 256 134 0.99963 0.0100742 -0.0252689 0.823087 -0.00949037 0.999688 0.0231193 -0.459516 0.0254939 -0.022871 0.999413 -0.333726
255 257 119 0.999197 0.0257036 -0.0307447 0.995682 -0.025191 0.999539 0.0169476 -0.085721 0.0311661 -0.0161595 0.999384 -0.0356288
255 258 104 0.998412 0.0455162 -0.0332058 0.996684 -0.0451081 0.998898 0.0129371 -0.0765195 0.0337581 -0.0114187 0.999365 0.027673
255 259 14 0.998853 0.0478675 0.00119498 0.872473 -0.0478686 0.998853 0.00083796 -0.323218 -0.00115349 -0.000894201 0.999999 -0.366498
255 260 88 0.998299 0.054197 -0.0214897 0.902493 -0.0541421 0.998528 0.00312815 -0.425039 0.0216276 -0.00195933 0.999764 -0.0696273
255 261 152 0.997111 0.0688559 -0.0320659 0.938185 -0.0691881 0.99756 -0.00936538 -0.062491 0.0313428 0.0115569 0.999442 -0.340445
255 262 78 0.997271 0.0686797 -0.0270772 0.894985 -0.0688433 0.997614 -0.00515568 -0.0167645 0.0266585 0.0070057 0.99962 -0.445781
255 263 90 0.997304 0.0684652 -0.0264041 0.916256 -0.0685047 0.997651 -0.000592471 0.00887651 0.0263016 0.00239968 0.999651 -0.400494
255 264 116 0.996949 0.0681904 -0.0379922 0.907165 -0.0681795 0.997672 0.00158295 0.0355857 0.0380117 0.00101217 0.999277 -0.419267
255 265 51 0.997876 0.0647737 -0.00689711 -0.784222 -0.064724 0.997877 0.00720433 -0.181805 0.00734912 -0.00674262 0.99995 -0.593248
255 266 38 0.997546 0.0669545 -0.0204694 0.668283 -0.066939 0.997756 0.00144338 -0.0507901 0.0205201 -6.96393e-05 0.999789 0.742172
255 267 57 0.995599 0.0877342 -0.0329419 0.78105 -0.0883196 0.995951 -0.0167542 0.416731 0.0313386 0.0195899 0.999317 0.465077
255 268 61 0.997155 0.064812 -0.0384884 0.941182 -0.0654355 0.997742 -0.0151648 0.0357384 0.0374186 0.0176401 0.999144 -0.336005
255 269 91 0.995162 0.0664539 -0.0723646 0.971717 -0.0688898 0.997121 -0.0316998 0.2241 0.0700496 0.0365316 0.996874 -0.0744679
270 271 0 1 0 0 0 0 1 0 0 0 0 1 0
270 272 45 0.999962 0.00739231 -0.00463528 -0.570259 -0.00738622 0.999972 0.00132823 0.155043 0.00464497 -0.00129394 0.999988 -0.806701
270 273 61 0.999938 0.00582447 -0.0094766 -0.690392 -0.00581597 0.999983 0.000924271 0.0995264 0.00948182 -0.000869098 0.999955 -0.716557
270 274 34 0.999622 0.00592447 -0.0268533 0.279407 -0.00596711 0.999981 -0.00150793 0.120718 0.0268438 0.0016676 0.999638 -0.952554
270 275 55 0.998892 0.011637 -0.0455909 0.908788 -0.0116613 0.999932 -0.000267386 0.202625 0.0455847 0.000798739 0.99896 -0.364756
270 276 27 0.999174 0.0107904 -0.0391813 0.836147 -0.01086 0.99994 -0.00156411 0.00271825 0.0391621 0.00198833 0.999231 0.548499
270 277 62 0.99874 0.0106655 -0.0490457 0.434162 -0.0108684 0.999933 -0.00387169 -0.0444701 0.0490012 0.00439986 0.998789 -0.899737
270 278 51 0.998258 0.0116223 -0.0578491 0.271189 -0.0114176 0.999927 0.00386854 -0.128002 0.0578899 -0.00320131 0.998318 -0.953977
270 279 59 0.997513 0.0229936 -0.0666239 0.910638 -0.022508 0.999714 0.00803164 0.0712236 0.0667895 -0.0065121 0.997746 -0.40702
270 280 63 0.996624 0.0245891 -0.0783384 0.987151 -0.0239975 0.999676 0.00848412 -0.0442586 0.0785217 -0.00657555 0.996891 -0.153539
270 281 97 0.998748 0.0198198 -0.0459213 -0.887486 -0.0195119 0.999784 0.00714239 0.0778269 0.046053 -0.00623744 0.99892 -0.454216
270 282 103 0.994158 0.0321099 -0.103044 0.962368 -0.0317859 0.999483 0.00478449 0.235182 0.103144 -0.0014812 0.994665 -0.136153
270 283 63 0.994595 0.0296882 -0.0994909 0.861489 -0.0295312 0.999559 0.00305076 0.139359 0.0995376 -9.61829e-05 0.995034 -0.488279
270 284 97 0.99857 0.014896 -0.0513442 -0.807528 -0.0147133 0.999884 0.00393558 0.0726059 0.0513969 -0.00317451 0.998673 -0.585344
285 286 0 1 0 0 0 0 1 0 0 0 0 1 0
285 287 0 1 0 0 0 0 1 0 0 0 0 1 0
285 288 22 0.99982 0.00444257 -0.0184438 0.403801 -0.0042967 0.999959 0.00794078 0.224801 0.0184783 -0.0078601 0.999798 -0.886797
285 289 37 0.999608 0.00270929 -0.0278777 0.275889 -0.00215533 0.9998 0.0198819 0.176031 0.027926 -0.019814 0.999414 -0.944933
285 290 0 1 0 0 0 0 1 0 0 0 0 1 0
285 291 80 0.996828 0.0136061 -0.0784119 0.888911 -0.0113344 0.999505 0.0293437 0.194549 0.0787723 -0.0283619 0.996489 -0.414715
285 292 43 0.998469 0.0194604 -0.0517873 0.312446 -0.0171495 0.998853 0.0446988 0.118188 0.0525978 -0.0437422 0.997657 -0.942555
285 293 45 0.998877 0.0162398 -0.0445031 -0.624251 -0.01415 0.9988 0.0468771 0.0887648 0.045211 -0.0461947 0.997909 -0.776165
285 294 45 0.998055 0.0208916 -0.058739 -0.312082 -0.0179058 0.998543 0.0509061 0.0376282 0.0597169 -0.0497553 0.996975 -0.94931
285 295 49 0.99522 0.0324465 -0.0921144 0.897828 -0.0283092 0.998546 0.0458717 0.149791 0.0934689 -0.0430447 0.994691 -0.414087
285 296 72 0.995207 0.0395249 -0.0894437 0.286044 -0.035695 0.998393 0.0440207 0.319237 0.0910398 -0.040617 0.995019 -0.903475
285 297 78 0.992831 0.0428438 -0.111582 0.721478 -0.0351598 0.996931 0.0699453 -0.343199 0.114236 -0.0655207 0.991291 -0.601402
285 298 55 0.996153 0.0483543 -0.0730846 -0.584426 -0.0443708 0.99749 0.0551805 0.116776 0.0755694 -0.0517254 0.995798 -0.803
285 299 74 0.987112 0.0679064 -0.144908 0.99311 -0.0608405 0.996758 0.0526533 0.0612647 0.148013 -0.0431584 0.988043 -0.0998939
300 301 15 0.999981 -0.00383446 -0.00481979 0.47772 0.00386088 0.999978 0.00548528 -0.0955335 0.00479865 -0.00550378 0.999973 0.873302
300 302 11 0.999817 -0.00207072 -0.0190388 0.987947 0.00223159 0.999962 0.00843239 0.12779 0.0190206 -0.00847333 0.999783 0.0873487
300 303 47 0.99993 0.00439989 -0.0110041 0.250723 -0.00426047 0.999911 0.0126618 -0.0580119 0.0110589 -0.012614 0.999859 0.966319
300 304 243 0.998744 0.0205208 -0.0457094 0.955209 -0.0202861 0.999779 0.00559264 0.160175 0.045814 -0.00465835 0.998939 0.248836
300 305 34 0.999706 0.0209479 -0.0121916 0.428697 -0.0208182 0.999726 0.0106645 -0.137147 0.0124117 -0.0104076 0.999869 0.892978
300 306 59 0.999161 0.0363075 -0.018936 0.712279 -0.0363083 0.999341 0.000298231 0.231999 0.0189343 0.000389554 0.999821 0.662446
300 307 34 0.999228 0.0368779 -0.0135789 0.690882 -0.0369885 0.999284 -0.00799036 0.127657 0.0132745 0.00848645 0.999876 0.711608
300 308 164 0.998746 0.0331938 -0.0374736 0.995987 -0.0335478 0.999398 -0.00885656 -0.0809961 0.0371571 0.0101026 0.999258 0.0380745
300 309 106 0.998561 0.0488119 -0.0222205 0.660864 -0.0493681 0.998462 -0.0252101 0.698299 0.0209558 0.0262708 0.999435 -0.275023
300 310 155 0.99956 0.0296646 0.000428129 -0.488978 -0.0296631 0.999555 -0.00320085 -0.680392 -0.00052289 0.00318674 0.999995 -0.545863
300 311 169 0.999045 0.0212586 -0.0381807 0.984501 -0.0229186 0.998787 -0.043578 0.175138 0.0372079 0.0444114 0.99832 0.00922433
300 312 69 0.999943 0.0102172 -0.00305154 -0.732481 -0.0103367 0.99906 -0.0421079 -0.00833332 0.00261844 0.0421371 0.999108 -0.680736
300 313 137 0.999563 0.0172063 -0.024033 0.819864 -0.0184335 0.998487 -0.0518081 0.531524 0.0231052 0.0522285 0.998368 -0.212852
300 314 142 0.999652 0.00376283 -0.0261213 0.928449 -0.00522262 0.998415 -0.0560436 0.188711 0.025869 0.0561605 0.998087 0.319954
315 316 19 0.999985 -0.0047954 0.00266599 -0.378525 0.00479666 0.999988 -0.000467698 -0.109703 -0.00266372 0.000480479 0.999996 0.919067
315 317 19 0.999965 -0.00594062 0.00590203 0.208228 0.00593086 0.999981 0.00166956 0.165317 -0.00591184 -0.0016345 0.999981 -0.964008
315 318 27 0.999956 -0.00432779 0.00834335 0.35819 0.00427396 0.99997 0.00645929 0.13644 -0.00837105 -0.00642335 0.999944 -0.923625
315 319 29 0.999926 -0.0025953 0.0119079 0.251946 0.0024605 0.999933 0.0113211 0.187514 -0.0119365 -0.011291 0.999865 -0.949401
315 320 17 0.999958 0.000383393 0.00916474 0.954751 -0.000504983 0.999912 0.0132685 0.125721 -0.00915884 -0.0132726 0.99987 -0.269526
315 321 206 0.999968 0.0078324 0.00189554 0.950525 -0.00785621 0.999886 0.0128974 0.0543483 -0.0017943 -0.0129118 0.999915 -0.305856
315 322 223 0.999895 0.0103711 0.0100749 0.990637 -0.0104729 0.999894 0.0101084 0.0640108 -0.00996898 -0.0102128 0.999898 -0.120584
315 323 22 0.999555 0.00634606 0.0291344 0.356163 -0.00668455 0.999911 0.0115357 -0.0894554 -0.0290586 -0.0117253 0.999509 -0.930132
315 324 39 0.999656 0.00885611 0.0246679 0.452333 -0.00912608 0.999899 0.0108529 0.281964 -0.0245693 -0.0110743 0.999637 -0.846104
315 325 119 0.999863 0.0124642 0.0109268 0.910029 -0.0126452 0.999781 0.0166571 0.0398902 -0.0107168 -0.016793 0.999802 -0.412621
315 326 67 0.999705 0.0129784 0.0205372 0.356811 -0.0133705 0.999729 0.019068 0.130727 -0.0202842 -0.019337 0.999607 -0.924985
315 327 50 0.999812 0.0129407 0.0144197 0.287989 -0.0132321 0.999706 0.0203028 0.268189 -0.0141527 -0.0204898 0.99969 -0.919314
315 328 39 0.999774 0.0163839 0.013566 -0.0297356 -0.0167644 0.999455 0.0284195 -0.0461027 -0.0130929 -0.0286405 0.999504 -0.998494
315 329 34 0.999769 0.0210367 0.00445799 0.323159 -0.021162 0.999319 0.0302296 0.286376 -0.00381903 -0.0303169 0.999533 -0.901974
330 331 0 1 0 0 0 0 1 0 0 0 0 1 0
330 332 0 1 0 0 0 0 1 0 0 0 0 1 0
330 333 0 1 0 0 0 0 1 0 0 0 0 1 0
330 334 0 1 0 0 0 0 1 0 0 0 0 1 0
330 335 110 0.999135 -0.00164105 -0.0415533 0.993945 0.00168637 0.999998 0.0010557 -0.0592929 0.0415514 -0.00112486 0.999136 -0.0925043
330 336 30 0.999387 0.00435393 -0.0347329 0.967384 -0.00442226 0.999988 -0.00189078 -0.166319 0.0347242 0.00204322 0.999395 -0.191067
330 337 12 0.999881 0.00913676 -0.0124386 0.91135 -0.00924671 0.999918 -0.00881083 -0.13426 0.0123571 0.00892479 0.999884 0.38912
330 338 22 0.999272 0.0161999 -0.0345286 0.956655 -0.0165542 0.999813 -0.0100009 0.0206028 0.0343601 0.0105652 0.999354 -0.290495
330 339 82 0.999397 0.0194381 -0.0287626 -0.348345 -0.0196177 0.99979 -0.0059753 -0.438101 0.0286404 0.00653595 0.999568 -0.828688
330 340 195 0.998078 0.0210582 -0.0582889 0.843424 -0.0223299 0.999525 -0.0212529 0.112066 0.0578136 0.0225136 0.998074 -0.52543
330 341 175 0.996925 0.023831 -0.0746516 0.885233 -0.0253413 0.999492 -0.019349 0.133224 0.0741525 0.0211813 0.997022 -0.445662
330 342 116 0.99799 0.0237395 -0.0587539 0.350712 -0.0246915 0.999574 -0.0155311 0.25493 0.0583602 0.0169506 0.998152 -0.901117
330 343 115 0.997188 0.0264163 -0.0701273 0.567015 -0.0260009 0.999639 0.00682934 -0.262468 0.0702824 -0.00498676 0.997515 -0.780772
330 344 74 0.997325 0.0330813 -0.0651849 0.42816 -0.0328242 0.999449 0.0050124 0.235157 0.0653148 -0.00285935 0.997861 -0.872571
345 346 0 1 0 0 0 0 1 0 0 0 0 1 0
345 347 0 1 0 0 0 0 1 0 0 0 0 1 0
345 348 13 0.999901 -2.96855e-05 -0.0140696 0.359923 0.00018801 0.999937 0.0112517 -0.216791 0.0140684 -0.0112533 0.999838 -0.907445
345 349 43 0.999884 0.00163951 -0.0151201 0.386559 -0.00148931 0.999949 0.0099401 -0.0139608 0.0151356 -0.00991643 0.999836 0.922159
345 350 28 0.999838 0.00186248 -0.0179023 0.372408 -0.00163722 0.999919 0.0125892 -0.102921 0.0179243 -0.0125579 0.99976 0.922345
345 351 23 0.999724 0.00184963 -0.0234197 0.523025 -0.00148482 0.999877 0.0155847 -0.071903 0.0234456 -0.0155456 0.999604 0.849279
345 352 23 0.999185 0.00447412 -0.0401085 0.982931 -0.00367251 0.999792 0.0200375 0.152063 0.0401898 -0.0198739 0.998994 -0.103556
345 353 25 0.999616 0.00848923 -0.0263688 0.446672 -0.0076204 0.99943 0.0328769 -0.0613203 0.0266329 -0.0326634 0.999112 0.892594
345 354 10 0.999647 0.0135831 -0.022849 0.910897 -0.0126045 0.99902 0.0424378 0.399458 0.023403 -0.0421348 0.998838 0.103443
345 355 13 0.999385 -0.00513142 -0.0347026 0.692302 0.00631714 0.999397 0.034145 -0.438638 0.0345065 -0.0343432 0.998814 -0.572988
345 356 126 0.998563 0.000600958 -0.0535887 0.974116 0.000766937 0.999674 0.0255016 0.211356 0.0535866 -0.0255061 0.998237 -0.0801693
345 357 119 0.999045 -0.00848726 -0.0428502 0.628832 0.00951651 0.99967 0.023873 -0.0400923 0.0426334 -0.024258 0.998796 0.776507
