0 1 14 0.999985 0.00265932 -0.00480338 -0.0626157 -0.00264347 0.999991 0.00330305 -0.103827 0.00481212 -0.0032903 0.999983 0.992622
0 2 11 0.999893 0.0112868 -0.00933211 -0.679518 -0.011207 0.999901 0.00856606 0.183541 0.00942786 -0.00846055 0.99992 -0.710329
0 3 18 0.999775 0.0211161 0.00224357 0.295336 -0.0211272 0.999764 0.00503141 0.0597252 -0.0021368 -0.00507768 0.999985 -0.953525
0 4 24 0.999888 0.0123827 -0.00843968 0.999604 -0.0123061 0.999883 0.00906774 0.0266986 0.00855098 -0.00896286 0.999923 0.00884748
0 5 15 -0.932558 0.0172165 -0.360611 0.184952 0.0448394 -0.985605 -0.163012 0.0812955 -0.358226 -0.168188 0.918361 -0.979379
0 6 143 0.999527 0.0213811 -0.0220917 0.774182 -0.0211859 0.999735 0.00903056 -0.203361 0.022279 -0.00855826 0.999715 0.599405
0 7 114 0.99976 0.0202867 -0.00824319 0.70004 -0.0204193 0.999658 -0.0163342 0.0362084 0.007909 0.0164986 0.999833 -0.713185
0 8 186 0.999714 0.00720818 -0.0227838 0.996953 -0.00752525 0.999876 -0.0138617 0.0392281 0.022681 0.0140292 0.999644 0.0674277
0 9 30 0.999905 0.0128844 -0.00492508 -0.0207731 -0.0129611 0.99979 -0.0158629 0.128046 0.00471967 0.0159252 0.999862 -0.991551
0 10 44 0.999948 0.00387517 -0.00941403 -0.592423 -0.00393635 0.999971 -0.0064887 0.0823817 0.00938861 0.00652542 0.999935 -0.801404
0 11 41 0.999884 0.0143824 -0.00496876 -0.520275 -0.0144095 0.999881 -0.00545354 0.15131 0.00488974 0.0055245 0.999973 -0.840488
0 12 31 0.999947 0.00526075 -0.00889967 0.322427 -0.00539568 0.99987 -0.0152049 -0.233141 0.00881853 0.0152521 0.999845 0.917434
0 13 64 0.999743 0.00635892 -0.0217525 0.941872 -0.00691763 0.999646 -0.0257067 0.00334612 0.0215814 0.0258506 0.999433 -0.335955
0 14 42 0.999639 0.00558697 -0.0262813 0.993301 -0.00598477 0.999868 -0.0150821 -0.00755586 0.0261936 0.0152339 0.999541 0.115309
15 16 21 0.999979 -0.00636041 0.00135247 -0.593343 0.00636182 0.999979 -0.00104566 -0.0119475 -0.00134579 0.00105424 0.999999 0.804861
15 17 37 0.999917 -0.0122902 -0.00373576 0.396079 0.0122801 0.999921 -0.00271629 0.0968267 0.00376885 0.00267019 0.999989 -0.913097
15 18 25 0.99984 -0.0133745 -0.0118691 0.801647 0.013332 0.999904 -0.00365513 0.172043 0.0119169 0.0034963 0.999923 -0.572506
15 19 43 0.999904 -0.00942999 -0.010148 0.764413 0.00942266 0.999955 -0.000769752 0.136964 0.0101548 0.000674057 0.999948 -0.63001
15 20 51 0.999975 -0.00386906 -0.00583462 0.722039 0.00392571 0.999945 0.00973072 -0.124426 0.00579665 -0.00975339 0.999936 0.680571
15 21 98 0.99977 -0.0119105 -0.0178241 0.911846 0.0117152 0.999871 -0.0110228 0.10144 0.0179531 0.0108115 0.99978 -0.397803
15 22 47 0.999814 -0.00784344 -0.017601 0.991099 0.00774307 0.999953 -0.00576317 0.0464493 0.0176454 0.00562581 0.999828 0.124762
15 23 157 0.999707 0.0233687 0.00625841 -0.601117 -0.0234122 0.999702 0.00697906 0.00456846 -0.00609345 -0.00712354 0.999956 -0.799148
15 24 123 0.999658 -0.00739559 -0.0250953 0.736854 0.00710825 0.999908 -0.0115197 0.107544 0.0251782 0.0113374 0.999619 -0.667443
15 25 150 0.999179 -0.00383186 -0.0403224 0.708597 0.00271027 0.999609 -0.0278335 0.0942999 0.0404133 0.0277014 0.998799 -0.699284
15 26 237 0.998924 0.00954773 -0.0453913 0.756043 -0.011307 0.999188 -0.038661 0.132078 0.0449854 0.0391327 0.998221 -0.641057
15 27 236 0.998954 0.017281 -0.0423337 0.772737 -0.0186395 0.999317 -0.0319091 0.123768 0.0417533 0.0326648 0.998594 -0.622542
15 28 160 0.998454 0.0192962 -0.0521271 0.885903 -0.0206147 0.999478 -0.0248771 0.0891411 0.0516199 0.0259132 0.998331 -0.455225
15 29 105 0.997655 0.0273899 -0.0627226 0.856415 -0.0292109 0.999173 -0.028302 0.0834699 0.0618955 0.0300678 0.99763 -0.509496
30 31 11 0.999869 0.0134688 0.00892752 0.851788 -0.0134969 0.999904 0.00309614 0.128261 -0.00888496 -0.00321623 0.999955 -0.507943
30 32 25 0.999814 0.0124918 0.0147071 -0.807502 -0.0125809 0.999903 0.00598201 -0.100155 -0.014631 -0.00616593 0.999874 0.5813
30 33 13 0.999968 0.0066514 -0.00447771 -0.404758 -0.00664525 0.999977 0.00138559 0.135812 0.00448682 -0.00135579 0.999989 0.904282
30 34 59 0.999992 0.00391905 -0.000107823 -0.8167 -0.00391859 0.999984 0.00402157 -0.102888 0.000123582 -0.00402111 0.999992 0.567817
30 35 12 0.999946 0.00510536 -0.00902109 -0.838714 -0.00509584 0.999986 0.00107786 -0.149366 0.00902647 -0.00103183 0.999959 0.523687
30 36 50 0.999992 -0.00375548 -0.00157776 -0.856577 0.00376567 0.999972 0.00650254 -0.136093 0.00155329 -0.00650843 0.999978 0.49775
30 37 26 0.999688 0.0039301 -0.0246642 -0.882997 -0.00391985 0.999992 0.000463892 -0.161166 0.0246659 -0.000367067 0.999696 0.440843
30 38 56 0.99937 0.0143958 -0.0324476 0.89978 -0.0142517 0.999888 0.00466936 0.16863 0.0325112 -0.00420399 0.999463 -0.402442
30 39 27 0.999808 0.0168496 -0.0100522 -0.952036 -0.0166864 0.999731 0.0161057 -0.108967 0.0103209 -0.0159348 0.99982 0.285926
30 40 37 0.999597 0.00942781 -0.0267772 -0.615881 -0.00899973 0.99983 0.0160622 -0.241856 0.0269241 -0.0158147 0.999512 0.749797
30 41 18 0.99945 0.0135386 -0.0302787 0.909154 -0.0133162 0.999883 0.00753425 0.178517 0.0303772 -0.0071269 0.999513 -0.37626
30 42 47 0.999244 0.00649365 -0.0383348 0.772969 -0.00597422 0.999889 0.0136489 0.21763 0.0384192 -0.0134096 0.999172 -0.59595
30 43 35 0.998858 0.00117813 -0.0477638 0.976207 0.000133298 0.999623 0.0274441 0.114452 0.0477781 -0.0274192 0.998482 -0.184177
30 44 38 0.99785 0.016529 -0.0634197 0.922352 -0.0146266 0.999432 0.0303463 0.386016 0.0638853 -0.0293534 0.997525 0.0160893
45 46 38 0.99996 0.0089743 0.000515394 -0.767588 -0.00897492 0.999959 0.00121325 -0.262822 -0.000504485 -0.00121783 0.999999 0.58458
45 47 19 0.999963 0.00825281 0.00244223 -0.909854 -0.00825992 0.999962 0.00291637 -0.142154 -0.00241807 -0.00293643 0.999993 0.389818
45 48 17 0.999979 0.00561501 0.003335 -0.966855 -0.00566455 0.999871 0.0150339 -0.199951 -0.00325015 -0.0150525 0.999881 0.158782
45 49 32 0.999728 0.0170842 -0.0158502 0.346249 -0.0171141 0.999852 -0.00175196 0.207787 0.0158179 0.00202274 0.999873 -0.914842
45 50 25 0.999527 0.0280057 -0.0126725 0.563045 -0.0277433 0.999406 0.020425 -0.0365741 0.013237 -0.0200638 0.999711 0.825616
45 51 24 0.999392 0.0315409 -0.0148799 -0.383776 -0.031662 0.999467 -0.00797391 -0.107659 0.0146205 0.00844019 0.999857 0.917129
45 52 58 0.998803 0.0316878 -0.0372606 0.758211 -0.0326447 0.999145 -0.0253588 -0.00775539 0.0364252 0.0265448 0.998984 -0.651963
45 53 37 0.996925 0.0702666 -0.0346773 0.37606 -0.0711304 0.99717 -0.0243395 0.1991 0.0328689 0.0267312 0.999102 -0.904952
45 54 41 0.998407 0.052109 -0.0216148 0.993709 -0.0523407 0.998576 -0.0102954 0.0443829 0.0210475 0.0114103 0.999713 -0.102821
45 55 61 0.997779 0.0571228 -0.0342764 0.975861 -0.0570804 0.998367 0.00221742 0.0568517 0.0343471 -0.000255979 0.99941 -0.210864
45 56 72 0.995772 0.0562517 -0.0726147 0.996181 -0.0563092 0.998413 0.00125662 0.0755553 0.0725701 0.00283757 0.997359 -0.0437525
45 57 50 0.997031 0.0539418 -0.0549445 0.968528 -0.0528417 0.998376 0.0212832 0.0257593 0.0560033 -0.0183166 0.998263 0.247568
45 58 39 0.99773 0.0497672 -0.0453567 0.992446 -0.0495696 0.998756 0.00546988 0.0293771 0.0455725 -0.00320915 0.998956 0.119111
45 59 33 0.997879 0.0512278 -0.0401628 0.9935 -0.0501305 0.998354 0.0278705 -0.0195546 0.0415244 -0.025798 0.998804 0.112142
60 61 0 1 0 0 0 0 1 0 0 0 0 1 0
60 62 20 0.999983 0.00259947 0.00531185 0.447237 -0.00262304 0.999987 0.00443693 -0.282496 -0.00530025 -0.00445078 0.999976 0.848632
60 63 0 1 0 0 0 0 1 0 0 0 0 1 0
60 64 23 0.999978 -0.00575841 -0.00333295 0.245735 0.00575381 0.999982 -0.00138784 0.0325155 0.00334089 0.00136863 0.999993 0.968792
60 65 46 0.999984 0.00375005 0.00428213 0.177646 -0.00371521 0.99996 -0.00811564 0.0187608 -0.0043124 0.0080996 0.999958 -0.983916
60 66 58 0.999944 -0.00863522 -0.00614161 0.725221 0.00855101 0.999871 -0.0136078 0.10362 0.00625833 0.0135545 0.999889 -0.680674
60 67 44 0.999868 -0.0114495 -0.0115427 0.831453 0.0112788 0.999828 -0.014751 0.129893 0.0117096 0.0146189 0.999825 -0.540197
60 68 26 0.999909 -0.010776 -0.00816595 0.257764 0.0106692 0.999858 -0.0130175 0.0209639 0.00830507 0.0129292 0.999882 0.96598
60 69 32 0.999964 -0.00259719 -0.00804698 0.832384 0.00254909 0.999979 -0.00598214 -0.00396945 0.00806235 0.00596141 0.99995 0.554185
60 70 124 0.999426 -0.00916191 -0.0326272 0.90225 0.00885867 0.999916 -0.00942662 0.0962192 0.0327108 0.00913217 0.999423 -0.420341
60 71 83 0.999618 -0.00563139 -0.0270407 0.898867 0.00577962 0.999969 0.00540661 -0.124853 0.0270094 -0.00556083 0.99962 0.420058
60 72 40 0.99971 -0.0141673 -0.0194791 0.389297 0.013982 0.999856 -0.00961337 -0.173283 0.0196125 0.00933822 0.999764 0.904666
60 73 34 0.999727 -0.00646345 -0.0224717 0.997457 0.00636853 0.999971 -0.0042927 0.022846 0.0224988 0.00414841 0.999738 0.0675083
60 74 69 0.999103 0.000806731 -0.0423285 0.990078 -0.000455182 0.999965 0.00831423 -0.091012 0.0423338 -0.00828751 0.999069 0.107061
75 76 0 1 0 0 0 0 1 0 0 0 0 1 0
75 77 0 1 0 0 0 0 1 0 0 0 0 1 0
75 78 11 0.99995 0.00379692 -0.00926794 0.956739 -0.00375983 0.999985 0.00401614 0.0849941 0.00928304 -0.00398109 0.999949 -0.278257
75 79 122 0.999765 0.012125 -0.0179498 0.790111 -0.0122239 0.999911 -0.00540922 0.111374 0.0178826 0.00562737 0.999824 -0.602761
75 80 143 0.999435 0.0214932 -0.0258448 0.924218 -0.0217608 0.999712 -0.0101182 0.0411693 0.0256199 0.0106749 0.999615 -0.379641
75 81 20 0.99967 0.0206839 -0.0152596 0.980106 -0.0207497 0.999776 -0.00416391 0.0860049 0.0151701 0.00447917 0.999875 0.178873
75 82 73 0.999269 0.0193976 -0.0329517 0.727206 -0.019849 0.999713 -0.013426 0.160249 0.0326818 0.0140702 0.999367 -0.667452
75 83 104 0.998958 0.0234114 -0.0391809 0.954042 -0.0237575 0.999683 -0.00839006 0.0844504 0.0389721 0.00931216 0.999197 -0.287527
75 84 30 0.999467 0.0245357 -0.0215141 0.316581 -0.0247456 0.999648 -0.00954229 -0.106306 0.0212724 0.0100696 0.999723 0.94259
75 85 74 0.997743 0.0417587 -0.0525841 0.964727 -0.0412562 0.999092 0.0106062 -0.00347618 0.0529793 -0.00841288 0.99856 -0.263229
75 86 31 0.998116 0.0598257 -0.0135778 0.283517 -0.0595698 0.998052 0.0185323 0.114791 0.0146601 -0.0176886 0.999736 -0.952072
75 87 121 0.998276 0.0453523 -0.0372683 0.893298 -0.0442019 0.998537 0.0311322 0.200235 0.0386257 -0.0294311 0.99882 -0.402399
75 88 163 0.998187 0.0500488 -0.0334287 0.816786 -0.0492482 0.99849 0.0243581 0.215411 0.0345973 -0.0226677 0.999144 -0.535218
75 89 21 0.999128 0.038349 -0.0165199 0.411398 -0.0378109 0.998781 0.0317395 -0.115556 0.0177169 -0.0310872 0.99936 0.904101
90 91 0 1 0 0 0 0 1 0 0 0 0 1 0
90 92 64 0.999271 -0.00779285 -0.0373748 0.970235 0.00738777 0.999913 -0.0109642 0.0986758 0.037457 0.0106801 0.999241 0.221151
90 93 36 0.999779 -0.00225375 -0.0209072 0.6232 0.00227235 0.999997 0.000865899 0.197829 0.0209052 -0.000913216 0.999781 -0.756628
90 94 56 0.999523 -0.0246745 -0.0185935 -0.223375 0.0249705 0.999562 0.015861 -0.188273 0.018194 -0.0163177 0.999701 -0.956377
90 95 20 0.999769 -0.0028576 -0.0213197 0.584103 0.00287563 0.999996 0.000814835 -0.21281 0.0213173 -0.000875954 0.999772 -0.783285
90 96 36 0.999631 -0.0141169 -0.0231929 -0.532064 0.0142934 0.99987 0.00746259 -0.0578766 0.0230846 -0.00779135 0.999703 -0.844724
90 97 14 0.998706 -0.0485707 -0.0150461 0.113753 0.048524 0.998816 -0.00345708 -0.341349 0.0151962 0.00272251 0.999881 -0.933028
90 98 66 0.998623 -0.047806 -0.0216 -0.235398 0.0480324 0.998795 0.0100859 -0.395987 0.0210918 -0.0111095 0.999716 -0.887571
90 99 57 0.998056 -0.0158585 -0.0602707 0.999522 0.0150635 0.999794 -0.0136218 0.0299329 0.0604743 0.0126874 0.998089 0.00779532
90 100 40 0.996364 -0.0618378 -0.0586045 -0.216329 0.0631867 0.997771 0.0214493 -0.120267 0.0571475 -0.0250744 0.998051 -0.968885
90 101 44 0.997913 -0.0546061 -0.0344506 -0.31757 0.0552126 0.998332 0.0169051 -0.325926 0.03347 -0.018772 0.999263 -0.890461
90 102 18 0.998817 -0.0102828 -0.0475289 0.110073 0.0103944 0.999944 0.00210066 -0.356037 0.0475047 -0.00259221 0.998868 -0.927966
90 103 50 0.996076 0.00168934 -0.0884856 0.978625 -0.00271119 0.999931 -0.0114294 0.0166131 0.0884602 0.0116244 0.996012 -0.204982
90 104 30 0.998588 0.00435272 -0.0529416 0.907839 -0.00326717 0.999783 0.020574 -0.0678513 0.0530196 -0.020372 0.998386 0.413793
105 106 0 1 0 0 0 0 1 0 0 0 0 1 0
105 107 0 1 0 0 0 0 1 0 0 0 0 1 0
105 108 48 0.999281 0.0345768 -0.0155813 0.795324 -0.0345763 0.999402 0.000303018 -0.228845 0.0155824 0.000235942 0.999879 0.561328
105 109 43 0.998873 0.0443403 -0.0169584 0.848339 -0.0446249 0.998863 -0.0167898 -0.0980043 0.0161946 0.0175277 0.999715 -0.520304
105 110 40 0.998275 0.0575694 -0.0114911 0.492955 -0.0578122 0.998084 -0.0220492 0.0935231 0.0101998 0.0226755 0.999691 -0.865014
105 111 18 0.999091 0.0420527 0.0070366 -0.0526992 -0.0419083 0.99893 -0.019545 -0.221836 -0.00785099 0.0192323 0.999784 0.973659
105 112 31 0.997837 0.0594643 -0.0280311 0.961325 -0.0598449 0.998124 -0.0129378 -0.0716918 0.0272091 0.0145873 0.999523 -0.265922
105 113 39 0.997221 0.0673522 -0.0318512 0.81592 -0.0678478 0.997587 -0.0147432 -0.0355399 0.0307814 0.0168633 0.999384 -0.577071
105 114 43 0.997802 0.0594162 -0.0293309 0.966345 -0.059255 0.998223 0.00633511 -0.139689 0.0296551 -0.00458318 0.99955 0.216018
105 115 41 0.996013 0.0464265 -0.0761794 0.745491 -0.0477909 0.998726 -0.0161863 -0.247223 0.0753309 0.0197625 0.996963 0.61897
105 116 0 1 0 0 0 0 1 0 0 0 0 1 0
105 117 0 1 0 0 0 0 1 0 0 0 0 1 0
105 118 25 0.994703 0.0959138 -0.0369757 0.65811 -0.0984092 0.992471 -0.072919 0.00819457 0.0297033 0.0761715 0.996652 -0.752877
105 119 46 0.990412 0.0914864 -0.103508 0.943532 -0.100658 0.991096 -0.0871573 0.0114846 0.0946131 0.0967406 0.990803 -0.331081
120 121 0 1 0 0 0 0 1 0 0 0 0 1 0
120 122 11 0.9995 0.0180703 0.0259631 -0.786066 -0.0183506 0.999775 0.0105996 0.0460272 -0.0257657 -0.0110707 0.999607 0.616427
120 123 56 0.999471 0.014403 0.0291638 -0.891695 -0.0148768 0.99976 0.0160923 0.184849 -0.0289251 -0.0165176 0.999445 -0.413172
120 124 13 0.99915 0.0302278 0.0280218 0.504331 -0.0311503 0.998967 0.0330885 -0.211353 -0.0269926 -0.0339333 0.99906 0.837245
120 125 21 0.999856 0.00299514 0.0167123 0.482084 -0.00373263 0.999012 0.0442732 -0.272676 -0.0165632 -0.0443292 0.99888 0.832612
120 126 27 0.999839 -0.0178744 0.00162423 0.452627 0.0177839 0.998841 0.0447318 -0.232276 -0.0024219 -0.0446957 0.998998 0.860916
120 127 10 0.997634 -0.0686952 -0.00281132 0.0756148 0.0687527 0.99677 0.0415148 -0.268137 -4.96219e-05 -0.0416098 0.999134 -0.960409
120 128 51 0.998617 -0.0497234 -0.0170841 0.560683 0.0503066 0.998099 0.035596 -0.173016 0.0152816 -0.0364062 0.99922 0.809753
120 129 53 0.999303 -0.0339237 0.0155601 0.310801 0.0335092 0.999096 0.0261636 0.0706176 -0.0164336 -0.025624 0.999537 0.947848
120 130 57 0.996808 -0.042848 0.0673699 -0.856988 0.0373929 0.996073 0.0802467 0.194087 -0.0705438 -0.0774714 0.994496 -0.477391
120 131 36 0.999355 -0.0340249 0.0114813 0.0522943 0.0334161 0.99821 0.0496049 -0.161841 -0.0131485 -0.0491892 0.998703 0.98543
120 132 19 0.996748 -0.0775948 0.0217582 -0.109801 0.0760424 0.994993 0.064856 -0.105887 -0.0266818 -0.0629905 0.997657 0.988297
120 133 19 0.997354 -0.0628876 -0.0364611 0.569224 0.0648627 0.996334 0.0557877 -0.122237 0.0328191 -0.0580051 0.997777 0.813045
120 134 62 0.994746 -0.0721124 -0.0726594 0.784094 0.0752489 0.996305 0.0413931 -0.0431206 0.069406 -0.0466432 0.996497 0.619142
135 136 10 0.999972 0.00150914 -0.00739335 -0.447175 -0.00158338 0.999948 -0.0100465 0.263943 0.00737781 0.0100579 0.999922 -0.854616
135 137 10 0.999849 -0.00315914 -0.0171109 -0.384893 0.00287716 0.99986 -0.0164788 0.124706 0.0171605 0.0164271 0.999718 -0.914498
135 138 12 0.999632 0.00839373 -0.0258072 -0.374779 -0.00894111 0.999736 -0.0211683 0.3539 0.0256227 0.0213913 0.999443 -0.85691
135 139 40 0.999539 0.0174841 -0.0248104 -0.611087 -0.0179665 0.999651 -0.0193574 0.306084 0.0244633 0.0197942 0.999505 -0.72999
135 140 59 0.998586 0.000685739 -0.0531618 0.39874 -0.00177125 0.999791 -0.0203746 -0.590094 0.0531367 0.0204399 0.998378 0.701994
135 141 28 0.998198 0.0290175 -0.0525149 0.568594 -0.0300338 0.999375 -0.0186693 -0.377981 0.0519403 0.0202129 0.998446 0.730638
135 142 15 0.997812 0.0141494 -0.06459 0.658455 -0.0160325 0.999459 -0.0287297 -0.182654 0.0641485 0.0297023 0.997498 0.730119
135 143 23 0.997503 0.0149967 -0.0690116 -0.421417 -0.0166326 0.999593 -0.0231911 0.0758332 0.0686357 0.024281 0.997346 -0.903691
135 144 25 0.996618 -0.000199287 -0.082169 -0.412374 -0.00166427 0.999743 -0.0226105 0.0183887 0.0821524 0.0226708 0.996362 -0.910829
135 145 32 0.995175 0.0322787 -0.0926544 0.609049 -0.0334217 0.999383 -0.0108106 -0.111213 0.0922482 0.0138551 0.99564 0.785297
135 146 26 0.995325 0.0414982 -0.0872122 0.364355 -0.042637 0.999027 -0.0112351 -0.231287 0.0866611 0.014901 0.996126 0.902082
135 147 42 0.993406 0.0686108 -0.0918553 0.479787 -0.0686306 0.997638 0.00294701 -0.227386 0.0918406 0.0033765 0.995768 0.847408
135 148 17 0.995631 0.052069 -0.0775109 0.903441 -0.0528061 0.998577 -0.00748841 -0.235806 0.0770107 0.0115487 0.996963 0.358037
135 149 23 0.996263 0.0500501 -0.070397 -0.991657 -0.0499849 0.998746 0.00268758 0.0676961 0.0704433 0.000841253 0.997515 -0.109702
150 151 0 1 0 0 0 0 1 0 0 0 0 1 0
150 152 0 1 0 0 0 0 1 0 0 0 0 1 0
150 153 27 0.999768 0.0201655 -0.00751571 0.311685 -0.0202223 0.999767 -0.00754757 0.236212 0.00736176 0.0076978 0.999943 -0.920356
150 154 42 0.999958 -0.000568292 0.00916865 -0.99252 0.000566727 1 0.000173271 -0.0963594 -0.00916874 -0.000168068 0.999958 0.0749591
150 155 92 0.999682 0.0205704 0.0146189 -0.46525 -0.0204794 0.99977 -0.00634552 -0.447026 -0.0147461 0.00604411 0.999873 0.764009
150 156 10 0.999898 0.00966253 -0.0105014 -0.761112 -0.00966958 0.999953 -0.00062103 0.0786317 0.0104949 0.000722511 0.999945 -0.643837
150 157 30 0.999774 -0.00125832 -0.0212192 0.657263 0.000894688 0.999853 -0.0171377 0.029778 0.0212376 0.0171148 0.999628 -0.753073
150 158 29 0.99909 0.00514695 -0.0423483 0.816741 -0.00607803 0.999742 -0.0218869 0.115609 0.0422248 0.0221244 0.998863 -0.565304
150 159 136 0.996276 0.0224244 -0.0832524 0.980062 -0.0238664 0.999581 -0.0163665 -0.0227417 0.0828505 0.0182925 0.996394 -0.197387
150 160 129 0.997488 0.0178578 -0.0685509 0.994236 -0.0183185 0.999814 -0.00609717 -0.0633857 0.0684292 0.0073376 0.997629 0.0864676
150 161 43 0.998348 0.0111288 -0.0563631 0.987601 -0.012311 0.999711 -0.0206703 0.00564651 0.0561168 0.02133 0.998196 -0.156886
150 162 112 0.997174 0.0106589 -0.0743678 0.991515 -0.0115568 0.999865 -0.0116541 -0.0989554 0.0742336 0.0124806 0.997163 -0.0842933
150 163 114 0.993771 0.023664 -0.108902 0.98388 -0.0268842 0.999241 -0.0281974 0.0010669 0.108152 0.0309495 0.993653 -0.178825
150 164 38 0.999376 -0.000136575 -0.0353105 -0.925871 -0.000255042 0.999939 -0.0110859 -0.0526798 0.0353098 0.011088 0.999315 0.374148
165 166 52 0.999866 0.00136758 -0.0162965 0.799385 -0.00132562 0.999996 0.00258538 -0.164966 0.0163 -0.00256343 0.999864 0.577728
165 167 27 0.999901 0.00691071 -0.012234 0.516971 -0.00693068 0.999975 -0.00159105 0.187833 0.0122227 0.00167568 0.999924 -0.83514
165 168 90 0.998717 0.0156097 -0.0481741 0.999555 -0.0157149 0.999875 -0.00180723 -0.029342 0.0481399 0.00256196 0.998837 -0.00542604
165 169 62 0.998742 0.0441664 -0.023751 0.101202 -0.0441409 0.999024 0.0015931 -0.224359 0.0237982 -0.000542701 0.999717 -0.969237
165 170 29 0.999541 0.0301118 -0.00346121 0.843674 -0.0300957 0.999536 0.00461785 -0.104854 0.00359865 -0.00451156 0.999983 0.526517
165 171 63 0.999426 0.0277681 0.0193924 -0.956158 -0.0279591 0.999562 0.00964965 0.016654 -0.019116 -0.0101863 0.999765 -0.292379
165 172 36 0.999777 0.0210059 -0.00220339 0.951561 -0.0210254 0.999736 -0.00926812 0.0705848 0.00200812 0.00931238 0.999955 -0.299248
165 173 62 0.997906 0.0559086 -0.0325376 0.862652 -0.0549739 0.998068 0.0289462 -0.221692 0.034093 -0.0270969 0.999051 0.454626
165 174 32 0.998744 0.0500151 -0.00305608 0.883887 -0.0499258 0.998454 0.0244459 -0.00677095 0.00427402 -0.0242626 0.999696 0.467651
165 175 35 0.999209 0.0368276 -0.0149996 0.995352 -0.0365153 0.999121 0.0205908 0.0391783 0.0157448 -0.0200268 0.999675 0.0879791
165 176 50 0.999179 0.0404834 0.00149903 -0.878317 -0.0405106 0.998675 0.0317334 -0.0115612 -0.00021237 -0.0317681 0.999495 -0.477939
165 177 61 0.997747 0.0319605 -0.0589858 0.996913 -0.0302536 0.999104 0.0296069 -0.0266266 0.0598792 -0.0277556 0.99782 0.0738569
165 178 74 0.998296 0.0282018 -0.0510783 0.992187 -0.0281659 0.999602 0.00142393 0.0245505 0.0510981 1.71583e-05 0.998694 -0.12232
165 179 45 0.99803 0.040268 0.0481171 -0.31115 -0.0395618 0.999096 -0.0155401 -0.259395 -0.0486993 0.0136059 0.998721 0.914276
180 181 10 0.999993 -0.000804049 -0.00370115 0.461052 0.000805139 1 0.000293184 0.13775 0.00370091 -0.000296162 0.999993 -0.876616
180 182 69 0.999807 0.00795727 -0.0179395 0.734023 -0.00773496 0.999893 0.0124278 -0.403643 0.0180365 -0.0122866 0.999762 0.546152
180 183 30 0.999933 0.00255394 -0.0113066 0.271985 -0.00253044 0.999995 0.00209203 0.133587 0.0113119 -0.00206327 0.999934 -0.952984
180 184 36 0.999775 0.00850121 -0.0194376 0.77576 -0.00857029 0.999957 -0.0034731 0.29728 0.0194072 0.0036389 0.999805 -0.556616
180 185 39 0.999869 0.0126789 -0.0101066 0.398916 -0.012707 0.999916 -0.00271618 0.278139 0.0100713 0.00284424 0.999945 -0.873788
180 186 26 0.999801 0.00991795 -0.0173257 0.503046 -0.0100098 0.999936 -0.00522344 0.123362 0.0172727 0.00539582 0.999836 -0.85541
180 187 33 0.999811 -0.000670243 -0.0194151 0.58153 0.000422233 0.999918 -0.0127754 0.133785 0.019422 0.0127648 0.99973 -0.802449
180 188 37 0.999606 0.00596093 -0.0274326 0.6731 -0.0062845 0.999912 -0.0117239 0.100603 0.0273603 0.0118917 0.999555 -0.732677
180 189 76 0.998725 0.00996647 -0.0494854 0.967766 -0.0100224 0.999949 -0.00088166 0.0838186 0.0494741 0.0013765 0.998774 -0.237494
180 190 38 0.998977 0.0199069 -0.0405922 0.726425 -0.0205243 0.999679 -0.0148503 0.210819 0.0402835 0.0156683 0.999065 -0.654111
180 191 34 0.998465 0.0198124 -0.0517211 0.876203 -0.0203935 0.999734 -0.0107331 0.149127 0.0514948 0.0117714 0.998604 -0.45829
180 192 46 0.998044 0.0243664 -0.0575789 0.773156 -0.0247887 0.999671 -0.00663164 0.0734625 0.0573984 0.00804598 0.998319 -0.629946
180 193 31 0.997908 0.0197834 -0.0615558 0.934515 -0.0199053 0.999801 -0.00136684 0.199586 0.0615165 0.00258926 0.998103 0.294697
180 194 81 0.996692 0.0267809 -0.0767383 0.819277 -0.0278391 0.999531 -0.0127539 0.166152 0.0763608 0.014848 0.99697 -0.548797
195 196 0 1 0 0 0 0 1 0 0 0 0 1 0
195 197 22 0.999891 0.0111261 -0.00970221 0.675253 -0.0111072 0.999936 0.00199942 0.159101 0.00972384 -0.00189144 0.999951 -0.720222
195 198 35 0.999655 0.0203638 -0.0165986 0.89541 -0.0202965 0.999785 0.00421176 0.142651 0.0166808 -0.00387342 0.999853 -0.421772
195 199 43 0.99929 0.0297979 -0.0230518 0.970082 -0.0294003 0.999416 0.0173985 -0.103034 0.0235568 -0.0167084 0.999583 0.219829
195 200 39 0.998799 0.0369515 -0.0321882 0.951841 -0.0367778 0.999306 0.00597031 0.0292613 0.0323864 -0.00477933 0.999464 -0.305191
195 201 23 0.998791 0.0473792 -0.0131347 0.446532 -0.0473356 0.998873 0.00360671 -0.147135 0.0132907 -0.00298061 0.999907 0.882587
195 202 22 0.998446 0.0535166 -0.015569 0.458672 -0.0536482 0.998527 -0.00816091 -0.130165 0.0151093 0.00898347 0.999845 0.87902
195 203 39 0.999151 0.0333096 -0.0242377 0.897858 -0.0340486 0.998947 -0.0307452 0.0861327 0.023188 0.0315443 0.999233 -0.431778
195 204 21 0.998911 0.0450569 -0.0120722 -0.649136 -0.045175 0.998932 -0.00969245 0.0578342 0.0116226 0.0102273 0.99988 -0.75847
195 205 43 0.991229 0.045777 -0.123976 0.954271 -0.0513148 0.997805 -0.0418482 0.0109923 0.121788 0.047843 0.991402 0.298741
195 206 68 0.996805 0.0535305 -0.0592814 0.937297 -0.0535426 0.998565 0.00138612 0.153869 0.0592705 0.00179239 0.99824 0.312728
195 207 35 0.997519 0.0513556 -0.0481419 0.895512 -0.0518232 0.99862 -0.0085146 0.0382894 0.0476382 0.0109883 0.998804 -0.443388
195 208 65 0.997196 0.0525385 -0.053298 0.894666 -0.0536319 0.998374 -0.0192972 0.111957 0.0521975 0.0221016 0.998392 -0.432479
195 209 63 0.995436 0.0534258 -0.0790729 0.952617 -0.0554897 0.998167 -0.0241373 0.0734069 0.0776384 0.0284149 0.996577 -0.295183
210 211 0 1 0 0 0 0 1 0 0 0 0 1 0
210 212 15 0.999753 -0.0116722 -0.0189119 0.715025 0.0116661 0.999932 -0.000428397 0.026644 0.0189156 0.000207661 0.999821 0.698591
210 213 34 0.999262 -0.0172635 -0.0343125 0.784808 0.0172118 0.99985 -0.001803 0.00902629 0.0343385 0.00121109 0.99941 0.619673
210 214 0 1 0 0 0 0 1 0 0 0 0 1 0
210 215 37 0.998492 -0.0177719 -0.0519478 0.989455 0.0177594 0.999842 -0.00070284 0.136754 0.0519521 -0.000220782 0.99865 -0.0477144
210 216 40 0.998013 -0.0101132 -0.0621922 0.790366 0.00967477 0.999926 -0.007346 0.302376 0.0622619 0.00672971 0.998037 -0.532813
210 217 35 0.996997 -0.0112002 -0.0766196 0.928487 0.0108066 0.999926 -0.00555038 0.219483 0.0766761 0.00470572 0.997045 -0.299565
210 218 30 0.998615 -0.0146109 -0.0505403 0.847626 0.015236 0.999812 0.0120056 -0.00150914 0.0503554 -0.012759 0.99865 0.530591
210 219 41 0.99629 -0.00767702 -0.085714 0.995616 0.00830118 0.999942 0.00692779 0.0831863 0.0856558 -0.00761361 0.996296 -0.042763
210 220 39 0.996512 -0.0097959 -0.0828677 0.973305 0.0106942 0.999889 0.010403 0.146375 0.0827566 -0.0112529 0.996506 -0.17678
210 221 40 0.995821 0.00143385 -0.0913188 0.844868 -0.00172481 0.999994 -0.00310728 0.242505 0.0913138 0.0032518 0.995817 -0.476853
210 222 22 0.997408 0.0282002 -0.0662038 0.51189 -0.0254242 0.998777 0.0424043 0.0813966 0.0673186 -0.0406112 0.996905 0.855186
210 223 41 0.993415 0.00927006 -0.114193 0.899004 -0.00981502 0.999943 -0.00421103 0.205951 0.114147 0.00530411 0.99345 -0.386491
210 224 26 0.998835 0.000407819 -0.0482577 0.30932 0.000937829 0.999611 0.0278587 0.202693 0.0482503 -0.0278715 0.998446 0.929105
225 226 0 1 0 0 0 0 1 0 0 0 0 1 0
225 227 37 0.999708 0.00451691 -0.0237476 0.993337 -0.00438524 0.999975 0.00559384 -0.048844 0.0237722 -0.00548807 0.999702 0.104384
225 228 56 0.999323 0.0148606 -0.0336541 0.871474 -0.0145666 0.999854 0.0089644 -0.178402 0.0337824 -0.00846811 0.999393 0.456843
225 229 23 0.999484 0.0205301 -0.0246987 0.948863 -0.0205619 0.999788 -0.00103409 0.0704026 0.0246723 0.00154141 0.999694 -0.307737
225 230 17 0.999385 0.033185 -0.0113337 0.45662 -0.0329555 0.999259 0.0198616 -0.0266658 0.0119844 -0.0194759 0.999738 0.889262
225 231 12 0.999811 0.0194611 -9.30026e-05 -0.207503 -0.0194491 0.99934 0.0306709 -0.123803 0.000689832 -0.0306633 0.99953 -0.970369
225 232 0 1 0 0 0 0 1 0 0 0 0 1 0
225 233 16 0.998706 0.0139601 -0.0489021 0.953109 -0.00983152 0.996445 0.0836698 0.0957596 0.0498963 -0.0830808 0.995293 -0.287078
225 234 53 0.995858 0.0340738 -0.0842977 0.996843 -0.0282239 0.997173 0.0696395 0.0772909 0.0864322 -0.0669718 0.994004 -0.0181434
225 235 51 0.995858 0.0333803 -0.0845763 0.997664 -0.0258284 0.995709 0.0888627 -0.0643465 0.0871797 -0.0863102 0.992447 0.0229562
225 236 53 0.996355 0.0429975 -0.0736686 0.957993 -0.0367509 0.995776 0.0841452 -0.00187718 0.0769754 -0.0811311 0.993727 0.286786
225 237 33 0.997267 0.0649565 -0.0351913 0.597935 -0.0614411 0.993756 0.0931396 0.0572721 0.0410215 -0.0907229 0.995031 0.799496
225 238 29 0.999442 -0.0113151 -0.0314335 -0.678901 0.0133343 0.99781 0.0647894 -0.248285 0.0306315 -0.0651724 0.997404 0.690976
225 239 31 0.997118 0.0617101 -0.0441322 0.637123 -0.0579846 0.995008 0.0812237 0.0481206 0.0489242 -0.0784306 0.995718 0.769259
240 241 10 0.999983 0.00574727 0.000113495 -0.0603782 -0.0057472 0.999983 -0.000642723 0.461366 -0.000117187 0.00064206 1 0.885153
240 242 14 0.999993 0.00237249 -0.00301432 0.100424 -0.0023827 0.999991 -0.00338938 -0.0924156 0.00300625 0.00339654 0.99999 -0.990643
240 243 0 1 0 0 0 0 1 0 0 0 0 1 0
240 244 31 0.999994 -0.0015054 -0.00311937 0.301233 0.00147601 0.999955 -0.00940203 0.102008 0.00313338 0.00939736 0.999951 0.948079
240 245 106 0.999928 0.0039693 -0.0113645 0.776354 -0.00400343 0.999988 -0.00298226 -0.111206 0.0113525 0.00302754 0.999931 0.620409
240 246 97 0.999838 0.00139987 -0.0179455 0.93188 -0.00154562 0.999966 -0.0081104 -0.0521743 0.0179335 0.00813682 0.999806 0.358995
240 247 36 0.999848 -0.00229416 -0.0172612 0.427069 0.00208028 0.999921 -0.0123985 -0.115465 0.0172883 0.0123607 0.999774 -0.896817
240 248 113 0.999672 0.00444404 -0.0252027 0.921627 -0.00444411 0.99999 5.32639e-05 -0.119574 0.0252027 5.8757e-05 0.999682 0.369195
240 249 92 0.999579 0.00519134 -0.0285599 0.744156 -0.00523744 0.999985 -0.00153948 0.143462 0.0285515 0.00168841 0.999591 -0.652418
240 250 84 0.999127 0.00478421 -0.0415093 0.997307 -0.00425859 0.99991 0.0127421 0.0181847 0.0415666 -0.0125542 0.999057 -0.0710462
240 251 35 0.999739 0.00527437 -0.0222274 0.638341 -0.0049605 0.999888 0.0141527 0.140557 0.0222995 -0.0140387 0.999653 0.756812
240 252 30 0.999345 0.0273457 -0.0237171 0.799717 -0.0274489 0.999615 -0.00403806 0.125415 0.0235976 0.00468642 0.999711 -0.587132
240 253 74 0.999166 0.0200982 -0.0355463 0.923216 -0.0194344 0.999632 0.0189222 0.071366 0.0359136 -0.0182156 0.999189 -0.377595
240 254 103 0.999226 0.0206991 -0.0334622 0.935797 -0.0199464 0.999544 0.0226717 0.0614167 0.0339162 -0.0219867 0.999183 -0.347149
255 256 11 0.999978 0.0061606 -0.00234572 -0.036466 -0.00612085 0.999844 0.0165903 0.942227 0.00244756 -0.0165756 0.99986 -0.332985
255 257 0 1 0 0 0 0 1 0 0 0 0 1 0
255 258 0 1 0 0 0 0 1 0 0 0 0 1 0
255 259 73 0.998294 0.0583807 -5.33467e-06 0.156097 -0.0583681 0.998082 0.0206402 -0.958677 0.00121031 -0.0206047 0.999787 0.237848
255 260 15 0.998606 0.0511563 0.0130094 -0.469103 -0.0510132 0.998636 -0.0111012 0.489021 -0.0135595 0.010422 0.999854 -0.735392
255 261 171 0.997848 0.0624946 -0.0198472 0.993065 -0.0624392 0.998043 0.00340045 -0.107372 0.0200209 -0.00215389 0.999797 -0.0478922
255 262 27 0.997727 0.0672174 -0.00483812 0.743484 -0.0672882 0.997599 -0.0163623 0.0942765 0.00372667 0.0166506 0.999854 -0.662075
255 263 62 0.997555 0.0673114 -0.0188056 0.983724 -0.0672917 0.997732 0.00167536 0.0139825 0.0188757 -0.000405804 0.999822 -0.179143
255 264 76 0.997453 0.0639449 -0.0316073 0.984631 -0.0635829 0.9979 0.0123305 -0.0793602 0.0323294 -0.0102894 0.999424 -0.155576
255 265 99 0.997286 0.0668003 -0.0309682 0.971094 -0.0667673 0.997766 0.00210019 0.0447718 0.0310393 -2.68299e-05 0.999518 0.234461
255 266 115 0.996856 0.0698051 -0.0374899 0.54727 -0.0698418 0.997558 0.000331841 0.109755 0.0374215 0.00228757 0.999297 -0.829728
255 267 48 0.998154 0.0586475 -0.0157678 -0.471219 -0.0588456 0.99819 -0.0124091 0.0461017 0.0150115 0.0133141 0.999799 -0.880811
255 268 88 0.996961 0.0678197 -0.0383253 0.929075 -0.0686668 0.997414 -0.0212355 0.176943 0.036786 0.0238026 0.99904 -0.324825
255 269 31 0.997707 0.0642316 -0.0213123 -0.799928 -0.0644031 0.997896 -0.00746001 -0.00330548 0.0207883 0.00881549 0.999745 -0.600087
270 271 38 0.999967 0.00363545 -0.00726071 0.651846 -0.00364006 0.999993 -0.00062226 -0.105229 0.0072584 0.000648669 0.999973 0.751015
270 272 10 0.999882 0.00815265 -0.0130004 0.812708 -0.00809939 0.999959 0.00414407 -0.100897 0.0130337 -0.00403829 0.999907 0.573869
270 273 15 0.999834 0.00614854 -0.0171571 -0.452805 -0.00615864 0.999981 -0.000535619 0.231031 0.0171535 0.000641195 0.999853 -0.861158
270 274 75 0.999324 0.0197896 -0.0309942 0.625093 -0.0195066 0.999765 0.00940586 -0.15721 0.031173 -0.00879491 0.999475 0.764555
270 275 25 0.999514 0.00614667 -0.0305571 0.460173 -0.00618199 0.99998 -0.0010616 -0.173934 0.03055 0.00124999 0.999532 0.870625
270 276 20 0.999289 0.00846085 -0.0367362 -0.374027 -0.00853659 0.999962 -0.00190523 0.160739 0.0367187 0.00221747 0.999323 -0.913382
270 277 24 0.999005 0.0208856 -0.0394082 0.527413 -0.0207912 0.99978 0.00280526 -0.00171543 0.0394581 -0.00198312 0.999219 0.849607
270 278 39 0.998353 0.0363597 -0.044382 -0.441364 -0.0358257 0.999276 0.0127673 0.0404429 0.0448141 -0.0111563 0.998933 -0.896416
270 279 70 0.998606 0.00665296 -0.0523605 -0.690255 -0.00711576 0.999937 -0.00865722 0.159087 0.0522996 0.00901774 0.998591 -0.705861
270 280 29 0.997925 0.0291587 -0.0574137 0.924481 -0.029917 0.999476 -0.0123926 0.116266 0.0570222 0.0140845 0.998274 -0.363067
270 281 120 0.993206 0.04994 -0.105108 0.866869 -0.0452995 0.99791 0.0460853 -0.140546 0.10719 -0.0410108 0.993392 0.478315
270 282 45 0.996429 0.0258001 -0.0803994 -0.271907 -0.025257 0.999651 0.00776505 0.23588 0.0805717 -0.00570667 0.996732 -0.932967
270 283 138 0.99398 0.0265261 -0.106305 0.68898 -0.0259775 0.999641 0.00654164 0.150445 0.106441 -0.00374071 0.994312 -0.708994
270 284 75 0.993572 0.0217095 -0.111097 0.537474 -0.0211242 0.999756 0.00644256 0.139388 0.11121 -0.0040543 0.993789 -0.831681
285 286 19 0.999959 0.00107366 -0.00901805 0.520699 -0.00107068 0.999999 0.000334878 -0.129206 0.00901841 -0.000325209 0.999959 0.843907
285 287 0 1 0 0 0 0 1 0 0 0 0 1 0
285 288 14 0.999883 0.00969609 -0.0117985 -0.434661 -0.00953718 0.999864 0.013452 -0.0019218 0.0119273 -0.0133379 0.99984 -0.900592
285 289 13 0.999709 -0.00164214 -0.024081 0.302242 0.00208892 0.999826 0.0185399 -0.0777431 0.0240464 -0.0185848 0.999538 0.950056
285 290 120 0.996579 0.0062988 -0.082409 0.999003 0.00049482 0.996619 0.0821589 -0.0294261 0.0826478 -0.0819186 0.993206 -0.0335738
285 291 44 0.998507 0.0159036 -0.0522597 0.489579 -0.0143067 0.999423 0.0307904 0.186489 0.0527192 -0.0299968 0.998159 -0.851783
285 292 46 0.998403 0.0222476 -0.0519231 0.805241 -0.0197371 0.998634 0.0483728 0.0276407 0.0529284 -0.0472707 0.997479 0.592303
285 293 25 0.998046 0.0216404 -0.0586128 0.954842 -0.0185227 0.998411 0.0532222 0.0543569 0.0596714 -0.0520325 0.996861 0.292098
285 294 92 0.996216 0.023551 -0.0836635 0.977166 -0.0200981 0.998921 0.0418763 0.031401 0.0845594 -0.0400363 0.995614 0.210143
285 295 42 0.997523 0.0214356 -0.066993 -0.291175 -0.0182847 0.998714 0.0472969 0.157841 0.0679207 -0.0459548 0.996632 -0.943559
285 296 70 0.993337 0.0419837 -0.107328 0.963181 -0.0370583 0.998184 0.0474815 0.0835018 0.109126 -0.0431878 0.993089 0.255557
285 297 88 0.990177 0.0543382 -0.128826 0.933873 -0.0477677 0.997422 0.0535574 0.123553 0.131404 -0.0468776 0.99022 -0.335584
285 298 58 0.991747 0.0688886 -0.10813 0.81721 -0.0603126 0.994914 0.0806746 -0.0742913 0.113138 -0.0734872 0.990858 0.571532
285 299 70 0.990927 0.0613793 -0.119569 0.994489 -0.0589544 0.997979 0.0237164 0.0371709 0.120783 -0.0164521 0.992543 0.0980273
300 301 22 0.99996 -0.00700802 -0.00558607 0.416162 0.00702824 0.999969 0.00360759 -0.100909 0.00556061 -0.0036467 0.999978 0.903674
300 302 18 0.999858 -0.00736439 -0.0151776 0.174911 0.00750549 0.999929 0.00926081 0.256962 0.0151084 -0.00937341 0.999842 -0.950461
300 303 201 0.999527 0.0104684 -0.0289341 0.865222 -0.00981102 0.999693 0.0227689 -0.0494669 0.0291635 -0.0224743 0.999322 0.498943
300 304 19 0.99972 0.0166009 -0.0168527 0.173287 -0.0163795 0.999779 0.0131866 0.437825 0.0170679 -0.0129068 0.999771 -0.882202
300 305 97 0.999547 0.0239612 -0.0182218 0.716466 -0.0237223 0.999631 0.0132175 -0.0870092 0.0185318 -0.0127792 0.999747 0.692175
300 306 43 0.99964 0.0242388 -0.0115358 0.456011 -0.0242139 0.999704 0.00229278 -0.108997 0.011588 -0.00201263 0.999931 0.883274
300 307 59 0.999735 0.0216088 -0.00798956 -0.567392 -0.0216944 0.999706 -0.0107859 0.329434 0.00775414 0.0109564 0.99991 -0.754679
300 308 53 0.999372 0.0339556 -0.0100934 0.596295 -0.0340617 0.999364 -0.010533 -0.0975809 0.00972931 0.0108702 0.999894 0.796812
300 309 214 0.998771 0.0327688 -0.037175 0.59604 -0.0333196 0.999343 -0.0142953 0.170722 0.0366822 0.0155164 0.999207 -0.784595
300 310 165 0.999246 0.0325973 -0.0211001 0.246686 -0.0332769 0.998911 -0.0326985 0.206482 0.0200112 0.033376 0.999243 -0.946843
300 311 187 0.99968 0.0121235 -0.0221917 0.342678 -0.0129478 0.999217 -0.037386 0.142855 0.0217211 0.0376613 0.999054 -0.928528
300 312 114 0.999983 0.00461304 -0.0035671 -0.479043 -0.00476594 0.999015 -0.0441162 0.115105 0.00336008 0.0441325 0.99902 -0.870212
300 313 200 0.999616 0.0133597 -0.0242827 0.308212 -0.0145759 0.998612 -0.0506177 0.201123 0.0235728 0.0509522 0.998423 -0.929814
300 314 202 0.999866 0.0016314 -0.0163058 -0.0220639 -0.00249926 0.998573 -0.053346 0.225756 0.0161955 0.0533796 0.998443 -0.973934
315 316 15 0.999986 -0.00405352 0.00325741 -0.511336 0.00405426 0.999992 -0.000218385 0.250784 -0.0032565 0.000231589 0.999995 -0.821975
315 317 12 0.999992 -0.00382371 0.00135725 0.911939 0.00383492 0.999958 -0.00835861 0.371172 -0.00132523 0.00836375 0.999964 -0.174927
315 318 16 0.999912 -0.00876 0.00992143 0.290927 0.00862239 0.999867 0.0138288 0.591603 -0.0100413 -0.0137421 0.999855 0.751909
315 319 23 0.999918 0.000885745 0.0127807 0.441698 -0.00101777 0.999946 0.0103271 -0.00406645 -0.0127709 -0.0103393 0.999865 -0.897155
315 320 61 0.999916 -0.00149658 0.0128817 0.764966 0.00135478 0.999938 0.0110092 0.0270735 -0.0128974 -0.0109908 0.999856 0.643501
315 321 84 0.999889 0.00381829 0.0143792 0.625613 -0.00404261 0.99987 0.0156037 0.0852826 -0.0143177 -0.0156601 0.999775 -0.775458
315 322 33 0.999454 0.0128129 0.0304687 0.223087 -0.0131261 0.999863 0.0101027 0.0875316 -0.0303351 -0.0104971 0.999485 -0.970861
315 323 14 0.999457 0.00973353 0.0314893 0.696146 -0.0101239 0.999874 0.0122609 -0.0747634 -0.0313659 -0.012573 0.999429 0.713996
315 324 18 0.999707 0.00881309 0.0225535 0.979186 -0.00889469 0.999954 0.00352034 0.0747499 -0.0225215 -0.00371991 0.999739 0.188697
315 325 28 0.999618 0.00583447 0.027014 -0.00544287 -0.0062466 0.999865 0.0151973 0.251617 -0.0269217 -0.0153603 0.99952 -0.967812
315 326 27 0.999715 0.0131524 0.0199133 0.547473 -0.0134858 0.99977 0.0167014 0.11432 -0.019689 -0.0169652 0.999662 -0.828978
315 327 37 0.999894 0.0125322 0.00743187 0.999699 -0.0126007 0.999878 0.009234 -0.00703083 -0.00731524 -0.00932667 0.99993 -0.0235041
315 328 48 0.999818 0.0105426 0.0158895 -0.446239 -0.0109281 0.999643 0.0243742 0.18802 -0.0156269 -0.0245434 0.999577 -0.87494
315 329 175 0.999673 0.0245487 -0.00711861 0.978793 -0.0242126 0.998739 0.0439876 -0.0409445 0.00818947 -0.0438009 0.999007 0.200719
330 331 11 0.999972 -0.000476092 -0.00743819 -0.334044 0.000475397 1 -9.52673e-05 -0.0998801 0.00743823 9.17286e-05 0.999972 0.93725
330 332 11 0.999963 -0.000848216 -0.0086157 -0.542486 0.000826137 0.999996 -0.00256584 0.187755 0.00861785 0.00255863 0.99996 -0.818814
330 333 12 0.999852 0.00275146 -0.0169722 0.578546 -0.00278493 0.999994 -0.00194866 0.17076 0.0169668 0.00199564 0.999854 -0.797575
330 334 19 0.999675 -0.00274246 -0.0253369 0.893666 0.00283864 0.999989 0.00376048 0.00283025 0.0253263 -0.00383118 0.999672 -0.448724
330 335 29 0.999685 0.00605317 -0.0243659 0.472638 -0.00614299 0.999975 -0.00361286 0.128261 0.0243434 0.0037614 0.999697 -0.871873
330 336 35 0.999668 0.0175685 -0.0188427 0.370137 -0.017538 0.999845 0.00178347 -0.160263 0.0188711 -0.00145242 0.999821 0.915049
330 337 94 0.999391 0.0155531 -0.0312338 0.531056 -0.0158635 0.999827 -0.00971554 0.131495 0.0310773 0.0102051 0.999465 -0.837071
330 338 39 0.999319 0.0179574 -0.0322485 0.699187 -0.0182391 0.999798 -0.00846406 0.280541 0.03209 0.00904648 0.999444 -0.657597
330 339 26 0.998816 0.0240539 -0.0422867 0.623076 -0.0249594 0.999467 -0.0210191 0.16367 0.0417586 0.0220496 0.998884 -0.764845
330 340 96 0.999052 0.0243648 -0.0360728 -0.101376 -0.0250903 0.999489 -0.0197958 0.119827 0.035572 0.0206822 0.999153 -0.987605
330 341 126 0.99772 0.022164 -0.0637436 0.890243 -0.0233352 0.999571 -0.0176882 0.0733052 0.0633242 0.0191353 0.99781 -0.449549
330 342 182 0.996827 0.022177 -0.076442 0.986303 -0.0227846 0.999715 -0.0070854 0.0173723 0.0762631 0.00880462 0.997049 -0.164027
330 343 83 0.9983 0.0315645 -0.0490067 -0.296588 -0.0318142 0.999484 -0.00432267 0.226784 0.048845 0.00587442 0.998789 -0.927688
330 344 108 0.997056 0.0418329 -0.0642554 0.304431 -0.0417507 0.999125 0.0026225 0.243329 0.0643088 6.79273e-05 0.99793 -0.92093
345 346 0 1 0 0 0 0 1 0 0 0 0 1 0
