0 1 12 0.999999 0.000712704 -0.00149222 0.564715 -0.000708816 0.999996 0.00260437 -0.244226 0.00149407 -0.00260331 0.999995 0.788321
0 2 18 0.999947 0.00607039 -0.00827681 0.136936 -0.00602942 0.999969 0.00496612 0.0422701 0.00830671 -0.00491595 0.999953 0.989678
0 3 14 0.999885 0.0117445 -0.00956613 0.998815 -0.0116739 0.999904 0.00740522 0.0375302 0.00965218 -0.00729269 0.999927 0.0309691
0 4 18 0.999935 0.0113518 -0.000706244 -0.931694 -0.0113439 0.999882 0.0103378 0.157917 0.000823513 -0.0103292 0.999946 -0.327121
0 5 57 0.999871 0.00357337 -0.0156832 0.81598 -0.00339223 0.999927 0.0115612 -0.290076 0.0157234 -0.0115065 0.99981 0.500032
0 6 181 0.999347 0.000844844 0.0361231 -0.818425 7.59589e-05 0.999675 -0.0254817 0.523779 -0.0361329 0.0254678 0.999022 -0.236299
0 7 23 0.999958 0.00784283 0.00475062 -0.961627 -0.00779745 0.999924 -0.00949741 0.239948 -0.00482475 0.00945997 0.999944 -0.133035
0 8 222 0.999436 0.011381 -0.031584 0.831544 -0.0116171 0.999906 -0.00730462 -0.234627 0.0314979 0.00766742 0.999474 0.503473
0 9 21 0.999991 -0.00361321 -0.00211606 0.903541 0.00358087 0.99988 -0.0150952 -0.205773 0.00217035 0.0150875 0.999884 0.375862
0 10 45 0.999675 -0.0023459 -0.0253947 0.948981 0.00197708 0.999892 -0.0145391 -0.0125639 0.0254261 0.0144842 0.999572 -0.315082
0 11 36 0.999846 0.00161468 -0.0174847 0.95994 -0.00190716 0.999858 -0.016724 0.070169 0.0174553 0.0167548 0.999707 0.271276
0 12 46 0.999841 0.00482506 -0.0171408 0.947575 -0.00509249 0.999865 -0.015593 -0.0210911 0.0170632 0.0156778 0.999731 -0.318836
0 13 108 0.999575 0.00528362 -0.0286522 0.993678 -0.00571904 0.999869 -0.0151359 -0.112042 0.0285685 0.0152933 0.999475 0.00705507
0 14 196 0.999215 0.00797908 -0.0387946 0.993659 -0.00858376 0.999844 -0.0154454 -0.103693 0.0386653 0.0157663 0.999128 0.0434713
15 16 17 0.99997 -0.00665422 -0.00406924 0.514285 0.00661833 0.99994 -0.00877126 0.857588 0.00412736 0.00874406 0.999953 -0.007375
15 17 18 0.999909 -0.0130695 -0.00327026 -0.760745 0.0130613 0.999912 -0.00251026 -0.147565 0.00330278 0.00246732 0.999992 0.632054
15 18 25 0.999823 -0.0141567 -0.0123537 0.792638 0.0141262 0.999897 -0.00254874 0.163791 0.0123885 0.00237378 0.99992 -0.58728
15 19 51 0.999808 -0.0119732 -0.0154893 0.928249 0.0119519 0.999928 -0.00146198 0.279831 0.0155056 0.00127657 0.999879 -0.245049
15 20 39 0.999903 -0.0115348 -0.0078098 0.999223 0.0115497 0.999932 0.00186496 0.0383056 0.00778775 -0.00195498 0.999968 0.0093209
15 21 112 0.999839 -0.0117143 -0.013594 0.719041 0.0115787 0.999883 -0.0100106 0.0814113 0.0137097 0.00985158 0.999857 -0.690183
15 22 58 0.999799 -0.00527268 -0.0193237 0.939681 0.00510421 0.999949 -0.0087569 0.073952 0.0193689 0.00865651 0.999775 -0.333962
15 23 56 -0.633636 0.111218 -0.765595 -0.431223 0.127091 -0.961203 -0.244819 -0.146235 -0.763121 -0.252426 0.594918 0.890316
15 24 60 0.999916 0.00805764 -0.0101056 0.808233 -0.00832614 0.999606 -0.0268156 0.178151 0.00988555 0.0268976 0.999589 -0.561267
15 25 64 0.999693 -0.00226535 -0.0246697 0.8475 0.00147632 0.999488 -0.0319552 0.0556143 0.0247295 0.031909 0.999185 -0.527873
15 26 239 0.998636 0.00698178 -0.0517394 0.883632 -0.00866856 0.999436 -0.0324492 0.0402175 0.0514836 0.0328534 0.998133 -0.466451
15 27 247 0.998686 0.0147126 -0.0490846 0.890184 -0.0161946 0.999421 -0.0299328 0.0717597 0.0486158 0.0306884 0.998346 -0.449915
15 28 153 0.998737 0.0176398 -0.0470451 0.82151 -0.0189019 0.99947 -0.0265178 0.0554549 0.0465524 0.0273736 0.998541 -0.567491
15 29 107 0.997548 0.0276619 -0.0642848 0.834509 -0.0291202 0.999337 -0.0218606 -0.0295979 0.0636374 0.023679 0.997692 -0.550199
30 31 15 0.999879 0.0105015 0.0114686 -0.657153 -0.010542 0.999938 0.00347947 0.00412357 -0.0114313 -0.00359995 0.999928 0.753746
30 32 17 0.999805 0.0133929 0.0144778 -0.849171 -0.0134634 0.999898 0.00478592 -0.149724 -0.0144122 -0.00497991 0.999884 0.50645
30 33 13 0.99995 0.0100032 -0.000654154 -0.834179 -0.0100018 0.999948 0.00220878 -0.12565 0.000676215 -0.00220212 0.999997 0.53699
30 34 14 0.999975 0.00652884 -0.00269522 -0.886484 -0.00651911 0.999972 0.00360352 -0.172419 0.00271867 -0.00358586 0.99999 0.429439
30 35 26 0.999986 0.00237573 -0.00473733 -0.745849 -0.00235655 0.999989 0.00404958 -0.162936 0.0047469 -0.00403836 0.999981 0.64588
30 36 18 0.999953 0.000400266 -0.0097248 -0.809307 -0.00038014 0.999998 0.00207132 -0.0999597 0.00972561 -0.00206752 0.999951 0.578818
30 37 23 0.999737 0.00544715 -0.0222705 0.168435 -0.00538332 0.999981 0.00292507 -0.010676 0.022286 -0.00280441 0.999748 -0.985655
30 38 83 0.999225 0.0135301 -0.0369636 0.953188 -0.0133424 0.999897 0.00531872 0.118556 0.0370317 -0.00482141 0.999302 -0.278167
30 39 23 0.999721 0.0198777 -0.0127738 0.907096 -0.0197394 0.999746 0.0108641 0.170668 0.0129865 -0.0106089 0.999859 -0.384771
30 40 36 0.999551 0.0167938 -0.0247966 -0.745459 -0.0165041 0.999794 0.0118413 -0.22976 0.0249903 -0.0114268 0.999622 0.625701
30 41 18 0.999542 0.00839908 -0.0290802 -0.883057 -0.00783434 0.99978 0.0194799 -0.155153 0.0292374 -0.0192432 0.999387 0.442874
30 42 32 0.999501 -0.000288079 -0.0315843 0.990138 0.000895808 0.999815 0.019229 0.0948867 0.0315729 -0.0192477 0.999316 -0.103068
30 43 36 0.998989 0.00335486 -0.0448382 0.908715 -0.00270793 0.999891 0.0144811 0.150027 0.0448819 -0.014345 0.998889 -0.389525
30 44 43 0.997132 0.0128933 -0.0745706 0.941142 -0.0114881 0.999749 0.019242 0.198125 0.0747999 -0.0183302 0.99703 -0.273858
45 46 35 0.99998 0.00637447 0.000157597 -0.155598 -0.00637465 0.999979 0.00112991 0.0602019 -0.000150391 -0.00113089 0.999999 0.985984
45 47 66 0.999832 0.00676799 0.0170251 -0.847571 -0.00676936 0.999977 2.28702e-05 -0.126749 -0.0170246 -0.000138116 0.999855 0.515322
45 48 47 0.999932 0.000610551 0.0116421 -0.927084 -0.000571713 0.999994 -0.00333908 -0.120292 -0.011644 0.0033322 0.999927 0.355028
45 49 40 0.999904 -0.0131623 -0.00422347 -0.208671 0.0131659 0.999913 0.000831288 -0.336284 0.00421216 -0.000886815 0.999991 0.918352
45 50 28 0.999691 0.0131194 -0.021113 0.958246 -0.0128558 0.999838 0.0125765 -0.00516167 0.0212746 -0.0123012 0.999698 0.285899
45 51 36 0.999555 0.0214604 -0.0207062 -0.210195 -0.0212824 0.999735 0.00878046 -0.328204 0.0208892 -0.00833587 0.999747 0.920923
45 52 77 0.996321 0.0283036 -0.0808879 0.932778 -0.031804 0.998598 -0.0423183 0.323833 0.0795767 0.0447352 0.995824 0.158295
45 53 56 0.998051 0.0377325 -0.049708 0.995451 -0.0385987 0.999117 -0.0165825 0.0670796 0.0490384 0.0184688 0.998626 -0.0676629
45 54 77 0.99719 0.0577639 -0.0477114 0.997758 -0.057921 0.998319 -0.0019143 0.0332653 0.0475206 0.00467241 0.998859 0.0580762
45 55 40 0.998209 0.0558709 -0.0213886 0.993296 -0.0557654 0.998429 0.00549733 0.0430677 0.0216621 -0.00429474 0.999756 -0.107274
45 56 71 0.99658 0.0561243 -0.0606433 0.997874 -0.0555636 0.998396 0.0108937 0.0638316 0.0611574 -0.0074869 0.9981 0.0131501
45 57 52 0.997312 0.0484831 -0.0549324 0.988876 -0.0477089 0.998744 0.0153195 -0.00859048 0.0556061 -0.0126575 0.998373 0.148495
45 58 119 0.992621 0.0609241 -0.104841 0.979504 -0.060416 0.998141 0.00801817 -0.0334706 0.105135 -0.00162492 0.994457 0.198625
45 59 33 0.997842 0.0490118 -0.04369 0.999741 -0.0487544 0.998787 0.00694004 0.0191765 0.0439772 -0.00479499 0.999021 -0.0122584
60 61 0 1 0 0 0 0 1 0 0 0 0 1 0
60 62 0 1 0 0 0 0 1 0 0 0 0 1 0
60 63 11 0.999989 -0.00413958 -0.00211244 0.996389 0.00413544 0.99999 -0.00196081 -0.00328974 0.00212054 0.00195205 0.999996 0.0848386
60 64 35 0.999923 -0.00522292 -0.0112828 0.999843 0.00519827 0.999984 -0.00221341 0.016705 0.0112942 0.00215459 0.999934 -0.00585219
60 65 21 0.99993 -0.0111407 -0.00389337 0.173435 0.011128 0.999933 -0.00327079 -0.110801 0.00392955 0.00322724 0.999987 0.978593
60 66 27 0.999913 -0.0128572 -0.00286353 0.975756 0.0128291 0.999872 -0.00960386 0.0067685 0.00298664 0.00956629 0.99995 0.218755
60 67 44 0.999789 -0.012664 -0.0161562 0.983174 0.012467 0.999847 -0.0122389 0.134042 0.0163087 0.0120349 0.999795 -0.124099
60 68 30 0.999865 -0.0141701 -0.00836433 0.442443 0.0140782 0.999841 -0.01095 -0.00175853 0.00851816 0.0108307 0.999905 0.896795
60 69 84 0.999716 -0.00728251 -0.0227043 0.994233 0.00692478 0.999851 -0.0157948 0.011687 0.0228159 0.0156331 0.999617 -0.106607
60 70 101 0.999495 -0.00986935 -0.0301992 0.910022 0.00953695 0.999893 -0.0111313 0.0641982 0.0303058 0.0108377 0.999482 -0.40956
60 71 106 0.999321 -0.0109527 -0.0351806 0.966686 0.0106852 0.999913 -0.00778286 0.0471925 0.0352628 0.00740166 0.999351 -0.251578
60 72 144 0.999213 -0.00608143 -0.0392074 0.981579 0.00567462 0.999929 -0.0104786 0.0993022 0.0392684 0.0102479 0.999176 -0.163224
60 73 43 0.999414 -0.00438955 -0.0339459 0.909018 0.00405827 0.999944 -0.00982187 0.0889619 0.033987 0.00967835 0.999375 -0.407151
60 74 114 0.998472 0.00136485 -0.0552512 0.936954 -0.00175925 0.999973 -0.00709014 0.00119963 0.05524 0.0071765 0.998447 -0.349452
75 76 0 1 0 0 0 0 1 0 0 0 0 1 0
75 77 0 1 0 0 0 0 1 0 0 0 0 1 0
75 78 11 0.999963 0.00388557 -0.00766068 0.82666 -0.00389806 0.999991 -0.00161635 0.0948987 0.00765433 0.00164615 0.999969 -0.554642
75 79 33 0.999881 0.0101604 -0.0115674 0.813872 -0.0102091 0.999939 -0.00415093 0.167575 0.0115245 0.00426853 0.999924 -0.556355
75 80 43 0.999563 0.0190601 -0.0225851 0.9927 -0.0192439 0.999783 -0.00795031 -0.105436 0.0224286 0.00838147 0.999713 0.058561
75 81 41 0.999564 0.0207337 -0.0210394 0.794917 -0.0210539 0.999664 -0.0151163 0.124208 0.020719 0.0155526 0.999664 -0.593868
75 82 53 0.999258 0.0198561 -0.0330118 0.804015 -0.0203024 0.999706 -0.0132417 0.129643 0.0327392 0.013902 0.999367 -0.580304
75 83 107 0.998977 0.0234891 -0.0386305 0.896662 -0.0239678 0.999641 -0.0119744 0.120506 0.0383354 0.0128881 0.999182 -0.426
75 84 43 0.9992 0.0319179 -0.0241132 0.185056 -0.0320132 0.999481 -0.00357497 -0.223335 0.0239865 0.00434405 0.999703 -0.957014
75 85 26 0.999032 0.038534 -0.0212258 0.22473 -0.0383777 0.999233 0.00772022 0.172706 0.021507 -0.00689815 0.999745 0.958994
75 86 29 0.998457 0.0555063 -0.00160216 0.0266544 -0.0554558 0.998203 0.0227127 0.0389512 0.00285998 -0.0225888 0.999741 -0.998886
75 87 72 0.998356 0.0477931 -0.0316419 0.863419 -0.0469032 0.998499 0.0282935 0.287985 0.0329466 -0.0267629 0.999099 -0.414212
75 88 77 0.998542 0.0455038 -0.0290276 0.808885 -0.0445626 0.998485 0.0322875 0.139723 0.0304528 -0.0309468 0.999057 -0.571123
75 89 99 0.998328 0.0441068 -0.0373688 0.927637 -0.0430387 0.998655 0.0289212 0.184678 0.0385941 -0.0272645 0.998883 -0.324628
90 91 0 1 0 0 0 0 1 0 0 0 0 1 0
90 92 38 0.999764 -0.0109453 -0.0187557 0.455619 0.0108366 0.999924 -0.00588684 0.316133 0.0188187 0.00568221 0.999807 -0.832149
90 93 42 0.999739 -0.000230577 -0.0228248 0.427609 1.13735e-05 0.999954 -0.00960339 0.899743 0.022826 0.00960063 0.999693 0.0872506
90 94 0 1 0 0 0 0 1 0 0 0 0 1 0
90 95 63 0.999008 -0.0132119 -0.0425375 0.891369 0.0130735 0.999908 -0.00353145 0.213815 0.0425802 0.00297183 0.999089 -0.399681
90 96 64 0.998533 -0.0111143 -0.0529953 0.928396 0.0108632 0.999928 -0.00502252 0.11441 0.0530473 0.00443945 0.998582 -0.353541
90 97 21 0.99942 -0.0111057 -0.0321773 0.10946 0.0109913 0.999933 -0.00372863 -0.18621 0.0322165 0.0033728 0.999475 -0.976394
90 98 85 0.979508 -0.016103 -0.200761 0.63733 0.0485003 0.986324 0.157518 -0.670431 0.195479 -0.164027 0.966893 -0.379911
90 99 35 0.998986 -0.012136 -0.0433633 0.751079 0.0116742 0.999873 -0.0108874 0.118725 0.0434899 0.0103702 0.999 -0.649449
90 100 33 0.998152 -0.0154031 -0.0587808 0.872471 0.0148723 0.999845 -0.0094572 0.151414 0.0589174 0.00856552 0.998226 -0.464616
90 101 18 0.998889 -0.0142778 -0.0449177 0.195487 0.0140779 0.99989 -0.0047622 0.172251 0.0449808 0.00412456 0.998979 0.965461
90 102 19 0.998769 -0.00861207 -0.0488468 0.13947 0.00865328 0.999962 0.000632263 -0.34994 0.0488395 -0.00105417 0.998806 -0.926332
90 103 49 0.996668 6.06397e-06 -0.0815651 0.935592 -0.000677959 0.999966 -0.00820984 0.0412955 0.0815623 0.00823778 0.996634 -0.350661
90 104 62 0.994028 0.0083671 -0.108803 0.956036 -0.00945142 0.999911 -0.00945398 0.0224565 0.108714 0.0104259 0.994018 -0.292387
105 106 0 1 0 0 0 0 1 0 0 0 0 1 0
105 107 13 0.999778 0.0177133 -0.0114083 0.995036 -0.0177254 0.999842 -0.000962664 -0.0417006 0.0113894 0.00116467 0.999934 0.0903596
105 108 60 0.99925 0.0292329 -0.0253768 0.954539 -0.0292649 0.999571 -0.000890829 -0.296062 0.0253399 0.00163281 0.999678 0.0346877
105 109 43 0.998916 0.0426435 -0.0186487 0.944473 -0.0428678 0.999011 -0.0117982 -0.160017 0.0181271 0.0125848 0.999756 -0.286993
105 110 45 0.998424 0.0519767 -0.0211692 0.935197 -0.0523283 0.998495 -0.0164051 -0.0643227 0.0202847 0.017487 0.999641 -0.348238
105 111 31 0.998439 0.055017 -0.00965634 0.602694 -0.0551805 0.998322 -0.0175709 0.119944 0.00867344 0.0180763 0.999799 -0.788906
105 112 31 0.997772 0.0601861 -0.0287724 0.952866 -0.0604469 0.998137 -0.00828334 -0.0183777 0.0282202 0.0100041 0.999552 -0.302834
105 113 35 0.997783 0.060321 -0.0281012 0.972332 -0.0606229 0.99811 -0.0100184 0.11248 0.0274438 0.0116998 0.999555 0.204742
105 114 82 0.996947 0.0621771 -0.0472364 0.964394 -0.0623212 0.998055 -0.00158265 -0.0333507 0.0470461 0.00452164 0.998882 -0.26236
105 115 22 0.999016 0.0383127 0.022351 -0.879772 -0.0380201 0.999188 -0.0133692 -0.0184414 -0.022845 0.0125062 0.999661 0.475038
105 116 10 0.999453 0.029186 0.0155284 -0.0737397 -0.0284738 0.998614 -0.044262 0.319133 -0.0167987 0.0437956 0.998899 0.944837
105 117 16 0.997188 0.07488 -0.00284236 0.48734 -0.0749218 0.995625 -0.0558295 -0.204985 -0.00135059 0.0558855 0.998436 0.848811
105 118 10 0.998735 0.0493327 0.0097471 -0.0587793 -0.0484455 0.995891 -0.0765099 0.224753 -0.0134815 0.0759409 0.997021 -0.972641
105 119 35 0.995155 0.0687005 -0.0703335 0.993822 -0.0738217 0.994596 -0.073007 -0.0266187 0.0649378 0.0778454 0.994848 -0.107744
120 121 15 0.999961 0.00564172 0.00678421 0.420653 -0.00563875 0.999984 -0.000456887 -0.262301 -0.00678668 0.000418615 0.999977 0.868476
120 122 63 0.998571 0.0318843 0.0428866 -0.64916 -0.0317171 0.999486 -0.00457301 0.633341 -0.0430104 0.00320623 0.999069 0.421273
120 123 11 0.999696 0.0178919 0.0169491 0.407212 -0.0181866 0.999683 0.0173912 -0.2762 -0.0166325 -0.0176942 0.999705 0.87057
120 124 14 0.999615 0.0168993 0.0219985 0.460507 -0.0174962 0.999476 0.0272311 -0.26286 -0.0215268 -0.0276055 0.999387 0.847843
120 125 24 0.999903 0.00379696 0.0133954 0.528799 -0.0043948 0.998982 0.0448866 -0.295814 -0.0132114 -0.0449412 0.998902 0.795528
120 126 35 0.99988 0.00712898 0.0137613 0.409732 -0.00758601 0.999412 0.0334497 0.0434904 -0.0135147 -0.03355 0.999346 0.911169
120 127 68 0.992172 -0.0632195 -0.107692 0.477049 0.0818011 0.98063 0.177968 -0.825757 0.0943551 -0.185385 0.978126 -0.300915
120 128 26 0.999247 -0.0369631 -0.0118137 0.708191 0.0374516 0.998319 0.0442268 -0.166007 0.0101591 -0.044636 0.998952 0.686226
120 129 67 0.995432 -0.0319402 0.0899746 -0.742311 0.0317029 0.999489 0.00406599 0.361496 -0.0900585 -0.00119497 0.995936 0.564176
120 130 39 0.99923 -0.0388761 0.00525786 0.492666 0.0386444 0.998505 0.0386676 -0.10496 -0.00675324 -0.0384346 0.999238 0.863866
120 131 34 0.998821 -0.0485429 -5.75028e-05 0.471871 0.0484893 0.99766 0.0481945 -0.184571 -0.00228213 -0.0481404 0.998838 0.862132
120 132 18 0.999105 -0.0383481 0.0178499 -0.380273 0.0371458 0.997296 0.0634079 -0.073021 -0.0202332 -0.0626881 0.997828 0.921987
120 133 37 0.991753 -0.105996 0.0720443 -0.886029 0.0999636 0.991545 0.0827336 -0.313603 -0.0802046 -0.0748496 0.993964 0.341475
120 134 57 0.998636 -0.0510196 -0.0110885 -0.472879 0.0514349 0.99783 0.0411116 0.466624 0.00896692 -0.0416259 0.999093 0.747427
135 136 0 1 0 0 0 0 1 0 0 0 0 1 0
135 137 10 0.999852 0.00642241 -0.0159748 -0.385679 -0.00662486 0.999898 -0.0126528 0.144566 0.0158919 0.0127568 0.999792 -0.911237
135 138 0 1 0 0 0 0 1 0 0 0 0 1 0
135 139 17 0.999421 0.0102817 -0.0324253 -0.561792 -0.0110091 0.99969 -0.0223326 0.298441 0.0321856 0.0226766 0.999225 -0.771571
135 140 13 0.999116 0.00731516 -0.0413984 -0.609034 -0.00851664 0.999545 -0.0289209 0.254831 0.041168 0.0292479 0.998724 -0.751092
135 141 39 0.998163 0.0285457 -0.0534463 0.495716 -0.0295332 0.999406 -0.0177772 -0.39751 0.0529071 0.019323 0.998412 0.772174
135 142 26 0.998438 0.023547 -0.0506688 -0.663374 -0.0247947 0.999401 -0.0241391 0.12428 0.0500701 0.0253577 0.998424 -0.737895
135 143 23 0.997667 0.0324359 -0.0600645 -0.669626 -0.0337403 0.999214 -0.0208308 0.25954 0.0593416 0.0228088 0.997977 -0.695873
135 144 0 1 0 0 0 0 1 0 0 0 0 1 0
135 145 32 0.996737 0.0422769 -0.068765 -0.888491 -0.0433332 0.998963 -0.0139424 0.14885 0.0681043 0.0168767 0.997535 -0.434082
135 146 53 0.990829 0.0449962 -0.127409 0.987186 -0.0481084 0.998612 -0.0214544 0.150495 0.126267 0.0273871 0.991618 0.0530551
135 147 17 0.99532 0.0511643 -0.0819828 0.998901 -0.0519611 0.99862 -0.00761385 -0.029665 0.0814801 0.0118381 0.996605 0.0362886
135 148 10 0.995864 0.0535506 -0.0733974 0.920077 -0.054374 0.998478 -0.00926468 -0.229495 0.0727896 0.0132173 0.99726 0.317474
135 149 38 0.992669 0.0319978 -0.116549 0.997055 -0.034667 0.999179 -0.0209472 0.0766083 0.115783 0.024834 0.992964 0.00342907
150 151 0 1 0 0 0 0 1 0 0 0 0 1 0
150 152 21 0.999902 0.0139995 0.000462593 0.339019 -0.0140017 0.999888 0.00524398 -0.368056 -0.000389129 -0.00524994 0.999986 0.865795
150 153 21 0.99999 0.00391747 -0.00216307 0.187034 -0.00392787 0.999981 -0.00482479 0.0520848 0.00214413 0.00483324 0.999986 -0.980972
150 154 10 0.999891 0.00790445 -0.0124407 0.994922 -0.00792365 0.999967 -0.0014947 -0.00542464 0.0124285 0.00159311 0.999921 -0.100503
150 155 107 0.999326 0.0143913 -0.0337631 0.992244 -0.0145412 0.999885 -0.00419763 -0.0193134 0.0336989 0.00468576 0.999421 0.122794
150 156 71 0.999355 0.00415086 -0.0356662 0.999806 -0.00453849 0.999931 -0.0107942 -0.018163 0.0356189 0.0109491 0.999305 -0.00759365
150 157 36 0.999388 -0.000855296 -0.034982 0.924089 0.000434793 0.999928 -0.0120264 -0.0843794 0.0349897 0.0120038 0.999316 -0.372745
150 158 130 0.997989 0.00979049 -0.0626296 0.993182 -0.0106216 0.99986 -0.0129515 -0.00799507 0.062494 0.0135907 0.997953 -0.116298
150 159 50 0.998897 0.00816279 -0.0462308 0.995849 -0.00893638 0.999823 -0.0165513 0.027454 0.0460875 0.0169462 0.998794 -0.0867848
150 160 86 0.998611 0.0132072 -0.051014 0.999027 -0.0141628 0.99973 -0.0184168 0.0440898 0.050757 0.0191137 0.998528 -0.00125923
150 161 33 0.998465 0.0113243 -0.0542145 0.972988 -0.0123936 0.999734 -0.0194264 0.0113567 0.0539802 0.0200685 0.99834 -0.230578
150 162 27 0.99878 0.00529168 -0.0490891 0.996069 -0.00629769 0.999773 -0.0203615 -0.0142474 0.0489702 0.0206458 0.998587 -0.0874324
150 163 114 0.996187 0.0141579 -0.0860844 0.993283 -0.0158542 0.999693 -0.0190544 -0.00113637 0.0857882 0.0203466 0.996106 -0.115707
150 164 85 0.99954 0.00270801 -0.0302232 -0.781577 -0.00350431 0.999647 -0.0263257 -0.0876717 0.0301412 0.0264195 0.999196 0.617617
165 166 0 1 0 0 0 0 1 0 0 0 0 1 0
165 167 15 0.99985 0.00335136 -0.0170095 0.973708 -0.00333393 0.999994 0.00105301 0.177913 0.0170129 -0.000996145 0.999855 -0.142267
165 168 49 0.999596 0.0165721 -0.0231125 0.987141 -0.0163774 0.999829 0.00858629 -0.122703 0.0232508 -0.00820429 0.999696 0.102451
165 169 91 0.99889 0.0222932 -0.0414903 0.999103 -0.0223477 0.99975 -0.00085034 -0.0229979 0.041461 0.00177661 0.999139 0.0355653
165 170 119 0.994578 0.016149 -0.10273 0.802213 -0.0110297 0.998678 0.0502075 -0.470176 0.103404 -0.0488022 0.993441 -0.367951
165 171 59 0.999722 0.0196627 0.0130155 -0.695279 -0.0195267 0.999754 -0.0104974 -0.0675959 -0.0132187 0.0102403 0.99986 0.715555
165 172 95 0.998749 0.0329531 -0.0376179 0.956563 -0.0332009 0.999431 -0.00598259 -0.057635 0.0373994 0.00722405 0.999274 -0.285771
165 173 39 0.999067 0.0209409 0.0377769 -0.866811 -0.0209778 0.99978 0.000580699 -0.190691 -0.0377564 -0.00137263 0.999286 0.460734
165 174 33 0.999302 0.0372043 0.00338476 0.875408 -0.0372256 0.999286 0.0064603 0.0372168 -0.00314199 -0.00658179 0.999973 -0.481949
165 175 44 0.998778 0.0386858 -0.030763 0.981195 -0.038428 0.999221 0.00893042 0.0216434 0.0310845 -0.00773734 0.999487 -0.191803
165 176 83 0.998464 0.0368277 -0.0413868 0.995483 -0.0363843 0.999273 0.011418 0.00109802 0.0417772 -0.00989459 0.999078 -0.0949354
165 177 58 0.99857 0.0406711 -0.0346885 0.997812 -0.0403097 0.999126 0.0110551 -0.0556248 0.0351078 -0.00964105 0.999337 0.0357235
165 178 74 0.997694 0.0373253 -0.0566945 0.967671 -0.0379747 0.999224 -0.0104197 0.193678 0.0562616 0.0125487 0.998337 0.16156
165 179 70 0.997616 0.0337561 -0.0601933 0.975632 -0.0337472 0.99943 0.00116393 -0.0163623 0.0601983 0.000870196 0.998186 -0.218803
180 181 0 1 0 0 0 0 1 0 0 0 0 1 0
180 182 12 0.999951 0.00072408 -0.00985301 0.640021 -0.000707348 0.999998 0.00170146 0.224176 0.00985422 -0.00169441 0.99995 -0.734928
180 183 23 0.999924 0.00286253 -0.012 0.00793987 -0.00280877 0.999986 0.00449427 0.0156654 0.0120127 -0.00446022 0.999918 -0.999846
180 184 32 0.999894 0.00396026 -0.0140401 0.40423 -0.00393335 0.99999 0.0019441 0.277028 0.0140476 -0.00188867 0.9999 -0.871696
180 185 41 0.999804 0.00582932 -0.0189288 0.867914 -0.00579894 0.999982 0.00165967 0.0842791 0.0189381 -0.00154958 0.999819 -0.489513
180 186 79 0.999116 0.0105673 -0.0406988 0.991469 -0.0105379 0.999944 0.000936862 -0.0618061 0.0407065 -0.000507154 0.999171 -0.114761
180 187 34 0.999672 0.00160845 -0.0255437 0.999975 -0.00183699 0.999958 -0.00892609 3.71954e-05 0.0255283 0.00897009 0.999634 0.00701971
180 188 94 0.998916 0.00652969 -0.0460864 0.901395 -0.00696657 0.999932 -0.00932524 0.143225 0.0460224 0.00963619 0.998894 -0.408625
180 189 91 0.998576 0.01147 -0.0520928 0.946916 -0.0118188 0.99991 -0.00639184 0.112223 0.0520147 0.00699841 0.998622 -0.301257
180 190 40 0.998742 0.0135376 -0.0482917 0.871394 -0.013841 0.999886 -0.00595463 0.0752018 0.0482056 0.00661554 0.998816 -0.484787
180 191 83 0.997999 0.018391 -0.0605011 0.907139 -0.0187718 0.999807 -0.0057318 0.129591 0.060384 0.00685604 0.998152 -0.40038
180 192 43 0.998019 0.0181774 -0.0602225 0.84278 -0.0183969 0.999826 -0.00309111 0.146778 0.0601559 0.0041929 0.99818 -0.517859
180 193 29 0.99851 0.0162066 -0.052103 0.135069 -0.0164838 0.999852 -0.0048948 0.297212 0.0520159 0.00574636 0.99863 -0.94521
180 194 81 0.996393 0.0218959 -0.08198 0.922717 -0.0224232 0.999733 -0.00551672 0.113234 0.0818374 0.00733507 0.996619 -0.368472
195 196 0 1 0 0 0 0 1 0 0 0 0 1 0
195 197 0 1 0 0 0 0 1 0 0 0 0 1 0
195 198 37 0.999663 0.0179272 -0.0187904 0.962996 -0.0177558 0.9998 0.00925109 0.0543498 0.0189524 -0.00891433 0.999781 -0.263978
195 199 42 0.999332 0.0275332 -0.024026 0.975046 -0.0273229 0.999586 0.00903857 0.0247546 0.0242649 -0.00837607 0.99967 -0.220619
195 200 49 0.998796 0.035921 -0.0334201 0.996122 -0.0356637 0.99933 0.00826371 -0.0879688 0.0336946 -0.00706187 0.999407 -0.0015264
195 201 23 0.998946 0.0402008 -0.0221468 0.822425 -0.0402487 0.999188 -0.00171838 -0.0895515 0.0220598 0.00260795 0.999753 0.561781
195 202 24 0.998815 0.0398038 -0.0280101 0.991293 -0.0403066 0.999032 -0.0176236 -0.114922 0.0272815 0.0187317 0.999452 -0.0642806
195 203 42 0.998481 0.0367601 -0.0410422 0.957969 -0.0379977 0.998834 -0.0297938 0.00824134 0.0398991 0.031308 0.998713 -0.286753
195 204 45 0.997487 0.0391091 -0.0590709 0.866167 -0.0408132 0.998777 -0.0279233 0.100642 0.0579066 0.030264 0.997863 -0.489517
195 205 42 0.997528 0.0421479 -0.056231 0.880565 -0.0429967 0.998978 -0.01397 0.10805 0.0555847 0.0163532 0.99832 -0.461443
195 206 43 0.997635 0.0470455 -0.0501131 0.972907 -0.0472811 0.998875 -0.00352614 0.131017 0.0498909 0.00588721 0.998737 -0.190488
195 207 57 0.997382 0.0479018 -0.0541693 0.952033 -0.0479039 0.998851 0.00126004 -0.0437553 0.0541674 0.00133818 0.998531 -0.302851
195 208 68 0.996867 0.0457163 -0.0645536 0.987666 -0.0462921 0.9989 -0.00745098 0.0415784 0.064142 0.010416 0.997886 -0.150953
195 209 63 0.996267 0.0499722 -0.0703953 0.97723 -0.0507722 0.998664 -0.00961972 0.033776 0.0698205 0.0131579 0.997473 -0.209477
210 211 11 0.999935 0.00338633 0.010866 -0.902515 -0.00333967 0.999985 -0.004309 0.245348 -0.0108804 0.00427244 0.999932 -0.353935
210 212 18 0.99979 -0.0108935 -0.0173534 0.605216 0.0108658 0.99994 -0.00169109 0.18671 0.0173708 0.00150218 0.999848 -0.773856
210 213 37 0.998706 -0.0113131 -0.049579 0.886218 0.0110428 0.999923 -0.00572406 0.30536 0.0496399 0.00516916 0.998754 -0.348386
210 214 48 0.998473 -0.00551505 -0.0549664 0.972294 0.00598393 0.999947 0.0083694 -0.0040723 0.0549174 -0.00868553 0.998453 -0.233724
210 215 40 0.997847 -0.0103354 -0.0647688 0.939112 0.0100724 0.99994 -0.00438632 0.328604 0.0648102 0.0037245 0.997891 -0.100444
210 216 40 0.996936 -0.0134552 -0.0770545 0.93729 0.0129276 0.999889 -0.00734077 0.32992 0.0771447 0.00632215 0.997 -0.112432
210 217 14 0.999558 -0.0173491 -0.0241445 0.425901 0.0176383 0.999775 0.0118197 0.236715 0.023934 -0.0122403 0.999639 -0.873255
210 218 34 0.997676 -0.0162806 -0.0661626 0.947529 0.0166234 0.999851 0.00463335 0.189938 0.0660773 -0.00572242 0.997798 -0.257122
210 219 41 0.996939 -0.00922416 -0.0776365 0.958296 0.00974203 0.999933 0.00629437 0.14539 0.0775732 -0.00703144 0.996962 -0.246031
210 220 40 0.995954 -0.0095934 -0.0893549 0.952285 0.0102551 0.999923 0.00694878 0.170862 0.0892814 -0.00783701 0.995976 -0.252901
210 221 40 0.99228 -0.0173408 -0.122799 0.95207 0.0164292 0.999829 -0.0084321 0.285125 0.122924 0.00634951 0.992396 -0.110756
210 222 32 0.995721 0.00215375 -0.0923864 0.976166 -0.000581024 0.999855 0.0170469 0.0937982 0.0924097 -0.0169203 0.995577 -0.195709
210 223 36 0.995767 -0.00173447 -0.0918983 0.97447 0.00316446 0.999876 0.0154172 0.109893 0.0918602 -0.0156428 0.995649 -0.195786
210 224 17 0.999008 0.0388686 -0.0217339 0.420627 -0.0381536 0.998747 0.0323985 -0.182476 0.0229659 -0.0315371 0.999239 -0.888693
225 226 0 1 0 0 0 0 1 0 0 0 0 1 0
225 227 40 0.999688 0.00469573 -0.024553 0.961516 -0.00459135 0.99998 0.00430559 -0.0166165 0.0245727 -0.00419151 0.999689 0.274246
225 228 48 0.9995 0.0116556 -0.0293848 0.986394 -0.0115511 0.999926 0.00372493 -0.0757682 0.029426 -0.00338364 0.999561 0.1459
225 229 39 0.99931 0.0218229 -0.0300505 0.996091 -0.0218587 0.999761 -0.000862723 0.0697423 0.0300245 0.00151899 0.999548 0.054212
225 230 29 0.999165 0.0272441 -0.0304356 0.94727 -0.027142 0.999625 0.00376223 0.271224 0.0305267 -0.00293301 0.99953 -0.170636
225 231 12 0.999962 -0.00871673 0.000326636 0.290256 0.00870312 0.999518 0.0298141 -0.37906 -0.00058636 -0.0298101 0.999555 0.878672
225 232 0 1 0 0 0 0 1 0 0 0 0 1 0
225 233 23 0.998177 0.0202166 -0.0568611 0.786645 -0.0169188 0.998179 0.0578931 -0.0208069 0.057928 -0.0568256 0.996702 -0.617055
225 234 56 0.992172 0.0406643 -0.118074 0.996627 -0.0331208 0.997325 0.0651627 0.0797127 0.120408 -0.0607419 0.990864 -0.0195043
225 235 51 0.996092 0.0379245 -0.0797624 0.997724 -0.0325579 0.997185 0.0675392 0.0488668 0.0820993 -0.0646784 0.994523 0.0464712
225 236 56 0.996482 0.0400332 -0.0736249 0.99602 -0.0347861 0.996854 0.0712185 0.0345259 0.0762444 -0.0684068 0.99474 0.0821665
225 237 54 0.995562 0.0411608 -0.0846287 0.991737 -0.0353545 0.99699 0.0689987 0.0387176 0.087214 -0.0657005 0.994021 0.122309
225 238 25 0.994314 0.10631 -0.00622197 0.12699 -0.105397 0.990769 0.085255 0.148766 0.015228 -0.0841144 0.99634 0.980685
225 239 52 0.995619 0.0333069 -0.0873716 0.997141 -0.0287656 0.998194 0.0527302 0.0289361 0.0889701 -0.0499859 0.994779 0.0698039
240 241 0 1 0 0 0 0 1 0 0 0 0 1 0
240 242 0 1 0 0 0 0 1 0 0 0 0 1 0
240 243 32 0.999903 -0.0012355 -0.0138984 0.96881 0.00121931 0.999999 -0.00117396 -0.179464 0.0138999 0.0011569 0.999903 0.17088
240 244 17 0.999926 -0.0118531 -0.00279975 -0.579162 0.0118164 0.999849 -0.0127622 0.784571 0.0029506 0.0127282 0.999915 -0.221404
240 245 10 0.99993 -0.0115672 -0.00252889 -0.73574 0.0115225 0.999789 -0.0170262 0.660097 0.0027253 0.0169959 0.999852 -0.151524
240 246 133 0.999564 -0.000437371 -0.0295087 0.959064 3.32715e-07 0.99989 -0.0148089 -0.013894 0.0295119 0.0148024 0.999455 -0.282849
240 247 84 0.999617 0.000130903 -0.0276757 0.909113 -0.000437117 0.999939 -0.0110586 0.0413917 0.0276726 0.0110664 0.999556 -0.414489
240 248 124 0.999451 0.00353596 -0.0329338 0.906716 -0.00367442 0.999985 -0.00414469 -0.0106361 0.0329186 0.00426342 0.999449 -0.421608
240 249 31 0.999934 0.00315788 -0.0110422 0.575038 -0.00317329 0.999994 -0.0013789 -0.0876099 0.0110378 0.00141385 0.999938 0.813422
240 250 41 0.999725 -0.000763797 -0.0234562 0.190968 0.000953841 0.999967 0.00809195 0.142458 0.0234493 -0.00811209 0.999692 0.971204
240 251 134 0.998534 0.00657085 -0.0537216 0.833369 -0.00548181 0.999777 0.0203942 -0.101297 0.0538436 -0.0200698 0.998348 -0.543356
240 252 154 0.998111 0.0150617 -0.0595619 0.961468 -0.0138823 0.9997 0.0201653 0.0505169 0.0598478 -0.0193003 0.998021 -0.270235
240 253 118 0.99831 0.0284645 -0.0506565 0.970128 -0.027764 0.99951 0.0144787 0.235858 0.0510438 -0.0130478 0.998611 -0.0567707
240 254 142 0.998637 0.026455 -0.0449956 0.930125 -0.0255995 0.999482 0.0194845 0.0538274 0.0454878 -0.018306 0.998797 -0.363278
255 256 10 0.999985 0.00457479 -0.00297382 0.275047 -0.00455502 0.999968 0.0066203 -0.0157057 0.00300402 -0.00660665 0.999974 -0.961303
255 257 0 1 0 0 0 0 1 0 0 0 0 1 0
255 258 14 0.999314 0.036889 -0.0033676 0.267707 -0.0368507 0.999262 0.0108062 -0.288938 0.00376374 -0.0106746 0.999936 -0.919156
255 259 12 0.999157 0.0402213 0.00826461 -0.69993 -0.0401605 0.999166 -0.00739717 0.714209 -0.00855524 0.00705902 0.999938 0.00175733
255 260 18 0.998309 0.0577784 0.00643396 0.248167 -0.0577339 0.998308 -0.0068891 -0.443028 -0.00682112 0.00650599 0.999956 -0.861475
255 261 23 0.998243 0.0573626 0.014877 0.560863 -0.0571059 0.998221 -0.0171421 -0.150535 -0.0158338 0.0162624 0.999742 0.814108
255 262 45 0.997621 0.0689137 -0.0017201 0.338115 -0.0689245 0.997595 -0.00732526 0.164309 0.00121116 0.00742639 0.999972 -0.92665
255 263 96 0.997298 0.069118 -0.0248788 0.872948 -0.0691764 0.997603 -0.00149415 0.0461762 0.0247159 0.00321114 0.999689 -0.485624
255 264 52 0.997599 0.0648095 -0.0244072 0.836361 -0.0648345 0.997896 -0.000235582 0.0747349 0.0243405 0.00181744 0.999702 -0.543061
255 265 143 0.996869 0.067151 -0.041737 0.916849 -0.067083 0.997743 0.00302806 0.0364482 0.0418461 -0.00021873 0.999124 -0.397568
255 266 78 0.997147 0.0651634 -0.0380997 0.905433 -0.0650888 0.997874 0.0031954 -0.0618239 0.0382269 -0.000706423 0.999269 -0.419964
255 267 18 0.996713 0.078946 -0.0181855 0.828556 -0.0790606 0.996854 -0.00567021 0.466102 0.0176807 0.00708934 0.999819 0.310231
255 268 47 0.997533 0.0615378 -0.0337665 0.928106 -0.0620851 0.997952 -0.015406 0.0331452 0.0327493 0.0174644 0.999311 -0.370837
255 269 23 0.997879 0.0595688 -0.0262618 0.861752 -0.0601428 0.997955 -0.0216394 0.217147 0.0249191 0.0231729 0.999421 0.458509
270 271 12 0.999993 0.00220204 -0.00313658 0.212086 -0.0022042 0.999997 -0.000685487 0.105317 0.00313506 0.000692395 0.999995 -0.97156
270 272 14 0.999921 0.00665942 -0.0106984 0.252727 -0.00664396 0.999977 0.00147971 0.130377 0.010708 -0.00140851 0.999942 -0.958713
270 273 18 0.999812 0.00790429 -0.017722 -0.457955 -0.0078967 0.999969 0.00049811 0.169088 0.0177253 -0.000358072 0.999843 -0.872746
270 274 19 0.99959 0.00710251 -0.0277553 0.42486 -0.00712697 0.999974 -0.000782178 0.0836041 0.0277491 0.000979668 0.999614 -0.90139
270 275 27 0.999281 0.0094393 -0.0367199 0.523703 -0.00936889 0.999954 0.00208918 -0.0150684 0.0367379 -0.00174365 0.999323 -0.851767
270 276 19 0.999347 0.0104483 -0.0345793 -0.715733 -0.0104509 0.999945 0.000104688 -0.0876406 0.0345785 0.000256766 0.999402 -0.692853
270 277 23 0.999069 0.00895809 -0.0422012 0.454205 -0.00922097 0.999939 -0.00603872 -0.25816 0.0421445 0.00642223 0.999091 0.852673
270 278 64 0.998167 0.0220908 -0.0563486 0.422291 -0.0220107 0.999756 0.00204173 0.146534 0.0563799 -0.000797717 0.998409 -0.894538
270 279 39 0.997528 0.0219536 -0.0667526 0.452198 -0.0213192 0.999721 0.0102009 -0.0993116 0.0669579 -0.0087526 0.997717 -0.886371
270 280 66 0.996336 0.0265348 -0.0813085 0.851338 -0.0260857 0.999638 0.0065803 0.128599 0.0814537 -0.0044352 0.996667 -0.508611
270 281 121 0.99482 0.0301833 -0.0970687 0.844313 -0.029624 0.999535 0.00719878 0.138538 0.0972409 -0.00428593 0.995252 -0.517632
270 282 38 0.996497 0.0244178 -0.0799792 0.463839 -0.0238361 0.999682 0.00822039 -0.222768 0.0801545 -0.0062852 0.996763 0.857454
270 283 27 0.996317 0.0244227 -0.082189 0.864299 -0.0243008 0.999702 0.00248379 -0.134706 0.0822251 -0.000477384 0.996614 0.484604
270 284 45 0.994829 0.0249358 -0.0984523 -0.0387835 -0.0249793 0.999688 0.000791205 0.243355 0.0984413 0.00167215 0.995141 -0.969162
285 286 0 1 0 0 0 0 1 0 0 0 0 1 0
285 287 102 0.999431 0.000542499 -0.033715 0.979857 -0.00072582 0.999985 -0.00542536 0.173873 0.0337116 0.00544675 0.999417 -0.0982223
285 288 10 0.99991 0.00215823 -0.0132529 -0.0478815 -0.00205754 0.999969 0.00760602 0.284876 0.0132689 -0.00757807 0.999883 -0.957368
285 289 17 0.999858 0.0017856 -0.0167462 -0.739136 -0.00144618 0.999794 0.0202585 0.0288739 0.016779 -0.0202314 0.999655 -0.672937
285 290 26 0.999087 -0.000133695 -0.0427101 0.368309 0.00127094 0.999645 0.026601 0.0720844 0.0426914 -0.026631 0.998733 -0.926905
285 291 77 0.997585 0.0106093 -0.0686459 0.866455 -0.00865747 0.999551 0.0286687 0.267065 0.0689193 -0.0280051 0.997229 -0.421821
285 292 91 0.997116 0.0225747 -0.0724547 0.908743 -0.019737 0.999019 0.0396448 0.215396 0.0732786 -0.0381004 0.996583 -0.357477
285 293 120 0.996865 0.0239065 -0.0754258 0.942327 -0.0206259 0.99882 0.0439778 0.175476 0.0763881 -0.0422842 0.996181 -0.285006
285 294 121 0.994694 0.029206 -0.0986431 0.958259 -0.0247236 0.998619 0.0463609 0.153135 0.0998608 -0.0436761 0.994042 -0.241431
285 295 94 0.994101 0.0283339 -0.104691 0.993097 -0.0229392 0.998364 0.0523801 -0.116757 0.106004 -0.0496696 0.993124 -0.0112758
285 296 91 0.991598 0.0435457 -0.121811 0.930269 -0.038117 0.998189 0.0465483 0.129667 0.123618 -0.0415141 0.991461 -0.343201
285 297 88 0.990829 0.0536678 -0.124011 0.95282 -0.0477233 0.997587 0.0504207 0.161798 0.126417 -0.0440401 0.990999 -0.256819
285 298 90 0.991338 0.0568969 -0.118371 0.885352 -0.0508479 0.997272 0.0535115 0.135215 0.121093 -0.0470291 0.991526 -0.444824
285 299 38 0.994986 0.0616816 -0.0787286 -0.200144 -0.0573505 0.996775 0.0561383 0.0583358 0.0819374 -0.0513417 0.995314 -0.978028
300 301 22 0.999984 -0.00283666 -0.00491408 0.201939 0.00286173 0.999983 0.00510073 -0.0683722 0.00489953 -0.00511471 0.999975 0.977009
300 302 14 0.99991 -0.00420334 -0.0127201 0.731401 0.00431868 0.99995 0.00905312 -0.121816 0.0126814 -0.00910724 0.999878 0.670979
300 303 136 0.999557 0.00502257 -0.0293278 0.993588 -0.00471394 0.999933 0.010583 0.0543455 0.029379 -0.0104401 0.999514 0.0991435
300 304 22 0.999817 0.0131636 -0.0138991 0.720281 -0.0129974 0.999844 0.0119808 -0.097759 0.0140546 -0.0117979 0.999832 0.68676
300 305 191 0.999109 0.0245747 -0.0343077 0.978051 -0.0242109 0.999647 0.0109797 -0.0179424 0.0345654 -0.0101393 0.999351 0.207594
300 306 50 0.999807 0.0155469 -0.0119915 -0.447693 -0.0156273 0.999856 -0.0066372 0.696258 0.0118866 0.00682331 0.999906 -0.561067
300 307 140 0.999255 0.0330093 -0.0200111 0.769626 -0.0331742 0.999418 -0.00796349 0.00608692 0.0197365 0.00862141 0.999768 0.638466
300 308 191 0.998819 0.0346418 -0.0340656 0.982264 -0.0350251 0.999329 -0.010719 -0.0603808 0.0336714 0.0118995 0.999362 0.177514
300 309 190 0.998411 0.0415093 -0.0381154 0.985698 -0.0423066 0.998897 -0.0203541 0.166757 0.0372284 0.0219342 0.999066 -0.0243048
300 310 109 0.999564 0.0193631 -0.022285 0.938907 -0.0200189 0.999362 -0.0295918 -0.124546 0.0216978 0.030025 0.999314 0.320844
300 311 171 0.999521 0.019829 -0.0237773 0.971478 -0.0207424 0.999032 -0.0388039 0.063302 0.0229849 0.0392785 0.998964 0.228524
300 312 156 0.999422 0.00941095 -0.0326735 0.989966 -0.010808 0.999023 -0.0428475 0.0194311 0.0322384 0.0431758 0.998547 -0.139964
300 313 242 0.998954 0.00333144 -0.0456153 0.999951 -0.00545733 0.998901 -0.04656 0.00866921 0.04541 0.0467602 0.997873 0.00470062
300 314 147 0.999711 -0.00384854 -0.0237266 0.99755 0.00258025 0.998578 -0.0532549 0.0415803 0.0238978 0.0531783 0.998299 0.0562641
315 316 12 0.999993 -0.00144754 0.00339038 0.0580009 0.00143869 0.999996 0.00261207 -0.793437 -0.00339414 -0.00260717 0.999991 -0.605882
315 317 11 0.99998 -0.0059101 0.00210346 0.793278 0.00590735 0.999982 0.00131017 0.148325 -0.00211117 -0.00129772 0.999997 -0.590516
315 318 16 0.99988 -0.010162 0.0116748 0.260559 0.00997759 0.999826 0.0157447 0.817948 -0.0118328 -0.0156263 0.999808 0.512904
315 319 89 1 0.000142846 -3.86185e-05 0.849456 -0.000142456 0.999951 0.00992329 0.1859 4.00341e-05 -0.00992329 0.999951 -0.493828
315 320 20 0.999795 -0.000268548 0.0202439 -0.0870692 -2.01414e-05 0.999898 0.014259 0.131152 -0.0202456 -0.0142565 0.999693 -0.987531
315 321 198 0.999978 0.00573579 0.0033949 0.98699 -0.00579093 0.999848 0.0164595 -0.0956491 -0.00329998 -0.0164788 0.999859 -0.129233
315 322 162 0.99987 0.00992225 0.0127059 0.992182 -0.0100609 0.99989 0.0108956 0.0316858 -0.0125964 -0.0110221 0.99986 -0.12071
315 323 17 0.999443 0.00690121 0.0326485 -0.156634 -0.0072504 0.999918 0.0105891 0.239359 -0.0325727 -0.0108199 0.999411 -0.958213
315 324 19 0.999646 0.00993879 0.0246722 0.591275 -0.0102786 0.999854 0.0136841 0.0372331 -0.0245326 -0.0139328 0.999602 -0.80561
315 325 18 0.999612 0.00880545 0.0264217 0.00984576 -0.00917796 0.99986 0.0140108 0.343861 -0.0262946 -0.0142479 0.999553 -0.938969
315 326 32 0.999811 0.0114651 0.0157183 0.709057 -0.0117756 0.999734 0.0198065 0.036693 -0.015487 -0.0199878 0.99968 -0.704196
315 327 99 0.999915 0.012488 0.00366524 0.844284 -0.0125716 0.999639 0.0237414 -0.0578062 -0.00336744 -0.0237854 0.999711 -0.532769
315 328 213 0.999847 0.016951 -0.00441344 0.738772 -0.0168429 0.999583 0.0234689 0.22666 0.00480941 -0.0233909 0.999715 -0.634697
315 329 190 0.999744 0.0220003 -0.00536805 0.776314 -0.02182 0.999262 0.0315991 0.122068 0.00605928 -0.0314739 0.999486 -0.618415
330 331 0 1 0 0 0 0 1 0 0 0 0 1 0
330 332 0 1 0 0 0 0 1 0 0 0 0 1 0
330 333 11 0.999855 0.000291754 -0.0170526 0.666148 -0.000303727 1 -0.00069954 0.124878 0.0170523 0.000704617 0.999854 -0.735291
330 334 14 0.999881 -0.00289995 -0.0151815 0.688881 0.00289457 0.999996 -0.00037633 -0.209113 0.0151825 0.000332341 0.999885 0.694056
330 335 28 0.999532 -0.000139503 -0.030601 0.974053 9.64403e-05 0.999999 -0.00140872 0.108614 0.0306012 0.00140511 0.999531 0.198555
330 336 71 0.999338 0.0034244 -0.0362255 0.989718 -0.00350434 0.999992 -0.00214355 -0.124263 0.0362179 0.00226908 0.999341 -0.0708372
330 337 27 0.999585 0.0143313 -0.0249752 0.966747 -0.0145394 0.999861 -0.00817164 0.126955 0.0248546 0.00853137 0.999655 0.221999
330 338 37 0.999433 0.0191226 -0.0277243 0.925853 -0.0194095 0.99976 -0.0101171 0.207924 0.0275242 0.0106495 0.999564 0.315538
330 339 22 0.998905 0.0202096 -0.0421981 0.973547 -0.0209881 0.999616 -0.0180872 0.181371 0.0418164 0.0189531 0.998946 -0.138966
330 340 147 0.998189 0.0198065 -0.0568036 0.894639 -0.0208651 0.999618 -0.0181036 -0.0724342 0.0564234 0.019256 0.998221 -0.44088
330 341 194 0.997507 0.0222416 -0.0669676 0.893745 -0.0234104 0.999586 -0.0167196 0.043669 0.066568 0.0182456 0.997615 -0.446446
330 342 187 0.996947 0.0224663 -0.0747737 0.928531 -0.0234644 0.999647 -0.0124977 0.026166 0.0744665 0.0142141 0.997122 -0.370332
330 343 80 0.997186 0.0401597 -0.0632978 0.537715 -0.04143 0.998963 -0.0188844 0.763929 0.0624738 0.0214537 0.997816 -0.356756
330 344 123 0.996689 0.032359 -0.0745943 0.754724 -0.0319409 0.999467 0.00679086 0.0787161 0.0747742 -0.00438576 0.997191 -0.651302
345 346 11 0.999995 0.00129752 -0.00272281 0.376889 -0.00127756 0.999972 0.00731962 -0.158299 0.00273223 -0.00731611 0.99997 0.912632
345 347 0 1 0 0 0 0 1 0 0 0 0 1 0
345 348 10 0.999893 -0.00197298 -0.0145102 -0.273445 0.00218832 0.999887 0.0148394 0.868228 0.0144793 -0.0148695 0.999785 0.414014
