0 1 0 1 0 0 0 0 1 0 0 0 0 1 0
0 2 10 0.999838 0.0178899 -0.00174299 0.145483 -0.0178859 0.999837 0.00227802 0.281149 0.00178346 -0.00224647 0.999996 0.948573
0 3 48 0.999824 0.0172046 -0.00752033 0.752054 -0.0170898 0.99974 0.015071 -0.472078 0.00777767 -0.0149398 0.999858 -0.459954
0 4 28 0.999878 0.0156105 0.000686801 0.482053 -0.015615 0.999853 0.00708685 0.133883 -0.000576071 -0.00709671 0.999975 0.865852
0 5 12 0.999912 0.0105789 -0.00801244 0.807352 -0.0105218 0.999919 0.00713931 -0.307822 0.00808732 -0.00705437 0.999942 0.503416
0 6 20 0.99993 0.0100594 0.00620759 -0.885468 -0.010005 0.999912 -0.0087328 0.348857 -0.00629489 0.00867008 0.999943 0.306995
0 7 187 0.999498 0.0127837 -0.0290049 0.988541 -0.0129785 0.999894 -0.00653759 -0.0975939 0.0289183 0.00691075 0.999558 0.115164
0 8 13 0.999972 0.00722845 -0.00183314 0.773843 -0.00724993 0.999902 -0.0119943 -0.249587 0.00174626 0.0120072 0.999926 0.582128
0 9 29 0.999855 0.00123004 -0.0169653 0.696204 -0.00144833 0.999916 -0.0128606 -0.244858 0.0169481 0.0128833 0.999773 0.674792
0 10 191 0.998861 0.00717608 -0.0471794 0.965234 -0.00752197 0.999946 -0.00715788 -0.243507 0.0471255 0.00750461 0.998861 -0.0950169
0 11 151 0.999452 0.00300423 -0.0329606 0.984631 -0.00357914 0.999842 -0.017397 0.0359589 0.0329031 0.0175055 0.999305 0.170907
0 12 41 0.999917 0.00498671 -0.0118813 0.995468 -0.0051739 0.999862 -0.0157761 -0.0884336 0.011801 0.0158363 0.999805 0.034981
0 13 79 0.999638 0.00412452 -0.0265766 0.998569 -0.004563 0.999854 -0.0164595 -0.0223377 0.0265049 0.0165748 0.999511 -0.0485936
0 14 127 0.999424 0.0073966 -0.0331266 0.997399 -0.00794044 0.999835 -0.0163158 -0.0631811 0.0330004 0.0165695 0.999318 0.0346756
15 16 0 1 0 0 0 0 1 0 0 0 0 1 0
15 17 26 0.999905 -0.0131711 -0.00413843 0.458379 0.0131567 0.999907 -0.00348774 0.114657 0.00418398 0.00343296 0.999985 -0.88133
15 18 41 0.999884 -0.0128343 -0.00823449 0.52219 0.012821 0.999916 -0.00167438 0.0775031 0.00825529 0.00156861 0.999965 -0.8493
15 19 226 0.999676 -0.00901193 -0.0237989 0.952866 0.00901542 0.999959 3.93721e-05 0.130446 0.0237975 -0.000253916 0.999717 -0.273916
15 20 38 0.999833 -0.0147856 0.010771 -0.769266 0.0147717 0.99989 0.00136903 0.18937 -0.0107901 -0.0012097 0.999941 -0.61022
15 21 82 0.999777 -0.0126794 -0.0168936 0.871884 0.0124675 0.999843 -0.0125939 0.186811 0.0170506 0.0123804 0.999778 -0.45268
15 22 206 0.999578 -0.00460229 -0.0286667 0.964251 0.00443638 0.999973 -0.0058486 -0.0711719 0.0286929 0.00571896 0.999572 -0.255253
15 23 90 0.99974 -0.00155879 -0.0227621 0.992354 0.0011703 0.999854 -0.0170707 0.123407 0.0227854 0.0170396 0.999595 -0.00183096
15 24 56 0.999718 0.00331699 -0.0235193 0.949542 -0.00399574 0.999575 -0.0288713 0.258712 0.0234136 0.0289571 0.999306 0.177309
15 25 120 0.998912 0.00260757 -0.0465515 0.958166 -0.00411102 0.999472 -0.0322301 0.0607767 0.0464429 0.0323864 0.998396 -0.279686
15 26 152 0.998715 0.0067544 -0.0502258 0.911578 -0.00856374 0.999319 -0.0358967 0.122634 0.0499491 0.0362807 0.998093 -0.39241
15 27 160 0.998917 0.0126218 -0.0447931 0.931911 -0.0140591 0.999392 -0.0319201 0.119614 0.044363 0.0325153 0.998486 -0.342394
15 28 139 0.99715 0.0190903 -0.0729876 0.946233 -0.0216337 0.99918 -0.0342167 0.16651 0.0722746 0.0356982 0.996746 -0.277339
15 29 101 0.99785 0.0254479 -0.0603996 0.875907 -0.0269554 0.999342 -0.0242767 0.0348537 0.059742 0.0258526 0.997879 -0.48122
30 31 19 0.999887 0.0133247 0.00701531 0.351291 -0.0133638 0.999895 0.00555253 0.22629 -0.00694059 -0.00564565 0.99996 -0.908508
30 32 20 0.999907 0.0117966 0.00688029 0.377713 -0.0118268 0.999921 0.00436854 0.356517 -0.00682821 -0.0044495 0.999967 -0.854534
30 33 108 0.999758 0.00495131 0.0214484 -0.946689 -0.00497717 0.999987 0.00115261 0.00281427 -0.0214424 -0.00125908 0.999769 0.322137
30 34 20 0.999935 0.0055606 -0.00995374 0.585163 -0.00553596 0.999982 0.0025008 -0.214434 0.00996747 -0.00244554 0.999947 0.78205
30 35 22 0.999928 0.00382852 -0.0113361 0.795019 -0.00379072 0.999987 0.00335395 -0.150301 0.0113488 -0.00331073 0.99993 0.587669
30 36 10 0.999995 -0.00268707 -0.00178382 -0.916382 0.00268853 0.999996 0.000815547 0.158649 0.00178163 -0.000820338 0.999998 -0.367526
30 37 36 0.999681 0.00294555 -0.0250764 0.801419 -0.00289146 0.999993 0.00219282 0.00342902 0.0250827 -0.00211961 0.999683 -0.598094
30 38 83 0.999136 0.0189703 -0.0369899 0.948175 -0.0188049 0.999812 0.00481454 0.125966 0.0370743 -0.00411479 0.999304 -0.291712
30 39 30 0.99958 0.0202406 -0.0207568 0.981876 -0.0200208 0.999742 0.0107411 0.0845768 0.0209688 -0.010321 0.999727 -0.169604
30 40 54 0.999546 0.0153648 -0.0259228 0.654643 -0.0150205 0.999797 0.0134257 0.112526 0.0261238 -0.0130302 0.999574 -0.747516
30 41 105 0.998516 0.0138791 -0.0526532 0.943069 -0.0126951 0.99966 0.0227549 -0.0459368 0.0529512 -0.0220527 0.998354 -0.32941
30 42 30 0.999771 -0.000862123 -0.0213859 0.977393 0.00129503 0.999794 0.0202371 0.109949 0.0213641 -0.0202602 0.999566 -0.180595
30 43 88 0.998397 0.00631806 -0.0562491 0.985186 -0.00566636 0.999915 0.0117381 0.129699 0.0563185 -0.0114005 0.998348 -0.11219
30 44 36 0.998958 0.00547556 -0.0453196 0.707603 -0.0042947 0.99965 0.0261127 0.101545 0.0454467 -0.0258909 0.998631 -0.699276
45 46 42 0.999919 0.00606466 -0.0112076 0.946147 -0.00597965 0.999953 0.00760329 -0.323012 0.0112532 -0.00753565 0.999908 0.0216433
45 47 12 0.999915 0.00400843 0.0123719 -0.798294 -0.00400569 0.999992 -0.000246002 -0.00575109 -0.0123728 0.000196423 0.999923 0.60224
45 48 19 0.999991 0.00418659 3.54492e-05 -0.532425 -0.00418637 0.99998 -0.00469857 -0.170419 -5.51194e-05 0.00469838 0.999989 0.829144
45 49 50 0.999996 -0.00179361 0.00226124 0.045636 0.00179 0.999997 0.00160018 0.284935 -0.0022641 -0.00159613 0.999996 -0.95746
45 50 44 0.999547 0.0165238 -0.0251699 0.973255 -0.0161589 0.999762 0.0146328 -0.214962 0.0254057 -0.0142195 0.999576 0.0810294
45 51 70 0.999275 0.0254627 -0.0283089 0.778659 -0.0256541 0.99965 -0.00641831 0.156395 0.0281356 0.0071399 0.999579 0.607644
45 52 25 0.999893 0.00330797 -0.01423 0.758576 -0.00345052 0.999944 -0.0100043 -0.3502 0.0141961 0.0100524 0.999849 0.549475
45 53 94 0.996252 0.0404986 -0.0764364 0.991744 -0.041895 0.998982 -0.0167546 0.0306423 0.07568 0.0198941 0.996934 -0.124522
45 54 78 0.997063 0.0577731 -0.0502675 0.956397 -0.0579442 0.998318 -0.00195278 0.0469853 0.0500701 0.00485975 0.998734 -0.288267
45 55 82 0.996539 0.0602892 -0.0572335 0.992275 -0.0600924 0.99818 0.00515635 0.0357619 0.0574402 -0.00169921 0.998348 -0.118794
45 56 39 0.99793 0.0534559 -0.0357479 0.986147 -0.0529414 0.998482 0.0151885 -0.027332 0.0365055 -0.0132645 0.999245 0.163607
45 57 62 0.995981 0.0538562 -0.0715607 0.972051 -0.0530511 0.998506 0.0131061 0.00261796 0.0721596 -0.00925702 0.99735 0.234757
45 58 58 0.99732 0.0503459 -0.053082 0.99815 -0.0500652 0.998724 0.00660454 0.0408293 0.0533468 -0.00392928 0.998568 0.0450416
45 59 65 0.996731 0.0529425 -0.0610205 0.998117 -0.0526217 0.998591 0.00685375 0.0177107 0.0612974 -0.00362034 0.998113 -0.0587225
60 61 0 1 0 0 0 0 1 0 0 0 0 1 0
60 62 0 1 0 0 0 0 1 0 0 0 0 1 0
60 63 40 0.999932 -0.00334216 -0.0111773 0.977503 0.00332151 0.999993 -0.00186572 -0.0154676 0.0111835 0.00182847 0.999936 0.210355
60 64 16 0.999964 -0.00731761 -0.00433497 0.945675 0.00730921 0.999971 -0.00194926 -0.0481411 0.00434911 0.00191751 0.999989 -0.321529
60 65 44 0.999936 -0.0113406 0.000136423 0.73628 0.0113411 0.999923 -0.00496332 0.127287 -8.01258e-05 0.00496455 0.999988 -0.664597
60 66 164 0.999559 -0.00936932 -0.0281782 0.996748 0.00913118 0.999922 -0.00856824 -0.0317224 0.0282563 0.00830716 0.999566 -0.0740778
60 67 146 0.999484 -0.0130479 -0.0293384 0.983335 0.0126981 0.999846 -0.0120785 0.0592709 0.0294915 0.0116997 0.999497 -0.171872
60 68 63 0.999759 -0.0120792 -0.0183088 0.967657 0.0118424 0.999845 -0.0129918 0.0228783 0.0184629 0.0127719 0.999748 -0.251231
60 69 73 0.999712 -0.00782288 -0.0226741 0.95233 0.00744297 0.999831 -0.0167917 0.125976 0.0228017 0.0166181 0.999602 -0.277843
60 70 63 0.999718 -0.0120141 -0.0204885 0.894365 0.0117531 0.999849 -0.0128129 0.188369 0.0206394 0.0125684 0.999708 -0.405745
60 71 96 0.999311 -0.0111099 -0.035401 0.981592 0.0108394 0.999911 -0.00782398 0.0165567 0.0354848 0.00743486 0.999343 -0.190273
60 72 131 0.99872 -0.00307242 -0.0504795 0.982546 0.0024315 0.999916 -0.0127531 0.120917 0.0505145 0.012614 0.998644 -0.141357
60 73 75 0.999343 -0.00349048 -0.0360843 0.893132 0.00317647 0.999957 -0.00875581 0.0195392 0.0361133 0.00863544 0.99931 -0.44937
60 74 113 0.99851 0.00127506 -0.0545558 0.94778 -0.0018031 0.999952 -0.00963071 0.0506123 0.0545409 0.00971473 0.998464 -0.314885
75 76 24 0.999976 0.00456481 0.00527049 0.304558 -0.00456624 0.99999 0.000259112 -0.105726 -0.00526925 -0.000283172 0.999986 0.946608
75 77 17 1 -0.00020307 0.000438051 0.464592 0.000202666 1 0.000920356 0.0250686 -0.000438238 -0.000920267 0.999999 -0.88517
75 78 17 0.999958 0.00539821 -0.00744654 0.744912 -0.00540494 0.999985 -0.000884326 0.0769016 0.00744166 0.000924536 0.999972 -0.662716
75 79 95 0.999626 0.0132902 -0.0239008 0.977046 -0.0133337 0.99991 -0.00165851 -0.146277 0.0238766 0.00197657 0.999713 -0.154871
75 80 32 0.999766 0.0202388 -0.00765396 0.778319 -0.0203131 0.999746 -0.00975713 0.102337 0.00745454 0.00991032 0.999923 -0.619473
75 81 66 0.99957 0.0202266 -0.0212425 0.756017 -0.0205867 0.999646 -0.0168747 0.203795 0.0208937 0.0173048 0.999632 -0.622017
75 82 59 0.999365 0.0231712 -0.0270584 0.78705 -0.0234734 0.999665 -0.0109045 0.114109 0.0267967 0.0115327 0.999574 -0.606244
75 83 132 0.998564 0.0274602 -0.0459885 0.945741 -0.0284541 0.999372 -0.0210983 0.324632 0.0453803 0.0223765 0.998719 0.0137458
75 84 111 0.998491 0.0298148 -0.0461273 0.855033 -0.030464 0.999446 -0.013435 0.191835 0.0457012 0.0148199 0.998845 -0.481785
75 85 50 0.999547 0.0296404 -0.00527416 0.259191 -0.029637 0.99956 0.000731265 0.238117 0.00529352 -0.000574623 0.999986 -0.936013
75 86 71 0.997077 0.0452935 -0.0615288 0.874321 -0.0447215 0.998943 0.0106441 0.311011 0.0619459 -0.00786137 0.998049 -0.372606
75 87 49 0.998602 0.0463502 -0.0254274 0.870091 -0.0455624 0.998489 0.0307326 0.203468 0.0268135 -0.029531 0.999204 -0.448935
75 88 46 0.998538 0.0462081 -0.0280341 0.838375 -0.0453333 0.998488 0.0310763 0.183429 0.0294277 -0.02976 0.999124 -0.513305
75 89 41 0.998585 0.0444676 -0.0291575 0.878416 -0.0435588 0.998567 0.0310942 0.194283 0.0304984 -0.0297802 0.999091 -0.436622
90 91 115 0.999901 -0.0135487 0.00387704 -0.261423 0.0134579 0.999655 0.0225593 -0.960851 -0.00418135 -0.0225049 0.999738 -0.0917793
90 92 0 1 0 0 0 0 1 0 0 0 0 1 0
90 93 107 0.998769 -0.0067668 -0.0491396 0.897433 0.0065742 0.99997 -0.00407992 0.263694 0.0491657 0.00375185 0.998784 -0.353667
90 94 21 0.999937 -0.00928789 -0.00631894 0.229006 0.00932693 0.999937 0.00617806 0.188103 0.00626116 -0.00623661 0.999961 -0.955078
90 95 26 0.999908 -0.00932765 -0.00987595 0.160378 0.00935161 0.999953 0.00238317 0.211193 0.00985326 -0.00247531 0.999948 -0.964197
90 96 39 0.998903 -0.0161877 -0.0439324 0.935645 0.0158572 0.999843 -0.0078614 0.209793 0.0440528 0.00715614 0.999004 -0.283824
90 97 48 0.999612 -0.00898085 -0.0263654 0.710243 0.00878249 0.999932 -0.00762965 0.139016 0.0264321 0.00739513 0.999623 -0.690094
90 98 37 0.999763 -0.00570408 -0.0210127 0.542442 0.00555829 0.99996 -0.0069903 0.0749984 0.0210517 0.00687185 0.999755 -0.836739
90 99 36 0.999364 -0.0179711 -0.0308012 0.615277 0.0176113 0.999774 -0.0119129 0.136783 0.0310083 0.0113629 0.999455 -0.776354
90 100 75 0.996867 -0.0129904 -0.07802 0.898407 0.012163 0.999865 -0.0110711 0.141599 0.0781533 0.0100875 0.99689 -0.41571
90 101 31 0.999295 -0.0180796 -0.0329025 0.617555 0.0178128 0.999806 -0.00838484 0.164386 0.0330477 0.00779285 0.999423 -0.769158
90 102 32 0.99976 -0.0210176 -0.00621583 0.285641 0.0209621 0.999741 -0.00886296 0.242293 0.0064005 0.00873054 0.999941 -0.927202
90 103 57 0.995092 0.00813421 -0.0986215 0.965617 -0.0105462 0.999657 -0.0239609 0.25641 0.0983928 0.0248834 0.994837 0.0428704
90 104 36 0.999766 0.00903084 -0.0196746 0.38716 -0.00924548 0.999898 -0.0108462 0.112937 0.0195747 0.0110256 0.999748 -0.91507
105 106 25 0.999946 0.0103298 0.000662278 0.298129 -0.0103277 0.999942 -0.00305389 -0.214786 -0.000693786 0.00304688 0.999995 0.930046
105 107 19 0.999797 0.0201022 0.00134762 0.138795 -0.0200995 0.999796 -0.00202321 -0.124406 -0.00138801 0.00199571 0.999997 0.982476
105 108 30 0.999264 0.0375767 0.00768182 0.182155 -0.0375394 0.999283 -0.00494741 0.11086 -0.00786222 0.0046554 0.999958 -0.977
105 109 38 0.999056 0.0418443 -0.0116279 0.972738 -0.0420174 0.999003 -0.0150685 -0.134314 0.0109858 0.0155428 0.999819 -0.18905
105 110 75 0.997996 0.0553326 -0.0306824 0.94954 -0.0556911 0.998388 -0.0109554 -0.213851 0.0300267 0.0126422 0.999469 -0.229438
105 111 41 0.999217 0.0395455 -0.00121739 0.425176 -0.0395628 0.99897 -0.0222246 0.261876 0.000337249 0.0222554 0.999752 -0.866399
105 112 65 0.991504 0.0550732 -0.117838 0.968996 -0.0602336 0.997355 -0.0406858 0.24156 0.115286 0.047438 0.992199 -0.0519131
105 113 70 0.995853 0.0689352 -0.0593706 0.99342 -0.0694912 0.997556 -0.0073482 -0.00471313 0.0587189 0.0114435 0.998209 -0.11443
105 114 38 0.998716 0.0497807 -0.00938752 0.966438 -0.0498491 0.998731 -0.00720428 0.0109099 0.00901697 0.00766299 0.99993 -0.256668
105 115 22 0.998756 0.043055 0.0251393 -0.440824 -0.0428178 0.999034 -0.00989759 -0.228475 -0.0255411 0.00880887 0.999635 0.868029
105 116 26 0.998248 0.0587819 -0.00681716 0.571409 -0.0591377 0.9951 -0.0792446 0.819098 0.0021256 0.0795089 0.996832 -0.0506998
105 117 12 0.999733 0.0181893 0.0142388 0.307841 -0.0174748 0.998656 -0.0487878 -0.15645 -0.0151071 0.048526 0.998708 0.938487
105 118 18 0.996322 0.0851095 -0.00996322 0.916519 -0.0856312 0.993208 -0.0787703 0.0911778 0.00319145 0.0793337 0.996843 -0.389461
105 119 11 0.999905 -0.013076 -0.00436561 0.215969 0.0127081 0.997049 -0.0757147 0.202449 0.00534277 0.075652 0.99712 0.955182
120 121 15 0.999849 0.0150722 0.00868199 0.252793 -0.0150977 0.999882 0.00288724 0.213866 -0.00863745 -0.00301788 0.999958 -0.943587
120 122 24 0.999749 0.0102013 0.0199461 0.111154 -0.0105373 0.999803 0.0168109 -0.542475 -0.0197707 -0.0170168 0.99966 0.832686
120 123 26 0.999705 0.00742912 0.0231051 0.315347 -0.00782822 0.999821 0.017231 -0.251928 -0.022973 -0.0174068 0.999585 0.914925
120 124 25 0.999378 -0.00958509 0.033932 -0.142055 0.00846183 0.999416 0.0330933 -0.656252 -0.0342294 -0.0327856 0.998876 0.741049
120 125 60 0.997809 -0.0615614 0.0242545 0.304656 0.0601303 0.996626 0.0558699 -0.486607 -0.0276121 -0.0542891 0.998143 0.818779
120 126 68 0.99839 -0.0131659 0.0551725 -0.640332 0.0128881 0.999902 0.00538735 0.549789 -0.055238 -0.0046676 0.998462 0.536383
120 127 61 0.99818 -0.0603104 3.48506e-05 0.206812 0.0601728 0.995941 0.0669421 -0.631086 -0.00407201 -0.0668181 0.997757 0.747636
120 128 72 0.997766 -0.0602067 -0.0289556 0.432496 0.0632289 0.990965 0.118282 -0.749435 0.0215726 -0.119849 0.992558 0.501293
120 129 45 0.998896 -0.0469572 -0.00143556 0.584188 0.046978 0.998188 0.037607 -0.149728 -0.000332958 -0.0376329 0.999292 0.797688
120 130 54 0.998514 -0.0495578 0.0226778 0.119224 0.0487019 0.998133 0.0368555 -0.11473 -0.0244619 -0.0356963 0.999063 0.986216
120 131 59 0.99648 -0.0828422 -0.0128159 0.455627 0.0836174 0.993117 0.0820148 -0.503733 0.00593339 -0.0827978 0.996549 0.733933
120 132 57 0.993903 -0.101494 -0.0430874 0.447525 0.10564 0.988476 0.108424 -0.574965 0.0315864 -0.112315 0.99317 0.684935
120 133 36 0.994348 -0.106024 -0.00555095 -0.110412 0.106143 0.993904 0.0298198 0.164666 0.00235549 -0.0302404 0.99954 0.98015
120 134 57 0.992501 -0.0939897 -0.0781559 0.421905 0.105732 0.98094 0.163024 -0.649861 0.0613437 -0.170065 0.983522 0.632199
135 136 18 0.999972 0.00466977 -0.00592496 -0.399042 -0.00472367 0.999947 -0.00911588 0.212696 0.00588208 0.00914361 0.999941 -0.891923
135 137 51 0.999873 0.0128835 -0.0093641 0.300028 -0.0130472 0.999759 -0.0176412 -0.0180883 0.00913456 0.0177611 0.999801 0.953759
135 138 34 0.999754 0.00573501 -0.0214192 0.284006 -0.00624433 0.999698 -0.023788 -0.177819 0.0212763 0.0239159 0.999488 0.942189
135 139 22 0.999669 -0.00090581 -0.0257025 -0.140619 0.000336166 0.999754 -0.0221586 -0.453592 0.0257163 0.0221427 0.999424 0.880046
135 140 37 0.999367 0.00016427 -0.0355865 0.146739 -0.00127493 0.999513 -0.0311897 -0.209205 0.035564 0.0312153 0.99888 0.966799
135 141 19 0.998739 0.00215652 -0.0501568 0.706176 -0.00412123 0.999227 -0.0391011 0.242928 0.0500337 0.0392585 0.997976 -0.665057
135 142 24 0.998774 0.00634057 -0.0490959 0.3875 -0.00807024 0.999351 -0.0351127 0.24495 0.0488414 0.0354658 0.998177 -0.888731
135 143 22 0.99824 0.0254921 -0.0535478 -0.622605 -0.0268162 0.999349 -0.024155 0.191562 0.0528971 0.0255484 0.998273 -0.758727
135 144 57 0.995559 0.00209894 -0.0941134 0.882402 -0.0060225 0.999123 -0.0414251 0.371601 0.0939439 0.041808 0.994699 -0.288582
135 145 80 0.987805 -0.00442354 -0.155635 0.905376 -0.00592815 0.997803 -0.0659857 0.404541 0.155585 0.0661036 0.985608 -0.128996
135 146 32 0.996695 0.00832325 -0.0808114 0.88626 -0.0102481 0.999673 -0.023434 0.418566 0.0805899 0.0241847 0.996454 -0.198356
135 147 52 0.994778 0.0514204 -0.0881651 0.999686 -0.0524824 0.998574 -0.00976853 0.0214373 0.0875371 0.0143446 0.996058 0.0129931
135 148 27 0.998208 0.028566 -0.0525806 -0.421735 -0.0294052 0.999451 -0.0152556 -0.26535 0.052116 0.0167744 0.9985 0.867023
135 149 27 0.996409 0.0492216 -0.0689004 -0.827198 -0.0504035 0.998608 -0.0155218 0.271938 0.0680405 0.0189388 0.997503 -0.491726
150 151 52 0.999997 -0.00173124 0.00178993 0.167118 0.00172887 0.999998 0.00131977 -0.182361 -0.00179221 -0.00131668 0.999998 0.968925
150 152 63 0.999969 0.00650327 0.00446508 0.177725 -0.00648437 0.99997 -0.00423343 -0.0213417 -0.00449247 0.00420435 0.999981 0.983849
150 153 0 1 0 0 0 0 1 0 0 0 0 1 0
150 154 145 0.999413 0.00457976 -0.0339405 0.958598 -0.00503281 0.999899 -0.0132749 0.283863 0.0338763 0.013438 0.999336 -0.0226198
150 155 30 0.999998 -0.00190791 0.000281688 -0.429314 0.00190962 0.999979 -0.0061709 -0.292888 -0.000269909 0.00617142 0.999981 0.854345
150 156 24 0.999773 -0.00551943 -0.0205717 0.984291 0.00521632 0.999877 -0.0147589 0.176545 0.0206506 0.0146482 0.999679 -0.00175629
150 157 0 1 0 0 0 0 1 0 0 0 0 1 0
150 158 71 0.999945 0.00131117 -0.0104271 -0.589536 -0.00145244 0.999907 -0.0135517 -0.168499 0.0104083 0.0135661 0.999854 0.789972
150 159 49 0.999751 0.0184635 -0.0125348 -0.939328 -0.0186154 0.999753 -0.0121168 0.151012 0.0123079 0.0123471 0.999848 -0.307992
150 160 61 0.999974 0.00203582 -0.00692475 -0.474889 -0.00217603 0.999792 -0.0203017 -0.159827 0.00688197 0.0203162 0.99977 0.865411
150 161 53 0.999841 0.0019868 -0.0177476 -0.655685 -0.0023697 0.999764 -0.02158 -0.185666 0.0177006 0.0216186 0.99961 0.73185
150 162 36 0.999455 0.0111775 -0.0310732 0.876865 -0.0117713 0.99975 -0.0189923 0.0298876 0.0308532 0.0193477 0.999337 -0.479806
150 163 55 0.999652 0.00870679 -0.024915 -0.807692 -0.00923123 0.999737 -0.0210123 -0.0447867 0.0247255 0.021235 0.999469 0.587902
150 164 79 0.997508 0.0105262 -0.0697612 0.977434 -0.0123412 0.999595 -0.0256384 0.0495459 0.069463 0.0264355 0.997234 -0.205349
165 166 0 1 0 0 0 0 1 0 0 0 0 1 0
165 167 135 0.998898 0.00952853 -0.0459494 0.964755 -0.00945428 0.999954 0.00183288 0.0607056 0.0459647 -0.00139644 0.998942 -0.256051
165 168 108 0.999381 0.0104358 -0.0335868 0.996827 -0.0102223 0.999926 0.00652276 -0.078321 0.0336524 -0.00617539 0.999415 -0.0142184
165 169 115 0.999112 0.0229056 -0.0353538 0.996101 -0.0230692 0.999725 -0.00422757 0.0882211 0.0352473 0.0050394 0.999366 -0.00077028
165 170 59 0.999534 0.0298263 -0.00654917 0.91861 -0.0298281 0.999555 -0.000173984 -0.0109115 0.00654107 0.000369252 0.999979 0.395014
165 171 47 0.999371 0.0295366 -0.0196241 0.996819 -0.0296488 0.999546 -0.00545111 -0.0466715 0.0194541 0.00602951 0.999793 0.0646016
165 172 60 0.999722 0.0164973 0.0168271 -0.662608 -0.0162866 0.999788 -0.0125834 -0.140815 -0.0170311 0.0123059 0.999779 0.735609
165 173 75 0.998657 0.0433405 -0.0283805 0.926697 -0.0432876 0.99906 0.00247868 -0.037024 0.0284613 -0.00124683 0.999594 -0.373982
165 174 37 0.998702 0.0502812 0.00809703 0.748559 -0.0503516 0.998693 0.00874798 -0.0684436 -0.00764659 -0.00914433 0.999929 -0.659526
165 175 47 0.999271 0.0316673 -0.0213433 0.949738 -0.0315415 0.999483 0.00620441 0.046615 0.0215288 -0.00552668 0.999753 -0.309556
165 176 91 0.998385 0.0259338 -0.0505546 0.988016 -0.0259351 0.999663 0.000630181 0.130698 0.050554 0.000681977 0.998721 -0.0821155
165 177 44 0.999497 0.0265803 -0.0172712 0.989352 -0.0264852 0.999633 0.00571077 -0.0326565 0.0174166 -0.00525047 0.999835 -0.141832
165 178 52 0.999476 0.0309721 0.00938289 0.780634 -0.0309683 0.99952 -0.000545062 -0.00807117 -0.00939527 0.000254204 0.999956 -0.624936
165 179 81 0.998325 0.0263726 -0.0514973 0.987367 -0.0266297 0.999636 -0.00431241 0.0482098 0.0513648 0.00567654 0.998664 -0.15094
180 181 0 1 0 0 0 0 1 0 0 0 0 1 0
180 182 23 0.999955 0.00432958 -0.00842861 0.447606 -0.0043092 0.999988 0.00243503 0.270883 0.00843905 -0.0023986 0.999962 -0.852216
180 183 36 0.99991 0.0126752 -0.00447122 0.208754 -0.0126546 0.999909 0.00460786 0.028643 0.00452922 -0.00455087 0.999979 0.977549
180 184 26 0.999763 0.021575 -0.0027374 0.108632 -0.0215507 0.999731 0.00861605 0.038041 0.00292255 -0.00855502 0.999959 -0.993354
180 185 50 0.999887 0.00461463 -0.0143396 0.670479 -0.00459847 0.999989 0.00116015 -0.00498677 0.0143448 -0.00109408 0.999897 -0.741912
180 186 18 0.999903 0.00190368 -0.0137742 0.879552 -0.00192636 0.999997 -0.00163356 0.146581 0.0137711 0.00165994 0.999904 -0.452661
180 187 108 0.999044 0.00760543 -0.0430382 0.964868 -0.00821811 0.999867 -0.0140767 0.257503 0.0429255 0.014417 0.998974 -0.0521787
180 188 56 0.999559 -0.00028876 -0.0297078 0.844375 -1.61898e-05 0.999947 -0.0102642 0.191568 0.0297092 0.0102602 0.999506 -0.500333
180 189 117 0.998019 0.00984324 -0.0621401 0.937213 -0.0104612 0.999899 -0.00962755 0.151182 0.062039 0.0102585 0.998021 -0.314286
180 190 54 0.999707 0.00384459 -0.0239008 0.615285 -0.00405273 0.999954 -0.00866637 0.181721 0.0238664 0.0087607 0.999677 -0.767073
180 191 107 0.996777 0.0264823 -0.0757218 0.922441 -0.0263986 0.999649 0.00210558 -0.0357157 0.075751 -9.9841e-05 0.997127 -0.384482
180 192 50 0.998128 0.0186886 -0.0582313 0.918557 -0.0188505 0.99982 -0.00223089 0.0807685 0.0581792 0.0033244 0.998301 -0.38695
180 193 55 0.998845 0.00925576 -0.0471587 0.71573 -0.0096484 0.999921 -0.00810506 0.157536 0.04708 0.0085507 0.998855 -0.680377
180 194 86 0.996681 0.0224893 -0.0782396 0.94492 -0.0230127 0.999718 -0.00579436 0.112113 0.0780873 0.00757563 0.996918 -0.3075
195 196 16 0.999978 0.00645389 0.00134172 0.240895 -0.00645663 0.999977 0.0020534 0.258704 -0.00132843 -0.00206202 0.999997 -0.935437
195 197 23 0.999966 0.00387201 -0.00722175 0.631944 -0.00385173 0.999989 0.00281989 0.176155 0.00723258 -0.00279198 0.99997 -0.754729
195 198 115 0.999312 0.0195471 -0.0315237 0.984013 -0.0192846 0.999777 0.00861129 0.0505081 0.031685 -0.00799744 0.999466 -0.170782
195 199 61 0.999259 0.0303509 -0.023677 0.87567 -0.030026 0.999452 0.0139608 -0.187665 0.0240877 -0.0132395 0.999622 -0.444953
195 200 60 0.998971 0.034855 -0.0290053 0.965606 -0.0346495 0.999371 0.00755739 -0.0433069 0.0292505 -0.00654459 0.999551 0.256377
195 201 43 0.998165 0.0604796 -0.00285314 0.130047 -0.0604931 0.998157 -0.004888 -0.0723736 0.00255226 0.00505163 0.999984 0.988863
195 202 32 0.993301 0.115154 0.00958352 0.140418 -0.114891 0.993073 -0.0246034 0.301401 -0.0123503 0.0233375 0.999651 0.943102
195 203 23 0.999288 0.0373428 -0.00546615 -0.684849 -0.037483 0.998896 -0.0283046 -0.126595 0.00440314 0.0284894 0.999584 0.717604
195 204 59 0.998574 0.0186489 -0.0500259 0.806252 -0.0205006 0.999114 -0.0367611 0.172564 0.049296 0.0377343 0.998071 -0.565844
195 205 72 0.986799 0.0951364 0.13106 -0.738972 -0.0802883 0.990201 -0.114266 0.671588 -0.140647 0.102235 0.984767 0.0537523
195 206 88 0.996398 0.0491468 -0.0691032 0.974777 -0.0495378 0.998764 -0.00395421 0.0965995 0.0688235 0.00736319 0.997602 -0.201192
195 207 54 0.998756 0.0435381 -0.0242971 0.988532 -0.0435719 0.99905 -0.000865741 0.0334901 0.0242363 0.00192333 0.999704 -0.147251
195 208 77 0.996769 0.0482048 -0.0642534 0.982514 -0.0484589 0.998822 -0.00240068 -0.0455027 0.064062 0.00550657 0.997931 -0.180545
195 209 48 0.99818 0.0390091 -0.0459877 0.971813 -0.039578 0.99915 -0.0115267 0.0324259 0.0454989 0.0133258 0.998876 -0.233513
210 211 18 0.999991 -0.00348012 -0.00240639 0.266045 0.00346627 0.999978 -0.00573642 0.247139 0.0024263 0.00572803 0.999981 -0.931742
210 212 36 0.999891 -0.0124734 0.00789107 -0.803722 0.0124672 0.999922 0.000838445 0.0795405 -0.00790092 -0.000739974 0.999969 -0.589664
210 213 10 0.999768 -0.0125642 -0.0174734 0.54987 0.0126747 0.9999 0.00623165 0.232238 0.0173933 -0.00645167 0.999828 -0.802314
210 214 63 0.998919 -0.0108044 -0.0452184 0.935401 0.0108813 0.99994 0.00145524 0.22279 0.0451999 -0.0019457 0.998976 -0.274571
210 215 18 0.999074 -0.0425742 -0.00617645 0.170224 0.0426283 0.999051 0.00891679 0.315132 0.00579096 -0.00917182 0.999941 -0.933657
210 216 64 0.993929 -0.0220638 -0.107787 0.969825 0.0257122 0.999138 0.0325769 -0.227059 0.106975 -0.0351506 0.99364 -0.0887913
210 217 70 0.99777 -0.016163 -0.0647669 0.9704 0.0167191 0.999828 0.0080534 0.0874005 0.0646256 -0.00911828 0.997868 -0.225134
210 218 12 0.999574 -0.0234205 -0.0174376 -0.486446 0.0236036 0.999668 0.0103682 0.110497 0.017189 -0.0107754 0.999794 -0.866695
210 219 23 0.999013 -0.0420108 -0.0144107 0.386809 0.0421228 0.999084 0.00755566 0.294258 0.0140801 -0.00815522 0.999868 -0.873951
210 220 45 0.99365 -0.0131629 -0.11174 0.966907 0.0153794 0.999701 0.018997 -0.0193251 0.111457 -0.0205948 0.993556 -0.254397
210 221 39 0.998034 -0.00517906 -0.0624623 0.906316 0.00589835 0.999918 0.0113366 0.220168 0.0623985 -0.0116828 0.997983 -0.360716
210 222 56 0.993763 -0.00867015 -0.111172 0.992196 0.010485 0.999821 0.0157501 0.0757241 0.111015 -0.0168175 0.993676 -0.0990649
210 223 47 0.994308 -0.00017852 -0.106544 0.975142 0.00166884 0.999902 0.0138988 0.101826 0.106531 -0.0139975 0.994211 -0.196798
210 224 42 0.996625 -0.000573204 -0.0820903 0.941474 0.00186967 0.999875 0.0157172 0.113736 0.082071 -0.0158176 0.996501 -0.317318
225 226 12 0.999987 -0.00374742 -0.00348561 0.272609 0.00376262 0.999983 0.00436216 -0.295174 0.00346921 -0.00437521 0.999984 0.915727
225 227 25 0.999881 0.0149674 -0.00372612 -0.300761 -0.0149684 0.999888 -0.000251027 0.200493 0.00372194 0.000306771 0.999993 -0.932387
225 228 0 1 0 0 0 0 1 0 0 0 0 1 0
225 229 46 0.999788 0.0165065 -0.0122879 0.96027 -0.0164909 0.999863 0.0013654 -0.0545503 0.0123088 -0.00116247 0.999924 0.273689
225 230 54 0.999317 0.0266409 -0.0256257 0.943954 -0.0264474 0.999619 0.00786102 0.0951563 0.0258254 -0.00717791 0.999641 -0.316062
225 231 21 0.999976 0.00562394 0.0039904 -0.737538 -0.00573601 0.999573 0.0286511 -0.0891421 -0.00382756 -0.0286733 0.999582 0.669397
225 232 48 0.989378 0.0226687 -0.143585 0.973877 -0.0118436 0.997053 0.0758021 -0.215502 0.14488 -0.0732964 0.986731 -0.0715764
225 233 19 0.999699 0.0214611 -0.0118519 -0.881733 -0.0206424 0.997649 0.0653449 -0.100093 0.0132264 -0.0650806 0.997792 0.461009
225 234 33 0.998286 0.0303231 -0.05006 0.989392 -0.0268454 0.997273 0.0687382 0.0161227 0.0520078 -0.0672765 0.996378 0.144375
225 235 29 0.996858 0.0381303 -0.0694228 0.994639 -0.0335008 0.997212 0.0666705 0.0708653 0.0717715 -0.0641353 0.995357 0.0753067
225 236 42 0.997123 0.035805 -0.0668156 0.990111 -0.0309526 0.996903 0.0722974 0.0205834 0.0691973 -0.0700212 0.995143 0.138769
225 237 50 0.313536 -0.141281 0.939007 -0.83418 -0.198205 0.957351 0.210222 -0.143131 -0.92866 -0.252028 0.272162 0.532595
225 238 27 0.99973 0.0200092 -0.0118161 0.936405 -0.0192769 0.998064 0.0591334 -0.00197239 0.0129764 -0.0588896 0.99818 -0.350916
225 239 45 0.994469 0.019445 -0.103217 0.999315 -0.0133719 0.998156 0.0592071 -0.0365914 0.104178 -0.0574994 0.992895 -0.00553179
240 241 0 1 0 0 0 0 1 0 0 0 0 1 0
240 242 0 1 0 0 0 0 1 0 0 0 0 1 0
240 243 98 0.999823 0.00209087 -0.0186925 0.957212 -0.00213237 0.999995 -0.0022006 -0.0139547 0.0186878 0.00224007 0.999823 0.289051
240 244 40 0.999996 0.000687249 -0.0028867 0.756946 -0.000709716 0.999969 -0.00778922 -0.0639681 0.00288126 0.00779124 0.999965 0.650339
240 245 35 0.99991 -0.00723171 0.01126 -0.985993 0.00741705 0.999836 -0.0165061 0.0488752 -0.0111388 0.0165881 0.9998 0.159467
240 246 59 0.999909 -0.00327555 -0.0130689 0.830259 0.00307657 0.999879 -0.0152163 -0.0801198 0.0131172 0.0151748 0.999799 -0.551589
240 247 67 0.999715 0.000280689 -0.0238847 0.957373 -0.000593287 0.999914 -0.0130817 0.131253 0.023879 0.0130921 0.999629 -0.257313
240 248 64 0.999653 0.00422667 -0.0259972 0.870895 -0.00436743 0.999976 -0.00536027 0.0769013 0.025974 0.00547195 0.999648 -0.485415
240 249 52 0.999991 0.00406292 -0.00128841 -0.82514 -0.00406061 0.99999 0.00178374 -0.133829 0.00129565 -0.00177849 0.999998 -0.548848
240 250 119 0.998428 0.00226985 -0.0560027 0.919492 -0.00197193 0.999984 0.00537447 0.0752715 0.056014 -0.00525559 0.998416 -0.385836
240 251 71 0.999326 -0.00422144 -0.036455 0.336691 0.00480079 0.999863 0.0158193 -0.119089 0.0363832 -0.0159837 0.99921 -0.934054
240 252 73 0.998877 0.012768 -0.0456245 0.944881 -0.011949 0.999763 0.0181789 0.0759906 0.0458458 -0.0176134 0.998793 -0.318473
240 253 60 0.99919 0.0214333 -0.0340702 0.867969 -0.0207302 0.999567 0.0208585 0.0863782 0.0345026 -0.0201353 0.999202 -0.489048
240 254 50 0.9993 0.0217875 -0.0304168 0.903954 -0.0212069 0.999589 0.019282 0.04559 0.0308244 -0.0186234 0.999351 -0.425193
255 256 18 0.999862 0.0165782 0.00068784 0.190543 -0.0165854 0.999786 0.0123626 -0.448042 -0.000482744 -0.0123723 0.999923 -0.873471
255 257 141 0.998757 0.0288793 -0.0406362 0.991047 -0.0280449 0.999387 0.0209544 -0.12227 0.0412164 -0.0197887 0.998954 -0.0536246
255 258 43 0.999185 0.0391038 -0.0100133 0.840152 -0.0390124 0.999197 0.00916749 -0.0101948 0.0103637 -0.00876937 0.999908 0.542256
255 259 50 0.998562 0.0534714 -0.00385022 0.992683 -0.0534789 0.998567 -0.00187282 0.00602943 0.00374457 0.00207603 0.999991 0.120596
255 260 63 0.99803 0.0551637 0.0298791 -0.980811 -0.054858 0.998434 -0.0109562 -0.151633 -0.0304367 0.00929551 0.999493 0.122543
255 261 80 0.998041 0.0568381 0.0261266 -0.721431 -0.0563666 0.99824 -0.0184451 0.15485 -0.027129 0.0169363 0.999488 -0.67495
255 262 86 0.996407 0.0708111 -0.0464531 0.974654 -0.071374 0.997394 -0.0105711 0.0599802 0.0455835 0.0138487 0.998865 -0.215529
255 263 57 0.997684 0.0637072 0.0238273 -0.865238 -0.0636676 0.997968 -0.00241583 0.0843778 -0.0239328 0.000893205 0.999713 -0.49421
255 264 105 0.995892 0.0690382 -0.0585928 0.978515 -0.0688846 0.997614 0.00463824 -0.029475 0.0587732 -0.000583039 0.998271 -0.204059
255 265 100 0.996454 0.0685418 -0.0487946 0.982436 -0.0684909 0.997648 0.00271722 0.053102 0.048866 0.000634396 0.998805 -0.178887
255 266 26 0.99776 0.0654931 -0.0136187 0.823354 -0.0654545 0.99785 0.00326756 0.0749161 0.0138034 -0.00236884 0.999902 0.562561
255 267 57 0.997692 0.0673759 0.00837896 -0.976604 -0.0673318 0.997716 -0.00544246 -0.0771616 -0.00872651 0.00486573 0.99995 -0.200724
255 268 33 0.997544 0.0603869 -0.0354937 0.93138 -0.0609702 0.998018 -0.0155873 0.0270441 0.0344821 0.017713 0.999248 -0.363042
255 269 67 0.998843 0.0443583 0.0185607 -0.934679 -0.0438137 0.998625 -0.0287832 0.119013 -0.019812 0.0279367 0.999413 -0.334979
270 271 0 1 0 0 0 0 1 0 0 0 0 1 0
270 272 19 0.999976 0.00415012 -0.00560808 -0.507231 -0.00413626 0.999988 0.00248146 0.0381787 0.00561831 -0.0024582 0.999981 -0.860964
270 273 78 0.999506 0.0109144 -0.0294704 0.742708 -0.0110823 0.999923 -0.00554069 0.446258 0.0294077 0.00586455 0.99955 -0.499237
270 274 35 0.999266 0.00876888 -0.0373021 0.895429 -0.00892455 0.999952 -0.00400888 0.255991 0.0372652 0.00433884 0.999296 -0.364246
270 275 57 0.998852 0.0100335 -0.0468484 0.916672 -0.00996748 0.999949 0.00164246 0.0629039 0.0468625 -0.00117361 0.998901 -0.394659
270 276 16 0.999219 0.00876327 -0.0385191 0.703361 -0.00887053 0.999957 -0.00261479 0.129571 0.0384945 0.00295443 0.999254 -0.698924
270 277 156 0.997584 0.0173948 -0.0672551 0.88753 -0.0178917 0.999817 -0.0067926 0.143562 0.0671247 0.0079795 0.997713 -0.437814
270 278 109 0.996873 0.0206943 -0.0762689 0.843241 -0.0207164 0.999785 0.000501989 0.164226 0.076263 0.0010796 0.997087 -0.511834
270 279 44 0.997659 0.0191851 -0.0656405 0.255522 -0.0185423 0.999774 0.010389 -0.0858957 0.0658249 -0.00914754 0.997789 -0.96298
270 280 86 0.999031 0.016236 -0.0409097 -0.938749 -0.0160135 0.999855 0.00576201 0.0590656 0.0409973 -0.00510132 0.999146 -0.339501
270 281 73 0.995436 0.0287741 -0.0909867 0.865678 -0.0286048 0.999586 0.00316519 0.284354 0.0910401 -0.000548091 0.995847 -0.412
270 282 75 0.997518 0.0245766 -0.0659842 -0.797911 -0.0237483 0.999629 0.0133082 -0.0871893 0.0662868 -0.0117081 0.997732 -0.596436
270 283 109 0.993324 0.03033 -0.111295 0.893379 -0.0300885 0.99954 0.00384955 0.0944667 0.111361 -0.000475151 0.99378 -0.43926
270 284 105 0.990054 0.0292765 -0.13761 0.954129 -0.0290708 0.999571 0.00350459 0.0600555 0.137654 0.000530713 0.99048 -0.293311
285 286 0 1 0 0 0 0 1 0 0 0 0 1 0
285 287 44 0.999784 -0.00414247 -0.0203661 0.911015 0.00406642 0.999985 -0.00377431 0.210675 0.0203814 0.00369067 0.999785 -0.354498
285 288 39 0.999988 0.00495489 -2.21869e-05 -0.0297572 -0.00495435 0.999929 0.010867 0.121532 7.60299e-05 -0.0108667 0.999941 -0.992141
285 289 32 0.999688 -0.00197265 -0.0249055 0.467792 0.00246039 0.999805 0.0195685 0.251347 0.024862 -0.0196236 0.999498 -0.847346
285 290 57 0.999847 -0.00369111 -0.0170867 -0.277656 0.00419027 0.999563 0.0292706 0.132074 0.0169712 -0.0293377 0.999425 -0.951559
285 291 66 0.99998 -0.00374165 0.0051305 -0.858919 0.00353441 0.9992 0.0398252 0.00590735 -0.00527541 -0.0398063 0.999193 -0.512077
285 292 40 0.999624 0.0272646 -0.00288397 0.0872032 -0.0270996 0.998534 0.0468647 -0.090654 0.00415749 -0.046769 0.998897 0.992057
285 293 106 0.995478 0.0268809 -0.0911086 0.918321 -0.0229086 0.998753 0.0443686 0.155795 0.0921876 -0.0420808 0.994852 -0.363888
285 294 69 0.996206 0.0218551 -0.0842383 0.996927 -0.0176704 0.998588 0.0501065 -0.0212331 0.0852144 -0.0484279 0.995185 0.0754059
285 295 79 0.999768 0.00890943 0.0196263 -0.937706 -0.00996839 0.998462 0.0545363 -0.0194244 -0.0191102 -0.0547193 0.998319 -0.346887
285 296 77 0.989123 0.049232 -0.138605 0.943796 -0.0438537 0.998172 0.0415955 0.176372 0.1404 -0.0350648 0.989474 -0.279538
285 297 25 0.994871 0.0500507 -0.0879046 0.751232 -0.0452199 0.9974 0.0561127 0.167761 0.0904845 -0.0518498 0.994547 -0.638363
285 298 66 0.99087 0.0563212 -0.122496 0.922669 -0.0498243 0.997216 0.0554713 0.0967438 0.12528 -0.0488616 0.990918 -0.373258
285 299 55 0.985507 0.0629177 -0.157535 0.989925 -0.0530656 0.996408 0.0659868 -0.134144 0.161121 -0.0566708 0.985306 0.045324
300 301 155 0.999744 -0.01011 0.0202456 -0.978127 0.010096 0.999949 0.000795789 0.0853549 -0.0202526 -0.000591186 0.999795 0.189691
300 302 31 0.999942 -0.00146105 -0.0107017 0.529757 0.00156253 0.999954 0.00948075 -0.0326351 0.0106873 -0.00949692 0.999898 0.847522
300 303 198 0.999358 0.00508983 -0.0354779 0.978309 -0.00476801 0.999947 0.00914981 0.151181 0.0355226 -0.00897477 0.999329 -0.141616
300 304 198 0.999222 0.0129436 -0.0372633 0.948624 -0.0124797 0.999842 0.0126537 -0.0624723 0.0374212 -0.0121788 0.999225 0.310177
300 305 45 0.999621 0.0243118 -0.0129192 0.543455 -0.0241718 0.999649 0.0108806 -0.0509647 0.0131792 -0.0105642 0.999857 0.83789
300 306 158 0.998218 0.0315961 -0.0506163 0.990259 -0.0314563 0.999499 0.00355629 -0.0162201 0.0507033 -0.00195775 0.998712 0.138291
300 307 165 0.998656 0.0330323 -0.0399273 0.990955 -0.033354 0.999416 -0.00741572 0.0112041 0.039659 0.00873749 0.999175 0.133726
300 308 35 0.999439 0.03177 -0.0105632 0.857654 -0.0318951 0.99942 -0.0118971 -0.115658 0.0101791 0.0122274 0.999873 0.501052
300 309 57 0.99951 0.0277969 -0.0143879 0.718637 -0.0280623 0.999433 -0.0185819 -0.164452 0.0138632 0.0189765 0.999724 0.67566
300 310 69 0.999673 0.0215261 -0.0137679 0.677256 -0.02191 0.999357 -0.0283721 -0.117034 0.0131483 0.0286644 0.999503 0.72638
300 311 167 0.998838 0.0192219 -0.0441882 0.982586 -0.0207409 0.999201 -0.0341776 -0.0398515 0.0434959 0.0350544 0.998438 -0.181483
300 312 107 0.999484 0.0103724 -0.0303958 0.916902 -0.0116577 0.999032 -0.0424173 0.0335912 0.0299264 0.0427498 0.998638 -0.397696
300 313 152 0.998558 0.0085088 -0.0529999 0.978525 -0.0110689 0.998776 -0.0481996 0.0864395 0.0525249 0.0487167 0.997431 -0.187131
300 314 145 0.997899 0.000971938 -0.0647748 0.990442 -0.00437523 0.998616 -0.0524193 0.0185542 0.0646342 0.0525926 0.996522 -0.136679
315 316 12 0.999989 -0.00313256 0.00338722 -0.414347 0.0031313 0.999995 0.000376903 -0.216146 -0.00338839 -0.000366293 0.999994 0.88408
315 317 20 0.999963 -0.00529817 0.00673825 0.133083 0.00529028 0.999985 0.00118848 0.252655 -0.00674445 -0.00115279 0.999977 -0.95836
315 318 44 0.999944 -0.00684976 0.00801343 0.303802 0.00679614 0.999954 0.00669915 0.192141 -0.00805895 -0.00664432 0.999945 -0.933159
315 319 17 0.999737 -0.00480004 0.0224061 -0.825667 0.00453973 0.999922 0.011654 0.0677539 -0.0224603 -0.0115492 0.999681 -0.560074
315 320 39 0.999869 -0.00180839 0.016114 0.255067 0.00157186 0.999891 0.0146795 0.0703125 -0.0161388 -0.0146522 0.999762 -0.964363
315 321 31 0.999297 0.000442098 0.0374795 -0.854864 -0.00092638 0.999916 0.0129048 0.118087 -0.0374707 -0.0129305 0.999214 -0.505236
315 322 54 0.999549 0.00850908 0.0287902 0.140295 -0.00884032 0.999896 0.0113976 0.225318 -0.0286902 -0.011647 0.99952 -0.964131
315 323 45 0.9995 0.00959722 0.03013 0.165491 -0.00996833 0.999876 0.0121911 0.0257604 -0.0300093 -0.0124853 0.999472 -0.985875
315 324 191 0.999892 0.0140226 0.00432447 0.989624 -0.0140739 0.999828 0.0120759 0.046953 -0.00415439 -0.0121354 0.999918 -0.135792
315 325 184 0.999899 0.0142179 -0.000172021 0.845937 -0.0142152 0.999838 0.0110153 0.22126 0.000328609 -0.0110118 0.999939 -0.485217
315 326 28 0.999671 0.0110149 0.0231722 0.82889 -0.0114313 0.999774 0.0179155 0.229955 -0.0229697 -0.0181745 0.999571 -0.509963
315 327 38 0.999901 0.0123342 0.00677754 0.960555 -0.0124576 0.999751 0.0184894 0.190504 -0.0065478 -0.018572 0.999806 -0.202591
315 328 177 0.999738 0.0189617 -0.0128369 0.958508 -0.0186308 0.999503 0.0254226 0.103392 0.0133126 -0.0251767 0.999594 -0.265654
315 329 186 0.999629 0.0236256 -0.0135467 0.839661 -0.0232377 0.999335 0.0281054 0.221413 0.0142017 -0.0277802 0.999513 -0.49593
330 331 0 1 0 0 0 0 1 0 0 0 0 1 0
330 332 20 0.999933 0.00261589 -0.0113065 0.401146 -0.00263216 0.999996 -0.00142385 0.146454 0.0113028 0.00145351 0.999935 -0.904231
330 333 49 0.999898 -0.00127609 -0.0142121 0.337976 0.00126882 0.999999 -0.000520844 0.19681 0.0142128 0.000502759 0.999899 -0.920347
330 334 52 0.99975 -0.00321023 -0.0221355 0.392534 0.00321056 0.999995 -2.07145e-05 0.180182 0.0221355 -5.03582e-05 0.999755 -0.901916
330 335 187 0.998587 0.000101587 -0.0531344 0.984393 0.00022037 0.999982 0.00605339 -0.158422 0.053134 -0.00605655 0.998569 -0.0766307
330 336 49 0.999646 0.00321654 -0.0264209 0.404175 -0.00335269 0.999981 -0.0051104 0.171506 0.026404 0.00519717 0.999638 -0.898459
330 337 59 0.999289 0.0144887 -0.0348044 0.887793 -0.0147702 0.99986 -0.00784649 0.0858444 0.0346859 0.00835498 0.999363 -0.452166
330 338 56 0.999317 0.0186583 -0.0319031 0.402977 -0.0189806 0.999772 -0.00982814 0.137502 0.0317125 0.010427 0.999443 -0.904822
330 339 138 0.998104 0.0221597 -0.0574305 0.984068 -0.0232906 0.999546 -0.0190989 0.137095 0.0569812 0.0204003 0.998167 -0.113204
330 340 84 0.998442 0.0201663 -0.052029 0.680683 -0.0211882 0.999592 -0.0191653 0.0378974 0.0516212 0.0202379 0.998462 -0.731597
