0 1 23 0.999967 0.00567335 -0.00574116 0.327817 -0.00567272 0.999984 0.000126139 0.303279 0.00574178 -9.35665e-05 0.999984 -0.894739
0 2 11 0.999855 0.0162872 -0.00504137 -0.385057 -0.0162814 0.999867 0.00117963 -0.115807 0.00505991 -0.00109738 0.999987 0.915598
0 3 32 0.999768 0.0214725 -0.00165893 0.458706 -0.0214701 0.999768 0.00143452 0.322522 0.00168935 -0.00139857 0.999998 -0.827991
0 4 26 0.999986 0.00502866 0.00157322 0.560247 -0.00502974 0.999987 0.000682996 0.311555 -0.00156977 -0.000690899 0.999999 0.767501
0 5 47 0.999905 0.0137259 0.00142995 0.294585 -0.0137303 0.999901 0.00309678 0.162068 -0.00138731 -0.00311612 0.999994 -0.941782
0 6 53 0.99978 0.0209344 0.00113702 0.0808771 -0.0209282 0.999767 -0.00524374 0.0911196 -0.00124653 0.00521879 0.999986 -0.99255
0 7 223 0.999496 0.0168437 -0.0269022 0.986877 -0.0168866 0.999856 -0.00136504 -0.0320239 0.0268754 0.00181864 0.999637 -0.158267
0 8 16 1 -0.000367924 -0.000356303 0.745896 0.000361896 0.999859 -0.0167721 -0.130332 0.000362423 0.016772 0.999859 0.653187
0 9 99 0.999895 0.00266316 -0.0142283 0.471353 -0.00289565 0.999862 -0.0163445 0.111099 0.0141828 0.016384 0.999765 -0.874919
0 10 59 0.999813 0.0130555 -0.0142602 0.48247 -0.0133833 0.999643 -0.0231421 0.128151 0.013953 0.0233286 0.99963 -0.866487
0 11 126 0.999735 0.0226544 -0.00398846 0.272656 -0.0227412 0.999471 -0.0232597 0.0472501 0.00345941 0.0233442 0.999722 -0.960951
0 12 131 0.999722 0.0152684 -0.0179626 0.723256 -0.0157467 0.999517 -0.0267949 0.0150423 0.0175448 0.0270703 0.99948 -0.690416
0 13 177 0.999525 0.0104135 -0.0289971 0.895498 -0.0111729 0.999596 -0.0261512 -0.0607639 0.0287131 0.0264627 0.999237 -0.440897
0 14 211 0.999259 0.0110706 -0.0368724 0.805009 -0.0118447 0.999713 -0.0208415 0.122956 0.036631 0.0212628 0.999103 -0.580381
15 16 22 0.999972 -0.00742052 -0.000641363 -0.485364 0.0074203 0.999972 -0.000355629 0.104126 0.000643984 0.00035086 1 0.86809
15 17 19 0.999933 -0.0109708 -0.00374949 0.536105 0.0109591 0.999935 -0.00313213 -0.0421308 0.00378361 0.00309083 0.999988 -0.8431
15 18 26 0.999941 -0.00974606 -0.00484862 -0.447998 0.00973524 0.99995 -0.00225041 0.0809507 0.00487031 0.00220307 0.999986 0.890362
15 19 272 0.99965 -0.00470897 -0.0260214 0.957058 0.00498232 0.999933 0.01045 0.0106384 0.0259704 -0.010576 0.999607 0.289703
15 20 259 0.99988 0.00188278 -0.0153642 0.61497 -0.00156336 0.999783 0.0207751 -0.343078 0.0154 -0.0207486 0.999666 0.710007
15 21 114 0.999916 -0.00980029 -0.00847911 0.482194 0.00970586 0.999891 -0.0111076 0.0935696 0.00858704 0.0110244 0.999902 -0.871053
15 22 48 0.99984 -0.00784209 -0.0160468 0.998696 0.00784644 0.999969 0.000207748 -0.0165993 0.0160447 -0.000333625 0.999871 -0.0482702
15 23 81 0.999929 0.00768897 -0.0091346 0.428899 -0.00785169 0.999809 -0.0179127 0.145203 0.00899513 0.0179831 0.999798 -0.891606
15 24 114 0.999738 0.00953989 -0.020815 0.623414 -0.0101255 0.999551 -0.0282135 0.0317362 0.0205365 0.0284169 0.999385 -0.781248
15 25 150 0.999179 -0.00383186 -0.0403224 0.708597 0.00271027 0.999609 -0.0278335 0.0942999 0.0404133 0.0277014 0.998799 -0.699284
15 26 44 0.999395 0.028039 -0.0205593 0.678905 -0.0282416 0.999555 -0.00962826 -0.112468 0.0202802 0.0102031 0.999742 0.725561
15 27 249 0.99848 0.0145602 -0.0531487 0.904197 -0.0165163 0.999195 -0.0365526 0.205619 0.0525737 0.0373749 0.997917 -0.374365
15 28 160 0.998557 0.019465 -0.0500457 0.826078 -0.0210326 0.999298 -0.0309909 0.0743651 0.0494073 0.0319988 0.998266 -0.558628
15 29 106 0.997416 0.0248879 -0.0673995 0.787222 -0.0266429 0.999326 -0.0252673 0.0969317 0.0667252 0.0269977 0.997406 -0.609003
30 31 83 0.999863 0.0107433 0.0125805 -0.487675 -0.0107318 0.999942 -0.000985797 0.0590921 -0.0125904 0.000850651 0.99992 0.871023
30 32 16 0.999855 0.0158686 0.00623779 -0.836542 -0.0159089 0.999853 0.00647036 -0.314482 -0.00613419 -0.00656865 0.99996 0.448663
30 33 57 0.999958 0.00744572 0.00524972 -0.682354 -0.00745814 0.999969 0.00234915 -0.0777406 -0.00523207 -0.00238821 0.999983 0.726876
30 34 11 0.999959 0.00801534 -0.00428096 -0.865165 -0.00806202 0.999907 -0.0110018 -0.145227 0.00419238 0.0110359 0.99993 0.479998
30 35 16 0.999948 0.00430204 -0.00921808 -0.598455 -0.0042837 0.999989 0.0020078 -0.161646 0.00922661 -0.00196821 0.999955 0.78468
30 36 25 0.999976 0.000420458 -0.00696757 -0.824793 -0.000395642 0.999994 0.00356255 -0.102724 0.00696902 -0.00355971 0.999969 0.556025
30 37 100 0.998126 0.00929273 -0.060487 0.907392 -0.00991765 0.9999 -0.0100394 0.234085 0.0603877 0.0106204 0.998118 -0.349061
30 38 82 0.999656 0.021767 -0.0146041 -0.65973 -0.0217946 0.999761 -0.0017364 0.00640058 0.0145628 0.00205409 0.999892 0.751476
30 39 32 0.999642 0.0150562 -0.0221207 0.819501 -0.0146466 0.99972 0.0185627 0.0868003 0.022394 -0.0182321 0.999583 -0.566466
30 40 37 0.999597 0.00942781 -0.0267772 -0.615881 -0.00899973 0.99983 0.0160622 -0.241856 0.0269241 -0.0158147 0.999512 0.749797
30 41 70 0.997871 0.0059985 -0.0649455 0.903768 -0.00397407 0.999504 0.0312557 0.147877 0.0651007 -0.030931 0.997399 -0.401666
30 42 32 0.999122 0.0121139 -0.0400942 0.951355 -0.0104156 0.999051 0.0423002 -0.000563749 0.0405686 -0.0418455 0.9983 0.308097
30 43 65 0.999917 0.00182327 -0.0127343 -0.993219 -0.00130524 0.999176 0.0405705 -0.030453 0.0127977 -0.0405505 0.999096 -0.112195
30 44 33 0.998808 0.0480275 -0.00872586 0.0366477 -0.0475782 0.99781 0.0459433 -0.17993 0.0109133 -0.0454734 0.998906 -0.982997
45 46 52 0.999908 0.013276 0.00261383 -0.372811 -0.0132726 0.999911 -0.0013264 -0.101985 -0.0026312 0.00129158 0.999996 0.922286
45 47 81 0.9999 0.00776121 0.0118427 -0.619978 -0.00773126 0.999967 -0.00257312 -0.052714 -0.0118623 0.0024813 0.999927 0.782847
45 48 18 0.99996 0.00849797 -0.00271076 0.232159 -0.00851665 0.99994 -0.00695572 0.158013 0.00265148 0.00697853 0.999972 -0.959757
45 49 30 0.999857 0.0122371 -0.0116562 0.193301 -0.0122222 0.999924 0.00135232 0.234121 0.0116719 -0.00120966 0.999931 -0.952797
45 50 37 0.999384 0.0346699 -0.00545381 0.240399 -0.0345899 0.999301 0.0141464 -0.0878759 0.00594045 -0.013949 0.999885 0.966688
45 51 23 0.999326 0.036492 -0.00387857 0.129372 -0.0365068 0.999326 -0.00381014 -0.0655596 0.00373691 0.00394916 0.999985 0.989426
45 52 62 0.998539 0.0301694 -0.0448206 0.95202 -0.0317587 0.998876 -0.0351801 0.168465 0.0437089 0.0365522 0.998375 -0.255495
45 53 62 0.997791 0.0504537 -0.0432263 0.612454 -0.0516694 0.998286 -0.0274815 0.219706 0.0417657 0.0296543 0.998687 -0.759361
45 54 41 0.998407 0.052109 -0.0216148 0.993709 -0.0523407 0.998576 -0.0102954 0.0443829 0.0210475 0.0114103 0.999713 -0.102821
45 55 84 0.997022 0.0643951 -0.0424412 0.979552 -0.0636521 0.997798 0.0186324 -0.0554942 0.0435476 -0.0158755 0.998925 0.193386
45 56 61 0.996844 0.0610887 -0.0506979 0.828349 -0.0606128 0.998102 0.0108732 0.1165 0.0512659 -0.00776598 0.998655 -0.547965
45 57 39 0.997864 0.0428963 -0.049272 0.85645 -0.0419624 0.998922 0.019836 -0.0975807 0.0500698 -0.017726 0.998588 0.506923
45 58 114 0.996316 0.0460948 -0.07232 0.987656 -0.0474363 0.998731 -0.0169415 -0.0142999 0.0714472 0.0203096 0.997238 0.155985
45 59 74 0.996786 0.0481753 -0.0640035 0.995633 -0.0487165 0.998789 -0.00692138 -0.00697532 0.0635925 0.0100172 0.997926 0.0930926
60 61 22 0.999956 0.00916257 0.00181325 0.439797 -0.00916245 0.999958 -7.44629e-05 0.220792 -0.00181385 5.78459e-05 0.999998 -0.870534
60 62 18 0.999967 0.00666025 0.00465642 0.43685 -0.00666833 0.999976 0.00172187 0.274903 -0.00464484 -0.00175286 0.999988 -0.856499
60 63 0 1 0 0 0 0 1 0 0 0 0 1 0
60 64 66 0.999849 -0.00279548 -0.0171403 0.981648 0.00282351 0.999995 0.00161111 0.153379 0.0171357 -0.00165926 0.999852 -0.113326
60 65 137 0.99992 -0.00179982 -0.0124821 0.818256 0.00156617 0.999824 -0.0187033 0.140144 0.0125136 0.0186823 0.999747 -0.55751
60 66 50 0.999985 -0.0055103 -0.000789007 0.444711 0.00549734 0.999863 -0.0155836 0.160076 0.00087477 0.0155791 0.999878 -0.881253
60 67 55 0.999949 -0.00314272 -0.00963004 0.486993 0.00298412 0.99986 -0.0164398 0.226057 0.00968036 0.0164102 0.999818 -0.843644
60 68 75 0.999938 0.00751089 -0.0081768 0.423682 -0.00766459 0.999791 -0.0189313 0.0981689 0.0080329 0.0189928 0.999787 -0.900475
60 69 32 0.999937 -0.00657822 -0.00907363 0.783152 0.00647759 0.999918 -0.011076 -0.121303 0.00914574 0.0110165 0.999897 0.609884
60 70 124 0.999426 -0.00916191 -0.0326272 0.90225 0.00885867 0.999916 -0.00942662 0.0962192 0.0327108 0.00913217 0.999423 -0.420341
60 71 48 0.999684 -0.0204021 -0.0147068 -0.833779 0.0203658 0.999789 -0.00261301 -0.157812 0.014757 0.00231267 0.999888 0.529064
60 72 89 0.999334 0.00917245 -0.0353225 0.926432 -0.00880081 0.999904 0.0106624 0.151578 0.0354169 -0.0103444 0.999319 0.344598
60 73 35 0.999737 0.0198148 -0.0115197 0.438677 -0.0197794 0.999799 0.00318413 -0.256721 0.0115804 -0.00295544 0.999929 0.861195
60 74 69 0.999103 0.000806731 -0.0423285 0.990078 -0.000455182 0.999965 0.00831423 -0.091012 0.0423338 -0.00828751 0.999069 0.107061
75 76 39 0.999961 0.00619286 0.00634403 0.380419 -0.00618789 0.999981 -0.000802462 -0.209606 -0.00634888 0.000763174 0.99998 0.900748
75 77 13 0.999994 0.000773575 0.00338132 0.0996923 -0.000775659 1 0.000614977 0.26499 -0.00338084 -0.000617596 0.999994 -0.959084
75 78 102 0.999938 0.00402543 0.0103674 -0.981541 -0.00429605 0.999647 0.026215 -0.189221 -0.0102582 -0.0262579 0.999603 0.0277968
75 79 95 0.9997 0.0222801 -0.0101538 0.501893 -0.0223405 0.999733 -0.00587117 0.108334 0.0100203 0.00609625 0.999931 -0.858118
75 80 58 0.999555 0.0282564 -0.0095992 0.466635 -0.0283535 0.999547 -0.010136 0.1559 0.00930844 0.0104037 0.999903 -0.870602
75 81 40 0.999593 0.0223707 -0.0177252 0.487276 -0.0226474 0.999622 -0.0155661 0.168758 0.0173703 0.0159612 0.999722 -0.856786
75 82 66 0.999172 0.0299346 -0.0275386 0.52854 -0.030435 0.999376 -0.0179374 0.219813 0.0269845 0.0187607 0.99946 -0.819956
75 83 38 0.999215 0.0223804 -0.0326804 0.954326 -0.0227002 0.999698 -0.0094476 0.0869385 0.0324591 0.010182 0.999421 -0.285839
75 84 54 0.998918 0.0379899 -0.0268403 0.500879 -0.0383506 0.999179 -0.0130563 0.153284 0.0263223 0.0140715 0.999554 -0.851836
75 85 29 0.9993 0.0288149 -0.0238473 -0.324914 -0.0286614 0.999566 0.00675427 0.0795159 0.0240316 -0.00606605 0.999693 -0.942395
75 86 28 0.9985 0.0507558 -0.0205404 0.671056 -0.0503872 0.998566 0.0180825 -0.02888 0.0214287 -0.0170204 0.999625 -0.740844
75 87 90 0.998033 0.0555342 -0.0290841 0.693597 -0.0548615 0.998219 0.0234376 0.140468 0.0303339 -0.0217959 0.999302 -0.706535
75 88 75 0.999328 0.0365345 0.00297116 -0.994227 -0.0366534 0.996784 0.0712586 0.0806697 -0.000358212 -0.0713196 0.997453 0.0707429
75 89 109 0.998167 0.0475474 -0.0374441 0.904551 -0.0466514 0.998612 0.0244517 0.225399 0.0385547 -0.02266 0.999 -0.361915
90 91 0 1 0 0 0 0 1 0 0 0 0 1 0
90 92 64 0.999411 0.00197805 -0.0342494 0.907481 -0.00194306 0.999998 0.00105495 -0.135684 0.0342514 -0.000987783 0.999413 -0.397578
90 93 26 0.999633 -0.00797454 -0.025888 0.817339 0.0081891 0.999933 0.00819256 0.0294631 0.0258209 -0.00840155 0.999631 0.575403
90 94 80 0.999288 -0.00935981 -0.0365479 0.77003 0.00944218 0.999953 0.00208181 0.324728 0.0365267 -0.00242542 0.99933 -0.549187
90 95 33 0.999783 -0.0186954 -0.00916962 -0.731616 0.0186786 0.999824 -0.0019083 0.22159 0.00920368 0.00173661 0.999956 -0.644698
90 96 25 0.999635 0.00278633 -0.0268676 0.589671 -0.00284378 0.999994 -0.00210045 -0.013964 0.0268615 0.00217609 0.999637 -0.807523
90 97 34 0.999397 -0.00709494 -0.0339949 0.937086 0.00747493 0.999911 0.0110639 -0.17048 0.0339133 -0.0113114 0.999361 0.304642
90 98 29 0.999518 0.0058211 -0.0305085 0.529766 -0.00615877 0.999921 -0.0109858 -0.1138 0.0304422 0.0111684 0.999474 -0.840475
90 99 34 0.999256 -0.0218074 -0.0318249 0.509503 0.0215226 0.999725 -0.00926298 0.189235 0.0320181 0.00857113 0.999451 -0.839403
90 100 26 0.998861 -0.00745961 -0.0471377 0.800818 0.00666546 0.999834 -0.0169823 0.130681 0.0472565 0.0166487 0.998744 -0.584477
90 101 43 0.999661 -0.00222014 -0.0259351 -0.585367 0.00270775 0.99982 0.0187814 0.0833513 0.0258887 -0.0188453 0.999487 -0.806472
90 102 65 0.995184 -0.00712523 -0.0977623 0.992303 0.00712466 0.999975 -0.00035492 0.0278745 0.0977624 -0.000343313 0.99521 0.120657
90 103 47 0.996688 -0.010153 -0.0806797 0.980971 0.00941986 0.999911 -0.00946218 0.0224796 0.0807686 0.00867085 0.996695 0.192848
90 104 30 0.997845 -0.000351478 -0.065614 0.867957 0.000258072 0.999999 -0.00143204 -0.0473707 0.0656145 0.00141202 0.997844 0.494376
105 106 0 1 0 0 0 0 1 0 0 0 0 1 0
105 107 13 0.999751 0.0183279 -0.0127577 0.997406 -0.0183601 0.999829 -0.00241175 0.00671415 0.0127113 0.00264538 0.999916 -0.071673
105 108 67 0.99924 0.0286073 -0.0264754 0.875254 -0.0285308 0.999588 0.00326045 -0.345622 0.0265578 -0.00250261 0.999644 0.338342
105 109 43 0.998905 0.0432652 -0.0177783 0.939894 -0.0434493 0.999005 -0.0101009 0.030813 0.0173236 0.0108623 0.999791 -0.340072
105 110 51 0.998092 0.0585878 -0.0195077 0.931309 -0.0585972 0.998282 8.99861e-05 -0.196579 0.0194795 0.00105329 0.99981 0.306628
105 111 48 0.997412 0.0578543 -0.0426772 0.993449 -0.0585002 0.998189 -0.014044 -0.0298981 0.0417874 0.0165043 0.99899 -0.110296
105 112 31 0.997869 0.0622374 -0.0195742 0.897728 -0.0627203 0.997715 -0.0251075 -0.129675 0.0179669 0.0262817 0.999493 -0.421032
105 113 40 0.997583 0.0602692 -0.0345913 0.999078 -0.060709 0.998086 -0.0118044 -0.041791 0.0338136 0.0138759 0.999332 -0.00981978
105 114 44 0.997542 0.060173 -0.0359185 0.958265 -0.0602996 0.998177 -0.00245238 -0.169693 0.0357055 0.00461223 0.999352 0.23007
105 115 22 0.997638 0.0684512 0.00578779 -0.492455 -0.0683114 0.997429 -0.0216364 0.0144546 -0.00725394 0.0211899 0.999749 0.870218
105 116 0 1 0 0 0 0 1 0 0 0 0 1 0
105 117 0 1 0 0 0 0 1 0 0 0 0 1 0
105 118 25 0.994703 0.0959138 -0.0369757 0.65811 -0.0984092 0.992471 -0.072919 0.00819457 0.0297033 0.0761715 0.996652 -0.752877
105 119 46 0.990412 0.0914864 -0.103508 0.943532 -0.100658 0.991096 -0.0871573 0.0114846 0.0946131 0.0967406 0.990803 -0.331081
120 121 13 0.999839 0.0146842 0.0102964 -0.473609 -0.0147279 0.999883 0.00417655 0.252462 -0.0102339 -0.00432752 0.999938 -0.843776
120 122 10 0.999866 0.0145604 0.0075069 -0.852197 -0.0146223 0.999859 0.00825784 -0.0804289 -0.00738561 -0.0083665 0.999938 -0.517002
120 123 18 0.999323 0.0300199 0.021287 -0.461767 -0.0305328 0.999241 0.0241939 0.27243 -0.0205445 -0.0248275 0.999481 -0.844128
120 124 31 0.999705 -0.00658912 -0.0233693 0.448045 0.00959522 0.991342 0.130954 -0.828889 0.0223041 -0.13114 0.991113 -0.33496
120 125 30 0.999946 -0.00556311 0.00875291 0.488196 0.00503088 0.998204 0.0596953 -0.427662 -0.00906928 -0.059648 0.998178 0.760769
120 126 18 0.999812 0.00988319 0.0167114 0.0465121 -0.0108557 0.998191 0.0591412 -0.372281 -0.0160966 -0.0593114 0.99811 -0.926954
120 127 68 0.998265 -0.0563953 0.0168994 -0.0834726 0.0550557 0.995931 0.0713431 -0.99407 -0.0208541 -0.070289 0.997309 -0.0696947
120 128 40 0.998062 -0.0585878 0.0209809 -0.489491 0.0576876 0.997484 0.0412108 -0.494415 -0.0233426 -0.0399205 0.99893 0.718298
120 129 58 0.998645 -0.0519059 0.00373 0.415016 0.0517061 0.997794 0.0416471 -0.296149 -0.0058835 -0.0413978 0.999125 0.860266
120 130 35 0.998062 -0.0555573 0.0280122 -0.366515 0.0545394 0.997867 0.0358818 -0.382054 -0.029946 -0.0342845 0.998963 0.848352
120 131 45 0.996807 -0.0732575 0.0317612 -0.0922588 0.0716668 0.996243 0.0486221 -0.124999 -0.0352038 -0.0461906 0.998312 0.987858
120 132 22 0.994267 -0.105457 0.0176368 -0.104118 0.104719 0.993755 0.0385255 -0.206053 -0.0215894 -0.0364578 0.999102 0.972986
120 133 20 0.997522 -0.060409 -0.0360523 0.477663 0.0624943 0.99625 0.0598303 -0.187425 0.0323028 -0.0619351 0.997557 0.858318
120 134 41 0.997264 -0.0569719 -0.0471095 0.393244 0.0600328 0.99599 0.0663373 -0.139217 0.0431412 -0.0689839 0.996685 0.908833
135 136 0 1 0 0 0 0 1 0 0 0 0 1 0
135 137 12 0.999861 0.00801356 -0.0146282 -0.444375 -0.00820219 0.999883 -0.0128806 0.147993 0.0145233 0.0129987 0.99981 -0.883532
135 138 0 1 0 0 0 0 1 0 0 0 0 1 0
135 139 34 0.999382 0.00761652 -0.0343122 0.369115 -0.00817073 0.999838 -0.016041 -0.363446 0.0341845 0.0163115 0.999282 0.855372
135 140 45 0.999098 0.00781541 -0.0417492 0.31345 -0.00875169 0.999713 -0.0222907 -0.407316 0.0415631 0.0226359 0.998879 0.857813
135 141 13 0.998449 0.0246399 -0.0499282 0.299827 -0.0265247 0.998947 -0.0374454 0.174415 0.048953 0.0387117 0.998051 -0.937914
135 142 30 0.999105 0.00972587 -0.041176 -0.0271524 -0.0111033 0.999382 -0.0333573 -0.143034 0.0408261 0.0337846 0.998595 0.989345
135 143 34 0.996514 0.0395094 -0.0734729 0.888004 -0.0394092 0.999219 0.00281345 -0.300345 0.0735267 9.18628e-05 0.997293 0.348197
135 144 24 0.997011 0.0368409 -0.0679057 0.249181 -0.0385394 0.998972 -0.0238738 0.0914922 0.0669563 0.0264195 0.997406 0.964125
135 145 53 0.992156 0.0113415 -0.124489 0.78476 -0.0182579 0.998344 -0.0545589 0.532181 0.123664 0.0564039 0.99072 -0.317703
135 146 0 1 0 0 0 0 1 0 0 0 0 1 0
135 147 28 0.997047 0.0454224 -0.0619201 -0.645251 -0.0470803 0.998563 -0.0255833 -0.251883 0.0606691 0.028423 0.997753 0.721253
135 148 13 0.99645 0.0349694 -0.0765797 0.920282 -0.0358034 0.999313 -0.00954389 0.22051 0.0761934 0.0122518 0.997018 -0.323198
135 149 38 0.998206 0.0523766 -0.0290245 -0.918332 -0.0520653 0.998579 0.0113817 0.128526 0.0295794 -0.00985008 0.999514 0.374363
150 151 0 1 0 0 0 0 1 0 0 0 0 1 0
150 152 32 0.999997 0.00193435 -0.00169306 0.330813 -0.0019384 0.999995 -0.00239298 -0.13828 0.00168843 0.00239625 0.999996 0.93351
150 153 17 0.999873 0.0159387 0.000649372 0.249106 -0.0159377 0.999872 -0.00152744 0.0440426 -0.000673634 0.00151689 0.999999 0.967474
150 154 26 0.999948 0.00931298 -0.00419756 -0.408594 -0.00931493 0.999957 -0.000445798 0.182476 0.00419323 0.000484875 0.999991 -0.894289
150 155 22 0.999795 0.0195262 -0.00534727 -0.551965 -0.0195155 0.999807 0.00204896 0.204424 0.00538625 -0.00194418 0.999984 -0.808422
150 156 138 0.998644 0.00409231 -0.0518954 0.724062 -0.00487519 0.999876 -0.0149682 -0.21051 0.0518277 0.0152009 0.99854 0.656826
150 157 114 0.999962 -0.00256983 -0.00829396 -0.00852727 0.00243173 0.999859 -0.0166185 -0.108967 0.0083355 0.0165977 0.999828 0.994009
150 158 130 0.998442 0.00329467 -0.055708 0.961297 -0.00407296 0.999896 -0.0138631 0.0543622 0.0556565 0.0140684 0.998351 0.270097
150 159 135 0.997829 0.0309484 -0.0581288 0.744978 -0.0330804 0.998801 -0.0360799 0.160008 0.0569425 0.0379245 0.997657 -0.647615
150 160 80 0.998276 0.0339242 -0.0479004 0.468474 -0.0352365 0.999019 -0.0268234 0.0234252 0.0469435 0.028465 0.998492 -0.883167
150 161 79 0.999979 -0.00622006 0.0017196 -0.386344 0.00625226 0.999792 -0.0194033 -0.136558 -0.00159856 0.0194136 0.99981 0.91219
150 162 27 0.998679 0.0213405 -0.0467376 0.944737 -0.0215708 0.999758 -0.00442737 -0.152591 0.0466318 0.00542969 0.998897 0.290152
150 163 114 0.9922 0.0400841 -0.118039 0.847108 -0.0471516 0.99722 -0.0577022 0.0401736 0.115398 0.0628179 0.991331 -0.5299
150 164 109 0.965683 0.0346862 -0.257396 0.86978 -0.0305835 0.999334 0.0199268 -0.435629 0.257916 -0.0113709 0.9661 -0.231753
165 166 0 1 0 0 0 0 1 0 0 0 0 1 0
165 167 81 0.999937 0.0107726 0.00320807 -0.234856 -0.0107739 0.999942 0.000398301 -0.0790163 -0.00320359 -0.000432839 0.999995 0.968813
165 168 10 0.999028 0.0440319 -0.0021789 -0.185219 -0.0440269 0.999028 0.00228886 -0.434667 0.00227756 -0.0021907 0.999995 0.881339
165 169 81 0.990843 0.133517 -0.0200672 0.100589 -0.134939 0.984311 -0.113682 0.63896 0.00457397 0.115349 0.993315 0.762635
165 170 120 0.998732 0.0253631 -0.0434939 0.986967 -0.0255719 0.999664 -0.00425121 -0.0189063 0.0433715 0.00535804 0.999045 -0.159807
165 171 47 0.998958 0.0456314 -0.00021043 0.401118 -0.045631 0.998957 0.00143433 -0.156355 0.000275661 -0.00142323 0.999999 0.902584
165 172 36 0.999122 0.0412702 -0.00720473 0.810433 -0.0412016 0.999106 0.00941872 0.0491101 0.00758701 -0.0091136 0.99993 0.583769
165 173 35 0.999237 0.0372391 0.0118097 -0.65245 -0.0371768 0.999294 -0.00545027 -0.0164932 -0.0120043 0.00500706 0.999915 0.757652
165 174 50 0.998118 0.0590642 0.0164699 -0.197781 -0.0590562 0.998254 -0.000974735 -0.296553 -0.0164987 2.50766e-07 0.999864 0.934312
165 175 84 0.998131 0.0434426 -0.0429722 0.984573 -0.043388 0.999056 0.00220208 0.0187602 0.0430273 -0.000333489 0.999074 -0.173964
165 176 50 0.999179 0.0404834 0.00149903 -0.878317 -0.0405106 0.998675 0.0317334 -0.0115612 -0.00021237 -0.0317681 0.999495 -0.477939
165 177 60 0.997489 0.0232772 0.0668866 -0.725071 -0.0237719 0.999696 0.00660889 -0.122967 -0.0667124 -0.00818231 0.997739 0.677607
165 178 35 0.998586 0.0528264 -0.0059514 0.732751 -0.0526587 0.998287 0.0254941 -0.0466104 0.00728796 -0.0251446 0.999657 0.678899
165 179 45 0.999352 0.0257164 0.0251678 -0.326096 -0.0251799 0.999454 -0.0214064 -0.0718102 -0.0257045 0.0207589 0.999454 0.942605
180 181 53 0.999943 -0.0100158 -0.00373675 0.322576 0.0100275 0.999945 0.00312777 -0.469719 0.00370521 -0.00316506 0.999988 0.821772
180 182 20 0.999971 0.0067347 -0.00368001 0.135206 -0.00672635 0.999975 0.00227601 0.28851 0.00369525 -0.00225119 0.999991 -0.947883
180 183 29 0.999832 0.0155785 -0.00964692 0.224083 -0.0155814 0.999879 -0.000232925 0.316324 0.00964212 0.000383199 0.999953 -0.921806
180 184 36 0.999893 0.00218076 -0.0144521 0.620639 -0.00216759 0.999997 0.000926917 0.186894 0.014454 -0.000895492 0.999895 -0.761497
180 185 54 0.999805 0.0197255 -0.00135419 -0.658656 -0.0196953 0.999615 0.0195182 0.0239848 0.00173868 -0.0194877 0.999809 -0.752062
180 186 40 0.999779 0.0097561 -0.0186226 0.467444 -0.00974946 0.999952 0.000447548 -0.296916 0.0186261 -0.000265888 0.999826 0.832669
180 187 33 0.999473 0.00265345 -0.0323429 0.992905 -0.00254854 0.999991 0.00328431 0.117516 0.0323513 -0.00320015 0.999471 -0.0181676
180 188 30 0.999896 0.0105932 -0.00981134 -0.652846 -0.0108105 0.999691 -0.0223659 -0.254687 0.00957138 0.0224697 0.999702 0.713391
180 189 43 0.999439 0.0258393 -0.0213309 0.233253 -0.0258057 0.999665 0.00184826 -0.231639 0.0213715 -0.00129677 0.999771 0.944424
180 190 37 0.999063 0.0137124 -0.0410471 0.677206 -0.0142 0.999832 -0.011613 0.110676 0.0408809 0.012185 0.99909 -0.727422
180 191 42 0.998971 0.030662 -0.0334109 0.27502 -0.0310062 0.999471 -0.00983212 0.277038 0.0330918 0.010858 0.999393 -0.92066
180 192 66 0.997941 0.0286267 -0.0573952 0.8017 -0.0280982 0.999555 0.0099933 0.0457826 0.0576557 -0.00836002 0.998302 0.595971
180 193 27 0.998612 0.0281949 -0.0444765 0.374823 -0.0289033 0.999464 -0.0153656 0.174375 0.0440195 0.0166298 0.998892 -0.91055
180 194 81 0.996692 0.0267809 -0.0767383 0.819277 -0.0278391 0.999531 -0.0127539 0.166152 0.0763608 0.014848 0.99697 -0.548797
195 196 0 1 0 0 0 0 1 0 0 0 0 1 0
195 197 19 0.999817 0.0183092 -0.0055977 0.348814 -0.0182658 0.999803 0.00770764 -0.263895 0.00573772 -0.00760398 0.999955 0.899271
195 198 20 0.999682 0.0149028 -0.0203426 0.906319 -0.0145588 0.99975 0.0169584 0.397748 0.0205903 -0.0166568 0.999649 -0.142769
195 199 78 0.999144 0.0265844 -0.03169 0.99296 -0.0260553 0.999516 0.0169942 0.0024 0.0321264 -0.016154 0.999353 -0.118423
195 200 53 0.998666 0.0434945 -0.0278366 0.788694 -0.0435152 0.999053 -0.000138262 0.136217 0.0278042 0.00134939 0.999612 -0.599506
195 201 27 0.99843 0.0548653 -0.0112968 0.261023 -0.0548356 0.998491 0.00292464 -0.18024 0.0114402 -0.00230058 0.999932 0.948357
195 202 23 0.998625 0.0491537 -0.0182383 0.695654 -0.049293 0.998758 -0.00726922 -0.0240292 0.0178583 0.00815824 0.999807 0.717975
195 203 37 0.998573 0.0510535 -0.015691 0.467778 -0.0512944 0.998566 -0.0153512 -0.0946558 0.0148848 0.0161342 0.999759 0.878763
195 204 44 0.997869 0.0488287 -0.0432778 0.33992 -0.0509043 0.997538 -0.048233 0.326018 0.0408161 0.0503332 0.997898 -0.882138
195 205 43 0.991229 0.045777 -0.123976 0.954271 -0.0513148 0.997805 -0.0418482 0.0109923 0.121788 0.047843 0.991402 0.298741
195 206 35 0.997727 0.0634567 -0.0226615 0.604761 -0.0630322 0.997831 0.0189788 -0.0241905 0.0238167 -0.0175072 0.999563 0.79604
195 207 29 0.998325 0.0507511 -0.0277756 0.737177 -0.0511834 0.998575 -0.0150824 0.193012 0.0269706 0.0164788 0.9995 -0.647546
195 208 65 0.997142 0.0540407 -0.0527938 0.84627 -0.0551166 0.998296 -0.0191402 0.167737 0.0516695 0.0219953 0.998422 -0.50566
195 209 43 0.99738 0.0519945 -0.0502947 0.761216 -0.0533662 0.998228 -0.0263255 0.178895 0.0488368 0.0289406 0.998387 -0.623335
210 211 11 0.999995 -0.00305755 0.00105638 0.312566 0.00306133 0.999989 -0.00359604 -0.194175 -0.00104538 0.00359926 0.999993 0.929838
210 212 11 0.999988 -0.00435232 -0.00210328 0.175057 0.00436001 0.999984 0.00366216 0.182906 0.0020873 -0.00367129 0.999991 -0.967419
210 213 11 0.999802 -0.0194488 -0.00422874 -0.348443 0.0194834 0.999776 0.00829164 -0.257372 0.00406653 -0.00837239 0.999957 0.901303
210 214 15 0.999606 -0.0259666 -0.0106721 -0.870909 0.0261333 0.999534 0.0157934 -0.210307 0.010257 -0.016066 0.999818 0.444172
210 215 40 0.997893 -0.00955132 -0.0641754 0.907732 0.00887217 0.999902 -0.0108593 0.301287 0.0642728 0.0102671 0.99788 -0.291975
210 216 0 1 0 0 0 0 1 0 0 0 0 1 0
210 217 25 0.998845 -0.0188943 -0.0441736 0.834619 0.0198668 0.999568 0.0216796 0.142949 0.0437449 -0.0225322 0.998789 0.531955
210 218 30 0.998824 -0.00583312 -0.0481214 0.62043 0.00680395 0.999776 0.0200355 0.014191 0.0479938 -0.0203394 0.998641 0.784133
210 219 41 0.99629 -0.00767702 -0.085714 0.995616 0.00830118 0.999942 0.00692779 0.0831863 0.0856558 -0.00761361 0.996296 -0.042763
210 220 40 0.996092 -0.0072483 -0.088023 0.985994 0.00734878 0.999973 0.000817511 0.122404 0.0880146 -0.00146118 0.996118 -0.113285
210 221 42 0.996277 0.00779223 -0.0858576 0.623573 -0.00884937 0.99989 -0.011939 0.309609 0.0857551 0.0126543 0.996236 -0.717844
210 222 22 0.997408 0.0282002 -0.0662038 0.51189 -0.0254242 0.998777 0.0424043 0.0813966 0.0673186 -0.0406112 0.996905 0.855186
210 223 41 0.991064 -0.00930239 -0.133061 0.984827 0.0119866 0.99974 0.0193861 0.167212 0.132846 -0.0208078 0.990918 -0.0464312
210 224 34 0.985762 0.0082523 -0.167945 0.971645 -0.00173594 0.999241 0.0389105 -0.104705 0.168139 -0.0380649 0.985028 0.211996
225 226 0 1 0 0 0 0 1 0 0 0 0 1 0
225 227 37 0.999734 0.00615102 -0.0222503 0.911567 -0.00606404 0.999974 0.00397465 0.0103561 0.0222741 -0.00383866 0.999745 0.411021
225 228 34 0.999684 0.0118713 -0.0221483 0.921358 -0.0118382 0.999929 0.00162259 -0.252371 0.022166 -0.00135988 0.999753 0.29565
225 229 23 0.999696 0.019214 -0.0154329 0.939589 -0.0190663 0.999772 0.00966163 -0.0342686 0.015615 -0.00936445 0.999834 0.340585
225 230 21 0.999403 0.0296765 -0.0176815 0.77164 -0.0294375 0.999474 0.013627 0.0676845 0.0180766 -0.0130983 0.999751 0.632448
225 231 11 0.999769 0.0212847 -0.00313283 -0.147477 -0.0211657 0.999195 0.0340774 -0.0849734 0.00385564 -0.0340032 0.999414 -0.985409
225 232 0 1 0 0 0 0 1 0 0 0 0 1 0
225 233 16 0.998667 0.0105797 -0.0505138 0.893857 -0.0065102 0.996769 0.0800563 0.101947 0.0511976 -0.0796207 0.99551 -0.436607
225 234 37 0.997469 0.0544235 -0.0457552 -0.488094 -0.0502942 0.994937 0.0870065 -0.0887397 0.0502588 -0.0844851 0.995156 -0.868268
225 235 26 0.996939 0.0644152 -0.0443115 0.44549 -0.0604815 0.994542 0.085018 0.00297245 0.0495461 -0.0820777 0.995394 0.895282
225 236 51 0.996517 0.0527048 -0.0646187 0.805508 -0.0466761 0.994711 0.0914987 0.0262469 0.0690993 -0.0881638 0.993706 0.592003
225 237 53 0.996546 0.0542862 -0.0628464 0.536824 -0.048724 0.995026 0.0868855 -0.152337 0.0672505 -0.0835233 0.994234 0.829827
225 238 22 0.997338 0.0531931 -0.0498817 0.666778 -0.0489733 0.995403 0.0823082 0.0651034 0.0540306 -0.0796462 0.995358 0.742407
225 239 31 0.997344 0.0587212 -0.0430903 0.661326 -0.0549915 0.995018 0.0831574 0.00953814 0.0477588 -0.0805669 0.995604 0.750038
240 241 11 0.999988 0.00489932 -9.75125e-05 -0.818109 -0.00489908 0.999985 0.00234943 -0.0168239 0.000109022 -0.00234893 0.999997 -0.574817
240 242 67 0.999973 0.0017726 -0.0070859 0.534116 -0.0017393 0.999987 0.00470349 -0.368521 0.00709415 -0.00469104 0.999964 0.760863
240 243 26 0.999981 0.00505466 -0.00344331 0.450043 -0.00505598 0.999987 -0.00037689 -0.0362541 0.00344136 0.000394292 0.999994 0.892271
240 244 38 0.999831 -0.0123721 -0.0136033 0.776692 0.0122952 0.999908 -0.0057234 0.078504 0.0136729 0.00555518 0.999891 -0.624969
240 245 45 0.999908 0.0131557 0.00333513 -0.485481 -0.0131301 0.999885 -0.00759965 0.0162058 -0.00343473 0.00755516 0.999966 -0.874097
240 246 111 0.999808 -0.00213863 -0.019455 0.648491 0.00195276 0.999952 -0.00956745 -0.2284 0.0194746 0.00952763 0.999765 -0.726149
240 247 89 0.999579 -0.00177743 -0.028947 0.997397 0.00192931 0.999985 0.00521974 -0.072081 0.0289373 -0.0052734 0.999567 0.00199141
240 248 80 0.999806 0.0186201 -0.00647012 -0.472286 -0.0185832 0.999811 0.00570374 0.0080291 0.0065751 -0.00558239 0.999963 -0.881409
240 249 32 0.999827 0.00711183 -0.0171881 0.956269 -0.00701371 0.999959 0.00576226 0.0929238 0.0172284 -0.00564071 0.999836 0.277334
240 250 119 0.99856 0.0186452 -0.0502963 0.869354 -0.01711 0.99938 0.0307815 -0.158273 0.050839 -0.0298766 0.99826 0.46816
240 251 101 0.99999 -0.00160758 -0.00419528 -0.979334 0.00172255 0.999619 0.0275463 -0.193984 0.0041494 -0.0275532 0.999612 0.057233
240 252 130 0.999646 0.0260136 -0.00550726 -0.704447 -0.0257542 0.998749 0.0428551 -0.0930315 0.00661519 -0.0426981 0.999066 -0.703633
240 253 24 0.999509 0.0256149 -0.0180208 0.863206 -0.0251166 0.99931 0.0273552 0.102493 0.018709 -0.0268891 0.999463 0.494339
240 254 143 0.994883 0.0712669 -0.0716119 0.845848 -0.0646004 0.993712 0.0914501 -0.156176 0.077679 -0.086356 0.993231 0.510049
255 256 11 0.999914 0.0131237 -0.000440894 -0.0163554 -0.0131188 0.999866 0.00977332 0.930411 0.000569097 -0.00976669 0.999952 -0.366154
255 257 64 0.999988 0.00205892 0.00452068 0.252178 -0.00212594 0.999887 0.0148706 -0.377144 -0.00448955 -0.01488 0.999879 0.891161
255 258 21 0.999047 0.0436517 -0.000109467 0.210577 -0.0436493 0.999013 0.00818776 0.241873 0.000466769 -0.00817518 0.999966 -0.947182
255 259 25 0.998126 0.0606226 0.00837231 -0.522061 -0.0605254 0.998101 -0.0114071 -0.0117897 -0.00904794 0.010879 0.9999 0.852827
255 260 29 0.997351 0.0703788 0.0183969 -0.479975 -0.0702651 0.997505 -0.00675688 0.048667 -0.0188265 0.00544631 0.999808 -0.875931
255 261 169 0.99727 0.0728184 -0.0122107 0.834437 -0.0726474 0.997261 0.0139099 -0.227357 0.0131901 -0.0129848 0.999829 0.502019
255 262 24 0.997911 0.0644425 0.00453192 0.990132 -0.0644068 0.997895 -0.00762515 -0.0251763 -0.00501377 0.00731734 0.999961 0.137855
255 263 101 0.997241 0.0694035 -0.0263371 0.751281 -0.0694957 0.997579 -0.00259817 0.0952255 0.026093 0.00442132 0.99965 -0.653077
255 264 89 0.996878 0.0789065 -0.00299473 -0.492281 -0.0788694 0.996825 0.0109537 0.0169456 0.00384954 -0.0106834 0.999936 -0.870271
255 265 105 0.995598 0.0845376 -0.0404624 0.799764 -0.083053 0.995856 0.0370671 -0.171628 0.0434283 -0.0335434 0.998493 0.575257
255 266 135 0.994953 0.0824269 -0.0572301 0.867952 -0.0806632 0.996212 0.0324769 -0.151198 0.0596902 -0.0276966 0.997833 0.473074
255 267 19 0.996347 0.0824239 -0.0223345 0.852692 -0.0823126 0.996589 0.00585754 0.163544 0.0227411 -0.00399773 0.999733 0.496155
255 268 44 0.998259 0.0524393 -0.0270084 0.904885 -0.0527317 0.998556 -0.0102264 0.0323111 0.0264331 0.0116328 0.999583 -0.424429
255 269 83 0.996641 0.0799148 -0.0178729 -0.609774 -0.0799605 0.996796 -0.00185498 0.0154126 0.0176674 0.00327787 0.999839 -0.792426
270 271 149 0.999839 0.013062 0.0123131 -0.432993 -0.0129439 0.99987 -0.00962147 0.428702 -0.0124372 0.00946054 0.999878 0.792926
270 272 11 0.999862 0.0133026 -0.00993642 0.637983 -0.0132401 0.999892 0.00632797 -0.152048 0.0100195 -0.00619554 0.999931 0.75489
270 273 67 0.999676 0.0110524 -0.0229497 0.672601 -0.0109675 0.999933 0.00382223 -0.121522 0.0229904 -0.00356929 0.999729 0.72996
270 274 40 0.999477 0.0219678 -0.0237513 -0.449697 -0.0219054 0.999756 0.00288387 0.169054 0.0238088 -0.00236208 0.999714 -0.877037
270 275 160 0.998311 0.0221536 -0.053714 0.793922 -0.0208616 0.999482 0.0244972 -0.4094 0.0542289 -0.0233352 0.998256 0.449532
270 276 152 0.997722 0.0257377 -0.0623546 0.849769 -0.0239726 0.999295 0.0288934 -0.16181 0.0630543 -0.0273328 0.997636 0.501708
270 277 81 0.999084 0.0183858 -0.0386432 -0.425866 -0.0182689 0.999827 0.00337549 0.0210606 0.0386986 -0.00266643 0.999247 -0.904541
270 278 107 0.993451 0.0405648 -0.106817 0.832548 -0.0362623 0.998463 0.0419188 -0.419001 0.108353 -0.0377709 0.993395 0.362358
270 279 66 0.997177 0.0311964 -0.0682997 0.496502 -0.0307092 0.999495 0.00817258 0.139796 0.0685201 -0.00605209 0.997631 -0.856705
270 280 35 0.997231 0.0399229 -0.0627485 0.421044 -0.038966 0.999106 0.0164004 -0.0317124 0.0633472 -0.0139099 0.997895 0.906486
270 281 84 0.994402 0.0616069 -0.0858483 0.525394 -0.0585825 0.997585 0.0373167 -0.239147 0.0879399 -0.0320786 0.995609 0.81656
270 282 29 0.996679 0.0347147 -0.0736627 0.955753 -0.0360309 0.999213 -0.0166148 0.0872391 0.0730279 0.0192137 0.997145 -0.280938
270 283 109 0.992979 0.035153 -0.112949 0.951023 -0.0334543 0.999297 0.0169005 -0.122467 0.113464 -0.0130032 0.993457 0.283826
270 284 96 0.986191 0.0759269 -0.147182 0.667739 -0.0660395 0.995292 0.0709447 -0.263529 0.151876 -0.0602452 0.986562 0.696187
285 286 0 1 0 0 0 0 1 0 0 0 0 1 0
285 287 27 0.999916 -0.000313361 -0.0129598 0.294618 0.000276131 0.999996 -0.00287441 0.292806 0.0129607 0.00287059 0.999912 -0.909651
285 288 36 0.999903 0.00152554 -0.0138115 -0.220914 -0.00131376 0.999882 0.0153298 -0.132175 0.0138332 -0.0153102 0.999787 -0.966295
285 289 33 0.999735 -0.000493176 -0.0230153 -0.449715 0.00103239 0.999725 0.0234226 -0.00883695 0.0229974 -0.0234402 0.999461 -0.893129
285 290 97 0.999885 -0.00726608 -0.0132991 -0.88237 0.00750627 0.999808 0.0181008 -0.301253 0.013165 -0.0181985 0.999748 -0.361484
285 291 46 0.999095 0.020988 -0.0369935 -0.385849 -0.0192536 0.998726 0.0466336 -0.0291242 0.0379251 -0.0458791 0.998227 -0.922102
285 292 37 0.998106 0.0467306 -0.040012 -0.310439 -0.0444734 0.997464 0.055558 0.131292 0.0425068 -0.0536733 0.997653 -0.941483
285 293 98 0.997377 0.0371272 -0.0621423 0.861355 -0.0323448 0.996562 0.0762706 -0.0252737 0.0647604 -0.0740606 0.995149 0.507374
285 294 102 0.995311 0.0314533 -0.0914739 0.903437 -0.0251329 0.997269 0.0694451 -0.0732224 0.0934083 -0.0668205 0.993383 0.422423
285 295 59 0.99497 0.0412208 -0.0913009 0.768006 -0.0356103 0.997425 0.0622505 -0.0453626 0.0936318 -0.0586861 0.993876 0.638834
285 296 91 0.993438 0.0174974 -0.113026 0.695527 -0.00993385 0.997694 0.0671385 0.164795 0.113941 -0.0655751 0.991321 -0.699346
285 297 34 0.996415 0.0438961 -0.0723222 -0.779496 -0.0395275 0.997369 0.0607666 0.084432 0.0747993 -0.05769 0.995528 -0.620691
285 298 91 0.987975 0.0570956 -0.143686 0.895046 -0.0495175 0.997215 0.0557778 0.0916284 0.146471 -0.0479921 0.98805 -0.436459
285 299 82 0.9869 0.0750339 -0.142821 0.739647 -0.0679717 0.996241 0.053707 0.111779 0.146314 -0.0432957 0.98829 -0.663647
300 301 15 0.999977 0.00111036 -0.00669977 -0.927955 -0.00109227 0.999996 0.00270252 0.268262 0.00670274 -0.00269514 0.999974 0.258719
300 302 104 0.99984 -0.00983192 -0.0149602 0.500173 0.00989408 0.999943 0.00408634 -0.0201159 0.0149192 -0.0042337 0.99988 0.865692
300 303 303 0.999333 -0.0131543 -0.0340687 0.597485 0.0139585 0.999627 0.0234754 0.0910951 0.0337472 -0.0239353 0.999144 -0.796689
300 304 23 0.999671 0.0151957 -0.0206563 0.995356 -0.0150939 0.999873 0.00507268 0.0928137 0.0207308 -0.00475922 0.999774 -0.0255472
300 305 70 0.99942 0.0291533 -0.017583 0.217319 -0.0290589 0.999562 0.00560501 0.243816 0.0177387 -0.00509082 0.99983 -0.945159
300 306 31 0.999667 0.0230004 -0.0117231 0.579905 -0.0229878 0.999735 0.00120346 -0.147824 0.0117477 -0.000933573 0.999931 0.801161
300 307 162 0.999598 0.0207831 -0.0192629 0.720972 -0.0212407 0.99949 -0.0238624 0.0190369 0.0187571 0.0242619 0.99953 0.692703
300 308 24 0.999074 0.0361543 -0.0233259 0.875916 -0.0364654 0.99925 -0.0130543 0.119872 0.0228364 0.0138928 0.999643 -0.467334
300 309 173 0.999426 0.023657 -0.0242586 0.231109 -0.0241698 0.999486 -0.0210664 -0.0246803 0.0237478 0.0216407 0.999484 -0.972615
300 310 120 0.999343 0.0362182 -0.00148385 -0.55099 -0.0362407 0.999143 -0.0200097 -0.0943183 0.00075786 0.0200503 0.999799 -0.829165
300 311 193 0.999999 -0.000401863 0.00101936 -0.650594 0.000450331 0.998847 -0.0480022 0.181769 -0.000998891 0.0480026 0.998847 -0.737351
300 312 178 0.999332 0.0289516 -0.0223154 0.437725 -0.030017 0.998348 -0.0489901 0.263022 0.0208602 0.0496272 0.99855 -0.859777
300 313 115 0.999972 0.00263447 -0.00706703 -0.402393 -0.00295072 0.998977 -0.0451185 0.212495 0.00694093 0.0451381 0.998957 -0.890464
300 314 68 0.999772 -0.00784583 -0.0198524 0.458048 0.00655254 0.997903 -0.0643923 0.0220597 0.0203159 0.0642476 0.997727 -0.888654
315 316 12 0.999988 -0.00445326 0.00210922 0.267285 0.00445269 0.99999 0.000271612 0.198968 -0.00211041 -0.000262217 0.999998 -0.942852
315 317 14 0.999956 0.00426643 0.00834808 0.00102248 -0.00426803 0.999991 0.000173002 0.250722 -0.00834727 -0.000208625 0.999965 -0.968059
315 318 52 0.999888 -0.00701895 0.0132198 0.0116367 0.0069487 0.999962 0.0053522 0.223046 -0.0132569 -0.00525974 0.999898 -0.974738
315 319 47 0.999874 -0.008478 0.0133852 0.121187 0.00830382 0.999881 0.0130156 0.249115 -0.0134939 -0.0129028 0.999826 -0.960862
315 320 28 0.999835 0.0016452 0.018091 0.196642 -0.00188084 0.999914 0.0130158 0.228635 -0.018068 -0.0130477 0.999752 -0.953445
315 321 52 0.999674 -0.00701162 0.0245499 0.117367 0.00664053 0.999863 0.0151649 0.247305 -0.0246528 -0.0149969 0.999584 -0.961803
315 322 27 0.999478 0.0108263 0.030444 0.114671 -0.0111336 0.999889 0.00994001 0.254713 -0.030333 -0.0102738 0.999487 -0.960194
315 323 20 0.999651 0.00232733 0.0263172 0.423046 -0.00267284 0.999911 0.0131013 0.216748 -0.0262844 -0.0131671 0.999568 -0.879803
315 324 22 0.999387 0.0163966 0.030947 -0.708571 -0.0170609 0.999627 0.0213239 0.13402 -0.0305858 -0.0218388 0.999294 -0.692795
315 325 20 0.999871 -0.00385209 0.0155867 -0.650958 0.00340727 0.999589 0.0284652 -0.275578 -0.0156899 -0.0284084 0.999473 0.707326
315 326 72 0.999463 0.0188401 0.0268033 0.2685 -0.0192468 0.999702 0.0149973 0.171139 -0.0265128 -0.0155051 0.999528 -0.947955
315 327 58 0.999817 0.00905874 0.0168311 0.128485 -0.00938659 0.999766 0.019503 0.234254 -0.0166505 -0.0196575 0.999668 -0.963647
315 328 18 0.999752 0.0123598 0.0185346 -0.997389 -0.0134187 0.998218 0.0581414 -0.0718926 -0.017783 -0.0583757 0.998136 0.00681258
315 329 38 0.999882 0.0149589 0.00338275 0.35745 -0.0150537 0.999437 0.0299788 0.125431 -0.00293239 -0.0300262 0.999545 -0.925471
330 331 14 0.999982 0.00297259 -0.00524547 0.373563 -0.0029676 0.999995 0.000958582 -0.0979453 0.00524829 -0.000942998 0.999986 0.922419
330 332 56 0.999986 0.00378441 -0.00360246 -0.0329017 -0.0037874 0.999992 -0.000822753 0.0667826 0.00359932 0.000836386 0.999993 -0.997225
330 333 23 0.999926 0.00375184 -0.0115594 0.431734 -0.00373967 0.999992 0.00107414 -0.133166 0.0115634 -0.00103083 0.999933 0.892117
330 334 42 0.999843 -0.00250368 -0.0175233 0.0729705 0.00250779 0.999997 0.000212085 0.23347 0.0175228 -0.000255996 0.999846 -0.969622
330 335 35 0.999682 0.00139802 -0.0251657 0.286063 -0.00143169 0.999998 -0.00132015 0.222778 0.0251638 0.00135576 0.999682 -0.931954
330 336 155 0.999156 0.0125394 -0.0391053 0.755201 -0.013004 0.999848 -0.0116482 0.0428078 0.0389532 0.0121469 0.999167 -0.654094
330 337 67 0.999654 0.0168394 -0.0202002 0.059823 -0.0170077 0.999822 -0.00819169 0.119032 0.0200586 0.00853241 0.999762 -0.991087
330 338 59 0.9993 0.0249361 -0.0278759 0.256772 -0.0252949 0.999601 -0.0125944 0.10538 0.0275508 0.0132907 0.999532 -0.96071
330 339 87 0.999478 -0.014625 -0.0288008 0.274649 0.013972 0.999644 -0.0227463 -0.246871 0.0291232 0.0223321 0.999326 0.929313
330 340 84 0.999293 0.0162794 -0.033876 -0.39542 -0.0170851 0.999575 -0.0236338 0.244924 0.0334768 0.0241959 0.999147 -0.885243
