0 1 0 1 0 0 0 0 1 0 0 0 0 1 0
0 2 0 1 0 0 0 0 1 0 0 0 0 1 0
0 3 0 1 0 0 0 0 1 0 0 0 0 1 0
0 4 0 1 0 0 0 0 1 0 0 0 0 1 0
0 5 0 1 0 0 0 0 1 0 0 0 0 1 0
0 6 30 0.999868 -0.0070022 -0.0146314 -0.109545 0.0069272 0.999963 -0.00517038 0.105895 0.014667 0.00506834 0.99988 0.988325
0 7 49 0.997326 -0.0082818 0.0726154 -0.959413 0.0103896 0.999534 -0.0286971 0.28178 -0.0723439 0.0293748 0.996947 -0.0112313
0 8 11 0.999862 -0.015156 -0.00677041 0.362472 0.0151304 0.999878 -0.00381553 -0.0837238 0.00682741 0.00371256 0.99997 0.928227
0 9 38 0.99815 0.0083609 -0.0602267 0.950893 -0.0100818 0.999548 -0.0283259 0.193633 0.0599627 0.0288807 0.997783 0.241473
0 10 0 1 0 0 0 0 1 0 0 0 0 1 0
0 11 39 0.999061 0.0026809 -0.0432417 0.869982 -0.00332575 0.999884 -0.0148477 -0.0803993 0.0431969 0.0149776 0.998954 0.486485
0 12 0 1 0 0 0 0 1 0 0 0 0 1 0
0 13 0 1 0 0 0 0 1 0 0 0 0 1 0
0 14 17 0.999723 0.00506389 -0.0229694 0.752827 -0.00545566 0.99984 -0.0170257 0.106206 0.0228795 0.0171463 0.999591 -0.649593
15 16 0 1 0 0 0 0 1 0 0 0 0 1 0
15 17 0 1 0 0 0 0 1 0 0 0 0 1 0
15 18 0 1 0 0 0 0 1 0 0 0 0 1 0
15 19 20 0.999826 -0.0114133 -0.0147251 0.875704 0.0114035 0.999935 -0.000750347 0.18917 0.0147327 0.000582298 0.999891 -0.444248
15 20 11 0.999807 -0.0195364 -0.00218581 -0.483622 0.0195468 0.999797 0.00483232 -0.194192 0.00209096 -0.00487411 0.999986 -0.853463
15 21 15 0.999915 -0.0119867 -0.00508133 0.220866 0.0119279 0.999863 -0.0114395 0.172078 0.00521775 0.0113779 0.999922 -0.960004
15 22 86 0.998663 -0.00542177 -0.0514135 0.991281 0.00478101 0.999909 -0.0125778 0.122427 0.051477 0.0123151 0.998598 -0.0487191
15 23 27 0.999921 -0.00258183 -0.012327 0.652643 0.00242645 0.999918 -0.0126034 0.0317139 0.0123585 0.0125725 0.999845 -0.757002
15 24 19 0.999799 0.0186036 -0.00741931 -0.409179 -0.0188322 0.99931 -0.0320256 -0.143064 0.0068184 0.0321589 0.99946 0.901169
15 25 20 0.998738 0.0444665 -0.0233445 -0.213011 -0.04551 0.997892 -0.0462577 -0.230001 0.0212384 0.0472617 0.998657 0.949592
15 26 20 0.999647 -0.00654578 -0.0257338 0.419214 0.00582352 0.99959 -0.0280417 0.134157 0.0259068 0.0278819 0.999275 0.897921
15 27 43 0.999132 0.0151379 -0.0388135 0.811608 -0.0162808 0.999438 -0.0293023 0.0726357 0.0383481 0.0299088 0.998817 -0.579669
15 28 45 0.997828 0.0217013 -0.0621987 0.931324 -0.0235574 0.999294 -0.0292655 0.0739814 0.0615197 0.0306671 0.997635 -0.356599
15 29 21 0.998356 0.036608 -0.0440949 0.503209 -0.0378435 0.998905 -0.0275194 0.0830753 0.0430392 0.0291429 0.998648 -0.860162
30 31 0 1 0 0 0 0 1 0 0 0 0 1 0
30 32 22 0.998257 0.00518641 0.0587913 -0.98829 -0.00500598 0.999982 -0.00321582 0.128102 -0.0588069 0.00291591 0.998265 0.0828994
30 33 0 1 0 0 0 0 1 0 0 0 0 1 0
30 34 15 0.999878 -0.00373422 0.015164 -0.971638 0.00374142 0.999993 -0.000446265 0.172346 -0.0151622 0.000502945 0.999885 -0.161913
30 35 0 1 0 0 0 0 1 0 0 0 0 1 0
30 36 0 1 0 0 0 0 1 0 0 0 0 1 0
30 37 12 0.999918 -0.0101193 -0.00785632 0.154028 0.0101327 0.999947 0.00166842 -0.272095 0.00783902 -0.00174789 0.999968 0.949863
30 38 0 1 0 0 0 0 1 0 0 0 0 1 0
30 39 0 1 0 0 0 0 1 0 0 0 0 1 0
30 40 0 1 0 0 0 0 1 0 0 0 0 1 0
30 41 0 1 0 0 0 0 1 0 0 0 0 1 0
30 42 12 0.998452 0.0385074 -0.0401255 0.497864 -0.0387248 0.999239 -0.00465468 0.353903 0.0399158 0.00620132 0.999184 0.791761
30 43 13 0.998853 0.031615 -0.0359745 0.506947 -0.0316519 0.999499 -0.00045539 0.291408 0.0359421 0.00159353 0.999353 0.811225
30 44 0 1 0 0 0 0 1 0 0 0 0 1 0
45 46 0 1 0 0 0 0 1 0 0 0 0 1 0
45 47 0 1 0 0 0 0 1 0 0 0 0 1 0
45 48 0 1 0 0 0 0 1 0 0 0 0 1 0
45 49 0 1 0 0 0 0 1 0 0 0 0 1 0
45 50 0 1 0 0 0 0 1 0 0 0 0 1 0
45 51 0 1 0 0 0 0 1 0 0 0 0 1 0
45 52 0 1 0 0 0 0 1 0 0 0 0 1 0
45 53 0 1 0 0 0 0 1 0 0 0 0 1 0
45 54 0 1 0 0 0 0 1 0 0 0 0 1 0
45 55 0 1 0 0 0 0 1 0 0 0 0 1 0
45 56 0 1 0 0 0 0 1 0 0 0 0 1 0
45 57 16 0.997401 0.035185 0.0628805 -0.959684 -0.036187 0.999234 0.0148675 0.028139 -0.0623092 -0.0171043 0.99791 -0.279669
45 58 16 0.984811 0.1683 -0.0426781 0.527716 -0.170018 0.984612 -0.0404168 0.267559 0.0352192 0.0470589 0.998271 -0.806181
45 59 0 1 0 0 0 0 1 0 0 0 0 1 0
60 61 0 1 0 0 0 0 1 0 0 0 0 1 0
60 62 12 0.999602 0.0227996 0.016615 0.0475596 -0.0228822 0.999727 0.0047948 -0.202144 -0.0165011 -0.00517307 0.99985 -0.9782
60 63 0 1 0 0 0 0 1 0 0 0 0 1 0
60 64 0 1 0 0 0 0 1 0 0 0 0 1 0
60 65 0 1 0 0 0 0 1 0 0 0 0 1 0
60 66 16 0.999759 -0.0154848 0.0155419 -0.170767 0.0156563 0.999817 -0.0109732 -0.106898 -0.0153691 0.0112139 0.999819 0.979495
60 67 27 0.99853 -0.00638646 -0.0538207 0.930963 0.00484013 0.999573 -0.0288126 0.297427 0.0539817 0.0285098 0.998135 0.211767
60 68 0 1 0 0 0 0 1 0 0 0 0 1 0
60 69 0 1 0 0 0 0 1 0 0 0 0 1 0
60 70 19 0.99875 0.0044501 0.0497881 -0.628252 -0.00483104 0.99996 0.00753342 -0.243384 -0.0497526 -0.00776453 0.998731 0.738961
60 71 19 0.998688 -0.0102653 -0.0501597 0.971208 0.00982796 0.999912 -0.00895711 0.0725984 0.0502472 0.00845239 0.998701 -0.226901
60 72 10 0.999834 -0.00683976 -0.0169116 0.259472 0.00671431 0.99995 -0.00746376 0.126004 0.0169618 0.00734897 0.999829 0.957495
60 73 0 1 0 0 0 0 1 0 0 0 0 1 0
60 74 24 0.762834 -0.186857 -0.619006 0.834161 -0.0856727 0.919684 -0.3832 0.471628 0.640894 0.34535 0.685557 0.285907
75 76 0 1 0 0 0 0 1 0 0 0 0 1 0
75 77 0 1 0 0 0 0 1 0 0 0 0 1 0
75 78 0 1 0 0 0 0 1 0 0 0 0 1 0
75 79 0 1 0 0 0 0 1 0 0 0 0 1 0
75 80 12 0.996967 0.0762918 0.0153696 0.204876 -0.0759821 0.996912 -0.0198154 0.288427 -0.0168339 0.0185875 0.999686 0.935327
75 81 12 0.997019 0.0751064 0.0176597 0.226926 -0.0746891 0.996937 -0.0232132 0.0476271 -0.0193491 0.021825 0.999575 0.972747
75 82 0 1 0 0 0 0 1 0 0 0 0 1 0
75 83 0 1 0 0 0 0 1 0 0 0 0 1 0
75 84 0 1 0 0 0 0 1 0 0 0 0 1 0
75 85 0 1 0 0 0 0 1 0 0 0 0 1 0
75 86 0 1 0 0 0 0 1 0 0 0 0 1 0
75 87 0 1 0 0 0 0 1 0 0 0 0 1 0
75 88 0 1 0 0 0 0 1 0 0 0 0 1 0
75 89 0 1 0 0 0 0 1 0 0 0 0 1 0
90 91 0 1 0 0 0 0 1 0 0 0 0 1 0
90 92 0 1 0 0 0 0 1 0 0 0 0 1 0
90 93 0 1 0 0 0 0 1 0 0 0 0 1 0
90 94 0 1 0 0 0 0 1 0 0 0 0 1 0
90 95 0 1 0 0 0 0 1 0 0 0 0 1 0
90 96 0 1 0 0 0 0 1 0 0 0 0 1 0
90 97 0 1 0 0 0 0 1 0 0 0 0 1 0
90 98 0 1 0 0 0 0 1 0 0 0 0 1 0
90 99 0 1 0 0 0 0 1 0 0 0 0 1 0
90 100 0 1 0 0 0 0 1 0 0 0 0 1 0
90 101 0 1 0 0 0 0 1 0 0 0 0 1 0
90 102 0 1 0 0 0 0 1 0 0 0 0 1 0
90 103 0 1 0 0 0 0 1 0 0 0 0 1 0
90 104 0 1 0 0 0 0 1 0 0 0 0 1 0
105 106 10 0.999992 0.00289579 0.00264958 0.320271 -0.00289868 0.999995 0.00108487 -0.280649 -0.00264643 -0.00109254 0.999996 0.9048
105 107 0 1 0 0 0 0 1 0 0 0 0 1 0
105 108 0 1 0 0 0 0 1 0 0 0 0 1 0
105 109 0 1 0 0 0 0 1 0 0 0 0 1 0
105 110 11 0.99852 0.0536017 0.0092375 -0.0411626 -0.0534545 0.99845 -0.0155098 -0.213598 -0.0100545 0.0149931 0.999837 0.976054
105 111 17 0.770104 0.418986 -0.481031 0.318668 0.452915 -0.890137 -0.050234 -0.255769 -0.449231 -0.179181 -0.875263 0.912706
105 112 0 1 0 0 0 0 1 0 0 0 0 1 0
105 113 0 1 0 0 0 0 1 0 0 0 0 1 0
105 114 0 1 0 0 0 0 1 0 0 0 0 1 0
105 115 0 1 0 0 0 0 1 0 0 0 0 1 0
105 116 0 1 0 0 0 0 1 0 0 0 0 1 0
105 117 0 1 0 0 0 0 1 0 0 0 0 1 0
105 118 0 1 0 0 0 0 1 0 0 0 0 1 0
105 119 0 1 0 0 0 0 1 0 0 0 0 1 0
120 121 0 1 0 0 0 0 1 0 0 0 0 1 0
120 122 0 1 0 0 0 0 1 0 0 0 0 1 0
120 123 0 1 0 0 0 0 1 0 0 0 0 1 0
120 124 0 1 0 0 0 0 1 0 0 0 0 1 0
120 125 0 1 0 0 0 0 1 0 0 0 0 1 0
120 126 0 1 0 0 0 0 1 0 0 0 0 1 0
120 127 0 1 0 0 0 0 1 0 0 0 0 1 0
120 128 0 1 0 0 0 0 1 0 0 0 0 1 0
120 129 0 1 0 0 0 0 1 0 0 0 0 1 0
120 130 0 1 0 0 0 0 1 0 0 0 0 1 0
120 131 0 1 0 0 0 0 1 0 0 0 0 1 0
120 132 0 1 0 0 0 0 1 0 0 0 0 1 0
120 133 0 1 0 0 0 0 1 0 0 0 0 1 0
120 134 0 1 0 0 0 0 1 0 0 0 0 1 0
135 136 0 1 0 0 0 0 1 0 0 0 0 1 0
135 137 0 1 0 0 0 0 1 0 0 0 0 1 0
135 138 0 1 0 0 0 0 1 0 0 0 0 1 0
135 139 0 1 0 0 0 0 1 0 0 0 0 1 0
135 140 0 1 0 0 0 0 1 0 0 0 0 1 0
135 141 0 1 0 0 0 0 1 0 0 0 0 1 0
135 142 0 1 0 0 0 0 1 0 0 0 0 1 0
135 143 0 1 0 0 0 0 1 0 0 0 0 1 0
135 144 0 1 0 0 0 0 1 0 0 0 0 1 0
135 145 0 1 0 0 0 0 1 0 0 0 0 1 0
135 146 0 1 0 0 0 0 1 0 0 0 0 1 0
135 147 0 1 0 0 0 0 1 0 0 0 0 1 0
135 148 10 0.998212 -0.0236109 -0.0549105 -0.21624 0.0218814 0.999252 -0.0318883 -0.154824 0.0556223 0.0306298 0.997982 0.963986
135 149 0 1 0 0 0 0 1 0 0 0 0 1 0
150 151 0 1 0 0 0 0 1 0 0 0 0 1 0
150 152 16 0.999799 0.020044 0.000593139 0.352408 -0.0200474 0.999778 0.00649053 -0.292607 -0.000462911 -0.00650112 0.999979 0.888926
150 153 29 0.998147 0.0561309 0.0234754 -0.0886241 -0.0523809 0.989079 -0.137761 0.934326 -0.0309517 0.136276 0.990187 0.345225
150 154 0 1 0 0 0 0 1 0 0 0 0 1 0
150 155 37 0.985514 -0.0517084 0.161517 -0.917757 0.0495999 0.998623 0.0170619 -0.210588 -0.162177 -0.00880352 0.986722 0.336712
150 156 15 0.999724 0.0165637 -0.0166402 0.297463 -0.0166338 0.999853 -0.00408364 -0.259975 0.0165701 0.0043593 0.999853 0.918656
150 157 29 0.999746 -0.0105933 0.0198843 -0.947441 0.0108667 0.999847 -0.0136912 -0.0587289 -0.0197362 0.0139039 0.999709 0.314493
150 158 15 0.999294 0.0283046 -0.0246938 0.326664 -0.0284749 0.999573 -0.00657094 -0.255774 0.0244972 0.00726945 0.999673 0.909874
150 159 0 1 0 0 0 0 1 0 0 0 0 1 0
150 160 14 0.999304 0.0174346 -0.0329819 0.246162 -0.0179469 0.999722 -0.0153 -0.256412 0.0327059 0.0158813 0.999339 0.934696
150 161 20 0.998815 -0.00357558 -0.0485281 -0.140841 0.00252666 0.999762 -0.0216589 0.105991 0.048594 0.0215107 0.998587 -0.984342
150 162 28 0.964824 -0.0345411 0.260618 -0.913337 0.045551 0.998301 -0.0363222 -0.00280248 -0.258921 0.046916 0.964758 0.407194
150 163 0 1 0 0 0 0 1 0 0 0 0 1 0
150 164 19 0.999114 0.0331486 -0.0259422 -0.907529 -0.0336214 0.999272 -0.0180043 0.0613573 0.0253265 0.0188606 0.999501 0.415483
165 166 0 1 0 0 0 0 1 0 0 0 0 1 0
165 167 0 1 0 0 0 0 1 0 0 0 0 1 0
165 168 21 0.999932 -0.0112201 0.00333107 -0.203076 0.0112121 0.999934 0.00242822 -0.323335 -0.0033581 -0.0023907 0.999992 0.924237
165 169 14 0.999672 0.0160767 0.0199403 -0.221501 -0.0160333 0.999869 -0.00233433 -0.151153 -0.0199752 0.00201385 0.999798 0.963374
165 170 35 0.999223 0.0183954 -0.0348522 0.995814 -0.0186989 0.99979 -0.00840096 0.0817452 0.0346903 0.00904613 0.999357 0.0408805
165 171 34 0.995516 0.0541792 0.0775389 -0.902274 -0.0536249 0.998519 -0.00921508 0.126818 -0.0779233 0.00501575 0.996947 0.412092
165 172 36 0.982691 -0.0240256 0.183685 -0.866977 0.0202149 0.99954 0.0225904 -0.245845 -0.184144 -0.0184862 0.982725 0.433487
165 173 10 0.999143 0.0388159 -0.0143795 -0.267523 -0.0389164 0.999219 -0.00677903 0.260968 0.0141052 0.00733282 0.999874 -0.927538
165 174 12 0.999018 0.0336486 0.0288355 -0.582323 -0.0338416 0.999408 0.00623148 -0.160334 -0.0286087 -0.00720119 0.999565 0.79699
165 175 15 0.998706 0.0481592 -0.0163557 -0.205941 -0.0479555 0.99877 0.0126288 0.285362 0.0169438 -0.0118281 0.999786 -0.936032
165 176 16 0.999394 0.0319277 0.0138435 0.229238 -0.0324019 0.998844 0.0354965 -0.252703 -0.0126942 -0.0359235 0.999274 0.939995
165 177 23 0.555051 -0.0496192 0.830335 -0.741483 0.0764548 0.997037 0.00847357 -0.0242277 -0.828295 0.0587798 0.5572 0.670535
165 178 16 0.999679 0.0185653 -0.0172421 0.923715 -0.0186175 0.999823 -0.00286946 0.0272784 0.0171857 0.00318955 0.999847 -0.382109
165 179 15 0.997707 0.0659023 -0.0154446 -0.210288 -0.0656832 0.997738 0.0142838 0.287801 0.016351 -0.0132366 0.999779 -0.934318
180 181 37 0.998373 0.0104082 -0.0560695 0.48073 -0.0165747 0.99372 -0.110664 0.850147 0.0545656 0.111413 0.992275 0.214821
180 182 17 0.999991 -0.00430841 0.000618584 0.269965 0.00431058 0.999984 -0.00354391 -0.167826 -0.000603306 0.00354654 0.999994 0.948131
180 183 0 1 0 0 0 0 1 0 0 0 0 1 0
180 184 14 0.999983 0.00184919 0.00546009 -0.982774 -0.00187164 0.99999 0.00410875 -0.0256713 -0.00545243 -0.0041189 0.999977 -0.18302
180 185 30 0.998791 0.0122798 -0.0476067 0.980999 -0.0124414 0.999918 -0.0031001 0.146962 0.0475647 0.00368864 0.998861 -0.126661
180 186 34 0.998339 -0.000298914 -0.0576177 0.961534 -0.000295952 0.999947 -0.0103156 0.161622 0.0576177 0.0103155 0.998285 -0.222104
180 187 17 0.999612 0.00202941 -0.0277879 0.82295 -0.00225585 0.999964 -0.00812023 0.0931031 0.0277704 0.00817976 0.999581 -0.560433
180 188 0 1 0 0 0 0 1 0 0 0 0 1 0
180 189 19 0.999396 -0.0347186 -0.00177754 0.274127 0.0347307 0.99937 0.00725938 -0.209051 0.00152439 -0.00731673 0.999972 0.938697
180 190 17 0.999035 -0.0438985 -0.00145761 0.283376 0.0439125 0.998968 0.0115851 -0.205857 0.000947541 -0.0116379 0.999932 0.936654
180 191 24 0.999179 -0.00625229 0.0400357 -0.997232 0.00628956 0.99998 -0.000804969 -0.0693628 -0.0400298 0.00105611 0.999198 0.0267612
180 192 23 0.998886 0.0119949 -0.045629 0.618197 -0.0121807 0.999919 -0.0037962 0.0917504 0.0455797 0.00434777 0.998951 -0.78065
180 193 11 0.999251 0.0386511 -0.00193175 -0.166185 -0.0386249 0.99918 0.0121724 -0.279875 0.00240064 -0.0120887 0.999924 0.945543
180 194 13 0.826298 -0.561682 -0.041763 -0.169281 0.541889 0.813016 -0.212983 -0.286152 0.153583 0.153357 0.976163 0.943112
195 196 0 1 0 0 0 0 1 0 0 0 0 1 0
195 197 0 1 0 0 0 0 1 0 0 0 0 1 0
195 198 14 0.999883 0.0152803 6.12649e-05 -0.0768794 -0.0152801 0.999831 0.0102422 -0.222675 9.52488e-05 -0.0102419 0.999948 0.971857
195 199 13 0.999694 0.0245363 0.00320794 0.25995 -0.0245679 0.999646 0.0102 -0.160188 -0.00295653 -0.0102757 0.999943 0.952243
195 200 12 0.999791 0.0200433 0.00411353 -0.158363 -0.0200612 0.999789 0.00435703 -0.227281 -0.00402533 -0.00443864 0.999982 0.960866
195 201 12 0.996833 0.0787015 -0.0114418 0.225455 -0.0786026 0.996867 0.00885568 -0.00469776 0.0121029 -0.00792827 0.999895 0.974242
195 202 0 1 0 0 0 0 1 0 0 0 0 1 0
195 203 26 0.990993 0.0575623 -0.12091 0.984133 -0.0600043 0.998059 -0.0166511 -0.0619012 0.119717 0.0237562 0.992524 -0.166284
195 204 13 -0.975279 -0.205613 -0.0809542 0.304496 -0.215221 0.800774 0.558964 -0.184425 -0.0501045 0.562569 -0.825231 0.934489
195 205 12 0.99939 -0.00365383 -0.0347258 0.840927 0.00261941 0.999553 -0.0297873 0.200363 0.0348191 0.0296781 0.998953 -0.502689
195 206 19 0.998016 0.0231478 0.0585597 -0.98874 -0.0229636 0.999729 -0.00381676 0.0410455 -0.0586321 0.00246444 0.998277 -0.143906
195 207 20 0.998646 0.0394909 0.0338662 -0.904813 -0.0392921 0.999207 -0.00651767 0.139996 -0.0340967 0.00517817 0.999405 -0.402137
195 208 13 0.998746 0.0317344 -0.0387333 -0.23692 -0.0317456 0.999496 0.00032654 -0.253853 0.0387241 0.00090348 0.99925 -0.937778
195 209 14 0.99737 0.0642548 0.0335453 -0.367422 -0.0643018 0.99793 0.000321367 -0.144161 -0.0334552 -0.00247754 0.999437 0.918814
210 211 0 1 0 0 0 0 1 0 0 0 0 1 0
210 212 0 1 0 0 0 0 1 0 0 0 0 1 0
210 213 0 1 0 0 0 0 1 0 0 0 0 1 0
210 214 0 1 0 0 0 0 1 0 0 0 0 1 0
210 215 0 1 0 0 0 0 1 0 0 0 0 1 0
210 216 0 1 0 0 0 0 1 0 0 0 0 1 0
210 217 0 1 0 0 0 0 1 0 0 0 0 1 0
210 218 0 1 0 0 0 0 1 0 0 0 0 1 0
210 219 0 1 0 0 0 0 1 0 0 0 0 1 0
210 220 0 1 0 0 0 0 1 0 0 0 0 1 0
210 221 0 1 0 0 0 0 1 0 0 0 0 1 0
210 222 0 1 0 0 0 0 1 0 0 0 0 1 0
210 223 0 1 0 0 0 0 1 0 0 0 0 1 0
210 224 0 1 0 0 0 0 1 0 0 0 0 1 0
225 226 24 0.999971 -0.00462213 -0.00609384 0.128207 0.00479418 0.999581 0.0285286 -0.989782 0.00595942 -0.028557 0.999574 -0.0624108
225 227 23 0.999023 0.0421238 0.013391 -0.126966 -0.03988 0.989643 -0.137897 0.990897 -0.019061 0.137228 0.990356 0.0447455
225 228 19 0.997919 0.061167 0.0203796 -0.113699 -0.0566173 0.98261 -0.176837 0.991481 -0.0308418 0.175315 0.984029 0.0635442
225 229 20 0.994487 0.0994907 0.0331133 -0.0924611 -0.086571 0.95723 -0.276074 0.986963 -0.0591638 0.271685 0.960566 0.131741
225 230 20 0.992523 -0.0938223 -0.0780685 0.11676 0.118532 0.893488 0.433162 -0.99082 0.0291131 -0.439177 0.897929 -0.0681426
225 231 0 1 0 0 0 0 1 0 0 0 0 1 0
225 232 0 1 0 0 0 0 1 0 0 0 0 1 0
225 233 24 0.936388 -0.112886 -0.332317 0.20632 0.344643 0.116813 0.931438 -0.880848 -0.066327 -0.986718 0.148287 0.426073
225 234 0 1 0 0 0 0 1 0 0 0 0 1 0
225 235 0 1 0 0 0 0 1 0 0 0 0 1 0
225 236 0 1 0 0 0 0 1 0 0 0 0 1 0
225 237 0 1 0 0 0 0 1 0 0 0 0 1 0
225 238 0 1 0 0 0 0 1 0 0 0 0 1 0
225 239 0 1 0 0 0 0 1 0 0 0 0 1 0
240 241 0 1 0 0 0 0 1 0 0 0 0 1 0
240 242 17 0.999915 0.000568519 0.0130034 -0.926449 -0.000567508 1 -8.1429e-05 -0.162268 -0.0130034 7.40426e-05 0.999915 0.33965
240 243 0 1 0 0 0 0 1 0 0 0 0 1 0
240 244 0 1 0 0 0 0 1 0 0 0 0 1 0
240 245 10 0.999982 -0.00268765 0.00532879 0.934406 0.00276517 0.99989 -0.0145931 -0.0480907 -0.00528898 0.0146076 0.999879 0.352948
240 246 14 0.999919 -0.000212108 0.0127251 -0.344668 0.000403615 0.999887 -0.0150489 -0.148859 -0.0127204 0.0150528 0.999806 0.926847
240 247 19 0.999734 -0.0203587 -0.0108378 -0.464446 0.0201611 0.999634 -0.0180447 -0.0366111 0.0112012 0.0178214 0.999778 0.884844
240 248 19 0.999515 -0.00424402 -0.0308447 0.859851 0.00423412 0.999991 -0.000386197 -0.0866659 0.030846 0.00025541 0.999524 -0.503135
240 249 30 0.99801 -0.00452694 0.062898 -0.983513 0.00408427 0.999966 0.00716468 -0.157559 -0.0629283 -0.00689353 0.997994 0.0887487
240 250 26 0.999434 -0.0116215 0.0315634 -0.796161 0.0116012 0.999932 0.000825185 0.187643 -0.0315708 -0.000458544 0.999501 -0.575254
240 251 25 0.999385 0.00633284 -0.0344783 0.418624 -0.00587022 0.999892 0.0135024 0.206948 0.0345601 -0.0132917 0.999314 -0.884266
240 252 14 0.999066 0.0329576 -0.0279462 0.539615 -0.0325647 0.999366 0.0143983 0.164025 0.028403 -0.0134748 0.999506 -0.825779
240 253 19 0.998797 0.0332805 0.0360261 -0.950397 -0.0343767 0.998951 0.0302489 -0.210702 -0.0349816 -0.0314509 0.998893 -0.2288
240 254 32 0.969785 0.0400092 -0.24066 0.878921 0.000712116 0.985992 0.166789 -0.470953 0.243962 -0.161921 0.956172 -0.075503
255 256 0 1 0 0 0 0 1 0 0 0 0 1 0
255 257 13 0.99981 0.0159034 0.0112493 -0.720521 -0.0160011 0.999835 0.00864116 0.417312 -0.0111101 -0.00881952 0.999899 -0.553805
255 258 14 0.99879 0.0491793 -0.000370885 0.297699 -0.0491756 0.998766 0.00694562 0.252055 0.000712009 -0.00691897 0.999976 -0.920785
255 259 17 0.999955 -0.00943289 0.0013131 -0.513159 0.00940868 0.999805 0.0173587 0.162659 -0.00147659 -0.0173455 0.999848 -0.842739
255 260 11 0.999061 0.0431213 0.00423852 -0.323576 -0.0430845 0.999036 -0.0084084 -0.256482 -0.00459701 0.00821789 0.999956 0.910778
255 261 29 0.998357 0.0547616 -0.016854 0.965351 -0.0549753 0.99841 -0.0124898 -0.0579713 0.0161432 0.0133958 0.99978 -0.254435
255 262 14 0.99766 0.0682371 -0.00436347 0.361359 -0.0682961 0.997549 -0.0152263 0.287248 0.00331378 0.0154887 0.999875 -0.887078
255 263 14 0.99809 0.0603271 -0.0132942 0.34121 -0.060309 0.998178 0.00175743 0.0811125 0.013376 -0.000952309 0.99991 -0.936481
255 264 26 0.989576 0.0713905 -0.125067 0.960603 -0.0667687 0.996935 0.0407695 -0.271872 0.127595 -0.0319939 0.99131 -0.0576874
255 265 30 0.978418 0.0620179 -0.197108 0.948349 -0.0665476 0.997648 -0.0164348 0.127897 0.195625 0.0291971 0.980244 0.290305
255 266 29 0.992386 0.0276996 0.120008 -0.927487 -0.0234687 0.999057 -0.0365264 0.305808 -0.120907 0.0334318 0.992101 -0.215059
255 267 21 0.999489 0.0246981 -0.020293 -0.344646 -0.0246993 0.999695 0.000193476 0.296998 0.0202916 0.000307846 0.999794 -0.890512
255 268 10 0.997659 0.0565139 -0.0385146 0.360409 -0.0570381 0.998292 -0.0126489 0.0228205 0.037734 0.0148161 0.999178 -0.932515
255 269 20 0.941292 0.0084261 0.337489 -0.996579 0.00525189 0.999202 -0.0395951 0.0676363 -0.337554 0.039043 0.940496 -0.0474834
270 271 0 1 0 0 0 0 1 0 0 0 0 1 0
270 272 0 1 0 0 0 0 1 0 0 0 0 1 0
270 273 51 0.999398 0.0199432 -0.0283884 0.381206 -0.019035 0.999309 0.0319103 -0.854494 0.0290052 -0.0313507 0.999087 -0.352877
270 274 0 1 0 0 0 0 1 0 0 0 0 1 0
270 275 19 0.999276 0.00292944 -0.0379271 0.37564 -0.0028187 0.999992 0.00297303 -0.120613 0.0379355 -0.00286398 0.999276 -0.918884
270 276 44 0.996926 0.0544546 -0.0563326 0.147485 -0.0461876 0.989234 0.138865 -0.984332 0.063288 -0.135837 0.988708 -0.0966361
270 277 18 0.998725 0.00868628 -0.0497271 0.389969 -0.00896415 0.999945 -0.00536761 -0.0425401 0.0496778 0.00580653 0.998748 -0.919845
270 278 18 0.999375 0.0256823 -0.024287 -0.279282 -0.025686 0.99967 0.000161083 0.204723 0.0242831 0.000462853 0.999705 -0.938131
270 279 22 0.99767 0.0207866 -0.0649838 0.259986 -0.0203 0.999761 0.00813994 0.0226167 0.0651375 -0.0068018 0.997853 -0.965348
270 280 26 0.999381 0.0169047 -0.030844 -0.915227 -0.0167684 0.999848 0.00467153 0.110044 0.0309183 -0.00415144 0.999513 -0.387622
270 281 17 0.99741 -0.00985612 -0.0712453 0.504936 0.00952184 0.999942 -0.00503 0.130985 0.0712907 0.00433859 0.997446 -0.85316
270 282 23 0.995041 0.0261581 -0.0959624 0.651607 -0.0250416 0.999604 0.0128202 -0.110502 0.0962598 -0.0103536 0.995302 -0.750465
270 283 32 0.99221 0.0334052 -0.120015 0.975616 -0.0334623 0.999439 0.00154068 0.152011 0.119999 0.0024873 0.992771 -0.158323
270 284 21 0.99798 0.0207872 -0.0600309 -0.800403 -0.0206932 0.999783 0.00218719 0.114369 0.0600634 -0.000940539 0.998194 -0.58845
285 286 0 1 0 0 0 0 1 0 0 0 0 1 0
285 287 32 0.999424 0.00149294 -0.0339004 0.98936 -0.00150721 0.999999 -0.000395642 -0.0111642 0.0338998 0.000446509 0.999425 -0.145061
285 288 10 0.99987 0.00895582 -0.0134024 -0.241034 -0.00882668 0.999914 0.0096637 -0.206272 0.0134878 -0.00954414 0.999863 0.948343
285 289 27 0.998132 0.00764245 -0.0606166 0.953216 -0.00632389 0.99974 0.0219145 0.0214801 0.0607683 -0.0214903 0.997921 -0.301527
285 290 28 0.999976 -0.00536772 -0.00436219 -0.989881 0.0054875 0.999595 0.0279255 -0.00995811 0.00421052 -0.0279487 0.9996 -0.141552
285 291 39 0.985322 0.0253356 -0.168816 0.960405 -0.012433 0.996949 0.0770534 -0.278147 0.170253 -0.0738235 0.982631 -0.0160263
285 292 20 0.999831 0.0125064 -0.0134434 -0.578037 -0.0118473 0.998775 0.0480347 0.0583024 0.0140276 -0.0478674 0.998755 -0.813925
285 293 10 0.997936 0.0175707 -0.0617608 0.790678 -0.0147555 0.998844 0.0457477 0.161282 0.0624932 -0.044742 0.997042 -0.590607
285 294 12 0.996905 0.0291071 -0.073034 0.765126 -0.0257197 0.998568 0.0469 0.378355 0.0742945 -0.0448764 0.996226 -0.52099
285 295 35 0.987347 0.039985 -0.153448 0.976971 -0.0326108 0.998203 0.0502769 -0.0272685 0.155182 -0.0446367 0.986877 0.211621
285 296 28 0.983993 0.0514655 -0.170613 0.994675 -0.0434248 0.997778 0.0505323 0.0213427 0.172834 -0.0423146 0.984042 -0.100825
285 297 25 0.993728 0.0398709 -0.104477 0.518416 -0.0330202 0.99724 0.0665004 -0.210851 0.10684 -0.0626334 0.992302 -0.828726
285 298 21 0.998937 0.0392334 -0.0241924 -0.823686 -0.0378227 0.9977 0.0562464 0.0596235 0.0263435 -0.0552716 0.998124 -0.563903
285 299 21 0.989759 0.0642694 -0.127463 0.944909 -0.0579492 0.996928 0.0526922 0.0926458 0.130458 -0.0447662 0.990443 -0.313947
300 301 48 0.999235 -0.0044111 -0.0388573 0.602642 0.00273167 0.999064 -0.043168 0.797595 0.0390113 0.0430288 0.998312 0.0257891
300 302 0 1 0 0 0 0 1 0 0 0 0 1 0
300 303 26 0.999853 0.00201388 -0.017013 0.289489 -0.00184016 0.999946 0.0102208 0.210025 0.0170327 -0.010188 0.999803 -0.933855
300 304 53 0.999007 0.0159296 -0.0415981 0.98375 -0.0154152 0.999801 0.0126584 0.0125436 0.0417915 -0.0120046 0.999054 -0.179107
300 305 15 0.999612 0.0227174 -0.016122 0.923669 -0.0225483 0.99969 0.0105971 0.0746638 0.0163578 -0.0102294 0.999814 -0.375846
300 306 41 0.986567 0.0427029 -0.157677 0.90583 -0.0427267 0.999082 0.00324044 -0.0467365 0.157671 0.00354011 0.987485 0.421055
300 307 51 0.99852 0.0320234 -0.0439603 0.982651 -0.0322307 0.999472 -0.00401329 -0.0424353 0.0438086 0.00542422 0.999025 -0.180542
300 308 30 0.999427 0.0317452 -0.0117796 -0.212172 -0.0317962 0.999486 -0.00416491 -0.230815 0.0116414 0.00453707 0.999922 -0.949583
300 309 14 0.999423 0.0306699 -0.0145944 0.814149 -0.0309322 0.999358 -0.0181023 -0.145984 0.0140299 0.0185433 0.99973 0.562005
300 310 37 0.999331 0.0284575 -0.0229515 0.427901 -0.0292654 0.998935 -0.0356682 0.469845 0.021912 0.0363161 0.9991 -0.772105
300 311 32 0.999568 0.0194796 -0.0220307 0.359708 -0.0204856 0.998713 -0.0463999 0.498162 0.0210985 0.0468311 0.99868 -0.788952
300 312 17 0.999933 0.00482248 -0.0104947 0.786902 -0.00527452 0.99904 -0.0434808 -0.154666 0.0102749 0.0435332 0.998999 0.597381
300 313 18 0.999967 -0.00136859 -0.00805431 0.947326 0.000993514 0.998923 -0.0463889 -0.0477994 0.00810913 0.0463793 0.998891 0.316685
300 314 47 0.998918 -0.00169198 -0.0464853 0.983847 -0.00095008 0.998388 -0.0567555 0.110036 0.0465064 0.0567383 0.997305 -0.141201
315 316 0 1 0 0 0 0 1 0 0 0 0 1 0
315 317 0 1 0 0 0 0 1 0 0 0 0 1 0
315 318 12 0.999934 -0.00483816 0.0104137 0.328001 0.00477981 0.999973 0.00562095 0.265633 -0.0104406 -0.0055708 0.99993 -0.906562
315 319 10 0.999926 -0.000306018 0.0121984 0.376878 0.000164579 0.999933 0.0115942 0.207791 -0.0122011 -0.0115914 0.999858 -0.902655
315 320 16 0.99989 0.000820214 0.014817 0.359779 -0.00101752 0.999911 0.0133134 0.204328 -0.0148047 -0.013327 0.999802 -0.91039
315 321 0 1 0 0 0 0 1 0 0 0 0 1 0
315 322 49 0.999311 0.0170309 0.0329786 -0.0640161 -0.0183611 0.999012 0.0404591 -0.921185 -0.032257 -0.0410367 0.998637 -0.383822
315 323 0 1 0 0 0 0 1 0 0 0 0 1 0
315 324 48 0.99989 0.0148488 0.000168896 0.922553 -0.0148487 0.99989 -0.000574946 0.385579 -0.000177415 0.000572374 1 0.014995
315 325 20 0.999703 0.00878027 0.0227483 0.359112 -0.00913052 0.999841 0.0153392 0.233385 -0.02261 -0.0155423 0.999624 -0.903643
315 326 11 0.99976 0.00844519 0.0202235 0.271017 -0.00883076 0.999779 0.0190527 0.0418641 -0.0200581 -0.0192267 0.999614 -0.961664
315 327 20 0.999816 0.0121349 0.0148494 0.314609 -0.0124721 0.999662 0.0228295 0.0841282 -0.0145673 -0.0230106 0.999629 -0.945486
315 328 14 0.999858 0.0143929 0.00874529 0.29214 -0.0146273 0.999519 0.0273615 0.0835378 -0.00834727 -0.0274855 0.999587 -0.95272
315 329 17 0.999786 0.0198455 0.00588617 0.14528 -0.0200291 0.999255 0.0329875 0.00147844 -0.00522713 -0.0330984 0.999438 -0.989389
330 331 0 1 0 0 0 0 1 0 0 0 0 1 0
330 332 0 1 0 0 0 0 1 0 0 0 0 1 0
330 333 10 0.999691 0.00275548 -0.0247094 0.930312 -0.00274929 0.999996 0.000284584 0.0165987 0.0247101 -0.000216563 0.999695 -0.366394
330 334 0 1 0 0 0 0 1 0 0 0 0 1 0
330 335 42 0.999031 -0.00059572 -0.0439994 0.963242 0.000892709 0.999977 0.00673052 -0.263288 0.0439944 -0.00676327 0.999009 -0.0533396
330 336 16 0.999638 0.00111148 -0.0268678 0.345906 -0.00124363 0.999987 -0.00490225 0.224218 0.0268621 0.00493389 0.999627 -0.911085
330 337 17 0.99967 0.0092808 -0.0239584 0.995843 -0.00946949 0.999925 -0.00777452 -0.0910885 0.0238845 0.00799883 0.999683 0.000105051
330 338 11 0.999005 0.0195002 -0.0401024 0.773161 -0.0199772 0.999734 -0.0115281 0.180893 0.0398669 0.0123177 0.999129 -0.607865
330 339 19 0.999322 0.0164668 -0.032916 0.812382 -0.0170221 0.999716 -0.0166604 0.0825583 0.0326323 0.0172094 0.999319 -0.577252
330 340 20 0.998351 0.0222067 -0.0529428 0.795399 -0.0233466 0.999507 -0.0210104 0.113678 0.0524501 0.0222118 0.998376 -0.59533
330 341 46 0.99643 0.0248833 -0.0806749 0.972698 -0.0267349 0.999401 -0.0219527 0.178447 0.0800804 0.0240312 0.996499 -0.148374
330 342 29 0.999752 0.015087 -0.0163657 -0.943792 -0.0151953 0.999863 -0.00651338 -0.111995 0.0162652 0.00676045 0.999845 -0.310989
330 343 30 0.997516 0.0230662 -0.0665564 0.516275 -0.02327 0.999727 -0.00228882 0.0303659 0.0664854 0.00383191 0.99778 -0.855884
330 344 43 0.991044 0.0429116 -0.126454 0.955476 -0.042157 0.999074 0.0086386 0.0343745 0.126708 -0.0032303 0.991935 -0.29306
345 346 0 1 0 0 0 0 1 0 0 0 0 1 0
345 347 0 1 0 0 0 0 1 0 0 0 0 1 0
345 348 0 1 0 0 0 0 1 0 0 0 0 1 0
345 349 14 0.999625 0.00189556 -0.0273188 0.976714 -0.00166084 0.999962 0.00861181 0.136003 0.0273341 -0.00856321 0.99959 0.165928
345 350 0 1 0 0 0 0 1 0 0 0 0 1 0
345 351 18 0.999733 0.0015524 -0.0230436 -0.290427 -0.00121823 0.999894 0.0145087 0.178315 0.0230637 -0.0144768 0.999629 -0.940136
345 352 0 1 0 0 0 0 1 0 0 0 0 1 0
345 353 42 0.999841 0.00992879 -0.0148363 -0.649684 -0.00916589 0.998675 0.0506332 -0.707955 0.0153194 -0.0504891 0.998607 -0.276967
345 354 14 0.999465 0.0130668 -0.0299699 0.0588883 -0.0119016 0.999179 0.0387319 0.206564 0.0304513 -0.0383545 0.9988 -0.976659
345 355 17 0.999853 0.00246498 -0.0169505 -0.752933 -0.0018337 0.999308 0.0371577 -0.191452 0.0170304 -0.0371212 0.999166 0.629633
345 356 15 0.999115 -0.0108901 -0.0406352 0.205404 0.0121253 0.999468 0.0302741 -0.109352 0.0402839 -0.0307401 0.998715 -0.972549
345 357 40 0.999809 -0.00115354 -0.0195063 -0.636314 0.00208344 0.998859 0.0477191 -0.758508 0.0194289 -0.0477506 0.99867 -0.140606
345 358 29 0.999462 -0.00388087 -0.032572 0.378405 0.00451164 0.999803 0.0193142 0.0144185 0.0324907 -0.0194508 0.999283 0.925528
345 359 17 0.999385 -0.0102765 -0.0335324 0.992289 0.0108789 0.999782 0.0178338 0.0989779 0.0333418 -0.0181876 0.999279 -0.0746025
360 361 0 1 0 0 0 0 1 0 0 0 0 1 0
360 362 0 1 0 0 0 0 1 0 0 0 0 1 0
360 363 0 1 0 0 0 0 1 0 0 0 0 1 0
360 364 0 1 0 0 0 0 1 0 0 0 0 1 0
360 365 17 0.999311 0.00744831 -0.0363678 0.305339 -0.00785669 0.999908 -0.0110991 -0.116472 0.0362817 0.0113771 0.999277 0.945094
360 366 0 1 0 0 0 0 1 0 0 0 0 1 0
360 367 0 1 0 0 0 0 1 0 0 0 0 1 0
360 368 29 0.999168 0.00132205 -0.0407566 -0.661672 -0.00184582 0.999916 -0.0128163 0.119273 0.0407362 0.0128809 0.999087 -0.740246
360 369 0 1 0 0 0 0 1 0 0 0 0 1 0
360 370 0 1 0 0 0 0 1 0 0 0 0 1 0
360 371 0 1 0 0 0 0 1 0 0 0 0 1 0
360 372 0 1 0 0 0 0 1 0 0 0 0 1 0
360 373 14 0.996288 -0.00103605 -0.0860708 0.339838 -0.00194165 0.999403 -0.034505 0.218693 0.0860551 0.0345441 0.995691 -0.914704
360 374 0 1 0 0 0 0 1 0 0 0 0 1 0
375 376 0 1 0 0 0 0 1 0 0 0 0 1 0
375 377 0 1 0 0 0 0 1 0 0 0 0 1 0
375 378 18 0.999895 -0.00298812 -0.0141652 -0.355562 0.00277262 0.999881 -0.0152082 0.151134 0.0142089 0.0151674 0.999784 -0.922353
375 379 26 0.999778 -0.0124188 0.0170316 -0.957147 0.0127044 0.999779 -0.0167643 -0.149794 -0.0168196 0.016977 0.999714 0.247852
375 380 0 1 0 0 0 0 1 0 0 0 0 1 0
375 381 31 0.998053 0.0225206 -0.058156 0.681377 -0.0231515 0.99968 -0.0101969 -0.0261579 0.0579077 0.0115235 0.998255 -0.731465
375 382 0 1 0 0 0 0 1 0 0 0 0 1 0
375 383 30 0.997242 -0.00715349 -0.0738709 0.834362 0.00490581 0.999521 -0.0305638 0.198474 0.0740541 0.0301172 0.996799 -0.514244
375 384 11 0.998588 0.00780426 -0.0525399 0.422924 -0.00891296 0.999742 -0.020901 0.101916 0.0523633 0.0213398 0.9984 -0.900415
375 385 12 0.999086 0.0112794 -0.0412207 0.663461 -0.0121122 0.999726 -0.0200097 -0.145152 0.0409837 0.0204907 0.99895 0.733996
375 386 0 1 0 0 0 0 1 0 0 0 0 1 0
375 387 20 -0.401241 0.9156 0.0261234 0.262511 0.893947 0.397651 -0.206719 -0.125273 -0.19966 -0.0595913 -0.978052 0.956763
375 388 17 0.922143 0.135264 -0.362429 0.265654 0.115627 -0.990423 -0.0754467 -0.130385 -0.369164 0.027666 -0.928953 0.955211
375 389 0 1 0 0 0 0 1 0 0 0 0 1 0
390 391 0 1 0 0 0 0 1 0 0 0 0 1 0
390 392 0 1 0 0 0 0 1 0 0 0 0 1 0
390 393 0 1 0 0 0 0 1 0 0 0 0 1 0
390 394 0 1 0 0 0 0 1 0 0 0 0 1 0
390 395 0 1 0 0 0 0 1 0 0 0 0 1 0
390 396 0 1 0 0 0 0 1 0 0 0 0 1 0
390 397 0 1 0 0 0 0 1 0 0 0 0 1 0
390 398 0 1 0 0 0 0 1 0 0 0 0 1 0
390 399 0 1 0 0 0 0 1 0 0 0 0 1 0
390 400 0 1 0 0 0 0 1 0 0 0 0 1 0
390 401 0 1 0 0 0 0 1 0 0 0 0 1 0
390 402 0 1 0 0 0 0 1 0 0 0 0 1 0
390 403 0 1 0 0 0 0 1 0 0 0 0 1 0
390 404 0 1 0 0 0 0 1 0 0 0 0 1 0
405 406 0 1 0 0 0 0 1 0 0 0 0 1 0
405 407 0 1 0 0 0 0 1 0 0 0 0 1 0
405 408 22 0.996892 -0.0110259 0.0780051 -0.991733 0.0123886 0.999779 -0.0170071 0.0904132 -0.0778003 0.0179206 0.996808 -0.0910594
405 409 0 1 0 0 0 0 1 0 0 0 0 1 0
405 410 0 1 0 0 0 0 1 0 0 0 0 1 0
405 411 0 1 0 0 0 0 1 0 0 0 0 1 0
405 412 0 1 0 0 0 0 1 0 0 0 0 1 0
405 413 0 1 0 0 0 0 1 0 0 0 0 1 0
405 414 0 1 0 0 0 0 1 0 0 0 0 1 0
405 415 0 1 0 0 0 0 1 0 0 0 0 1 0
405 416 0 1 0 0 0 0 1 0 0 0 0 1 0
405 417 0 1 0 0 0 0 1 0 0 0 0 1 0
405 418 0 1 0 0 0 0 1 0 0 0 0 1 0
405 419 0 1 0 0 0 0 1 0 0 0 0 1 0
420 421 0 1 0 0 0 0 1 0 0 0 0 1 0
420 422 0 1 0 0 0 0 1 0 0 0 0 1 0
420 423 19 0.999827 0.0122609 -0.0139849 0.14458 -0.0123644 0.999897 -0.00733706 -0.186092 0.0138935 0.00750871 0.999875 0.971836
420 424 0 1 0 0 0 0 1 0 0 0 0 1 0
420 425 0 1 0 0 0 0 1 0 0 0 0 1 0
420 426 15 0.999598 -0.0196234 -0.0204702 0.200121 0.0191402 0.99954 -0.023537 0.326446 0.0209226 0.0231357 0.999513 -0.923788
420 427 0 1 0 0 0 0 1 0 0 0 0 1 0
420 428 0 1 0 0 0 0 1 0 0 0 0 1 0
420 429 0 1 0 0 0 0 1 0 0 0 0 1 0
420 430 24 0.940295 0.0658213 -0.333934 0.937473 -0.0482943 0.996997 0.0605293 -0.171649 0.336916 -0.0407883 0.940651 0.302787
420 431 12 0.998237 0.000890927 -0.059345 -0.10088 0.000201747 0.999831 0.0184037 -0.175506 0.0593513 -0.0183832 0.998068 0.979296
420 432 0 1 0 0 0 0 1 0 0 0 0 1 0
420 433 19 0.996253 0.0287544 -0.0815684 0.886644 -0.0275423 0.999493 0.0159467 -0.063092 0.0819856 -0.0136404 0.99654 -0.458128
420 434 19 0.993535 0.0210748 -0.111553 0.963239 -0.0197811 0.999724 0.0126916 0.101578 0.11179 -0.0104029 0.993677 -0.248702
435 436 11 0.999995 -0.00172809 -0.00273543 0.0523332 0.00173786 0.999992 0.00357455 0.135663 0.00272923 -0.00357929 0.99999 -0.989372
435 437 10 0.999909 0.00217998 -0.0133046 -0.386415 -0.0020103 0.999917 0.0127537 0.0769232 0.0133313 -0.0127258 0.99983 -0.919112
435 438 0 1 0 0 0 0 1 0 0 0 0 1 0
435 439 0 1 0 0 0 0 1 0 0 0 0 1 0
435 440 15 0.999446 -0.0118564 -0.0310854 0.35221 0.0123897 0.999778 0.0170191 0.200506 0.0308767 -0.0173948 0.999372 -0.914191
435 441 0 1 0 0 0 0 1 0 0 0 0 1 0
435 442 22 0.99915 -0.00755824 -0.0405132 -0.105051 0.00847701 0.99971 0.0225547 -0.117824 0.040331 -0.022879 0.998924 0.987462
435 443 0 1 0 0 0 0 1 0 0 0 0 1 0
435 444 0 1 0 0 0 0 1 0 0 0 0 1 0
435 445 0 1 0 0 0 0 1 0 0 0 0 1 0
435 446 0 1 0 0 0 0 1 0 0 0 0 1 0
435 447 0 1 0 0 0 0 1 0 0 0 0 1 0
435 448 36 0.997167 0.00445712 -0.0750848 0.818028 -0.00344855 0.999902 0.0135566 -0.081128 0.0751378 -0.0132593 0.997085 0.569429
435 449 0 1 0 0 0 0 1 0 0 0 0 1 0
450 451 0 1 0 0 0 0 1 0 0 0 0 1 0
450 452 0 1 0 0 0 0 1 0 0 0 0 1 0
450 453 0 1 0 0 0 0 1 0 0 0 0 1 0
450 454 0 1 0 0 0 0 1 0 0 0 0 1 0
450 455 15 0.999786 0.0203417 -0.00363665 0.624359 -0.020476 0.998917 -0.0417823 0.256627 0.00278279 0.0418478 0.99912 -0.737779
450 456 16 0.999534 0.0302244 0.0042852 0.34568 -0.0300432 0.998848 -0.0374282 0.149439 -0.00541151 0.037282 0.99929 -0.926376
450 457 37 0.995212 0.0340472 -0.0916222 0.973311 -0.0370586 0.998821 -0.0313691 -0.0242183 0.0904461 0.0346143 0.9953 0.228208
450 458 13 0.999957 0.00660471 -0.00655583 0.0796056 -0.00675962 0.999692 -0.0238958 0.168346 0.00639599 0.0239391 0.999693 -0.982508
450 459 0 1 0 0 0 0 1 0 0 0 0 1 0
450 460 0 1 0 0 0 0 1 0 0 0 0 1 0
450 461 18 0.999354 -0.00879684 -0.0348405 0.480313 0.00859461 0.999945 -0.0059499 0.141793 0.0348909 0.00564661 0.999375 -0.86556
450 462 15 0.999578 -0.00160498 -0.0290151 -0.214021 0.00133641 0.999956 -0.0092733 -0.122858 0.0290287 0.0092306 0.999536 0.969072
450 463 40 0.99996 -0.00822858 0.00342077 -0.985498 0.00830528 0.9997 -0.0230479 0.101091 -0.00323009 0.0230754 0.999729 0.136285
450 464 41 0.999947 -0.00999254 0.00249614 -0.967511 0.010056 0.999589 -0.0268357 -0.0949324 -0.00222696 0.0268594 0.999637 0.234328
465 466 10 0.999978 -0.0017082 -0.0063484 -0.267521 0.00166493 0.999975 -0.00681427 -0.164195 0.00635988 0.00680355 0.999957 0.949459
465 467 12 0.999813 0.00470406 -0.0187611 -0.311269 -0.00480712 0.999974 -0.00545205 -0.165904 0.018735 0.00554122 0.999809 0.935728
465 468 21 0.998275 0.017526 -0.0560347 0.251338 -0.0171354 0.999825 0.00744473 -0.293527 0.0561554 -0.00647171 0.998401 0.922318
465 469 11 0.998352 -0.00324886 -0.0572931 0.219162 0.00335584 0.999993 0.00177106 0.168605 0.0572869 -0.0019604 0.998356 -0.96101
465 470 16 0.998019 -0.00610032 -0.0626206 0.37142 0.00600867 0.999981 -0.00165173 0.158974 0.0626294 0.00127219 0.998036 -0.914754
465 471 29 0.998873 0.00989611 -0.0464157 -0.358524 -0.0101069 0.99994 -0.00430941 0.134663 0.0463703 0.00477368 0.998913 -0.923757
465 472 51 0.973732 0.052353 -0.221595 0.971339 -0.0548766 0.998479 -0.00524289 -0.0244511 0.220984 0.0172656 0.975125 0.236438
465 473 21 0.997913 0.0232547 -0.0602418 0.164652 -0.0234678 0.999721 -0.00283331 0.137358 0.0601591 0.00424114 0.99818 -0.976741
465 474 0 1 0 0 0 0 1 0 0 0 0 1 0
465 475 26 0.997622 0.0168836 -0.0668171 -0.174342 -0.0159871 0.999775 0.013929 -0.280762 0.0670373 -0.0128277 0.997668 -0.94381
465 476 30 0.995817 0.0286274 -0.0867698 0.370274 -0.0283529 0.999588 0.00439458 0.145668 0.0868599 -0.00191603 0.996219 -0.91743
465 477 30 0.997206 0.0375994 -0.0645503 -0.869048 -0.0376417 0.999291 0.000560701 0.152194 0.0645257 0.00187065 0.997914 -0.470737
465 478 13 0.995167 0.0317004 -0.0929345 -0.167352 -0.0310123 0.99948 0.00883898 -0.070151 0.0931664 -0.00591415 0.995633 -0.983398
465 479 14 0.993732 0.0244578 -0.109079 0.534606 -0.0237693 0.999689 0.00760726 -0.123065 0.109232 -0.00496683 0.994004 0.836093
480 481 0 1 0 0 0 0 1 0 0 0 0 1 0
480 482 12 0.999913 0.00790192 -0.0105476 0.950186 -0.00791848 0.999967 -0.00152898 0.0928784 0.0105352 0.00161237 0.999943 0.297523
480 483 29 0.998794 0.0425742 -0.0244544 0.180988 -0.0431894 0.998749 -0.0252066 0.283628 0.0233507 0.0262323 0.999383 0.9417
480 484 0 1 0 0 0 0 1 0 0 0 0 1 0
480 485 0 1 0 0 0 0 1 0 0 0 0 1 0
480 486 19 0.998714 0.0406131 -0.0303532 0.419026 -0.0417021 0.998476 -0.036149 0.161723 0.0288388 0.0373683 0.998885 -0.893455
480 487 17 -0.857734 -0.170941 0.484842 0.237629 -0.137817 -0.832124 -0.537193 -0.303883 0.495277 -0.527588 0.690182 0.922599
480 488 25 0.99651 -0.0304373 -0.0777322 0.329776 0.0307998 0.99952 0.00346845 0.182714 0.0775893 -0.00585048 0.996968 -0.926209
480 489 22 0.996226 0.0299151 -0.081474 0.357346 -0.0300619 0.999548 -0.000575859 0.187406 0.0814199 0.00302295 0.996675 -0.914977
480 490 13 0.995525 0.0371571 -0.0868859 0.16234 -0.0369274 0.999309 0.0042498 0.281347 0.0869838 -0.0010223 0.996209 0.945775
480 491 27 0.994879 0.034115 -0.0951392 0.546623 -0.0332466 0.99939 0.0106977 0.183115 0.0954461 -0.0074799 0.995406 -0.817112
480 492 59 0.999776 0.0207491 -0.00423318 -0.949907 -0.020759 0.999782 -0.00231229 0.124601 0.00418428 0.00239965 0.999988 -0.286621
480 493 41 0.993455 0.03964 -0.107126 0.18119 -0.0398304 0.999206 0.000362596 0.1556 0.107055 0.00390663 0.994245 0.971061
480 494 32 0.994423 0.0266771 -0.102036 0.327383 -0.0251944 0.999558 0.0157926 0.152465 0.102413 -0.0131338 0.994655 -0.93251
495 496 0 1 0 0 0 0 1 0 0 0 0 1 0
495 497 42 0.99998 -0.0039207 0.00505618 -0.252549 0.00395792 0.999965 -0.00737347 0.641876 -0.00502709 0.00739333 0.99996 -0.724026
495 498 12 0.999959 2.81899e-05 -0.00903469 0.417958 1.63495e-05 0.999988 0.00492971 0.172787 0.00903472 -0.00492965 0.999947 0.891883
495 499 67 0.998334 -0.00948895 0.0569161 -0.889076 0.00885162 0.999895 0.0114393 0.0114424 -0.0570187 -0.0109164 0.998313 -0.457616
495 500 26 0.999839 -0.00170463 -0.0178436 0.28407 0.00190415 0.999936 0.0111705 0.0818716 0.0178234 -0.0112027 0.999778 -0.955302
495 501 76 0.995459 0.00775743 -0.0948795 0.887499 -0.00841299 0.999943 -0.00651123 0.180089 0.0948236 0.00727988 0.995467 0.424163
495 502 74 0.995188 -0.0285014 0.0937449 -0.924306 0.030963 0.99921 -0.0249096 0.322001 -0.0929609 0.0276924 0.995285 -0.204874
495 503 13 -0.985721 0.0453975 -0.162152 -0.103851 0.0472899 -0.849582 -0.525332 -0.270844 -0.16161 -0.525499 0.835304 0.957005
495 504 17 0.999086 0.00652413 -0.0422348 -0.301212 -0.00623312 0.999956 0.00701828 -0.158463 0.0422788 -0.00674861 0.999083 0.940298
495 505 17 0.999093 0.0078531 -0.0418562 0.500681 -0.00764412 0.999958 0.00515048 0.126577 0.0418949 -0.00482585 0.99911 -0.856328
495 506 27 0.998663 0.0205281 -0.047445 0.633145 -0.0203773 0.999786 0.00366 0.211016 0.04751 -0.00268831 0.998867 -0.744715
495 507 23 0.998613 0.0283832 -0.0443382 0.572478 -0.0280897 0.999579 0.00723082 0.136902 0.0445248 -0.00597535 0.99899 -0.80841
495 508 19 0.99816 0.0315185 -0.0518089 0.569923 -0.031239 0.999493 0.00619687 0.130259 0.0519779 -0.00456701 0.998638 -0.811308
495 509 14 0.998363 0.0271835 -0.0503321 0.803752 -0.0268472 0.999613 0.00734544 0.120155 0.0505122 -0.00598214 0.998706 -0.582706
510 511 0 1 0 0 0 0 1 0 0 0 0 1 0
510 512 21 0.999827 0.0143207 -0.0119016 0.425378 -0.0144877 0.999796 -0.0140652 0.00556475 0.0116978 0.0142351 0.99983 0.904999
510 513 23 0.999658 0.0252347 -0.00686298 -0.344127 -0.0253744 0.999455 -0.0210981 -0.128677 0.00632684 0.021265 0.999754 0.930064
