0 1 0 1 0 0 0 0 1 0 0 0 0 1 0
0 2 0 1 0 0 0 0 1 0 0 0 0 1 0
0 3 0 1 0 0 0 0 1 0 0 0 0 1 0
0 4 0 1 0 0 0 0 1 0 0 0 0 1 0
0 5 14 -0.976085 -0.0984822 0.193802 0.107059 -0.077125 -0.676629 -0.732274 -0.398697 0.203248 -0.729708 0.652852 0.910812
0 6 13 0.99974 0.0224161 -0.00420197 0.333707 -0.0224403 0.999731 -0.00581756 0.223083 0.00407043 0.00591034 0.999974 -0.9159
0 7 18 0.999817 0.0188477 -0.00320505 0.732236 -0.0188457 0.999822 0.000671119 -0.202627 0.00321713 -0.000610595 0.999995 0.65021
0 8 16 0.999952 0.00706645 -0.00685746 0.866389 -0.00714929 0.999901 -0.0121314 -0.00334625 0.00677105 0.0121798 0.999903 -0.499358
0 9 11 -0.978849 -0.0260342 0.20292 0.0996787 -0.00363988 -0.989497 -0.144509 -0.0802939 0.204551 -0.142191 0.968473 0.991775
0 10 22 0.999809 0.00059176 -0.0195601 0.846496 -0.000754537 0.999965 -0.00831557 -0.163537 0.0195545 0.00832873 0.999774 0.506655
0 11 22 0.999729 0.0220345 -0.00749885 0.326935 -0.0220919 0.999727 -0.0076642 -0.31058 0.00732793 0.00782779 0.999943 0.892554
0 12 24 0.999882 0.00322402 -0.0150468 0.995639 -0.00351014 0.999813 -0.0190279 -0.0489874 0.0149826 0.0190784 0.999706 -0.0793883
0 13 24 0.999913 0.00465827 -0.0123433 0.913541 -0.00475767 0.999956 -0.0080363 -0.118811 0.0123053 0.00809433 0.999892 0.389007
0 14 23 0.999768 0.00465915 -0.0210259 0.964677 -0.00488001 0.999933 -0.0104652 -0.111455 0.0209758 0.0105653 0.999724 0.238695
15 16 10 0.999987 -0.00518584 0.000126851 0.837802 0.00518591 0.999986 -0.000595716 0.205321 -0.00012376 0.000596366 1 -0.505897
15 17 13 0.999892 -0.0130526 -0.0067769 0.749952 0.0130461 0.999914 -0.000996835 0.128807 0.00678933 0.000908315 0.999977 -0.648831
15 18 14 0.999827 -0.015356 -0.0104639 -0.840258 0.0153491 0.999882 -0.000739908 -0.219535 0.010474 0.00057917 0.999945 0.495754
15 19 55 0.999865 -0.0110377 -0.0121536 0.777804 0.0110327 0.999939 -0.000481785 0.172011 0.0121582 0.000347632 0.999926 -0.604511
15 20 111 0.999986 -0.000930812 0.00523964 0.108235 0.00092221 0.999998 0.00164374 -0.00360923 -0.00524116 -0.00163888 0.999985 -0.994119
15 21 116 0.999781 -0.0121113 -0.0170501 0.787914 0.0119288 0.999871 -0.0107679 0.162409 0.0171784 0.0105622 0.999797 -0.593982
15 22 69 0.99973 -0.00704456 -0.022139 0.984857 0.00684861 0.999937 -0.00891415 0.0520287 0.0222004 0.00876013 0.999715 -0.165378
15 23 55 -0.635082 0.107558 -0.76492 -0.431258 0.130635 -0.961039 -0.243596 -0.146283 -0.761318 -0.254628 0.596287 0.890291
15 24 53 0.9997 0.00154643 -0.0244393 0.813747 -0.00203773 0.999796 -0.0200907 0.175931 0.0244032 0.0201345 0.999499 -0.553953
15 25 117 0.999362 0.00151106 -0.0356733 0.734114 -0.00270263 0.999439 -0.0333776 0.111903 0.0356029 0.0334527 0.998806 -0.669742
15 26 223 0.998802 0.00974865 -0.0479476 0.788569 -0.0116661 0.999137 -0.0398742 0.147525 0.0475175 0.0403858 0.998054 -0.596988
15 27 217 0.998752 0.0177565 -0.0466813 0.794109 -0.019436 0.999171 -0.0357735 0.139141 0.0460074 0.0366362 0.998269 -0.591634
15 28 141 0.998558 0.0187753 -0.0503 0.80014 -0.0202313 0.999386 -0.0285954 0.134853 0.0497322 0.0295718 0.998325 -0.584457
15 29 51 0.998753 0.0467619 -0.0174875 -0.124774 -0.047062 0.998745 -0.0171595 0.0501473 0.0166632 0.0179611 0.9997 -0.990917
30 31 0 1 0 0 0 0 1 0 0 0 0 1 0
30 32 12 0.999922 0.0114039 0.00510047 0.497198 -0.0114315 0.99992 0.00541077 -0.078754 -0.00503836 -0.00546865 0.999972 -0.864055
30 33 0 1 0 0 0 0 1 0 0 0 0 1 0
30 34 10 0.99997 0.00543938 -0.00546025 -0.882516 -0.00541342 0.999974 0.00475659 -0.171762 0.00548598 -0.00472689 0.999974 0.437793
30 35 0 1 0 0 0 0 1 0 0 0 0 1 0
30 36 14 0.999868 0.00115529 -0.0161827 0.918136 -0.000992456 0.999949 0.0100666 0.223225 0.0161935 -0.0100492 0.999818 -0.327409
30 37 25 0.999754 0.0123509 -0.018432 0.16888 -0.0123351 0.999923 0.000966729 -0.00991274 0.0184425 -0.000739131 0.99983 -0.985587
30 38 51 0.999342 0.0153271 -0.0328755 0.893109 -0.0152001 0.999876 0.00411118 0.140025 0.0329345 -0.00360876 0.999451 -0.427493
30 39 19 0.999544 0.0239718 -0.0183459 0.86392 -0.0239396 0.999711 0.00197344 0.140531 0.0183879 -0.00153335 0.99983 -0.483625
30 40 19 0.999122 0.0376552 -0.0183684 -0.152294 -0.0374367 0.999226 0.0120937 0.027328 0.0188096 -0.0113954 0.999758 0.987957
30 41 15 0.999395 0.0089459 -0.0336039 0.903861 -0.00832467 0.999793 0.0185815 0.176678 0.0337632 -0.0182906 0.999262 -0.389641
30 42 34 0.998945 0.00519868 -0.0456197 0.941927 -0.00427285 0.999783 0.0203685 0.151914 0.0457157 -0.0201521 0.998751 -0.299494
30 43 26 0.999067 0.00237352 -0.0431191 0.909846 -0.00156051 0.999821 0.0188788 0.153999 0.0431562 -0.0187939 0.998892 -0.385311
30 44 22 0.999224 0.0370444 -0.0133475 -0.425006 -0.0364604 0.998468 0.041619 0.0324491 0.0148688 -0.0411001 0.999044 -0.904609
45 46 27 -0.949649 -0.0308964 -0.31179 -0.155598 -0.00640829 -0.993003 0.117919 0.0602035 -0.313251 0.113979 0.942806 0.985984
45 47 23 0.99995 0.00980255 -0.0017549 0.887962 -0.0098094 0.999944 -0.00393628 0.109827 0.00171622 0.00395329 0.999991 -0.44661
45 48 0 1 0 0 0 0 1 0 0 0 0 1 0
45 49 32 0.999946 0.00493058 -0.00917426 0.208546 -0.00493263 0.999988 -0.000200083 0.335997 0.00917316 0.000245325 0.999958 -0.918485
45 50 96 0.999233 0.0226458 -0.0319352 0.911517 -0.0226899 0.999742 -0.00102027 0.129532 0.0319038 0.00174409 0.999489 -0.39033
45 51 16 -0.920874 0.105686 -0.375262 -0.209918 0.157176 -0.780218 -0.605438 -0.326918 -0.356772 -0.616514 0.701871 0.921444
45 52 42 0.998709 0.0276168 -0.0426357 0.844743 -0.0285624 0.999356 -0.0217306 0.0540345 0.0420081 0.0229203 0.998854 -0.532437
45 53 30 0.997676 0.0498335 -0.0464765 0.751723 -0.0511831 0.998288 -0.0283147 0.141672 0.0449859 0.0306276 0.998518 -0.644082
45 54 48 0.997269 0.0619688 -0.0401908 0.802381 -0.0624546 0.997988 -0.0109466 0.149008 0.0394316 0.0134268 0.999132 -0.577911
45 55 46 0.997551 0.0587166 -0.0379931 0.986659 -0.058497 0.998264 0.00686671 0.0419739 0.0383303 -0.00462741 0.999254 -0.157298
45 56 52 0.996798 0.0598496 -0.0530219 0.953743 -0.0597642 0.998207 0.00319731 0.0787464 0.0531182 -1.82612e-05 0.998588 -0.290125
45 57 79 0.995988 0.0579228 -0.0682136 0.962051 -0.0580094 0.998316 0.000711933 0.0779963 0.06814 0.00324795 0.99767 -0.261487
45 58 101 0.995818 0.058271 -0.0703589 0.947716 -0.0584726 0.998289 -0.000806634 0.0888233 0.0701915 0.00491733 0.997521 -0.306506
45 59 62 0.996561 0.0535736 -0.063212 0.97993 -0.0534015 0.998563 0.00441036 0.06144 0.0633575 -0.00101958 0.99799 -0.189637
60 61 0 1 0 0 0 0 1 0 0 0 0 1 0
60 62 17 0.999981 0.0036525 0.00502863 0.417749 -0.00365923 0.999992 0.00132892 0.261349 -0.00502374 -0.0013473 0.999986 -0.870162
60 63 20 0.999999 -0.00064874 -0.000898935 0.460128 0.000645732 0.999994 -0.00334331 0.233737 0.000901099 0.00334272 0.999994 -0.856533
60 64 50 0.999939 -0.00251704 -0.0107611 0.866877 0.0024328 0.999966 -0.0078337 0.120427 0.0107805 0.00780704 0.999911 -0.483758
60 65 20 0.999944 -0.009207 -0.00524041 0.99689 0.00918528 0.999949 -0.00415217 -0.00548523 0.00527838 0.00410381 0.999978 0.0786112
60 66 62 0.999914 -0.0086377 -0.00986594 0.803885 0.00850265 0.999871 -0.0136487 0.13157 0.00998256 0.0135636 0.999858 -0.58005
60 67 30 0.999773 -0.0134838 -0.0165023 0.991561 0.0132505 0.999812 -0.0141683 0.0587919 0.0166903 0.0139464 0.999763 -0.115542
60 68 73 0.999877 -5.96994e-05 -0.0157126 0.739353 -0.000328964 0.999694 -0.0247321 0.128199 0.0157092 0.0247342 0.999571 -0.661001
60 69 24 0.999935 -0.00364791 -0.0108028 0.872073 0.00336295 0.999649 -0.0262795 0.109855 0.0108949 0.0262415 0.999596 -0.476887
60 70 101 0.999347 -0.00653542 -0.0355384 0.801944 0.00603301 0.999881 -0.0142261 0.177349 0.0356272 0.0140024 0.999267 -0.570468
60 71 150 0.99922 -0.00829179 -0.0386178 0.921928 0.00785121 0.999903 -0.0115465 0.0727 0.0387098 0.0112343 0.999187 -0.380477
60 72 18 0.999881 0.00895154 -0.0125748 0.732449 -0.00879666 0.999885 0.0123185 -0.031335 0.0126836 -0.0122064 0.999845 0.680101
60 73 98 0.999171 -0.00243704 -0.0406337 0.879079 0.00197803 0.999934 -0.0113327 0.0801577 0.0406586 0.0112429 0.99911 -0.469889
60 74 91 0.998735 0.00700212 -0.0497877 0.769989 -0.00785673 0.999825 -0.0169902 0.126244 0.04966 0.0173599 0.998615 -0.625443
75 76 0 1 0 0 0 0 1 0 0 0 0 1 0
75 77 12 0.999998 0.00174387 0.000520926 0.442812 -0.00174458 0.999998 0.00136721 0.283513 -0.000518541 -0.00136811 0.999999 -0.85061
75 78 0 1 0 0 0 0 1 0 0 0 0 1 0
75 79 32 0.999754 0.0118769 -0.0187269 0.971994 -0.0119406 0.999923 -0.00329162 0.0575538 0.0186864 0.00351442 0.999819 -0.22785
75 80 38 0.999719 0.0201782 -0.0124192 0.553079 -0.0203199 0.999729 -0.0113933 0.186834 0.0121859 0.0116425 0.999858 -0.81191
75 81 0 1 0 0 0 0 1 0 0 0 0 1 0
75 82 34 0.999202 0.020729 -0.0341385 0.872819 -0.021175 0.999694 -0.0127541 0.108692 0.0338637 0.0134668 0.999336 -0.475787
75 83 68 0.999026 0.0335156 -0.0286913 0.541707 -0.0340032 0.999283 -0.0166781 0.20739 0.0281117 0.0176374 0.999449 -0.814581
75 84 49 0.998963 0.0323824 -0.0320138 0.612873 -0.0328492 0.99936 -0.0141666 0.230702 0.0315345 0.0152036 0.999387 -0.755753
75 85 27 0.999364 0.0148983 -0.0323841 -0.225636 -0.0140496 0.999556 0.0262771 -0.173053 0.0327612 -0.0258054 0.99913 -0.958718
75 86 0 1 0 0 0 0 1 0 0 0 0 1 0
75 87 83 0.998341 0.0458966 -0.0347755 0.906937 -0.0449126 0.998582 0.028569 0.176852 0.0360375 -0.0269597 0.998987 -0.382347
75 88 54 0.998546 0.0442187 -0.0308421 0.934549 -0.0431219 0.998444 0.0353625 0.169292 0.0323578 -0.0339811 0.998899 -0.312984
75 89 18 0.998489 0.0454499 -0.0308846 0.90176 -0.0446787 0.998683 0.0252167 0.214479 0.03199 -0.0237987 0.999205 -0.375271
90 91 0 1 0 0 0 0 1 0 0 0 0 1 0
90 92 15 0.999968 -0.00234798 -0.00766471 0.265177 0.00238764 0.999984 0.00516964 -0.00303165 0.00765244 -0.00518778 0.999957 -0.964195
90 93 39 0.999551 2.62041e-05 -0.0299571 0.773691 -4.14649e-05 1 -0.0005088 0.0975348 0.0299571 0.000509814 0.999551 -0.62601
90 94 21 0.999653 -0.00476298 -0.025896 0.98396 0.00490244 0.999974 0.0053246 0.0194 0.02587 -0.00544971 0.99965 -0.17733
90 95 40 0.999278 -0.00908636 -0.0369029 0.991346 0.0094126 0.999918 0.00867626 -0.115713 0.036821 -0.00901735 0.999281 -0.0619973
90 96 53 0.998862 -0.0100901 -0.0466159 0.883812 0.0098136 0.999933 -0.00615707 0.101381 0.0466749 0.00569259 0.998894 -0.456725
90 97 75 0.998593 -0.00902026 -0.0522532 0.968646 0.00874826 0.999947 -0.00543183 0.0356137 0.0522994 0.00496706 0.998619 -0.24588
90 98 25 0.999071 -0.00879774 -0.0421849 0.815461 0.00827494 0.999887 -0.0125517 0.129319 0.0422905 0.012191 0.999031 -0.564181
90 99 47 0.998238 -0.0187551 -0.0562948 0.997164 0.0181984 0.99978 -0.0103859 0.0729652 0.0564772 0.00934308 0.99836 -0.0184417
90 100 54 0.997061 -0.0145395 -0.0752227 0.976961 0.0138274 0.999855 -0.00997887 0.0460098 0.0753568 0.0089094 0.997117 -0.2084
90 101 58 0.996671 -0.00919439 -0.0810128 0.985344 0.00849523 0.999924 -0.00897074 0.0667006 0.0810891 0.00825265 0.996673 -0.156998
90 102 31 0.999941 -0.000574041 0.0108878 -0.309752 0.000458993 0.999944 0.0105662 0.526926 -0.0108933 -0.0105606 0.999885 0.791456
90 103 42 0.996294 0.00486547 -0.0858747 0.941518 -0.0060635 0.999888 -0.0136956 0.047433 0.0857984 0.0141656 0.996212 -0.333609
90 104 50 0.995885 0.0105325 -0.0900126 0.943372 -0.0119673 0.99981 -0.0154151 0.0402569 0.0898331 0.0164289 0.995821 -0.329285
105 106 11 0.999956 0.00933712 -0.000322922 0.329974 -0.00933763 0.999955 -0.00163275 -0.278833 0.000307662 0.00163569 0.999999 0.90187
105 107 0 1 0 0 0 0 1 0 0 0 0 1 0
105 108 59 0.999027 0.0312557 -0.0311063 0.923957 -0.0312846 0.99951 -0.000444186 -0.253799 0.0310772 0.0014169 0.999516 0.286164
105 109 33 0.998997 0.0417248 -0.0162741 0.923472 -0.0419698 0.999006 -0.0150178 -0.0231151 0.0156313 0.0156857 0.999755 -0.382969
105 110 32 0.998486 0.0521213 -0.0175604 0.905062 -0.0524063 0.998495 -0.0161779 -0.111764 0.0166908 0.0170737 0.999715 -0.410331
105 111 37 0.997327 0.0630181 -0.0369765 0.913159 -0.0632974 0.997974 -0.00643232 -0.212462 0.0364963 0.00875564 0.999295 0.347852
105 112 22 0.998058 0.0574131 -0.0241593 0.993083 -0.0575514 0.99833 -0.00506793 -0.1114 0.023828 0.00644849 0.999695 0.0370932
105 113 28 0.99754 0.0601561 -0.0359751 0.986483 -0.0605804 0.998105 -0.0108209 -0.017824 0.0352559 0.0129737 0.999294 -0.162889
105 114 24 0.997939 0.0573288 -0.0288389 0.996428 -0.0574766 0.998338 -0.00432139 -0.0843419 0.0285432 0.00597005 0.999575 -0.00425494
105 115 12 0.997039 0.0629757 -0.044122 0.955891 -0.0638603 0.997779 -0.0189321 -0.0798014 0.0428318 0.0216937 0.998847 -0.282673
105 116 0 1 0 0 0 0 1 0 0 0 0 1 0
105 117 0 1 0 0 0 0 1 0 0 0 0 1 0
105 118 0 1 0 0 0 0 1 0 0 0 0 1 0
105 119 27 0.979119 0.0983407 -0.177917 0.988074 -0.118889 0.986932 -0.108764 -0.0256887 0.164896 0.127646 0.978016 -0.151821
120 121 0 1 0 0 0 0 1 0 0 0 0 1 0
120 122 15 0.999778 0.0145225 0.0152795 0.401593 -0.0146745 0.999843 0.00988284 -0.189823 -0.0151336 -0.0101049 0.999834 0.89593
120 123 27 0.999698 0.0165763 0.0181689 0.393964 -0.0168669 0.99973 0.0159623 -0.173971 -0.0178994 -0.0162639 0.999708 0.902511
120 124 16 0.99964 0.00999769 0.0248965 0.30044 -0.0104794 0.999759 0.0192948 0.03104 -0.0246975 -0.0195487 0.999504 0.953295
120 125 15 0.999892 -0.00187753 0.0145762 0.55581 0.0012611 0.999109 0.0421845 -0.381212 -0.0146424 -0.0421615 0.999004 0.738751
120 126 31 0.999156 -0.0355644 0.0205512 -0.108421 0.0345597 0.998281 0.04733 -0.12883 -0.0221992 -0.0465798 0.998668 0.985722
120 127 0 1 0 0 0 0 1 0 0 0 0 1 0
120 128 0 1 0 0 0 0 1 0 0 0 0 1 0
120 129 51 0.998492 -0.0478946 0.0268225 0.00757152 0.0470248 0.998376 0.0321706 -0.0153958 -0.0283197 -0.0308607 0.999122 0.999853
120 130 49 0.996222 -0.0633694 0.0593808 -0.942253 0.0608582 0.997212 0.0431871 -0.131056 -0.061952 -0.0394101 0.997301 0.308192
120 131 26 0.998692 -0.0511249 -0.000535929 0.467692 0.051094 0.997596 0.0468074 -0.208616 -0.00185839 -0.0467736 0.998904 0.85892
120 132 20 0.996665 -0.0805873 0.0128044 0.013638 0.0796425 0.994876 0.0622818 -0.345991 -0.0177579 -0.0610544 0.997976 0.938139
120 133 25 0.996945 -0.0779292 -0.00522007 -0.0439373 0.0781038 0.994775 0.0657409 -0.283199 6.96543e-05 -0.0659478 0.997823 0.958054
120 134 40 0.997255 -0.057734 -0.0463641 0.361498 0.0606785 0.99605 0.0648344 -0.115819 0.0424378 -0.0674697 0.996818 0.925151
135 136 0 1 0 0 0 0 1 0 0 0 0 1 0
135 137 0 1 0 0 0 0 1 0 0 0 0 1 0
135 138 25 0.999396 -0.00450555 -0.0344454 0.565632 0.00362539 0.999666 -0.0255722 -0.316718 0.0345492 0.0254319 0.999079 0.761413
135 139 13 0.999325 0.00197539 -0.0366839 0.411932 -0.00287845 0.999694 -0.024581 -0.210193 0.0366241 0.02467 0.999025 0.88664
135 140 21 0.998984 0.00396303 -0.0448868 0.365092 -0.00527095 0.999564 -0.0290574 -0.321751 0.0447521 0.0292644 0.998569 0.873604
135 141 25 0.999176 0.00460346 -0.0403362 -0.195868 -0.00617101 0.999227 -0.0388243 -0.194195 0.0401263 0.0390413 0.998432 0.96121
135 142 0 1 0 0 0 0 1 0 0 0 0 1 0
135 143 11 0.99742 0.0163367 -0.0699031 0.35953 -0.0183488 0.999433 -0.0282399 -0.206871 0.0694021 0.0294497 0.997154 0.909913
135 144 0 1 0 0 0 0 1 0 0 0 0 1 0
135 145 46 0.994087 0.0250986 -0.105644 0.973106 -0.0272506 0.999449 -0.0189757 -0.0287737 0.10511 0.0217423 0.994223 0.228553
135 146 42 0.994464 0.0523238 -0.0911201 0.602952 -0.0526742 0.998611 -0.00144247 -0.1543 0.0909181 0.00623417 0.995839 0.782714
135 147 24 0.996819 0.0426307 -0.0673418 -0.412941 -0.0444641 0.998674 -0.0259643 -0.324342 0.0661456 0.028876 0.997392 0.851047
135 148 37 0.99358 0.047017 -0.102904 0.929729 -0.0475914 0.998862 -0.00313315 -0.0672183 0.102639 0.00801036 0.994686 0.362058
135 149 37 0.99314 0.0449603 -0.107944 0.884138 -0.0456552 0.998949 -0.00397407 -0.0857791 0.107651 0.008875 0.994149 0.459283
150 151 0 1 0 0 0 0 1 0 0 0 0 1 0
150 152 0 1 0 0 0 0 1 0 0 0 0 1 0
150 153 0 1 0 0 0 0 1 0 0 0 0 1 0
150 154 0 1 0 0 0 0 1 0 0 0 0 1 0
150 155 0 1 0 0 0 0 1 0 0 0 0 1 0
150 156 25 0.999732 0.00276836 -0.0230016 0.885341 -0.00312782 0.999873 -0.0156065 0.106047 0.0229555 0.0156743 0.999614 -0.452687
150 157 28 0.999398 -0.000602132 -0.0346961 0.966448 0.000159954 0.999919 -0.0127457 0.0391564 0.034701 0.0127324 0.999317 -0.253861
150 158 41 0.99894 0.00507807 -0.045749 0.950302 -0.00591639 0.999817 -0.0182078 0.0594468 0.0456481 0.0184592 0.998787 -0.305601
150 159 124 0.998264 0.0126766 -0.0575229 0.993322 -0.0134331 0.999828 -0.012783 -0.0386548 0.057351 0.0135335 0.998262 0.10871
150 160 23 0.998845 0.0112787 -0.0467129 0.96679 -0.012187 0.999741 -0.0192056 0.0265289 0.0464842 0.0197527 0.998724 -0.25419
150 161 87 0.997613 0.0152159 -0.0673611 0.997099 -0.0163949 0.999721 -0.0169835 -0.0377151 0.0670839 0.0180474 0.997584 0.066109
150 162 92 0.997448 0.0116153 -0.0704409 0.991969 -0.0130451 0.999717 -0.0198725 0.00822849 0.0701901 0.0207407 0.997318 -0.12621
150 163 60 0.997374 0.0124859 -0.0713349 0.968519 -0.014075 0.999663 -0.0218179 0.00419632 0.0710384 0.0227646 0.997214 -0.248903
150 164 97 0.995527 0.0191155 -0.0925208 0.996743 -0.0205742 0.999678 -0.0148385 -0.06082 0.0922074 0.0166757 0.9956 0.0529614
165 166 0 1 0 0 0 0 1 0 0 0 0 1 0
165 167 0 1 0 0 0 0 1 0 0 0 0 1 0
165 168 17 0.999645 0.0260951 -0.0053451 0.365768 -0.0260358 0.999602 0.010886 -0.333771 0.00562704 -0.010743 0.999926 0.868798
165 169 37 0.999562 0.0225056 -0.0192068 0.994185 -0.0224809 0.999746 0.00150243 0.0854008 0.0192357 -0.00106999 0.999814 0.0655963
165 170 20 0.999562 0.0239895 -0.0173106 0.999847 -0.0239965 0.999712 -0.000199981 -0.0174663 0.0173008 0.000615288 0.99985 0.000283853
165 171 28 0.999478 0.0265535 -0.0184086 0.99701 -0.0265017 0.999644 0.00305271 -0.0416658 0.0184831 -0.00256326 0.999826 0.0650789
165 172 58 0.999182 0.0305574 -0.0264743 0.994341 -0.0306436 0.999526 -0.00285937 -0.0637004 0.0263744 0.0036683 0.999645 -0.0850143
165 173 18 0.999185 0.032371 -0.024116 0.935227 -0.0323571 0.999476 0.000967876 0.0447619 0.0241347 -0.000186765 0.999709 -0.351208
165 174 69 0.998453 0.0431222 -0.0351129 0.9999 -0.0428153 0.999038 0.00944816 -0.00615396 0.0354865 -0.00793017 0.999339 -0.0127169
165 175 53 0.998793 0.036514 -0.0328659 0.99732 -0.0360999 0.999262 0.0131077 0.0282171 0.0333203 -0.0119054 0.999374 -0.0674966
165 176 55 0.998661 0.0426173 -0.0293113 0.900358 -0.0418781 0.9988 0.0253889 -0.0174682 0.0303582 -0.0241274 0.999248 0.4348
165 177 22 0.998957 0.032772 -0.0318029 0.994634 -0.0325229 0.999436 0.00831806 0.0183013 0.0320576 -0.00727506 0.99946 -0.101827
165 178 55 0.998023 0.0311161 -0.0546137 0.999518 -0.0308857 0.99951 0.00505753 -0.0010044 0.0547443 -0.00336075 0.998495 -0.0310129
165 179 56 0.998012 0.0294976 -0.0556864 0.997808 -0.0294241 0.999565 0.00213847 0.0231335 0.0557252 -0.000495701 0.998446 -0.0620075
180 181 0 1 0 0 0 0 1 0 0 0 0 1 0
180 182 11 0.999996 0.00081842 -0.00286873 -0.00536838 -0.000812906 0.999998 0.00192305 0.292738 0.00287029 -0.00192071 0.999994 -0.956177
180 183 0 1 0 0 0 0 1 0 0 0 0 1 0
180 184 25 0.999729 0.0057891 -0.0225499 0.997645 -0.00545141 0.999873 0.015008 -0.0683838 0.0226339 -0.014881 0.999633 -0.00522946
180 185 15 0.999911 0.00453077 -0.0125467 0.847928 -0.00451977 0.999989 0.000904588 0.0957687 0.0125507 -0.000847799 0.999921 -0.521388
180 186 19 0.999801 0.00623351 -0.0189632 0.68818 -0.00631085 0.999972 -0.00402111 0.113544 0.0189376 0.00413999 0.999812 -0.7166
180 187 25 0.999575 -0.000255556 -0.0291601 0.858448 2.30789e-05 0.999968 -0.0079725 0.158298 0.0291612 0.00796843 0.999543 -0.487861
180 188 35 0.999059 0.0045427 -0.0431311 0.955425 -0.00477967 0.999974 -0.0053925 0.0927484 0.0431055 0.00559357 0.999055 -0.280286
180 189 28 0.999132 0.00896982 -0.0406876 0.89957 -0.00923854 0.999937 -0.00642121 0.0956745 0.0406274 0.00679153 0.999151 -0.426168
180 190 47 0.998598 0.0142704 -0.0509735 0.935765 -0.0144066 0.999894 -0.00230633 0.0847669 0.0509351 0.00303745 0.998697 -0.342284
180 191 68 0.998002 0.0159307 -0.0611363 0.965042 -0.0159845 0.999872 -0.000391747 0.0859017 0.0611223 0.0013682 0.998129 -0.24762
180 192 79 0.997395 0.0201179 -0.0692666 0.952789 -0.0201862 0.999796 -0.000286764 0.0829184 0.0692467 0.00168425 0.997598 -0.292092
180 193 59 0.996407 0.0232442 -0.0814403 0.997624 -0.0226543 0.99971 0.00815969 -0.057029 0.0816064 -0.0062854 0.996645 -0.0386543
180 194 69 0.995961 0.0204333 -0.0874361 0.965144 -0.0203647 0.999791 0.0016768 0.0787474 0.0874521 0.00011058 0.996169 -0.249593
195 196 0 1 0 0 0 0 1 0 0 0 0 1 0
195 197 12 0.999911 0.0126131 -0.00423869 0.330749 -0.012606 0.999919 0.00169786 0.232494 0.00425976 -0.00164428 0.99999 -0.914632
195 198 35 0.999774 0.0193281 -0.00880539 0.293676 -0.0193038 0.99981 0.00284225 0.306986 0.00885865 -0.00267163 0.999957 -0.90527
195 199 32 0.999314 0.0280903 -0.0241225 0.994808 -0.0277768 0.999527 0.0132356 -0.00594525 0.0244829 -0.0125565 0.999621 0.101591
195 200 63 0.997345 0.0476546 -0.055071 0.935548 -0.0476555 0.998863 0.00129696 0.0355868 0.0550702 0.00133091 0.998482 -0.351402
195 201 14 0.998625 0.051067 -0.0118362 0.442561 -0.051022 0.998689 0.00407094 -0.148659 0.0120285 -0.00346144 0.999922 0.88433
195 202 13 0.998335 0.0527615 -0.0233316 0.817103 -0.0527179 0.998606 0.00247804 -0.0990856 0.0234298 -0.00124392 0.999725 0.567913
195 203 44 0.998175 0.0427405 -0.0426617 0.9164 -0.0434874 0.998914 -0.0167354 0.0899055 0.0419001 0.0185601 0.998949 0.390036
195 204 30 0.997439 0.0368668 -0.0612913 0.97713 -0.0378377 0.999175 -0.0147554 0.0403987 0.0606967 0.0170367 0.998011 -0.208768
195 205 13 0.998151 0.050659 -0.0335758 0.777508 -0.0505883 0.998715 0.00295246 -0.0365313 0.0336822 -0.00124846 0.999432 0.627811
195 206 27 0.99779 0.0616277 -0.0248621 0.632758 -0.0611555 0.997941 0.0193285 -0.0366083 0.0260021 -0.0177654 0.999504 0.773484
195 207 19 0.998146 0.0460125 -0.0398478 0.979725 -0.0461406 0.998932 -0.0022988 0.0437173 0.0396994 0.00413314 0.999203 -0.195517
195 208 17 0.998265 0.0508839 -0.0296233 0.842939 -0.0505062 0.998634 0.0133618 0.0517164 0.0302628 -0.0118424 0.999472 0.535518
195 209 27 0.997597 0.0447942 -0.0528631 0.980237 -0.0455668 0.99887 -0.0135001 0.0339264 0.0521987 0.0158765 0.998511 -0.194894
210 211 0 1 0 0 0 0 1 0 0 0 0 1 0
210 212 22 0.999832 -0.0090917 -0.0158965 0.337053 0.00893026 0.999908 -0.0101969 0.307694 0.0159877 0.0100533 0.999822 -0.889786
210 213 20 0.999692 -0.00869265 -0.0232299 0.420635 0.00886814 0.999933 0.00746221 0.134528 0.0231635 -0.00766592 0.999702 0.8972
210 214 38 0.999982 0.00396152 -0.00448459 -0.749783 -0.00373938 0.998816 0.0485026 -0.420984 0.00467142 -0.048485 0.998813 -0.510488
210 215 13 0.999373 -0.0125675 -0.0331133 0.956471 0.0128547 0.999881 0.00847648 0.102381 0.0330028 -0.00889682 0.999416 -0.273279
210 216 32 0.998074 -0.0147786 -0.0602562 0.992954 0.0151699 0.999867 0.00604219 0.106263 0.0601589 -0.00694463 0.998165 -0.0524486
210 217 24 0.99672 -0.0219374 -0.0778927 0.831161 0.0225365 0.999723 0.00682092 0.146832 0.0777214 -0.00855398 0.996938 0.536294
210 218 36 0.997179 -0.0148539 -0.0735798 0.951076 0.0155206 0.999843 0.00849829 0.171818 0.073442 -0.00961632 0.997253 -0.256774
210 219 20 0.998907 0.0117007 -0.045253 0.356054 -0.0105971 0.999642 0.0245497 0.0446954 0.0455241 -0.0240433 0.998674 0.933396
210 220 32 0.996587 -0.00923279 -0.0820262 0.996814 0.0106349 0.999804 0.0166728 0.0783279 0.0818562 -0.0174882 0.996491 -0.0150586
210 221 23 0.996556 -0.0247711 -0.0791342 0.499035 0.0263261 0.999479 0.0186682 0.135591 0.0786305 -0.0206872 0.996689 0.855908
210 222 15 0.997891 0.0364622 -0.0536997 0.294106 -0.0343084 0.99859 0.0404988 0.0671191 0.0551006 -0.0385711 0.997736 0.953413
210 223 25 0.995153 0.00112783 -0.0983296 0.723724 0.00164108 0.999604 0.0280741 0.0455572 0.0983223 -0.0280994 0.994758 0.688584
210 224 21 0.997952 -0.0136871 -0.0624846 0.300571 0.0149111 0.999705 0.0191641 0.247825 0.0622039 -0.0200566 0.997862 0.920999
225 226 0 1 0 0 0 0 1 0 0 0 0 1 0
225 227 66 0.999395 0.00472556 -0.0344663 0.875483 -0.00458106 0.99998 0.00427027 -0.142128 0.0344858 -0.00410979 0.999397 0.461876
225 228 20 0.999625 0.0244019 -0.0124538 0.578751 -0.0242957 0.999668 0.00861043 0.0808356 0.0126598 -0.00830462 0.999885 0.811488
225 229 19 0.999555 0.0179136 -0.0238679 0.949265 -0.0178447 0.999836 0.00309624 0.0290397 0.0239194 -0.00266894 0.99971 -0.313133
225 230 12 0.999392 0.0282335 -0.0204605 0.97793 -0.027817 0.999406 0.0203623 -0.0281224 0.0210233 -0.0197808 0.999583 0.207032
225 231 0 1 0 0 0 0 1 0 0 0 0 1 0
225 232 0 1 0 0 0 0 1 0 0 0 0 1 0
225 233 19 0.996668 0.0297773 -0.0759396 0.999668 -0.0238557 0.996689 0.0777272 0.023363 0.0780027 -0.0756566 0.994078 0.010901
225 234 42 0.995876 0.0364147 -0.0831003 0.972867 -0.0300169 0.996581 0.07698 0.0146519 0.0856193 -0.0741681 0.993563 0.230902
225 235 35 0.996734 0.0369557 -0.0717983 0.999001 -0.0313999 0.996535 0.0770247 0.0445179 0.074396 -0.0745187 0.994441 -0.00387086
225 236 47 0.996247 0.0420521 -0.0756538 0.976546 -0.0359253 0.996099 0.0805984 0.00857684 0.078748 -0.077578 0.993871 0.215138
225 237 30 0.99726 0.0370149 -0.0640458 0.985794 -0.0326762 0.997183 0.0675129 0.0742453 0.0663644 -0.0652352 0.995661 -0.150655
225 238 22 0.995969 -0.0680812 0.0583959 0.12699 0.0671839 0.997592 0.0171972 0.148765 -0.0594261 -0.0132046 0.998145 0.980685
225 239 22 0.997292 0.0560265 -0.0476368 0.664209 -0.052137 0.995486 0.0793037 0.0220855 0.0518649 -0.0766053 0.995712 0.74722
240 241 0 1 0 0 0 0 1 0 0 0 0 1 0
240 242 0 1 0 0 0 0 1 0 0 0 0 1 0
240 243 57 0.999926 0.0004057 -0.012127 0.830033 -0.000373332 0.999996 0.00267128 -0.250368 0.0121281 -0.00266655 0.999923 0.498359
240 244 24 0.999993 0.00355282 0.00113631 -0.607414 -0.00354844 0.999986 -0.00383935 -0.0441183 -0.00114993 0.00383529 0.999992 -0.793159
240 245 92 0.999965 -0.000406205 -0.00836594 0.71273 0.000311084 0.999935 -0.0113683 -0.1059 0.00837002 0.0113653 0.9999 0.693398
240 246 82 0.999817 0.000357431 -0.0191123 0.941817 -0.000616255 0.999908 -0.0135381 -0.161494 0.0191057 0.0135474 0.999726 0.294788
240 247 107 0.999356 0.00126837 -0.0358491 0.968591 -0.00140061 0.999992 -0.00366389 -0.0849486 0.0358442 0.00371174 0.99935 -0.233698
240 248 108 0.999286 0.00600971 -0.0373114 0.989276 -0.0059037 0.999978 0.00295072 -0.0804099 0.0373283 -0.00272833 0.999299 0.121933
240 249 85 0.999401 0.00620617 -0.0340519 0.99948 -0.00583283 0.999922 0.0110521 -0.0276244 0.0341178 -0.0108469 0.999359 -0.0166215
240 250 44 0.998961 0.0178311 -0.0419314 0.86662 -0.0166754 0.999476 0.0277518 -0.132525 0.0424043 -0.0270238 0.998735 0.481048
240 251 75 0.999161 0.007023 -0.0403372 0.922081 -0.00669783 0.999944 0.00819083 0.0889812 0.0403925 -0.00791379 0.999153 -0.376629
240 252 132 0.998249 0.0148898 -0.0572557 0.950572 -0.0137173 0.999689 0.0208164 0.053927 0.0575479 -0.0199946 0.998143 -0.305785
240 253 59 0.999151 0.0212431 -0.0352857 0.912148 -0.0206496 0.99964 0.017102 0.0459639 0.0356363 -0.0163589 0.999231 -0.407276
240 254 83 0.999181 0.022491 -0.0336358 0.916466 -0.0218981 0.9996 0.0178911 0.0561949 0.0340248 -0.0171399 0.999274 -0.396146
255 256 16 0.999977 0.00655576 -0.00190553 0.271841 -0.00654684 0.999968 0.00465261 0.272789 0.00193597 -0.00464003 0.999987 -0.92287
255 257 0 1 0 0 0 0 1 0 0 0 0 1 0
255 258 0 1 0 0 0 0 1 0 0 0 0 1 0
255 259 11 0.998048 0.0612706 0.0120791 0.49901 -0.0612789 0.998121 0.000316262 0.131555 -0.012037 -0.00105584 0.999927 0.856553
255 260 13 0.998311 0.057733 0.00653731 0.389946 -0.057616 0.998197 -0.0168564 0.0657949 -0.00749869 0.0164513 0.999837 -0.918484
255 261 15 0.998229 0.0593206 0.00445506 0.958385 -0.0592345 0.998092 -0.0174479 0.104026 -0.00548158 0.0171531 0.999838 -0.265852
255 262 27 0.997743 0.0665873 -0.00867392 0.862243 -0.0666862 0.997706 -0.0116623 0.086528 0.00787746 0.0122144 0.999894 -0.499048
255 263 18 0.997562 0.0681524 -0.0150041 0.928796 -0.0681953 0.997669 -0.00236346 0.0276779 0.0148081 0.00338091 0.999885 -0.369555
255 264 16 0.997543 0.0667791 -0.0211686 0.899705 -0.0668837 0.997752 -0.00427126 0.0508642 0.0208358 0.0056766 0.999767 -0.433526
255 265 14 0.997426 0.065355 -0.0295136 0.940712 -0.0653705 0.997861 0.000439608 0.0379667 0.0294792 0.00149084 0.999564 -0.337075
255 266 124 0.996417 0.0693359 -0.0484395 0.929125 -0.0693603 0.997591 0.0011789 0.0239992 0.0484046 0.00218511 0.998825 -0.368987
255 267 47 0.997259 0.0661434 -0.0331729 0.472031 -0.0665479 0.99772 -0.0112408 -0.127089 0.0323538 0.0134175 0.999386 -0.872373
255 268 19 0.997945 0.0582567 -0.0266766 0.917607 -0.058711 0.998137 -0.0165754 0.0493034 0.0256613 0.0181076 0.999507 -0.39442
255 269 60 0.997348 0.0552373 -0.0473985 0.555819 -0.0564459 0.998104 -0.0245499 0.185366 0.0459526 0.0271602 0.998574 -0.810373
270 271 13 0.99999 0.00271259 -0.00367048 0.66027 -0.00271395 0.999996 -0.000364258 -0.13162 0.00366948 0.000374216 0.999993 0.739405
270 272 0 1 0 0 0 0 1 0 0 0 0 1 0
270 273 0 1 0 0 0 0 1 0 0 0 0 1 0
270 274 22 0.999619 0.0131481 -0.0242513 0.469746 -0.0131081 0.999912 0.00180751 -0.132052 0.024273 -0.00148894 0.999704 0.872869
270 275 79 0.999074 0.0197309 -0.0382348 0.687077 -0.0194267 0.999777 0.00831288 -0.165234 0.0383903 -0.00756241 0.999234 0.707547
270 276 13 0.99908 0.0191229 -0.0383875 0.652545 -0.0189 0.999802 0.00616178 -0.14178 0.0384977 -0.00543059 0.999244 0.744368
270 277 22 0.998411 0.0150842 -0.0542974 0.99466 -0.0147451 0.999869 0.00664064 0.0156293 0.0543905 -0.00582946 0.998503 0.102012
270 278 13 0.998634 0.025159 -0.045786 0.645936 -0.0248794 0.999668 0.00666604 -0.116605 0.0459385 -0.00551781 0.998929 0.754433
270 279 72 0.996619 0.0335946 -0.0749765 0.933131 -0.0318097 0.999184 0.0248748 -0.0777268 0.075751 -0.0224057 0.996875 0.351033
270 280 14 0.997666 0.0225362 -0.0644626 0.977029 -0.022519 0.999746 0.000992574 -0.0146072 0.0644686 0.000461378 0.99792 0.212607
270 281 50 0.995159 0.0532745 -0.0825821 0.635546 -0.0508164 0.998208 0.0315891 -0.194539 0.084117 -0.0272397 0.996083 0.747152
270 282 54 0.996195 0.0201191 -0.0848029 -0.21427 -0.0193743 0.999766 0.00959659 -0.0631842 0.0849762 -0.00791707 0.996352 -0.974729
270 283 15 0.995706 0.0259965 -0.0888508 0.983895 -0.0246751 0.999568 0.0159382 0.0658626 0.0892268 -0.0136773 0.995917 -0.166172
270 284 76 0.991158 0.0451253 -0.124778 0.859191 -0.0412019 0.998577 0.0338474 -0.141307 0.126128 -0.028407 0.991607 0.491755
285 286 0 1 0 0 0 0 1 0 0 0 0 1 0
285 287 48 0.999805 0.00379619 -0.0193809 0.807516 -0.00369834 0.99998 0.00508203 -0.149515 0.0193998 -0.00500936 0.999799 0.570581
285 288 12 0.999775 0.0105366 -0.0183943 0.551261 -0.0104712 0.999939 0.00364665 0.155764 0.0184316 -0.00345322 0.999824 -0.819664
285 289 32 0.999535 0.0162777 -0.0257736 0.538792 -0.0155776 0.99951 0.0271332 -0.0993325 0.0262026 -0.0267191 0.9993 0.836562
285 290 11 0.999146 0.00185737 -0.0412811 0.979208 -0.000552684 0.999501 0.0315938 0.161418 0.0413192 -0.031544 0.998648 0.122864
285 291 14 0.998797 0.00638457 -0.0486289 0.324802 -0.00477573 0.99944 0.0331286 0.238814 0.0488132 -0.0328565 0.998267 -0.915135
285 292 11 0.998467 0.0186225 -0.0521269 0.951771 -0.0165174 0.999042 0.0405278 0.232343 0.0528317 -0.0396047 0.997818 -0.200371
285 293 100 0.997335 0.0226111 -0.06937 0.771358 -0.0195307 0.998807 0.0447662 0.204175 0.0702994 -0.0432921 0.996586 -0.60276
285 294 12 0.997479 0.0224672 -0.0673127 0.980133 -0.0185813 0.998155 0.0578089 0.0550352 0.0684873 -0.0564124 0.996056 0.190555
285 295 48 0.995382 0.0551651 -0.0785568 0.697164 -0.0491493 0.995853 0.0765568 -0.0810186 0.0824543 -0.0723423 0.993966 0.712319
285 296 64 0.995199 0.0308798 -0.0928772 0.365075 -0.0266081 0.998546 0.0468856 0.217149 0.09419 -0.0441892 0.994573 -0.905299
285 297 30 0.996188 0.0473726 -0.0732421 -0.80039 -0.0427984 0.997107 0.0628096 0.0705934 0.0760057 -0.0594355 0.995334 -0.595309
285 298 49 0.992873 0.0708889 -0.0958035 0.770543 -0.0630784 0.994615 0.0822347 -0.0889155 0.101117 -0.0756054 0.991998 0.631155
285 299 72 0.988443 0.0656691 -0.136633 0.953117 -0.058049 0.996567 0.059031 0.100155 0.14004 -0.0504174 0.988861 -0.285546
300 301 20 0.999982 -0.00314337 -0.00518582 0.440691 0.00317439 0.999977 0.00598324 -0.148554 0.00516689 -0.00599959 0.999969 0.885282
300 302 0 1 0 0 0 0 1 0 0 0 0 1 0
300 303 11 0.999806 0.00077035 -0.0196587 0.463682 -0.000531303 0.999926 0.0121622 0.0977071 0.0196666 -0.0121494 0.999733 -0.880598
300 304 132 0.999478 0.017594 -0.027105 0.73626 -0.0173126 0.999794 0.0105819 0.143534 0.0272856 -0.0101071 0.999577 -0.661302
300 305 15 0.999562 0.0216517 -0.0201664 0.324391 -0.0214238 0.999705 0.0114477 0.207146 0.0204083 -0.0110107 0.999731 -0.922963
300 306 12 0.999578 0.0256437 -0.0136219 0.865274 -0.0256053 0.999668 0.00298146 -0.0783556 0.0136939 -0.00263141 0.999903 0.495137
300 307 25 0.999352 0.0292685 -0.0209672 0.325867 -0.0294054 0.999548 -0.00625102 0.201353 0.0207748 0.00686352 0.999761 -0.923725
300 308 103 0.999248 0.0319885 -0.021916 0.384682 -0.0322362 0.999419 -0.0110478 0.197605 0.0215499 0.011746 0.999699 -0.901649
300 309 160 0.999159 0.0307923 -0.0270719 0.523383 -0.0312486 0.999374 -0.0165952 0.1516 0.026544 0.0174272 0.999496 -0.838503
300 310 148 0.999436 0.022964 -0.024506 0.373281 -0.0236807 0.999288 -0.0293684 0.195028 0.0238142 0.0299322 0.999268 -0.906987
300 311 176 0.999548 0.016245 -0.0252987 0.484044 -0.017202 0.999127 -0.0380821 0.2197 0.024658 0.0385001 0.998954 -0.847014
300 312 171 0.999564 0.0145514 -0.0257082 0.521371 -0.0157041 0.998854 -0.0452197 0.260919 0.0250207 0.0456037 0.998646 -0.812462
300 313 196 0.999457 0.00728744 -0.0321459 0.698134 -0.00892654 0.998651 -0.0511442 0.173639 0.0317298 0.0514033 0.998174 -0.694592
300 314 175 0.999575 -0.00476934 -0.028766 0.461692 0.00320868 0.998533 -0.0540576 0.211733 0.0289816 0.0539423 0.998123 -0.8614
315 316 0 1 0 0 0 0 1 0 0 0 0 1 0
315 317 12 0.99996 -0.00529833 0.00724501 0.139321 0.00529043 0.999985 0.0011083 0.228379 -0.00725078 -0.00106993 0.999973 -0.963552
315 318 24 0.999943 -0.00617537 0.0087138 0.34895 0.00612628 0.999965 0.00564896 0.236244 -0.00874838 -0.00559526 0.999946 -0.906875
315 319 0 1 0 0 0 0 1 0 0 0 0 1 0
315 320 10 0.999904 -0.000634119 0.0138091 0.977355 0.000417564 0.999877 0.0156792 0.118701 -0.0138174 -0.015672 0.999782 -0.175179
315 321 112 0.999944 0.00725289 0.00770743 0.98313 -0.007334 0.999917 0.0105484 0.160141 -0.00763029 -0.0106044 0.999915 -0.0883807
315 322 0 1 0 0 0 0 1 0 0 0 0 1 0
315 323 16 0.999613 0.0116954 0.0252529 0.694616 -0.0118923 0.9999 0.00766221 0.176863 -0.0251608 -0.00795956 0.999652 -0.697301
315 324 0 1 0 0 0 0 1 0 0 0 0 1 0
315 325 14 0.999714 0.0143237 0.019134 0.830355 -0.0145125 0.999847 0.00976472 0.208174 -0.0189912 -0.0100396 0.999769 -0.516889
315 326 0 1 0 0 0 0 1 0 0 0 0 1 0
315 327 19 0.999894 0.0110926 0.00941444 0.931971 -0.0112993 0.99969 0.0221983 0.16172 -0.00916529 -0.0223023 0.999709 -0.324464
315 328 13 0.999931 0.0113115 0.00314116 0.750193 -0.0114006 0.999486 0.0299462 0.186926 -0.00280081 -0.0299799 0.999547 -0.634246
315 329 11 0.999841 0.0178106 0.000771784 0.682353 -0.0178266 0.999259 0.0341215 0.110184 -0.000163487 -0.0341298 0.999417 -0.722671
330 331 0 1 0 0 0 0 1 0 0 0 0 1 0
330 332 15 0.999945 0.00579146 -0.00872267 0.174351 -0.00580565 0.999982 -0.00160193 0.16085 0.00871323 0.00165249 0.999961 -0.971457
330 333 12 0.99993 0.00286396 -0.0114764 0.356456 -0.0028563 0.999996 0.000683717 -0.23833 0.0114783 -0.000650889 0.999934 0.903404
330 334 0 1 0 0 0 0 1 0 0 0 0 1 0
330 335 19 0.999487 -0.000119608 -0.0320212 0.830019 5.07727e-05 0.999998 -0.00215047 0.10748 0.0320214 0.00214775 0.999485 -0.54728
330 336 78 0.999237 0.00632337 -0.0385289 0.948804 -0.00657 0.999959 -0.00627808 0.0723591 0.0384876 0.00652643 0.999238 -0.307465
330 337 23 0.999523 0.0166707 -0.0260014 0.40343 -0.0169308 0.999808 -0.00981533 0.0898252 0.0258328 0.0102509 0.999614 -0.910591
330 338 22 0.99918 0.0163871 -0.0370265 0.724962 -0.016761 0.999811 -0.00980991 0.0977638 0.0368587 0.0104225 0.999266 -0.681816
330 339 14 0.9988 0.0188555 -0.0451924 0.73601 -0.0196724 0.99965 -0.0177005 0.175608 0.0448429 0.0185683 0.998821 -0.653797
330 340 15 0.998594 0.0215251 -0.0484528 0.924191 -0.0227061 0.999455 -0.0239581 0.156428 0.0479107 0.0250246 0.998538 -0.348427
330 341 53 0.998149 0.022098 -0.0566618 0.829667 -0.0232308 0.999542 -0.0194128 0.121708 0.0562069 0.0206932 0.998205 -0.544831
330 342 61 0.997865 0.0220059 -0.0614933 0.864005 -0.0229912 0.999618 -0.0153617 0.0863957 0.0611318 0.0167427 0.997989 -0.496016
330 343 85 0.99757 0.0273794 -0.0640707 0.460669 -0.0279431 0.999578 -0.00791797 0.187972 0.0638269 0.00968906 0.997914 -0.867439
330 344 67 0.99716 0.0319701 -0.0681842 0.989245 -0.0317897 0.999488 0.00373024 0.118794 0.0682685 -0.00155209 0.997666 -0.0853375
345 346 0 1 0 0 0 0 1 0 0 0 0 1 0
345 347 12 0.999964 0.00516855 -0.00673192 0.28458 -0.00507257 0.999886 0.0141972 0.164634 0.00680453 -0.0141625 0.999877 -0.94441
345 348 0 1 0 0 0 0 1 0 0 0 0 1 0
345 349 0 1 0 0 0 0 1 0 0 0 0 1 0
345 350 0 1 0 0 0 0 1 0 0 0 0 1 0
345 351 0 1 0 0 0 0 1 0 0 0 0 1 0
345 352 10 0.999087 -0.00225205 -0.0426527 0.899495 0.00367179 0.999441 0.0332371 0.0937022 0.042554 -0.0333634 0.998537 -0.426766
345 353 15 0.999467 0.0072526 -0.0318379 0.347042 -0.00618301 0.999417 0.0335658 0.0185107 0.0320628 -0.033351 0.998929 -0.937667
345 354 10 0.999559 0.0123703 -0.0270076 0.530739 -0.0113681 0.999252 0.0369511 0.189297 0.0274445 -0.0366278 0.998952 0.826125
345 355 0 1 0 0 0 0 1 0 0 0 0 1 0
345 356 0 1 0 0 0 0 1 0 0 0 0 1 0
345 357 13 0.998804 -0.00453455 -0.0486889 0.897148 0.00547913 0.999799 0.0192844 0.166339 0.0485917 -0.0195281 0.998628 -0.409214
345 358 13 0.999192 -0.00819616 -0.0393576 0.255099 0.00885926 0.999821 0.0167033 -0.0298704 0.0392137 -0.0170385 0.999086 -0.966453
345 359 35 0.998646 -0.00504514 -0.0517789 0.927441 0.00568318 0.99991 0.0121824 0.13197 0.0517128 -0.0124602 0.998584 -0.349911
360 361 0 1 0 0 0 0 1 0 0 0 0 1 0
360 362 0 1 0 0 0 0 1 0 0 0 0 1 0
360 363 0 1 0 0 0 0 1 0 0 0 0 1 0
360 364 0 1 0 0 0 0 1 0 0 0 0 1 0
360 365 0 1 0 0 0 0 1 0 0 0 0 1 0
360 366 0 1 0 0 0 0 1 0 0 0 0 1 0
360 367 12 0.998498 0.00584649 -0.0544675 0.654774 -0.00668016 0.999863 -0.0151364 0.072156 0.0543715 0.0154775 0.998401 -0.752372
360 368 0 1 0 0 0 0 1 0 0 0 0 1 0
360 369 0 1 0 0 0 0 1 0 0 0 0 1 0
360 370 0 1 0 0 0 0 1 0 0 0 0 1 0
360 371 0 1 0 0 0 0 1 0 0 0 0 1 0
360 372 12 0.997641 0.0171717 -0.0664615 0.387277 -0.0188675 0.99951 -0.0249724 -0.020986 0.0660001 0.0261674 0.997476 0.921724
360 373 11 0.996437 0.0166232 -0.0826885 0.344033 -0.0188826 0.999467 -0.0266167 0.30644 0.082202 0.0280833 0.99622 -0.887545
360 374 0 1 0 0 0 0 1 0 0 0 0 1 0
375 376 0 1 0 0 0 0 1 0 0 0 0 1 0
375 377 11 0.999946 0.00288274 -0.0099927 0.343715 -0.00298808 0.99994 -0.0105427 0.210325 0.00996171 0.010572 0.999894 -0.915218
375 378 0 1 0 0 0 0 1 0 0 0 0 1 0
375 379 0 1 0 0 0 0 1 0 0 0 0 1 0
375 380 10 0.99947 -0.00248007 -0.0324614 0.693316 0.00181177 0.999786 -0.0206006 0.0264177 0.0325055 0.0205309 0.999261 -0.720149
375 381 0 1 0 0 0 0 1 0 0 0 0 1 0
375 382 0 1 0 0 0 0 1 0 0 0 0 1 0
375 383 0 1 0 0 0 0 1 0 0 0 0 1 0
375 384 40 0.998402 0.00485297 -0.0563014 0.408109 -0.00616461 0.999713 -0.0231465 0.116938 0.056173 0.0234565 0.998145 -0.905413
375 385 55 0.998227 0.00731881 -0.0590741 0.345934 -0.00856562 0.999745 -0.0208804 0.179775 0.0589063 0.0213494 0.998035 -0.920875
375 386 49 0.997118 0.0100501 -0.0751971 0.569795 -0.0113965 0.999782 -0.0174968 0.223941 0.0750049 0.0183034 0.997015 -0.790686
375 387 56 0.993351 0.0229717 -0.112808 0.999424 -0.0227189 0.999736 0.0035262 -0.0234487 0.112859 -0.000939879 0.993611 -0.0245195
375 388 19 0.997416 0.0142656 -0.0704114 -0.270247 -0.0156172 0.999703 -0.0186824 0.203001 0.070124 0.0197337 0.997343 -0.941147
375 389 23 0.993451 0.038172 -0.107691 0.764805 -0.0404157 0.999007 -0.0187286 -0.0291211 0.106869 0.0229584 0.994008 -0.643603
390 391 0 1 0 0 0 0 1 0 0 0 0 1 0
390 392 0 1 0 0 0 0 1 0 0 0 0 1 0
390 393 10 0.999761 0.00840632 -0.0201591 0.453158 -0.0084054 0.999965 0.000130306 0.0952001 0.0201595 3.917e-05 0.999797 -0.886332
390 394 0 1 0 0 0 0 1 0 0 0 0 1 0
