0 1 137 0.974052 0.0801355 -0.211663 0.915189 -0.0798518 0.996758 0.00990189 0.216935 0.21177 0.00725671 0.977293 -0.33966
0 2 49 0.996846 0.0468442 -0.0640632 0.440458 -0.0470908 0.998888 -0.002344 0.237502 0.0638822 0.0053534 0.997943 -0.865788
0 3 15 0.924794 -0.11473 0.362759 0.112604 0.0531689 0.983066 0.175368 -0.121108 -0.376736 -0.142892 0.915233 0.986232
0 4 38 0.0637961 0.936579 -0.344602 0.272721 0.7352 0.189394 0.650853 -0.304665 0.674841 -0.294874 -0.67649 0.91258
0 5 17 0.676607 -0.728375 0.108037 -0.286237 0.707191 0.683663 0.180239 -0.326322 -0.205143 -0.0455485 0.977672 -0.900879
0 6 28 0.961337 0.227794 0.154729 0.0502528 0.161656 -0.921713 0.35258 -0.38629 0.222931 -0.313935 -0.922901 0.921007
0 7 18 0.532558 0.846383 -0.00425068 0.0858694 0.819521 -0.514388 0.252567 -0.00639802 0.211582 -0.13799 -0.96757 0.996286
0 8 34 -0.593643 -0.447987 -0.668503 0.476376 -0.801073 0.249888 0.54391 -0.219475 -0.0766138 0.858408 -0.507215 0.851408
0 9 24 -0.535797 -0.586134 -0.607757 0.285875 -0.813342 0.551551 0.185112 -0.218905 0.226708 0.593496 -0.772247 0.932929
0 10 14 -0.396537 0.81363 0.425163 -0.34723 -0.917427 -0.367844 -0.151718 -0.124652 0.0329517 -0.450218 0.89231 0.929458
0 11 0 1 0 0 0 0 1 0 0 0 0 1 0
0 12 10 0.767877 -0.636372 0.0734608 -0.298519 0.591802 0.748604 0.298935 -0.154884 -0.245227 -0.186071 0.951442 -0.941752
0 13 15 -0.852745 -0.457432 -0.252154 0.00408423 0.478906 -0.877424 -0.0278531 -0.319637 -0.208505 -0.14451 0.967286 -0.947531
0 14 25 0.856603 -0.515935 -0.00656501 0.14255 -0.515854 -0.856607 0.0108986 -0.249803 -0.0112466 -0.00594914 -0.999919 0.957746
0 15 27 -0.810689 0.524982 -0.259187 0.10019 0.378365 0.807605 0.452344 -0.268615 0.446793 0.268643 -0.853351 0.958023
0 16 24 0.780244 -0.579753 -0.234748 0.1144 0.608769 0.790054 0.0722131 -0.240943 0.143598 -0.199251 0.96937 0.963773
0 17 20 -0.739026 0.671878 -0.0492063 -0.0722699 0.555034 0.648643 0.520768 -0.241414 0.38181 0.35755 -0.852279 0.967727
0 18 24 -0.288094 0.660586 0.693274 -0.0423183 0.738971 0.613807 -0.277782 -0.0285107 -0.609035 0.432282 -0.664988 0.998697
0 19 17 -0.578933 -0.71291 -0.395722 0.0260037 0.763412 -0.644406 0.0440682 -0.26456 -0.286422 -0.276586 0.917313 0.964019
0 20 15 0.261039 0.964465 -0.0408141 0.0184659 -0.960554 0.263715 0.0882658 -0.223692 0.0958926 0.0161633 0.99526 0.974485
0 21 14 -0.256158 -0.963028 -0.0834267 -0.061497 0.963426 -0.247328 -0.103143 0.294386 0.0786962 -0.106797 0.991162 -0.953706
0 22 11 0.332942 0.92448 0.185708 0.250318 -0.903013 0.369304 -0.219505 -0.391373 -0.271511 -0.0946142 0.957773 0.885533
0 23 35 0.918696 0.0591958 -0.390504 0.222545 -0.117405 -0.903085 -0.413102 0.00965275 -0.377112 0.425362 -0.822711 0.974875
0 24 21 0.791696 -0.608455 -0.0547782 -0.0609229 0.585191 0.729558 0.353972 -0.0883547 -0.175412 -0.312293 0.933651 0.994224
0 25 11 -0.850413 0.441864 0.285575 -0.0358155 -0.517215 -0.801567 -0.299965 -0.31076 0.0963634 -0.402798 0.910202 0.949813
0 26 16 0.54508 0.828913 -0.12566 0.429021 0.794071 -0.558521 -0.239801 0.0560165 -0.268958 0.0309276 -0.962655 0.901556
0 27 13 -0.593931 -0.80174 0.0667773 0.0784115 0.706487 -0.559469 -0.433441 0.290493 0.384867 -0.210257 0.898704 -0.953659
0 28 16 0.417632 0.687685 0.593863 -0.0692443 -0.757993 0.624089 -0.18963 -0.0128878 -0.501029 -0.370948 0.7819 0.997516
0 29 34 -0.214861 0.96623 0.142248 0.0651277 0.872242 0.124325 0.473008 -0.366605 0.43935 0.225706 -0.869499 0.928094
0 30 10 -0.423691 -0.884054 -0.19732 -0.231709 0.898306 -0.382116 -0.216872 0.328559 0.116327 -0.26914 0.95605 -0.91562
0 31 25 0.837061 -0.531032 0.131661 -0.303152 -0.545823 -0.794056 0.267491 -0.253796 -0.0374999 -0.29577 -0.954523 0.918524
0 32 17 -0.150389 -0.957941 0.2444 0.0616243 0.987913 -0.155012 0.000325377 -0.203455 0.0375731 0.241495 0.969674 0.977143
0 33 21 0.0686427 0.869095 0.489859 -0.219654 0.910151 -0.255634 0.326002 -0.125139 0.408551 0.423468 -0.808555 0.967519
0 34 21 0.729493 0.673593 -0.118797 0.396316 0.594692 -0.538813 0.596676 -0.202085 0.337907 -0.505918 -0.793641 0.895598
0 35 22 0.951925 0.14831 0.268037 -0.00622956 0.242534 -0.899386 -0.363705 0.196285 0.187128 0.411228 -0.892118 0.980527
0 36 17 0.937895 0.317662 0.139443 0.029993 0.336698 -0.930346 -0.145228 0.196588 0.0835964 0.183159 -0.979523 0.980027
0 37 16 -0.86003 0.480679 0.171162 0.0919031 -0.479528 -0.876056 0.0507886 -0.240169 0.17436 -0.038397 0.983933 -0.966371
0 38 30 -0.747668 -0.654391 0.11298 -0.0693438 -0.46092 0.633854 0.621113 -0.398212 -0.478064 0.412312 -0.775534 0.914669
0 39 19 -0.915825 -0.0305032 0.400417 -0.350132 0.157706 0.889684 0.428476 -0.245303 -0.369315 0.455557 -0.809984 0.90401
0 40 27 -0.377671 -0.863787 0.333521 -0.242977 -0.82373 0.477936 0.305036 -0.077453 -0.422888 -0.159527 -0.89203 0.966935
0 41 15 0.808065 0.585894 -0.061318 0.24812 -0.577124 0.808222 0.117066 -0.049924 0.118147 -0.0592087 0.991229 -0.967442
0 42 23 0.237435 -0.952982 -0.188282 -0.250427 0.92379 0.281453 -0.259609 0.0890397 0.300395 -0.112293 0.947182 0.964032
0 43 28 -0.65049 -0.637359 -0.413082 0.257498 -0.717448 0.694127 0.0587898 -0.16608 0.249261 0.334607 -0.908794 0.951899
0 44 15 0.980988 -0.173517 -0.086919 0.138382 0.177333 0.983408 0.038234 0.402417 0.0788426 -0.0529207 0.995481 -0.904937
0 45 53 0.78251 -0.26052 0.565515 -0.920021 0.312481 0.94991 0.0052177 0.0411709 -0.538547 0.17263 0.824722 0.3897
0 46 14 0.965561 -0.259202 0.0224834 -0.202941 0.259173 0.965822 0.00422714 -0.0529744 -0.0228106 0.00174552 0.999738 0.977757
0 47 30 0.991257 -0.116616 0.0617298 0.0469044 -0.131887 -0.861694 0.48999 -0.306865 -0.00394834 -0.493847 -0.86954 0.950596
0 48 38 -0.167506 -0.845559 -0.506923 0.219447 -0.956576 0.263813 -0.123958 0.0167012 0.238546 0.464147 -0.853032 0.975482
0 49 45 0.262405 0.299479 -0.917309 0.689612 0.722703 0.568916 0.392473 -0.21424 0.63941 -0.765929 -0.0671477 0.691764
0 50 12 0.687207 0.671165 0.278001 -0.398314 -0.627046 0.741244 -0.23952 0.356236 -0.366824 -0.00972 0.93024 -0.845247
0 51 15 -0.166534 0.984052 -0.0625158 0.11296 -0.959757 -0.176309 -0.218591 0.460062 -0.226127 0.0235971 0.973812 -0.880672
0 52 22 -0.635773 -0.606408 -0.477558 0.215515 -0.247546 0.746204 -0.617981 0.0338099 0.731105 -0.274678 -0.62453 0.975915
0 53 42 -0.775536 0.520514 0.357224 -0.0684856 0.179996 0.724679 -0.665163 0.286707 -0.605099 -0.451559 -0.655705 0.955567
0 54 14 0.944356 -0.328881 -0.00539667 0.029641 -0.320115 -0.915166 -0.244945 0.127521 0.0756189 0.233043 -0.969522 0.991393
0 55 22 -0.11067 0.982071 -0.152605 0.0725448 0.990709 0.121224 0.0616549 -0.0481627 0.0790489 -0.144364 -0.986362 0.996202
0 56 21 -0.378996 -0.895956 0.23157 -0.293759 -0.918862 0.394036 0.0207058 0.163765 -0.109799 -0.204934 -0.972598 0.941747
0 57 29 0.633114 0.774001 0.0094084 0.0258689 0.744451 -0.605523 -0.281309 0.016814 -0.212036 0.185105 -0.959571 0.999524
0 58 34 -0.864236 -0.0591034 0.499602 -0.361667 0.0912101 0.95821 0.271136 -0.148981 -0.494749 0.279895 -0.822729 0.920327
0 59 19 0.410556 -0.841456 -0.351277 0.136323 0.844787 0.496003 -0.200788 0.0440988 0.343188 -0.214319 0.914488 0.989682
0 60 25 -0.987998 0.145978 -0.0505031 0.479135 -0.149995 -0.984771 0.0879025 -0.291115 -0.0369022 0.0944227 0.994848 0.828059
0 61 27 0.927134 -0.0706098 -0.368017 0.186201 0.163408 -0.807612 0.566622 -0.224521 -0.337224 -0.585471 -0.737227 0.956514
0 62 38 0.957859 0.287112 0.00856381 0.13316 0.286282 -0.956673 0.0531022 -0.00960765 0.0234391 -0.0484128 -0.998552 0.991048
0 63 25 0.88488 -0.463156 -0.0497439 0.081883 -0.455391 -0.837653 -0.301589 0.268515 0.0980147 0.289523 -0.952139 0.959789
0 64 37 -0.765286 0.641533 0.0526639 0.0445783 0.568878 0.635791 0.521678 -0.330364 0.30119 0.429192 -0.851515 0.9428
0 65 20 -0.248215 -0.858123 -0.44946 0.17144 -0.896224 0.379525 -0.229659 0.214666 0.367657 0.345812 -0.863274 0.961523
0 66 18 0.865408 -0.470579 -0.172117 -0.00848484 0.501029 0.808417 0.308921 0.316201 -0.0062295 -0.353578 0.935384 0.948654
0 67 28 -0.0880397 0.988429 0.123523 0.0702095 0.951358 0.120189 -0.283676 0.260416 -0.295239 0.0925399 -0.950931 0.96294
0 68 20 0.801516 -0.570618 0.178796 -0.140146 -0.44703 -0.770372 -0.454633 0.204736 0.397161 0.284468 -0.872549 0.968732
0 69 32 0.650986 -0.479972 0.588085 -0.21679 -0.260995 -0.869017 -0.420347 0.248095 0.712811 0.120153 -0.690988 0.944167
0 70 39 -0.63398 -0.324699 0.701883 -0.256402 -0.27897 -0.75046 -0.599153 0.152031 0.72128 -0.575656 0.385195 0.954539
0 71 39 0.300128 -0.745801 -0.59473 0.364302 -0.95381 -0.226107 -0.197794 0.0211453 0.0130428 0.626623 -0.779213 0.931041
0 72 27 0.834248 -0.367942 -0.410668 0.375394 0.376331 0.924297 -0.0636382 0.318415 0.402995 -0.101457 0.909561 -0.870455
0 73 17 0.737897 -0.671828 -0.06446 0.199167 0.674697 0.736707 0.0452434 0.346918 0.0170924 -0.0768759 0.996894 -0.916504
0 74 13 0.0214322 -0.983302 0.180717 0.0764426 0.968044 -0.0247651 -0.249556 -0.127499 0.249864 0.18029 0.951348 0.988889
0 75 25 0.879703 -0.469649 0.074518 -0.485949 0.474434 0.877447 -0.0707063 -0.119904 -0.0321784 0.0975544 0.99471 0.865723
0 76 25 -0.495309 -0.651691 -0.574428 0.180488 -0.783446 0.620794 -0.0287554 -0.0535724 0.375341 0.435791 -0.81805 0.982117
0 77 20 0.872876 0.476433 0.105349 -0.249533 -0.475791 0.878947 -0.0327719 0.231031 -0.10821 -0.0215185 0.993895 -0.940403
0 78 28 0.515428 -0.669432 -0.534972 0.310157 -0.71508 -0.680018 0.161977 -0.176014 -0.472223 0.29906 -0.829198 0.934249
0 79 16 -0.613345 0.191429 -0.766266 0.179036 -0.300981 0.840326 0.450846 -0.0930848 0.730218 0.507155 -0.457793 0.979429
0 80 27 -0.820639 -0.194982 -0.537153 0.217251 -0.357614 0.908403 0.216604 0.0496865 0.445718 0.369847 -0.815199 0.97485
0 81 26 -0.242081 -0.880823 -0.406876 0.141905 -0.969612 0.234899 0.0683767 0.0443899 0.0353468 0.411064 -0.910921 0.988885
0 82 16 0.373534 0.850192 0.371006 -0.219935 -0.926563 0.322913 0.192894 0.0418823 0.0441941 -0.415813 0.908376 0.974615
0 83 11 0.123428 0.937635 0.324972 -0.135596 -0.957206 0.198875 -0.210253 0.340759 -0.261769 -0.285114 0.922056 -0.930321
0 84 11 0.717619 0.582117 0.382312 -0.156562 -0.625755 0.779912 -0.0129381 -0.0314882 -0.305702 -0.229949 0.923943 -0.987166
0 85 15 0.779666 -0.594789 -0.195824 0.109008 0.567255 0.803307 -0.181437 0.376382 0.265223 0.0303783 0.963708 -0.920029
0 86 29 -0.795826 -0.576795 0.184307 -0.0340887 -0.441919 0.76133 0.474431 -0.249252 -0.413968 0.296116 -0.860782 0.967838
0 87 40 0.61916 -0.268889 0.737794 -0.982351 0.282792 0.952859 0.10995 -0.0205826 -0.732577 0.140565 0.666012 0.185911
0 88 76 0.931301 -0.220903 0.289621 -0.826896 0.218933 0.974935 0.0396174 0.0682192 -0.291114 0.0265119 0.956321 -0.558201
0 89 88 0.993601 -0.0588895 0.0963831 -0.208624 0.0661209 0.995091 -0.0736373 0.172782 -0.0915734 0.079539 0.992617 -0.962612
0 90 67 0.999658 0.0224818 -0.0133494 0.0287675 -0.0251839 0.965161 -0.260443 0.26013 0.00702909 0.26069 0.965397 -0.965145
0 91 30 0.973187 0.0681391 0.219693 -0.309846 -0.0100811 0.966832 -0.255212 0.254585 -0.229796 0.246154 0.941595 -0.916069
0 92 55 0.875077 0.0497692 0.481417 -0.631256 0.208878 0.858455 -0.468428 0.688857 -0.436588 0.510469 0.740819 -0.356359
0 93 46 0.752614 -0.389727 -0.53074 0.38004 -0.639703 -0.623789 -0.449075 0.154326 -0.156053 0.677496 -0.718782 0.912005
0 94 27 0.989593 0.0177625 0.142792 -0.262574 -0.0317009 0.994882 0.0959397 -0.196615 -0.140357 -0.099468 0.985092 -0.944668
0 95 22 0.988183 0.0759249 0.13315 -0.262615 -0.0781836 0.996869 0.01181 -0.0692816 -0.131837 -0.0220806 0.991025 -0.96241
0 96 18 0.91449 -0.404194 -0.0183007 -0.162679 0.40445 0.914461 0.0134548 0.232996 0.011297 -0.019706 0.999742 -0.958774
0 97 11 0.65113 -0.731425 -0.2026 0.195642 0.742429 0.558408 0.370108 0.309612 -0.157573 -0.391404 0.906628 0.930518
0 98 10 0.991453 -0.0985034 0.0855449 0.0550952 0.0936055 0.99383 0.059502 -0.281403 -0.0908782 -0.050986 0.994556 0.958007
0 99 13 -0.647849 0.743128 0.167488 0.0149061 -0.761685 -0.628668 -0.156882 0.198834 -0.0112892 -0.229209 0.973312 -0.97992
0 100 25 -0.399196 -0.885646 0.237222 -0.0918834 -0.874669 0.445445 0.191138 -0.275876 -0.27495 -0.131189 -0.952466 0.956791
0 101 16 -0.984763 -0.111435 -0.13351 0.0440711 0.12772 -0.984482 -0.120346 0.0207167 -0.118027 -0.135564 0.983713 -0.998814
0 102 0 1 0 0 0 0 1 0 0 0 0 1 0
0 103 10 -0.37422 0.924835 -0.0681121 0.0129787 -0.875442 -0.376549 -0.303006 -0.144083 -0.305878 -0.0537625 0.950552 -0.98948
0 104 42 -0.394693 0.756756 -0.521093 0.352986 0.918804 0.32252 -0.227554 -0.034481 -0.00413946 -0.568596 -0.822606 0.934993
0 105 31 -0.787301 0.101048 -0.608233 0.316449 0.578389 0.462782 -0.671787 0.0462786 0.213597 -0.880694 -0.422794 0.94748
0 106 22 -0.999841 0.0176559 -0.00266595 0.248603 -0.016005 -0.952345 -0.304601 0.390402 -0.0079169 -0.30451 0.952476 -0.886444
0 107 21 -0.0455437 -0.09223 -0.994696 0.284966 0.312459 -0.947083 0.0735087 -0.21966 -0.948839 -0.307454 0.0719518 0.933029
0 108 17 0.792265 -0.447073 0.415261 -0.436809 0.533795 0.837518 -0.116733 0.310448 -0.295601 0.314148 0.902181 -0.844286
0 109 36 0.871949 -0.130837 -0.471791 0.0510887 -0.0364268 -0.978297 0.203979 -0.231614 -0.488239 -0.160674 -0.857792 0.971465
0 110 18 -0.608454 0.791896 -0.051806 0.0221772 -0.776676 -0.607623 -0.166038 -0.402918 -0.162964 -0.0607902 0.984758 0.914967
0 111 25 0.00437344 -0.99359 0.112959 0.087517 0.99928 0.00859829 0.0369415 -0.261352 -0.0376759 0.112716 0.992913 0.961268
0 112 31 0.0841144 -0.922457 0.376827 -0.217061 -0.900387 0.0916458 0.425328 -0.315474 -0.426881 -0.375066 -0.82286 0.923775
0 113 0 1 0 0 0 0 1 0 0 0 0 1 0
0 114 18 -0.956459 0.013221 0.291566 -0.787092 -0.0365833 -0.996526 -0.0748214 0.339941 0.289564 -0.0822301 0.95362 -0.514709
0 115 0 1 0 0 0 0 1 0 0 0 0 1 0
0 116 23 -0.344985 0.863856 -0.367067 0.429941 0.895323 0.185475 -0.404965 0.146841 -0.281749 -0.46835 -0.837416 0.890836
0 117 19 -0.877732 0.0993774 -0.468733 0.308685 0.100244 0.994693 0.023174 0.0967415 0.468548 -0.0266472 -0.883036 0.946232
0 118 0 1 0 0 0 0 1 0 0 0 0 1 0
0 119 20 -0.847818 0.14808 -0.509192 0.331407 -0.0621445 0.925859 0.372724 -0.213346 0.526633 0.347646 -0.775758 0.91905
0 120 0 1 0 0 0 0 1 0 0 0 0 1 0
0 121 25 0.698125 0.401613 0.59273 -0.26734 0.446552 -0.891352 0.0779943 0.0205165 0.559654 0.210235 -0.801616 0.963384
0 122 33 -0.954236 0.289309 0.0757188 0.0505441 -0.295947 -0.877151 -0.378182 0.191729 -0.0429945 -0.383284 0.922629 0.980146
0 123 10 0.995955 0.084841 0.0295866 -0.0696878 -0.0782207 0.980709 -0.179138 -0.128355 -0.0442141 0.176099 0.983379 0.989277
0 124 35 -0.998525 0.0147307 -0.0522536 0.0455178 -0.00876292 0.906134 0.422899 -0.17772 0.0535784 0.422733 -0.904669 0.983028
0 125 17 0.885623 -0.45145 0.108928 -0.444168 0.464173 0.853066 -0.238372 0.348272 0.0146903 0.261669 0.965046 -0.825482
0 126 20 0.793874 -0.607693 -0.0217631 0.0795438 0.592428 0.781009 -0.197621 -0.00444521 0.13709 0.143993 0.980037 -0.996821
0 127 18 -0.461703 -0.873303 0.155473 -0.0724164 -0.833579 0.487088 0.260561 -0.102274 -0.303278 -0.00929741 -0.952857 0.992117
0 128 21 0.988255 0.138722 -0.0640964 0.0674321 -0.12853 0.981432 0.14238 0.100625 0.0826575 -0.13247 0.987735 -0.992637
0 129 43 0.972276 0.0269261 0.232281 -0.704018 -0.050988 0.993858 0.0982156 0.582403 -0.22821 -0.107336 0.967677 -0.406405
0 130 30 0.555388 -0.782951 0.280235 -0.297521 -0.717736 -0.621507 -0.31398 -0.0676441 0.419999 -0.026754 -0.90713 0.952316
0 131 31 0.798373 0.36678 0.47757 -0.616807 -0.598867 0.400765 0.693358 -0.682296 0.0629167 -0.83956 0.539612 -0.392455
0 132 22 0.0851433 -0.940697 0.32839 -0.378935 -0.994673 -0.0610274 0.0830764 0.0901356 -0.0581089 -0.333714 -0.940882 0.921023
0 133 21 -0.254358 -0.917006 -0.30725 0.474016 0.961728 -0.273307 0.0195328 -0.282385 -0.101885 -0.290522 0.951428 -0.834007
0 134 12 0.95938 0.186268 0.211884 -0.292823 -0.247319 0.916645 0.313997 -0.0281129 -0.135735 -0.353646 0.925479 -0.955753
0 135 18 0.303305 -0.949038 0.085629 -0.0142167 -0.933978 -0.278266 0.224172 -0.0873917 -0.18892 -0.147968 -0.97078 0.996073
0 136 18 -0.321171 -0.915333 -0.24293 0.353434 0.927498 -0.252206 -0.275933 0.207042 0.191302 -0.313939 0.929971 -0.91226
0 137 32 0.551507 -0.833555 -0.0320401 -0.0929073 -0.736867 -0.504819 0.449651 -0.325812 -0.390983 -0.224376 -0.89263 0.940859
0 138 20 -0.224939 0.876015 0.426614 -0.418031 -0.953986 -0.287097 0.0865247 0.123579 0.198277 -0.387521 0.900285 -0.899988
0 139 42 0.945802 -0.324742 -0.000739835 -0.121657 -0.0690098 -0.203214 0.976699 -0.668607 -0.317326 -0.923713 -0.214611 0.733597
0 140 97 0.995814 -0.00923372 0.0909361 -0.738749 -0.0149886 0.96492 0.262115 -0.670125 -0.0901664 -0.262381 0.960743 -0.0719909
0 141 111 0.982215 -0.0367551 0.184127 -0.976271 0.0139474 0.992226 0.123665 0.216407 -0.187241 -0.118897 0.975092 0.00789702
0 142 69 0.936864 -0.0567215 0.345062 -0.91172 0.0989491 0.98943 -0.10601 0.360154 -0.335402 0.13346 0.932574 0.197627
0 143 23 0.970178 -0.242064 -0.0126674 0.3225 0.242323 0.967293 0.0749899 -0.0656511 -0.00589929 -0.0758231 0.997104 0.94429
0 144 13 0.499816 -0.865455 0.0342197 -0.1877 0.859926 0.500568 0.0997903 -0.190928 -0.103493 -0.0204504 0.99442 -0.963491
0 145 10 -0.821392 0.542683 -0.175528 0.380219 -0.428649 -0.790365 -0.437703 0.204272 -0.376266 -0.284286 0.88182 -0.902057
0 146 21 -0.5799 -0.80112 0.148065 0.234818 0.745662 -0.59514 -0.299661 0.278214 0.328184 -0.0633669 0.942486 -0.931374
0 147 23 0.967105 -0.251908 -0.0353666 0.0698517 -0.220457 -0.760637 -0.610598 -0.115553 0.126913 0.598309 -0.79115 0.990842
0 148 25 0.708953 0.655641 0.259845 0.0369874 0.59954 -0.754312 0.267515 -0.131215 0.371398 -0.0338677 -0.927856 0.990664
0 149 10 0.801025 0.52849 0.281173 0.279105 -0.558453 0.828879 0.0330073 0.107006 -0.215614 -0.183462 0.959089 0.95428
0 150 30 0.813203 0.213652 -0.541344 0.372111 -0.178535 -0.793744 -0.58146 0.336968 -0.553918 0.569494 -0.607331 0.864862
0 151 16 -0.995588 0.0405194 -0.0846311 0.203055 0.051418 0.990068 -0.130853 0.170271 0.0784884 -0.134627 -0.987783 0.964249
0 152 18 0.249982 0.889925 -0.3815 0.391618 0.966552 -0.206029 0.152739 -0.22071 0.0573259 -0.406922 -0.911662 0.893265
0 153 20 -0.993174 -0.0146384 -0.11572 0.270704 0.0245055 0.943766 -0.329705 0.12544 0.114039 -0.33029 -0.936965 0.954455
0 154 21 -0.567122 0.80771 -0.161172 0.283316 0.823151 0.549137 -0.144464 0.0223154 -0.0281797 -0.214598 -0.976296 0.958767
0 155 0 1 0 0 0 0 1 0 0 0 0 1 0
0 156 10 -0.424101 -0.898641 0.112169 0.409392 0.905599 -0.421549 0.0467589 -0.0630989 0.00526509 0.12141 0.992588 0.910174
0 157 0 1 0 0 0 0 1 0 0 0 0 1 0
0 158 16 -0.956324 -0.243692 -0.161425 0.298847 -0.234353 0.969265 -0.0748628 0.0679586 0.174707 -0.0337627 -0.984041 0.951878
0 159 26 -0.842154 -0.538416 0.0297307 0.0203348 -0.40538 0.668498 0.62352 -0.290536 -0.355589 0.513048 -0.781242 0.956648
0 160 17 0.0768932 -0.954956 -0.286611 0.220309 -0.971354 -0.136579 0.194466 -0.0398605 -0.224852 0.263448 -0.938103 0.974615
1 2 87 0.957171 0.0465797 -0.285753 0.971127 -0.0681192 0.995498 -0.0659021 0.149832 0.281397 0.0825448 0.956035 -0.185643
1 3 15 0.95261 0.181068 0.244434 -0.403044 -0.184667 0.982766 -0.00831366 0.0336784 -0.241727 -0.0372192 0.96963 -0.914561
1 4 26 0.76013 0.474789 -0.443596 0.27312 0.64554 -0.629597 0.432303 -0.305831 -0.0740338 -0.614966 -0.785071 0.912071
1 5 24 -0.796561 0.533963 -0.283503 0.476162 0.603858 0.725282 -0.330638 0.207808 0.0290715 -0.434569 -0.900169 0.85445
1 6 13 0.269804 -0.928817 -0.253978 0.421644 0.786557 0.364735 -0.498294 0.323475 0.555458 -0.0653269 0.828974 -0.847101
1 7 14 -0.979546 0.0369154 -0.197806 0.236215 -0.00261945 -0.985284 -0.170906 0.0510067 -0.201204 -0.166892 0.965227 0.970361
1 8 21 0.921376 0.081004 -0.380139 0.13171 -0.0418691 -0.951664 -0.304273 0.276316 -0.386412 0.296266 -0.873449 0.951999
1 9 10 0.111171 -0.963614 -0.243084 0.320913 0.949553 0.175169 -0.260126 -0.183598 0.293241 -0.201902 0.934476 0.929143
1 10 0 1 0 0 0 0 1 0 0 0 0 1 0
1 11 19 -0.473322 -0.728494 -0.49524 0.240388 -0.827537 0.560413 -0.0334511 0.0627423 0.301908 0.393997 -0.868112 0.968647
1 12 19 -0.913001 0.296928 -0.279755 0.300709 0.378961 0.8712 -0.312087 0.148944 0.151055 -0.390952 -0.907931 0.942014
1 13 0 1 0 0 0 0 1 0 0 0 0 1 0
1 14 14 0.0314562 0.992007 -0.122198 0.145749 0.982416 -0.0081755 0.186525 -0.249973 0.184035 -0.125917 -0.974821 0.95722
1 15 14 0.606853 0.714792 0.347564 0.060134 0.755013 -0.655071 0.0289368 -0.0767352 0.248363 0.244855 -0.93721 0.995236
1 16 13 -0.576611 0.73202 0.362858 0.114477 -0.81231 -0.561258 -0.15856 -0.241032 0.087588 -0.386181 0.918255 0.963742
1 17 34 0.873833 -0.298569 -0.383761 0.391679 0.412459 0.873119 0.259885 -0.404684 0.257476 -0.385381 0.886108 0.826329
1 18 26 0.830814 0.550071 -0.0846819 -0.0997077 0.31077 -0.584737 -0.749336 0.0183581 -0.461704 0.596242 -0.656753 0.994847
1 19 31 -0.122406 0.970634 -0.207091 0.0980666 0.756239 0.226348 0.613897 -0.23849 0.642744 -0.0814657 -0.761737 0.966181
1 20 15 0.901206 -0.144529 -0.408582 0.0535905 -0.12765 -0.989455 0.068447 -0.229431 -0.414166 -0.00952929 -0.910151 0.971848
1 21 23 0.981999 0.177189 0.065438 -0.0970857 0.110961 -0.82151 0.559293 -0.360333 0.152859 -0.541964 -0.826383 0.927758
1 22 21 -0.957205 0.193435 -0.215272 0.134689 0.258696 0.905348 -0.336781 0.0300891 0.129751 -0.378058 -0.916644 0.990431
1 23 28 -0.249641 0.563287 -0.787646 0.260978 0.524976 0.762218 0.378713 -0.190106 0.813683 -0.318953 -0.485993 0.946441
1 24 24 0.832736 0.242238 -0.497867 0.743973 -0.206247 0.970212 0.127088 0.0715876 0.513822 -0.00314668 0.857891 -0.664364
1 25 15 0.263733 0.81578 -0.51473 0.401492 0.911237 -0.385728 -0.144436 0.0447637 -0.316374 -0.430949 -0.845098 0.914768
1 26 11 0.449426 -0.890344 -0.0728292 0.024118 0.885186 0.454828 -0.0978615 -0.206051 0.120255 -0.0204859 0.992532 -0.978244
1 27 0 1 0 0 0 0 1 0 0 0 0 1 0
1 28 0 1 0 0 0 0 1 0 0 0 0 1 0
1 29 20 0.416862 0.897177 -0.145943 0.121162 0.869794 -0.347091 0.350694 -0.326574 0.263979 -0.273131 -0.925048 0.937373
1 30 0 1 0 0 0 0 1 0 0 0 0 1 0
1 31 17 -0.887089 -0.278832 0.367866 -0.115951 -0.20746 0.952749 0.221878 0.0347931 -0.41235 0.120508 -0.90302 0.992645
1 32 12 -0.205294 -0.950028 0.235163 -0.0549669 0.709764 -0.30996 -0.632582 -0.299042 0.673861 0.0370444 0.737928 0.952656
1 33 16 0.794901 0.290101 -0.532891 -0.00847867 0.526474 -0.766359 0.368129 -0.146268 -0.301591 -0.57318 -0.761911 0.989209
1 34 0 1 0 0 0 0 1 0 0 0 0 1 0
1 35 14 0.110113 0.993586 0.0257366 0.0122402 0.989988 -0.111941 0.0859832 0.150097 0.0883127 0.016011 -0.995964 0.988595
1 36 0 1 0 0 0 0 1 0 0 0 0 1 0
1 37 15 -0.198268 0.879916 -0.431785 0.287249 0.910049 0.328867 0.252305 -0.322158 0.364007 -0.342921 -0.86597 0.902054
1 38 10 0.436142 -0.896287 0.080316 -0.30131 0.877281 0.403617 -0.259753 0.279692 0.200396 0.183749 0.962329 -0.911583
1 39 10 0.929158 0.140097 -0.342109 0.350741 -0.184434 0.977689 -0.100545 0.244677 0.32039 0.156519 0.934265 -0.903943
1 40 16 -0.990573 0.0424699 0.130235 -0.145188 0.0489497 0.997697 0.046963 -0.157717 -0.12794 0.0528952 -0.99037 0.976753
1 41 15 0.747198 0.662703 -0.0501976 -0.253798 -0.646991 0.742593 0.173083 0.0661829 0.151979 -0.0968501 0.983627 0.96499
1 42 14 -0.0566376 0.921294 -0.38472 -0.130891 -0.98361 -0.117559 -0.136715 -0.0673693 -0.171182 0.370671 0.912853 0.989105
1 43 16 -0.9705 -0.230415 0.0709802 0.257498 0.21198 -0.955724 -0.204096 -0.16608 0.114864 -0.183029 0.976374 0.951899
1 44 30 0.91613 -0.331505 0.225412 -0.0494661 -0.37599 -0.905595 0.19629 -0.00887542 0.139061 -0.26458 -0.954285 0.998736
1 45 29 0.384365 -0.921871 -0.0491681 0.137318 -0.703901 -0.327112 0.630493 -0.388985 -0.597317 -0.20773 -0.774636 0.910953
1 46 25 0.760163 -0.105711 0.641076 -0.48657 0.639272 0.298024 -0.708881 0.564073 -0.11612 0.948687 0.294125 0.667136
1 47 10 0.924342 0.374689 0.0721089 -0.117383 -0.373664 0.92715 -0.0277274 0.219818 -0.0772449 -0.00131485 0.997011 -0.968453
1 48 0 1 0 0 0 0 1 0 0 0 0 1 0
1 49 14 -0.327391 0.942838 0.0622207 0.153404 -0.942817 -0.330322 0.0445291 0.116432 0.0625366 -0.0440844 0.997069 0.98128
1 50 13 -0.936552 -0.317487 0.148567 0.0148787 0.24626 -0.897565 -0.365695 0.370191 0.249452 -0.305907 0.918801 -0.928836
1 51 26 0.00736326 -0.852385 -0.522864 0.20505 -0.596272 0.416008 -0.686584 0.346118 0.802749 0.316824 -0.50519 0.915509
1 52 32 -0.637507 -0.737275 0.223632 0.120866 0.537088 -0.217174 0.81509 -0.355253 -0.552379 0.639735 0.534431 0.926923
1 53 24 -0.280204 -0.952744 0.117322 -0.0452843 -0.614645 0.0841897 -0.784298 0.256355 0.737358 -0.291875 -0.60919 0.965521
1 54 16 0.674641 0.737877 -0.0199155 -0.033546 0.719104 -0.65091 0.243321 -0.239137 0.166578 -0.178476 -0.969741 0.970406
1 55 0 1 0 0 0 0 1 0 0 0 0 1 0
1 56 0 1 0 0 0 0 1 0 0 0 0 1 0
1 57 0 1 0 0 0 0 1 0 0 0 0 1 0
1 58 0 1 0 0 0 0 1 0 0 0 0 1 0
1 59 25 0.927006 0.134448 -0.350119 0.13858 -0.00907328 -0.925223 -0.379314 0.0482122 -0.374937 0.354803 -0.856468 0.989177
1 60 17 -0.89098 -0.0491361 0.451376 -0.198656 0.126547 0.927861 0.3508 -0.228085 -0.436051 0.369676 -0.820487 0.95316
1 61 14 -0.919382 -0.247587 -0.305675 0.172848 -0.285487 0.954561 0.0854983 -0.198292 0.270617 0.165872 -0.94829 0.964782
1 62 31 -0.66816 -0.580908 -0.464875 0.143442 -0.718297 0.666512 0.199527 0.00281682 0.193938 0.467234 -0.862601 0.989655
1 63 18 0.713991 -0.66535 0.218005 -0.0516389 -0.655775 -0.744582 -0.124725 0.148858 0.245308 -0.0539096 -0.967945 0.987509
1 64 0 1 0 0 0 0 1 0 0 0 0 1 0
1 65 10 0.100382 0.949869 0.296095 -0.046668 -0.961922 0.0166126 0.272819 -0.257971 0.254223 -0.312206 0.915368 -0.965025
1 66 0 1 0 0 0 0 1 0 0 0 0 1 0
1 67 31 -0.426097 0.773624 0.468985 0.0702095 0.697929 0.610943 -0.37369 0.260416 -0.575619 0.16809 -0.800256 0.96294
1 68 14 0.987159 -0.159432 -0.00988905 0.0691171 0.159033 0.986727 -0.0328428 -0.0552184 0.014994 0.0308484 0.999412 -0.996079
1 69 12 0.355429 0.931192 0.0809479 -0.102989 -0.919617 0.363875 -0.147984 -0.0373499 -0.167256 -0.0218434 0.985672 -0.993981
1 70 22 -0.975989 0.207615 -0.0658836 -0.271077 -0.217636 -0.917122 0.333948 0.0980732 0.00890945 0.340269 0.940286 0.957548
1 71 31 -0.27958 -0.944419 0.17294 -0.221425 -0.904951 0.319383 0.281171 -0.0336992 -0.320778 -0.0778922 -0.943946 0.974595
1 72 33 0.921297 -0.0630503 0.383714 -0.375394 -0.291173 -0.765895 0.573256 -0.318415 0.257741 -0.639866 -0.723976 0.870455
1 73 26 -0.430166 -0.877229 0.213134 -0.202861 -0.410703 0.400417 0.819139 -0.348211 -0.803915 0.264831 -0.532527 0.915203
1 74 17 0.76852 -0.635705 -0.0724989 -0.0764426 0.615039 0.765224 -0.190156 0.127499 0.176361 0.101549 0.979073 -0.988889
1 75 35 -0.833586 0.0105156 0.552289 -0.208546 0.0925241 0.988352 0.120831 -0.204762 -0.544585 0.151823 -0.82485 0.956337
1 76 10 -0.574864 -0.811454 0.105236 -0.0856668 0.811406 -0.58192 -0.054671 -0.213972 0.105602 0.0539607 0.992943 -0.973076
1 77 23 -0.923767 -0.341455 -0.173386 0.0771408 -0.31649 0.935622 -0.156354 0.163025 0.215612 -0.0895595 -0.972363 0.983602
1 78 11 0.381697 -0.924287 0.000485087 -0.0124597 0.916115 0.378252 -0.132882 0.114774 0.122637 0.0511649 0.991132 0.993314
1 79 17 0.901865 -0.277199 0.331362 -0.0908481 -0.201073 -0.948197 -0.245951 -0.110373 0.382374 0.155186 -0.910883 0.98973
1 80 15 0.231898 0.883764 0.406428 -0.0664046 0.9717 -0.229776 -0.0547865 0.0853686 0.0449693 0.407631 -0.912039 0.994134
1 81 0 1 0 0 0 0 1 0 0 0 0 1 0
1 82 0 1 0 0 0 0 1 0 0 0 0 1 0
1 83 19 0.922043 0.223168 0.316278 -0.192674 0.291446 -0.937968 -0.187816 0.0914569 0.254745 0.265352 -0.929889 0.976991
1 84 22 -0.467422 -0.181194 0.865266 -0.566154 -0.822846 -0.268632 -0.50076 0.292352 0.323173 -0.946047 -0.0235304 0.770714
1 85 0 1 0 0 0 0 1 0 0 0 0 1 0
1 86 12 0.670216 -0.384277 0.634934 -0.0944167 0.301432 0.922719 0.240269 -0.24448 -0.678195 0.0303572 0.734254 0.965047
1 87 19 -0.797526 0.430249 -0.422893 0.42176 0.387108 0.902608 0.188269 -0.226346 0.462709 -0.0135559 -0.886406 0.878001
1 88 47 0.75985 -0.283657 0.58495 -0.957746 0.231024 0.958875 0.164883 -0.28062 -0.607665 0.00985076 0.794133 0.0630412
1 89 69 0.928129 -0.123448 0.351194 -0.926884 0.159983 0.984122 -0.0768704 -0.0567312 -0.336129 0.127531 0.933142 -0.371035
1 90 83 0.971197 -0.0464339 0.23371 -0.624624 0.110723 0.956448 -0.270089 0.0778239 -0.21099 0.288187 0.93404 -0.777038
1 91 56 0.971087 -0.0474117 0.233969 -0.367792 0.174353 0.810319 -0.559449 0.792656 -0.163065 0.584067 0.795157 -0.486235
1 92 34 0.994247 0.0308694 0.102564 -0.0110205 0.00603669 0.939896 -0.341407 0.572163 -0.106938 0.340062 0.934303 -0.820066
1 93 48 0.962684 -0.0121381 0.270355 -0.338268 0.193957 0.72763 -0.657978 0.925865 -0.188731 0.685862 0.702832 -0.168371
1 94 48 0.986748 -0.162202 -0.00444182 0.111714 0.157568 0.964373 -0.212502 0.484594 0.0387518 0.208986 0.977151 -0.867576
1 95 75 0.963797 -0.211922 -0.161817 0.516079 0.161645 0.94703 -0.277498 0.562938 0.212053 0.241295 0.947001 -0.645572
1 96 53 0.812073 -0.140793 -0.566316 0.975201 0.124871 0.989905 -0.0670441 0.115431 0.570039 -0.0162716 0.821457 -0.188833
1 97 17 -0.419628 -0.876488 0.235969 -0.27685 -0.808349 0.479106 0.342097 -0.240667 -0.412898 -0.047192 -0.909554 0.930287
1 98 10 0.29173 -0.946479 -0.138098 0.299003 0.930178 0.314367 -0.189586 0.265629 0.222852 -0.0731477 0.972104 -0.916536
1 99 19 -0.897937 0.0884281 -0.43115 0.165082 0.0734302 0.995978 0.0513436 -0.00938646 0.433956 0.0144439 -0.900818 0.986235
1 100 10 0.78497 0.553058 0.279195 -0.178705 -0.543222 0.831106 -0.119045 -0.109017 -0.29788 -0.0582184 0.952826 0.977844
1 101 21 -0.568025 0.814497 -0.118079 0.32433 0.780423 0.487504 -0.391511 0.254109 -0.26132 -0.31454 -0.912566 0.911174
1 102 11 -0.760977 -0.295771 -0.577437 0.473958 0.518196 -0.812626 -0.266668 0.361618 -0.390368 -0.502153 0.771657 -0.802867
1 103 0 1 0 0 0 0 1 0 0 0 0 1 0
1 104 0 1 0 0 0 0 1 0 0 0 0 1 0
1 105 18 -0.332743 0.942452 -0.0326635 0.316449 -0.94257 -0.331319 0.0423145 0.0462786 0.0290573 0.0448675 0.99857 0.94748
1 106 24 0.0961684 0.987571 0.124321 -0.248614 0.815624 -0.149777 0.55886 -0.390198 0.570535 0.0476547 -0.81989 0.886531
1 107 18 0.396188 -0.917522 0.0344689 -0.315413 0.895324 0.377736 -0.23603 0.329302 0.203542 0.124373 0.971134 -0.889986
1 108 17 0.960237 -0.00886594 0.279046 -0.195845 0.0977994 0.946847 -0.306458 -0.0118319 -0.261496 0.321563 0.910064 0.980564
1 109 15 0.86546 0.380535 -0.325841 -0.0270851 -0.418059 0.906977 -0.0511799 -0.236269 0.276055 0.180515 0.944038 0.97131
1 110 17 0.121352 -0.94146 -0.314525 0.479958 0.90829 0.233124 -0.347364 0.0380944 0.400353 -0.243527 0.883409 -0.876464
1 111 41 -0.221507 0.968258 -0.115806 0.087517 0.847795 0.249894 0.467757 -0.261352 0.481849 0.00543184 -0.876237 0.961268
1 112 24 -0.206875 0.842502 0.497387 0.236448 0.899825 0.363423 -0.241328 -0.209438 -0.384081 0.397636 -0.833287 0.948804
1 113 0 1 0 0 0 0 1 0 0 0 0 1 0
1 114 0 1 0 0 0 0 1 0 0 0 0 1 0
1 115 0 1 0 0 0 0 1 0 0 0 0 1 0
1 116 13 0.0732844 -0.909013 -0.410275 0.360853 -0.938431 0.0764055 -0.336911 0.294724 0.337603 0.409705 -0.847447 0.884829
1 117 14 -0.906262 0.351948 0.234142 -0.212554 0.420758 0.804307 0.419586 -0.257242 -0.0406497 0.478772 -0.876998 0.942681
1 118 0 1 0 0 0 0 1 0 0 0 0 1 0
1 119 20 -0.662218 0.469938 -0.583631 0.328385 0.542434 0.838004 0.0592832 -0.214676 0.516945 -0.277323 -0.809852 0.919825
1 120 19 -0.120792 -0.992471 -0.0202709 -0.0941324 -0.964684 0.122177 -0.233361 0.15453 0.23408 -0.00863319 -0.972179 0.983493
1 121 0 1 0 0 0 0 1 0 0 0 0 1 0
1 122 35 -0.780893 0.50094 0.373184 -0.207309 0.613968 0.725586 0.310753 -0.0594069 -0.115108 0.471788 -0.874166 0.97647
1 123 15 0.262127 0.884937 0.384937 -0.0373905 0.964846 -0.232468 -0.122599 -0.188193 -0.0190071 0.403541 -0.914764 0.98142
1 124 23 -0.917165 0.203757 0.34248 -0.0882135 0.336203 0.857031 0.390468 -0.161231 -0.213955 0.473267 -0.854542 0.982966
1 125 37 -0.541882 0.482481 -0.688169 0.444168 -0.38306 0.587031 0.713204 -0.348272 0.748084 0.650082 -0.133282 0.825482
1 126 31 -0.693486 0.587805 0.416609 -0.132417 0.693636 0.388371 0.606661 -0.401923 0.1948 0.709685 -0.677052 0.906048
1 127 34 0.945535 0.320234 -0.0584217 -0.0204322 0.311921 -0.839995 0.443975 -0.317668 0.0931017 -0.438017 -0.894133 0.947982
1 128 17 0.938779 0.329643 -0.100146 -0.0674321 -0.296894 0.921539 0.250239 -0.100625 0.174778 -0.205186 0.962991 0.992637
1 129 13 0.972375 -0.23269 0.0185004 -0.219862 0.22305 0.949603 0.220234 -0.100951 -0.0688144 -0.210024 0.975272 -0.970294
1 130 18 0.426996 -0.805047 0.411793 -0.155982 -0.885639 -0.280401 0.37016 -0.159789 -0.182529 -0.522757 -0.832712 0.97475
1 131 0 1 0 0 0 0 1 0 0 0 0 1 0
1 132 0 1 0 0 0 0 1 0 0 0 0 1 0
1 133 16 0.950152 -0.105125 -0.29353 -0.271376 0.202164 0.924442 0.323322 -0.221555 0.237362 -0.366546 0.899613 0.936626
1 134 0 1 0 0 0 0 1 0 0 0 0 1 0
1 135 13 -0.880227 -0.0996643 0.463969 -0.474372 -0.119207 -0.899911 -0.419463 0.319408 0.459337 -0.424531 0.780245 -0.820335
1 136 0 1 0 0 0 0 1 0 0 0 0 1 0
1 137 0 1 0 0 0 0 1 0 0 0 0 1 0
1 138 0 1 0 0 0 0 1 0 0 0 0 1 0
1 139 24 0.778521 0.449317 0.4382 -0.357502 0.627578 -0.549395 -0.551643 0.382849 -0.0071174 0.704471 -0.709697 0.851833
1 140 15 0.981835 -0.145313 -0.122002 0.00373322 0.149728 0.988337 0.0277904 -0.198674 0.116541 -0.0455527 0.992141 0.980058
1 141 53 0.888101 -0.111303 0.44597 -0.925037 0.0399084 0.985247 0.16642 -0.042826 -0.457913 -0.129999 0.87944 0.377456
1 142 35 0.763834 -0.137022 0.6307 -0.886748 0.166801 0.985915 0.0121825 -0.0792385 -0.623486 0.0958961 0.775932 0.455411
1 143 17 0.223183 0.952888 -0.205414 0.276591 -0.970187 0.237568 0.047935 0.101373 0.0944764 0.188592 0.977501 -0.955626
1 144 10 -0.239687 0.970741 0.0145729 0.307259 -0.906878 -0.229227 0.353592 -0.261541 0.346587 0.0715355 0.935286 -0.91498
1 145 17 0.777579 0.566564 0.272721 -0.152576 0.387591 -0.773405 0.501615 -0.385158 0.495121 -0.284341 -0.820978 0.910151
1 146 15 0.992271 0.00119292 -0.124085 0.279954 -0.000522416 0.999985 0.00543595 0.341583 0.124089 -0.00532911 0.992257 -0.897188
1 147 18 0.186312 0.969147 -0.161376 0.125842 0.971156 -0.20654 -0.119157 0.00323438 -0.148811 -0.134521 -0.979673 0.992045
1 148 21 0.806533 0.585111 0.0845506 -0.0410433 0.572737 -0.737875 -0.35709 0.15246 -0.146549 0.33643 -0.930236 0.987457
1 149 18 -0.889278 -0.0959944 -0.44718 0.318147 -0.325535 0.819625 0.471425 -0.207078 0.321266 0.564801 -0.760124 0.925149
1 150 23 0.800163 0.343419 -0.491735 0.404051 0.468128 -0.870126 0.15407 0.0653552 -0.374961 -0.353476 -0.857006 0.912399
1 151 14 -0.998477 -0.0490558 -0.0252336 -0.0588562 0.0526901 -0.983537 -0.172853 0.0261283 -0.0163388 -0.173919 0.984624 -0.997924
1 152 19 -0.331327 0.893429 -0.303328 0.260507 0.907415 0.213655 -0.36187 0.208484 -0.258498 -0.395141 -0.8815 0.942693
1 153 21 0.417847 0.908311 -0.0193393 0.225462 0.852714 -0.399439 -0.336641 -0.0284924 -0.313499 0.124173 -0.941435 0.973835
1 154 18 -0.896788 -0.430503 0.102166 0.124439 -0.423871 0.902121 0.0806859 0.0233347 -0.126902 0.0290528 -0.99149 0.991953
1 155 18 0.880893 -0.405852 -0.243539 0.336278 -0.421988 -0.906464 -0.0157502 0.0037082 -0.214367 0.116645 -0.969763 0.941756
1 156 15 -0.264497 -0.827062 -0.495994 0.356375 -0.941317 0.333228 -0.0536802 -0.0223743 0.209676 0.452689 -0.866665 0.934075
1 157 0 1 0 0 0 0 1 0 0 0 0 1 0
1 158 0 1 0 0 0 0 1 0 0 0 0 1 0
1 159 21 -0.280891 -0.80225 -0.526779 0.374671 -0.929048 0.364985 -0.0604576 0.0227617 0.240768 0.472421 -0.84785 0.926878
1 160 24 0.141402 -0.758718 -0.635887 0.42275 -0.772912 -0.485971 0.407971 -0.130723 -0.618557 0.433797 -0.655139 0.896769
2 3 90 0.988582 0.0642761 -0.136284 0.98651 -0.0623465 0.997885 0.0183846 0.0570832 0.137177 -0.00967791 0.990499 0.153424
2 4 29 0.0017078 -0.99437 0.105953 0.0311212 0.972323 -0.0231032 -0.232496 0.294253 0.233635 0.103418 0.966809 0.955221
2 5 0 1 0 0 0 0 1 0 0 0 0 1 0
2 6 20 0.90423 0.374103 0.20595 0.0415733 0.295805 -0.896522 0.329768 -0.385394 0.308006 -0.237265 -0.921324 0.921815
2 7 18 -0.21959 0.666271 -0.712645 0.236548 0.937216 -0.0587945 -0.343757 0.0512485 -0.270935 -0.743388 -0.61153 0.970267
2 8 0 1 0 0 0 0 1 0 0 0 0 1 0
2 9 12 0.0686821 0.975585 0.208608 0.285875 -0.892014 0.153692 -0.425077 -0.218905 -0.44676 -0.156886 0.880791 0.932929
2 10 22 -0.64528 0.705035 0.294176 0.00897204 0.639554 0.709165 -0.296743 0.107044 -0.417833 -0.00334098 -0.908518 0.994214
2 11 13 0.919521 0.237363 0.313272 0.306256 -0.261977 0.964313 0.0383104 0.305221 -0.292999 -0.117298 0.94889 0.901691
2 12 14 0.788338 -0.590661 0.172171 -0.0107437 0.592498 0.804248 0.0461675 0.339556 -0.165737 0.0656153 0.983985 0.940525
2 13 21 -0.492669 0.776391 -0.393058 0.134882 0.867619 0.473113 -0.152977 -0.00594309 0.0671904 -0.416392 -0.906699 0.990844
2 14 21 -0.946399 0.295746 0.129855 -0.0228481 0.300188 0.953752 0.0156287 0.0246631 -0.119227 0.0537719 -0.99141 0.999435
2 15 13 -0.575457 0.795746 0.188777 0.146038 -0.817164 -0.568787 -0.0934067 -0.331857 0.0330456 -0.208013 0.977568 0.931957
2 16 32 -0.011684 -0.884104 -0.467145 0.1144 -0.936343 -0.154267 0.31538 -0.240943 -0.350893 0.441092 -0.826021 0.963773
2 17 0 1 0 0 0 0 1 0 0 0 0 1 0
2 18 21 0.397066 -0.905441 -0.150052 -0.0512864 -0.911449 -0.369831 -0.180239 -0.0227955 0.107701 0.208331 -0.97211 0.998424
2 19 17 0.833748 0.550574 -0.0416271 0.258675 -0.552072 0.830036 -0.0790982 0.116666 -0.00899738 0.0889291 0.995997 0.958893
2 20 12 0.200971 -0.814584 -0.544118 0.0234117 0.92932 0.334201 -0.157078 -0.219184 0.309798 -0.474092 0.824174 0.975403
2 21 15 -0.00108071 -0.92517 -0.379553 0.100783 -0.99464 -0.0382484 0.0960636 -0.269479 -0.103392 0.377622 -0.920169 0.957718
2 22 0 1 0 0 0 0 1 0 0 0 0 1 0
2 23 21 0.631643 -0.774913 0.0231674 0.3962 0.729061 0.603899 0.322142 -0.0429683 -0.263623 -0.186588 0.946408 0.917158
2 24 14 -0.386095 -0.91455 0.120537 -0.0601934 0.849034 -0.403404 -0.341182 -0.0891135 0.360653 -0.0293892 0.932237 0.994201
2 25 13 0.433137 0.867049 0.246206 0.072194 0.89977 -0.431998 -0.0615773 0.00565362 0.0529699 0.2482 -0.967259 0.997375
2 26 17 -0.839795 -0.486247 0.24147 -0.157717 -0.533337 0.82203 -0.199547 0.120819 -0.101466 -0.296363 -0.94967 0.980065
2 27 24 -0.754635 -0.654512 -0.0462489 0.23407 0.533996 -0.571666 -0.622933 -0.0801674 0.381279 -0.494784 0.780907 0.968909
2 28 0 1 0 0 0 0 1 0 0 0 0 1 0
2 29 12 -0.640952 -0.728571 0.241588 0.318967 0.682142 -0.68497 -0.255927 0.00367247 0.351941 0.000760124 0.936022 0.947759
2 30 12 0.379231 -0.925189 -0.0144574 -0.250085 0.835351 0.349043 -0.424685 0.295843 0.39796 0.148976 0.905226 -0.921919
2 31 0 1 0 0 0 0 1 0 0 0 0 1 0
2 32 10 0.0586057 0.953628 0.295227 -0.244503 -0.997949 0.0483344 0.041976 0.0877144 0.0257599 -0.297081 0.954505 -0.965673
2 33 15 0.88326 0.468487 -0.0193011 -0.191096 0.436046 -0.805571 0.401147 -0.32405 0.172384 -0.362733 -0.91581 0.926539
2 34 23 -0.945156 -0.131562 -0.298951 0.105255 -0.273309 0.819723 0.503345 -0.300865 0.178836 0.557446 -0.810723 0.94784
2 35 17 -0.154733 -0.94463 -0.289366 0.0749074 -0.876936 -0.00357387 0.480593 -0.322149 -0.455016 0.328119 -0.827827 0.943721
2 36 13 0.692782 -0.650444 -0.311409 0.161595 -0.703609 -0.704319 -0.0941777 0.0711972 -0.158074 0.284355 -0.945598 0.984286
2 37 15 0.938416 -0.331419 0.0976614 0.0539038 0.321171 0.940949 0.10707 -0.301054 -0.127379 -0.0691103 0.989443 -0.952082
2 38 25 -0.492639 -0.61769 -0.612997 0.253248 -0.798133 0.601442 0.0353775 0.033723 0.34683 0.506681 -0.789293 0.966813
2 39 16 0.78211 0.622884 -0.0178568 0.53275 -0.62307 0.781271 -0.0374117 -0.145337 -0.00935216 0.0403861 0.99914 0.833699
2 40 0 1 0 0 0 0 1 0 0 0 0 1 0
2 41 10 0.866971 -0.385366 -0.315997 -0.376523 0.375774 0.921991 -0.093413 -0.256924 0.327344 -0.037757 0.94415 0.890068
2 42 14 -0.857044 0.510521 0.069597 -0.318806 -0.505491 -0.859273 0.0782871 -0.0124083 0.09977 0.0319147 0.994499 0.947739
2 43 33 0.535821 -0.642263 -0.548083 0.133463 -0.84427 -0.399716 -0.35698 0.112826 0.0101978 0.654008 -0.756419 0.984611
2 44 0 1 0 0 0 0 1 0 0 0 0 1 0
