0 1 220 0.969049 0.0800077 -0.233542 0.932866 -0.0812154 0.996687 0.00445672 0.22008 0.233125 0.0146484 0.972336 -0.285178
0 2 71 0.91482 0.139537 -0.378991 0.960422 -0.153739 0.988084 -0.0073061 0.11674 0.373455 0.0649495 0.925372 -0.252906
0 3 60 0.73605 0.147184 -0.660733 0.989259 -0.204096 0.978907 -0.00930065 0.096157 0.645427 0.141699 0.750564 0.110093
0 4 24 0.7676 -0.620428 -0.16081 0.281984 -0.464283 -0.711225 0.527827 0.0317786 -0.44185 -0.330498 -0.83399 0.958893
0 5 28 -0.833655 0.0121354 -0.552151 0.348743 0.201916 0.937244 -0.28426 0.150783 0.514051 -0.348463 -0.783789 0.92501
0 6 24 0.841997 -0.516316 0.156392 -0.621642 0.491032 0.85354 0.17423 -0.281551 -0.223445 -0.0699073 0.972206 -0.730952
0 7 15 -0.5706 -0.751677 -0.330754 0.27734 0.813805 -0.463524 -0.350523 0.0135497 0.110168 -0.469178 0.876205 -0.960676
0 8 15 -0.611028 0.565661 0.553781 -0.201687 -0.730608 -0.672269 -0.119444 -0.240833 0.304725 -0.47758 0.824051 -0.94938
0 9 34 0.734502 0.446699 0.510849 0.178231 -0.0966722 -0.676236 0.730314 -0.387438 0.671685 -0.585802 -0.453514 0.904503
0 10 0 1 0 0 0 0 1 0 0 0 0 1 0
0 11 20 -0.868296 0.248296 -0.429432 0.262526 0.23307 0.968409 0.0886724 0.113643 0.437883 -0.0230938 -0.898736 0.95821
0 12 11 0.34013 -0.916993 -0.208412 0.0643 0.940147 0.32667 0.0970108 -0.332268 -0.0208761 -0.228934 0.973218 -0.940991
0 13 18 -0.741321 0.627004 -0.239392 0.0743992 -0.603692 -0.778803 -0.170361 0.0203118 -0.293257 0.0182267 0.95586 0.997022
0 14 12 0.989063 -0.063481 -0.133134 0.184973 0.068519 0.997084 0.0336034 -0.00791378 0.130612 -0.0423581 0.990528 0.982712
0 15 17 0.91572 0.0765381 -0.394461 0.137418 0.24228 -0.888337 0.390074 -0.230699 -0.320559 -0.452768 -0.832011 0.963273
0 16 27 0.982185 0.151482 -0.111203 0.192176 -0.140362 0.984849 0.101842 0.127658 0.124945 -0.0844192 0.988566 0.973022
0 17 17 -0.280254 -0.498527 -0.820322 0.150895 -0.921267 -0.10039 0.37575 -0.115415 -0.269674 0.861042 -0.431142 0.981789
0 18 10 0.0951917 -0.982385 -0.160805 0.11244 0.995457 0.0935882 0.0175336 -0.127233 -0.00217528 -0.161744 0.98683 0.985479
0 19 12 0.960399 -0.276758 -0.0322226 0.0905812 0.277642 0.9603 0.0271825 -0.260694 0.0234204 -0.0350523 0.999111 0.961163
0 20 29 -0.552007 0.592633 0.586578 -0.342284 0.788388 0.600023 0.135706 -0.0733029 -0.271537 0.537362 -0.798442 0.936733
0 21 12 -0.811031 -0.559002 -0.172471 -0.0944867 0.574539 -0.816634 -0.0549033 0.0769161 -0.110154 -0.143619 0.983483 -0.99255
0 22 17 -0.933136 -0.301672 -0.195578 0.0438966 -0.358932 0.812882 0.458684 -0.310303 0.0206097 0.498213 -0.866809 0.949624
0 23 23 -0.361625 0.811579 0.458876 -0.0818392 0.889717 0.447494 -0.0902917 -0.0139068 -0.278623 0.375618 -0.883901 0.996549
0 24 28 0.522506 0.516766 -0.678189 0.231421 0.849594 -0.382679 0.36297 -0.155456 -0.0719582 -0.765839 -0.638993 0.960353
0 25 0 1 0 0 0 0 1 0 0 0 0 1 0
0 26 0 1 0 0 0 0 1 0 0 0 0 1 0
0 27 21 0.983766 -0.179376 -0.00527577 -0.20135 0.178201 0.979944 -0.0891894 0.440323 0.0211684 0.0868014 0.996001 -0.874971
0 28 24 -0.0763554 0.96035 0.268137 0.0929457 0.976451 0.126441 -0.174801 0.0408436 -0.201774 0.248476 -0.94739 0.994833
0 29 23 0.730604 0.63881 0.241121 -0.391254 -0.669746 0.73919 0.0709877 0.163325 -0.132887 -0.213354 0.967895 -0.905674
0 30 10 -0.751741 -0.626652 0.205409 -0.269779 0.49872 -0.744022 -0.444646 -0.00363575 0.431467 -0.231817 0.871836 -0.962915
0 31 14 0.810171 0.416598 0.412394 -0.21981 -0.380154 0.908913 -0.171347 0.399191 -0.446213 -0.0179532 0.894747 -0.890129
0 32 23 0.895735 -0.356157 -0.266103 0.0268077 -0.316655 -0.931217 0.180458 -0.102716 -0.312071 -0.0773794 -0.946902 0.994349
0 33 34 0.429191 0.878088 -0.211557 0.304369 0.609612 -0.108788 0.7852 -0.532676 0.66646 -0.465969 -0.581983 0.789694
0 34 20 0.764618 -0.283471 -0.578795 0.41144 -0.429017 -0.894055 -0.12888 -0.0809484 -0.480941 0.346857 -0.805224 0.907835
0 35 10 0.916665 -0.242315 -0.317818 0.0571359 0.234339 0.970065 -0.0637179 0.085599 0.323744 -0.0160691 0.946008 -0.99469
0 36 16 0.0261459 0.962464 0.270146 3.08168e-05 -0.762903 0.193841 -0.616769 0.659461 -0.645984 -0.18997 0.739335 -0.751738
0 37 18 0.409465 0.873164 0.264428 -0.284951 -0.904496 0.350634 0.242782 -0.10198 0.119271 -0.338585 0.933346 -0.953102
0 38 28 0.968436 0.231117 -0.0933669 0.131441 -0.203655 0.949611 0.23825 -0.523267 0.143726 -0.211715 0.966706 0.841971
0 39 14 0.582826 -0.719083 -0.378463 0.116417 0.67666 0.68736 -0.263945 -0.102443 0.449939 -0.102256 0.887186 0.987903
0 40 16 0.983903 0.133108 0.119237 -0.296397 -0.105894 0.971738 -0.210977 0.300694 -0.14395 0.194955 0.970191 -0.906494
0 41 31 0.8885 -0.17098 0.425834 -0.87903 0.205302 0.978049 -0.0356563 -0.193302 -0.41039 0.119105 0.904099 -0.435821
0 42 29 0.937044 -0.263172 0.22954 -0.965571 0.29003 0.952604 -0.091804 -0.0139956 -0.194501 0.152598 0.96896 0.259763
0 43 11 0.129554 0.959542 0.249991 -0.23928 -0.947807 0.193911 -0.253102 0.343369 -0.291338 -0.204153 0.934582 -0.908208
0 44 13 0.815319 -0.578954 0.00822382 -0.263551 0.5738 0.805997 -0.145339 0.277519 0.0775159 0.123216 0.989348 -0.923864
0 45 71 0.534303 -0.19954 0.821403 -0.777343 0.353568 0.935405 -0.00275327 0.0268316 -0.767795 0.291893 0.570341 0.628505
0 46 78 0.854784 -0.14814 0.497392 -0.833484 0.311321 0.913175 -0.263042 0.457675 -0.415239 0.379693 0.826686 0.309578
0 47 41 -0.475083 0.865221 -0.160278 0.258399 0.854362 0.409958 -0.319374 0.117689 -0.210623 -0.288664 -0.933976 0.958843
0 48 49 0.552157 0.180976 0.813861 -0.628197 0.478886 0.730227 -0.487275 0.450539 -0.682489 0.658799 0.316533 0.634337
0 49 36 0.944655 -0.296994 0.139361 -0.414247 0.295155 0.954838 0.0341703 0.163748 -0.143216 0.00885408 0.989652 -0.895313
0 50 21 0.596744 -0.760731 0.255314 -0.318741 -0.777369 -0.469163 0.419026 -0.379503 -0.198982 -0.448524 -0.871339 0.868551
0 51 31 0.482544 -0.87056 0.0963158 0.0027047 -0.484001 -0.356685 -0.799074 0.336019 0.729996 0.338971 -0.593468 0.941851
0 52 0 1 0 0 0 0 1 0 0 0 0 1 0
0 53 37 -0.688798 0.570774 -0.446961 0.270706 0.388272 0.811107 0.437437 -0.0018206 0.612211 0.127763 -0.780304 0.96266
0 54 11 -0.495969 -0.828269 -0.260738 -0.104222 0.85711 -0.5151 0.00591285 -0.128258 -0.139204 -0.220548 0.965392 0.986249
0 55 15 0.794858 0.567036 -0.216035 0.20594 0.603883 -0.774054 0.190174 -0.234483 -0.0593875 -0.281621 -0.957686 0.950056
0 56 0 1 0 0 0 0 1 0 0 0 0 1 0
0 57 13 0.981035 0.187023 0.0509184 -0.0572106 -0.19383 0.946094 0.259492 0.0355901 0.000357364 -0.26444 0.964402 0.997728
0 58 0 1 0 0 0 0 1 0 0 0 0 1 0
0 59 0 1 0 0 0 0 1 0 0 0 0 1 0
0 60 20 0.376583 0.924678 -0.0561769 0.0270921 0.822201 -0.361556 -0.439617 0.132306 -0.426815 0.119364 -0.896427 0.990839
0 61 0 1 0 0 0 0 1 0 0 0 0 1 0
0 62 10 0.444131 0.81679 0.368242 0.146295 -0.841045 0.521748 -0.142906 0.0986773 -0.308854 -0.246239 0.918681 0.984307
0 63 13 0.850083 -0.513998 -0.114735 -0.175026 0.521043 0.789135 0.325237 0.122555 -0.0766295 -0.336261 0.938646 0.976906
0 64 14 0.203554 0.953761 0.221147 0.0562676 -0.898431 0.0921984 0.429326 -0.33967 0.389085 -0.286077 0.875656 -0.93886
0 65 33 0.661842 -0.509322 -0.550051 0.172245 -0.746227 -0.51759 -0.418624 0.214896 -0.0714866 0.687525 -0.722633 0.961328
0 66 16 0.882489 0.465494 0.0672976 -0.0832587 -0.467167 0.850953 0.24007 0.216799 0.0544838 -0.243298 0.96842 -0.972659
0 67 13 -0.640662 -0.767808 0.00490816 0.317241 0.727803 -0.605221 0.322506 0.197217 -0.244652 0.210189 0.946555 0.927612
0 68 24 0.996198 0.0770592 -0.0406419 0.250887 -0.0629692 0.959276 0.275363 0.154457 0.0602061 -0.271757 0.960481 0.955614
0 69 18 -0.150961 -0.973647 0.170945 -0.275192 -0.970547 0.113137 -0.212695 0.191492 0.18775 -0.198019 -0.962049 0.942125
0 70 34 -0.898913 -0.315377 0.304125 -0.253702 -0.411363 0.846432 -0.338133 0.20047 -0.150782 -0.429058 -0.890603 0.946281
0 71 29 0.361827 -0.719041 -0.593347 0.364302 -0.908788 -0.413935 -0.0525623 0.0211453 -0.207813 0.558245 -0.803229 0.931041
0 72 15 0.616161 0.784742 -0.0672639 0.0743193 -0.774769 0.58853 -0.231007 0.00648953 -0.141694 0.194452 0.970624 0.997213
0 73 33 -0.893745 -0.195901 0.403539 -0.223502 0.154543 0.710054 0.686979 -0.413713 -0.421114 0.676348 -0.604332 0.882547
0 74 12 0.163459 -0.979565 -0.11719 0.116725 0.986284 0.165016 -0.0036467 0.365474 0.0229104 -0.114986 0.993103 -0.923474
0 75 54 -0.325888 -0.577221 -0.748741 0.32714 0.834404 0.196739 -0.514843 -0.150566 0.444485 -0.792534 0.417521 0.932904
0 76 31 0.96082 0.165423 -0.222398 0.0994488 0.26216 -0.802872 0.535415 -0.303796 -0.0899875 -0.572741 -0.814782 0.947533
0 77 25 -0.213004 -0.93942 -0.26855 0.0623013 -0.905756 0.292924 -0.306271 0.0675678 0.366382 0.178004 -0.913279 0.995768
0 78 35 0.787564 0.570495 0.232976 -0.0776053 0.596057 -0.609291 -0.522953 0.0936749 -0.156392 0.550727 -0.819903 0.992574
0 79 0 1 0 0 0 0 1 0 0 0 0 1 0
0 80 15 0.784108 0.620619 0.00253858 0.209581 0.21089 -0.262593 -0.941579 0.108815 -0.583695 0.738835 -0.336784 0.971718
0 81 24 -0.449634 0.87072 0.199187 0.088726 0.866023 0.479572 -0.141473 0.0550295 -0.218708 0.10889 -0.969696 0.994535
0 82 18 -0.526976 0.802305 0.280362 -0.464185 -0.824547 -0.402704 -0.397432 0.158907 -0.205959 -0.440609 0.873753 -0.871367
0 83 29 0.591888 -0.181783 0.785254 -0.373455 0.801765 0.032799 -0.596739 0.343412 0.0827213 0.982792 0.16516 0.861742
0 84 29 0.224483 0.837003 0.499032 -0.298286 0.878778 0.0474348 -0.474867 0.214686 -0.421136 0.545138 -0.724892 0.930019
0 85 15 0.0839193 0.994639 0.0604157 0.221087 -0.996373 0.0828985 0.0192131 -0.215696 0.0141017 -0.0618089 0.997988 -0.951102
0 86 12 0.786847 -0.394002 0.47501 -0.100379 0.339268 0.919103 0.200367 0.28724 -0.515528 0.00349719 0.856866 -0.952584
0 87 47 0.954972 -0.117092 0.272615 -0.169218 0.160136 -0.570096 -0.805821 0.491824 0.249772 0.813191 -0.525675 0.854093
0 88 78 0.924538 -0.233094 0.301492 -0.837959 0.224505 0.972411 0.0633527 0.00267418 -0.307942 0.00911445 0.951362 -0.545726
0 89 67 0.993116 -0.0509799 0.105464 -0.229459 0.0589494 0.995523 -0.0738814 0.169086 -0.101225 0.0795898 0.991675 -0.958519
0 90 49 0.999471 -0.00129485 0.0324823 -0.0615191 0.0108968 0.954743 -0.297231 0.341971 -0.0306274 0.297428 0.954253 -0.937695
0 91 24 0.761967 0.647277 0.0209743 -0.265156 -0.641626 0.750128 0.160075 -0.269414 0.0878796 -0.13543 0.986882 0.925801
0 92 34 -0.962912 -0.173858 -0.206333 -0.00674483 -0.101088 0.941482 -0.321546 0.231142 0.250162 -0.288763 -0.92414 0.972897
0 93 27 -0.258619 -0.823449 -0.505022 0.0159349 -0.669443 -0.224119 0.708249 -0.031612 -0.696392 0.52125 -0.493291 0.999373
0 94 41 0.991187 -0.0155822 -0.131552 0.372071 0.0104768 0.999168 -0.0394118 0.123617 0.132057 0.0376862 0.990525 -0.919936
0 95 69 0.843718 -0.197023 -0.499322 0.783182 -0.0120527 0.923017 -0.384571 0.579188 0.536652 0.330488 0.776391 -0.226202
0 96 13 0.706196 0.660818 0.25418 -0.0190431 -0.707795 0.667882 0.230128 -0.208455 -0.0176897 -0.342422 0.93938 -0.977847
0 97 38 0.437364 -0.859713 -0.263828 0.0407705 -0.652761 -0.101705 -0.750706 0.224584 0.61856 0.500549 -0.605669 0.973602
0 98 15 0.36452 -0.92898 -0.064195 -0.247769 0.916523 0.345734 0.201132 -0.162949 -0.164653 -0.132153 0.977458 -0.955017
0 99 24 -0.368969 0.929438 -0.00271615 0.190134 0.895413 0.356243 0.267071 -0.199545 0.249194 0.0961091 -0.963673 0.961265
0 100 46 0.223266 -0.423772 -0.877821 0.638409 -0.203492 0.860448 -0.467141 0.410962 0.95328 0.282926 0.105875 0.650803
0 101 26 0.572066 -0.774091 -0.271152 -0.0435456 -0.803457 -0.462405 -0.375017 -0.0201691 0.164915 0.432394 -0.886475 0.998848
0 102 14 0.743585 0.636325 -0.205358 0.49299 -0.656562 0.752978 -0.0441737 0.112406 0.126522 0.167677 0.977689 -0.862743
0 103 31 -0.772379 -0.304187 0.557585 -0.45455 0.160134 0.756247 0.634387 -0.289699 -0.614644 0.579275 -0.535399 0.842294
0 104 14 0.992917 0.114726 -0.0308677 -0.505573 -0.118412 0.934475 -0.33576 -0.184046 -0.0096754 0.337037 0.941442 0.842925
0 105 15 0.540248 0.791854 -0.28478 -0.105155 -0.838136 0.536591 -0.0979684 0.339977 0.0752337 0.291611 0.953574 -0.934536
0 106 10 -0.215814 -0.474816 0.853214 0.334764 0.975068 -0.151007 0.162601 0.144806 0.0516352 0.867033 0.495568 0.931109
0 107 21 -0.790908 -0.381847 -0.478182 0.316835 -0.60773 0.398678 0.686819 -0.363442 -0.0716189 0.833816 -0.547378 0.876085
0 108 11 0.772494 0.629627 0.0825985 -0.0322793 -0.567301 0.742697 -0.355767 0.322243 -0.285347 0.22797 0.930917 -0.946107
0 109 0 1 0 0 0 0 1 0 0 0 0 1 0
0 110 10 0.988199 0.00079732 0.153173 -0.149222 -0.0142106 0.996151 0.0864949 -0.162417 -0.152514 -0.0876508 0.984407 -0.975374
0 111 0 1 0 0 0 0 1 0 0 0 0 1 0
0 112 0 1 0 0 0 0 1 0 0 0 0 1 0
0 113 0 1 0 0 0 0 1 0 0 0 0 1 0
0 114 0 1 0 0 0 0 1 0 0 0 0 1 0
0 115 12 0.539848 -0.82538 0.165265 -0.257918 0.840334 0.517011 -0.162905 0.0509495 0.0490144 0.226822 0.972702 -0.964823
0 116 0 1 0 0 0 0 1 0 0 0 0 1 0
0 117 13 -0.861073 -0.504221 0.0656843 -0.19125 0.408166 -0.762442 -0.502078 0.271533 0.303239 -0.405516 0.862324 -0.943236
0 118 17 -0.123523 0.938408 -0.322697 0.264984 0.944458 0.210968 0.251976 -0.270901 0.304535 -0.273649 -0.912346 0.925417
0 119 13 0.209073 -0.977785 0.0150039 0.0168045 0.962098 0.202923 -0.182181 -0.112505 0.175089 0.0525243 0.983151 0.993509
0 120 13 0.870875 0.475393 0.12481 -0.208945 -0.478099 0.760454 0.439467 -0.0699976 0.114007 -0.442393 0.889545 -0.975419
0 121 18 0.415709 -0.903442 -0.104783 -0.273431 0.901578 0.394175 0.178276 -0.170175 -0.11976 -0.168581 0.978385 -0.946718
0 122 18 -0.223825 -0.971886 -0.0730725 -0.0987948 0.936274 -0.193585 -0.293114 0.150983 0.270728 -0.134022 0.953281 0.983587
0 123 20 -0.318295 0.763121 0.562436 -0.227859 0.757357 -0.15214 0.635031 -0.373116 0.570174 0.628092 -0.52953 0.899369
0 124 10 0.952514 0.0779983 -0.294335 -0.0659521 -0.035549 0.988511 0.146911 -0.260407 0.302412 -0.129472 0.944343 0.963244
0 125 12 0.421414 -0.90062 0.106274 0.0457054 0.898121 0.398235 -0.186516 0.0288601 0.125658 0.174047 0.976687 0.998538
0 126 18 0.974082 0.19662 0.111829 0.273894 -0.182551 0.975266 -0.124623 -0.330253 -0.133567 0.100978 0.985882 0.90328
0 127 27 0.907942 0.395083 0.139824 -0.020142 0.417238 -0.820743 -0.390249 0.241871 -0.039421 0.412663 -0.91003 0.970099
0 128 58 0.984889 0.0526481 -0.164993 0.70456 -0.00768006 0.965014 0.262085 -0.651713 0.173019 -0.256857 0.950836 -0.28083
0 129 45 0.550846 0.0582137 -0.832574 0.898838 0.358109 0.884583 0.298782 0.0287868 0.753874 -0.462735 0.466423 0.437335
0 130 23 -0.290427 0.368021 -0.883296 0.198705 -0.540373 0.698731 0.468797 -0.130212 0.789714 0.613461 -0.00406137 0.971371
0 131 30 0.981358 0.0331386 0.189312 -0.405861 -0.089045 0.951319 0.295066 0.0239587 -0.170318 -0.306422 0.936535 -0.913621
0 132 24 -0.261416 0.0173686 -0.96507 0.388784 -0.803528 -0.557886 0.207618 -0.291919 -0.534793 0.829736 0.159797 0.87386
0 133 24 -0.181101 -0.873018 -0.452816 0.253326 -0.983279 0.16968 0.0661168 -0.179037 0.0191127 0.457218 -0.889149 0.950669
0 134 0 1 0 0 0 0 1 0 0 0 0 1 0
0 135 22 -0.260058 0.949714 0.174396 0.264239 -0.965254 -0.250905 -0.0730184 0.278093 -0.0255898 -0.187325 0.981965 -0.923494
0 136 36 0.00606322 0.777808 0.628473 -0.276301 0.996283 0.0493085 -0.0706366 0.0431259 -0.0859307 0.626565 -0.774617 0.960103
0 137 18 0.996905 -0.0772423 0.0146191 -0.240325 0.0715176 0.96831 0.239292 -0.184657 -0.0326393 -0.237506 0.970837 -0.952967
0 138 36 0.917094 -0.286442 0.277289 -0.337862 -0.224032 0.205045 0.952768 -0.745063 -0.329769 -0.935899 0.123873 0.575092
0 139 26 0.988277 0.0669955 -0.137189 -4.32406e-05 -0.049483 0.990629 0.127304 0.128555 0.144432 -0.119023 0.98233 -0.991702
0 140 171 0.994588 -0.00895488 0.103512 -0.764603 -0.0180232 0.966304 0.25677 -0.64139 -0.102324 -0.257246 0.960913 -0.0632532
0 141 154 0.997997 -0.0307581 0.0552847 -0.977364 0.02169 0.987246 0.157716 0.17006 -0.0594306 -0.156201 0.985936 -0.125852
0 142 102 0.954082 -0.0491216 0.295492 -0.899815 0.0833714 0.99103 -0.104443 0.421075 -0.287711 0.124283 0.949619 0.114144
0 143 90 0.816946 -0.151825 0.556371 -0.894748 0.231116 0.970059 -0.0746451 0.237168 -0.52838 0.189567 0.827574 0.378387
0 144 30 0.983614 -0.169351 -0.0618443 0.782116 0.176628 0.973954 0.142185 -0.0503751 0.0361543 -0.150779 0.987906 -0.621094
0 145 21 -0.990706 -0.0602648 -0.121943 0.270651 -0.132687 0.230876 0.963893 0.0258101 -0.0299351 0.971115 -0.236727 0.962331
0 146 24 -0.895436 -0.331847 0.29677 -0.224993 -0.103116 0.803084 0.586876 -0.271777 -0.433084 0.494908 -0.753329 0.93569
0 147 16 -0.599045 0.799225 -0.0488249 0.0980865 -0.766674 -0.590101 -0.252967 0.0462729 -0.230989 -0.114106 0.966242 0.994102
0 148 11 0.300771 0.847574 0.437213 -0.459285 -0.952075 0.29357 0.085848 0.401414 -0.0555902 -0.442081 0.895251 -0.792416
0 149 13 -0.989004 0.139439 0.0492719 0.0919358 -0.147321 -0.899761 -0.410764 0.179673 -0.0129435 -0.413506 0.910409 -0.979421
0 150 23 0.978094 0.10399 0.180326 0.122039 0.0104796 -0.889777 0.456276 -0.389552 0.207898 -0.444391 -0.871375 0.912883
0 151 15 0.975577 0.173414 -0.134823 0.20202 0.168512 -0.984576 -0.0470415 0.0341286 -0.140901 0.0231732 -0.989752 0.978787
0 152 29 -0.523527 0.574606 0.629085 -0.082619 0.793185 0.598288 0.113616 -0.0292999 -0.31109 0.558461 -0.768989 0.99615
0 153 13 -0.319086 -0.861555 0.394851 0.299978 0.807767 -0.465141 -0.362156 -0.261299 0.495678 0.203389 0.844355 0.917462
0 154 13 0.962507 -0.160706 0.218525 0.276145 0.103406 0.962155 0.252121 -0.12606 -0.250773 -0.220071 0.942699 0.952813
0 155 10 -0.887487 -0.042662 0.458853 -0.362375 -0.209818 -0.849106 -0.484763 0.448984 0.410296 -0.526496 0.74462 -0.816761
0 156 16 0.930411 -0.365054 0.0327107 -0.151382 0.363008 0.930146 0.0552572 0.0444006 -0.0505976 -0.0395377 0.997936 -0.987478
0 157 10 0.887772 -0.338057 0.312374 -0.447702 0.287953 0.93736 0.19606 0.0847641 -0.359087 -0.084107 0.929507 -0.890156
0 158 25 -0.136668 0.968181 -0.209637 0.323892 0.804321 0.231986 0.547037 -0.224086 0.578264 -0.0938525 -0.810434 0.919173
0 159 0 1 0 0 0 0 1 0 0 0 0 1 0
0 160 19 0.0120707 0.968059 -0.250434 0.37986 0.65301 0.182038 0.735146 -0.356498 0.757253 -0.172409 -0.629954 0.85359
1 2 160 0.954397 0.0471338 -0.294795 0.97736 -0.0673879 0.995985 -0.0589232 0.123459 0.290834 0.0761017 0.953742 -0.17183
1 3 88 0.899144 0.128424 -0.418386 0.998732 -0.134562 0.990793 0.0149407 -0.00716914 0.416453 0.0428649 0.908146 0.0498343
1 4 54 0.842255 -0.264551 0.469702 -0.120782 -0.18795 0.672523 0.715813 -0.265427 -0.505254 -0.691177 0.516713 0.956536
1 5 27 0.843666 -0.51429 0.154057 0.312542 0.530602 0.842466 -0.093339 0.415342 -0.0817844 0.16049 0.983643 0.854288
1 6 11 0.975846 0.108586 0.189562 0.151305 -0.101139 0.993687 -0.0485586 0.192448 -0.193638 0.0282137 0.980667 -0.969572
1 7 13 0.579078 -0.815157 -0.0137221 0.329657 0.807994 0.571582 0.142968 0.124277 -0.108698 -0.0938767 0.989632 0.935885
1 8 12 -0.807587 0.512354 0.292056 -0.226884 -0.525337 -0.850021 0.0385403 -0.166769 0.268 -0.122303 0.955624 -0.959537
1 9 30 0.857734 -0.113497 -0.501409 0.235276 -0.14776 -0.988598 -0.0289896 -0.0906513 -0.492402 0.0989536 -0.864725 0.967692
1 10 35 0.321245 -0.720207 0.614902 -0.378886 -0.85945 0.050945 0.508675 -0.343089 -0.397677 -0.691887 -0.602616 0.859497
1 11 27 0.197238 -0.0773017 -0.977303 0.410162 0.812924 0.570088 0.118971 -0.132502 0.547952 -0.817939 0.175283 0.902336
1 12 0 1 0 0 0 0 1 0 0 0 0 1 0
1 13 13 0.964816 -0.25943 -0.0427369 -0.0443366 0.21539 0.873089 -0.437405 -0.173646 0.150789 0.41281 0.898249 0.98381
1 14 0 1 0 0 0 0 1 0 0 0 0 1 0
1 15 0 1 0 0 0 0 1 0 0 0 0 1 0
1 16 15 -0.979841 0.184084 0.0776163 0.191279 0.187576 0.981422 0.0403327 0.127769 -0.0687497 0.0540786 -0.996167 0.973184
1 17 0 1 0 0 0 0 1 0 0 0 0 1 0
1 18 15 0.395137 0.864536 0.310553 -0.101412 -0.901534 0.429859 -0.049585 -0.0925197 -0.176362 -0.260381 0.949262 0.990533
1 19 13 -0.900511 -0.344019 -0.265952 -0.0925263 0.426685 -0.816938 -0.388011 -0.106916 -0.0837829 -0.462886 0.882449 0.989953
1 20 16 0.963369 0.263164 -0.051617 -0.342284 -0.267617 0.930936 -0.248475 -0.0733029 -0.0173375 0.253186 0.967262 0.936733
1 21 0 1 0 0 0 0 1 0 0 0 0 1 0
1 22 28 0.937188 0.295615 -0.185177 0.158374 0.206487 -0.898004 -0.388525 0.078195 -0.281143 0.325885 -0.902639 0.984278
1 23 12 0.990896 -0.125247 0.0493749 -0.0871405 0.117036 0.982651 0.143874 -0.00385616 -0.0665382 -0.136786 0.988363 0.996189
1 24 11 -0.0798193 0.994535 0.0673038 -0.0548612 -0.992738 -0.0854079 0.0847118 0.10299 0.0899971 -0.0600534 0.99413 -0.993168
1 25 20 0.380663 0.559524 -0.736226 0.148786 0.897441 -0.415474 0.148263 -0.124369 -0.222926 -0.717157 -0.660295 0.981017
1 26 19 -0.196625 0.920074 -0.338826 0.195781 0.971567 0.136349 -0.193561 -0.065018 -0.131892 -0.367251 -0.920723 0.97849
1 27 16 0.602039 -0.439686 -0.666502 0.163904 -0.441134 -0.878927 0.181353 -0.262634 -0.665545 0.184835 -0.723109 0.950873
1 28 0 1 0 0 0 0 1 0 0 0 0 1 0
1 29 29 -0.206095 -0.443856 -0.872076 0.340667 0.966984 -0.228891 -0.112027 -0.111445 -0.149887 -0.866372 0.476375 0.933556
1 30 28 0.345085 0.249922 -0.904685 0.858519 -0.152493 0.966018 0.208698 -0.151986 0.926101 0.0659398 0.37147 0.48974
1 31 15 0.268326 0.960248 0.0769706 0.203906 -0.952174 0.276495 -0.130057 0.0890632 -0.146169 -0.0383918 0.988514 0.974931
1 32 15 0.637362 -0.74283 0.204875 0.0796149 0.721271 0.668684 0.180636 -0.225938 -0.271178 0.0326399 0.961976 0.970883
1 33 20 0.992264 -0.035418 -0.118986 0.510711 0.0264365 0.99674 -0.0762317 0.464532 0.121298 0.0724964 0.989965 -0.723453
1 34 20 0.941175 0.0718086 0.330201 -0.0398339 -0.0268033 -0.958218 0.284781 -0.271486 0.336854 -0.276879 -0.899926 0.961618
1 35 35 -0.501413 -0.0863228 -0.860891 0.4507 -0.24937 0.967205 0.0482583 0.0357112 0.828493 0.238877 -0.506495 0.891961
1 36 13 -0.878521 -0.463826 -0.114304 -0.0310465 0.469963 -0.882079 -0.0327334 0.207724 -0.0856427 -0.0824757 0.992906 0.977695
1 37 24 0.540891 -0.623978 -0.563993 0.190007 -0.819998 -0.540439 -0.188491 0.132768 -0.187189 0.564426 -0.803979 0.972764
1 38 32 0.843139 -0.204039 -0.497478 0.0869488 -0.341847 0.510741 -0.78885 0.140176 0.415039 0.835171 0.360876 0.986301
1 39 30 -0.632683 0.760105 -0.148164 0.0447218 0.742783 0.541513 -0.393748 0.146656 -0.219057 -0.359172 -0.907199 0.988176
1 40 27 0.686858 0.726775 -0.0049083 0.0285153 0.66929 -0.629868 0.394104 -0.347218 0.283333 -0.273978 -0.919053 0.937351
1 41 10 0.977792 0.090275 -0.189136 0.0600488 -0.0997758 0.994152 -0.0413087 -0.336363 0.184301 0.0592625 0.981082 0.939816
1 42 18 0.9839 -0.17085 0.0524491 -0.355028 0.169885 0.98521 0.022364 -0.221125 -0.0554942 -0.0130936 0.998373 0.908327
1 43 24 -0.976119 -0.214169 -0.0363799 0.256883 -0.214351 0.976756 0.00113985 -0.157653 0.0352901 0.00891068 -0.999337 0.953497
1 44 29 0.0993835 -0.789865 0.605175 -0.472891 -0.981336 -0.178426 -0.0717217 -0.172901 0.16463 -0.586752 -0.792855 0.863991
1 45 56 -0.111076 0.184731 -0.976492 0.751913 -0.0439243 0.9807 0.190523 -0.0911315 0.992841 0.0640543 -0.100818 0.652933
1 46 20 0.996841 0.0352544 0.0711727 0.204996 -0.0370457 0.999025 0.0240075 -0.249822 -0.070257 -0.0265683 0.997175 0.946343
1 47 12 0.336455 -0.939315 -0.0669724 -0.259042 0.941537 0.334221 0.0424823 -0.117223 -0.0175207 -0.0773504 0.99685 -0.958726
1 48 19 0.320542 -0.931335 -0.172822 0.0777422 0.825806 0.364133 -0.430642 0.193312 0.464002 -0.00467843 0.885822 0.978053
1 49 21 0.991551 -0.110723 0.0675779 0.178745 0.106255 0.992114 0.0664777 -0.000253332 -0.0744056 -0.0587355 0.995497 -0.983895
1 50 25 0.868917 -0.329172 -0.369633 0.137983 -0.108575 -0.855373 0.506506 -0.521799 -0.482902 -0.399979 -0.778988 0.841835
1 51 23 0.997703 -0.0675011 -0.00575064 0.0027214 -0.0459599 -0.612054 -0.789479 0.335771 0.0497711 0.78793 -0.61375 0.94194
1 52 23 -0.639841 0.703181 0.310064 0.313869 -0.758062 -0.511201 -0.404989 0.259863 -0.126276 -0.494177 0.860142 0.913213
1 53 12 0.954905 -0.296859 0.00566046 0.0680049 0.296651 0.953086 -0.0602112 0.209215 0.0124793 0.0591751 0.99817 0.975502
1 54 21 -0.990908 -0.0422842 0.127725 -0.104237 0.00657961 0.932964 0.359909 -0.121103 -0.134381 0.357477 -0.924203 0.987152
1 55 0 1 0 0 0 0 1 0 0 0 0 1 0
1 56 0 1 0 0 0 0 1 0 0 0 0 1 0
1 57 12 0.753037 -0.569076 -0.330285 -0.335623 0.545392 0.820656 -0.170504 -0.0466446 0.36808 -0.051739 0.928353 0.940841
1 58 10 0.693506 0.717768 0.0621161 -0.191689 -0.710889 0.667753 0.220777 0.00523053 0.116989 -0.197268 0.973344 0.981442
1 59 13 0.504101 -0.842392 -0.190414 0.0489549 0.797935 0.53864 -0.270492 0.126553 0.330425 -0.0155828 0.943704 0.990751
1 60 0 1 0 0 0 0 1 0 0 0 0 1 0
1 61 0 1 0 0 0 0 1 0 0 0 0 1 0
1 62 18 0.916203 0.385297 0.110086 0.123621 -0.218653 0.710918 -0.668421 0.216222 -0.335802 0.588339 0.735591 0.968486
1 63 27 0.655655 0.737661 -0.16116 -0.0119154 0.704085 -0.674397 -0.222381 0.13501 -0.272727 0.032335 -0.961548 0.990773
1 64 36 -0.719147 -0.0105847 -0.694778 0.240644 0.0384712 0.997744 -0.0550208 0.137951 0.693793 -0.066297 -0.717117 0.96076
1 65 31 0.0413203 -0.409424 -0.911408 0.468027 -0.948088 0.271804 -0.165083 0.0920753 0.315313 0.870916 -0.376939 0.878904
1 66 18 -0.160791 0.736975 0.656517 -0.178279 0.915323 0.360182 -0.180147 0.0608817 -0.369229 0.571959 -0.732484 0.982095
1 67 44 -0.0708679 0.650219 -0.756435 0.317241 -0.997048 -0.0686301 0.0344168 0.197217 -0.0295358 0.756641 0.653163 0.927612
1 68 37 0.797505 0.458774 0.391806 -0.161395 0.593469 -0.713381 -0.372669 0.274036 0.108536 0.52973 -0.841193 0.94808
1 69 0 1 0 0 0 0 1 0 0 0 0 1 0
1 70 26 -0.979721 -0.198002 -0.0306915 -0.120256 -0.199858 0.954788 0.220085 0.0206889 -0.0142733 0.221756 -0.974998 0.992527
1 71 12 0.999417 0.0282141 0.0192358 -0.211172 -0.0292432 0.998031 0.0554965 -0.00665653 -0.0176322 -0.0560266 0.998274 -0.977426
1 72 30 -0.126894 0.869196 -0.477909 0.193086 0.991897 0.108184 -0.066609 -0.0176347 -0.0061943 -0.482488 -0.87588 0.981023
1 73 14 0.811789 -0.583446 -0.0242747 0.253937 0.581359 0.803577 0.127616 -0.0378701 -0.0549503 -0.117709 0.991527 0.966479
1 74 0 1 0 0 0 0 1 0 0 0 0 1 0
1 75 38 -0.896019 -0.440249 -0.0577112 0.106237 -0.338799 0.593883 0.729738 -0.403208 -0.286993 0.673412 -0.681286 0.908921
1 76 16 0.8942 -0.444604 -0.0522809 -0.0350025 0.44759 0.890094 0.0859947 -0.199071 0.00830142 -0.100297 0.994923 0.97936
1 77 18 0.572539 0.776423 0.263374 -0.203689 -0.764731 0.621548 -0.169895 0.0572483 -0.29561 -0.104138 0.949616 0.97736
1 78 17 0.597595 0.79529 -0.101948 0.0281552 0.784026 -0.552984 0.281978 -0.264826 0.167879 -0.248438 -0.953989 0.963885
1 79 21 -0.244428 0.951156 0.188565 -0.0211664 -0.950175 -0.196147 -0.242267 0.355462 -0.193447 -0.238387 0.951709 0.934451
1 80 39 0.692035 0.687435 -0.220273 0.190875 0.443658 -0.64575 -0.62143 0.131233 -0.569433 0.332326 -0.751868 0.972802
1 81 20 -0.573379 0.710181 -0.408509 0.112705 -0.667524 -0.115855 0.735519 -0.402569 0.475024 0.694421 0.540492 0.908425
1 82 15 0.362237 0.754977 -0.546621 0.430762 0.930404 -0.328091 0.163415 -0.163837 -0.0559671 -0.567773 -0.82128 0.887469
1 83 18 -0.835979 0.384638 -0.391398 0.215173 0.0412067 0.755225 0.654169 -0.150275 0.547211 0.530744 -0.647202 0.964945
1 84 15 -0.139036 -0.851714 0.505225 0.0630501 0.769141 0.228482 0.59684 0.0964548 -0.623772 0.471572 0.623321 0.993338
1 85 28 0.83576 0.12535 0.534596 -0.269066 0.496573 -0.58807 -0.638428 0.220809 0.234353 0.799038 -0.55373 0.937468
1 86 11 -0.863168 -0.478243 0.161944 0.188449 0.449513 -0.873927 -0.184904 -0.0289991 0.229956 -0.0868075 0.969322 0.981655
1 87 18 0.946302 -0.323257 -0.0041307 -0.00153106 0.323151 0.945471 0.0407066 -0.266038 -0.00925325 -0.0398556 0.999163 -0.963961
1 88 51 0.934516 -0.327031 0.140462 -0.789854 0.32254 0.944998 0.0542841 -0.313845 -0.150489 -0.00542465 0.988597 -0.526908
1 89 71 0.913834 -0.112817 0.390103 -0.977216 0.178214 0.974601 -0.135621 0.112018 -0.364894 0.193457 0.910729 -0.180281
1 90 65 0.971607 -0.0436979 0.232532 -0.622119 0.112632 0.949718 -0.292146 0.135742 -0.208074 0.310041 0.927674 -0.771066
1 91 54 0.947787 -0.0485414 0.315187 -0.518436 0.231701 0.783918 -0.57601 0.780281 -0.219121 0.618964 0.754235 -0.349838
1 92 68 0.946705 0.00961376 0.321958 -0.444831 0.182842 0.806862 -0.561731 0.857987 -0.265177 0.590661 0.762103 -0.256873
1 93 36 0.999821 0.00287242 -0.0187059 0.205223 -0.00313865 0.999894 -0.0142187 -0.236451 0.0186631 0.0142748 0.999724 -0.949723
1 94 52 0.989433 -0.111555 -0.0926175 0.373289 0.11859 0.990162 0.0742715 -0.414546 0.0834209 -0.0844702 0.992928 -0.829944
1 95 82 0.969613 -0.19852 -0.142973 0.495184 0.16098 0.957789 -0.238172 0.489697 0.184219 0.207919 0.960642 -0.717628
1 96 42 0.967351 -0.226705 -0.113302 0.21734 0.217057 0.97187 -0.09141 0.302178 0.130838 0.0638325 0.989347 -0.928144
1 97 24 0.993834 -0.082424 -0.0741631 0.113621 0.0811222 0.996495 -0.0204029 -0.170147 0.0755849 0.0142608 0.997037 -0.978846
1 98 20 0.615082 0.577431 0.536886 0.110598 0.504294 -0.811547 0.295091 -0.308576 0.606103 0.0892438 -0.790364 0.944748
1 99 0 1 0 0 0 0 1 0 0 0 0 1 0
1 100 0 1 0 0 0 0 1 0 0 0 0 1 0
1 101 0 1 0 0 0 0 1 0 0 0 0 1 0
1 102 20 0.397795 -0.86578 -0.303618 0.529822 0.875715 0.456998 -0.155805 -0.000711205 0.273646 -0.203905 0.939969 0.848108
1 103 12 -0.920206 0.00498139 0.391402 0.369981 0.096375 -0.966255 0.23888 0.131177 0.379384 0.25754 0.888674 0.919732
1 104 16 -0.999747 0.00597462 -0.021684 0.00160988 0.000412524 0.968783 0.247911 -0.0950764 0.0224882 0.247839 -0.96854 0.995469
1 105 14 0.465934 0.723136 -0.509881 0.305424 -0.778282 0.609083 0.152627 -0.190493 0.42093 0.325717 0.846597 -0.932968
1 106 0 1 0 0 0 0 1 0 0 0 0 1 0
1 107 11 -0.655356 0.335929 0.676505 0.36708 -0.635903 -0.728715 -0.254168 0.161017 0.407597 -0.596763 0.691187 0.916147
1 108 36 0.714417 0.524996 -0.462589 0.457363 -0.600759 0.799158 -0.0208349 0.0809359 0.358744 0.29279 0.886328 0.885589
1 109 11 -0.881022 0.458012 -0.118431 0.0510887 -0.421869 -0.873924 -0.24142 -0.231614 -0.214073 -0.162734 0.963167 0.971465
1 110 0 1 0 0 0 0 1 0 0 0 0 1 0
1 111 17 0.468429 0.107559 0.876929 -0.366435 -0.45271 -0.823135 0.342785 -0.236068 0.758701 -0.557565 -0.336888 0.899998
1 112 0 1 0 0 0 0 1 0 0 0 0 1 0
1 113 0 1 0 0 0 0 1 0 0 0 0 1 0
1 114 0 1 0 0 0 0 1 0 0 0 0 1 0
1 115 17 0.789283 0.112484 0.603639 -0.364298 0.500954 -0.686446 -0.527103 0.126681 0.355075 0.718429 -0.598149 0.922626
1 116 19 -0.134382 -0.988916 -0.0631341 -0.123654 -0.882739 0.0905187 0.461062 -0.323604 -0.450237 0.117689 -0.885119 0.938078
1 117 19 0.922596 0.385742 -0.00435449 -0.0110049 0.381223 -0.909945 0.163308 -0.351016 0.0590326 -0.152328 -0.986565 0.936305
1 118 10 -0.867732 0.487217 0.0982861 0.376252 -0.461551 -0.86325 0.204379 -0.216797 0.184422 0.131982 0.973945 0.900796
1 119 20 0.194634 0.841758 0.503549 -0.314567 0.961042 -0.0609363 -0.269602 0.0192953 -0.196255 0.536405 -0.820825 0.949039
1 120 12 -0.700748 0.436702 0.564131 0.0504846 0.453858 0.882989 -0.119765 -0.00536525 -0.550423 0.17211 -0.816953 0.99871
1 121 13 -0.618105 0.750535 0.233757 0.207812 -0.780626 -0.621055 -0.0700966 -0.3128 0.0925659 -0.225804 0.969765 -0.926806
1 122 27 -0.350063 -0.891708 -0.286901 0.137267 -0.909506 0.396854 -0.123714 0.0402369 0.224175 0.217631 -0.949938 0.989717
1 123 15 0.262248 0.710121 0.653417 -0.118727 0.838034 -0.503315 0.21065 -0.162846 0.478462 0.492343 -0.727099 0.979482
1 124 15 0.840942 0.53889 0.0491396 -0.0882135 0.540253 -0.841271 -0.0197144 -0.161231 0.0307159 0.0431265 -0.998597 0.982966
1 125 11 -0.460511 -0.887566 0.0124843 -0.0586486 0.856755 -0.448116 -0.255271 -0.00974238 0.232164 -0.106859 0.966789 0.998231
1 126 21 0.840467 0.306511 -0.44684 0.121393 0.358928 -0.932697 0.0353263 -0.0727519 -0.405938 -0.190074 -0.893916 0.989935
1 127 42 -0.191568 0.972706 0.130939 -0.00851675 0.699653 0.0417774 0.71326 -0.34912 0.688322 0.22825 -0.68856 0.937039
1 128 72 0.735974 0.389484 0.553755 -0.463492 0.246722 0.607392 -0.755118 0.678947 -0.630453 0.692371 0.350931 0.569392
1 129 36 0.0118376 0.436038 -0.89985 0.739823 0.209959 0.878768 0.428584 -0.0973762 0.977639 -0.194005 -0.0811476 0.665717
1 130 26 0.937698 -0.338231 -0.0795175 -0.198705 0.347304 0.905722 0.242998 0.130212 -0.0101687 -0.255475 0.966762 -0.971371
1 131 16 -0.992622 0.112972 0.0440229 -0.0907729 -0.110605 -0.992454 0.0529303 -0.0213033 0.0496703 0.0476706 0.997627 0.995644
1 132 16 -0.466069 0.716967 -0.518399 0.388784 0.681641 0.664522 0.306229 -0.291919 0.564043 -0.210639 -0.798427 0.87386
1 133 0 1 0 0 0 0 1 0 0 0 0 1 0
1 134 15 -0.768939 0.561786 -0.305171 0.41857 0.629568 0.748438 -0.208531 0.140539 0.111252 -0.352474 -0.929185 0.897244
1 135 33 0.0841146 -0.708583 0.700596 -0.414056 -0.765265 0.404367 0.500856 -0.354965 -0.638196 -0.578271 -0.508241 0.838187
1 136 0 1 0 0 0 0 1 0 0 0 0 1 0
1 137 34 0.0811006 -0.970337 0.227749 -0.18859 -0.687802 -0.21986 -0.691802 0.306675 0.721354 -0.10054 -0.68523 0.932944
1 138 13 -0.99436 0.102466 0.0273842 0.140059 -0.0826973 -0.910686 0.404738 0.147713 0.0664103 0.400191 0.914022 0.979063
1 139 11 0.987905 0.0628413 -0.141753 -0.00106783 -0.0472874 0.992746 0.110544 0.0179192 0.147672 -0.102503 0.98371 0.999839
1 140 76 0.959142 -0.0787782 0.271737 -0.850163 0.0183833 0.975776 0.217997 -0.43714 -0.282328 -0.204094 0.937356 0.293482
1 141 91 0.937188 -0.113266 0.329924 -0.934284 0.0650439 0.98597 0.153727 -0.0283773 -0.342707 -0.122611 0.931407 0.355398
1 142 75 0.733142 -0.0874247 0.674433 -0.853173 0.204483 0.974151 -0.0960069 0.0764233 -0.648606 0.208297 0.732068 0.515999
1 143 59 0.114306 0.20792 0.971444 -0.627794 0.174948 0.958358 -0.225704 0.194822 -0.97792 0.195751 0.0731708 0.753604
1 144 30 -0.535225 0.161484 0.82913 -0.288413 0.551582 0.810216 0.19826 -0.101402 -0.639759 0.563447 -0.52272 0.952122
1 145 22 -0.542172 -0.519337 -0.66056 0.42193 -0.830855 0.44868 0.32919 -0.0828766 0.125419 0.727307 -0.674755 0.902833
1 146 24 0.66337 0.744614 0.0740984 0.0994666 0.737289 -0.633485 -0.234737 -0.0454707 -0.127848 0.210349 -0.969231 0.994001
1 147 26 0.593317 -0.605789 -0.53009 0.359769 -0.801737 -0.503668 -0.321771 0.0403351 -0.0720644 0.615905 -0.784518 0.932169
1 148 43 0.728667 0.392471 -0.561259 0.347715 0.481969 -0.876091 0.0131039 -0.0970129 -0.486571 -0.280058 -0.827536 0.932568
1 149 0 1 0 0 0 0 1 0 0 0 0 1 0
1 150 18 -0.289734 -0.725422 -0.624354 0.315552 -0.815149 -0.154836 0.558173 -0.249632 -0.501584 0.670663 -0.546466 0.915484
1 151 19 -0.945405 -0.0981546 -0.310767 0.358162 -0.240195 0.854343 0.460873 -0.155177 0.220265 0.510356 -0.831276 0.920674
1 152 0 1 0 0 0 0 1 0 0 0 0 1 0
1 153 17 -0.440642 -0.89732 -0.0255298 0.403335 0.892672 -0.435004 -0.117933 -0.0632344 0.0947184 -0.0747561 0.992693 0.912865
1 154 0 1 0 0 0 0 1 0 0 0 0 1 0
1 155 0 1 0 0 0 0 1 0 0 0 0 1 0
1 156 0 1 0 0 0 0 1 0 0 0 0 1 0
1 157 20 -0.0271131 -0.987401 0.155897 0.0146346 -0.991611 0.00684949 -0.129075 -0.0491318 0.126381 -0.158089 -0.979304 0.998685
1 158 14 0.251182 -0.791438 -0.557255 0.273738 -0.905069 -0.396144 0.154662 -0.10224 -0.343159 0.465506 -0.81581 0.956355
1 159 16 -0.84455 -0.41921 -0.333165 0.467803 0.499529 -0.84091 -0.208183 0.202033 -0.19289 -0.342247 0.919598 -0.860432
1 160 17 0.751893 0.0130015 -0.659157 0.381451 0.319712 -0.88157 0.347303 -0.362891 -0.576577 -0.471875 -0.667003 0.850179
2 3 148 0.977693 0.0745937 -0.196349 0.986688 -0.0711509 0.997164 0.0245404 0.0269963 0.197622 -0.0100226 0.980227 0.160366
2 4 51 -0.611926 -0.431154 -0.663063 0.283545 -0.235884 0.899684 -0.367324 0.191925 0.75492 -0.0683689 -0.652243 0.939557
2 5 23 0.896809 0.340397 0.282603 0.0467522 -0.353095 0.935566 -0.00638878 -0.0621245 -0.266568 -0.094056 0.959216 0.996973
2 6 41 0.590915 0.622398 -0.513264 0.331493 0.659818 -0.738939 -0.136416 0.0818902 -0.464175 -0.25805 -0.84732 0.939897
2 7 24 0.44792 -0.644541 0.619624 0.143185 -0.647457 0.244096 0.721953 -0.0762135 -0.616577 -0.724557 -0.307977 0.986757
2 8 10 0.997122 0.0471879 0.0593439 0.147216 -0.0513718 0.996147 0.071074 -0.0629215 -0.0557614 -0.0739181 0.995704 0.987101
2 9 20 0.887461 0.111383 -0.447222 0.23502 0.00934103 -0.974506 -0.224169 -0.0908505 -0.460788 0.194764 -0.865876 0.967735
2 10 11 -0.764351 -0.589102 0.262157 -0.330625 0.493007 -0.795974 -0.351239 0.149808 0.415586 -0.139225 0.898835 -0.931797
2 11 15 0.804332 0.287952 0.519744 0.132497 -0.417756 0.896084 0.150046 -0.0237427 -0.422528 -0.337813 0.841043 0.990899
2 12 0 1 0 0 0 0 1 0 0 0 0 1 0
2 13 14 0.95619 -0.171733 0.237084 -0.0373385 -0.2581 -0.876716 0.405899 -0.136378 0.138149 -0.449308 -0.882631 0.989953
2 14 12 0.567004 -0.518764 -0.639837 0.173152 0.815287 0.242602 0.525787 -0.023598 -0.117534 -0.819774 0.560497 0.984612
2 15 19 -0.756309 0.035098 -0.653273 0.0808293 -0.413543 -0.799403 0.435819 -0.231527 -0.506932 0.59977 0.61911 0.969465
2 16 25 -0.577268 -0.341677 -0.741632 0.0447324 0.653164 0.351848 -0.670507 0.180258 0.490038 -0.87147 0.0200606 0.982602
2 17 16 -0.341084 -0.846657 0.408453 -0.0775447 -0.674478 -0.0822393 -0.7337 0.0396073 0.654783 -0.525746 -0.543001 0.996202
2 18 14 0.988918 -0.0968421 -0.112532 -0.178017 0.0659928 0.965703 -0.251122 -0.141209 0.132992 0.240913 0.961392 0.973843
2 19 26 0.673376 -0.701407 -0.233652 -0.0720415 -0.658304 -0.425038 -0.621272 0.108095 0.336453 0.572164 -0.747949 0.991527
2 20 28 0.520058 0.801128 -0.296198 0.145415 0.825201 -0.381775 0.416282 -0.171614 0.220414 -0.460914 -0.859637 0.974373
2 21 10 0.869444 -0.492904 -0.0333646 0.0453113 0.461265 0.834111 -0.302479 0.0281359 0.176923 0.247599 0.952572 -0.998577
2 22 25 0.808221 -0.154919 -0.568136 0.259137 -0.385252 -0.86877 -0.311158 -0.0319908 -0.445375 0.47036 -0.761842 0.965311
2 23 0 1 0 0 0 0 1 0 0 0 0 1 0
2 24 30 -0.353005 -0.671185 -0.651842 0.1852 -0.835873 -0.0867792 0.54202 -0.364092 -0.420362 0.736193 -0.530392 0.912764
2 25 44 0.084347 0.984619 0.153006 0.0516796 0.861088 -0.149294 0.486043 -0.166625 0.50141 0.0907556 -0.860437 0.984665
2 26 24 0.00177948 0.993831 0.110894 0.180937 0.9607 0.0290834 -0.276062 0.00839852 -0.277584 0.107027 -0.954721 0.983459
2 27 23 0.580997 0.678413 0.449665 0.208502 -0.707143 0.694294 -0.13381 -0.165037 -0.402978 -0.240234 0.883117 0.963997
2 28 0 1 0 0 0 0 1 0 0 0 0 1 0
2 29 22 -0.945167 0.21064 0.24958 0.116229 0.304367 0.845197 0.43932 -0.169784 -0.118406 0.491195 -0.862965 0.978603
2 30 32 -0.310083 -0.750922 0.583065 -0.432516 -0.815849 0.525045 0.242317 -0.073481 -0.488097 -0.400554 -0.775447 0.898627
2 31 0 1 0 0 0 0 1 0 0 0 0 1 0
2 32 15 0.590955 -0.791113 -0.157837 0.0307648 -0.787158 -0.522682 -0.327392 0.0486061 0.176506 0.317717 -0.931613 0.998344
2 33 21 -0.943201 0.247094 0.222073 -0.0590479 0.309253 0.897247 0.315135 -0.304647 -0.121386 0.365912 -0.922699 0.950633
2 34 14 0.405931 -0.913869 -0.00791099 0.226633 0.913884 0.405851 0.0100492 -0.370321 -0.00597295 -0.011309 0.999918 0.900833
2 35 11 0.858321 -0.473091 0.19867 0.0731739 0.498698 0.860271 -0.10599 0.0400122 -0.120767 0.19005 0.974318 -0.996516
2 36 55 -0.750947 0.66019 0.0150744 -0.00407846 0.482397 0.564016 -0.670208 0.361551 -0.450967 -0.496019 -0.74202 0.932343
2 37 17 0.829573 -0.558278 0.0116081 0.0276091 0.558024 0.829599 0.0193476 0.30263 -0.0204314 -0.00957267 0.999745 0.952708
2 38 43 -0.0815329 0.479399 0.873801 -0.394417 0.928069 -0.283122 0.241928 -0.236468 0.363373 0.830673 -0.421832 0.887986
2 39 0 1 0 0 0 0 1 0 0 0 0 1 0
2 40 10 0.453222 0.864126 0.218807 -0.0118407 -0.864389 0.48601 -0.128944 -0.227284 -0.217766 -0.130694 0.967211 0.973756
2 41 11 0.237211 0.880151 0.411176 -0.288795 -0.956578 0.285421 -0.0591045 0.227853 -0.169379 -0.379302 0.909638 -0.929882
2 42 25 0.773321 0.145936 -0.61699 0.178393 0.590253 -0.520988 0.616581 -0.361168 -0.231463 -0.840996 -0.489031 0.915278
2 43 23 -0.895971 -0.384656 -0.22198 0.13158 -0.400003 0.916115 0.0270408 -0.163472 0.192958 0.113021 -0.974676 0.977734
2 44 22 -0.0179371 0.903788 -0.427604 0.271537 0.999315 0.00236508 -0.0369203 -0.262154 -0.0323568 -0.427973 -0.903212 0.926036
2 45 20 -0.534549 0.837892 -0.110423 0.241601 0.747329 0.529648 0.401214 -0.256444 0.39466 0.131946 -0.909304 0.935877
