0 1 134 0.973601 0.0753203 -0.215471 0.91437 -0.0749773 0.997137 0.00977683 0.213357 0.215591 0.00663671 0.976461 -0.344101
0 2 11 0.980804 0.193573 -0.0235116 0.155953 -0.192679 0.980611 0.0357314 0.34391 0.0299724 -0.0305153 0.999085 -0.925961
0 3 0 1 0 0 0 0 1 0 0 0 0 1 0
0 4 16 -0.964743 -0.0751016 0.252251 -0.0166588 0.0525806 0.884106 0.464318 -0.225391 -0.257888 0.461211 -0.848987 0.974126
0 5 0 1 0 0 0 0 1 0 0 0 0 1 0
0 6 0 1 0 0 0 0 1 0 0 0 0 1 0
0 7 0 1 0 0 0 0 1 0 0 0 0 1 0
0 8 0 1 0 0 0 0 1 0 0 0 0 1 0
0 9 0 1 0 0 0 0 1 0 0 0 0 1 0
0 10 18 -0.151713 -0.985535 -0.075531 0.0539828 -0.905835 0.108051 0.409619 -0.228101 -0.395532 0.130563 -0.909125 0.97214
0 11 0 1 0 0 0 0 1 0 0 0 0 1 0
0 12 0 1 0 0 0 0 1 0 0 0 0 1 0
0 13 0 1 0 0 0 0 1 0 0 0 0 1 0
0 14 23 0.931204 0.364482 0.00348305 0.142955 -0.340827 0.874076 -0.346162 0.381907 -0.129214 0.32116 0.938168 0.913078
0 15 0 1 0 0 0 0 1 0 0 0 0 1 0
0 16 16 0.962593 -0.189466 -0.193692 0.1144 -0.0664147 -0.858044 0.509264 -0.240943 -0.262684 -0.47735 -0.838531 0.963773
0 17 0 1 0 0 0 0 1 0 0 0 0 1 0
0 18 14 -0.161911 0.986706 0.0140231 0.1186 -0.975448 -0.157881 -0.153538 -0.0486138 -0.149283 -0.0385384 0.988043 0.991751
0 19 0 1 0 0 0 0 1 0 0 0 0 1 0
0 20 19 -0.200279 -0.933288 -0.298099 0.0184659 -0.873218 0.0320686 0.486274 -0.223692 -0.444274 0.357695 -0.821386 0.974485
0 21 0 1 0 0 0 0 1 0 0 0 0 1 0
0 22 0 1 0 0 0 0 1 0 0 0 0 1 0
0 23 0 1 0 0 0 0 1 0 0 0 0 1 0
0 24 0 1 0 0 0 0 1 0 0 0 0 1 0
0 25 0 1 0 0 0 0 1 0 0 0 0 1 0
0 26 0 1 0 0 0 0 1 0 0 0 0 1 0
0 27 0 1 0 0 0 0 1 0 0 0 0 1 0
0 28 0 1 0 0 0 0 1 0 0 0 0 1 0
0 29 0 1 0 0 0 0 1 0 0 0 0 1 0
0 30 0 1 0 0 0 0 1 0 0 0 0 1 0
0 31 0 1 0 0 0 0 1 0 0 0 0 1 0
0 32 0 1 0 0 0 0 1 0 0 0 0 1 0
0 33 0 1 0 0 0 0 1 0 0 0 0 1 0
0 34 0 1 0 0 0 0 1 0 0 0 0 1 0
0 35 0 1 0 0 0 0 1 0 0 0 0 1 0
0 36 14 0.364295 -0.912266 -0.187241 0.169629 -0.880948 -0.272363 -0.386973 0.0689197 0.302025 0.305922 -0.90288 0.983095
0 37 0 1 0 0 0 0 1 0 0 0 0 1 0
0 38 0 1 0 0 0 0 1 0 0 0 0 1 0
0 39 12 -0.0510166 -0.997277 0.0532446 0.0013724 0.992678 -0.0564819 -0.106772 -0.125973 0.109489 0.0474076 0.992857 -0.992033
0 40 0 1 0 0 0 0 1 0 0 0 0 1 0
0 41 0 1 0 0 0 0 1 0 0 0 0 1 0
0 42 36 0.814079 -0.271638 0.513311 -0.943905 0.359101 0.93009 -0.0773193 -0.0398824 -0.456423 0.247274 0.854713 0.327801
0 43 14 -0.854313 -0.134524 0.502048 0.211383 -0.119103 -0.889555 -0.441028 -0.146896 0.505928 -0.436572 0.743937 0.966302
0 44 0 1 0 0 0 0 1 0 0 0 0 1 0
0 45 44 0.79016 -0.289026 0.540473 -0.880067 0.339474 0.940592 0.0066915 0.0327108 -0.510299 0.178189 0.841335 0.473722
0 46 38 0.765474 -0.204189 0.61021 -0.884111 0.316391 0.945197 -0.0806124 0.118049 -0.560308 0.254772 0.788128 0.452119
0 47 16 0.98297 -0.146439 0.111022 -0.366047 0.142263 0.98882 0.0446889 0.117696 -0.116325 -0.0281335 0.992813 -0.923124
0 48 0 1 0 0 0 0 1 0 0 0 0 1 0
0 49 21 0.0191814 -0.999623 0.0196487 0.0404653 -0.934815 -0.0109606 0.354966 -0.122557 -0.354617 -0.0251766 -0.934673 0.991636
0 50 0 1 0 0 0 0 1 0 0 0 0 1 0
0 51 0 1 0 0 0 0 1 0 0 0 0 1 0
0 52 16 -0.742713 0.655619 -0.136168 0.215515 0.569714 0.511853 -0.642987 0.0338099 -0.351856 -0.555131 -0.753675 0.975915
0 53 0 1 0 0 0 0 1 0 0 0 0 1 0
0 54 0 1 0 0 0 0 1 0 0 0 0 1 0
0 55 0 1 0 0 0 0 1 0 0 0 0 1 0
0 56 0 1 0 0 0 0 1 0 0 0 0 1 0
0 57 0 1 0 0 0 0 1 0 0 0 0 1 0
0 58 0 1 0 0 0 0 1 0 0 0 0 1 0
0 59 0 1 0 0 0 0 1 0 0 0 0 1 0
0 60 0 1 0 0 0 0 1 0 0 0 0 1 0
0 61 0 1 0 0 0 0 1 0 0 0 0 1 0
0 62 0 1 0 0 0 0 1 0 0 0 0 1 0
0 63 0 1 0 0 0 0 1 0 0 0 0 1 0
0 64 17 -0.630526 -0.741218 0.230287 0.0445783 -0.690522 0.671174 0.269639 -0.330364 -0.354424 0.0109957 -0.93502 0.9428
0 65 0 1 0 0 0 0 1 0 0 0 0 1 0
0 66 0 1 0 0 0 0 1 0 0 0 0 1 0
0 67 0 1 0 0 0 0 1 0 0 0 0 1 0
0 68 0 1 0 0 0 0 1 0 0 0 0 1 0
0 69 0 1 0 0 0 0 1 0 0 0 0 1 0
0 70 15 -0.0587202 0.990995 0.120334 -0.0866188 -0.966862 -0.0264565 -0.253926 0.078212 -0.248456 -0.131257 0.959709 0.993167
0 71 14 0.0404794 0.947426 0.317404 -0.363247 -0.98398 0.0929971 -0.152099 -0.0201236 -0.17362 -0.306162 0.936013 -0.931475
0 72 0 1 0 0 0 0 1 0 0 0 0 1 0
0 73 14 0.992408 -0.0367134 -0.117384 0.121148 0.0647947 0.967288 0.245266 -0.269341 0.10454 -0.25101 0.962323 -0.955394
0 74 11 0.817205 -0.575085 -0.0381088 0.127082 0.576141 0.816892 0.0273574 -0.0974179 0.0153979 -0.0443127 0.998899 -0.987097
0 75 0 1 0 0 0 0 1 0 0 0 0 1 0
0 76 23 0.913027 -0.407336 0.0214201 -0.213451 0.4037 0.909898 0.095459 -0.153735 -0.058374 -0.0785093 0.995203 0.964782
0 77 0 1 0 0 0 0 1 0 0 0 0 1 0
0 78 18 0.817714 -0.55595 -0.149213 0.28845 0.541854 0.830911 -0.126419 0.350324 0.194265 0.0225225 0.98069 -0.891106
0 79 0 1 0 0 0 0 1 0 0 0 0 1 0
0 80 0 1 0 0 0 0 1 0 0 0 0 1 0
0 81 0 1 0 0 0 0 1 0 0 0 0 1 0
0 82 0 1 0 0 0 0 1 0 0 0 0 1 0
0 83 0 1 0 0 0 0 1 0 0 0 0 1 0
0 84 0 1 0 0 0 0 1 0 0 0 0 1 0
0 85 19 0.869855 0.45704 -0.185654 0.0579422 0.492937 -0.819894 0.291182 -0.251109 -0.0191349 -0.344802 -0.93848 0.966223
0 86 31 0.778737 -0.346311 0.523103 -0.975518 0.28088 0.938055 0.202879 -0.156993 -0.560959 -0.0110608 0.82777 -0.154004
0 87 18 0.950902 -0.307148 0.038009 -0.223869 0.307558 0.951515 -0.00529439 0.186744 -0.03454 0.0167244 0.999263 -0.956561
0 88 56 0.933542 -0.220753 0.28243 -0.816785 0.216993 0.975138 0.0449422 0.0514318 -0.28533 0.0193298 0.958234 -0.574645
0 89 109 0.992238 -0.0561482 0.110957 -0.260746 0.0645234 0.995214 -0.0733891 0.170991 -0.106305 0.0799788 0.991112 -0.950144
0 90 70 0.999597 0.0270508 -0.00858323 0.0165 -0.0283623 0.962845 -0.268561 0.281261 0.000999521 0.268696 0.963224 -0.95949
0 91 30 0.996007 0.0884838 -0.0118705 0.15633 -0.0884872 0.996077 0.000235899 -0.262649 0.0118448 0.00081543 0.99993 -0.952143
0 92 14 0.992263 0.0673979 -0.10427 0.452322 -0.0783478 0.991407 -0.104755 0.0791938 0.0963135 0.112114 0.989017 -0.888332
0 93 14 0.989923 -0.0626949 -0.126971 0.349288 0.0673894 0.99718 0.0330176 -0.0420976 0.124543 -0.0412413 0.991357 -0.936069
0 94 21 0.984169 -0.0834434 0.156361 -0.281971 0.0748156 0.995373 0.0602848 -0.065439 -0.160668 -0.0476321 0.985858 -0.957189
0 95 11 0.967193 -0.096313 0.235079 -0.442733 0.105667 0.994021 -0.0274927 0.0923764 -0.231026 0.0514308 0.971587 -0.891883
0 96 0 1 0 0 0 0 1 0 0 0 0 1 0
0 97 17 0.811233 -0.547873 0.204293 -0.26635 -0.514993 -0.504001 0.693372 -0.325651 -0.276916 -0.667696 -0.691014 0.907198
0 98 0 1 0 0 0 0 1 0 0 0 0 1 0
0 99 14 -0.997755 -0.0536173 0.0401367 0.0923324 -0.0526202 0.998289 0.0255003 -0.210204 -0.0414353 0.023331 -0.998869 0.973288
0 100 14 0.618954 -0.784956 0.027192 -0.197369 -0.710248 -0.544593 0.446056 -0.335341 -0.335325 -0.295401 -0.894592 0.921191
0 101 0 1 0 0 0 0 1 0 0 0 0 1 0
0 102 0 1 0 0 0 0 1 0 0 0 0 1 0
0 103 0 1 0 0 0 0 1 0 0 0 0 1 0
0 104 0 1 0 0 0 0 1 0 0 0 0 1 0
0 105 13 0.992703 0.00105513 -0.120581 0.18542 0.0369185 -0.954602 0.295586 -0.0678058 -0.114795 -0.297881 -0.947676 0.980317
0 106 12 0.476081 -0.791123 0.384019 -0.451753 -0.873689 -0.475202 0.104172 -0.0785093 0.100074 -0.385107 -0.91743 0.888682
0 107 14 0.990012 -0.122957 0.068975 -0.322241 0.126844 0.990391 -0.055108 0.362781 -0.0615363 0.0633067 0.996095 -0.874386
0 108 17 0.132034 -0.933116 0.334456 0.0340404 -0.947294 -0.0194234 0.319776 -0.306047 -0.291892 -0.359049 -0.8865 0.951407
0 109 0 1 0 0 0 0 1 0 0 0 0 1 0
0 110 0 1 0 0 0 0 1 0 0 0 0 1 0
0 111 0 1 0 0 0 0 1 0 0 0 0 1 0
0 112 0 1 0 0 0 0 1 0 0 0 0 1 0
0 113 0 1 0 0 0 0 1 0 0 0 0 1 0
0 114 0 1 0 0 0 0 1 0 0 0 0 1 0
0 115 0 1 0 0 0 0 1 0 0 0 0 1 0
0 116 12 -0.74219 -0.545623 -0.389166 0.45457 -0.58413 0.81132 -0.0234836 -0.0388068 0.328552 0.209894 -0.920868 0.889865
0 117 0 1 0 0 0 0 1 0 0 0 0 1 0
0 118 0 1 0 0 0 0 1 0 0 0 0 1 0
0 119 0 1 0 0 0 0 1 0 0 0 0 1 0
0 120 0 1 0 0 0 0 1 0 0 0 0 1 0
0 121 0 1 0 0 0 0 1 0 0 0 0 1 0
0 122 15 -0.937362 -0.290285 0.192578 -0.207309 0.252393 -0.946961 -0.198906 -0.0594069 0.240104 -0.137841 0.960911 0.97647
0 123 17 0.876383 0.48106 0.0231019 -0.0358258 0.459504 -0.820819 -0.339284 0.0827308 -0.144253 0.307958 -0.9404 0.995928
0 124 20 0.815455 0.334986 0.472036 -0.0505607 0.451413 0.142394 -0.88088 -0.0226688 -0.362297 0.931401 -0.0351007 0.998464
0 125 10 0.889387 -0.456773 0.0186856 0.028427 0.452634 0.874121 -0.176166 0.0971262 0.0641345 0.165138 0.984183 -0.994866
0 126 31 -0.150016 -0.959141 0.239882 -0.132417 -0.756087 0.267629 0.597249 -0.401923 -0.637045 -0.0917747 -0.765343 0.906048
0 127 17 -0.97685 0.0376028 0.210594 -0.0204322 0.130828 0.883887 0.44903 -0.317668 -0.169257 0.466186 -0.868345 0.947982
0 128 22 0.98839 0.147591 -0.0360802 -0.139846 -0.141927 0.98163 0.127514 0.184741 0.0542373 -0.120913 0.99118 -0.972787
0 129 27 0.981787 0.0428069 0.185102 -0.638868 -0.0650344 0.991149 0.11573 0.596879 -0.17851 -0.12566 0.975881 -0.485368
0 130 0 1 0 0 0 0 1 0 0 0 0 1 0
0 131 29 0.827643 -0.5341 0.172464 -0.249671 -0.441622 -0.430084 0.787399 -0.554371 -0.346376 -0.72785 -0.591826 0.793938
0 132 0 1 0 0 0 0 1 0 0 0 0 1 0
0 133 0 1 0 0 0 0 1 0 0 0 0 1 0
0 134 0 1 0 0 0 0 1 0 0 0 0 1 0
0 135 0 1 0 0 0 0 1 0 0 0 0 1 0
0 136 0 1 0 0 0 0 1 0 0 0 0 1 0
0 137 22 0.970724 -0.12632 0.2043 -0.63211 0.0278446 0.903993 0.426639 -0.644411 -0.238579 -0.40846 0.881045 -0.430315
0 138 0 1 0 0 0 0 1 0 0 0 0 1 0
0 139 32 0.992215 0.0136175 0.12379 -0.650747 -0.0699914 0.883143 0.463852 -0.751655 -0.103008 -0.468906 0.877221 0.107433
0 140 65 0.99714 -0.000956314 0.0755657 -0.759157 -0.0169087 0.971747 0.235419 -0.644028 -0.0736559 -0.236024 0.968952 -0.0943887
0 141 113 0.986553 -0.032932 0.160089 -0.975763 0.0121051 0.991523 0.129368 0.218149 -0.162993 -0.125691 0.978588 -0.0172564
0 142 64 0.939641 -0.0581361 0.337186 -0.904294 0.0992837 0.989388 -0.106089 0.372105 -0.327441 0.133163 0.935441 0.20926
0 143 28 0.788041 -0.140635 0.599343 -0.890175 0.236177 0.968127 -0.0833661 0.232573 -0.568517 0.207247 0.796139 0.391789
0 144 0 1 0 0 0 0 1 0 0 0 0 1 0
0 145 0 1 0 0 0 0 1 0 0 0 0 1 0
0 146 0 1 0 0 0 0 1 0 0 0 0 1 0
0 147 0 1 0 0 0 0 1 0 0 0 0 1 0
0 148 0 1 0 0 0 0 1 0 0 0 0 1 0
0 149 16 -0.891258 -0.405404 -0.203241 0.309518 -0.445284 0.867216 0.222841 -0.0639488 0.085913 0.289109 -0.953433 0.948741
0 150 0 1 0 0 0 0 1 0 0 0 0 1 0
0 151 0 1 0 0 0 0 1 0 0 0 0 1 0
0 152 0 1 0 0 0 0 1 0 0 0 0 1 0
0 153 0 1 0 0 0 0 1 0 0 0 0 1 0
0 154 0 1 0 0 0 0 1 0 0 0 0 1 0
0 155 0 1 0 0 0 0 1 0 0 0 0 1 0
0 156 0 1 0 0 0 0 1 0 0 0 0 1 0
0 157 0 1 0 0 0 0 1 0 0 0 0 1 0
0 158 0 1 0 0 0 0 1 0 0 0 0 1 0
0 159 0 1 0 0 0 0 1 0 0 0 0 1 0
0 160 0 1 0 0 0 0 1 0 0 0 0 1 0
1 2 102 0.961177 0.0543516 -0.270526 0.97076 -0.0715206 0.995976 -0.0540101 0.118228 0.266502 0.0712615 0.961196 -0.208919
1 3 12 0.983553 0.0325669 0.177662 -0.00684553 -0.0446492 0.996922 0.0644378 0.0379548 -0.175017 -0.0713105 0.98198 0.999256
1 4 21 -0.927588 -0.232799 -0.292206 0.319232 -0.348635 0.820497 0.453032 -0.12058 0.134289 0.522101 -0.842245 0.939974
1 5 0 1 0 0 0 0 1 0 0 0 0 1 0
1 6 0 1 0 0 0 0 1 0 0 0 0 1 0
1 7 0 1 0 0 0 0 1 0 0 0 0 1 0
1 8 0 1 0 0 0 0 1 0 0 0 0 1 0
1 9 0 1 0 0 0 0 1 0 0 0 0 1 0
1 10 0 1 0 0 0 0 1 0 0 0 0 1 0
1 11 0 1 0 0 0 0 1 0 0 0 0 1 0
1 12 0 1 0 0 0 0 1 0 0 0 0 1 0
1 13 0 1 0 0 0 0 1 0 0 0 0 1 0
1 14 0 1 0 0 0 0 1 0 0 0 0 1 0
1 15 0 1 0 0 0 0 1 0 0 0 0 1 0
1 16 0 1 0 0 0 0 1 0 0 0 0 1 0
1 17 0 1 0 0 0 0 1 0 0 0 0 1 0
1 18 0 1 0 0 0 0 1 0 0 0 0 1 0
1 19 17 0.987695 0.0672949 -0.141172 -0.0745435 0.136596 -0.810779 0.569191 -0.216315 -0.0761559 -0.581471 -0.809995 0.973474
1 20 0 1 0 0 0 0 1 0 0 0 0 1 0
1 21 0 1 0 0 0 0 1 0 0 0 0 1 0
1 22 0 1 0 0 0 0 1 0 0 0 0 1 0
1 23 0 1 0 0 0 0 1 0 0 0 0 1 0
1 24 0 1 0 0 0 0 1 0 0 0 0 1 0
1 25 0 1 0 0 0 0 1 0 0 0 0 1 0
1 26 0 1 0 0 0 0 1 0 0 0 0 1 0
1 27 0 1 0 0 0 0 1 0 0 0 0 1 0
1 28 0 1 0 0 0 0 1 0 0 0 0 1 0
1 29 0 1 0 0 0 0 1 0 0 0 0 1 0
1 30 0 1 0 0 0 0 1 0 0 0 0 1 0
1 31 0 1 0 0 0 0 1 0 0 0 0 1 0
1 32 0 1 0 0 0 0 1 0 0 0 0 1 0
1 33 0 1 0 0 0 0 1 0 0 0 0 1 0
1 34 14 0.899571 0.427488 -0.089583 0.0506741 -0.434886 0.857592 -0.27461 -0.0349625 -0.0405667 0.285989 0.957374 0.998103
1 35 0 1 0 0 0 0 1 0 0 0 0 1 0
1 36 0 1 0 0 0 0 1 0 0 0 0 1 0
1 37 0 1 0 0 0 0 1 0 0 0 0 1 0
1 38 0 1 0 0 0 0 1 0 0 0 0 1 0
1 39 0 1 0 0 0 0 1 0 0 0 0 1 0
1 40 0 1 0 0 0 0 1 0 0 0 0 1 0
1 41 0 1 0 0 0 0 1 0 0 0 0 1 0
1 42 15 0.939117 0.342092 -0.032125 -0.0759903 0.328251 -0.920874 -0.21034 -0.0155874 -0.101539 0.186989 -0.9771 0.996987
1 43 22 -0.532019 0.836232 -0.132934 0.281169 0.724865 0.530944 0.438942 -0.164305 0.437637 0.137167 -0.888628 0.945488
1 44 0 1 0 0 0 0 1 0 0 0 0 1 0
1 45 15 0.873012 -0.447146 0.194704 -0.624283 0.454776 0.890585 0.00614835 -0.339723 -0.17615 0.0831793 0.980843 0.703462
1 46 21 0.549758 -0.270655 0.790261 -0.763901 0.367291 0.928016 0.0623223 -0.130481 -0.750242 0.255994 0.609593 0.632005
1 47 0 1 0 0 0 0 1 0 0 0 0 1 0
1 48 0 1 0 0 0 0 1 0 0 0 0 1 0
1 49 0 1 0 0 0 0 1 0 0 0 0 1 0
1 50 0 1 0 0 0 0 1 0 0 0 0 1 0
1 51 0 1 0 0 0 0 1 0 0 0 0 1 0
1 52 0 1 0 0 0 0 1 0 0 0 0 1 0
1 53 0 1 0 0 0 0 1 0 0 0 0 1 0
1 54 0 1 0 0 0 0 1 0 0 0 0 1 0
1 55 0 1 0 0 0 0 1 0 0 0 0 1 0
1 56 0 1 0 0 0 0 1 0 0 0 0 1 0
1 57 0 1 0 0 0 0 1 0 0 0 0 1 0
1 58 0 1 0 0 0 0 1 0 0 0 0 1 0
1 59 0 1 0 0 0 0 1 0 0 0 0 1 0
1 60 0 1 0 0 0 0 1 0 0 0 0 1 0
1 61 0 1 0 0 0 0 1 0 0 0 0 1 0
1 62 0 1 0 0 0 0 1 0 0 0 0 1 0
1 63 0 1 0 0 0 0 1 0 0 0 0 1 0
1 64 0 1 0 0 0 0 1 0 0 0 0 1 0
1 65 0 1 0 0 0 0 1 0 0 0 0 1 0
1 66 0 1 0 0 0 0 1 0 0 0 0 1 0
1 67 22 -0.00556652 -0.444464 0.895779 0.0702095 -0.167395 -0.882739 -0.439034 0.260416 0.985874 -0.152393 -0.0694872 0.96294
1 68 19 -0.358956 -0.916314 -0.177538 -0.0691171 -0.931748 0.362952 0.0105809 0.0552184 0.0547424 0.169219 -0.984057 0.996079
1 69 0 1 0 0 0 0 1 0 0 0 0 1 0
1 70 15 -0.882985 -0.468159 0.0341418 -0.0866188 0.444699 -0.811016 0.380125 0.078212 -0.150269 0.350827 0.924305 0.993167
1 71 16 0.979189 -0.202911 0.00396869 0.157599 0.202146 0.976864 0.0698059 0.372672 -0.0180412 -0.067551 0.997553 -0.914483
1 72 0 1 0 0 0 0 1 0 0 0 0 1 0
1 73 19 0.859596 0.46908 0.202629 -0.121148 0.509828 -0.760799 -0.401572 0.269341 -0.0342092 0.448496 -0.89313 0.955394
1 74 0 1 0 0 0 0 1 0 0 0 0 1 0
1 75 16 0.902788 -0.376789 0.207374 -0.229626 0.404926 0.907141 -0.114585 -0.351828 -0.144943 0.187417 0.971528 0.907463
1 76 15 0.978934 -0.0993563 -0.17837 0.0647553 -0.158834 -0.919518 -0.359525 0.199952 -0.128294 0.380282 -0.915929 0.977663
1 77 0 1 0 0 0 0 1 0 0 0 0 1 0
1 78 0 1 0 0 0 0 1 0 0 0 0 1 0
1 79 0 1 0 0 0 0 1 0 0 0 0 1 0
1 80 0 1 0 0 0 0 1 0 0 0 0 1 0
1 81 0 1 0 0 0 0 1 0 0 0 0 1 0
1 82 0 1 0 0 0 0 1 0 0 0 0 1 0
1 83 0 1 0 0 0 0 1 0 0 0 0 1 0
1 84 0 1 0 0 0 0 1 0 0 0 0 1 0
1 85 19 -0.31161 0.903021 -0.295724 0.218395 0.802096 0.416834 0.427658 -0.317676 0.509452 -0.103936 -0.854199 0.922705
1 86 23 0.549184 -0.440911 0.709926 -0.89636 0.334624 0.894442 0.29665 -0.279246 -0.765783 0.0746427 0.638752 0.344326
1 87 0 1 0 0 0 0 1 0 0 0 0 1 0
1 88 34 0.853434 -0.302011 0.424781 -0.953521 0.277132 0.953194 0.120913 -0.2808 -0.441416 0.0145286 0.897185 -0.109314
1 89 56 0.919785 -0.120915 0.373329 -0.935267 0.149487 0.987576 -0.0484384 -0.135356 -0.362834 0.100361 0.926433 -0.327037
1 90 64 0.972258 -0.052799 0.227873 -0.606048 0.116499 0.954071 -0.276002 0.0942003 -0.202835 0.294892 0.933754 -0.78983
1 91 33 0.974645 -0.028844 0.221891 -0.323177 0.162412 0.77332 -0.612861 0.861445 -0.153915 0.63336 0.758397 -0.391751
1 92 35 0.964883 -0.0238975 0.26159 -0.335976 0.172965 0.80729 -0.564239 0.898608 -0.197695 0.58967 0.783074 -0.282178
1 93 24 0.962501 0.0153808 0.270842 -0.427914 0.128066 0.854374 -0.503632 0.814109 -0.239147 0.519432 0.820366 -0.392577
1 94 38 0.988639 -0.149572 -0.014893 0.134701 0.142707 0.96512 -0.219496 0.508829 0.0472038 0.214876 0.9755 -0.850264
1 95 47 0.962842 -0.207381 -0.173 0.540237 0.157505 0.951557 -0.264066 0.520788 0.219382 0.227005 0.948863 -0.661003
1 96 18 0.982182 -0.108169 -0.153683 0.365051 0.111838 0.993607 0.0154082 -0.0725244 0.151034 -0.0323213 0.988 -0.928159
1 97 0 1 0 0 0 0 1 0 0 0 0 1 0
1 98 0 1 0 0 0 0 1 0 0 0 0 1 0
1 99 0 1 0 0 0 0 1 0 0 0 0 1 0
1 100 11 0.420197 -0.850147 -0.317309 -0.197369 0.786547 0.515606 -0.339846 -0.335341 0.452525 -0.106776 0.885336 0.921191
1 101 0 1 0 0 0 0 1 0 0 0 0 1 0
1 102 0 1 0 0 0 0 1 0 0 0 0 1 0
1 103 0 1 0 0 0 0 1 0 0 0 0 1 0
1 104 0 1 0 0 0 0 1 0 0 0 0 1 0
1 105 0 1 0 0 0 0 1 0 0 0 0 1 0
1 106 0 1 0 0 0 0 1 0 0 0 0 1 0
1 107 0 1 0 0 0 0 1 0 0 0 0 1 0
1 108 0 1 0 0 0 0 1 0 0 0 0 1 0
1 109 0 1 0 0 0 0 1 0 0 0 0 1 0
1 110 0 1 0 0 0 0 1 0 0 0 0 1 0
1 111 0 1 0 0 0 0 1 0 0 0 0 1 0
1 112 0 1 0 0 0 0 1 0 0 0 0 1 0
1 113 0 1 0 0 0 0 1 0 0 0 0 1 0
1 114 0 1 0 0 0 0 1 0 0 0 0 1 0
1 115 0 1 0 0 0 0 1 0 0 0 0 1 0
1 116 0 1 0 0 0 0 1 0 0 0 0 1 0
1 117 0 1 0 0 0 0 1 0 0 0 0 1 0
1 118 0 1 0 0 0 0 1 0 0 0 0 1 0
1 119 0 1 0 0 0 0 1 0 0 0 0 1 0
1 120 0 1 0 0 0 0 1 0 0 0 0 1 0
1 121 0 1 0 0 0 0 1 0 0 0 0 1 0
1 122 0 1 0 0 0 0 1 0 0 0 0 1 0
1 123 0 1 0 0 0 0 1 0 0 0 0 1 0
1 124 0 1 0 0 0 0 1 0 0 0 0 1 0
1 125 0 1 0 0 0 0 1 0 0 0 0 1 0
1 126 26 0.697065 -0.246051 0.673468 -0.969888 0.523254 0.816739 -0.243192 0.0302503 -0.49021 0.521916 0.698067 0.241666
1 127 0 1 0 0 0 0 1 0 0 0 0 1 0
1 128 11 0.997787 0.0150628 -0.0647682 0.0674321 -0.00754593 0.993363 0.114773 0.100625 0.0660671 -0.11403 0.991278 -0.992637
1 129 0 1 0 0 0 0 1 0 0 0 0 1 0
1 130 0 1 0 0 0 0 1 0 0 0 0 1 0
1 131 0 1 0 0 0 0 1 0 0 0 0 1 0
1 132 0 1 0 0 0 0 1 0 0 0 0 1 0
1 133 0 1 0 0 0 0 1 0 0 0 0 1 0
1 134 0 1 0 0 0 0 1 0 0 0 0 1 0
1 135 0 1 0 0 0 0 1 0 0 0 0 1 0
1 136 0 1 0 0 0 0 1 0 0 0 0 1 0
1 137 0 1 0 0 0 0 1 0 0 0 0 1 0
1 138 0 1 0 0 0 0 1 0 0 0 0 1 0
1 139 0 1 0 0 0 0 1 0 0 0 0 1 0
1 140 28 0.959127 -0.0782664 0.271938 -0.917224 0.0432626 0.99025 0.132416 -0.278035 -0.27965 -0.115239 0.953161 0.285302
1 141 41 0.925135 -0.116701 0.361257 -0.933556 0.0629846 0.985575 0.157085 -0.0350832 -0.374378 -0.122571 0.91914 0.35671
1 142 34 0.828479 -0.115599 0.54796 -0.874344 0.196525 0.97625 -0.0911808 0.0865536 -0.524405 0.183229 0.83152 0.477525
1 143 19 0.915674 -0.320705 0.24226 -0.68742 0.321971 0.946085 0.0354761 -0.121382 -0.240576 0.0455161 0.969563 0.716045
1 144 16 0.177885 0.983858 0.0195053 0.0193629 0.907711 -0.156398 -0.389359 0.245709 -0.380024 0.0869664 -0.920879 0.96915
1 145 0 1 0 0 0 0 1 0 0 0 0 1 0
1 146 0 1 0 0 0 0 1 0 0 0 0 1 0
1 147 0 1 0 0 0 0 1 0 0 0 0 1 0
1 148 0 1 0 0 0 0 1 0 0 0 0 1 0
1 149 0 1 0 0 0 0 1 0 0 0 0 1 0
1 150 0 1 0 0 0 0 1 0 0 0 0 1 0
1 151 0 1 0 0 0 0 1 0 0 0 0 1 0
1 152 0 1 0 0 0 0 1 0 0 0 0 1 0
1 153 0 1 0 0 0 0 1 0 0 0 0 1 0
1 154 0 1 0 0 0 0 1 0 0 0 0 1 0
1 155 0 1 0 0 0 0 1 0 0 0 0 1 0
1 156 0 1 0 0 0 0 1 0 0 0 0 1 0
1 157 0 1 0 0 0 0 1 0 0 0 0 1 0
1 158 0 1 0 0 0 0 1 0 0 0 0 1 0
1 159 0 1 0 0 0 0 1 0 0 0 0 1 0
1 160 0 1 0 0 0 0 1 0 0 0 0 1 0
2 3 91 0.977896 0.0698688 -0.197072 0.98519 -0.0683531 0.997556 0.014491 0.0587984 0.197603 -0.000700194 0.980282 0.161068
2 4 0 1 0 0 0 0 1 0 0 0 0 1 0
2 5 0 1 0 0 0 0 1 0 0 0 0 1 0
2 6 18 -0.982777 -0.181494 -0.0347711 0.194269 -0.179036 0.981751 -0.0641163 0.179864 0.0457733 -0.0567868 -0.997336 0.964318
2 7 0 1 0 0 0 0 1 0 0 0 0 1 0
2 8 0 1 0 0 0 0 1 0 0 0 0 1 0
2 9 10 -0.966822 -0.253378 -0.0324721 0.204505 0.234371 -0.829281 -0.50731 -0.00442213 0.101613 -0.498089 0.861152 0.978856
2 10 0 1 0 0 0 0 1 0 0 0 0 1 0
2 11 0 1 0 0 0 0 1 0 0 0 0 1 0
2 12 15 -0.249818 0.964601 0.0844783 0.194543 0.961231 0.257568 -0.0984525 0.132777 -0.116726 0.056608 -0.99155 0.971866
2 13 0 1 0 0 0 0 1 0 0 0 0 1 0
2 14 17 -0.590956 -0.750759 -0.295182 0.127559 -0.804054 0.518532 0.290898 -0.250916 -0.0653333 0.40925 -0.91008 0.959568
2 15 0 1 0 0 0 0 1 0 0 0 0 1 0
2 16 0 1 0 0 0 0 1 0 0 0 0 1 0
2 17 10 0.987686 -0.0500914 0.148213 -0.0770385 0.0499101 0.998741 0.00494499 0.324407 -0.148274 0.00251324 0.988943 0.942775
2 18 0 1 0 0 0 0 1 0 0 0 0 1 0
2 19 11 0.624228 0.765294 0.157051 0.442257 -0.767438 0.638303 -0.0600647 -0.0508109 -0.146213 -0.0830327 0.985762 0.895448
2 20 0 1 0 0 0 0 1 0 0 0 0 1 0
2 21 0 1 0 0 0 0 1 0 0 0 0 1 0
2 22 20 -0.311229 -0.617157 0.722672 -0.326795 -0.607881 0.713807 0.347794 -0.139364 -0.730491 -0.331055 -0.597315 0.934763
2 23 0 1 0 0 0 0 1 0 0 0 0 1 0
2 24 0 1 0 0 0 0 1 0 0 0 0 1 0
2 25 0 1 0 0 0 0 1 0 0 0 0 1 0
2 26 0 1 0 0 0 0 1 0 0 0 0 1 0
2 27 0 1 0 0 0 0 1 0 0 0 0 1 0
2 28 0 1 0 0 0 0 1 0 0 0 0 1 0
2 29 0 1 0 0 0 0 1 0 0 0 0 1 0
2 30 0 1 0 0 0 0 1 0 0 0 0 1 0
2 31 0 1 0 0 0 0 1 0 0 0 0 1 0
2 32 0 1 0 0 0 0 1 0 0 0 0 1 0
2 33 0 1 0 0 0 0 1 0 0 0 0 1 0
2 34 0 1 0 0 0 0 1 0 0 0 0 1 0
2 35 0 1 0 0 0 0 1 0 0 0 0 1 0
2 36 12 0.993854 -0.0543427 0.0964463 0.0544338 -0.0693455 -0.984719 0.159747 0.230698 0.0862914 -0.165453 -0.982435 0.971502
2 37 0 1 0 0 0 0 1 0 0 0 0 1 0
2 38 0 1 0 0 0 0 1 0 0 0 0 1 0
2 39 0 1 0 0 0 0 1 0 0 0 0 1 0
2 40 0 1 0 0 0 0 1 0 0 0 0 1 0
2 41 0 1 0 0 0 0 1 0 0 0 0 1 0
2 42 0 1 0 0 0 0 1 0 0 0 0 1 0
2 43 0 1 0 0 0 0 1 0 0 0 0 1 0
2 44 0 1 0 0 0 0 1 0 0 0 0 1 0
2 45 0 1 0 0 0 0 1 0 0 0 0 1 0
2 46 0 1 0 0 0 0 1 0 0 0 0 1 0
2 47 0 1 0 0 0 0 1 0 0 0 0 1 0
2 48 0 1 0 0 0 0 1 0 0 0 0 1 0
2 49 17 -0.746642 -0.65176 0.133167 0.116154 -0.659424 0.75153 -0.0190471 0.0953059 -0.0876651 -0.102035 -0.990911 0.988648
2 50 19 0.490553 -0.861314 0.132269 0.118807 -0.627855 -0.454607 -0.631768 0.330141 0.604281 0.226871 -0.763789 0.936425
2 51 0 1 0 0 0 0 1 0 0 0 0 1 0
2 52 19 -0.422567 -0.807002 -0.412535 0.019011 -0.906063 0.365066 0.213953 -0.185898 -0.022058 0.464192 -0.88546 0.982385
2 53 0 1 0 0 0 0 1 0 0 0 0 1 0
2 54 0 1 0 0 0 0 1 0 0 0 0 1 0
2 55 0 1 0 0 0 0 1 0 0 0 0 1 0
2 56 0 1 0 0 0 0 1 0 0 0 0 1 0
2 57 0 1 0 0 0 0 1 0 0 0 0 1 0
2 58 15 -0.952445 0.302565 -0.0360862 -0.309968 -0.260824 -0.870763 -0.416824 -0.306779 -0.157539 -0.38759 0.90827 0.899892
2 59 0 1 0 0 0 0 1 0 0 0 0 1 0
2 60 22 -0.618714 -0.665494 0.417505 -0.33054 0.744611 -0.666205 0.0415478 0.275873 0.250494 0.336585 0.907724 0.902573
2 61 0 1 0 0 0 0 1 0 0 0 0 1 0
2 62 0 1 0 0 0 0 1 0 0 0 0 1 0
2 63 12 0.147673 0.987748 0.0504579 -0.00272128 -0.955772 0.1294 0.264113 0.269657 0.254348 -0.0872286 0.963171 0.962953
2 64 0 1 0 0 0 0 1 0 0 0 0 1 0
2 65 0 1 0 0 0 0 1 0 0 0 0 1 0
2 66 0 1 0 0 0 0 1 0 0 0 0 1 0
2 67 0 1 0 0 0 0 1 0 0 0 0 1 0
2 68 26 0.740038 0.599289 0.305281 -0.0728094 0.651267 -0.525207 -0.547731 0.258039 -0.167914 0.604161 -0.77897 0.963387
2 69 13 0.914192 0.0511803 0.402036 -0.215492 0.223003 -0.891844 -0.393553 0.250175 0.338411 0.449439 -0.82673 0.943915
2 70 0 1 0 0 0 0 1 0 0 0 0 1 0
2 71 0 1 0 0 0 0 1 0 0 0 0 1 0
2 72 0 1 0 0 0 0 1 0 0 0 0 1 0
2 73 0 1 0 0 0 0 1 0 0 0 0 1 0
2 74 12 -0.814283 -0.580467 -0.00120901 -0.129023 -0.574775 0.806004 0.141392 -0.148377 -0.0810991 0.115828 -0.989953 0.980478
2 75 0 1 0 0 0 0 1 0 0 0 0 1 0
2 76 0 1 0 0 0 0 1 0 0 0 0 1 0
2 77 0 1 0 0 0 0 1 0 0 0 0 1 0
2 78 0 1 0 0 0 0 1 0 0 0 0 1 0
2 79 0 1 0 0 0 0 1 0 0 0 0 1 0
2 80 0 1 0 0 0 0 1 0 0 0 0 1 0
2 81 0 1 0 0 0 0 1 0 0 0 0 1 0
2 82 0 1 0 0 0 0 1 0 0 0 0 1 0
2 83 0 1 0 0 0 0 1 0 0 0 0 1 0
2 84 0 1 0 0 0 0 1 0 0 0 0 1 0
2 85 0 1 0 0 0 0 1 0 0 0 0 1 0
2 86 0 1 0 0 0 0 1 0 0 0 0 1 0
2 87 0 1 0 0 0 0 1 0 0 0 0 1 0
2 88 26 0.318968 -0.162488 0.933733 -0.901895 0.392891 0.919224 0.02575 0.000802229 -0.862494 0.358642 0.357043 0.431954
2 89 0 1 0 0 0 0 1 0 0 0 0 1 0
2 90 25 0.890326 -0.142953 0.4323 -0.926588 0.249032 0.947727 -0.199489 -0.0918167 -0.381185 0.285267 0.879387 -0.364699
2 91 25 0.88511 -0.129089 0.44712 -0.876814 0.301347 0.891117 -0.339264 0.283699 -0.354642 0.435024 0.827637 -0.388217
2 92 16 0.992613 -0.0881616 0.0833466 -0.00534031 0.104575 0.970019 -0.21938 0.499315 -0.0615068 0.226476 0.972073 -0.866404
2 93 22 0.600192 0.774789 0.198675 -0.131583 0.50185 -0.558188 0.660736 -0.385795 0.622829 -0.296863 -0.723848 0.913153
2 94 56 0.925587 -0.257413 0.277537 -0.658673 0.330713 0.90662 -0.262049 0.62544 -0.184166 0.334334 0.924285 -0.418301
2 95 137 0.960023 -0.26447 0.0917163 -0.232229 0.275824 0.949611 -0.148866 0.4472 -0.0477242 0.168212 0.984595 -0.86376
2 96 97 0.956947 -0.189479 -0.219887 0.641418 0.199978 0.979447 0.0262997 -0.0452608 0.210384 -0.0691398 0.975171 -0.765855
2 97 38 0.893031 0.0328373 -0.448795 0.927162 0.0207347 0.993272 0.113934 -0.345011 0.449517 -0.111052 0.886342 -0.146073
2 98 22 0.235204 0.891957 0.386123 -0.299003 0.721661 -0.426377 0.545351 -0.265629 0.651064 0.150382 -0.743977 0.916536
2 99 0 1 0 0 0 0 1 0 0 0 0 1 0
2 100 13 -0.629005 0.695227 0.347868 -0.19755 0.720661 0.353644 0.596309 -0.334748 0.291548 0.625776 -0.723466 0.921367
2 101 0 1 0 0 0 0 1 0 0 0 0 1 0
2 102 0 1 0 0 0 0 1 0 0 0 0 1 0
2 103 13 -0.38557 0.922673 0.00327873 0.0974679 -0.884198 -0.370503 0.284468 0.277332 0.263686 0.106783 0.95868 -0.955817
2 104 0 1 0 0 0 0 1 0 0 0 0 1 0
2 105 17 -0.52733 0.485711 -0.697143 0.304503 0.837161 0.437237 -0.328612 -0.0171113 0.145207 -0.756907 -0.637186 0.952358
2 106 18 -0.656192 0.729674 0.192322 -0.248175 0.754446 0.629351 0.186354 -0.389973 0.0149392 0.267381 -0.963475 0.886753
2 107 0 1 0 0 0 0 1 0 0 0 0 1 0
2 108 20 0.396985 0.740057 0.54288 -0.20478 0.897725 -0.189978 -0.397489 -0.0768248 -0.191029 0.645155 -0.739786 0.975788
2 109 0 1 0 0 0 0 1 0 0 0 0 1 0
2 110 0 1 0 0 0 0 1 0 0 0 0 1 0
2 111 0 1 0 0 0 0 1 0 0 0 0 1 0
2 112 0 1 0 0 0 0 1 0 0 0 0 1 0
2 113 0 1 0 0 0 0 1 0 0 0 0 1 0
2 114 0 1 0 0 0 0 1 0 0 0 0 1 0
2 115 14 -0.687648 -0.69104 0.22272 -0.474711 0.709667 -0.704518 0.00516563 -0.070158 0.153341 0.161609 0.974869 -0.877341
2 116 0 1 0 0 0 0 1 0 0 0 0 1 0
2 117 0 1 0 0 0 0 1 0 0 0 0 1 0
2 118 0 1 0 0 0 0 1 0 0 0 0 1 0
2 119 0 1 0 0 0 0 1 0 0 0 0 1 0
2 120 0 1 0 0 0 0 1 0 0 0 0 1 0
2 121 0 1 0 0 0 0 1 0 0 0 0 1 0
2 122 0 1 0 0 0 0 1 0 0 0 0 1 0
2 123 0 1 0 0 0 0 1 0 0 0 0 1 0
2 124 0 1 0 0 0 0 1 0 0 0 0 1 0
2 125 0 1 0 0 0 0 1 0 0 0 0 1 0
2 126 14 0.00266419 -0.986978 0.160832 0.128151 0.964793 -0.0397613 -0.259986 0.184205 0.262995 0.155862 0.952124 0.974498
2 127 0 1 0 0 0 0 1 0 0 0 0 1 0
2 128 0 1 0 0 0 0 1 0 0 0 0 1 0
2 129 16 0.693594 0.218166 -0.686535 0.502469 0.632019 -0.641597 0.434632 -0.30393 -0.345657 -0.735362 -0.582893 0.809414
2 130 0 1 0 0 0 0 1 0 0 0 0 1 0
2 131 0 1 0 0 0 0 1 0 0 0 0 1 0
2 132 0 1 0 0 0 0 1 0 0 0 0 1 0
2 133 0 1 0 0 0 0 1 0 0 0 0 1 0
2 134 0 1 0 0 0 0 1 0 0 0 0 1 0
2 135 0 1 0 0 0 0 1 0 0 0 0 1 0
2 136 0 1 0 0 0 0 1 0 0 0 0 1 0
2 137 0 1 0 0 0 0 1 0 0 0 0 1 0
2 138 0 1 0 0 0 0 1 0 0 0 0 1 0
2 139 0 1 0 0 0 0 1 0 0 0 0 1 0
2 140 0 1 0 0 0 0 1 0 0 0 0 1 0
2 141 12 -0.673333 0.716993 -0.180401 0.470327 -0.737661 -0.66793 0.098618 -0.0464762 -0.0497866 0.199477 0.978637 -0.881267
2 142 0 1 0 0 0 0 1 0 0 0 0 1 0
2 143 13 -0.0872719 -0.99363 -0.0712913 0.0549092 -0.638323 0.11072 -0.761764 -0.00214591 0.764805 -0.0209737 -0.64392 0.998489
2 144 0 1 0 0 0 0 1 0 0 0 0 1 0
2 145 0 1 0 0 0 0 1 0 0 0 0 1 0
2 146 0 1 0 0 0 0 1 0 0 0 0 1 0
2 147 0 1 0 0 0 0 1 0 0 0 0 1 0
2 148 0 1 0 0 0 0 1 0 0 0 0 1 0
2 149 13 0.645727 -0.763269 -0.0213681 0.225092 -0.756877 -0.636122 -0.149954 -0.0334421 0.100862 0.113002 -0.988462 0.973763
2 150 0 1 0 0 0 0 1 0 0 0 0 1 0
2 151 0 1 0 0 0 0 1 0 0 0 0 1 0
2 152 0 1 0 0 0 0 1 0 0 0 0 1 0
2 153 0 1 0 0 0 0 1 0 0 0 0 1 0
2 154 0 1 0 0 0 0 1 0 0 0 0 1 0
2 155 0 1 0 0 0 0 1 0 0 0 0 1 0
2 156 0 1 0 0 0 0 1 0 0 0 0 1 0
2 157 0 1 0 0 0 0 1 0 0 0 0 1 0
2 158 0 1 0 0 0 0 1 0 0 0 0 1 0
2 159 0 1 0 0 0 0 1 0 0 0 0 1 0
2 160 0 1 0 0 0 0 1 0 0 0 0 1 0
3 4 58 0.982426 0.160218 -0.0957569 0.980164 -0.153945 0.985618 0.069697 0.0429468 0.105546 -0.0537308 0.992962 0.193478
3 5 30 0.889781 0.192831 -0.413649 0.914077 -0.19013 0.980578 0.0481365 -0.0266674 0.414897 0.035816 0.909163 0.404663
3 6 0 1 0 0 0 0 1 0 0 0 0 1 0
3 7 0 1 0 0 0 0 1 0 0 0 0 1 0
3 8 18 -0.756572 -0.517628 -0.399575 0.160649 -0.653902 0.601938 0.458347 -0.0728002 0.00326575 0.608055 -0.793888 0.984323
3 9 0 1 0 0 0 0 1 0 0 0 0 1 0
3 10 0 1 0 0 0 0 1 0 0 0 0 1 0
3 11 0 1 0 0 0 0 1 0 0 0 0 1 0
3 12 11 -0.920753 -0.123792 0.369985 0.137726 0.0347214 -0.970564 -0.238329 0.0548832 0.388597 -0.206596 0.897948 0.988949
3 13 0 1 0 0 0 0 1 0 0 0 0 1 0
3 14 0 1 0 0 0 0 1 0 0 0 0 1 0
3 15 0 1 0 0 0 0 1 0 0 0 0 1 0
3 16 0 1 0 0 0 0 1 0 0 0 0 1 0
3 17 0 1 0 0 0 0 1 0 0 0 0 1 0
3 18 0 1 0 0 0 0 1 0 0 0 0 1 0
3 19 0 1 0 0 0 0 1 0 0 0 0 1 0
3 20 0 1 0 0 0 0 1 0 0 0 0 1 0
3 21 0 1 0 0 0 0 1 0 0 0 0 1 0
3 22 0 1 0 0 0 0 1 0 0 0 0 1 0
3 23 19 0.896687 -0.220912 0.383601 0.0237185 0.0598044 0.919084 0.389497 -0.308479 -0.438606 -0.326316 0.837343 0.950935
3 24 0 1 0 0 0 0 1 0 0 0 0 1 0
3 25 0 1 0 0 0 0 1 0 0 0 0 1 0
3 26 0 1 0 0 0 0 1 0 0 0 0 1 0
3 27 10 -0.983613 0.0304896 0.177699 0.242911 -0.063921 -0.980548 -0.185578 -0.0915813 0.168584 -0.193895 0.966428 0.965716
3 28 0 1 0 0 0 0 1 0 0 0 0 1 0
3 29 0 1 0 0 0 0 1 0 0 0 0 1 0
3 30 0 1 0 0 0 0 1 0 0 0 0 1 0
3 31 0 1 0 0 0 0 1 0 0 0 0 1 0
3 32 0 1 0 0 0 0 1 0 0 0 0 1 0
3 33 32 0.447483 0.807308 -0.384725 -0.00273871 -0.859251 0.268882 -0.43519 0.126764 -0.247887 0.525315 0.814 0.991929
3 34 0 1 0 0 0 0 1 0 0 0 0 1 0
3 35 0 1 0 0 0 0 1 0 0 0 0 1 0
3 36 0 1 0 0 0 0 1 0 0 0 0 1 0
3 37 0 1 0 0 0 0 1 0 0 0 0 1 0
3 38 0 1 0 0 0 0 1 0 0 0 0 1 0
3 39 0 1 0 0 0 0 1 0 0 0 0 1 0
3 40 12 -0.0206401 0.984067 -0.176596 -0.0714343 0.999205 0.0263271 0.0299212 -0.153905 0.0340938 -0.175838 -0.983828 0.9855
3 41 0 1 0 0 0 0 1 0 0 0 0 1 0
3 42 0 1 0 0 0 0 1 0 0 0 0 1 0
3 43 0 1 0 0 0 0 1 0 0 0 0 1 0
3 44 0 1 0 0 0 0 1 0 0 0 0 1 0
3 45 0 1 0 0 0 0 1 0 0 0 0 1 0
3 46 0 1 0 0 0 0 1 0 0 0 0 1 0
3 47 0 1 0 0 0 0 1 0 0 0 0 1 0
3 48 13 -0.671817 -0.513082 0.534236 0.115449 0.540412 -0.832769 -0.12021 -0.166625 0.506573 0.207949 0.836745 0.979238
3 49 0 1 0 0 0 0 1 0 0 0 0 1 0
3 50 0 1 0 0 0 0 1 0 0 0 0 1 0
3 51 0 1 0 0 0 0 1 0 0 0 0 1 0
3 52 10 0.415083 0.909048 -0.036569 0.019011 -0.817475 0.355025 -0.453533 -0.185898 -0.399301 0.218148 0.890489 0.982385
3 53 0 1 0 0 0 0 1 0 0 0 0 1 0
3 54 17 0.949424 -0.302251 0.0850848 0.018989 -0.302146 -0.953153 -0.0144193 -0.0153133 0.0854571 -0.012018 -0.996269 0.999702
3 55 0 1 0 0 0 0 1 0 0 0 0 1 0
3 56 0 1 0 0 0 0 1 0 0 0 0 1 0
3 57 0 1 0 0 0 0 1 0 0 0 0 1 0
3 58 0 1 0 0 0 0 1 0 0 0 0 1 0
3 59 0 1 0 0 0 0 1 0 0 0 0 1 0
3 60 0 1 0 0 0 0 1 0 0 0 0 1 0
3 61 0 1 0 0 0 0 1 0 0 0 0 1 0
3 62 0 1 0 0 0 0 1 0 0 0 0 1 0
3 63 17 0.911112 0.186957 0.367317 -0.17529 0.170265 -0.982334 0.0776531 0.122651 0.375346 -0.00820931 -0.926849 0.976847
3 64 0 1 0 0 0 0 1 0 0 0 0 1 0
3 65 0 1 0 0 0 0 1 0 0 0 0 1 0
3 66 0 1 0 0 0 0 1 0 0 0 0 1 0
3 67 11 0.857125 -0.514537 0.0242608 0.0702095 0.507075 0.851106 0.135987 0.260416 -0.0906188 -0.104256 0.990414 0.96294
3 68 13 0.908245 -0.412455 -0.0705094 -0.0719463 0.418417 0.896929 0.142988 0.258222 0.0042659 -0.15937 0.98721 0.963403
3 69 10 0.781392 0.531062 -0.32772 0.0721688 -0.508204 0.846303 0.159688 0.195964 0.362155 0.0417701 0.931182 0.977952
3 70 0 1 0 0 0 0 1 0 0 0 0 1 0
3 71 21 -0.312343 0.880957 -0.355466 0.364302 0.929964 0.35994 0.0748993 0.0211453 0.19393 -0.307177 -0.931683 0.931041
3 72 0 1 0 0 0 0 1 0 0 0 0 1 0
3 73 0 1 0 0 0 0 1 0 0 0 0 1 0
3 74 0 1 0 0 0 0 1 0 0 0 0 1 0
3 75 0 1 0 0 0 0 1 0 0 0 0 1 0
3 76 0 1 0 0 0 0 1 0 0 0 0 1 0
3 77 0 1 0 0 0 0 1 0 0 0 0 1 0
3 78 0 1 0 0 0 0 1 0 0 0 0 1 0
3 79 0 1 0 0 0 0 1 0 0 0 0 1 0
3 80 0 1 0 0 0 0 1 0 0 0 0 1 0
3 81 0 1 0 0 0 0 1 0 0 0 0 1 0
3 82 0 1 0 0 0 0 1 0 0 0 0 1 0
3 83 0 1 0 0 0 0 1 0 0 0 0 1 0
3 84 0 1 0 0 0 0 1 0 0 0 0 1 0
3 85 0 1 0 0 0 0 1 0 0 0 0 1 0
3 86 0 1 0 0 0 0 1 0 0 0 0 1 0
3 87 0 1 0 0 0 0 1 0 0 0 0 1 0
3 88 0 1 0 0 0 0 1 0 0 0 0 1 0
3 89 16 0.189534 0.681583 -0.706768 0.327153 0.806411 0.302598 0.508071 -0.298917 0.56016 -0.666242 -0.492283 0.896449
3 90 0 1 0 0 0 0 1 0 0 0 0 1 0
3 91 0 1 0 0 0 0 1 0 0 0 0 1 0
3 92 0 1 0 0 0 0 1 0 0 0 0 1 0
3 93 13 -0.774314 0.291468 0.56168 -0.260906 -0.506252 -0.817869 -0.273494 0.0026653 0.379666 -0.496121 0.780844 0.96536
3 94 0 1 0 0 0 0 1 0 0 0 0 1 0
3 95 41 0.859793 -0.265698 0.436074 -0.965586 0.3904 0.892488 -0.22595 0.174855 -0.329156 0.364513 0.871083 -0.192534
3 96 97 0.95946 -0.266025 -0.0931019 -0.367751 0.270704 0.961762 0.041637 -0.3533 0.0784653 -0.065152 0.994786 -0.860197
3 97 86 0.959818 -0.0332019 -0.278653 0.306883 0.0670296 0.991359 0.112761 -0.670135 0.272502 -0.126908 0.953749 -0.675827
3 98 23 0.738542 -0.399696 0.542953 -0.345116 -0.622605 -0.0953345 0.776707 -0.406478 -0.258685 -0.911677 -0.319262 0.845973
3 99 0 1 0 0 0 0 1 0 0 0 0 1 0
3 100 15 0.934396 -0.0411625 0.353849 -0.299083 -0.123683 -0.968998 0.213883 -0.337491 0.334075 -0.243616 -0.910519 0.892552
3 101 0 1 0 0 0 0 1 0 0 0 0 1 0
3 102 0 1 0 0 0 0 1 0 0 0 0 1 0
3 103 0 1 0 0 0 0 1 0 0 0 0 1 0
3 104 0 1 0 0 0 0 1 0 0 0 0 1 0
3 105 0 1 0 0 0 0 1 0 0 0 0 1 0
3 106 18 0.432339 -0.874099 0.221437 -0.451736 -0.8109 -0.484295 -0.32848 -0.07848 0.394364 -0.0375486 -0.918187 0.888693
3 107 12 0.367629 0.906092 -0.209394 0.427121 -0.925373 0.334051 -0.17915 0.252979 -0.0923779 0.259629 0.96128 -0.868084
3 108 0 1 0 0 0 0 1 0 0 0 0 1 0
3 109 0 1 0 0 0 0 1 0 0 0 0 1 0
3 110 0 1 0 0 0 0 1 0 0 0 0 1 0
3 111 18 -0.446307 0.239422 0.862257 0.0257076 -0.753305 -0.620637 -0.217581 -0.00840096 0.483055 -0.74665 0.457353 0.999634
3 112 0 1 0 0 0 0 1 0 0 0 0 1 0
3 113 0 1 0 0 0 0 1 0 0 0 0 1 0
3 114 0 1 0 0 0 0 1 0 0 0 0 1 0
3 115 0 1 0 0 0 0 1 0 0 0 0 1 0
3 116 0 1 0 0 0 0 1 0 0 0 0 1 0
3 117 0 1 0 0 0 0 1 0 0 0 0 1 0
3 118 0 1 0 0 0 0 1 0 0 0 0 1 0
3 119 0 1 0 0 0 0 1 0 0 0 0 1 0
3 120 0 1 0 0 0 0 1 0 0 0 0 1 0
3 121 0 1 0 0 0 0 1 0 0 0 0 1 0
3 122 0 1 0 0 0 0 1 0 0 0 0 1 0
3 123 0 1 0 0 0 0 1 0 0 0 0 1 0
3 124 12 0.0251393 -0.921685 0.387123 0.00595645 0.999012 0.00896396 -0.0435327 -0.264393 0.0366533 0.387835 0.921 0.964397
3 125 0 1 0 0 0 0 1 0 0 0 0 1 0
3 126 25 0.228626 0.932891 0.27829 0.120161 0.503823 0.131218 -0.853782 0.178225 -0.833002 0.335405 -0.440012 0.976625
3 127 0 1 0 0 0 0 1 0 0 0 0 1 0
3 128 0 1 0 0 0 0 1 0 0 0 0 1 0
3 129 0 1 0 0 0 0 1 0 0 0 0 1 0
3 130 0 1 0 0 0 0 1 0 0 0 0 1 0
3 131 0 1 0 0 0 0 1 0 0 0 0 1 0
3 132 0 1 0 0 0 0 1 0 0 0 0 1 0
3 133 0 1 0 0 0 0 1 0 0 0 0 1 0
3 134 0 1 0 0 0 0 1 0 0 0 0 1 0
3 135 0 1 0 0 0 0 1 0 0 0 0 1 0
3 136 0 1 0 0 0 0 1 0 0 0 0 1 0
3 137 0 1 0 0 0 0 1 0 0 0 0 1 0
3 138 0 1 0 0 0 0 1 0 0 0 0 1 0
3 139 0 1 0 0 0 0 1 0 0 0 0 1 0
3 140 0 1 0 0 0 0 1 0 0 0 0 1 0
3 141 0 1 0 0 0 0 1 0 0 0 0 1 0
3 142 0 1 0 0 0 0 1 0 0 0 0 1 0
3 143 0 1 0 0 0 0 1 0 0 0 0 1 0
3 144 0 1 0 0 0 0 1 0 0 0 0 1 0
3 145 0 1 0 0 0 0 1 0 0 0 0 1 0
3 146 0 1 0 0 0 0 1 0 0 0 0 1 0
3 147 13 0.578703 -0.725285 -0.372915 0.0939798 -0.806696 -0.576231 -0.131145 0.134885 -0.119768 0.376723 -0.918551 0.986394
3 148 0 1 0 0 0 0 1 0 0 0 0 1 0
3 149 0 1 0 0 0 0 1 0 0 0 0 1 0
3 150 0 1 0 0 0 0 1 0 0 0 0 1 0
3 151 0 1 0 0 0 0 1 0 0 0 0 1 0
3 152 0 1 0 0 0 0 1 0 0 0 0 1 0
3 153 0 1 0 0 0 0 1 0 0 0 0 1 0
3 154 0 1 0 0 0 0 1 0 0 0 0 1 0
3 155 0 1 0 0 0 0 1 0 0 0 0 1 0
3 156 0 1 0 0 0 0 1 0 0 0 0 1 0
3 157 0 1 0 0 0 0 1 0 0 0 0 1 0
3 158 0 1 0 0 0 0 1 0 0 0 0 1 0
3 159 13 -0.407823 0.907401 0.101508 0.118539 0.741732 0.394077 -0.542713 0.216389 -0.53246 -0.146039 -0.833762 0.969084
3 160 0 1 0 0 0 0 1 0 0 0 0 1 0
4 5 63 0.982699 0.0412982 -0.180545 0.836324 -0.0422928 0.999104 -0.00166109 -0.144123 0.180315 0.00926813 0.983565 0.528952
4 6 40 0.96279 0.0862298 -0.256124 0.808294 -0.100614 0.993971 -0.0435745 -0.254836 0.250822 0.0677228 0.965661 0.530773
4 7 16 -0.119357 -0.989257 -0.0844095 0.0827834 -0.966887 0.0964989 0.236257 0.000743918 -0.225573 0.109813 -0.968017 0.996567
4 8 26 0.835412 0.20188 -0.511205 0.573547 -0.160301 0.979158 0.124716 -0.377456 0.525728 -0.0222429 0.850362 -0.727028
4 9 0 1 0 0 0 0 1 0 0 0 0 1 0
4 10 0 1 0 0 0 0 1 0 0 0 0 1 0
4 11 0 1 0 0 0 0 1 0 0 0 0 1 0
4 12 0 1 0 0 0 0 1 0 0 0 0 1 0
4 13 0 1 0 0 0 0 1 0 0 0 0 1 0
4 14 0 1 0 0 0 0 1 0 0 0 0 1 0
4 15 0 1 0 0 0 0 1 0 0 0 0 1 0
4 16 0 1 0 0 0 0 1 0 0 0 0 1 0
4 17 0 1 0 0 0 0 1 0 0 0 0 1 0
4 18 0 1 0 0 0 0 1 0 0 0 0 1 0
4 19 0 1 0 0 0 0 1 0 0 0 0 1 0
4 20 0 1 0 0 0 0 1 0 0 0 0 1 0
4 21 0 1 0 0 0 0 1 0 0 0 0 1 0
4 22 0 1 0 0 0 0 1 0 0 0 0 1 0
4 23 0 1 0 0 0 0 1 0 0 0 0 1 0
4 24 0 1 0 0 0 0 1 0 0 0 0 1 0
4 25 0 1 0 0 0 0 1 0 0 0 0 1 0
4 26 0 1 0 0 0 0 1 0 0 0 0 1 0
4 27 0 1 0 0 0 0 1 0 0 0 0 1 0
4 28 0 1 0 0 0 0 1 0 0 0 0 1 0
4 29 0 1 0 0 0 0 1 0 0 0 0 1 0
4 30 0 1 0 0 0 0 1 0 0 0 0 1 0
4 31 0 1 0 0 0 0 1 0 0 0 0 1 0
4 32 0 1 0 0 0 0 1 0 0 0 0 1 0
4 33 0 1 0 0 0 0 1 0 0 0 0 1 0
4 34 0 1 0 0 0 0 1 0 0 0 0 1 0
4 35 0 1 0 0 0 0 1 0 0 0 0 1 0
4 36 0 1 0 0 0 0 1 0 0 0 0 1 0
4 37 0 1 0 0 0 0 1 0 0 0 0 1 0
4 38 0 1 0 0 0 0 1 0 0 0 0 1 0
4 39 0 1 0 0 0 0 1 0 0 0 0 1 0
4 40 0 1 0 0 0 0 1 0 0 0 0 1 0
4 41 0 1 0 0 0 0 1 0 0 0 0 1 0
4 42 0 1 0 0 0 0 1 0 0 0 0 1 0
4 43 0 1 0 0 0 0 1 0 0 0 0 1 0
4 44 0 1 0 0 0 0 1 0 0 0 0 1 0
4 45 0 1 0 0 0 0 1 0 0 0 0 1 0
4 46 0 1 0 0 0 0 1 0 0 0 0 1 0
4 47 0 1 0 0 0 0 1 0 0 0 0 1 0
4 48 0 1 0 0 0 0 1 0 0 0 0 1 0
4 49 0 1 0 0 0 0 1 0 0 0 0 1 0
4 50 0 1 0 0 0 0 1 0 0 0 0 1 0
4 51 0 1 0 0 0 0 1 0 0 0 0 1 0
4 52 0 1 0 0 0 0 1 0 0 0 0 1 0
4 53 0 1 0 0 0 0 1 0 0 0 0 1 0
4 54 0 1 0 0 0 0 1 0 0 0 0 1 0
4 55 0 1 0 0 0 0 1 0 0 0 0 1 0
4 56 0 1 0 0 0 0 1 0 0 0 0 1 0
4 57 0 1 0 0 0 0 1 0 0 0 0 1 0
4 58 0 1 0 0 0 0 1 0 0 0 0 1 0
4 59 0 1 0 0 0 0 1 0 0 0 0 1 0
4 60 0 1 0 0 0 0 1 0 0 0 0 1 0
4 61 0 1 0 0 0 0 1 0 0 0 0 1 0
4 62 0 1 0 0 0 0 1 0 0 0 0 1 0
4 63 0 1 0 0 0 0 1 0 0 0 0 1 0
4 64 0 1 0 0 0 0 1 0 0 0 0 1 0
4 65 0 1 0 0 0 0 1 0 0 0 0 1 0
4 66 0 1 0 0 0 0 1 0 0 0 0 1 0
4 67 23 0.964548 -0.24536 -0.0971846 0.374705 0.256763 0.95759 0.130746 0.142054 0.0609831 -0.151065 0.986641 0.916197
4 68 10 0.948745 -0.308112 -0.0703583 -0.0728094 0.313344 0.946068 0.082285 0.258039 0.0412107 -0.100114 0.994122 0.963387
4 69 0 1 0 0 0 0 1 0 0 0 0 1 0
4 70 0 1 0 0 0 0 1 0 0 0 0 1 0
4 71 0 1 0 0 0 0 1 0 0 0 0 1 0
4 72 0 1 0 0 0 0 1 0 0 0 0 1 0
4 73 0 1 0 0 0 0 1 0 0 0 0 1 0
4 74 0 1 0 0 0 0 1 0 0 0 0 1 0
4 75 0 1 0 0 0 0 1 0 0 0 0 1 0
4 76 0 1 0 0 0 0 1 0 0 0 0 1 0
4 77 0 1 0 0 0 0 1 0 0 0 0 1 0
4 78 0 1 0 0 0 0 1 0 0 0 0 1 0
4 79 0 1 0 0 0 0 1 0 0 0 0 1 0
4 80 0 1 0 0 0 0 1 0 0 0 0 1 0
4 81 0 1 0 0 0 0 1 0 0 0 0 1 0
4 82 0 1 0 0 0 0 1 0 0 0 0 1 0
4 83 0 1 0 0 0 0 1 0 0 0 0 1 0
4 84 0 1 0 0 0 0 1 0 0 0 0 1 0
4 85 0 1 0 0 0 0 1 0 0 0 0 1 0
4 86 0 1 0 0 0 0 1 0 0 0 0 1 0
4 87 0 1 0 0 0 0 1 0 0 0 0 1 0
4 88 0 1 0 0 0 0 1 0 0 0 0 1 0
4 89 0 1 0 0 0 0 1 0 0 0 0 1 0
4 90 0 1 0 0 0 0 1 0 0 0 0 1 0
4 91 0 1 0 0 0 0 1 0 0 0 0 1 0
4 92 0 1 0 0 0 0 1 0 0 0 0 1 0
4 93 0 1 0 0 0 0 1 0 0 0 0 1 0
4 94 0 1 0 0 0 0 1 0 0 0 0 1 0
4 95 0 1 0 0 0 0 1 0 0 0 0 1 0
4 96 11 0.593309 -0.772108 -0.227669 0.336315 0.742644 0.634144 -0.21527 0.12164 0.310587 -0.0413553 0.949645 -0.933861
4 97 47 0.977205 -0.189805 -0.0950998 -0.378344 0.19766 0.97689 0.0813367 -0.650089 0.077464 -0.0982801 0.992139 -0.658969
4 98 25 0.962218 -0.0297906 -0.270647 0.054755 0.136608 0.912659 0.385216 -0.992955 0.235533 -0.407634 0.882246 -0.105084
4 99 0 1 0 0 0 0 1 0 0 0 0 1 0
4 100 0 1 0 0 0 0 1 0 0 0 0 1 0
4 101 0 1 0 0 0 0 1 0 0 0 0 1 0
4 102 0 1 0 0 0 0 1 0 0 0 0 1 0
4 103 0 1 0 0 0 0 1 0 0 0 0 1 0
4 104 0 1 0 0 0 0 1 0 0 0 0 1 0
4 105 0 1 0 0 0 0 1 0 0 0 0 1 0
4 106 0 1 0 0 0 0 1 0 0 0 0 1 0
4 107 0 1 0 0 0 0 1 0 0 0 0 1 0
4 108 0 1 0 0 0 0 1 0 0 0 0 1 0
4 109 0 1 0 0 0 0 1 0 0 0 0 1 0
4 110 0 1 0 0 0 0 1 0 0 0 0 1 0
4 111 0 1 0 0 0 0 1 0 0 0 0 1 0
4 112 0 1 0 0 0 0 1 0 0 0 0 1 0
4 113 0 1 0 0 0 0 1 0 0 0 0 1 0
4 114 20 -0.920962 -0.293778 0.255975 0.0486712 -0.36489 0.880683 -0.30208 -0.00640782 -0.136688 -0.371607 -0.918273 0.998794
4 115 0 1 0 0 0 0 1 0 0 0 0 1 0
4 116 0 1 0 0 0 0 1 0 0 0 0 1 0
4 117 0 1 0 0 0 0 1 0 0 0 0 1 0
4 118 0 1 0 0 0 0 1 0 0 0 0 1 0
4 119 0 1 0 0 0 0 1 0 0 0 0 1 0
4 120 0 1 0 0 0 0 1 0 0 0 0 1 0
4 121 0 1 0 0 0 0 1 0 0 0 0 1 0
4 122 0 1 0 0 0 0 1 0 0 0 0 1 0
4 123 0 1 0 0 0 0 1 0 0 0 0 1 0
4 124 0 1 0 0 0 0 1 0 0 0 0 1 0
4 125 0 1 0 0 0 0 1 0 0 0 0 1 0
4 126 0 1 0 0 0 0 1 0 0 0 0 1 0
4 127 0 1 0 0 0 0 1 0 0 0 0 1 0
4 128 0 1 0 0 0 0 1 0 0 0 0 1 0
4 129 0 1 0 0 0 0 1 0 0 0 0 1 0
4 130 0 1 0 0 0 0 1 0 0 0 0 1 0
4 131 0 1 0 0 0 0 1 0 0 0 0 1 0
4 132 0 1 0 0 0 0 1 0 0 0 0 1 0
4 133 0 1 0 0 0 0 1 0 0 0 0 1 0
4 134 0 1 0 0 0 0 1 0 0 0 0 1 0
4 135 0 1 0 0 0 0 1 0 0 0 0 1 0
4 136 0 1 0 0 0 0 1 0 0 0 0 1 0
4 137 0 1 0 0 0 0 1 0 0 0 0 1 0
4 138 0 1 0 0 0 0 1 0 0 0 0 1 0
4 139 0 1 0 0 0 0 1 0 0 0 0 1 0
4 140 0 1 0 0 0 0 1 0 0 0 0 1 0
4 141 0 1 0 0 0 0 1 0 0 0 0 1 0
4 142 0 1 0 0 0 0 1 0 0 0 0 1 0
