0 1 108 0.96936 0.0856736 -0.230219 0.927295 -0.0840684 0.996319 0.0167912 0.174852 0.23081 0.00307744 0.972994 -0.330984
0 2 58 0.892957 0.154772 -0.422698 0.958201 -0.156371 0.987208 0.0311327 0.020457 0.42211 0.0382976 0.905736 -0.285365
0 3 28 0.127205 0.984252 -0.122748 0.076417 0.935992 -0.160069 -0.313523 0.0863725 -0.328234 -0.0750096 -0.941613 0.993328
0 4 45 0.0736706 -0.997187 -0.0138288 -0.0169324 -0.86477 -0.0707823 0.497155 -0.221663 -0.496735 -0.024667 -0.867552 0.974976
0 5 41 0.725112 -0.531501 -0.437857 0.264894 -0.408714 -0.843902 0.347537 -0.282827 -0.554225 -0.0730452 -0.829155 0.921868
0 6 34 0.777599 -0.152057 0.610097 -0.468452 -0.127007 -0.988301 -0.0844416 -0.146595 0.615799 -0.0118246 -0.787815 0.871242
0 7 15 -0.0297158 -0.998695 -0.0415375 0.183958 0.994268 -0.0338028 0.10143 -0.059071 -0.102701 -0.0382853 0.993975 0.981158
0 8 23 0.363385 -0.854592 -0.370977 0.0901381 -0.931431 -0.341668 -0.125296 0.0194714 -0.0196738 0.39107 -0.92015 0.995739
0 9 13 -0.542996 0.783183 0.30295 0.208926 -0.839735 -0.506564 -0.195547 0.165195 0.000314526 -0.360579 0.932729 -0.963878
0 10 34 -0.522676 0.835573 -0.169197 0.230395 0.627194 0.5113 0.587537 -0.257601 0.577441 0.200972 -0.79131 0.938381
0 11 24 -0.961411 -0.27207 0.0408297 -0.0693283 -0.25432 0.9355 0.245278 -0.171012 -0.104929 0.22543 -0.968593 0.982827
0 12 47 -0.126301 0.980265 0.152078 0.0728508 0.986705 0.139951 -0.0826319 0.0615792 -0.102285 0.13962 -0.984908 0.99544
0 13 21 0.0497609 -0.992989 -0.107225 -0.046982 -0.993852 -0.0385992 -0.103767 -0.187835 0.098901 0.111729 -0.988805 0.981076
0 14 30 -0.964192 0.249762 -0.0891758 0.145749 0.177152 0.856792 0.484277 -0.249973 0.197359 0.451139 -0.870358 0.95722
0 15 25 0.813423 0.0486451 0.579634 0.0660115 -0.0141548 0.997857 -0.0638799 -0.275524 -0.5815 0.0437567 0.812369 0.959025
0 16 18 0.987258 -0.152306 0.0460978 -0.175305 0.153638 0.987762 -0.0268654 0.207883 -0.0414419 0.0336054 0.998576 -0.962316
0 17 25 -0.288028 -0.125408 -0.949375 0.00582739 0.584516 -0.808309 -0.0705604 -0.0394861 -0.758539 -0.575248 0.306118 0.999203
0 18 15 0.967479 -0.252809 -0.00847423 -0.119127 0.243298 0.939203 -0.242289 0.0509135 0.0692119 0.232348 0.970167 -0.991573
0 19 47 -0.906888 0.40487 -0.116763 0.194323 0.36584 0.894035 0.258577 -0.00675577 0.209081 0.191784 -0.958908 0.980914
0 20 20 -0.0481496 -0.990998 -0.124915 -0.0477024 0.988925 -0.0297199 -0.145411 0.356017 0.140389 -0.130533 0.981454 -0.933261
0 21 39 0.238238 0.939256 -0.247064 0.230977 0.889208 -0.313252 -0.333439 0.121443 -0.390578 -0.140253 -0.909823 0.96535
0 22 48 -0.556524 -0.763585 -0.327444 0.0419913 -0.830232 0.526083 0.184259 -0.286241 0.031565 0.374399 -0.92673 0.957237
0 23 46 -0.984146 0.136538 -0.113203 0.15576 0.154118 0.974207 -0.164825 -0.0603039 0.087778 -0.179659 -0.979805 0.985952
0 24 40 -0.624521 -0.72094 0.300366 -0.0125273 -0.719946 0.680492 0.136409 -0.0597041 -0.30274 -0.131057 -0.94402 0.998138
0 25 12 -0.0942893 0.945538 0.311555 0.170011 -0.937716 0.020756 -0.346783 -0.19121 -0.334363 -0.324848 0.884689 0.966714
0 26 13 -0.24692 0.923531 0.293464 -0.254647 -0.966058 -0.258324 0.000108378 0.0780726 0.075909 -0.283477 0.95597 -0.963877
0 27 48 0.11339 0.957841 -0.263975 0.319643 0.95352 -0.179566 -0.241981 0.0316102 -0.279181 -0.224267 -0.933682 0.947011
0 28 24 0.295795 0.930235 0.217182 -0.00549799 0.929833 -0.332483 0.157688 -0.220227 0.218896 0.155299 -0.96331 0.975433
0 29 22 -0.284615 0.951693 0.115218 0.0127013 -0.908211 -0.229219 -0.350159 0.0967416 -0.306833 -0.204303 0.929577 0.995228
0 30 37 -0.556011 -0.720661 -0.414126 0.122861 -0.801924 0.596134 0.0392832 -0.00514619 0.218564 0.353939 -0.909372 0.992411
0 31 33 0.620816 -0.573387 -0.534616 0.383301 -0.641783 -0.76336 0.0734576 -0.289328 -0.450224 0.297504 -0.841896 0.877137
0 32 12 0.988656 -0.0120702 0.149709 -0.0408343 0.0132498 0.999889 -0.0068847 0.192172 -0.149609 0.00879022 0.988706 -0.980511
0 33 37 0.985639 -0.127279 0.110977 -0.210534 -0.16559 -0.599661 0.782934 -0.29437 -0.0331027 -0.790067 -0.612126 0.932214
0 34 45 0.952106 -0.210999 -0.221298 0.0701021 -0.185797 -0.974038 0.129342 -0.180223 -0.242844 -0.0820307 -0.966591 0.981124
0 35 14 0.836139 0.545347 0.0588949 -0.00622956 -0.547025 0.836958 0.0162469 0.196285 -0.0404324 -0.0458017 0.998132 0.980527
0 36 41 0.871767 -0.442167 0.210974 -0.617312 0.466642 0.880573 -0.0826796 0.333476 -0.14922 0.170527 0.973989 -0.712545
0 37 17 0.422272 -0.904327 -0.0622853 -0.0632736 0.90478 0.416297 0.0898298 -0.206355 -0.0553063 -0.0942871 0.994008 -0.976429
0 38 28 -0.956069 0.0590626 -0.287129 0.252878 0.00188379 0.98071 0.19546 0.013655 0.293135 0.186332 -0.937738 0.967402
0 39 22 -0.534837 0.818044 0.211549 -0.106348 0.763523 0.575138 -0.293683 0.108942 -0.361916 0.00445014 -0.9322 0.988343
0 40 15 0.730765 -0.671134 -0.124747 0.126937 0.666704 0.740941 -0.0806965 -0.00638626 0.146589 -0.0241994 0.988902 -0.99189
0 41 15 -0.404941 0.911359 -0.0738118 -0.135455 -0.859152 -0.406879 -0.310335 0.00676059 -0.312859 -0.0622519 0.947757 0.99076
0 42 32 0.914246 -0.253812 -0.315806 0.0824897 0.224962 0.966273 -0.125334 -0.045878 0.336966 0.0435419 0.940509 0.995535
0 43 26 0.717185 -0.666828 0.202448 -0.259457 0.631203 0.744696 0.21682 -0.115908 -0.295344 -0.0277144 0.954989 -0.958774
0 44 26 0.904243 0.245632 0.349299 -0.199357 -0.268832 0.963005 0.0187345 -0.14669 -0.331775 -0.110843 0.936824 0.968885
0 45 72 0.78552 -0.271118 0.556286 -0.859653 0.324673 0.945823 0.00250299 0.0385971 -0.526827 0.178645 0.830987 0.509418
0 46 20 0.958411 -0.281936 0.0442657 -0.200479 0.281751 0.95943 0.0104948 -0.239488 -0.0454287 0.00241358 0.998965 0.949976
0 47 22 0.99015 0.0536418 0.129326 0.0687011 -0.0333849 0.987507 -0.153995 0.308874 -0.135971 0.148161 0.979571 -0.948619
0 48 37 -0.900402 0.428066 0.0776962 0.115449 0.431457 0.855654 0.285834 -0.166625 0.0558746 0.290888 -0.955124 0.979238
0 49 20 0.950727 0.304851 0.0564238 -0.0580659 -0.308613 0.947955 0.0783587 0.129733 -0.0295995 -0.0919108 0.995327 -0.989847
0 50 11 -0.952042 0.297722 -0.0705496 0.0147006 -0.300507 -0.953222 0.0326005 0.0777305 -0.0575436 0.0522377 0.996975 -0.996866
0 51 11 -0.54072 -0.838704 0.0647869 -0.0634657 0.78647 -0.47671 0.392699 0.256063 -0.298473 0.263293 0.917382 0.964574
0 52 20 0.85808 -0.512626 0.0302261 -0.216521 0.51222 0.858609 0.0205109 -0.0329202 -0.0364668 -0.00211761 0.999333 -0.975723
0 53 40 0.997206 -0.00119378 -0.0746944 0.044045 -0.034232 -0.89602 -0.442693 0.0268688 -0.0663992 0.444013 -0.893557 0.998668
0 54 53 -0.669882 0.521555 0.52843 -0.150258 0.479248 0.847338 -0.22878 0.19864 -0.56708 0.0999932 -0.81757 0.968486
0 55 21 0.405243 0.906681 0.117081 -0.0455284 -0.914105 0.40379 0.0369569 -0.257774 -0.013768 -0.122001 0.992434 -0.965132
0 56 12 -0.520887 0.852222 -0.0489315 0.0357116 -0.846551 -0.523085 -0.0986595 0.0468162 -0.109675 -0.00996739 0.993918 0.998265
0 57 25 0.831553 0.551801 0.0635265 -0.113547 -0.483438 0.775318 -0.40641 0.123464 -0.273511 0.30724 0.91148 0.985831
0 58 54 -0.950785 -0.211681 0.22627 -0.379549 -0.24339 0.962148 -0.122611 0.0801597 -0.191751 -0.171649 -0.966317 0.921693
0 59 25 0.408501 -0.899452 -0.155282 0.112637 0.892489 0.357954 0.274468 -0.218238 -0.191287 -0.250708 0.948975 0.969374
0 60 22 0.323806 0.946116 -0.00387017 0.165106 -0.937223 0.320198 -0.138155 0.102614 -0.129472 0.0483627 0.990403 0.980923
0 61 29 0.289513 0.915003 0.280984 -0.206462 0.936602 -0.210276 -0.280286 0.10169 -0.197379 0.344316 -0.917871 0.973156
0 62 43 0.790351 0.369137 -0.488961 0.10899 0.477343 -0.87132 0.113776 0.0569469 -0.384042 -0.323325 -0.864854 0.99241
0 63 46 0.525411 -0.727868 -0.440626 0.155989 0.809311 0.267697 0.522832 -0.0648683 -0.262598 -0.631305 0.729723 0.985627
0 64 58 -0.0445797 0.963493 -0.263996 0.287273 0.902509 -0.0744677 -0.424183 0.181155 -0.428357 -0.257169 -0.866242 0.940562
0 65 54 0.00693706 -0.805554 0.592481 -0.150036 0.685072 -0.427781 -0.589644 0.353607 0.728443 0.409983 0.548895 0.923283
0 66 23 -0.35457 -0.931037 -0.0863135 -0.0726682 0.934502 -0.355958 0.000735719 0.266066 -0.031409 -0.0803993 0.996268 0.961212
0 67 39 -0.160912 -0.568964 -0.806466 0.659152 0.192884 0.783229 -0.591056 0.748438 0.967938 -0.250662 -0.016287 0.0732097
0 68 39 -0.365425 0.844775 0.390923 -0.191341 0.928703 0.359324 0.0916374 0.115648 -0.063055 0.396538 -0.91585 0.974687
0 69 46 0.987851 -0.148773 0.0449126 -0.18149 -0.155276 -0.933159 0.324197 -0.0772895 -0.00632103 -0.327232 -0.944923 0.980351
0 70 36 0.739203 0.623461 0.254705 -0.0873218 -0.649238 0.760227 0.023348 0.0794539 -0.179077 -0.182623 0.966737 0.993007
0 71 55 0.11513 -0.991801 0.0554634 -0.165219 -0.47443 -0.103956 -0.874133 0.354257 0.872732 0.0743252 -0.482509 0.920437
0 72 22 -0.321172 -0.946042 -0.0430583 0.312405 0.891595 -0.317389 0.322989 0.140387 -0.319228 0.0653446 0.945423 0.939518
0 73 40 -0.911916 0.242983 0.330708 -0.227338 0.221226 0.969817 -0.102537 0.052503 -0.345641 -0.0203438 -0.938146 0.9724
0 74 57 0.277477 -0.94072 -0.195069 0.0764692 -0.904989 -0.324088 0.275613 -0.128745 -0.322494 0.100059 -0.941268 0.988725
0 75 29 0.883313 -0.45648 0.106699 -0.23766 0.465047 0.881953 -0.076743 -0.0800976 -0.0590715 0.117408 0.991325 0.96804
0 76 43 0.769993 -0.367905 0.521303 -0.87591 0.497282 0.85794 -0.129029 0.24106 -0.399776 0.358586 0.843561 0.417937
0 77 30 -0.850463 -0.516293 0.100765 -0.0102682 -0.457599 0.820601 0.342371 -0.208081 -0.259452 0.245064 -0.934146 0.978058
0 78 12 0.981971 -0.112002 -0.152278 -0.0312931 0.152292 0.945958 0.286304 0.167526 0.111982 -0.304333 0.94596 0.985371
0 79 46 -0.924615 -0.292 -0.244588 0.196127 -0.237774 0.944116 -0.228271 0.102149 0.297575 -0.152907 -0.942374 0.975243
0 80 22 -0.934686 -0.241981 -0.260398 0.162482 -0.150231 0.932802 -0.327584 0.234017 0.322169 -0.267069 -0.90823 0.958559
0 81 52 0.196512 -0.94479 -0.262211 0.116277 -0.968528 -0.145376 -0.20204 0.0779007 0.152766 0.293662 -0.943623 0.990157
0 82 27 -0.90481 0.377685 -0.196655 0.195335 0.360206 0.925181 0.119548 0.0680884 0.227094 0.037332 -0.973157 0.97837
0 83 27 -0.765619 -0.6418 -0.0438194 -0.129674 -0.616146 0.712026 0.336725 -0.15768 -0.18491 0.284802 -0.940583 0.978939
0 84 30 -0.632468 -0.739051 0.231924 -0.160256 -0.771796 0.575886 -0.269602 0.18403 0.0656877 -0.349513 -0.934626 0.969768
0 85 11 -0.994932 0.0998725 -0.0116853 -0.129411 -0.0985118 -0.991424 -0.085871 -0.311352 -0.0201613 -0.0842846 0.996238 0.941442
0 86 36 -0.455938 -0.889377 -0.0335914 0.0577959 -0.847515 0.422335 0.321484 -0.251679 -0.271734 0.175046 -0.946319 0.966084
0 87 20 0.350505 0.857765 0.376013 -0.29217 -0.900169 0.419372 -0.117573 0.358228 -0.258539 -0.297265 0.919125 -0.886741
0 88 76 0.930408 -0.219224 0.293737 -0.834829 0.216228 0.975393 0.0430616 0.0583107 -0.295949 0.0234494 0.954916 -0.547412
0 89 78 0.993652 -0.0516131 0.0999599 -0.22093 0.0592633 0.995411 -0.0751383 0.181129 -0.095623 0.0805853 0.99215 -0.958323
0 90 34 0.998406 0.0271475 -0.0494888 0.112736 -0.0401706 0.957661 -0.285083 0.324008 0.0396541 0.286616 0.957224 -0.939313
0 91 21 0.976456 0.0639012 0.206035 -0.316084 -0.00211324 0.957905 -0.287077 0.325241 -0.215707 0.279882 0.935487 -0.89124
0 92 46 0.770239 -0.620522 0.147255 0.031168 -0.545689 -0.760744 -0.351414 0.153414 0.330084 0.190318 -0.924567 0.98767
0 93 22 -0.854242 0.434537 0.285391 -0.293057 -0.447998 -0.893812 0.0199555 -0.340479 0.263757 -0.110808 0.958203 -0.893416
0 94 28 0.98667 0.0407248 0.157555 -0.278889 -0.0600411 0.990974 0.119853 -0.24771 -0.151252 -0.127715 0.98021 -0.927826
0 95 33 0.968199 -0.241325 0.0659761 -0.089737 0.24645 0.965374 -0.0855371 0.285031 -0.0430493 0.0990767 0.994148 -0.954308
0 96 17 0.992685 0.0787062 -0.0915549 -0.084281 -0.055845 0.971639 0.22978 0.190305 0.107043 -0.222986 0.968927 -0.9781
0 97 19 -0.991626 -0.0587537 -0.115 0.18823 -0.0385261 0.984551 -0.170805 0.0877354 0.123259 -0.164944 -0.978571 0.978198
0 98 23 0.989976 0.0870754 -0.111203 0.322502 -0.0650597 0.97998 0.188165 0.113462 0.125362 -0.179044 0.975822 -0.939744
0 99 37 0.229163 -0.942727 0.242383 -0.354842 -0.92905 -0.137539 0.343437 -0.153369 -0.29043 -0.303889 -0.90736 0.922261
0 100 11 0.312794 0.936567 0.158124 -0.168976 -0.947188 0.319962 -0.0214453 0.244154 -0.0706785 -0.143065 0.987186 -0.954901
0 101 43 0.82494 0.0161875 0.564988 -0.153767 -0.503157 0.476422 0.72101 -0.33066 -0.257501 -0.879068 0.401164 0.931139
0 102 14 -0.254372 -0.957287 0.137467 0.0380368 0.949658 -0.274125 -0.151673 0.0600148 0.182878 0.091965 0.978825 -0.997473
0 103 26 -0.227357 0.973603 -0.0201281 0.287072 -0.951154 -0.226452 -0.209822 0.299904 -0.208841 -0.0285594 0.977532 -0.909751
0 104 31 0.619742 0.442358 -0.648258 0.251587 0.330643 -0.896296 -0.295515 -0.121922 -0.711754 -0.0311992 -0.701735 0.960125
0 105 50 0.502613 -0.56279 -0.656237 0.306902 -0.858475 -0.235367 -0.455657 -0.0128104 0.101983 0.792382 -0.60144 0.951655
0 106 40 -0.708137 0.625266 -0.328001 0.117638 0.565891 0.780407 0.265955 -0.362002 0.422267 0.0027196 -0.906467 0.924725
0 107 30 0.350021 -0.671585 -0.653038 0.351687 -0.918527 -0.382874 -0.0985719 -0.16102 -0.183832 0.634335 -0.750883 0.922165
0 108 54 -0.564647 -0.62664 -0.537119 0.410011 -0.674792 0.725232 -0.136729 0.0685556 0.475216 0.285239 -0.832351 0.9095
0 109 48 0.462065 0.867997 0.181869 -0.117231 0.874528 -0.480024 0.0691203 -0.0426366 0.147298 0.127111 -0.98089 0.992189
0 110 34 -0.376088 0.923616 -0.0741008 0.105104 0.788326 0.360972 0.498238 -0.332588 0.486929 0.128966 -0.863868 0.937197
0 111 25 -0.95225 0.219001 0.212739 -0.087517 -0.263489 -0.941476 -0.210228 0.261352 0.154248 -0.256244 0.954226 -0.961268
0 112 16 -0.644222 -0.749212 0.153813 0.194672 0.737682 -0.661767 -0.13375 -0.170127 0.201996 0.0273005 0.979006 0.966002
0 113 0 1 0 0 0 0 1 0 0 0 0 1 0
0 114 35 0.262262 0.912868 0.312874 -0.416491 -0.947933 0.30441 -0.09358 0.379055 -0.180668 -0.272041 0.945173 0.826349
0 115 22 0.0453253 0.938635 0.341921 -0.195895 0.760095 -0.254503 0.597899 -0.343817 0.648229 0.232793 -0.724988 0.918376
0 116 21 -0.979819 0.138572 -0.144059 0.360036 -0.132059 -0.989777 -0.053874 -0.138502 -0.150051 -0.0337625 0.988102 -0.9226
0 117 24 -0.00563157 -0.85048 -0.525977 0.180349 -0.973346 0.125258 -0.192115 0.0745926 0.229272 0.510876 -0.828517 0.98077
0 118 12 0.8662 -0.496888 -0.0529095 -0.11488 0.495351 0.867774 -0.0399464 0.0690946 0.0657624 0.00839284 0.9978 -0.990974
0 119 26 -0.0709045 0.856274 0.511632 -0.396305 0.985541 -0.0189927 0.168368 -0.309915 0.153886 0.516172 -0.842547 0.864231
0 120 27 0.805682 0.552864 0.212647 -0.254564 0.496164 -0.82597 0.267572 -0.30123 0.323571 -0.11007 -0.93978 0.918944
0 121 27 0.9962 0.079792 -0.034925 0.0694326 -0.074501 0.988322 0.132924 -0.286673 0.0451234 -0.129817 0.990511 -0.955509
0 122 41 0.259704 0.24606 0.933814 -0.458409 0.720161 0.594888 -0.357038 0.098474 -0.643367 0.765221 -0.0227085 0.883269
0 123 52 -0.933572 -0.162844 0.319258 -0.0530068 -0.186389 0.981471 -0.0444175 0.0708316 -0.30611 -0.100973 -0.946626 0.996079
0 124 28 -0.951554 -0.263223 0.158933 -0.0175007 0.227479 -0.950404 -0.212097 -0.106964 0.206879 -0.165667 0.964238 -0.994109
0 125 32 0.707978 0.682544 0.181384 -0.0916203 0.678958 -0.728492 0.0911893 -0.225396 0.194377 0.0585917 -0.979175 0.96995
0 126 37 0.998814 0.0228505 -0.0429937 0.149249 -0.0198498 0.997421 0.0689708 -0.0603782 0.0444589 -0.0680356 0.996692 -0.986954
0 127 27 -0.831306 -0.552465 0.0609399 0.020142 0.549639 -0.833412 -0.0576335 -0.241871 0.0826285 -0.0144162 0.996476 -0.970099
0 128 21 0.884107 0.454584 -0.108206 0.0674321 -0.433509 0.884347 0.173207 0.100625 0.174429 -0.106226 0.978923 -0.992637
0 129 27 -0.878114 0.224984 -0.422254 0.274548 0.180689 0.973127 0.14274 0.188179 0.443021 0.0490449 -0.895169 0.94298
0 130 0 1 0 0 0 0 1 0 0 0 0 1 0
0 131 31 -0.384085 -0.923237 0.0106154 -0.154892 -0.84934 0.348788 -0.396193 0.139675 0.362077 -0.161188 -0.918106 0.978008
0 132 37 -0.432515 -0.658669 -0.615699 0.348099 -0.743119 0.647133 -0.170273 0.0278909 0.510593 0.383892 -0.769364 0.937043
0 133 32 0.683798 0.161797 0.711506 -0.435979 0.559724 -0.741878 -0.369224 0.14009 0.468112 0.650722 -0.597857 0.888987
0 134 23 0.672896 0.44081 -0.594051 0.535964 0.581382 -0.811684 0.056244 -0.211529 -0.457389 -0.383217 -0.802458 0.817311
0 135 15 0.0372014 -0.979737 -0.196805 -0.0468068 0.984555 0.0696501 -0.160626 0.256621 0.171079 -0.18779 0.967196 -0.965378
0 136 19 0.280646 -0.895791 -0.344669 0.112184 0.959678 0.267875 0.0852125 -0.193135 0.0159958 -0.354686 0.934849 -0.974738
0 137 13 0.979974 0.199005 0.0069326 0.282198 -0.19526 0.95354 0.229421 0.182675 0.0390456 -0.226181 0.973303 0.941804
0 138 42 0.816082 0.342218 -0.465722 0.233011 0.00546297 -0.810368 -0.585896 0.330724 -0.577911 0.475594 -0.663196 0.91451
0 139 20 0.960436 -0.240993 -0.139591 0.583162 0.257189 0.959783 0.112559 -0.0960676 0.106851 -0.144007 0.983791 0.806655
0 140 81 0.988765 -0.0147399 0.148752 -0.752034 -0.0321128 0.950946 0.307686 -0.658668 -0.14599 -0.309006 0.939789 0.0245076
0 141 105 0.994608 -0.0316595 0.0987571 -0.973819 0.0169926 0.989144 0.145962 0.199322 -0.102306 -0.143497 0.984349 -0.109302
0 142 74 0.978423 -0.0688996 0.194786 -0.936727 0.0781071 0.996143 -0.0399817 0.349976 -0.19128 0.0543332 0.98003 0.00764696
0 143 62 0.79043 -0.146548 0.594764 -0.883814 0.246889 0.964819 -0.0903824 0.244004 -0.560595 0.218282 0.798803 0.399169
0 144 40 -0.9923 0.0549829 -0.110981 0.0925927 0.0956991 0.909196 -0.405221 0.344039 0.0786236 -0.412722 -0.907457 0.934379
0 145 47 -0.309307 -0.809286 -0.499384 0.309055 -0.720146 0.542296 -0.432786 0.091639 0.621062 0.225766 -0.750541 0.946619
0 146 38 -0.387202 -0.851974 -0.352441 0.0581081 -0.791706 0.503143 -0.346481 0.0140505 0.472521 0.144871 -0.869331 0.998211
0 147 11 0.945041 -0.323231 0.0491961 0.204666 0.312065 0.936627 0.159202 0.0428721 -0.0975375 -0.1351 0.986019 0.977892
0 148 17 0.932998 -0.359849 0.00482397 0.125312 0.359821 0.932515 -0.0307254 0.0715459 0.00655808 0.0304025 0.999516 0.989534
0 149 29 0.34462 0.917056 -0.200614 0.246358 0.904834 -0.267579 0.331176 -0.238092 0.250027 -0.295652 -0.921996 0.939479
0 150 31 -0.17872 0.976273 -0.122275 0.332374 0.964251 0.14908 -0.219079 0.24942 -0.195652 -0.157058 -0.968015 0.90957
0 151 13 0.471799 0.847389 0.243593 0.18418 -0.881546 0.458624 0.11199 0.19331 -0.0168184 -0.267575 0.96339 0.963696
0 152 16 0.967581 -0.231242 0.101563 0.292931 0.209802 0.95979 0.186513 -0.000382033 -0.140609 -0.159158 0.977189 0.956133
0 153 10 0.0769751 -0.95783 0.276832 0.391439 0.973346 0.0120283 -0.229028 0.0610926 0.21604 0.287083 0.933226 0.918174
0 154 31 0.885494 -0.461056 -0.0576838 0.173231 -0.435051 -0.779072 -0.451417 0.070528 0.163189 0.424823 -0.890447 0.982353
0 155 14 -0.922472 -0.37874 0.0748426 0.184451 0.375773 -0.925311 -0.0509388 -0.0124787 0.0885453 -0.0188658 0.995893 0.982762
0 156 25 0.477695 0.876548 0.0589161 0.192128 0.87786 -0.47365 -0.0708275 -0.00315667 -0.0341781 0.0855541 -0.995747 0.981365
0 157 43 0.675633 0.598115 0.43102 -0.301612 0.550037 -0.798241 0.245502 -0.235987 0.490896 0.0712077 -0.868303 0.923764
0 158 11 0.867825 0.339464 0.362827 0.187998 -0.461152 0.822142 0.3338 -0.0233986 -0.184982 -0.456998 0.87002 0.981891
0 159 28 0.596844 -0.651488 -0.468338 0.229508 -0.744425 -0.667397 -0.0202951 0.0898535 -0.299346 0.360756 -0.883316 0.96915
0 160 13 -0.479161 -0.865783 0.144308 -0.206616 0.825002 -0.500373 -0.262675 0.0112008 0.299627 -0.00680888 0.954032 -0.978358
1 2 84 0.944252 0.043285 -0.326366 0.985105 -0.0655541 0.996189 -0.0575414 0.106788 0.322632 0.0757282 0.94349 -0.134775
1 3 15 0.134101 -0.983666 0.120074 -0.277761 0.92193 0.168274 0.348896 -0.292215 -0.363403 0.0639126 0.929437 -0.915128
1 4 44 0.722632 0.660522 0.203751 -0.0169324 0.565135 -0.734288 0.376089 -0.221663 0.398027 -0.156627 -0.903904 0.974976
1 5 37 0.573984 0.617776 -0.537491 0.227815 0.818279 -0.457579 0.347909 -0.324098 -0.0310149 -0.639511 -0.768156 0.918183
1 6 32 0.491725 -0.560783 0.666129 0.0952577 0.663866 0.736475 0.12995 -0.102042 -0.563461 0.378321 0.734428 0.990209
1 7 28 0.807784 -0.315455 -0.49797 0.302424 -0.52813 -0.762535 -0.373657 0.044693 -0.261847 0.564827 -0.782564 0.952125
1 8 20 0.234197 -0.967666 -0.0936744 0.118581 -0.914388 -0.251976 0.316864 -0.0681081 -0.330222 0.0114461 -0.943834 0.990606
1 9 30 0.939143 -0.343011 0.0188065 0.120362 -0.311422 -0.82699 0.468086 -0.405199 -0.145006 -0.445456 -0.883483 0.906271
1 10 17 0.309402 0.940299 -0.141802 0.0310269 -0.900817 0.33759 0.273061 -0.263725 0.30463 0.0432516 0.951488 -0.964099
1 11 22 -0.217563 -0.954892 -0.202107 -0.0801448 0.921025 -0.26939 0.281321 -0.190463 -0.323077 -0.12494 0.938089 0.978417
1 12 28 0.509404 0.731316 -0.453525 0.268652 -0.845274 0.326448 -0.423018 0.128802 -0.161308 0.59884 0.784456 0.954587
1 13 13 -0.937405 -0.286405 0.198103 0.0443366 0.288144 -0.957365 -0.0206304 0.173646 0.195566 0.0377432 0.979964 -0.98381
1 14 47 0.522114 0.184312 0.832722 -0.370834 -0.335027 -0.853562 0.398985 -0.228841 0.784317 -0.4873 -0.383907 0.900063
1 15 28 0.578325 0.697349 -0.423373 0.334482 0.809541 -0.554749 0.192085 -0.313876 -0.100915 -0.453825 -0.885358 0.888596
1 16 39 -0.0386096 0.293524 -0.955172 0.745418 -0.906834 0.391206 0.156873 -0.0456272 0.419715 0.87224 0.251073 0.665034
1 17 41 -0.586889 0.807842 -0.0543308 -0.0146049 0.680792 0.528684 0.506967 -0.321175 0.438274 0.260546 -0.860251 0.946907
1 18 27 -0.0668658 -0.996377 0.0525545 -0.0983531 -0.997134 0.0685988 0.0318906 -0.0244278 -0.0353803 -0.0502715 -0.998109 0.994852
1 19 17 0.94009 0.264744 -0.214806 0.102861 -0.324744 0.887184 -0.32779 0.260775 0.103792 0.377909 0.920007 -0.959904
1 20 35 0.0257328 -0.987992 0.152345 -0.0417333 -0.998168 -0.0337404 -0.0502126 0.125868 0.0547498 -0.150774 -0.987051 0.991169
1 21 24 -0.907467 -0.418807 -0.0332265 0.0341039 -0.417787 0.891268 0.176339 -0.0119922 -0.0442384 0.173904 -0.983769 0.999346
1 22 29 0.124123 0.81304 0.568823 -0.456377 0.977296 -0.199374 0.0717168 -0.15852 0.171717 0.547007 -0.819327 0.875552
1 23 19 0.698482 0.709539 0.0931516 0.270913 -0.698458 0.704266 -0.127143 0.114672 -0.155817 0.0237449 0.987501 -0.955749
1 24 55 -0.867158 -0.347066 -0.357187 0.315239 0.362906 -0.931515 0.0240766 -0.474294 -0.341081 -0.108747 0.933722 0.821991
1 25 10 0.727476 -0.642852 0.239832 -0.329677 0.665287 0.746386 -0.0173654 -0.126081 -0.167844 0.17219 0.970659 -0.935637
1 26 13 0.639986 -0.759725 -0.115049 0.106355 0.761944 0.646814 -0.0327451 -0.0335828 0.0992925 -0.0667044 0.99282 0.993761
1 27 42 0.389298 0.107981 -0.914761 0.456345 0.905457 0.137455 0.401564 -0.279571 0.1691 -0.984605 -0.0442612 0.844742
1 28 27 -0.437734 -0.893648 0.0989069 0.00877207 -0.851575 0.447371 0.273276 -0.310437 -0.28846 0.0353954 -0.956837 0.950553
1 29 11 0.264941 -0.934419 0.238048 0.100421 0.945934 0.203954 -0.252211 -0.184459 0.18712 0.291999 0.937935 0.977696
1 30 37 -0.0229668 0.932229 0.361138 -0.0689727 0.790993 -0.20397 0.576824 -0.38187 0.611394 0.298906 -0.732703 0.921639
1 31 29 0.726384 -0.266104 0.633683 -0.41387 -0.680014 -0.412061 0.606454 -0.361277 0.0997364 -0.871432 -0.480269 0.835578
1 32 29 0.722278 0.640256 -0.261508 0.125383 0.676377 -0.732837 0.0739132 -0.0312338 -0.14432 -0.230264 -0.962367 0.991617
1 33 11 -0.427459 0.842108 -0.328836 0.199461 -0.865769 -0.486031 -0.119239 0.226684 -0.260237 0.233726 0.936829 -0.953326
1 34 13 -0.0934982 0.926378 0.364803 0.0692124 -0.994066 -0.107317 0.0177437 -0.181573 0.055587 -0.360979 0.930916 0.980939
1 35 22 -0.543191 0.782195 0.305146 -0.138492 0.812959 0.580825 -0.041705 -0.0766798 -0.209858 0.225418 -0.951392 0.987391
1 36 26 0.948786 0.194807 -0.248707 0.112863 0.220589 -0.972071 0.080115 -0.181109 -0.226154 -0.130874 -0.96526 0.976965
1 37 27 0.560828 0.827457 0.0280534 -0.421139 -0.827904 0.560209 0.0272107 0.0651958 0.00679995 -0.0384861 0.999236 -0.90465
1 38 38 -0.603575 -0.785838 0.134743 -0.0918946 -0.729321 0.612453 0.304946 -0.168047 -0.322162 0.0857866 -0.94279 0.981486
1 39 0 1 0 0 0 0 1 0 0 0 0 1 0
1 40 15 0.999798 0.013594 0.0147742 0.0873884 -0.0134301 0.999848 -0.0111355 -0.287088 -0.0149233 0.0109348 0.999829 0.95391
1 41 28 0.632647 0.761271 -0.142215 -0.281299 -0.77438 0.619538 -0.128483 0.256308 -0.00970275 0.191413 0.981462 -0.924758
1 42 33 0.964022 0.251862 -0.0850171 0.0398925 0.265797 -0.908737 0.321789 -0.280859 0.00378816 -0.332809 -0.942987 0.95892
1 43 16 -0.856726 -0.475816 0.199049 -0.281169 0.472996 -0.87869 -0.0646404 0.164305 0.205659 0.0387705 0.977855 -0.945488
1 44 25 -0.832832 -0.527738 0.166981 -0.355865 0.527879 -0.848004 -0.0472521 -0.0777799 0.166537 0.0487927 0.984827 -0.931295
1 45 33 0.078383 0.941507 -0.327752 0.115218 0.993427 -0.0462574 0.104702 -0.0750662 0.0834165 -0.333804 -0.938944 0.9905
1 46 22 0.960142 -0.258043 -0.107435 0.207623 0.256637 0.966132 -0.0269502 0.00327063 0.110751 -0.00169586 0.993847 -0.978203
1 47 34 0.972662 -0.173654 0.154185 -0.348028 0.166998 0.98441 0.0552195 -0.277326 -0.16137 -0.0279614 0.986498 0.895526
1 48 18 0.792152 -0.60903 0.039718 -0.218179 0.608352 0.793146 0.0287772 -0.0838481 -0.0490283 0.00136661 0.998796 -0.9723
1 49 16 0.510056 -0.814883 -0.275333 0.134895 0.846785 0.531906 -0.00556764 0.0590131 0.150988 -0.230308 0.961333 0.989101
1 50 12 0.707227 0.634507 -0.311819 0.0772553 -0.644807 0.759765 0.0835473 -0.166641 0.289921 0.141976 0.946461 -0.982987
1 51 12 0.764486 0.641 0.0684065 -0.252446 -0.625688 0.712281 0.318073 -0.0948217 0.15516 -0.285963 0.945595 -0.962954
1 52 35 0.919877 0.193255 -0.34129 0.216237 0.225566 -0.972543 0.0572652 0.0329143 -0.320853 -0.12966 -0.938212 0.975786
1 53 11 0.76964 -0.638225 0.0179612 -0.102899 0.600447 0.713946 -0.3602 -0.169186 0.217065 0.288009 0.932702 0.980198
1 54 40 -0.682114 0.714262 -0.156689 0.0839244 0.685642 0.550231 -0.476593 0.122651 -0.254197 -0.432523 -0.865048 0.988895
1 55 22 0.86099 -0.236411 -0.45034 0.175328 -0.278752 -0.959925 -0.029014 -0.209858 -0.425434 0.150514 -0.892385 0.961883
1 56 32 0.621924 0.782282 -0.035277 0.0334895 0.736937 -0.59992 -0.311479 0.154306 -0.264828 0.16772 -0.949598 0.987455
1 57 25 0.427006 0.849267 -0.310502 0.0290463 0.87979 -0.469519 -0.0743062 -0.0318331 -0.208892 -0.241447 -0.947664 0.999071
1 58 18 -0.787267 0.48877 -0.375918 -0.396107 -0.601801 -0.741872 0.295739 0.0394597 -0.134335 0.459053 0.878194 0.917356
1 59 12 0.619655 -0.730691 -0.286564 0.301843 0.771937 0.633387 0.0541722 -0.195999 0.141923 -0.254777 0.956528 -0.932993
1 60 24 -0.347664 0.752243 0.559697 -0.0757734 -0.925874 -0.369621 -0.0783421 0.110115 0.147944 -0.545446 0.824986 0.991026
1 61 23 -0.76313 0.599614 -0.241028 0.0161103 0.638993 0.755838 -0.142817 0.0653977 0.0965436 -0.263003 -0.959952 0.997729
1 62 19 -0.0554235 0.97532 -0.213725 0.313617 -0.997571 -0.063137 -0.0294298 0.0685046 -0.0421974 0.211574 0.976451 -0.947075
1 63 20 0.00693195 -0.953858 0.300178 -0.0567905 0.984644 0.0588747 0.164344 0.13666 -0.174434 0.29443 0.939619 0.988989
1 64 42 -0.978417 -0.182081 -0.0977081 0.223691 -0.173636 0.980782 -0.0889782 0.136658 0.112032 -0.0700921 -0.99123 0.965032
1 65 50 -0.725284 0.459805 -0.512389 0.17144 0.680056 0.594368 -0.429244 0.214666 0.107179 -0.659777 -0.743779 0.961523
1 66 37 -0.56836 -0.805456 -0.167953 -0.0199655 -0.724873 0.586759 -0.360934 0.143219 0.389264 -0.0833957 -0.917343 0.98949
1 67 29 0.942131 0.0708282 0.327678 0.043058 0.137648 -0.972965 -0.185453 0.0863122 0.305684 0.219825 -0.92641 0.995337
1 68 20 0.929548 0.355421 -0.0980634 0.0672689 -0.345828 0.932699 0.102348 -0.24747 0.12784 -0.0612245 0.989903 -0.966557
1 69 17 -0.778576 0.584797 -0.227666 0.166385 -0.616105 -0.781272 0.100143 0.0992988 -0.119306 0.218236 0.968576 -0.981048
1 70 46 -0.55037 -0.810981 -0.198498 -0.0866188 0.785248 -0.583565 0.20697 0.078212 -0.283685 -0.0419604 0.957999 0.993167
1 71 54 0.946668 -0.0266642 0.321107 -0.165219 0.168372 -0.808748 -0.563541 0.354257 0.274721 0.587551 -0.761126 0.920437
1 72 35 -0.713506 0.700531 0.0128364 -0.057265 0.682078 0.690288 0.241398 -0.113535 0.160246 0.180994 -0.970341 0.991882
1 73 21 0.826881 -0.560896 0.0407718 0.121148 0.559582 0.827826 0.0396428 -0.269341 -0.0559875 -0.00996474 0.998382 -0.955394
1 74 19 0.170223 -0.979666 -0.106199 -0.0764426 0.950973 0.191558 -0.242807 0.127499 0.258213 -0.0596606 0.964244 -0.988889
1 75 43 -0.816965 -0.163855 -0.55292 0.247998 -0.375257 0.879076 0.293951 -0.279776 0.437893 0.447634 -0.779662 0.927482
1 76 11 0.866726 0.389788 -0.31121 0.155681 -0.413036 0.910663 -0.00971402 -0.0355527 0.279621 0.13696 0.950291 -0.987167
1 77 30 -0.101479 -0.914124 0.392529 -0.220046 -0.803878 0.307792 0.508963 -0.301133 -0.586073 -0.263897 -0.766079 0.927846
1 78 29 -0.931317 0.116502 0.345075 -0.0879993 0.0466268 0.977802 -0.204278 0.107446 -0.361214 -0.174158 -0.916075 0.990309
1 79 16 0.0434397 -0.987388 0.152244 0.205901 0.993646 0.0268628 -0.109296 0.119314 0.103828 0.156025 0.982281 0.971272
1 80 17 0.58141 -0.75553 0.301887 -0.0380184 0.680104 0.654968 0.329356 -0.260891 -0.446565 0.0138241 0.894644 0.964619
1 81 47 -0.649049 0.759828 0.0373722 0.116277 0.696125 0.613012 -0.373666 0.0779007 -0.306832 -0.216512 -0.92681 0.990157
1 82 30 0.363308 0.89812 0.247764 -0.199678 -0.89938 0.407493 -0.15832 0.229548 -0.243152 -0.165315 0.955797 0.952595
1 83 17 -0.176505 0.983891 -0.0283661 0.391744 -0.974809 -0.178723 -0.133441 -0.00233956 -0.136361 0.00409846 0.990651 -0.920071
1 84 12 -0.902501 0.361903 -0.233489 -0.16478 -0.369811 -0.929047 -0.0105805 0.208893 -0.220751 0.0767977 0.972302 0.963956
1 85 23 0.692921 0.665717 0.276915 -0.254524 0.628186 -0.74592 0.221327 -0.241891 0.353897 0.020592 -0.935058 0.936326
1 86 10 0.760229 0.645774 -0.0709085 -0.146624 -0.647996 0.745962 -0.153757 0.110023 -0.0463975 0.162839 0.985561 -0.983055
1 87 22 -0.971203 -0.198666 0.131514 0.273462 0.206335 -0.977334 0.0473758 -0.0380563 0.119121 0.0731476 0.990182 -0.96113
1 88 29 -0.199078 0.950524 -0.238479 0.272616 0.94907 0.126363 -0.288613 -0.00838788 -0.244199 -0.28379 -0.92727 0.962086
1 89 34 0.986352 -0.163017 0.0231195 -0.327153 0.16447 0.982058 -0.0922582 0.298917 -0.00766505 0.0948016 0.995467 -0.896449
1 90 45 0.968727 -0.0436427 0.244259 -0.640257 0.114693 0.951693 -0.284828 0.111494 -0.220029 0.303935 0.926936 -0.760026
1 91 30 0.999836 -0.0149118 0.0103191 0.17258 0.017638 0.931871 -0.362362 0.374991 -0.00421255 0.362484 0.93198 -0.910823
1 92 20 0.876855 -0.480441 -0.0173671 0.180172 0.479135 0.876294 -0.0503836 0.0477766 0.039425 0.0358579 0.998579 -0.982474
1 93 19 0.678032 0.70237 0.216679 0.181408 -0.73275 0.669105 0.124001 0.304933 -0.0578859 -0.242848 0.968336 0.934937
1 94 55 0.98391 -0.175315 0.0344325 0.00140764 0.178524 0.957086 -0.228289 0.525073 0.00706752 0.230763 0.972984 -0.851056
1 95 60 0.979377 -0.193257 -0.0589355 0.294934 0.18039 0.967767 -0.175745 0.351849 0.0909998 0.161489 0.98267 -0.888378
1 96 44 0.662212 -0.524426 0.535212 -0.362348 -0.549724 -0.82539 -0.128588 0.0923517 0.509193 -0.209067 -0.834873 0.927456
1 97 39 0.776921 0.436731 -0.453497 0.219901 0.529832 -0.842626 0.096224 -0.0541778 -0.340104 -0.315036 -0.886048 0.974017
1 98 37 0.18079 -0.625574 -0.758928 0.315023 -0.93441 -0.350042 0.0659423 -0.0242676 -0.306909 0.697229 -0.647827 0.948774
1 99 14 -0.810933 -0.572082 0.122918 -0.245737 0.570587 -0.819679 -0.0505709 -0.0903333 0.129684 0.0291255 0.991128 -0.965118
1 100 40 0.128589 -0.940994 -0.313043 0.187186 -0.855019 -0.265115 0.445708 -0.317829 -0.502401 0.210344 -0.838659 0.929487
1 101 45 0.523806 0.694639 -0.493056 0.0923858 0.851743 -0.418451 0.315329 -0.264763 0.0127205 -0.585128 -0.810841 0.959878
1 102 33 0.92678 0.0446608 0.37294 -0.081882 0.301366 -0.681038 -0.667357 0.0247681 0.224182 0.730885 -0.644632 0.996334
1 103 21 -0.313289 -0.929087 0.196588 -0.170933 0.910957 -0.352506 -0.214237 0.40566 0.268344 0.111965 0.956794 -0.897899
1 104 22 -0.852047 -0.158753 0.498812 0.100922 0.0636267 -0.977247 -0.202337 -0.0450876 0.519584 -0.140663 0.842761 0.993872
1 105 15 -0.832465 0.55322 -0.0308156 0.306902 -0.553622 -0.828239 0.0867333 -0.0128104 0.0224599 0.0892627 0.995755 0.951655
1 106 14 0.499674 0.634254 0.589956 0.241538 -0.860313 0.442734 0.252681 0.0125814 -0.100929 -0.633805 0.76688 0.97031
1 107 20 0.797479 0.589231 0.12975 0.16311 -0.592193 0.805582 -0.018595 0.0522288 -0.115481 -0.0620077 0.991372 -0.985225
1 108 15 0.997577 0.0575951 0.0390127 -0.0385955 -0.0516997 0.989058 -0.138173 0.305539 -0.0465439 0.135821 0.989639 -0.951397
1 109 33 -0.82471 0.0848564 0.559154 -0.117231 0.152758 0.985355 0.075771 -0.0426366 -0.544535 0.147905 -0.825594 0.992189
1 110 18 0.0566163 -0.992276 0.110376 0.105475 0.970207 0.0285957 -0.240584 -0.332802 0.23557 0.120708 0.964332 0.937079
1 111 43 -0.50504 0.84862 0.157411 0.087517 0.628908 0.236927 0.7405 -0.261352 0.591109 0.472979 -0.653362 0.961268
1 112 45 0.918625 -0.242291 -0.312127 0.194621 -0.0560954 -0.861902 0.503962 -0.168492 -0.391128 -0.445444 -0.805356 0.966299
1 113 13 -0.0671402 0.959871 0.272287 0.277164 -0.982037 -0.015342 -0.188066 -0.102808 -0.176341 -0.280023 0.943658 0.955307
1 114 25 0.691804 0.617389 0.374483 -0.269535 0.71829 -0.535286 -0.444443 0.286684 -0.0739386 0.576455 -0.813777 0.919327
1 115 13 0.957547 -0.100565 -0.270168 -0.0886351 0.152427 0.972079 0.178405 -0.0104962 0.244683 -0.212012 0.94614 0.996009
1 116 10 0.528017 -0.824732 -0.202522 0.371074 0.849086 0.50824 0.144031 -0.0455724 -0.0158574 -0.248009 0.968628 -0.927484
1 117 12 0.340056 -0.938973 0.0518751 -0.156323 -0.783691 -0.252465 0.567529 -0.463747 -0.519798 -0.233646 -0.821717 0.872067
1 118 35 0.919418 0.390541 0.0463528 0.0738319 0.391261 -0.896388 -0.208336 -0.0725653 -0.0398137 0.209684 -0.976958 0.994627
1 119 19 -0.624864 0.708503 0.327977 -0.457782 -0.778309 -0.532212 -0.333145 0.0945925 -0.0614809 -0.463438 0.883994 -0.884018
1 120 31 0.00878729 -0.916051 -0.400966 0.186549 -0.986762 0.0569934 -0.151833 0.0506533 0.161939 0.396992 -0.903423 0.981139
1 121 30 -0.966849 0.0917658 0.238289 -0.213963 0.00577823 0.940817 -0.338867 0.209704 -0.255282 -0.326256 -0.910158 0.954067
1 122 22 0.171649 0.970411 0.169821 -0.357268 -0.95714 0.205089 -0.204503 0.207704 -0.23328 -0.12744 0.964023 -0.910615
1 123 0 1 0 0 0 0 1 0 0 0 0 1 0
1 124 49 0.178419 0.164887 0.970041 -0.275709 0.521682 -0.851742 0.0488256 -0.213583 0.834275 0.497341 -0.237985 0.937212
1 125 30 0.58188 0.60439 -0.544177 0.358378 0.80623 -0.516558 0.288376 -0.181536 -0.106807 -0.606532 -0.787852 0.915757
1 126 33 0.24306 0.968281 -0.0579045 0.228321 0.899464 -0.24733 -0.360268 0.113138 -0.363162 0.0354839 -0.93105 0.96699
1 127 47 -0.773766 -0.590378 -0.229653 -0.0188358 -0.529795 0.80185 -0.276322 0.240526 0.347282 -0.0921396 -0.933223 0.97046
1 128 19 0.716358 -0.693902 0.0730129 0.0674321 0.695041 0.700496 -0.161934 0.100625 0.0612208 0.16675 0.984097 -0.992637
1 129 32 0.998444 -0.00476424 -0.0555575 -0.0354193 0.00539266 0.999923 0.0111668 0.444848 0.0555001 -0.011449 0.998393 -0.894906
1 130 21 -0.92722 -0.371534 0.0471839 -0.217545 0.37143 -0.896099 0.242995 -0.348772 -0.0479996 0.242836 0.968879 -0.91161
1 131 29 0.505948 0.854181 0.119965 -0.0618112 0.852229 -0.516493 0.0833169 0.065942 0.133129 0.0600839 -0.989276 0.995907
1 132 18 -0.308878 -0.880003 -0.360817 0.492045 0.914695 -0.378806 0.140851 -0.281563 -0.260629 -0.286531 0.921939 -0.82378
1 133 21 -0.322935 -0.887676 -0.328244 0.37219 -0.841839 0.427899 -0.328952 0.184171 0.432458 0.170098 -0.885464 0.909701
1 134 21 0.533459 -0.802902 0.266028 -0.17681 -0.772779 -0.334793 0.53919 -0.357397 -0.343852 -0.493216 -0.799064 0.917063
1 135 26 0.772207 0.593662 0.226411 -0.460349 -0.518397 0.794719 -0.315731 0.240027 -0.367371 0.126438 0.92144 -0.854673
1 136 41 -0.346798 0.732483 -0.585833 0.98846 -0.931102 -0.344137 0.120905 -0.0924477 -0.113046 0.5874 0.801362 0.119999
1 137 11 -0.9849 -0.173113 -0.00174288 0.135925 0.17183 -0.978732 0.112059 0.0704365 -0.0211046 0.110067 0.9937 -0.988212
1 138 21 -0.825912 0.562604 0.0366938 -0.0335058 0.555056 0.822798 -0.122135 0.145746 -0.0989054 -0.080506 -0.991835 0.988755
1 139 31 -0.198422 0.701312 0.684683 -0.371835 0.792539 0.525802 -0.308892 0.165559 -0.576637 0.481347 -0.660147 0.913416
1 140 26 0.987679 -0.115297 -0.105812 0.286239 0.116088 0.993238 0.00132854 -0.0873601 0.104943 -0.0135956 0.994385 -0.954167
1 141 26 0.99767 -0.0353473 -0.0583535 -0.157401 0.0417942 0.992688 0.11324 0.0304385 0.0539241 -0.115415 0.991853 -0.987066
1 142 31 0.99005 -0.0805483 -0.115385 0.0359226 -0.112245 -0.946575 -0.30232 0.158422 -0.084869 0.312263 -0.946197 0.986718
1 143 34 0.900989 -0.380111 -0.209126 0.152894 -0.43298 -0.757478 -0.488627 0.201483 0.0273246 0.530795 -0.84706 0.967486
1 144 34 0.435445 -0.89907 0.0453846 0.0361715 -0.841364 -0.42439 -0.334664 0.244021 0.320148 0.107543 -0.941244 0.969095
1 145 43 0.125501 0.641789 0.756542 -0.380963 0.740567 -0.568034 0.359024 -0.205273 0.660159 0.515212 -0.546577 0.901515
1 146 30 0.507409 0.794833 -0.33283 0.340564 -0.86111 0.482058 -0.161584 0.361266 0.0320113 0.368592 0.92904 -0.868045
1 147 15 0.21375 0.960295 0.179288 0.0751087 0.959758 -0.172215 -0.221827 0.0726672 -0.182143 0.219489 -0.958462 0.994524
1 148 32 -0.712151 -0.630217 -0.309302 0.212874 -0.567921 0.776177 -0.273888 0.193898 0.412682 -0.0193902 -0.910669 0.957647
1 149 12 0.979845 -0.131396 0.150464 0.146787 0.167654 0.950453 -0.261785 0.0485717 -0.108611 0.281735 0.953325 0.987975
1 150 30 -0.238859 -0.836498 -0.493171 0.332374 -0.930593 0.342262 -0.129816 0.24942 0.277385 0.427934 -0.860192 0.90957
1 151 25 -0.747571 0.662734 -0.0438305 0.223161 0.662904 0.740417 -0.111087 0.0203006 -0.0411685 -0.112101 -0.992844 0.97457
1 152 12 0.551315 -0.734189 0.396255 -0.273413 0.594222 0.678941 0.431206 -0.264362 -0.585621 -0.00226686 0.810582 -0.924856
1 153 17 -0.759425 -0.61771 -0.204226 0.220589 -0.650564 0.724044 0.229186 0.0184079 0.00629812 0.306912 -0.951717 0.975193
1 154 21 -0.755521 -0.640661 0.136899 0.204005 -0.579756 0.55653 -0.595111 0.00161038 0.305076 -0.528987 -0.791897 0.978968
1 155 11 -0.964704 0.246468 0.0927308 0.217911 -0.229376 -0.959448 0.16385 -0.0156305 0.129354 0.136796 0.982117 0.975843
1 156 0 1 0 0 0 0 1 0 0 0 0 1 0
1 157 25 0.994029 -0.0988933 0.0461034 0.301881 0.0987591 0.995098 0.00518679 0.23599 -0.0463903 -0.000602696 0.998923 -0.923675
1 158 21 -0.425221 0.808045 -0.407738 0.256275 0.89396 0.44539 -0.049628 -0.179747 0.1415 -0.385604 -0.911749 0.949744
1 159 12 0.909608 -0.404027 0.0968281 0.185045 0.410122 0.835912 -0.364762 -0.00576421 0.0664341 0.371502 0.926052 0.982713
1 160 23 0.760805 -0.640013 0.107512 0.00332082 -0.648751 -0.745627 0.152192 -0.286794 -0.0172408 -0.185537 -0.982486 0.957986
2 3 95 0.962306 0.0433644 -0.268489 0.963426 -0.0527107 0.998226 -0.0276969 0.149055 0.266811 0.0408051 0.962885 0.222694
2 4 42 -0.797586 0.270498 -0.539154 0.317153 0.233172 0.962593 0.138002 0.0917632 0.556315 -0.0156472 -0.830824 0.943925
2 5 45 -0.803223 -0.361649 -0.473332 0.329643 -0.0532214 0.835002 -0.547668 0.217961 0.593296 -0.414708 -0.68994 0.918601
2 6 35 0.882734 0.38039 -0.275834 0.194269 0.273782 -0.893482 -0.355996 0.179864 -0.38187 0.238731 -0.892851 0.964318
2 7 29 -0.803169 -0.220052 -0.553621 0.256645 0.0644877 0.89171 -0.44799 0.0347449 0.59225 -0.395514 -0.702003 0.965881
2 8 0 1 0 0 0 0 1 0 0 0 0 1 0
2 9 30 -0.640163 -0.6088 -0.468566 0.279661 -0.702365 0.710911 0.0359068 -0.134279 0.311249 0.352091 -0.882698 0.950662
2 10 31 0.720004 -0.678033 -0.14787 0.0530338 -0.664885 -0.735027 0.132901 -0.212209 -0.1988 0.00262708 -0.980037 0.975784
2 11 12 -0.988509 0.132778 0.0722451 -0.0701364 -0.149106 -0.935021 -0.321719 -0.171972 0.0248336 -0.328794 0.944075 0.982602
2 12 13 -0.818501 0.546501 0.177183 -0.172748 -0.446757 -0.799371 0.401765 -0.227985 0.3612 0.249688 0.898438 -0.958218
2 13 13 -0.716535 -0.589747 0.372527 -0.251103 0.617088 -0.784922 -0.0556735 -0.118132 0.325238 0.18999 0.92635 -0.960725
