0 1 3141 0.978252 0.0731809 -0.194083 0.895806 -0.071603 0.997318 0.0151424 0.209592 0.194671 -0.000916185 0.980868 -0.391921
0 2 877 0.862903 0.128291 -0.488814 0.983357 -0.160531 0.986729 -0.0244152 0.132646 0.479195 0.0995379 0.872046 -0.12415
0 3 212 0.709194 0.270886 -0.650895 0.981779 -0.232342 0.961464 0.146985 -0.0992564 0.665628 0.0469899 0.744803 0.162047
0 4 0 1 0 0 0 0 1 0 0 0 0 1 0
0 5 0 1 0 0 0 0 1 0 0 0 0 1 0
0 6 0 1 0 0 0 0 1 0 0 0 0 1 0
0 7 0 1 0 0 0 0 1 0 0 0 0 1 0
0 8 0 1 0 0 0 0 1 0 0 0 0 1 0
0 9 0 1 0 0 0 0 1 0 0 0 0 1 0
0 10 0 1 0 0 0 0 1 0 0 0 0 1 0
0 11 0 1 0 0 0 0 1 0 0 0 0 1 0
0 12 0 1 0 0 0 0 1 0 0 0 0 1 0
0 13 0 1 0 0 0 0 1 0 0 0 0 1 0
0 14 73 0.692935 -0.615208 -0.375979 0.0589274 -0.475092 -0.781851 0.403727 -0.388387 -0.542335 -0.101132 -0.834053 0.91961
0 15 36 0.945298 0.32272 -0.047578 -0.0698334 -0.314996 0.940957 0.124008 0.290469 0.0847888 -0.102238 0.99114 -0.954333
0 16 31 0.787622 0.606017 0.11133 -0.0237365 -0.615925 0.769395 0.169314 0.271641 0.0169503 -0.201926 0.979254 -0.962106
0 17 79 0.252322 -0.949418 -0.186919 -0.0286084 -0.821008 -0.31229 0.477934 -0.301813 -0.512132 0.0328688 -0.858278 0.952938
0 18 36 0.975184 0.175878 -0.134471 0.0480928 -0.156323 0.977105 0.144324 -0.203724 0.156775 -0.119721 0.980351 0.977846
0 19 113 -0.124007 -0.991101 0.0483826 -0.142616 -0.84656 0.131106 0.515895 -0.25182 -0.517648 0.0230159 -0.855284 0.957208
0 20 51 0.0336205 -0.984417 -0.172603 -0.0166485 -0.878497 -0.111458 0.464565 -0.257022 -0.476564 0.136013 -0.868555 0.966262
0 21 124 0.343388 -0.923601 -0.17043 -0.0491978 -0.789728 -0.382165 0.479875 -0.336219 -0.508345 -0.0301904 -0.860624 0.940498
0 22 102 0.747152 -0.641704 -0.173148 -0.0139605 -0.503451 -0.71648 0.482902 -0.421675 -0.433937 -0.273629 -0.858386 0.906639
0 23 29 0.621544 -0.770591 -0.140972 0.0910448 0.769347 0.634353 -0.0755002 -0.300727 0.147606 -0.0615298 0.98713 0.949354
0 24 0 1 0 0 0 0 1 0 0 0 0 1 0
0 25 0 1 0 0 0 0 1 0 0 0 0 1 0
0 26 0 1 0 0 0 0 1 0 0 0 0 1 0
0 27 0 1 0 0 0 0 1 0 0 0 0 1 0
0 28 30 0.767141 -0.619531 0.166361 -0.0404163 0.632773 0.773421 -0.0376718 -0.137355 -0.105328 0.134168 0.985345 0.989697
0 29 43 0.941945 -0.335577 0.0112491 -0.136484 0.316586 0.898802 0.303197 -0.253997 -0.111857 -0.282033 0.952862 0.957527
0 30 0 1 0 0 0 0 1 0 0 0 0 1 0
0 31 0 1 0 0 0 0 1 0 0 0 0 1 0
0 32 0 1 0 0 0 0 1 0 0 0 0 1 0
0 33 0 1 0 0 0 0 1 0 0 0 0 1 0
0 34 44 0.890887 -0.453719 -0.021415 0.0657308 0.449642 0.87424 0.183103 0.150628 -0.0643554 -0.172753 0.98286 0.986403
0 35 0 1 0 0 0 0 1 0 0 0 0 1 0
0 36 0 1 0 0 0 0 1 0 0 0 0 1 0
0 37 0 1 0 0 0 0 1 0 0 0 0 1 0
0 38 0 1 0 0 0 0 1 0 0 0 0 1 0
0 39 23 0.999578 -0.0240405 -0.0163169 0.448233 0.025339 0.996085 0.0846934 0.149951 0.014217 -0.0850711 0.996273 0.88125
0 40 49 0.952495 -0.303639 -0.0235948 0.551802 0.302219 0.951927 -0.0499928 0.419901 0.0376402 0.0404871 0.998471 -0.720554
0 41 280 0.727431 -0.330563 0.601309 -0.943767 0.369226 0.927199 0.0630484 -0.131242 -0.578374 0.176156 0.796525 0.303447
0 42 475 0.716885 -0.22693 0.659226 -0.913611 0.367842 0.926342 -0.0811343 -0.0285266 -0.592257 0.300655 0.747555 0.405587
0 43 427 0.792024 -0.16296 0.588339 -0.830324 0.202408 0.9793 -0.00123391 0.191308 -0.575959 0.120062 0.808614 0.523416
0 44 296 0.843546 -0.264868 0.4672 -0.834726 0.250975 0.963507 0.0930933 0.065232 -0.474808 0.038727 0.879237 0.546788
0 45 672 0.693469 -0.206604 0.690229 -0.816655 0.350902 0.933554 -0.0731104 0.133319 -0.629261 0.292902 0.719888 0.561516
0 46 800 0.890571 -0.25287 0.378075 -0.939043 0.289062 0.956423 -0.0412083 0.110789 -0.351179 0.145986 0.924858 0.32546
0 47 609 0.873711 -0.197574 0.444516 -0.893094 0.218004 0.975934 0.0052786 0.116472 -0.434861 0.0922942 0.895756 0.43453
0 48 465 0.825361 -0.180436 0.534997 -0.849125 0.299772 0.943016 -0.144423 0.348996 -0.478451 0.279578 0.832418 0.396471
0 49 418 0.756692 -0.207076 0.62011 -0.842525 0.374353 0.914859 -0.151304 0.35504 -0.535982 0.34663 0.769786 0.40509
0 50 58 0.0251219 -0.103619 0.9943 -0.5567 0.257783 0.961648 0.0937035 0.0351173 -0.965876 0.25396 0.0508697 0.829971
0 51 0 1 0 0 0 0 1 0 0 0 0 1 0
0 52 0 1 0 0 0 0 1 0 0 0 0 1 0
0 53 0 1 0 0 0 0 1 0 0 0 0 1 0
0 54 0 1 0 0 0 0 1 0 0 0 0 1 0
0 55 0 1 0 0 0 0 1 0 0 0 0 1 0
0 56 0 1 0 0 0 0 1 0 0 0 0 1 0
0 57 31 -0.689415 0.292668 0.66261 -0.369757 0.598708 0.745134 0.293809 -0.150653 -0.407745 0.599266 -0.68893 0.916833
0 58 0 1 0 0 0 0 1 0 0 0 0 1 0
0 59 26 0.870888 -0.471489 -0.138752 -0.0213679 -0.430012 -0.867681 0.249439 -0.27036 -0.238 -0.157569 -0.958399 0.962522
0 60 0 1 0 0 0 0 1 0 0 0 0 1 0
0 61 0 1 0 0 0 0 1 0 0 0 0 1 0
0 62 0 1 0 0 0 0 1 0 0 0 0 1 0
0 63 25 0.991377 -0.109085 -0.072608 -0.211698 0.130195 0.882777 0.45139 -0.156761 0.0148568 -0.456951 0.889368 -0.964681
0 64 0 1 0 0 0 0 1 0 0 0 0 1 0
0 65 0 1 0 0 0 0 1 0 0 0 0 1 0
0 66 0 1 0 0 0 0 1 0 0 0 0 1 0
0 67 0 1 0 0 0 0 1 0 0 0 0 1 0
0 68 29 0.952282 0.275966 0.130393 -0.132125 -0.297461 0.934834 0.193913 -0.0766856 -0.0683825 -0.223447 0.972314 -0.988262
0 69 75 0.592127 0.0286753 -0.805334 0.827481 -0.247651 0.957479 -0.147994 0.363582 0.766847 0.287073 0.574051 0.427883
0 70 136 0.989643 -0.138989 -0.0359101 -0.201839 0.143467 0.948959 0.280881 -0.0506133 -0.00496212 -0.283124 0.95907 -0.97811
0 71 142 0.951596 -0.30341 0.0490534 -0.0642497 0.236687 0.621605 -0.746717 0.976207 0.19607 0.722184 0.66333 0.207104
0 72 315 0.978964 -0.195764 -0.0574938 0.374763 0.200716 0.974624 0.0991054 0.315422 0.0366336 -0.108561 0.993415 -0.871815
0 73 588 0.941007 -0.276636 0.194881 -0.456291 0.324898 0.899608 -0.291801 0.866264 -0.0945941 0.337903 0.936415 -0.203435
0 74 440 0.916097 -0.400663 -0.0153279 -0.190176 0.400645 0.913214 0.0743276 -0.0374081 -0.0157826 -0.0742324 0.997116 -0.981037
0 75 736 0.80349 -0.419404 0.422498 -0.96321 0.506433 0.854608 -0.114764 0.104764 -0.312938 0.306179 0.899069 0.24749
0 76 569 0.685976 -0.240839 0.68661 -0.813632 0.53426 0.807325 -0.250586 0.308341 -0.493966 0.538724 0.682476 0.492878
0 77 339 0.770194 -0.481581 0.418189 -0.907889 0.543645 0.838561 -0.035575 -0.0257588 -0.333545 0.254746 0.907663 0.418418
0 78 112 -0.753396 -0.652577 0.0808566 0.0939777 -0.597643 0.730829 0.329715 -0.07495 -0.274256 0.200082 -0.940612 0.992749
0 79 62 0.761698 -0.647397 -0.0263282 -0.216956 0.647273 0.762127 -0.014137 -0.0983442 0.0292177 -0.00627345 0.999553 -0.971215
0 80 0 1 0 0 0 0 1 0 0 0 0 1 0
0 81 0 1 0 0 0 0 1 0 0 0 0 1 0
0 82 0 1 0 0 0 0 1 0 0 0 0 1 0
0 83 0 1 0 0 0 0 1 0 0 0 0 1 0
0 84 0 1 0 0 0 0 1 0 0 0 0 1 0
0 85 0 1 0 0 0 0 1 0 0 0 0 1 0
0 86 49 0.757915 -0.44364 0.478276 -0.937126 0.388305 0.895929 0.215707 -0.230174 -0.524198 0.0222294 0.851306 -0.262324
0 87 413 0.94129 -0.337258 -0.0152076 -0.0547407 0.336759 0.934815 0.112755 -0.0821039 -0.0238112 -0.111256 0.993506 -0.995119
0 88 1521 0.947099 -0.219787 0.233872 -0.718656 0.217965 0.975366 0.033943 0.0982525 -0.235572 0.0188287 0.971675 -0.68839
0 89 3039 0.994684 -0.0452019 0.092527 -0.203835 0.0524394 0.995624 -0.0773452 0.186851 -0.0886259 0.0817861 0.992702 -0.961009
0 90 1352 0.999773 0.0175929 -0.0120159 0.0268162 -0.020198 0.962117 -0.271887 0.292276 0.00677739 0.272068 0.962254 -0.955958
0 91 432 0.999253 -0.00237099 -0.0385759 0.209475 -0.0176173 0.860446 -0.509237 0.758723 0.0343999 0.509536 0.859762 -0.616815
0 92 192 0.943615 -0.0770929 -0.321943 0.486667 -0.229123 0.549846 -0.803226 0.848918 0.238942 0.831701 0.501179 0.206141
0 93 211 0.936404 0.34819 -0.0437284 0.113754 -0.191249 0.610827 0.768319 -0.991489 0.294231 -0.711094 0.638572 -0.0633204
0 94 298 0.939116 -0.219688 -0.264195 0.372806 -0.0216556 0.729527 -0.683609 0.926764 0.342918 0.647709 0.680353 -0.0460852
0 95 362 0.997785 0.0664682 0.00246991 0.0720425 -0.0665015 0.997631 0.0176301 -0.0771482 -0.00129221 -0.0177553 0.999842 -0.994413
0 96 52 0.927358 -0.0999492 -0.36058 0.888045 0.101339 0.994737 -0.0151039 0.314856 0.360192 -0.0225339 0.932606 -0.335024
0 97 36 0.989134 -0.0509654 -0.137903 0.131748 0.0540134 0.99837 0.0184486 0.0700591 0.136738 -0.0256967 0.990274 -0.988804
0 98 0 1 0 0 0 0 1 0 0 0 0 1 0
0 99 0 1 0 0 0 0 1 0 0 0 0 1 0
0 100 0 1 0 0 0 0 1 0 0 0 0 1 0
0 101 47 0.165339 0.95587 0.24285 0.133869 0.964023 -0.208606 0.16475 -0.183021 0.208139 0.206873 -0.955972 0.973952
0 102 25 0.046339 -0.949868 0.309198 0.109775 0.986591 0.0920108 0.134802 -0.264332 -0.156494 0.298805 0.941395 0.958164
0 103 0 1 0 0 0 0 1 0 0 0 0 1 0
0 104 0 1 0 0 0 0 1 0 0 0 0 1 0
0 105 0 1 0 0 0 0 1 0 0 0 0 1 0
0 106 0 1 0 0 0 0 1 0 0 0 0 1 0
0 107 0 1 0 0 0 0 1 0 0 0 0 1 0
0 108 0 1 0 0 0 0 1 0 0 0 0 1 0
0 109 0 1 0 0 0 0 1 0 0 0 0 1 0
0 110 0 1 0 0 0 0 1 0 0 0 0 1 0
0 111 0 1 0 0 0 0 1 0 0 0 0 1 0
0 112 0 1 0 0 0 0 1 0 0 0 0 1 0
0 113 0 1 0 0 0 0 1 0 0 0 0 1 0
0 114 0 1 0 0 0 0 1 0 0 0 0 1 0
0 115 0 1 0 0 0 0 1 0 0 0 0 1 0
0 116 0 1 0 0 0 0 1 0 0 0 0 1 0
0 117 0 1 0 0 0 0 1 0 0 0 0 1 0
0 118 0 1 0 0 0 0 1 0 0 0 0 1 0
0 119 0 1 0 0 0 0 1 0 0 0 0 1 0
0 120 0 1 0 0 0 0 1 0 0 0 0 1 0
0 121 0 1 0 0 0 0 1 0 0 0 0 1 0
0 122 0 1 0 0 0 0 1 0 0 0 0 1 0
0 123 66 0.768464 -0.594953 0.235574 -0.241544 -0.638034 -0.740459 0.211262 -0.244627 0.048742 -0.312652 -0.948616 0.93905
0 124 0 1 0 0 0 0 1 0 0 0 0 1 0
0 125 10 -0.901725 0.324432 -0.28572 -0.0945803 -0.209783 -0.906264 -0.366983 -0.320977 -0.377998 -0.270979 0.885261 0.942353
0 126 207 0.94914 -0.314817 -0.00482658 0.0612021 0.307969 0.931466 -0.193718 0.180132 0.0654815 0.182379 0.981045 -0.981737
0 127 581 0.896931 0.174837 0.406136 -0.634557 0.0667995 0.854386 -0.515328 0.757116 -0.437095 0.489343 0.754646 0.155284
0 128 819 0.981446 0.0889009 0.169882 -0.495366 -0.0435795 0.966253 -0.253881 0.859748 -0.186719 0.241768 0.9522 -0.124284
0 129 633 0.968297 0.0474602 0.245253 -0.687594 -0.0655336 0.995661 0.0660609 0.64666 -0.241054 -0.0800389 0.967206 -0.33022
0 130 216 0.847992 0.250284 -0.467191 0.836084 0.0321996 0.855521 0.516766 -0.387485 0.52903 -0.453257 0.717416 -0.388354
0 131 314 0.972951 -0.0957469 0.210237 -0.540526 -0.00626841 0.898788 0.438339 -0.26792 -0.230928 -0.4278 0.873876 -0.797528
0 132 47 0.981502 -0.0899946 0.168984 -0.398747 0.0697505 0.990059 0.12214 0.108264 -0.178296 -0.108094 0.978022 -0.910648
0 133 55 0.92989 0.250589 0.269277 -0.378404 -0.288413 0.95106 0.110916 0.297623 -0.228304 -0.180803 0.956654 -0.876488
0 134 57 0.975422 0.0337831 0.217738 -0.412472 -0.0910554 0.961655 0.258705 0.0208152 -0.200649 -0.272173 0.941096 -0.910732
0 135 39 0.982496 -0.0487183 0.179799 -0.440266 -0.0121782 0.946333 0.322965 -0.180628 -0.185884 -0.319501 0.929175 -0.879511
0 136 246 0.983237 0.0529632 0.174468 -0.36099 -0.133092 0.862508 0.488229 -0.669004 -0.124622 -0.503265 0.855099 -0.649708
0 137 256 0.97452 0.223047 -0.023675 0.221749 -0.222954 0.974807 0.00652466 0.809971 0.0245338 -0.00107997 0.999698 -0.542932
0 138 222 0.89625 0.21444 -0.388266 0.378477 -0.428559 0.644306 -0.633408 0.832045 0.114334 0.734088 0.66936 0.405531
0 139 532 0.996922 0.0546453 0.0562159 -0.543213 -0.0743999 0.885512 0.458622 -0.838227 -0.0247183 -0.461392 0.886852 0.0478945
0 140 2174 0.999512 0.00210941 0.0311651 -0.739487 -0.00845685 0.97873 0.204979 -0.653048 -0.0300698 -0.205142 0.97827 -0.163363
0 141 2271 0.996729 -0.035149 0.0727695 -0.96971 0.023578 0.987765 0.154158 0.17073 -0.0772977 -0.151938 0.985363 -0.174683
0 142 1710 0.927408 -0.0388571 0.372028 -0.879765 0.0976332 0.985258 -0.140477 0.412681 -0.361085 0.166602 0.91753 0.236026
0 143 559 0.807168 -0.198099 0.556091 -0.927657 0.217793 0.975491 0.0313765 0.0537794 -0.548677 0.0957865 0.830529 0.369541
0 144 145 0.111772 -0.123134 0.986076 -0.648375 0.208498 0.973112 0.0978816 0.022378 -0.971615 0.194655 0.134439 0.760992
0 145 0 1 0 0 0 0 1 0 0 0 0 1 0
0 146 0 1 0 0 0 0 1 0 0 0 0 1 0
0 147 0 1 0 0 0 0 1 0 0 0 0 1 0
0 148 0 1 0 0 0 0 1 0 0 0 0 1 0
0 149 0 1 0 0 0 0 1 0 0 0 0 1 0
0 150 0 1 0 0 0 0 1 0 0 0 0 1 0
0 151 0 1 0 0 0 0 1 0 0 0 0 1 0
0 152 0 1 0 0 0 0 1 0 0 0 0 1 0
0 153 0 1 0 0 0 0 1 0 0 0 0 1 0
0 154 0 1 0 0 0 0 1 0 0 0 0 1 0
0 155 0 1 0 0 0 0 1 0 0 0 0 1 0
0 156 0 1 0 0 0 0 1 0 0 0 0 1 0
0 157 0 1 0 0 0 0 1 0 0 0 0 1 0
0 158 0 1 0 0 0 0 1 0 0 0 0 1 0
0 159 0 1 0 0 0 0 1 0 0 0 0 1 0
0 160 0 1 0 0 0 0 1 0 0 0 0 1 0
1 2 3118 0.950668 0.0477202 -0.306518 0.979716 -0.068067 0.996106 -0.0560319 0.10689 0.302651 0.0741316 0.950214 -0.169504
1 3 997 0.834997 0.0960971 -0.541798 0.990192 -0.123315 0.992268 -0.0140526 0.0327418 0.536259 0.0785458 0.840391 0.13582
1 4 185 0.286949 0.103968 -0.952287 0.81912 -0.207992 0.97714 0.0440083 0.0142402 0.935093 0.18544 0.302014 0.573446
1 5 0 1 0 0 0 0 1 0 0 0 0 1 0
1 6 0 1 0 0 0 0 1 0 0 0 0 1 0
1 7 0 1 0 0 0 0 1 0 0 0 0 1 0
1 8 0 1 0 0 0 0 1 0 0 0 0 1 0
1 9 0 1 0 0 0 0 1 0 0 0 0 1 0
1 10 0 1 0 0 0 0 1 0 0 0 0 1 0
1 11 26 -0.362706 0.80674 -0.466492 0.292285 0.57588 0.587595 0.568414 -0.261126 0.732671 -0.0624759 -0.67771 0.919991
1 12 0 1 0 0 0 0 1 0 0 0 0 1 0
1 13 35 -0.215512 0.955851 0.199758 -0.0699441 0.973614 0.194612 0.119171 0.0199685 0.0750343 0.22017 -0.972571 0.997351
1 14 0 1 0 0 0 0 1 0 0 0 0 1 0
1 15 18 0.796615 -0.0162136 -0.60427 0.36691 -0.0449801 0.995279 -0.0860026 0.245676 0.602811 0.0956911 0.792125 -0.897229
1 16 0 1 0 0 0 0 1 0 0 0 0 1 0
1 17 23 -0.802715 -0.530273 -0.272873 -0.0301015 0.594852 -0.679394 -0.429621 -0.223644 0.0424278 -0.507182 0.860794 0.974206
1 18 40 0.98509 0.171655 -0.0115034 -0.160718 -0.170022 0.981566 0.0872999 -0.0836188 0.0262769 -0.0840424 0.996116 0.983452
1 19 197 -0.0739987 0.984886 0.156599 0.0328738 0.876856 -0.0105407 0.480638 -0.280735 0.475024 0.172882 -0.862823 0.959222
1 20 47 0.966389 -0.252763 0.0469314 0.00734929 0.243873 0.959094 0.143755 0.187805 -0.0813474 -0.127478 0.9885 -0.982179
1 21 132 0.8649 -0.501455 -0.0221479 -0.229366 0.491445 0.854962 -0.165899 0.682452 0.102126 0.132601 0.985894 0.69401
1 22 44 0.993871 -0.086939 0.068282 -0.0485534 0.082618 0.99454 0.063747 -0.18399 -0.0734513 -0.057715 0.995627 0.981728
1 23 0 1 0 0 0 0 1 0 0 0 0 1 0
1 24 0 1 0 0 0 0 1 0 0 0 0 1 0
1 25 0 1 0 0 0 0 1 0 0 0 0 1 0
1 26 0 1 0 0 0 0 1 0 0 0 0 1 0
1 27 0 1 0 0 0 0 1 0 0 0 0 1 0
1 28 0 1 0 0 0 0 1 0 0 0 0 1 0
1 29 18 -0.940156 0.215636 0.263833 -0.0221907 -0.309189 -0.865285 -0.394567 -0.319736 0.143207 -0.452529 0.880176 0.947247
1 30 0 1 0 0 0 0 1 0 0 0 0 1 0
1 31 0 1 0 0 0 0 1 0 0 0 0 1 0
1 32 0 1 0 0 0 0 1 0 0 0 0 1 0
1 33 0 1 0 0 0 0 1 0 0 0 0 1 0
1 34 0 1 0 0 0 0 1 0 0 0 0 1 0
1 35 0 1 0 0 0 0 1 0 0 0 0 1 0
1 36 0 1 0 0 0 0 1 0 0 0 0 1 0
1 37 0 1 0 0 0 0 1 0 0 0 0 1 0
1 38 0 1 0 0 0 0 1 0 0 0 0 1 0
1 39 0 1 0 0 0 0 1 0 0 0 0 1 0
1 40 0 1 0 0 0 0 1 0 0 0 0 1 0
1 41 183 0.78808 -0.0709586 -0.61147 0.941669 0.075349 0.996984 -0.018584 -0.00287897 0.610944 -0.031428 0.79105 0.336527
1 42 239 -0.0149628 -0.522383 0.85258 -0.570927 -0.131864 0.846259 0.516196 -0.359907 -0.991155 -0.104701 -0.0815461 0.737909
1 43 159 0.784499 -0.255029 0.565263 -0.957153 0.26295 0.962322 0.0692352 -0.0132195 -0.561622 0.0943206 0.822 0.28928
1 44 189 0.677967 -0.37346 0.633157 -0.826328 0.354464 0.920666 0.163494 -0.166836 -0.643985 0.113588 0.756559 0.537911
1 45 314 0.595652 -0.32007 0.736719 -0.7433 0.38611 0.918359 0.0868058 -0.147546 -0.704356 0.232749 0.670604 0.652484
1 46 332 0.72171 -0.298253 0.624644 -0.786095 0.37407 0.92734 0.0105861 -0.0996589 -0.582415 0.22602 0.780838 0.610019
1 47 116 0.944418 -0.309083 0.111988 -0.147781 0.311631 0.950187 -0.00556421 0.00165071 -0.10469 0.0401538 0.993694 -0.989019
1 48 253 0.544914 -0.296265 0.784408 -0.702197 0.277186 0.946551 0.164949 -0.176236 -0.791351 0.127544 0.59791 0.689826
1 49 203 0.559825 -0.405694 0.722501 -0.6438 0.329085 0.909085 0.255473 -0.289599 -0.760459 0.0947442 0.642437 0.708275
1 50 44 0.88647 -0.46096 0.0410705 0.383729 0.456805 0.885782 0.0819694 -0.113333 -0.0741641 -0.0539022 0.995788 0.916465
1 51 0 1 0 0 0 0 1 0 0 0 0 1 0
1 52 0 1 0 0 0 0 1 0 0 0 0 1 0
1 53 0 1 0 0 0 0 1 0 0 0 0 1 0
1 54 0 1 0 0 0 0 1 0 0 0 0 1 0
1 55 0 1 0 0 0 0 1 0 0 0 0 1 0
1 56 0 1 0 0 0 0 1 0 0 0 0 1 0
1 57 12 -0.195441 -0.97905 -0.0571393 0.0271413 0.934102 -0.168086 -0.314961 0.0193914 0.298758 -0.11493 0.947383 0.999444
1 58 0 1 0 0 0 0 1 0 0 0 0 1 0
1 59 62 -0.855851 -0.138664 -0.498289 0.576459 -0.0865108 0.988199 -0.126408 0.0634184 0.509936 -0.0650787 -0.857747 0.814662
1 60 0 1 0 0 0 0 1 0 0 0 0 1 0
1 61 37 0.274995 -0.955825 0.103808 -0.111012 0.858666 0.19559 -0.473748 0.0944161 0.432516 0.219415 0.874521 -0.989324
1 62 0 1 0 0 0 0 1 0 0 0 0 1 0
1 63 18 0.981119 0.158847 0.110327 -0.284804 -0.192048 0.867583 0.458712 0.261671 -0.0228527 -0.47124 0.881709 0.92218
1 64 0 1 0 0 0 0 1 0 0 0 0 1 0
1 65 17 0.988605 0.0785756 -0.128396 -0.0382084 -0.111299 0.955836 -0.27201 -0.115039 0.101352 0.283201 0.95369 0.992626
1 66 0 1 0 0 0 0 1 0 0 0 0 1 0
1 67 0 1 0 0 0 0 1 0 0 0 0 1 0
1 68 154 0.994054 -0.0452541 0.0990348 0.0812493 0.0268624 0.983352 0.179715 -0.291016 -0.105519 -0.175986 0.978721 -0.953262
1 69 242 0.996869 -0.0490133 -0.062049 0.278655 0.05967 0.98119 0.183593 -0.461995 0.0518833 -0.186721 0.981042 -0.841969
1 70 408 0.979887 -0.153354 -0.12769 0.213703 0.12244 0.967301 -0.222118 0.975097 0.157577 0.202016 0.966623 -0.0593075
1 71 407 0.958167 -0.28581 0.0151138 0.0555999 0.283504 0.955028 0.0868763 0.153662 -0.0392642 -0.0789572 0.996104 -0.986558
1 72 246 0.959523 -0.281529 0.00758735 0.230506 0.278894 0.953598 0.113441 0.23618 -0.0391723 -0.106733 0.993516 0.943973
1 73 212 0.911766 -0.410704 -0.00229783 -0.00149835 0.410327 0.910658 0.0482966 0.0780628 -0.0177431 -0.044978 0.99883 0.996947
1 74 356 0.750762 -0.463527 0.470637 -0.879742 0.451201 0.880207 0.147153 -0.22501 -0.482467 0.101875 0.869969 0.418837
1 75 314 0.662195 -0.333786 0.670884 -0.84612 0.630405 0.732147 -0.257973 0.20106 -0.405078 0.593757 0.695244 0.493615
1 76 297 0.613768 -0.357246 0.704034 -0.816613 0.593343 0.796999 -0.112851 0.111061 -0.520799 0.486998 0.701142 0.5664
1 77 143 0.00879783 -0.934544 0.355738 -0.15755 -0.53182 0.296893 0.793109 -0.394165 -0.846812 -0.196166 -0.494397 0.905435
1 78 47 0.95393 -0.300008 -0.00363704 -0.236972 0.300003 0.953937 -0.00173588 -0.0484038 0.00399029 0.000564783 0.999992 -0.97031
1 79 0 1 0 0 0 0 1 0 0 0 0 1 0
1 80 0 1 0 0 0 0 1 0 0 0 0 1 0
1 81 0 1 0 0 0 0 1 0 0 0 0 1 0
1 82 0 1 0 0 0 0 1 0 0 0 0 1 0
1 83 0 1 0 0 0 0 1 0 0 0 0 1 0
1 84 0 1 0 0 0 0 1 0 0 0 0 1 0
1 85 0 1 0 0 0 0 1 0 0 0 0 1 0
1 86 26 0.675215 -0.370858 0.637612 0.42111 0.277178 0.928633 0.246602 -0.168698 -0.683562 0.0102228 0.729821 0.891183
1 87 123 0.96993 -0.202164 0.135516 -0.377127 0.207467 0.977894 -0.0260745 0.122859 -0.127249 0.0534056 0.990432 -0.917977
1 88 530 0.857655 -0.282178 0.429889 -0.97824 0.285938 0.956528 0.0573985 -0.12595 -0.427397 0.0736933 0.901055 -0.164872
1 89 1707 0.932894 -0.122409 0.338711 -0.931043 0.156612 0.984774 -0.0754543 -0.0642729 -0.324317 0.123437 0.93786 -0.359205
1 90 1252 0.975637 -0.0524356 0.213031 -0.581068 0.113907 0.950952 -0.287603 0.122768 -0.187501 0.304862 0.933757 -0.804542
1 91 790 0.951415 -0.0115889 0.307693 -0.545368 0.170708 0.851508 -0.495775 0.642087 -0.256258 0.524213 0.812116 -0.538793
1 92 421 0.972131 -0.00992185 0.234227 -0.449128 0.0769665 0.957233 -0.278892 0.430489 -0.221442 0.289148 0.93132 -0.782919
1 93 285 0.999928 -0.00223847 0.0118046 0.12925 0.00334283 0.995531 -0.0943806 -0.0462473 -0.0115406 0.0944132 0.995466 -0.990533
1 94 1124 0.978632 -0.204579 0.020658 0.0222644 0.192914 0.878743 -0.436571 0.877861 0.0711604 0.431228 0.899433 -0.478397
1 95 1854 0.957926 -0.217932 -0.186771 0.554021 0.157381 0.94302 -0.293164 0.572935 0.240019 0.251435 0.937641 -0.603992
1 96 823 0.854493 -0.124384 -0.504351 0.962126 0.130545 0.991169 -0.0232679 0.0401884 0.502791 -0.0459584 0.863185 -0.269627
1 97 229 0.985936 0.119102 0.11724 -0.37709 -0.0958835 0.977692 -0.18688 0.347867 -0.136883 0.17301 0.975362 -0.858366
1 98 58 0.995638 0.091157 -0.0198654 -0.179469 -0.0920309 0.994563 -0.0487376 -0.0959719 0.0153146 0.0503533 0.998614 -0.979071
1 99 53 0.856279 0.516232 0.0170463 -0.202802 -0.516307 0.854539 0.0564712 -0.495107 0.0145855 -0.0571563 0.998259 -0.844831
1 100 0 1 0 0 0 0 1 0 0 0 0 1 0
1 101 0 1 0 0 0 0 1 0 0 0 0 1 0
1 102 25 -0.893019 0.413473 -0.177646 0.436361 0.397319 0.909774 0.120201 -0.0615453 0.211318 0.0367597 -0.976726 0.897665
1 103 27 0.880662 0.279485 0.382522 0.151589 -0.349124 0.928668 0.125251 -0.0953869 -0.320231 -0.243851 0.915417 0.98383
1 104 0 1 0 0 0 0 1 0 0 0 0 1 0
1 105 0 1 0 0 0 0 1 0 0 0 0 1 0
1 106 0 1 0 0 0 0 1 0 0 0 0 1 0
1 107 0 1 0 0 0 0 1 0 0 0 0 1 0
1 108 0 1 0 0 0 0 1 0 0 0 0 1 0
1 109 20 0.153771 -0.820972 0.549872 0.245636 -0.106108 0.539553 0.835239 0.0563548 -0.982393 -0.186781 -0.00414421 0.967723
1 110 0 1 0 0 0 0 1 0 0 0 0 1 0
1 111 0 1 0 0 0 0 1 0 0 0 0 1 0
1 112 0 1 0 0 0 0 1 0 0 0 0 1 0
1 113 0 1 0 0 0 0 1 0 0 0 0 1 0
1 114 0 1 0 0 0 0 1 0 0 0 0 1 0
1 115 0 1 0 0 0 0 1 0 0 0 0 1 0
1 116 0 1 0 0 0 0 1 0 0 0 0 1 0
1 117 0 1 0 0 0 0 1 0 0 0 0 1 0
1 118 0 1 0 0 0 0 1 0 0 0 0 1 0
1 119 0 1 0 0 0 0 1 0 0 0 0 1 0
1 120 0 1 0 0 0 0 1 0 0 0 0 1 0
1 121 0 1 0 0 0 0 1 0 0 0 0 1 0
1 122 0 1 0 0 0 0 1 0 0 0 0 1 0
1 123 0 1 0 0 0 0 1 0 0 0 0 1 0
1 124 0 1 0 0 0 0 1 0 0 0 0 1 0
1 125 56 0.886399 -0.442127 0.137186 0.502189 0.462644 0.835818 -0.295581 -0.0814065 0.0160215 0.325471 0.945416 0.860918
1 126 91 0.918442 -0.394151 0.0333053 0.0882435 0.389603 0.886856 -0.248386 0.202995 0.0683644 0.241104 0.968088 -0.975195
1 127 365 0.905673 0.0233169 0.423336 -0.870123 0.119367 0.944074 -0.30737 0.468972 -0.406827 0.328909 0.852239 0.151496
1 128 564 0.954061 0.00159047 0.299607 -0.906792 0.0147819 0.998518 -0.052372 0.420181 -0.299246 0.0543948 0.952624 -0.034286
1 129 258 0.876269 0.0079138 0.481756 -0.885394 -0.0331185 0.99849 0.0438372 0.456224 -0.480682 -0.0543682 0.875208 0.089092
1 130 68 0.287441 0.161073 0.944157 -0.677922 0.408872 0.870791 -0.273035 0.374819 -0.866142 0.46452 0.184443 0.632402
1 131 65 0.925767 0.377848 -0.0136288 -0.0648266 -0.350734 0.87168 0.342287 0.184824 0.141213 -0.312098 0.939497 0.980631
1 132 0 1 0 0 0 0 1 0 0 0 0 1 0
1 133 0 1 0 0 0 0 1 0 0 0 0 1 0
1 134 0 1 0 0 0 0 1 0 0 0 0 1 0
1 135 79 0.688118 -0.53054 -0.494996 0.467181 0.716094 0.606599 0.345322 0.00229566 0.117057 -0.592086 0.797328 0.884159
1 136 19 0.864351 0.406784 0.295676 -0.321015 -0.487995 0.820496 0.297739 0.102131 -0.121485 -0.401639 0.907705 -0.941551
1 137 86 0.80233 0.144438 0.579141 0.187221 -0.247807 0.963312 0.103057 -0.106578 -0.543008 -0.226201 0.808687 0.976519
1 138 37 0.948875 0.305516 0.0793532 -0.35706 -0.315037 0.900902 0.298541 0.0843313 0.0197195 -0.308277 0.951092 -0.930267
1 139 131 0.842143 -0.0561266 -0.536326 0.250256 -0.539255 -0.0882365 -0.837508 0.561177 -0.0003171 0.994517 -0.104574 0.788956
1 140 507 0.967672 -0.0685362 0.242722 -0.88201 0.0296883 0.986633 0.160231 -0.351817 -0.250459 -0.147845 0.956772 0.3135
1 141 1120 0.927131 -0.112131 0.357567 -0.929305 0.057656 0.985504 0.159553 -0.0405409 -0.370275 -0.127311 0.920157 0.367081
1 142 587 0.890296 -0.133485 0.435378 -0.909873 0.186689 0.979025 -0.0815912 0.0962105 -0.415355 0.153921 0.896543 0.403577
1 143 200 0.762337 -0.251636 0.596256 -0.834601 0.312945 0.949771 0.000715757 0.010993 -0.566487 0.18605 0.802794 0.550746
1 144 71 0.985142 -0.0908473 -0.145749 0.547624 0.106014 0.989333 0.099905 0.0335907 0.135118 -0.113872 0.984264 -0.83605
1 145 0 1 0 0 0 0 1 0 0 0 0 1 0
1 146 0 1 0 0 0 0 1 0 0 0 0 1 0
1 147 0 1 0 0 0 0 1 0 0 0 0 1 0
1 148 0 1 0 0 0 0 1 0 0 0 0 1 0
1 149 23 0.20832 0.97569 0.068054 0.213314 -0.941222 0.181071 0.285155 -0.00471092 0.265901 -0.123458 0.956062 0.976972
1 150 0 1 0 0 0 0 1 0 0 0 0 1 0
1 151 0 1 0 0 0 0 1 0 0 0 0 1 0
1 152 0 1 0 0 0 0 1 0 0 0 0 1 0
1 153 0 1 0 0 0 0 1 0 0 0 0 1 0
1 154 0 1 0 0 0 0 1 0 0 0 0 1 0
1 155 0 1 0 0 0 0 1 0 0 0 0 1 0
1 156 0 1 0 0 0 0 1 0 0 0 0 1 0
1 157 0 1 0 0 0 0 1 0 0 0 0 1 0
1 158 0 1 0 0 0 0 1 0 0 0 0 1 0
1 159 0 1 0 0 0 0 1 0 0 0 0 1 0
1 160 0 1 0 0 0 0 1 0 0 0 0 1 0
2 3 3171 0.984645 0.0804682 -0.154919 0.988107 -0.0762659 0.996545 0.0328904 0.00358472 0.15703 -0.0205703 0.98738 0.153728
2 4 797 0.848035 0.219619 -0.48229 0.959284 -0.162359 0.973993 0.158041 -0.0932703 0.504456 -0.0557201 0.861638 0.2666
2 5 154 0.938475 0.234056 -0.253932 -0.931556 -0.223278 0.972173 0.0708959 0.107402 0.26346 -0.00983664 0.96462 0.347374
2 6 89 0.831194 0.280056 -0.480297 -0.0513581 -0.279638 0.957233 0.0742149 -0.25198 0.48054 0.0726221 0.873961 0.966369
2 7 94 0.712383 0.423317 -0.559743 -0.343542 -0.341287 0.905897 0.250748 -0.0477129 0.613216 0.0124039 0.789818 0.937924
2 8 54 0.615541 0.46426 -0.636845 -0.439749 -0.387424 0.881944 0.268472 -0.0474235 0.686303 0.0814733 0.722738 0.896868
2 9 0 1 0 0 0 0 1 0 0 0 0 1 0
2 10 0 1 0 0 0 0 1 0 0 0 0 1 0
2 11 21 0.947976 0.294427 0.121051 0.108049 -0.3091 0.942269 0.128786 0.0527048 -0.0761444 -0.159503 0.984256 -0.992747
2 12 20 0.922466 -0.276923 -0.269016 0.173667 0.344845 0.904313 0.251594 0.213019 0.173603 -0.324856 0.929694 0.96149
2 13 17 -0.738142 0.261207 0.622026 0.276065 -0.223267 -0.964632 0.140133 0.254315 0.63663 -0.0354393 0.770355 0.926883
2 14 0 1 0 0 0 0 1 0 0 0 0 1 0
2 15 0 1 0 0 0 0 1 0 0 0 0 1 0
2 16 0 1 0 0 0 0 1 0 0 0 0 1 0
2 17 0 1 0 0 0 0 1 0 0 0 0 1 0
2 18 46 0.977222 -0.0653197 -0.201917 0.118763 0.0418835 0.992102 -0.118238 -0.0515975 0.208045 0.107088 0.972239 0.991581
2 19 56 0.974609 0.204106 0.092082 0.169512 -0.213021 0.971872 0.10043 0.221978 -0.0689936 -0.117495 0.990674 -0.960204
2 20 71 0.803543 0.594956 0.0186123 0.170872 0.584569 -0.782846 -0.213144 -0.0533468 -0.112241 0.182151 -0.976843 0.983848
2 21 165 0.921847 0.265095 -0.282707 0.165408 -0.272901 0.961965 0.0121647 -0.0959116 0.275179 0.0659371 0.959129 0.98155
2 22 157 0.55839 -0.610132 0.562085 -0.320597 -0.429162 0.367387 0.825134 -0.511725 -0.709944 -0.701972 -0.0567004 0.797091
2 23 112 0.961091 -0.263565 0.0826941 0.228338 0.257032 0.962935 0.0818011 -0.266544 -0.101189 -0.0573633 0.993212 0.936385
2 24 14 0.930388 -0.225051 -0.28936 -0.00653986 0.179449 0.967928 -0.175822 0.0644078 0.319649 0.111658 0.940934 -0.997902
2 25 0 1 0 0 0 0 1 0 0 0 0 1 0
2 26 17 -0.382534 -0.665343 0.641083 0.32233 0.181984 0.626007 0.758286 -0.22927 -0.905842 0.406737 -0.118387 0.918444
2 27 0 1 0 0 0 0 1 0 0 0 0 1 0
2 28 0 1 0 0 0 0 1 0 0 0 0 1 0
2 29 0 1 0 0 0 0 1 0 0 0 0 1 0
2 30 0 1 0 0 0 0 1 0 0 0 0 1 0
2 31 0 1 0 0 0 0 1 0 0 0 0 1 0
2 32 0 1 0 0 0 0 1 0 0 0 0 1 0
2 33 0 1 0 0 0 0 1 0 0 0 0 1 0
2 34 0 1 0 0 0 0 1 0 0 0 0 1 0
2 35 0 1 0 0 0 0 1 0 0 0 0 1 0
2 36 0 1 0 0 0 0 1 0 0 0 0 1 0
2 37 0 1 0 0 0 0 1 0 0 0 0 1 0
2 38 0 1 0 0 0 0 1 0 0 0 0 1 0
2 39 0 1 0 0 0 0 1 0 0 0 0 1 0
2 40 0 1 0 0 0 0 1 0 0 0 0 1 0
2 41 0 1 0 0 0 0 1 0 0 0 0 1 0
2 42 94 0.897154 -0.365152 -0.248556 0.0517175 0.00826196 -0.548731 0.835958 -0.657006 -0.441642 -0.752037 -0.489279 0.752109
2 43 0 1 0 0 0 0 1 0 0 0 0 1 0
2 44 12 0.936936 -0.333312 0.105137 -0.321321 0.322095 0.940243 0.11044 -0.0816467 -0.135665 -0.0696114 0.988306 -0.943444
2 45 75 0.888899 -0.431512 0.153804 -0.370594 0.438272 0.89877 -0.0113783 0.0961764 -0.133324 0.0775221 0.988036 -0.923802
2 46 117 0.950445 -0.306692 0.0509424 -0.139433 0.308349 0.950847 -0.0284939 0.21103 -0.0396995 0.0427899 0.998295 -0.967484
2 47 45 0.886996 -0.433907 0.157995 0.281276 0.436169 0.899598 0.0219084 0.0137585 -0.151638 0.0494796 0.987197 0.959528
2 48 32 -0.231161 0.972411 -0.031315 0.275946 0.869887 0.19216 -0.45428 0.139508 -0.43573 -0.132252 -0.890308 0.950995
2 49 18 -0.32862 -0.852093 0.407366 -0.397013 -0.650175 0.516946 0.556811 -0.160695 -0.685041 -0.08188 -0.723888 0.903636
2 50 0 1 0 0 0 0 1 0 0 0 0 1 0
2 51 0 1 0 0 0 0 1 0 0 0 0 1 0
2 52 0 1 0 0 0 0 1 0 0 0 0 1 0
2 53 0 1 0 0 0 0 1 0 0 0 0 1 0
2 54 60 0.901271 -0.433243 0.00319745 0.35645 0.417673 0.866872 -0.272182 -0.277326 0.115149 0.246646 0.96224 0.892207
2 55 20 0.100148 -0.990794 -0.0910946 0.0948229 -0.844427 -0.13306 0.518882 -0.277322 -0.526226 0.0249579 -0.849978 0.956086
2 56 0 1 0 0 0 0 1 0 0 0 0 1 0
2 57 42 0.766384 0.641121 -0.0402316 -0.30082 0.582301 -0.719787 -0.377931 0.146198 -0.271258 0.266214 -0.924959 0.942409
2 58 55 0.824814 -0.539455 -0.169324 0.0225964 0.475175 0.82367 -0.309477 0.28881 0.306416 0.174802 0.93571 -0.95712
2 59 47 0.95733 -0.234104 -0.169452 -0.148066 0.23033 0.972211 -0.041879 -0.0884596 0.174547 0.00106208 0.984648 -0.985013
2 60 0 1 0 0 0 0 1 0 0 0 0 1 0
2 61 0 1 0 0 0 0 1 0 0 0 0 1 0
2 62 0 1 0 0 0 0 1 0 0 0 0 1 0
2 63 0 1 0 0 0 0 1 0 0 0 0 1 0
2 64 20 0.737475 0.457715 -0.496616 0.255331 0.395846 -0.888718 -0.231271 -0.0823641 -0.547207 -0.0260268 -0.836592 0.963339
2 65 35 0.17292 0.984796 0.0166205 -0.133181 -0.967073 0.166561 0.192423 0.0224687 0.186729 -0.0493471 0.981171 -0.990837
2 66 71 0.997121 0.0587705 -0.0479116 0.264178 -0.050342 0.98562 0.161304 0.16046 0.0567026 -0.158428 0.985741 0.951032
2 67 216 -0.071413 0.780884 0.620581 -0.236975 0.389974 0.594504 -0.703196 0.467863 -0.918053 0.191793 -0.34698 0.851438
2 68 601 0.975026 -0.195405 0.105548 -0.047171 0.198529 0.979894 -0.0198398 0.800875 -0.0995487 0.0402985 0.994216 0.596971
2 69 617 0.98686 -0.155528 -0.0437923 -0.241824 0.159609 0.980518 0.114499 0.539496 0.0251313 -0.119984 0.992458 0.806515
2 70 463 0.983772 -0.17031 -0.056454 0.0926264 0.177968 0.886257 0.42764 -0.850964 -0.0227984 -0.430747 0.902185 0.516992
2 71 386 0.933397 -0.35704 0.0359538 -0.309457 0.35146 0.929809 0.109225 0.182362 -0.072428 -0.0893142 0.993367 0.933263
2 72 211 0.816294 -0.360655 0.451211 -0.901565 0.382839 0.922722 0.0449351 0.215898 -0.432548 0.136061 0.891285 0.374926
2 73 170 0.917611 -0.0859252 0.388082 -0.376012 0.378533 0.486762 -0.787258 0.874956 -0.121258 0.869298 0.479184 0.305068
2 74 87 0.794235 -0.60707 0.0256057 -0.154334 0.60506 0.794057 0.0581056 -0.103415 -0.0556066 -0.0306565 0.997982 -0.982592
2 75 88 0.79093 -0.574332 0.211124 -0.520026 0.602067 0.792049 -0.100859 0.15237 -0.109294 0.206883 0.972242 -0.84045
2 76 87 0.931799 -0.249059 -0.264046 0.130582 -0.355401 -0.478198 -0.803129 0.564367 0.0737604 0.842197 -0.5341 0.815131
2 77 71 0.646505 -0.742522 -0.175195 0.043326 -0.444823 -0.553444 0.704153 -0.486661 -0.61981 -0.377308 -0.688095 0.872516
2 78 0 1 0 0 0 0 1 0 0 0 0 1 0
2 79 0 1 0 0 0 0 1 0 0 0 0 1 0
2 80 0 1 0 0 0 0 1 0 0 0 0 1 0
2 81 0 1 0 0 0 0 1 0 0 0 0 1 0
2 82 0 1 0 0 0 0 1 0 0 0 0 1 0
2 83 0 1 0 0 0 0 1 0 0 0 0 1 0
2 84 0 1 0 0 0 0 1 0 0 0 0 1 0
2 85 0 1 0 0 0 0 1 0 0 0 0 1 0
2 86 0 1 0 0 0 0 1 0 0 0 0 1 0
2 87 0 1 0 0 0 0 1 0 0 0 0 1 0
2 88 82 0.91114 -0.411626 0.0197064 0.0584044 0.411039 0.911185 0.0280811 0.0873926 -0.029515 -0.0174857 0.999411 0.99446
2 89 541 0.734459 -0.207478 0.64616 -0.939744 0.223848 0.972899 0.0579549 -0.220191 -0.640673 0.102076 0.760998 0.261528
2 90 394 0.913071 -0.187474 0.362152 -0.924537 0.284643 0.928932 -0.236776 -0.0222917 -0.292026 0.319277 0.901545 -0.380439
2 91 516 0.930381 -0.217532 0.295079 -0.636859 0.302062 0.910988 -0.280818 0.209763 -0.207727 0.3504 0.913274 -0.741896
2 92 367 0.982362 -0.134759 0.129634 -0.197257 0.157284 0.970432 -0.183093 0.255625 -0.101127 0.200253 0.974511 -0.946438
2 93 432 0.847805 -0.100014 0.520791 -0.77324 0.371502 0.812819 -0.448678 0.630782 -0.378435 0.573866 0.726267 -0.0649214
2 94 1623 0.913411 -0.273137 0.301787 -0.634894 0.368074 0.87081 -0.325901 0.707188 -0.173784 0.408762 0.895943 -0.31112
2 95 4279 0.95957 -0.264707 0.0956861 -0.254788 0.274989 0.954175 -0.118031 0.330563 -0.0600576 0.139572 0.988389 -0.908741
2 96 3542 0.935109 -0.195262 -0.295709 0.811997 0.208417 0.977949 0.0133121 0.00849933 0.286589 -0.0740791 0.955185 -0.5836
2 97 1296 0.874536 0.0253801 -0.484296 0.939937 0.0370491 0.992215 0.118901 -0.329451 0.483543 -0.121926 0.866787 -0.0893342
2 98 95 0.925026 0.369807 -0.0870097 0.200934 -0.367012 0.92904 0.0467708 0.0329606 0.0981316 -0.0113305 0.995109 0.97905
2 99 38 0.36955 0.815875 -0.444726 0.257225 0.871496 -0.470368 -0.138738 -0.00884773 -0.322378 -0.336306 -0.884856 0.966311
2 100 19 0.936897 0.139031 -0.320772 -0.014976 0.200765 -0.965112 0.168082 -0.0863866 -0.286212 -0.221875 -0.932123 0.996149
2 101 0 1 0 0 0 0 1 0 0 0 0 1 0
2 102 0 1 0 0 0 0 1 0 0 0 0 1 0
2 103 0 1 0 0 0 0 1 0 0 0 0 1 0
2 104 25 0.759435 -0.5078 -0.406692 0.134393 0.63962 0.69705 0.324049 -0.288481 0.118933 -0.506222 0.854163 0.948007
2 105 0 1 0 0 0 0 1 0 0 0 0 1 0
2 106 0 1 0 0 0 0 1 0 0 0 0 1 0
2 107 0 1 0 0 0 0 1 0 0 0 0 1 0
2 108 51 0.990104 -0.140327 0.00162953 -0.125083 0.140334 0.990084 -0.00638513 -0.340582 -0.000717367 0.00655062 0.999978 0.931857
2 109 0 1 0 0 0 0 1 0 0 0 0 1 0
2 110 20 0.681378 -0.719574 -0.133927 0.0416218 -0.69839 -0.693933 0.175237 -0.440824 -0.219033 -0.0258694 -0.975375 0.896628
2 111 83 0.985521 -0.0655155 0.156381 0.337169 0.0696805 0.997342 -0.0212958 -0.420489 -0.15457 0.0318842 0.987467 0.842322
2 112 0 1 0 0 0 0 1 0 0 0 0 1 0
2 113 0 1 0 0 0 0 1 0 0 0 0 1 0
2 114 0 1 0 0 0 0 1 0 0 0 0 1 0
2 115 0 1 0 0 0 0 1 0 0 0 0 1 0
2 116 0 1 0 0 0 0 1 0 0 0 0 1 0
2 117 12 0.942311 0.329411 -0.0594864 0.253857 -0.285631 0.883932 0.370242 0.0491595 0.174544 -0.331892 0.927029 0.965992
2 118 0 1 0 0 0 0 1 0 0 0 0 1 0
2 119 0 1 0 0 0 0 1 0 0 0 0 1 0
2 120 0 1 0 0 0 0 1 0 0 0 0 1 0
2 121 0 1 0 0 0 0 1 0 0 0 0 1 0
2 122 0 1 0 0 0 0 1 0 0 0 0 1 0
2 123 0 1 0 0 0 0 1 0 0 0 0 1 0
2 124 0 1 0 0 0 0 1 0 0 0 0 1 0
2 125 0 1 0 0 0 0 1 0 0 0 0 1 0
2 126 63 0.902448 -0.430161 0.0234285 -0.0650012 0.421752 0.871105 -0.251597 -0.240929 0.0878185 0.236934 0.967548 0.968364
2 127 98 0.638388 0.0331606 0.769 -0.856172 0.365306 0.866332 -0.340618 0.324018 -0.677505 0.498366 0.540942 0.40247
2 128 213 0.754936 -0.0738189 0.651631 -0.905003 0.114925 0.99316 -0.0206365 0.225036 -0.64565 0.0904682 0.758256 0.36101
2 129 0 1 0 0 0 0 1 0 0 0 0 1 0
2 130 0 1 0 0 0 0 1 0 0 0 0 1 0
2 131 0 1 0 0 0 0 1 0 0 0 0 1 0
2 132 0 1 0 0 0 0 1 0 0 0 0 1 0
2 133 90 -0.51924 0.0147035 0.854502 -0.544824 0.149283 0.986041 0.0737454 0.0600305 -0.841489 0.165854 -0.514187 0.836399
2 134 49 -0.262034 0.591157 0.762805 -0.401754 0.578476 0.728896 -0.366164 0.381622 -0.772466 0.345317 -0.532966 0.832441
2 135 0 1 0 0 0 0 1 0 0 0 0 1 0
2 136 0 1 0 0 0 0 1 0 0 0 0 1 0
2 137 0 1 0 0 0 0 1 0 0 0 0 1 0
2 138 0 1 0 0 0 0 1 0 0 0 0 1 0
2 139 28 0.780527 0.298239 0.549392 -0.643046 -0.370001 0.928783 0.0214725 0.049593 -0.503862 -0.220036 0.835289 0.76422
2 140 24 -0.130204 -0.643847 0.753995 -0.146458 0.939222 0.16355 0.301848 -0.0849223 -0.31766 0.747471 0.58342 0.985565
2 141 248 0.778942 -0.197984 0.595022 -0.873499 0.144125 0.979974 0.137398 0.0526311 -0.610309 -0.0212672 0.791878 0.483972
2 142 282 0.316938 -0.167693 0.933504 -0.733606 0.193343 0.975001 0.109505 -0.105128 -0.928531 0.14578 0.341437 0.671394
2 143 29 0.978759 -0.160222 0.127906 -0.33605 0.148948 0.984427 0.0933758 -0.0454751 -0.140875 -0.0723411 0.987381 -0.940746
2 144 0 1 0 0 0 0 1 0 0 0 0 1 0
2 145 0 1 0 0 0 0 1 0 0 0 0 1 0
2 146 0 1 0 0 0 0 1 0 0 0 0 1 0
2 147 0 1 0 0 0 0 1 0 0 0 0 1 0
2 148 0 1 0 0 0 0 1 0 0 0 0 1 0
2 149 25 0.68448 -0.622399 0.379614 0.430539 0.660392 0.749919 0.0387855 -0.272556 -0.30882 0.224146 0.924332 0.860435
2 150 15 0.959988 0.263312 -0.0953435 0.228875 -0.257392 0.963766 0.0700352 0.0169679 0.11033 -0.0426922 0.992978 0.973308
2 151 22 0.553671 0.831305 -0.0487926 0.289115 -0.784308 0.540267 0.304914 -0.0501279 0.279838 -0.130554 0.951129 0.955981
2 152 23 -0.803936 0.592168 0.0549897 0.195312 0.557054 0.782181 -0.279077 0.0330382 -0.208272 -0.193728 -0.958693 0.980184
2 153 36 0.793439 -0.398039 -0.460456 0.225457 -0.374179 -0.915667 0.146775 0.00144549 -0.480046 0.0558364 -0.875464 0.974252
2 154 0 1 0 0 0 0 1 0 0 0 0 1 0
2 155 0 1 0 0 0 0 1 0 0 0 0 1 0
2 156 0 1 0 0 0 0 1 0 0 0 0 1 0
2 157 0 1 0 0 0 0 1 0 0 0 0 1 0
2 158 0 1 0 0 0 0 1 0 0 0 0 1 0
2 159 0 1 0 0 0 0 1 0 0 0 0 1 0
2 160 0 1 0 0 0 0 1 0 0 0 0 1 0
3 4 3418 0.965975 0.144903 -0.214231 0.985337 -0.140452 0.989435 0.0359394 0.128869 0.217175 -0.00462746 0.976122 0.11182
3 5 1566 0.931924 0.206643 -0.298021 0.904351 -0.202113 0.978267 0.0463011 -0.0284541 0.301112 0.0170846 0.953436 0.42584
3 6 438 0.710468 0.298594 -0.637241 0.84261 -0.207756 0.954156 0.215461 -0.313213 0.672363 -0.0206877 0.739932 0.43807
3 7 21 0.83922 0.289184 -0.460524 -0.755561 -0.246248 0.957165 0.152306 0.0749559 0.484841 -0.0144151 0.874483 0.650775
3 8 0 1 0 0 0 0 1 0 0 0 0 1 0
3 9 37 0.740009 0.364727 -0.56512 -0.306777 -0.302914 0.930897 0.204141 0.252911 0.600524 0.0201162 0.799353 -0.917564
3 10 0 1 0 0 0 0 1 0 0 0 0 1 0
3 11 0 1 0 0 0 0 1 0 0 0 0 1 0
3 12 0 1 0 0 0 0 1 0 0 0 0 1 0
3 13 57 0.211531 0.94347 0.255186 0.0230554 0.93808 -0.269271 0.217943 -0.240381 0.274337 0.193283 -0.942009 0.970405
3 14 0 1 0 0 0 0 1 0 0 0 0 1 0
3 15 0 1 0 0 0 0 1 0 0 0 0 1 0
3 16 0 1 0 0 0 0 1 0 0 0 0 1 0
3 17 65 0.733185 -0.641906 -0.224491 -0.048448 0.657182 0.753681 -0.00871333 -0.255671 0.174788 -0.141143 0.974437 0.965549
3 18 47 0.71242 -0.610531 -0.34599 -0.164268 0.498727 0.787348 -0.362429 -0.1058 0.493689 0.0856475 0.865411 0.980725
3 19 16 0.915773 -0.320554 -0.242084 -0.131499 0.260095 0.932447 -0.250784 0.0584153 0.306121 0.166697 0.937285 -0.989594
3 20 90 0.911485 -0.382735 -0.150692 -0.0274809 0.397198 0.914185 0.0806195 -0.106892 0.106905 -0.133338 0.985288 0.993891
3 21 133 0.940972 -0.298583 -0.159434 -0.0523194 0.312428 0.94738 0.0697098 -0.148291 0.13023 -0.115407 0.984744 0.987559
3 22 118 0.964945 -0.250671 -0.0777529 -0.035116 0.256871 0.962801 0.083853 -0.199272 0.0538411 -0.100886 0.99344 0.979315
3 23 126 -0.123806 -0.873762 -0.470333 0.103082 -0.991937 0.121903 0.0346417 -0.150406 0.0270666 0.470829 -0.881809 0.983236
3 24 17 0.332468 -0.939429 -0.0832991 0.254961 0.90299 0.342568 -0.259339 -0.128797 0.272166 0.0110037 0.962187 0.958335
3 25 45 0.271833 0.930726 -0.244654 0.0160719 0.946975 -0.303957 -0.104152 -0.117857 -0.171301 -0.203369 -0.964 0.992901
3 26 0 1 0 0 0 0 1 0 0 0 0 1 0
3 27 0 1 0 0 0 0 1 0 0 0 0 1 0
3 28 0 1 0 0 0 0 1 0 0 0 0 1 0
3 29 0 1 0 0 0 0 1 0 0 0 0 1 0
3 30 0 1 0 0 0 0 1 0 0 0 0 1 0
3 31 0 1 0 0 0 0 1 0 0 0 0 1 0
3 32 0 1 0 0 0 0 1 0 0 0 0 1 0
3 33 0 1 0 0 0 0 1 0 0 0 0 1 0
3 34 0 1 0 0 0 0 1 0 0 0 0 1 0
3 35 0 1 0 0 0 0 1 0 0 0 0 1 0
3 36 0 1 0 0 0 0 1 0 0 0 0 1 0
3 37 0 1 0 0 0 0 1 0 0 0 0 1 0
3 38 0 1 0 0 0 0 1 0 0 0 0 1 0
3 39 0 1 0 0 0 0 1 0 0 0 0 1 0
3 40 45 0.74052 0.071488 -0.668221 0.637627 0.00848868 -0.995242 -0.0970664 0.0448826 -0.67198 0.0662073 -0.737604 0.769036
3 41 0 1 0 0 0 0 1 0 0 0 0 1 0
3 42 0 1 0 0 0 0 1 0 0 0 0 1 0
3 43 0 1 0 0 0 0 1 0 0 0 0 1 0
3 44 0 1 0 0 0 0 1 0 0 0 0 1 0
3 45 0 1 0 0 0 0 1 0 0 0 0 1 0
3 46 17 0.76351 -0.63007 -0.141653 -0.291974 0.603622 0.774236 -0.190263 0.228074 0.229551 0.0597629 0.97146 -0.928834
3 47 0 1 0 0 0 0 1 0 0 0 0 1 0
3 48 0 1 0 0 0 0 1 0 0 0 0 1 0
3 49 0 1 0 0 0 0 1 0 0 0 0 1 0
3 50 0 1 0 0 0 0 1 0 0 0 0 1 0
3 51 0 1 0 0 0 0 1 0 0 0 0 1 0
3 52 0 1 0 0 0 0 1 0 0 0 0 1 0
3 53 0 1 0 0 0 0 1 0 0 0 0 1 0
3 54 0 1 0 0 0 0 1 0 0 0 0 1 0
3 55 0 1 0 0 0 0 1 0 0 0 0 1 0
3 56 0 1 0 0 0 0 1 0 0 0 0 1 0
3 57 60 0.0904524 -0.303577 -0.948504 0.497489 -0.397549 0.862228 -0.313875 0.3622 0.913112 0.405468 -0.0426963 0.788236
3 58 0 1 0 0 0 0 1 0 0 0 0 1 0
3 59 0 1 0 0 0 0 1 0 0 0 0 1 0
3 60 0 1 0 0 0 0 1 0 0 0 0 1 0
3 61 20 0.796699 -0.589639 0.13265 -0.155794 0.385257 0.664579 0.640243 0.23573 -0.465669 -0.458977 0.756633 0.95925
3 62 0 1 0 0 0 0 1 0 0 0 0 1 0
3 63 0 1 0 0 0 0 1 0 0 0 0 1 0
3 64 0 1 0 0 0 0 1 0 0 0 0 1 0
3 65 0 1 0 0 0 0 1 0 0 0 0 1 0
3 66 87 -0.263106 0.881988 -0.390988 0.291758 0.907023 0.0880327 -0.411776 0.138898 -0.328762 -0.462976 -0.823145 0.946353
3 67 255 0.985087 -0.171729 -0.0106592 0.057818 0.168225 0.948275 0.269211 -0.606787 -0.0361236 -0.26699 0.963022 0.792759
3 68 442 0.955352 -0.294166 -0.0277367 -0.177319 0.294998 0.95492 0.0332264 0.705604 0.0167122 -0.0399252 0.999063 0.686062
3 69 414 0.911825 -0.204325 0.356128 -0.586178 0.390897 0.697358 -0.600742 0.73895 -0.125602 0.686981 0.715738 0.332186
