0 1 3531 0.976956 0.07926 -0.198179 0.897017 -0.0787719 0.996839 0.0103584 0.224137 0.198374 0.00549124 0.980111 -0.38095
0 2 1294 0.905372 0.136923 -0.401938 0.969605 -0.150163 0.98866 -0.00145117 0.0991718 0.397181 0.0616699 0.915666 -0.223678
0 3 474 0.22368 0.477746 -0.849544 0.758877 0.0534995 0.864297 0.500129 -0.340159 0.973193 -0.157319 0.167766 0.555336
0 4 110 0.960448 -0.0182479 0.277859 -0.146396 -0.00481542 0.996613 0.0820958 -0.19636 -0.278416 -0.0801868 0.957107 0.969542
0 5 96 -0.774817 -0.0192299 0.631893 -0.138436 0.446807 0.690464 0.568879 -0.256683 -0.447239 0.723112 -0.526391 0.95653
0 6 30 0.905822 -0.0538321 -0.420225 0.357747 -0.274598 -0.829936 -0.485596 0.135385 -0.322619 0.555256 -0.766556 0.923953
0 7 0 1 0 0 0 0 1 0 0 0 0 1 0
0 8 27 0.393356 -0.727471 -0.56219 0.024691 0.701861 0.632578 -0.327471 -0.0932289 0.593854 -0.265766 0.759411 0.995338
0 9 0 1 0 0 0 0 1 0 0 0 0 1 0
0 10 20 0.972933 0.154371 0.171963 -0.0109016 -0.18355 0.968337 0.169211 0.130772 -0.140397 -0.196194 0.970462 -0.991353
0 11 113 0.906367 0.372032 -0.200227 0.187811 0.41616 -0.867895 0.271236 -0.347204 -0.0728674 -0.329166 -0.941456 0.918791
0 12 182 0.8752 0.483535 0.014775 0.0614987 0.442325 -0.812231 0.380303 -0.229851 0.19589 -0.326306 -0.924744 0.971281
0 13 86 -0.449495 -0.864856 0.22356 -0.123623 -0.886284 0.463049 0.00935119 -0.0502525 -0.111607 -0.193934 -0.974645 0.991056
0 14 122 0.688846 -0.523758 -0.501167 0.137791 -0.525587 -0.836994 0.152313 -0.257448 -0.499249 0.158487 -0.851841 0.956417
0 15 228 0.502362 -0.0816301 -0.860796 0.48443 -0.832308 -0.315415 -0.455825 0.239833 -0.234299 0.945436 -0.226394 0.841313
0 16 185 0.884272 0.457233 -0.0948709 0.116749 -0.434044 0.879715 0.194183 -0.232159 0.172246 -0.130532 0.976367 0.965646
0 17 215 0.568883 -0.767856 -0.294565 -0.00883388 -0.704043 -0.639818 0.30815 -0.291023 -0.425083 0.0320852 -0.904585 0.956675
0 18 183 -0.236259 0.968395 -0.0799571 -0.0570514 -0.969486 -0.240463 -0.0476899 -0.242186 -0.0654093 0.0662502 0.995657 0.968551
0 19 318 -0.132807 -0.98879 0.0682452 -0.149361 -0.824875 0.14844 0.545478 -0.26742 -0.549494 0.0161497 -0.835342 0.951934
0 20 402 0.956906 0.259187 0.13097 -0.00764354 -0.289607 0.885002 0.364553 -0.524508 -0.0214216 -0.386773 0.921926 0.851371
0 21 214 0.72258 -0.689859 0.0444199 -0.0409863 0.666017 0.677511 -0.312091 -0.184451 0.185204 0.255095 0.949013 0.981987
0 22 325 0.958011 0.263817 0.112319 -0.000243062 -0.286129 0.904982 0.314862 -0.574701 -0.018581 -0.333779 0.942468 0.818363
0 23 260 -0.292884 0.919921 -0.260701 0.109753 0.277198 0.342641 0.89764 -0.368771 0.915085 0.190639 -0.355355 0.923018
0 24 34 -0.901252 0.409331 0.142104 -0.0645878 -0.432995 -0.863029 -0.260185 0.0426799 0.0161383 -0.296023 0.955045 -0.996999
0 25 18 -0.654797 0.749177 -0.0998755 0.145941 -0.754227 -0.639166 0.150364 -0.158826 0.0488123 0.173787 0.983573 -0.976461
0 26 100 -0.513297 -0.300997 -0.803696 0.172715 -0.816041 0.461126 0.348482 -0.146861 0.265713 0.834724 -0.48232 0.973962
0 27 25 0.990453 -0.111349 0.0812711 0.0296065 0.107723 0.993035 0.0477271 -0.276927 -0.0860194 -0.0385167 0.995549 0.960435
0 28 150 0.842713 -0.509963 -0.172546 0.000634938 0.535717 0.762599 0.362561 -0.171826 -0.0533097 -0.39797 0.915848 0.985127
0 29 102 0.496705 0.839769 0.219253 0.0489849 -0.863695 0.453359 0.220221 -0.143452 0.0855344 -0.298753 0.95049 0.988444
0 30 36 0.496318 -0.861512 -0.107073 0.179365 0.857623 0.505702 -0.0935334 -0.0268872 0.134727 -0.045406 0.989842 0.983415
0 31 51 0.977105 0.0129028 0.212364 0.118325 -0.0630646 0.970865 0.231178 -0.011814 -0.203194 -0.239278 0.949452 -0.992905
0 32 98 0.811941 -0.579626 -0.0691828 0.0332222 -0.145249 -0.0858184 -0.985666 0.57595 0.56538 0.810351 -0.15387 0.816809
0 33 37 0.913625 -0.390584 -0.11284 -0.0573232 0.384112 0.920217 -0.0752225 -0.116749 0.133218 0.0253821 0.990762 0.991506
0 34 55 0.877212 -0.378004 -0.295994 0.135688 -0.256097 -0.889897 0.377488 -0.176479 -0.406096 -0.255334 -0.877434 0.974907
0 35 101 -0.180814 -0.276524 0.943844 -0.468822 0.114904 0.94715 0.299505 -0.0711911 -0.976782 0.162606 -0.139485 0.880419
0 36 84 0.888587 -0.457549 0.0326032 0.278798 0.453632 0.887075 0.0855334 0.0761173 -0.0680572 -0.061214 0.995802 0.957329
0 37 68 -0.508926 -0.450519 0.733503 -0.316415 -0.1438 0.884629 0.443568 -0.175591 -0.848714 0.120265 -0.514996 0.932228
0 38 47 0.160096 -0.984063 -0.077386 -0.00454543 -0.911727 -0.177463 0.370486 -0.0858057 -0.378315 0.0112414 -0.925609 0.996302
0 39 72 0.982449 -0.186515 0.00248519 0.221678 0.185756 0.979492 0.0780411 0.0415983 -0.01699 -0.0762097 0.996947 0.974232
0 40 144 0.965517 -0.260112 -0.0108477 -0.160857 0.259141 0.964233 -0.0556892 0.194425 0.0249452 0.0509578 0.998389 -0.967638
0 41 355 0.929006 -0.293447 0.225471 -0.990034 0.300809 0.953683 0.00178276 -0.077657 -0.215551 0.0661674 0.974248 0.117485
0 42 663 0.882962 -0.274247 0.381008 -0.982077 0.329026 0.940435 -0.0855798 -0.017758 -0.334843 0.200925 0.920603 0.187642
0 43 553 0.682139 -0.130199 0.719537 -0.795065 0.220379 0.974872 -0.0325227 0.185625 -0.697222 0.180756 0.693692 0.577421
0 44 394 0.584168 -0.18989 0.789107 -0.767619 0.248705 0.967356 0.0486691 0.0837727 -0.772589 0.167824 0.612325 0.635408
0 45 1013 0.646622 -0.236086 0.725357 -0.799905 0.325967 0.945227 0.0170633 0.00661223 -0.689656 0.225409 0.688161 0.60009
0 46 1171 0.919088 -0.268859 0.288084 -0.929864 0.286529 0.957859 -0.020191 0.0674032 -0.270515 0.101102 0.957392 0.361677
0 47 770 0.682287 0.106673 0.72326 -0.646959 0.336391 0.832544 -0.440126 0.50783 -0.649096 0.54359 0.53215 0.568817
0 48 627 0.82664 -0.0444045 0.560977 -0.704306 0.294222 0.883874 -0.363593 0.589299 -0.479688 0.465612 0.74371 0.395829
0 49 664 0.748227 -0.287374 0.597974 -0.910598 0.366823 0.930214 -0.0119521 0.135614 -0.552809 0.228293 0.801427 0.390411
0 50 195 0.910039 -0.412701 0.038819 0.0467386 0.407381 0.907739 0.100251 0.0128362 -0.0766111 -0.0754182 0.994205 -0.998825
0 51 34 0.735361 -0.67734 0.0213214 -0.258092 0.668137 0.729911 0.144302 -0.243865 -0.113304 -0.0918681 0.989304 -0.934836
0 52 29 0.891078 -0.438589 -0.116704 -0.0356849 0.439773 0.770856 0.460848 0.281787 -0.112161 -0.461975 0.879772 0.958813
0 53 67 0.994155 -0.100337 -0.039849 -0.0551903 0.103386 0.778508 0.619061 -0.674457 -0.031092 -0.619563 0.784331 -0.736249
0 54 32 -0.951696 -0.242143 -0.188793 0.119626 0.301168 -0.855884 -0.420429 0.183093 -0.0597808 -0.456979 0.887467 -0.97579
0 55 77 0.344404 0.872388 0.346879 0.00195973 -0.936632 0.344509 0.0635203 -0.0381218 -0.0640884 -0.346774 0.935757 -0.999271
0 56 0 1 0 0 0 0 1 0 0 0 0 1 0
0 57 103 -0.738746 -0.668391 0.0866431 -0.398419 0.667697 -0.708266 0.229218 -0.205727 -0.0918408 0.227185 0.969511 0.893834
0 58 69 0.81852 -0.504145 0.275432 -0.377408 -0.483047 -0.8635 -0.145031 -0.199288 0.310952 -0.0143363 -0.950317 0.904349
0 59 205 0.0330895 -0.515653 0.856158 -0.632541 -0.566526 0.696038 0.441111 -0.231165 -0.823379 -0.499632 -0.2691 0.739225
0 60 157 0.850414 -0.522863 -0.058403 0.155549 0.52557 0.849333 0.0490831 -0.146743 0.0239399 -0.0724358 0.997086 0.976868
0 61 79 0.0703195 0.94189 0.328478 0.117807 -0.868649 0.219709 -0.444045 -0.212931 -0.490412 -0.254107 0.833622 0.969939
0 62 129 -0.156111 -0.9135 -0.375695 0.0835682 -0.983449 0.179166 -0.0269928 -0.00480504 0.0919696 0.365263 -0.92635 0.99649
0 63 103 0.787736 -0.427432 -0.443591 0.182826 -0.508109 -0.857969 -0.075592 0.095985 -0.348277 0.284939 -0.893036 0.978448
0 64 60 0.999817 -0.0072472 -0.0176864 0.212389 0.0134475 0.924291 0.381452 0.219776 0.0135829 -0.38162 0.92422 0.95215
0 65 123 0.80598 -0.188444 -0.561146 0.244004 -0.550232 -0.58805 -0.592826 0.368874 -0.218267 0.786566 -0.577644 0.89688
0 66 87 -0.857041 -0.438062 0.27126 -0.31464 -0.262174 0.823977 0.502321 -0.0915125 -0.44356 0.359392 -0.821031 0.944789
0 67 104 0.970934 -0.218787 0.0970571 0.294097 0.183736 0.941182 0.28358 0.224829 -0.153392 -0.257504 0.954024 0.928956
0 68 228 0.996046 0.0627554 -0.0628861 0.404107 -0.0673716 0.994966 -0.0741934 0.679216 0.0579135 0.0781367 0.995259 -0.61267
0 69 166 0.993669 -0.0929225 -0.063141 0.0935465 0.103716 0.974762 0.197693 0.0605716 0.0431773 -0.20299 0.978228 -0.993771
0 70 413 0.997119 -0.0758092 0.00265868 -0.0599381 0.0746478 0.986867 0.143254 0.277709 -0.0134837 -0.142643 0.989682 -0.958794
0 71 424 0.953606 -0.287493 0.0893507 -0.171644 0.300209 0.88579 -0.353907 0.93899 0.0226001 0.364312 0.931003 -0.298053
0 72 511 0.976987 -0.201183 0.0708722 -0.0974799 0.210346 0.853596 -0.476581 0.991791 0.0353835 0.480521 0.876269 -0.082759
0 73 741 0.929862 -0.291533 0.22442 -0.512918 0.349699 0.88989 -0.292928 0.844846 -0.114311 0.350862 0.929424 -0.152149
0 74 849 0.894279 -0.343233 0.287153 -0.703776 0.417786 0.870294 -0.26085 0.709209 -0.160376 0.353241 0.921683 0.0414974
0 75 1059 0.775677 -0.285338 0.562945 -0.783113 0.534884 0.770656 -0.346392 0.450153 -0.334998 0.569799 0.750403 0.429065
0 76 753 0.758318 -0.329928 0.562229 -0.860623 0.495036 0.852601 -0.167365 0.280824 -0.424139 0.405239 0.809869 0.424813
0 77 697 0.796811 -0.46643 0.384102 -0.910463 0.533626 0.841414 -0.0852341 0.0764146 -0.283433 0.272883 0.919348 0.406471
0 78 405 0.532008 -0.160061 0.831473 -0.7922 0.659048 0.694803 -0.287933 0.213895 -0.531623 0.701163 0.475129 0.571548
0 79 139 0.900658 -0.428114 -0.074386 -0.0757053 0.431141 0.901779 0.030195 -0.0307058 0.0541528 -0.0592662 0.996772 -0.996657
0 80 101 0.711623 -0.687055 0.146789 -0.208065 -0.702509 -0.698417 0.136728 -0.0674199 0.00858021 -0.20042 -0.979673 0.975789
0 81 16 0.940361 -0.194497 -0.27909 -0.279729 0.292876 0.880235 0.373377 0.142259 0.173044 -0.432848 0.884703 0.949481
0 82 0 1 0 0 0 0 1 0 0 0 0 1 0
0 83 0 1 0 0 0 0 1 0 0 0 0 1 0
0 84 20 0.466567 0.817231 0.338303 -0.011216 -0.876717 0.477888 0.0546913 0.027118 -0.116976 -0.322113 0.939446 -0.999569
0 85 104 0.809754 -0.523603 -0.264836 0.273175 0.540654 0.841186 -0.0100108 -0.0294583 0.228018 -0.135078 0.964241 -0.961513
0 86 354 0.722458 -0.376373 0.579997 -0.98305 0.304354 0.926328 0.222004 -0.18114 -0.620824 0.0161357 0.783784 0.028315
0 87 734 0.755713 -0.326145 0.567915 -0.991611 0.279944 0.944829 0.170084 -0.125689 -0.592055 0.0304493 0.805322 -0.0301677
0 88 2059 0.931125 -0.229999 0.283032 -0.828288 0.22227 0.973162 0.0595881 0.00589455 -0.289141 0.00742561 0.957258 -0.560272
0 89 3514 0.994235 -0.047599 0.096076 -0.210781 0.0549577 0.995633 -0.0754582 0.180326 -0.0920647 0.0803033 0.99251 -0.960757
0 90 1897 0.999818 0.0112548 -0.0153861 0.0362306 -0.0148943 0.964951 -0.262006 0.264832 0.011898 0.262187 0.964944 -0.963614
0 91 857 0.999214 0.0159574 0.0363 0.050685 0.00870694 0.804813 -0.593465 0.865974 -0.0386849 0.593314 0.804041 -0.497513
0 92 377 0.944684 0.200591 0.25949 -0.230567 -0.321442 0.723451 0.610978 -0.952474 -0.0651718 -0.660592 0.747911 -0.199078
0 93 321 0.972863 0.000233219 -0.231381 0.408386 -0.158064 0.730962 -0.66386 0.900537 0.168976 0.682418 0.711163 -0.149179
0 94 704 0.967649 -0.167286 -0.188865 0.309808 0.0224949 0.8028 -0.595824 0.92782 0.251294 0.572301 0.780592 -0.207771
0 95 937 0.807333 -0.108325 -0.580068 0.894462 -0.0808487 0.953431 -0.290573 0.4228 0.584531 0.281487 0.760978 -0.145526
0 96 388 0.620811 -0.0389364 -0.782992 0.991286 0.0116821 0.999114 -0.0404213 0.126243 0.783873 0.015947 0.620717 0.0376269
0 97 233 0.901081 -0.304777 0.308485 -0.658835 0.147783 0.884606 0.442303 -0.707515 -0.407692 -0.352962 0.842143 -0.255654
0 98 176 0.942899 0.320978 0.0889648 -0.304539 -0.312302 0.944822 -0.0988903 0.217772 -0.115797 0.0654597 0.991114 -0.927271
0 99 101 -0.584362 -0.435148 -0.684958 0.40505 -0.689092 0.711865 0.135647 0.0790848 0.428571 0.551266 -0.715844 0.910868
0 100 71 0.744704 -0.666756 0.0291889 0.170014 0.656999 0.740092 0.143582 -0.253493 -0.117337 -0.0877493 0.989208 0.952279
0 101 131 0.00716124 0.912437 -0.409154 0.174981 0.813224 0.232787 0.533363 -0.200199 0.581906 -0.336553 -0.740349 0.964003
0 102 101 -0.000576391 -0.992919 -0.118793 0.139091 -0.958603 -0.0332773 0.282796 -0.0759335 -0.284747 0.114038 -0.951795 0.987364
0 103 29 0.256192 0.869503 0.42229 -0.0646031 -0.96384 0.196645 0.179841 0.178978 0.0733313 -0.453094 0.888441 -0.98173
0 104 97 0.995302 0.0752601 -0.0609089 -0.120245 -0.0816724 0.990489 -0.110728 0.193498 0.0519962 0.115182 0.991983 -0.973704
0 105 77 0.88538 0.34025 -0.316753 0.162884 0.137095 -0.842189 -0.521461 0.279739 -0.444193 0.418266 -0.792304 0.946158
0 106 22 -0.793189 -0.536493 0.288142 -0.207678 -0.562139 0.827008 -0.00762747 0.270258 -0.234204 -0.168026 -0.957557 0.940122
0 107 54 0.694684 -0.653504 0.300579 0.231933 -0.69569 -0.504181 0.51168 -0.181724 -0.182839 -0.564566 -0.804882 0.955606
0 108 0 1 0 0 0 0 1 0 0 0 0 1 0
0 109 51 0.243915 -0.913836 -0.324668 0.0247937 -0.930518 -0.314844 0.187109 -0.335287 -0.273207 0.256471 -0.927136 0.94179
0 110 46 -0.110492 0.97907 0.170918 0.143594 0.928345 0.0402576 0.369535 -0.279786 0.35492 0.199501 -0.913363 0.949263
0 111 68 0.996391 0.0774315 -0.0347637 0.141118 0.0731249 -0.991063 -0.111566 -0.22135 -0.0430917 0.108621 -0.993149 0.96493
0 112 30 0.796926 0.382712 -0.467376 0.370583 0.383444 -0.918332 -0.0981659 -0.223379 -0.466776 -0.100982 -0.878591 0.901538
0 113 0 1 0 0 0 0 1 0 0 0 0 1 0
0 114 59 -0.758187 0.638818 0.130631 -0.247373 -0.634424 -0.769001 0.0783845 0.136192 0.150529 -0.0234454 0.988328 0.959301
0 115 0 1 0 0 0 0 1 0 0 0 0 1 0
0 116 25 0.969297 -0.245747 -0.00852031 0.0954383 -0.24573 -0.969334 0.00292891 -0.0582379 -0.0089788 -0.00074529 -0.999959 0.99373
0 117 40 0.677786 -0.562804 -0.473136 0.0845215 -0.645447 -0.763631 -0.0162745 -0.0499895 -0.352142 0.316415 -0.880839 0.995167
0 118 52 -0.874302 0.431542 0.222187 -0.152252 -0.468047 -0.870805 -0.150438 0.0731495 0.128561 -0.235522 0.963328 0.985631
0 119 19 0.979068 0.160675 -0.124934 -0.212555 -0.115071 0.943295 0.311372 0.0181491 0.16788 -0.290478 0.94204 0.976981
0 120 15 0.945473 -0.115465 -0.304548 -0.0448888 0.236851 0.885585 0.399551 -0.0862373 0.223568 -0.449897 0.864644 0.995263
0 121 42 -0.349703 -0.696609 0.626454 -0.340002 -0.715603 0.630187 0.301291 -0.0696065 -0.604665 -0.34293 -0.718874 0.937845
0 122 0 1 0 0 0 0 1 0 0 0 0 1 0
0 123 265 -0.338342 0.789891 0.511466 -0.177696 0.906151 0.420069 -0.049309 -0.132472 -0.2538 0.446782 -0.857888 0.975128
0 124 134 0.906622 -0.412153 0.0903687 -0.389465 0.419704 0.858841 -0.293668 0.191002 0.0434241 0.304174 0.951626 -0.901019
0 125 380 0.654047 -0.021044 0.756161 -0.820362 0.626108 0.576031 -0.525526 0.424916 -0.424512 0.817157 0.389927 0.382692
0 126 541 0.893534 -0.243066 0.377514 -0.888825 0.367764 0.878551 -0.304792 0.379279 -0.25758 0.411178 0.874406 -0.257171
0 127 802 0.951898 0.126245 0.279199 -0.510501 0.0335365 0.862782 -0.504463 0.85611 -0.304574 0.489561 0.817046 0.0804024
0 128 980 0.996261 0.0824564 0.0257922 -0.434236 -0.0832497 0.996035 0.0313603 0.638485 -0.0231041 -0.0333903 0.999175 -0.635434
0 129 848 0.972917 0.0642725 0.222039 -0.662196 -0.084502 0.992974 0.0828348 0.650486 -0.215155 -0.0993541 0.971513 -0.371975
0 130 590 0.755117 -0.0433711 0.654154 -0.904076 0.062999 0.997992 -0.00655448 0.424107 -0.652556 0.0461604 0.756333 -0.0527242
0 131 668 0.966791 -0.15077 0.20636 -0.529331 0.024976 0.859322 0.510825 -0.405739 -0.254346 -0.488706 0.83455 -0.745107
0 132 371 0.993843 -0.109492 -0.0169546 0.019645 0.0597479 0.400754 0.914236 -0.997879 -0.0933073 -0.90962 0.404828 -0.0620614
0 133 154 0.98059 0.03059 0.193667 -0.388323 -0.0498615 0.994187 0.0954293 0.172374 -0.189622 -0.103234 0.976415 -0.905258
0 134 161 0.953699 0.152408 0.259286 -0.420259 -0.224251 0.934824 0.275345 -0.0605557 -0.200422 -0.320741 0.925719 -0.905381
0 135 234 0.740112 -0.0262987 -0.671969 0.445341 -0.597801 -0.483391 -0.639505 0.309269 -0.308006 0.875009 -0.373485 0.840253
0 136 643 0.982631 -0.0353975 0.182164 -0.302741 -0.10846 0.686968 0.718548 -0.923924 -0.150576 -0.725825 0.671197 -0.233908
0 137 368 0.985608 0.0225934 0.167529 -0.380704 -0.121189 0.785356 0.607066 -0.887113 -0.117854 -0.618631 0.776792 -0.260951
0 138 447 0.969996 0.2046 -0.131325 0.384207 -0.209164 0.977637 -0.0218065 0.915366 0.123927 0.0486208 0.991099 -0.120374
0 139 674 0.995987 0.0376866 0.0811754 -0.521302 -0.0744653 0.852096 0.518061 -0.84969 -0.0496452 -0.522027 0.851483 0.0791935
0 140 2500 0.998749 0.00137095 0.0499953 -0.748787 -0.0122096 0.976063 0.217143 -0.650528 -0.0485009 -0.217482 0.974859 -0.127006
0 141 2880 0.991476 -0.0368576 0.124971 -0.978618 0.0190585 0.989864 0.140736 0.195589 -0.128891 -0.137155 0.982128 -0.0636485
0 142 1950 0.936216 -0.0453368 0.348488 -0.876608 0.0993335 0.985344 -0.138671 0.434476 -0.337094 0.164443 0.926999 0.206854
0 143 700 0.829637 -0.166519 0.532891 -0.914664 0.231662 0.971113 -0.0572091 0.221577 -0.507971 0.170913 0.844248 0.338074
0 144 206 0.8767 -0.291545 0.382621 -0.964646 0.30062 0.953012 0.0373539 0.187996 -0.375533 0.0822753 0.92315 0.184703
0 145 25 -0.692007 -0.623173 -0.364394 0.268079 -0.624224 0.770092 -0.131542 0.210614 0.36259 0.136435 -0.921908 0.940093
0 146 33 0.737558 -0.672727 -0.0587112 -0.0370606 -0.670967 -0.720253 -0.176179 0.149197 0.0762334 0.169335 -0.982606 0.988113
0 147 70 0.168101 -0.979973 -0.106747 -0.0870773 -0.984498 -0.161399 -0.0686538 0.0663602 0.05005 0.116633 -0.991913 0.993989
0 148 12 0.511374 0.772869 0.375726 0.212983 -0.851617 0.514317 0.101125 -0.282092 -0.115086 -0.371687 0.921197 0.935448
0 149 55 0.0760366 0.989091 0.126161 -0.0219187 -0.957842 0.0372994 0.284863 -0.137142 0.27705 -0.142502 0.95023 -0.990309
0 150 162 0.310987 0.802128 0.509783 -0.783285 -0.942366 0.3299 0.0557915 0.291281 -0.123425 -0.497752 0.858492 -0.549199
0 151 181 -0.163554 -0.172702 0.9713 -0.614391 -0.77396 0.632985 -0.0177769 0.166454 -0.611748 -0.754655 -0.237192 0.771244
0 152 215 -0.657208 -0.470785 0.588592 -0.154915 -0.611708 0.789398 -0.0516186 0.120634 -0.440332 -0.39397 -0.806781 0.980535
0 153 184 -0.0222811 0.117112 0.992869 -0.687668 -0.796642 0.597951 -0.0884077 0.244636 -0.604041 -0.792931 0.0799731 0.683568
0 154 177 0.121602 -0.905523 0.406499 -0.420878 -0.815416 0.142379 0.561092 -0.344959 -0.565959 -0.399696 -0.721064 0.838966
0 155 178 0.553034 -0.409858 -0.725376 0.383234 -0.522312 -0.848859 0.0814142 -0.253391 -0.64911 0.333848 -0.683522 0.888214
0 156 59 0.415649 0.759392 0.500559 -0.335318 -0.888562 0.45652 0.0452542 0.301864 -0.194149 -0.463587 0.864519 -0.892435
0 157 112 -0.71894 -0.606156 -0.340147 0.332589 -0.69506 0.629895 0.34659 -0.241553 0.0041698 0.4856 -0.874171 0.911612
0 158 66 0.922767 0.175274 -0.34319 0.227098 0.274899 -0.923515 0.267489 -0.186078 -0.270057 -0.341173 -0.900372 0.95593
0 159 38 0.266726 0.80856 0.524488 -0.275786 -0.963768 0.225452 0.142558 -0.102629 -0.00298072 -0.543509 0.839398 -0.955724
0 160 111 -0.659144 -0.743439 -0.113259 0.214536 -0.732947 0.668803 -0.124466 0.0732148 0.168281 0.0009721 -0.985739 0.973968
1 2 3471 0.962066 0.0594224 -0.266268 0.977027 -0.0729221 0.996491 -0.041094 0.0708417 0.262891 0.0589519 0.963023 -0.200997
1 3 1378 0.845959 0.129941 -0.517174 0.993615 -0.143261 0.989582 0.0142983 -0.00459052 0.513644 0.0619949 0.855761 0.112728
1 4 555 0.882697 0.402326 -0.242856 0.929446 -0.358296 0.910556 0.206185 -0.353063 0.304088 -0.0949846 0.947897 -0.107128
1 5 51 -0.870511 0.0709383 0.48701 -0.0584333 0.284516 0.879978 0.380382 -0.151258 -0.401574 0.469688 -0.786213 0.986766
1 6 40 -0.235505 0.803561 0.546651 0.287446 -0.960642 -0.277733 -0.00559804 -0.0521433 0.147325 -0.526454 0.837342 0.956376
1 7 39 -0.659064 0.727103 0.192242 -0.225273 0.74251 0.669718 0.0125241 -0.242655 -0.119642 0.150996 -0.981268 0.943594
1 8 24 0.735025 -0.555952 -0.388144 0.0520171 -0.572308 -0.815669 0.0845362 -0.206858 -0.363595 0.160002 -0.917714 0.976987
1 9 26 0.312487 0.949481 -0.0289487 0.0753733 -0.946608 0.308709 -0.0929071 -0.258286 -0.0792768 0.0564354 0.995254 0.963124
1 10 0 1 0 0 0 0 1 0 0 0 0 1 0
1 11 161 0.379789 0.774515 -0.505852 0.362318 0.663536 0.152941 0.732345 -0.407948 0.644578 -0.613788 -0.455833 0.838036
1 12 86 0.700919 -0.698776 -0.142916 0.0568065 -0.581207 -0.675726 0.453424 -0.227679 -0.413414 -0.23475 -0.879762 0.972078
1 13 47 0.990046 -0.139591 -0.0180042 -0.062538 0.136173 0.982346 -0.128267 0.0346662 0.0355914 0.124538 0.991576 0.99744
1 14 43 0.439687 -0.877257 0.192603 0.0487803 0.897598 0.421664 -0.128522 0.240805 0.031533 0.22939 0.972824 -0.969347
1 15 230 0.646693 0.741567 -0.17851 0.0426141 0.736815 -0.546846 0.397572 -0.256714 0.197208 -0.388636 -0.900039 0.965547
1 16 170 0.998468 0.0550633 0.0053606 0.0276237 -0.0535353 0.986083 -0.157396 0.00509254 -0.0139527 0.156868 0.987521 0.999605
1 17 129 0.628503 -0.753312 -0.193664 -0.09814 0.773656 0.631152 0.0557168 0.039674 0.0802592 -0.184847 0.979485 -0.994381
1 18 370 0.0564525 0.597052 0.800214 -0.267889 0.821282 0.427982 -0.377263 0.022446 -0.567722 0.678499 -0.466188 0.963188
1 19 370 0.521426 0.831335 0.192349 -0.0748182 -0.853296 0.507644 0.119099 -0.215828 0.00136627 -0.226231 0.974073 0.973561
1 20 220 0.785838 -0.615689 0.0581772 -0.013449 0.601471 0.739016 -0.30346 -0.153075 0.143843 0.273462 0.951066 0.988123
1 21 390 0.978489 -0.20607 0.00974907 -0.0619816 0.20365 0.972387 0.113979 -0.197019 -0.0329675 -0.109542 0.993435 0.978438
1 22 305 0.945211 -0.20398 -0.254887 0.101649 0.0467348 -0.688175 0.724038 -0.528161 -0.323096 -0.696281 -0.640938 0.843038
1 23 158 0.981484 -0.15035 0.118677 0.143538 0.149033 0.988631 0.0199435 -0.352168 -0.120326 -0.00188742 0.992733 0.924865
1 24 219 -0.638745 0.609951 0.469005 -0.00297954 0.743264 0.646728 0.171179 -0.0980416 -0.198908 0.457934 -0.866448 0.995178
1 25 55 -0.784227 0.603913 -0.142399 -0.00933591 0.503195 0.753293 0.423491 -0.0251333 0.36302 0.260458 -0.894639 0.999641
1 26 188 -0.452659 0.855379 -0.251847 0.108199 0.590063 0.499101 0.634605 -0.16878 0.668525 0.138654 -0.73065 0.979697
1 27 0 1 0 0 0 0 1 0 0 0 0 1 0
1 28 64 -0.330723 0.925176 0.186203 -0.0322646 0.856998 0.211803 0.469781 -0.0593387 0.395191 0.314943 -0.862922 0.997716
1 29 40 0.990511 -0.110244 -0.0820687 -0.0603669 0.0936811 0.978497 -0.18376 0.316401 0.100562 0.174328 0.979539 -0.946703
1 30 26 0.936825 0.347641 0.0387861 0.170101 0.349242 -0.923316 -0.15974 -0.106267 -0.0197203 0.163194 -0.986397 0.97968
1 31 0 1 0 0 0 0 1 0 0 0 0 1 0
1 32 0 1 0 0 0 0 1 0 0 0 0 1 0
1 33 0 1 0 0 0 0 1 0 0 0 0 1 0
1 34 13 -0.291292 0.955409 0.0483939 -0.147976 -0.954282 -0.293749 0.0552923 0.168777 0.0670424 -0.0300753 0.997297 -0.974483
1 35 0 1 0 0 0 0 1 0 0 0 0 1 0
1 36 0 1 0 0 0 0 1 0 0 0 0 1 0
1 37 0 1 0 0 0 0 1 0 0 0 0 1 0
1 38 38 -0.0862755 0.704721 0.704219 -0.307441 0.503542 0.640768 -0.579536 0.221799 -0.859652 0.304604 -0.410139 0.925357
1 39 0 1 0 0 0 0 1 0 0 0 0 1 0
1 40 26 -0.931572 0.327462 -0.157934 0.0531829 0.30014 0.937857 0.174185 -0.176771 0.205158 0.114863 -0.971965 0.982814
1 41 324 0.241896 -0.325863 0.913947 -0.75413 0.368642 0.902157 0.224091 -0.232228 -0.897547 0.282713 0.338355 0.614295
1 42 331 0.262471 -0.269371 0.926579 -0.740119 0.302991 0.934686 0.1859 -0.235127 -0.916136 0.231952 0.326945 0.630031
1 43 324 0.455847 -0.153808 0.876668 -0.823063 0.229833 0.971893 0.0510067 0.0140942 -0.859872 0.178236 0.478384 0.567775
1 44 151 0.892037 -0.255869 0.37256 -0.987728 0.236456 0.966711 0.0977651 -0.0567292 -0.385173 0.000883987 0.922844 0.145517
1 45 474 0.459248 -0.267102 0.8472 -0.710279 0.368041 0.925227 0.0921952 -0.124376 -0.808478 0.269464 0.523213 0.692845
1 46 612 0.766695 -0.318294 0.557556 -0.77421 0.376925 0.926185 0.0104255 -0.113305 -0.519718 0.202163 0.830074 0.622704
1 47 471 0.567084 -0.114934 0.815601 -0.745327 0.363676 0.923404 -0.122737 0.127031 -0.739023 0.366216 0.565447 0.654485
1 48 253 0.544914 -0.296265 0.784408 -0.702197 0.277186 0.946551 0.164949 -0.176236 -0.791351 0.127544 0.59791 0.689826
1 49 184 0.862163 -0.480357 0.161036 0.0352287 0.486268 0.873804 0.00308276 0.0502294 -0.142195 0.0756487 0.986944 0.998116
1 50 94 0.944475 -0.317781 0.0835595 0.273448 0.309231 0.945612 0.100964 0.0935423 -0.111099 -0.0695192 0.991375 0.957327
1 51 0 1 0 0 0 0 1 0 0 0 0 1 0
1 52 51 0.450547 -0.886193 -0.108027 -0.0562662 -0.828765 -0.370195 -0.419648 0.249471 0.331897 0.2786 -0.901236 0.966746
1 53 58 0.190692 0.950985 -0.243443 -0.16699 -0.940111 0.248296 0.233539 -0.0685872 0.282538 0.184329 0.941379 0.98357
1 54 0 1 0 0 0 0 1 0 0 0 0 1 0
1 55 88 -0.0507644 -0.776236 0.628395 -0.410397 -0.991055 -0.0386065 -0.127751 0.035522 0.123425 -0.629259 -0.767333 0.911215
1 56 74 0.996408 0.0841269 -0.00971705 -0.0473093 -0.0821494 0.98805 0.13042 0.399897 0.0205728 -0.129153 0.991411 -0.915338
1 57 64 0.934005 0.0275268 0.356197 -0.321123 0.0600516 -0.994938 -0.0805761 -0.0460545 0.352176 0.0966487 -0.93093 0.945917
1 58 123 -0.203581 -0.964903 -0.165881 -0.372795 0.970492 -0.176519 -0.164275 -0.181665 0.129228 -0.194429 0.972367 0.909957
1 59 139 0.982396 -0.0560783 -0.178197 0.15906 0.0484124 0.997717 -0.0470835 0.0218281 0.18043 0.0376276 0.982868 0.987028
1 60 173 0.49571 0.733058 -0.465722 0.198583 0.852429 -0.513318 0.099343 -0.0934996 -0.166239 -0.44624 -0.879337 0.975614
1 61 102 -0.957787 0.244115 0.151828 0.142121 -0.287248 -0.833811 -0.471431 -0.0596611 0.0115127 -0.495143 0.868735 0.98805
1 62 84 -0.691136 -0.596668 -0.407821 0.107105 -0.65575 0.754948 0.00676501 0.0136085 0.303847 0.272104 -0.913037 0.994155
1 63 72 0.955742 -0.29103 -0.0431105 -0.178217 0.274545 0.829578 0.486236 -0.810385 -0.105746 -0.476552 0.872764 0.558135
1 64 170 -0.987518 -0.157009 -0.0124981 0.171216 -0.152645 0.973588 -0.169782 0.136423 0.0388253 -0.165755 -0.985402 0.975743
1 65 40 0.996567 -0.0741288 0.0368741 -0.111023 0.0788741 0.985441 -0.150613 -0.0895639 -0.0251725 0.153004 0.987905 -0.989774
1 66 192 0.754428 0.652063 -0.075183 -0.0501735 0.203507 -0.123469 0.971257 -0.667936 0.624038 -0.748043 -0.225848 0.742526
1 67 241 0.341862 -0.777376 0.528031 0.172179 -0.918988 -0.394003 0.0149215 0.175512 0.196446 -0.490356 -0.849094 0.969304
1 68 444 0.995513 -0.0121756 0.0938347 0.101727 -0.000953302 0.990346 0.138617 0.140125 -0.0946165 -0.138084 0.985891 -0.984894
1 69 618 0.984844 -0.168989 -0.039051 -0.0135253 0.151405 0.947473 -0.28173 0.99597 0.0846091 0.271548 0.958699 -0.0886635
1 70 476 0.999134 0.0226148 0.0349153 -0.474744 -0.0316418 0.958021 0.284946 -0.775498 -0.0270056 -0.285804 0.957908 -0.416198
1 71 740 0.924972 -0.321614 0.202461 -0.285811 0.379978 0.773458 -0.507326 0.954314 0.00656786 0.546193 0.837633 0.0871546
1 72 702 0.927328 -0.302053 0.220969 -0.507738 0.346396 0.916251 -0.201232 0.830253 -0.14168 0.263151 0.954295 -0.22996
1 73 538 0.811418 -0.236439 0.534507 -0.734251 0.492539 0.768961 -0.407559 0.635626 -0.314652 0.593966 0.740404 0.238444
1 74 440 0.814329 -0.46136 0.352158 -0.912416 0.531128 0.837005 -0.131626 0.387873 -0.234031 0.294228 0.926639 0.130579
1 75 366 0.830594 -0.539244 0.139033 0.306326 0.555006 0.822046 -0.127316 0.223869 -0.0456374 0.182912 0.982069 -0.925228
1 76 535 0.516523 -0.226512 0.82577 -0.81615 0.597731 0.785911 -0.158306 0.135472 -0.613124 0.575357 0.541335 0.561736
1 77 203 0.856473 -0.511949 -0.0660491 -0.177737 0.508009 0.85866 -0.068044 -0.11639 0.0915488 0.0247243 0.995494 0.977171
1 78 124 0.870373 -0.491779 -0.0245961 -0.112502 0.489946 0.86994 -0.0561941 0.0162494 0.0490322 0.0368591 0.998117 -0.993519
1 79 142 0.850545 -0.519736 -0.0802977 -0.0801817 0.520693 0.853683 -0.01018 -0.0779325 0.0738398 -0.0331519 0.996719 -0.993729
1 80 27 0.286949 -0.915506 -0.281973 0.0131793 -0.956492 -0.25761 -0.136965 0.100686 0.0527533 0.309007 -0.949596 0.994831
1 81 42 0.389988 -0.909885 0.141485 -0.31781 -0.912024 -0.402862 -0.0769013 -0.0799 0.126971 -0.0990476 -0.986949 0.944782
1 82 0 1 0 0 0 0 1 0 0 0 0 1 0
1 83 0 1 0 0 0 0 1 0 0 0 0 1 0
1 84 0 1 0 0 0 0 1 0 0 0 0 1 0
1 85 0 1 0 0 0 0 1 0 0 0 0 1 0
1 86 164 0.640148 -0.396559 0.65799 -0.954653 0.305703 0.917236 0.255389 -0.256212 -0.704809 0.0376627 0.708397 0.151636
1 87 318 0.67879 -0.395321 0.618842 -0.947434 0.318257 0.917841 0.237236 -0.297166 -0.661783 0.0359172 0.748835 0.11858
1 88 871 0.690903 -0.250974 0.677986 -0.962845 0.265964 0.960278 0.0844404 -0.113383 -0.672247 0.12198 0.730209 0.245101
1 89 2101 0.931597 -0.125498 0.341141 -0.912251 0.153979 0.986393 -0.0576191 -0.118385 -0.329268 0.106206 0.938245 -0.392152
1 90 1885 0.976443 -0.0482339 0.210317 -0.573042 0.107186 0.95436 -0.278761 0.104663 -0.187272 0.294737 0.937048 -0.812815
1 91 1247 0.958345 -0.0487676 0.281418 -0.492379 0.186584 0.8529 -0.487594 0.649504 -0.216243 0.519791 0.826472 -0.579403
1 92 719 0.989255 -0.000798013 0.146195 -0.186796 0.0324409 0.976253 -0.214189 0.229839 -0.142552 0.21663 0.96579 -0.955134
1 93 748 0.979651 -0.00580031 0.200627 -0.228624 0.141452 0.729106 -0.669623 0.953536 -0.142394 0.684376 0.71509 -0.196214
1 94 1795 0.980223 -0.197501 0.0124818 0.0408448 0.183142 0.881447 -0.435328 0.877446 0.0749757 0.429005 0.900185 -0.477933
1 95 2438 0.965876 -0.204477 -0.158975 0.521802 0.158663 0.952256 -0.260834 0.532814 0.20472 0.22671 0.952204 -0.666207
1 96 1308 0.810142 -0.161895 -0.563436 0.962283 0.134655 0.986803 -0.0899289 0.158678 0.57056 -0.00301407 0.82125 -0.22098
1 97 590 0.627992 -0.0603869 -0.775873 0.981393 -0.0351526 0.993766 -0.105798 0.0743554 0.777426 0.0937144 0.621954 0.17703
1 98 229 0.975696 0.210947 -0.059309 -0.0860535 -0.210033 0.977462 0.0213167 -0.277193 0.0624689 -0.00834173 0.998012 -0.956953
1 99 97 0.835411 0.549023 0.0257312 0.163755 -0.54855 0.835789 -0.0234454 0.429785 -0.0343779 0.00547169 0.999394 0.887958
1 100 176 0.535684 -0.456705 -0.710256 0.199742 -0.743959 -0.653156 -0.141114 -0.180663 -0.39946 0.603993 -0.689655 0.963049
1 101 46 0.913983 0.14088 0.38051 -0.742607 -0.1879 0.97813 0.0891925 0.0187761 -0.359622 -0.153018 0.920466 0.669465
1 102 76 0.244723 -0.835392 0.49217 0.123604 -0.85639 0.0517867 0.513726 -0.0865709 -0.45465 -0.54721 -0.702747 0.988548
1 103 36 -0.979995 0.0239906 -0.197571 0.159388 -0.062266 0.905916 0.418855 -0.101261 0.189032 0.422778 -0.886299 0.982009
1 104 147 -0.299412 0.863647 -0.405545 0.188363 0.808606 0.455307 0.372629 -0.234722 0.506467 -0.216356 -0.834674 0.953638
1 105 31 0.834513 0.509717 0.209227 -0.163407 0.404648 -0.309235 -0.860601 0.524959 -0.373963 0.802846 -0.464317 0.835294
1 106 0 1 0 0 0 0 1 0 0 0 0 1 0
1 107 78 -0.3703 -0.848352 -0.378387 0.218027 -0.914393 0.404639 -0.0123575 -0.174471 0.163593 0.341418 -0.925565 0.960221
1 108 0 1 0 0 0 0 1 0 0 0 0 1 0
1 109 15 0.973992 -0.174785 -0.144185 0.283545 0.193804 0.972323 0.130496 0.0674152 0.117385 -0.155045 0.980909 0.956586
1 110 57 0.689534 0.593483 0.415116 0.151665 -0.584371 0.794494 -0.165195 -0.293132 -0.427847 -0.128675 0.894645 0.943966
1 111 35 0.955206 0.156759 -0.251013 0.298518 0.0603841 -0.933582 -0.35324 -0.0579503 -0.289715 0.32226 -0.901229 0.952643
1 112 0 1 0 0 0 0 1 0 0 0 0 1 0
1 113 61 -0.665484 0.460356 -0.58754 0.171047 0.363932 0.88737 0.283071 -0.107939 0.651679 -0.0254454 -0.758068 0.979332
1 114 44 -0.96202 -0.260638 0.0811486 -0.292722 -0.254316 0.963762 0.0805412 0.191133 -0.0992 0.0568449 -0.993443 0.9369
1 115 30 -0.683693 0.726983 -0.0637204 -0.0493876 0.727208 0.686 0.023916 0.0242456 0.0610988 -0.0299868 -0.997681 0.998485
1 116 71 -0.0564917 -0.918911 0.390398 -0.808284 0.986486 0.00886057 0.163603 -0.22613 -0.153796 0.394364 0.905993 -0.543638
1 117 0 1 0 0 0 0 1 0 0 0 0 1 0
1 118 72 0.988613 -0.144825 -0.0408732 -0.127466 0.150389 0.941312 0.302184 -0.0375983 -0.00528929 -0.30489 0.952373 0.99113
1 119 0 1 0 0 0 0 1 0 0 0 0 1 0
1 120 0 1 0 0 0 0 1 0 0 0 0 1 0
1 121 41 -0.2163 0.84199 0.494234 -0.212042 -0.941652 -0.0462006 -0.333402 0.454643 -0.257887 -0.537511 0.802855 -0.865065
1 122 18 0.83439 0.21841 0.506054 -0.255872 0.217113 -0.974146 0.0624576 -0.0213865 0.506612 0.0577569 -0.860238 0.966474
1 123 107 0.866175 0.243431 -0.436443 -0.169627 -0.323514 0.938782 -0.118438 -0.118478 0.380893 0.243784 0.891903 0.978361
1 124 228 0.818186 -0.49748 -0.288246 0.761978 0.328179 0.81573 -0.476323 0.491847 0.472092 0.295125 0.830681 -0.421279
1 125 281 0.761613 -0.516939 0.390794 -0.772301 0.615192 0.766294 -0.18529 -0.0664206 -0.20368 0.381532 0.901636 -0.631775
1 126 327 0.898735 -0.436316 0.0436253 -0.0511157 0.433043 0.867531 -0.244671 0.160478 0.0689074 0.238786 0.968624 -0.985715
1 127 473 0.954626 -0.00193636 0.297802 -0.864293 0.0791585 0.965657 -0.247469 0.494717 -0.287096 0.259814 0.921994 -0.090847
1 128 897 0.944276 -0.0150457 0.328812 -0.863279 0.0518673 0.993276 -0.103502 0.492995 -0.325044 0.114789 0.938707 0.108195
1 129 498 0.880686 -0.00774615 0.473636 -0.886568 -0.0151569 0.998894 0.0445196 0.45702 -0.473457 -0.0463867 0.879595 0.0716265
1 130 225 -0.138488 0.00273169 0.99036 -0.700339 0.292303 0.955561 0.0382387 0.166016 -0.946245 0.294781 -0.133132 0.694236
1 131 136 0.9897 0.120315 -0.077578 -0.075557 -0.0902088 0.944919 0.314629 0.15249 0.111159 -0.30439 0.946039 -0.985413
1 132 96 0.981657 -0.0280106 0.188587 -0.427558 0.00900539 0.994857 0.100889 0.187705 -0.190443 -0.0973397 0.97686 -0.884285
1 133 128 0.976526 -0.117981 0.180216 -0.629739 0.120257 0.992741 -0.0017176 0.468047 -0.178706 0.0233496 0.983625 -0.619968
1 134 124 0.907668 0.0263196 0.418863 -0.92774 -0.133548 0.964268 0.228806 0.0479632 -0.397874 -0.263619 0.87875 -0.370132
1 135 179 0.885785 -0.438687 0.151451 -0.228048 -0.150782 0.0366013 0.987889 -0.881655 -0.438918 -0.897894 -0.0337253 0.413133
1 136 287 0.947582 0.310761 0.074266 0.00756419 -0.3192 0.931006 0.17703 0.331143 -0.0141281 -0.191456 0.9814 -0.94355
1 137 190 0.99418 0.0371731 -0.101117 0.00688788 0.00476657 -0.952844 -0.303424 -0.0641325 -0.107628 0.301176 -0.947475 0.997918
1 138 140 0.726554 -0.651042 -0.219687 -0.0256232 -0.481694 -0.710614 0.512834 -0.403398 -0.489989 -0.26678 -0.829903 0.914666
1 139 149 0.988575 -0.0702584 -0.133357 -0.494926 0.0852059 0.990283 0.109905 -0.184625 0.124339 -0.120012 0.984955 0.849095
1 140 784 0.982309 -0.0748111 0.171674 -0.895429 0.0534525 0.990611 0.125831 -0.345256 -0.179476 -0.114428 0.977085 0.281079
1 141 1326 0.882543 -0.109892 0.45721 -0.925383 0.0407979 0.986537 0.158366 -0.0278692 -0.468458 -0.121111 0.875145 0.378007
1 142 818 0.935232 -0.144045 0.323407 -0.913625 0.171501 0.983481 -0.057907 0.0546924 -0.309723 0.109621 0.944487 0.402863
1 143 402 0.634243 -0.200826 0.746595 -0.791964 0.316233 0.948586 -0.0134853 0.0254264 -0.705501 0.244651 0.665142 0.610038
1 144 99 -0.200838 -0.928114 0.313479 -0.0756558 -0.67663 0.362829 0.640723 -0.253531 -0.708404 -0.0834276 -0.70086 0.964364
1 145 0 1 0 0 0 0 1 0 0 0 0 1 0
1 146 37 0.418424 0.856385 0.302532 -0.144776 -0.907905 0.403585 0.11326 0.339971 -0.0251027 -0.322061 0.946386 -0.929225
1 147 92 0.605596 -0.738827 -0.295615 0.09069 -0.7501 -0.405949 -0.522068 -0.0113356 0.265713 0.537903 -0.800035 0.995815
1 148 16 0.647437 0.749545 -0.137871 0.129455 -0.709179 0.65877 0.25117 0.0511727 0.279089 -0.064841 0.958074 0.990264
1 149 48 -0.932936 0.351683 0.0771343 0.188813 0.329892 0.920784 -0.208152 0.0143346 -0.144228 -0.168747 -0.97505 0.981908
1 150 48 0.524563 0.849684 -0.0535819 -0.132873 -0.839264 0.526654 0.13517 0.0808121 0.143071 -0.0259358 0.989373 -0.987833
1 151 11 0.883193 -0.463447 0.0720222 -0.200009 0.469008 0.873242 -0.132211 -0.0470069 -0.00161981 0.150547 0.988602 -0.978666
1 152 75 -0.17614 0.960586 0.215058 0.157612 0.859537 0.256568 -0.442006 0.162864 -0.479762 0.106996 -0.870851 0.973978
1 153 79 0.96257 0.226359 -0.149064 0.127983 0.270849 -0.783143 0.559757 -0.0265367 0.00996731 -0.579179 -0.815139 0.991421
1 154 79 -0.757007 0.334776 0.561129 0.0192415 0.0461569 0.884027 -0.465151 0.125324 -0.651774 -0.326223 -0.684667 0.991929
1 155 15 0.712715 -0.620178 -0.327744 0.259622 -0.632781 -0.77007 0.0811239 -0.290526 -0.302697 0.149572 -0.941277 0.920973
1 156 0 1 0 0 0 0 1 0 0 0 0 1 0
1 157 54 -0.489179 -0.861438 0.136483 0.252863 0.871478 -0.476468 0.116212 -0.539139 -0.0350794 0.175791 0.983802 0.803361
1 158 27 0.951059 0.199742 0.235775 -0.136064 -0.2748 0.895651 0.349707 -0.0338125 -0.141321 -0.397383 0.906706 -0.990123
1 159 12 0.466985 0.856791 -0.218709 0.189548 0.87018 -0.489239 -0.0585894 -0.281883 -0.1572 -0.162956 -0.97403 0.940539
1 160 35 -0.951116 0.150841 0.269492 0.365018 -0.257051 -0.870328 -0.420065 -0.236337 0.171183 -0.468803 0.866556 0.900504
2 3 3658 0.978763 0.0795511 -0.188928 0.988413 -0.073588 0.99655 0.0383819 -0.0111983 0.191329 -0.023664 0.981241 0.151372
2 4 1009 0.883212 0.217822 -0.41532 0.97137 -0.182977 0.975458 0.122481 -0.0555734 0.431807 -0.0321824 0.901392 0.230981
2 5 572 0.86081 0.265 -0.434488 0.892535 -0.24181 0.964183 0.108993 -0.0975902 0.447809 0.0112417 0.894058 0.440293
2 6 380 -0.0744206 0.318533 -0.944986 0.722908 -0.314686 0.891695 0.325352 -0.226562 0.946274 0.321586 0.0338773 0.652744
2 7 132 0.720962 0.419768 -0.55137 -0.770032 -0.338795 0.907596 0.247967 0.0833888 0.604509 0.00802653 0.796558 0.632532
2 8 75 0.727684 0.530437 -0.43487 0.375609 -0.491273 0.845499 0.209241 -0.349431 0.478672 0.0613784 0.875846 0.85838
2 9 61 0.846 0.358484 -0.394681 0.17818 0.312353 -0.933136 -0.178026 0.148733 -0.43211 0.0273299 -0.901407 0.972692
2 10 88 0.983834 -0.167344 0.0637671 0.0754268 0.155303 0.974579 0.161482 0.0999069 -0.0891691 -0.148968 0.984813 -0.992134
2 11 141 0.979543 0.00601928 0.201144 -0.241338 -0.0458778 0.97991 0.194094 0.0132646 -0.195935 -0.199352 0.96014 -0.97035
2 12 209 -0.550078 0.781829 0.293528 -0.0553035 -0.823981 -0.565314 -0.0384133 -0.199645 0.135903 -0.262992 0.955178 0.978306
2 13 17 0.197722 -0.936725 -0.288883 0.237895 0.967422 0.234003 -0.0966321 0.223256 0.158117 -0.260365 0.952475 0.945285
2 14 0 1 0 0 0 0 1 0 0 0 0 1 0
2 15 72 -0.335976 -0.937093 0.0947468 -0.0644833 0.933245 -0.344793 -0.100854 -0.0351857 0.127178 0.0545373 0.990379 0.997298
2 16 98 0.16213 -0.970871 -0.176418 -0.181925 0.985277 0.169106 -0.0251513 0.0230515 0.0542521 -0.169743 0.983994 -0.983042
2 17 206 0.926726 -0.224703 0.301142 0.0271322 -0.337511 -0.850041 0.404372 -0.0833375 0.16512 -0.476381 -0.863595 0.996152
2 18 240 -0.2574 -0.884703 -0.388647 0.108161 0.965832 -0.248136 -0.0748204 -0.0498495 -0.0302434 -0.394626 0.918344 0.992883
2 19 300 -0.261651 0.937864 -0.227928 0.124255 0.954807 0.21702 -0.203092 -0.0544425 -0.141007 -0.270766 -0.952262 0.990756
2 20 244 0.940874 0.334381 -0.0542724 0.175293 -0.335695 0.941818 -0.0169465 -0.0599786 0.0454481 0.0341634 0.998382 0.982688
2 21 505 0.540075 0.738097 0.404391 -0.0722168 0.830061 -0.387792 -0.400769 0.0834361 -0.138987 0.552115 -0.822102 0.993893
2 22 296 0.988277 0.063047 -0.139049 0.291759 -0.0879617 0.979534 -0.181043 0.173795 0.124789 0.191151 0.973596 0.94057
2 23 207 0.974505 -0.165384 0.151617 0.0991897 0.15039 0.98297 0.10561 -0.122437 -0.166501 -0.0801157 0.982781 0.987507
2 24 68 0.833869 0.54826 -0.0638242 -0.283622 -0.547842 0.836195 0.0254457 0.126383 0.0673204 0.0137471 0.997637 -0.950571
2 25 147 0.928059 -0.371593 0.0250171 -0.253903 0.365749 0.922011 0.126976 0.102179 -0.0702495 -0.108691 0.99159 -0.961817
2 26 72 0.00823431 0.99669 -0.0808839 -0.318186 -0.981516 -0.00741031 -0.191236 0.232325 -0.191202 0.0809635 0.978206 -0.919121
2 27 87 -0.693098 0.716675 -0.0774015 0.210815 0.716564 0.696683 0.034187 -0.255659 0.0784253 -0.0317682 -0.996414 0.943502
2 28 0 1 0 0 0 0 1 0 0 0 0 1 0
2 29 98 -0.994235 0.0846013 -0.065881 0.140692 0.094773 0.980729 -0.170848 -0.12893 0.0501574 -0.176107 -0.983092 0.981623
2 30 40 0.143359 -0.989005 -0.0362814 -0.0391704 0.989665 0.143135 0.00872016 -0.0329106 -0.00343116 -0.0371565 0.999304 0.99869
2 31 19 -0.126129 -0.990012 0.0629849 -0.029566 0.939362 -0.139603 -0.313224 -0.0402489 0.318888 0.0196592 0.947588 0.998752
2 32 36 -0.595443 -0.557377 0.578601 -0.38002 -0.317573 0.824832 0.46776 -0.233577 -0.737967 0.094776 -0.668149 0.895001
2 33 0 1 0 0 0 0 1 0 0 0 0 1 0
