0 1 111 0.971253 0.0798785 -0.224249 0.922656 -0.0799014 0.996762 0.00898749 0.20753 0.224241 0.00918871 0.97449 -0.325018
0 2 18 0.582228 0.725901 -0.366168 0.238877 0.812997 -0.515999 0.26978 -0.300657 0.00689135 -0.454766 -0.890584 0.923333
0 3 0 1 0 0 0 0 1 0 0 0 0 1 0
0 4 0 1 0 0 0 0 1 0 0 0 0 1 0
0 5 0 1 0 0 0 0 1 0 0 0 0 1 0
0 6 0 1 0 0 0 0 1 0 0 0 0 1 0
0 7 0 1 0 0 0 0 1 0 0 0 0 1 0
0 8 0 1 0 0 0 0 1 0 0 0 0 1 0
0 9 0 1 0 0 0 0 1 0 0 0 0 1 0
0 10 0 1 0 0 0 0 1 0 0 0 0 1 0
0 11 0 1 0 0 0 0 1 0 0 0 0 1 0
0 12 0 1 0 0 0 0 1 0 0 0 0 1 0
0 13 0 1 0 0 0 0 1 0 0 0 0 1 0
0 14 0 1 0 0 0 0 1 0 0 0 0 1 0
0 15 0 1 0 0 0 0 1 0 0 0 0 1 0
0 16 0 1 0 0 0 0 1 0 0 0 0 1 0
0 17 0 1 0 0 0 0 1 0 0 0 0 1 0
0 18 0 1 0 0 0 0 1 0 0 0 0 1 0
0 19 0 1 0 0 0 0 1 0 0 0 0 1 0
0 20 0 1 0 0 0 0 1 0 0 0 0 1 0
0 21 0 1 0 0 0 0 1 0 0 0 0 1 0
0 22 0 1 0 0 0 0 1 0 0 0 0 1 0
0 23 0 1 0 0 0 0 1 0 0 0 0 1 0
0 24 0 1 0 0 0 0 1 0 0 0 0 1 0
0 25 0 1 0 0 0 0 1 0 0 0 0 1 0
0 26 0 1 0 0 0 0 1 0 0 0 0 1 0
0 27 0 1 0 0 0 0 1 0 0 0 0 1 0
0 28 0 1 0 0 0 0 1 0 0 0 0 1 0
0 29 0 1 0 0 0 0 1 0 0 0 0 1 0
0 30 0 1 0 0 0 0 1 0 0 0 0 1 0
0 31 0 1 0 0 0 0 1 0 0 0 0 1 0
0 32 0 1 0 0 0 0 1 0 0 0 0 1 0
0 33 0 1 0 0 0 0 1 0 0 0 0 1 0
0 34 0 1 0 0 0 0 1 0 0 0 0 1 0
0 35 0 1 0 0 0 0 1 0 0 0 0 1 0
0 36 0 1 0 0 0 0 1 0 0 0 0 1 0
0 37 0 1 0 0 0 0 1 0 0 0 0 1 0
0 38 0 1 0 0 0 0 1 0 0 0 0 1 0
0 39 0 1 0 0 0 0 1 0 0 0 0 1 0
0 40 0 1 0 0 0 0 1 0 0 0 0 1 0
0 41 17 -0.945738 -0.0849706 -0.313622 0.201417 -0.213649 0.889831 0.403182 -0.214997 0.244812 0.44831 -0.859701 0.955619
0 42 0 1 0 0 0 0 1 0 0 0 0 1 0
0 43 0 1 0 0 0 0 1 0 0 0 0 1 0
0 44 0 1 0 0 0 0 1 0 0 0 0 1 0
0 45 16 0.821833 -0.286659 0.492358 -0.871986 0.325283 0.945586 0.00758019 0.0335569 -0.46774 0.153926 0.87036 0.48838
0 46 0 1 0 0 0 0 1 0 0 0 0 1 0
0 47 12 0.970711 -0.201372 0.131034 0.0654143 0.193571 0.978593 0.0699026 -0.192654 -0.142305 -0.0424908 0.98891 0.979084
0 48 0 1 0 0 0 0 1 0 0 0 0 1 0
0 49 0 1 0 0 0 0 1 0 0 0 0 1 0
0 50 0 1 0 0 0 0 1 0 0 0 0 1 0
0 51 0 1 0 0 0 0 1 0 0 0 0 1 0
0 52 0 1 0 0 0 0 1 0 0 0 0 1 0
0 53 0 1 0 0 0 0 1 0 0 0 0 1 0
0 54 0 1 0 0 0 0 1 0 0 0 0 1 0
0 55 0 1 0 0 0 0 1 0 0 0 0 1 0
0 56 0 1 0 0 0 0 1 0 0 0 0 1 0
0 57 0 1 0 0 0 0 1 0 0 0 0 1 0
0 58 0 1 0 0 0 0 1 0 0 0 0 1 0
0 59 0 1 0 0 0 0 1 0 0 0 0 1 0
0 60 0 1 0 0 0 0 1 0 0 0 0 1 0
0 61 0 1 0 0 0 0 1 0 0 0 0 1 0
0 62 0 1 0 0 0 0 1 0 0 0 0 1 0
0 63 13 0.113689 0.989723 0.0867327 0.280391 -0.945233 0.0808672 0.31622 -0.330774 0.305957 -0.117933 0.944713 -0.901094
0 64 0 1 0 0 0 0 1 0 0 0 0 1 0
0 65 0 1 0 0 0 0 1 0 0 0 0 1 0
0 66 0 1 0 0 0 0 1 0 0 0 0 1 0
0 67 0 1 0 0 0 0 1 0 0 0 0 1 0
0 68 0 1 0 0 0 0 1 0 0 0 0 1 0
0 69 0 1 0 0 0 0 1 0 0 0 0 1 0
0 70 21 0.353256 -0.927396 -0.123071 -0.134914 -0.91668 -0.369404 0.15244 0.0131176 -0.186835 0.0589662 -0.98062 0.99077
0 71 13 0.756796 0.634549 -0.156866 0.0752545 0.620405 -0.772874 -0.13328 0.0695639 -0.20581 0.00354501 -0.978586 0.994735
0 72 27 0.103796 -0.981063 0.163529 -0.0542835 -0.840044 0.00155311 0.542515 -0.104115 -0.532496 -0.193683 -0.823975 0.993083
0 73 0 1 0 0 0 0 1 0 0 0 0 1 0
0 74 0 1 0 0 0 0 1 0 0 0 0 1 0
0 75 0 1 0 0 0 0 1 0 0 0 0 1 0
0 76 0 1 0 0 0 0 1 0 0 0 0 1 0
0 77 14 0.152451 0.96558 -0.210744 0.227883 0.825861 -0.00733342 0.563825 -0.169398 0.542873 -0.260001 -0.798554 0.95884
0 78 0 1 0 0 0 0 1 0 0 0 0 1 0
0 79 0 1 0 0 0 0 1 0 0 0 0 1 0
0 80 0 1 0 0 0 0 1 0 0 0 0 1 0
0 81 0 1 0 0 0 0 1 0 0 0 0 1 0
0 82 0 1 0 0 0 0 1 0 0 0 0 1 0
0 83 0 1 0 0 0 0 1 0 0 0 0 1 0
0 84 0 1 0 0 0 0 1 0 0 0 0 1 0
0 85 0 1 0 0 0 0 1 0 0 0 0 1 0
0 86 15 0.731345 -0.476498 0.487938 -0.456778 0.429726 0.877515 0.212846 0.0946197 -0.529594 0.0540159 0.84653 0.884535
0 87 0 1 0 0 0 0 1 0 0 0 0 1 0
0 88 25 0.933791 -0.237277 0.26783 -0.802196 0.232517 0.971314 0.0498408 0.0518228 -0.271974 0.0157341 0.962176 -0.594807
0 89 44 0.992764 -0.0574822 0.105432 -0.253165 0.0653455 0.99521 -0.0727081 0.173641 -0.100747 0.0790715 0.991765 -0.951712
0 90 0 1 0 0 0 0 1 0 0 0 0 1 0
0 91 0 1 0 0 0 0 1 0 0 0 0 1 0
0 92 0 1 0 0 0 0 1 0 0 0 0 1 0
0 93 0 1 0 0 0 0 1 0 0 0 0 1 0
0 94 0 1 0 0 0 0 1 0 0 0 0 1 0
0 95 0 1 0 0 0 0 1 0 0 0 0 1 0
0 96 0 1 0 0 0 0 1 0 0 0 0 1 0
0 97 0 1 0 0 0 0 1 0 0 0 0 1 0
0 98 0 1 0 0 0 0 1 0 0 0 0 1 0
0 99 0 1 0 0 0 0 1 0 0 0 0 1 0
0 100 0 1 0 0 0 0 1 0 0 0 0 1 0
0 101 0 1 0 0 0 0 1 0 0 0 0 1 0
0 102 0 1 0 0 0 0 1 0 0 0 0 1 0
0 103 0 1 0 0 0 0 1 0 0 0 0 1 0
0 104 0 1 0 0 0 0 1 0 0 0 0 1 0
0 105 0 1 0 0 0 0 1 0 0 0 0 1 0
0 106 0 1 0 0 0 0 1 0 0 0 0 1 0
0 107 0 1 0 0 0 0 1 0 0 0 0 1 0
0 108 0 1 0 0 0 0 1 0 0 0 0 1 0
0 109 0 1 0 0 0 0 1 0 0 0 0 1 0
0 110 0 1 0 0 0 0 1 0 0 0 0 1 0
0 111 0 1 0 0 0 0 1 0 0 0 0 1 0
0 112 0 1 0 0 0 0 1 0 0 0 0 1 0
0 113 0 1 0 0 0 0 1 0 0 0 0 1 0
0 114 0 1 0 0 0 0 1 0 0 0 0 1 0
0 115 0 1 0 0 0 0 1 0 0 0 0 1 0
0 116 0 1 0 0 0 0 1 0 0 0 0 1 0
0 117 0 1 0 0 0 0 1 0 0 0 0 1 0
0 118 0 1 0 0 0 0 1 0 0 0 0 1 0
0 119 0 1 0 0 0 0 1 0 0 0 0 1 0
0 120 0 1 0 0 0 0 1 0 0 0 0 1 0
0 121 0 1 0 0 0 0 1 0 0 0 0 1 0
0 122 0 1 0 0 0 0 1 0 0 0 0 1 0
0 123 0 1 0 0 0 0 1 0 0 0 0 1 0
0 124 0 1 0 0 0 0 1 0 0 0 0 1 0
0 125 0 1 0 0 0 0 1 0 0 0 0 1 0
0 126 0 1 0 0 0 0 1 0 0 0 0 1 0
0 127 0 1 0 0 0 0 1 0 0 0 0 1 0
0 128 0 1 0 0 0 0 1 0 0 0 0 1 0
0 129 17 0.976498 0.0519666 0.209168 -0.222551 -0.08717 0.982804 0.16278 -0.253185 -0.197112 -0.177187 0.964236 -0.941471
0 130 0 1 0 0 0 0 1 0 0 0 0 1 0
0 131 0 1 0 0 0 0 1 0 0 0 0 1 0
0 132 0 1 0 0 0 0 1 0 0 0 0 1 0
0 133 0 1 0 0 0 0 1 0 0 0 0 1 0
0 134 0 1 0 0 0 0 1 0 0 0 0 1 0
0 135 0 1 0 0 0 0 1 0 0 0 0 1 0
0 136 0 1 0 0 0 0 1 0 0 0 0 1 0
0 137 0 1 0 0 0 0 1 0 0 0 0 1 0
0 138 0 1 0 0 0 0 1 0 0 0 0 1 0
0 139 18 -0.52096 0.0288837 0.853092 -0.356563 0.101131 0.994477 0.0280872 0.0633941 -0.847569 0.100906 -0.521003 0.932118
0 140 68 0.998264 0.00084651 0.0588902 -0.754392 -0.0140592 0.974415 0.224315 -0.647532 -0.0571936 -0.224754 0.972736 -0.107678
0 141 99 0.995482 -0.03331 0.0889178 -0.981205 0.0196493 0.988445 0.150303 0.183749 -0.0928969 -0.147876 0.984633 -0.0589288
0 142 42 0.920919 -0.0333793 0.388323 -0.875791 0.103224 0.981637 -0.160418 0.438247 -0.375838 0.187816 0.907453 0.20231
0 143 0 1 0 0 0 0 1 0 0 0 0 1 0
0 144 0 1 0 0 0 0 1 0 0 0 0 1 0
0 145 0 1 0 0 0 0 1 0 0 0 0 1 0
0 146 11 -0.626922 -0.448773 0.636845 -0.225097 0.235966 -0.888411 -0.393758 -0.282004 0.742488 -0.0965811 0.66286 0.932633
0 147 0 1 0 0 0 0 1 0 0 0 0 1 0
0 148 0 1 0 0 0 0 1 0 0 0 0 1 0
0 149 0 1 0 0 0 0 1 0 0 0 0 1 0
0 150 0 1 0 0 0 0 1 0 0 0 0 1 0
0 151 0 1 0 0 0 0 1 0 0 0 0 1 0
0 152 0 1 0 0 0 0 1 0 0 0 0 1 0
0 153 0 1 0 0 0 0 1 0 0 0 0 1 0
0 154 0 1 0 0 0 0 1 0 0 0 0 1 0
0 155 0 1 0 0 0 0 1 0 0 0 0 1 0
0 156 0 1 0 0 0 0 1 0 0 0 0 1 0
0 157 0 1 0 0 0 0 1 0 0 0 0 1 0
0 158 0 1 0 0 0 0 1 0 0 0 0 1 0
0 159 0 1 0 0 0 0 1 0 0 0 0 1 0
0 160 0 1 0 0 0 0 1 0 0 0 0 1 0
1 2 73 0.981501 0.0642267 -0.180363 0.934738 -0.0717013 0.996804 -0.0352259 0.0760458 0.177524 0.0475065 0.982969 -0.347105
1 3 29 0.978956 0.144916 -0.143684 0.987331 -0.144562 0.989411 0.0129566 0.0123513 0.14404 0.00808729 0.989539 -0.158193
1 4 0 1 0 0 0 0 1 0 0 0 0 1 0
1 5 0 1 0 0 0 0 1 0 0 0 0 1 0
1 6 0 1 0 0 0 0 1 0 0 0 0 1 0
1 7 0 1 0 0 0 0 1 0 0 0 0 1 0
1 8 0 1 0 0 0 0 1 0 0 0 0 1 0
1 9 0 1 0 0 0 0 1 0 0 0 0 1 0
1 10 0 1 0 0 0 0 1 0 0 0 0 1 0
1 11 0 1 0 0 0 0 1 0 0 0 0 1 0
1 12 0 1 0 0 0 0 1 0 0 0 0 1 0
1 13 0 1 0 0 0 0 1 0 0 0 0 1 0
1 14 0 1 0 0 0 0 1 0 0 0 0 1 0
1 15 0 1 0 0 0 0 1 0 0 0 0 1 0
1 16 0 1 0 0 0 0 1 0 0 0 0 1 0
1 17 0 1 0 0 0 0 1 0 0 0 0 1 0
1 18 0 1 0 0 0 0 1 0 0 0 0 1 0
1 19 0 1 0 0 0 0 1 0 0 0 0 1 0
1 20 0 1 0 0 0 0 1 0 0 0 0 1 0
1 21 0 1 0 0 0 0 1 0 0 0 0 1 0
1 22 0 1 0 0 0 0 1 0 0 0 0 1 0
1 23 0 1 0 0 0 0 1 0 0 0 0 1 0
1 24 0 1 0 0 0 0 1 0 0 0 0 1 0
1 25 0 1 0 0 0 0 1 0 0 0 0 1 0
1 26 0 1 0 0 0 0 1 0 0 0 0 1 0
1 27 0 1 0 0 0 0 1 0 0 0 0 1 0
1 28 0 1 0 0 0 0 1 0 0 0 0 1 0
1 29 0 1 0 0 0 0 1 0 0 0 0 1 0
1 30 0 1 0 0 0 0 1 0 0 0 0 1 0
1 31 0 1 0 0 0 0 1 0 0 0 0 1 0
1 32 0 1 0 0 0 0 1 0 0 0 0 1 0
1 33 0 1 0 0 0 0 1 0 0 0 0 1 0
1 34 0 1 0 0 0 0 1 0 0 0 0 1 0
1 35 0 1 0 0 0 0 1 0 0 0 0 1 0
1 36 0 1 0 0 0 0 1 0 0 0 0 1 0
1 37 0 1 0 0 0 0 1 0 0 0 0 1 0
1 38 0 1 0 0 0 0 1 0 0 0 0 1 0
1 39 0 1 0 0 0 0 1 0 0 0 0 1 0
1 40 0 1 0 0 0 0 1 0 0 0 0 1 0
1 41 17 -0.418988 0.453974 -0.786357 0.458958 0.664392 0.743583 0.0752777 -0.186989 0.618896 -0.490909 -0.613169 0.868557
1 42 0 1 0 0 0 0 1 0 0 0 0 1 0
1 43 0 1 0 0 0 0 1 0 0 0 0 1 0
1 44 0 1 0 0 0 0 1 0 0 0 0 1 0
1 45 0 1 0 0 0 0 1 0 0 0 0 1 0
1 46 0 1 0 0 0 0 1 0 0 0 0 1 0
1 47 0 1 0 0 0 0 1 0 0 0 0 1 0
1 48 18 -0.481499 0.461657 0.745004 0.0540748 0.868893 0.3628 0.336752 -0.137351 -0.114823 0.809475 -0.575818 0.989045
1 49 0 1 0 0 0 0 1 0 0 0 0 1 0
1 50 0 1 0 0 0 0 1 0 0 0 0 1 0
1 51 0 1 0 0 0 0 1 0 0 0 0 1 0
1 52 0 1 0 0 0 0 1 0 0 0 0 1 0
1 53 0 1 0 0 0 0 1 0 0 0 0 1 0
1 54 0 1 0 0 0 0 1 0 0 0 0 1 0
1 55 0 1 0 0 0 0 1 0 0 0 0 1 0
1 56 0 1 0 0 0 0 1 0 0 0 0 1 0
1 57 0 1 0 0 0 0 1 0 0 0 0 1 0
1 58 0 1 0 0 0 0 1 0 0 0 0 1 0
1 59 0 1 0 0 0 0 1 0 0 0 0 1 0
1 60 0 1 0 0 0 0 1 0 0 0 0 1 0
1 61 0 1 0 0 0 0 1 0 0 0 0 1 0
1 62 0 1 0 0 0 0 1 0 0 0 0 1 0
1 63 0 1 0 0 0 0 1 0 0 0 0 1 0
1 64 0 1 0 0 0 0 1 0 0 0 0 1 0
1 65 11 -0.492521 -0.866861 -0.0773015 -0.191342 -0.841914 0.497074 -0.209997 0.291914 0.220463 -0.0383468 -0.974641 0.93711
1 66 0 1 0 0 0 0 1 0 0 0 0 1 0
1 67 0 1 0 0 0 0 1 0 0 0 0 1 0
1 68 0 1 0 0 0 0 1 0 0 0 0 1 0
1 69 0 1 0 0 0 0 1 0 0 0 0 1 0
1 70 0 1 0 0 0 0 1 0 0 0 0 1 0
1 71 14 0.84297 -0.537226 0.0281091 0.0840883 -0.489143 -0.787176 -0.375624 0.074972 0.223922 0.30289 -0.926346 0.993634
1 72 14 -0.459334 -0.834384 0.304656 -0.13816 -0.813071 0.256843 -0.522443 0.338423 0.357669 -0.487683 -0.796391 0.930796
1 73 16 0.911395 -0.396913 0.108714 -0.580158 0.392275 0.91775 0.0620854 -0.147577 -0.124415 -0.0139384 0.992132 -0.801023
1 74 0 1 0 0 0 0 1 0 0 0 0 1 0
1 75 0 1 0 0 0 0 1 0 0 0 0 1 0
1 76 0 1 0 0 0 0 1 0 0 0 0 1 0
1 77 0 1 0 0 0 0 1 0 0 0 0 1 0
1 78 0 1 0 0 0 0 1 0 0 0 0 1 0
1 79 0 1 0 0 0 0 1 0 0 0 0 1 0
1 80 0 1 0 0 0 0 1 0 0 0 0 1 0
1 81 0 1 0 0 0 0 1 0 0 0 0 1 0
1 82 0 1 0 0 0 0 1 0 0 0 0 1 0
1 83 0 1 0 0 0 0 1 0 0 0 0 1 0
1 84 0 1 0 0 0 0 1 0 0 0 0 1 0
1 85 0 1 0 0 0 0 1 0 0 0 0 1 0
1 86 0 1 0 0 0 0 1 0 0 0 0 1 0
1 87 0 1 0 0 0 0 1 0 0 0 0 1 0
1 88 15 0.962945 -0.26664 0.0404934 -0.0826658 0.266402 0.963796 0.0112775 -0.151043 -0.0420345 -7.20866e-05 0.999116 -0.985065
1 89 34 0.881579 -0.117264 0.45724 -0.978953 0.158252 0.986016 -0.0522423 -0.101081 -0.444719 0.118415 0.887808 -0.177298
1 90 15 0.99424 -0.0803292 0.0709522 -0.237185 0.0949671 0.967154 -0.235783 -0.0172186 -0.0496815 0.241163 0.969212 -0.971312
1 91 17 0.398774 0.905097 -0.147575 -0.131403 0.836513 -0.293067 0.462988 -0.216238 0.3758 -0.308076 -0.873993 0.967458
1 92 0 1 0 0 0 0 1 0 0 0 0 1 0
1 93 0 1 0 0 0 0 1 0 0 0 0 1 0
1 94 0 1 0 0 0 0 1 0 0 0 0 1 0
1 95 0 1 0 0 0 0 1 0 0 0 0 1 0
1 96 16 0.650096 -0.732164 -0.203254 0.391059 0.75226 0.657867 0.0362806 -0.305231 0.107151 -0.176485 0.978454 -0.868278
1 97 0 1 0 0 0 0 1 0 0 0 0 1 0
1 98 0 1 0 0 0 0 1 0 0 0 0 1 0
1 99 0 1 0 0 0 0 1 0 0 0 0 1 0
1 100 0 1 0 0 0 0 1 0 0 0 0 1 0
1 101 16 -0.844274 -0.251475 -0.473247 0.253526 0.417447 -0.862361 -0.286483 -0.345589 -0.336066 -0.439425 0.833046 0.903489
1 102 0 1 0 0 0 0 1 0 0 0 0 1 0
1 103 0 1 0 0 0 0 1 0 0 0 0 1 0
1 104 0 1 0 0 0 0 1 0 0 0 0 1 0
1 105 16 0.748086 0.572939 -0.334825 0.335682 0.314531 -0.750414 -0.581335 0.0902595 -0.584327 0.329576 -0.741581 0.937641
1 106 0 1 0 0 0 0 1 0 0 0 0 1 0
1 107 0 1 0 0 0 0 1 0 0 0 0 1 0
1 108 0 1 0 0 0 0 1 0 0 0 0 1 0
1 109 0 1 0 0 0 0 1 0 0 0 0 1 0
1 110 0 1 0 0 0 0 1 0 0 0 0 1 0
1 111 0 1 0 0 0 0 1 0 0 0 0 1 0
1 112 23 0.814137 0.36421 0.452253 -0.217061 0.31681 -0.931312 0.179693 -0.315474 0.486634 -0.00301641 -0.873601 0.923775
1 113 0 1 0 0 0 0 1 0 0 0 0 1 0
1 114 0 1 0 0 0 0 1 0 0 0 0 1 0
1 115 0 1 0 0 0 0 1 0 0 0 0 1 0
1 116 0 1 0 0 0 0 1 0 0 0 0 1 0
1 117 0 1 0 0 0 0 1 0 0 0 0 1 0
1 118 0 1 0 0 0 0 1 0 0 0 0 1 0
1 119 0 1 0 0 0 0 1 0 0 0 0 1 0
1 120 0 1 0 0 0 0 1 0 0 0 0 1 0
1 121 0 1 0 0 0 0 1 0 0 0 0 1 0
1 122 0 1 0 0 0 0 1 0 0 0 0 1 0
1 123 0 1 0 0 0 0 1 0 0 0 0 1 0
1 124 0 1 0 0 0 0 1 0 0 0 0 1 0
1 125 0 1 0 0 0 0 1 0 0 0 0 1 0
1 126 0 1 0 0 0 0 1 0 0 0 0 1 0
1 127 13 0.643424 -0.739512 -0.197807 0.251698 -0.598104 -0.64692 0.473039 -0.342216 -0.477783 -0.186055 -0.858549 0.905283
1 128 0 1 0 0 0 0 1 0 0 0 0 1 0
1 129 0 1 0 0 0 0 1 0 0 0 0 1 0
1 130 13 0.635515 0.709199 0.305217 -0.184299 -0.688773 0.699383 -0.190933 -0.019145 -0.348873 -0.0888849 0.932945 0.982684
1 131 0 1 0 0 0 0 1 0 0 0 0 1 0
1 132 0 1 0 0 0 0 1 0 0 0 0 1 0
1 133 0 1 0 0 0 0 1 0 0 0 0 1 0
1 134 0 1 0 0 0 0 1 0 0 0 0 1 0
1 135 0 1 0 0 0 0 1 0 0 0 0 1 0
1 136 18 0.63314 -0.638839 -0.437056 0.307864 -0.767592 -0.590916 -0.248236 0.136745 -0.0996807 0.492649 -0.8645 0.941552
1 137 0 1 0 0 0 0 1 0 0 0 0 1 0
1 138 0 1 0 0 0 0 1 0 0 0 0 1 0
1 139 0 1 0 0 0 0 1 0 0 0 0 1 0
1 140 0 1 0 0 0 0 1 0 0 0 0 1 0
1 141 21 0.990336 -0.12866 -0.0517843 -0.590311 0.134343 0.982669 0.127723 0.0685597 0.034454 -0.133445 0.990457 0.804259
1 142 26 0.689808 -0.0983079 0.717287 -0.851788 0.202073 0.977509 -0.0603588 0.0240538 -0.695221 0.18658 0.694159 0.523334
1 143 0 1 0 0 0 0 1 0 0 0 0 1 0
1 144 0 1 0 0 0 0 1 0 0 0 0 1 0
1 145 0 1 0 0 0 0 1 0 0 0 0 1 0
1 146 0 1 0 0 0 0 1 0 0 0 0 1 0
1 147 0 1 0 0 0 0 1 0 0 0 0 1 0
1 148 0 1 0 0 0 0 1 0 0 0 0 1 0
1 149 0 1 0 0 0 0 1 0 0 0 0 1 0
1 150 0 1 0 0 0 0 1 0 0 0 0 1 0
1 151 0 1 0 0 0 0 1 0 0 0 0 1 0
1 152 0 1 0 0 0 0 1 0 0 0 0 1 0
1 153 0 1 0 0 0 0 1 0 0 0 0 1 0
1 154 0 1 0 0 0 0 1 0 0 0 0 1 0
1 155 0 1 0 0 0 0 1 0 0 0 0 1 0
1 156 0 1 0 0 0 0 1 0 0 0 0 1 0
1 157 0 1 0 0 0 0 1 0 0 0 0 1 0
1 158 0 1 0 0 0 0 1 0 0 0 0 1 0
1 159 0 1 0 0 0 0 1 0 0 0 0 1 0
1 160 0 1 0 0 0 0 1 0 0 0 0 1 0
2 3 88 0.992347 0.0765167 -0.0969138 0.986603 -0.0738265 0.996788 0.0310521 0.0180414 0.0989785 -0.0236597 0.994808 0.16214
2 4 0 1 0 0 0 0 1 0 0 0 0 1 0
2 5 0 1 0 0 0 0 1 0 0 0 0 1 0
2 6 0 1 0 0 0 0 1 0 0 0 0 1 0
2 7 0 1 0 0 0 0 1 0 0 0 0 1 0
2 8 0 1 0 0 0 0 1 0 0 0 0 1 0
2 9 0 1 0 0 0 0 1 0 0 0 0 1 0
2 10 0 1 0 0 0 0 1 0 0 0 0 1 0
2 11 0 1 0 0 0 0 1 0 0 0 0 1 0
2 12 0 1 0 0 0 0 1 0 0 0 0 1 0
2 13 0 1 0 0 0 0 1 0 0 0 0 1 0
2 14 0 1 0 0 0 0 1 0 0 0 0 1 0
2 15 0 1 0 0 0 0 1 0 0 0 0 1 0
2 16 0 1 0 0 0 0 1 0 0 0 0 1 0
2 17 0 1 0 0 0 0 1 0 0 0 0 1 0
2 18 0 1 0 0 0 0 1 0 0 0 0 1 0
2 19 0 1 0 0 0 0 1 0 0 0 0 1 0
2 20 0 1 0 0 0 0 1 0 0 0 0 1 0
2 21 0 1 0 0 0 0 1 0 0 0 0 1 0
2 22 0 1 0 0 0 0 1 0 0 0 0 1 0
2 23 0 1 0 0 0 0 1 0 0 0 0 1 0
2 24 0 1 0 0 0 0 1 0 0 0 0 1 0
2 25 0 1 0 0 0 0 1 0 0 0 0 1 0
2 26 0 1 0 0 0 0 1 0 0 0 0 1 0
2 27 0 1 0 0 0 0 1 0 0 0 0 1 0
2 28 0 1 0 0 0 0 1 0 0 0 0 1 0
2 29 0 1 0 0 0 0 1 0 0 0 0 1 0
2 30 0 1 0 0 0 0 1 0 0 0 0 1 0
2 31 0 1 0 0 0 0 1 0 0 0 0 1 0
2 32 0 1 0 0 0 0 1 0 0 0 0 1 0
2 33 0 1 0 0 0 0 1 0 0 0 0 1 0
2 34 0 1 0 0 0 0 1 0 0 0 0 1 0
2 35 0 1 0 0 0 0 1 0 0 0 0 1 0
2 36 0 1 0 0 0 0 1 0 0 0 0 1 0
2 37 0 1 0 0 0 0 1 0 0 0 0 1 0
2 38 0 1 0 0 0 0 1 0 0 0 0 1 0
2 39 0 1 0 0 0 0 1 0 0 0 0 1 0
2 40 0 1 0 0 0 0 1 0 0 0 0 1 0
2 41 0 1 0 0 0 0 1 0 0 0 0 1 0
2 42 11 0.348521 -0.331008 0.876908 -0.198204 -0.210663 -0.939294 -0.27083 0.0159375 0.91332 -0.0903421 -0.397095 0.980031
2 43 0 1 0 0 0 0 1 0 0 0 0 1 0
2 44 0 1 0 0 0 0 1 0 0 0 0 1 0
2 45 0 1 0 0 0 0 1 0 0 0 0 1 0
2 46 0 1 0 0 0 0 1 0 0 0 0 1 0
2 47 0 1 0 0 0 0 1 0 0 0 0 1 0
2 48 0 1 0 0 0 0 1 0 0 0 0 1 0
2 49 0 1 0 0 0 0 1 0 0 0 0 1 0
2 50 0 1 0 0 0 0 1 0 0 0 0 1 0
2 51 0 1 0 0 0 0 1 0 0 0 0 1 0
2 52 0 1 0 0 0 0 1 0 0 0 0 1 0
2 53 0 1 0 0 0 0 1 0 0 0 0 1 0
2 54 0 1 0 0 0 0 1 0 0 0 0 1 0
2 55 0 1 0 0 0 0 1 0 0 0 0 1 0
2 56 0 1 0 0 0 0 1 0 0 0 0 1 0
2 57 0 1 0 0 0 0 1 0 0 0 0 1 0
2 58 0 1 0 0 0 0 1 0 0 0 0 1 0
2 59 0 1 0 0 0 0 1 0 0 0 0 1 0
2 60 0 1 0 0 0 0 1 0 0 0 0 1 0
2 61 0 1 0 0 0 0 1 0 0 0 0 1 0
2 62 0 1 0 0 0 0 1 0 0 0 0 1 0
2 63 0 1 0 0 0 0 1 0 0 0 0 1 0
2 64 0 1 0 0 0 0 1 0 0 0 0 1 0
2 65 0 1 0 0 0 0 1 0 0 0 0 1 0
2 66 0 1 0 0 0 0 1 0 0 0 0 1 0
2 67 10 0.581764 0.760235 0.289127 0.0421025 -0.811525 0.518692 0.269045 -0.239013 0.0545701 -0.391154 0.918706 -0.970103
2 68 0 1 0 0 0 0 1 0 0 0 0 1 0
2 69 0 1 0 0 0 0 1 0 0 0 0 1 0
2 70 0 1 0 0 0 0 1 0 0 0 0 1 0
2 71 0 1 0 0 0 0 1 0 0 0 0 1 0
2 72 10 0.840705 0.520243 0.150207 -0.138845 -0.529057 0.730055 0.432571 0.338215 0.115383 -0.443133 0.888999 0.93077
2 73 0 1 0 0 0 0 1 0 0 0 0 1 0
2 74 0 1 0 0 0 0 1 0 0 0 0 1 0
2 75 0 1 0 0 0 0 1 0 0 0 0 1 0
2 76 0 1 0 0 0 0 1 0 0 0 0 1 0
2 77 14 -0.0876144 0.976495 -0.19693 0.127736 0.911831 0.158216 0.378856 -0.264142 0.401108 -0.146374 -0.90426 0.955988
2 78 0 1 0 0 0 0 1 0 0 0 0 1 0
2 79 0 1 0 0 0 0 1 0 0 0 0 1 0
2 80 0 1 0 0 0 0 1 0 0 0 0 1 0
2 81 0 1 0 0 0 0 1 0 0 0 0 1 0
2 82 0 1 0 0 0 0 1 0 0 0 0 1 0
2 83 0 1 0 0 0 0 1 0 0 0 0 1 0
2 84 0 1 0 0 0 0 1 0 0 0 0 1 0
2 85 0 1 0 0 0 0 1 0 0 0 0 1 0
2 86 0 1 0 0 0 0 1 0 0 0 0 1 0
2 87 0 1 0 0 0 0 1 0 0 0 0 1 0
2 88 15 0.000216119 0.999041 0.0437854 -0.359745 -0.952076 0.0135978 -0.305559 0.353761 -0.305861 -0.041621 0.951166 -0.863387
2 89 0 1 0 0 0 0 1 0 0 0 0 1 0
2 90 12 0.767473 0.608307 0.202355 0.26907 -0.622106 0.782911 0.00592397 0.183812 -0.154822 -0.130433 0.979294 0.945418
2 91 0 1 0 0 0 0 1 0 0 0 0 1 0
2 92 0 1 0 0 0 0 1 0 0 0 0 1 0
2 93 0 1 0 0 0 0 1 0 0 0 0 1 0
2 94 30 0.955696 -0.294021 -0.0140553 0.205831 0.294079 0.955779 0.00219727 -0.173529 0.0127877 -0.00623328 0.999899 -0.963079
2 95 65 0.960293 -0.265082 0.0870021 -0.208449 0.275949 0.948395 -0.156199 0.469786 -0.0411069 0.174005 0.983886 -0.857817
2 96 47 0.939828 -0.189967 -0.283965 0.794312 0.206232 0.978096 0.0282302 -0.041375 0.272382 -0.0850942 0.958419 -0.606099
2 97 0 1 0 0 0 0 1 0 0 0 0 1 0
2 98 0 1 0 0 0 0 1 0 0 0 0 1 0
2 99 0 1 0 0 0 0 1 0 0 0 0 1 0
2 100 0 1 0 0 0 0 1 0 0 0 0 1 0
2 101 0 1 0 0 0 0 1 0 0 0 0 1 0
2 102 0 1 0 0 0 0 1 0 0 0 0 1 0
2 103 0 1 0 0 0 0 1 0 0 0 0 1 0
2 104 0 1 0 0 0 0 1 0 0 0 0 1 0
2 105 0 1 0 0 0 0 1 0 0 0 0 1 0
2 106 0 1 0 0 0 0 1 0 0 0 0 1 0
2 107 0 1 0 0 0 0 1 0 0 0 0 1 0
2 108 0 1 0 0 0 0 1 0 0 0 0 1 0
2 109 0 1 0 0 0 0 1 0 0 0 0 1 0
2 110 0 1 0 0 0 0 1 0 0 0 0 1 0
2 111 0 1 0 0 0 0 1 0 0 0 0 1 0
2 112 0 1 0 0 0 0 1 0 0 0 0 1 0
2 113 0 1 0 0 0 0 1 0 0 0 0 1 0
2 114 0 1 0 0 0 0 1 0 0 0 0 1 0
2 115 0 1 0 0 0 0 1 0 0 0 0 1 0
2 116 0 1 0 0 0 0 1 0 0 0 0 1 0
2 117 0 1 0 0 0 0 1 0 0 0 0 1 0
2 118 0 1 0 0 0 0 1 0 0 0 0 1 0
2 119 0 1 0 0 0 0 1 0 0 0 0 1 0
2 120 0 1 0 0 0 0 1 0 0 0 0 1 0
2 121 0 1 0 0 0 0 1 0 0 0 0 1 0
2 122 0 1 0 0 0 0 1 0 0 0 0 1 0
2 123 0 1 0 0 0 0 1 0 0 0 0 1 0
2 124 0 1 0 0 0 0 1 0 0 0 0 1 0
2 125 0 1 0 0 0 0 1 0 0 0 0 1 0
2 126 0 1 0 0 0 0 1 0 0 0 0 1 0
2 127 0 1 0 0 0 0 1 0 0 0 0 1 0
2 128 0 1 0 0 0 0 1 0 0 0 0 1 0
2 129 0 1 0 0 0 0 1 0 0 0 0 1 0
2 130 0 1 0 0 0 0 1 0 0 0 0 1 0
2 131 0 1 0 0 0 0 1 0 0 0 0 1 0
2 132 0 1 0 0 0 0 1 0 0 0 0 1 0
2 133 0 1 0 0 0 0 1 0 0 0 0 1 0
2 134 0 1 0 0 0 0 1 0 0 0 0 1 0
2 135 0 1 0 0 0 0 1 0 0 0 0 1 0
2 136 0 1 0 0 0 0 1 0 0 0 0 1 0
2 137 0 1 0 0 0 0 1 0 0 0 0 1 0
2 138 0 1 0 0 0 0 1 0 0 0 0 1 0
2 139 0 1 0 0 0 0 1 0 0 0 0 1 0
2 140 0 1 0 0 0 0 1 0 0 0 0 1 0
2 141 0 1 0 0 0 0 1 0 0 0 0 1 0
2 142 0 1 0 0 0 0 1 0 0 0 0 1 0
2 143 0 1 0 0 0 0 1 0 0 0 0 1 0
2 144 0 1 0 0 0 0 1 0 0 0 0 1 0
2 145 0 1 0 0 0 0 1 0 0 0 0 1 0
2 146 0 1 0 0 0 0 1 0 0 0 0 1 0
2 147 0 1 0 0 0 0 1 0 0 0 0 1 0
2 148 0 1 0 0 0 0 1 0 0 0 0 1 0
2 149 0 1 0 0 0 0 1 0 0 0 0 1 0
2 150 0 1 0 0 0 0 1 0 0 0 0 1 0
2 151 0 1 0 0 0 0 1 0 0 0 0 1 0
2 152 0 1 0 0 0 0 1 0 0 0 0 1 0
2 153 0 1 0 0 0 0 1 0 0 0 0 1 0
2 154 0 1 0 0 0 0 1 0 0 0 0 1 0
2 155 0 1 0 0 0 0 1 0 0 0 0 1 0
2 156 0 1 0 0 0 0 1 0 0 0 0 1 0
2 157 0 1 0 0 0 0 1 0 0 0 0 1 0
2 158 0 1 0 0 0 0 1 0 0 0 0 1 0
2 159 0 1 0 0 0 0 1 0 0 0 0 1 0
2 160 0 1 0 0 0 0 1 0 0 0 0 1 0
3 4 43 0.963132 0.138767 -0.23048 0.986666 -0.132031 0.990247 0.044473 0.095696 0.234403 -0.0124028 0.97206 0.131656
3 5 0 1 0 0 0 0 1 0 0 0 0 1 0
3 6 0 1 0 0 0 0 1 0 0 0 0 1 0
3 7 0 1 0 0 0 0 1 0 0 0 0 1 0
3 8 0 1 0 0 0 0 1 0 0 0 0 1 0
3 9 0 1 0 0 0 0 1 0 0 0 0 1 0
3 10 0 1 0 0 0 0 1 0 0 0 0 1 0
3 11 0 1 0 0 0 0 1 0 0 0 0 1 0
3 12 0 1 0 0 0 0 1 0 0 0 0 1 0
3 13 0 1 0 0 0 0 1 0 0 0 0 1 0
3 14 0 1 0 0 0 0 1 0 0 0 0 1 0
3 15 0 1 0 0 0 0 1 0 0 0 0 1 0
3 16 0 1 0 0 0 0 1 0 0 0 0 1 0
3 17 0 1 0 0 0 0 1 0 0 0 0 1 0
3 18 0 1 0 0 0 0 1 0 0 0 0 1 0
3 19 0 1 0 0 0 0 1 0 0 0 0 1 0
3 20 0 1 0 0 0 0 1 0 0 0 0 1 0
3 21 0 1 0 0 0 0 1 0 0 0 0 1 0
3 22 0 1 0 0 0 0 1 0 0 0 0 1 0
3 23 0 1 0 0 0 0 1 0 0 0 0 1 0
3 24 0 1 0 0 0 0 1 0 0 0 0 1 0
3 25 0 1 0 0 0 0 1 0 0 0 0 1 0
3 26 0 1 0 0 0 0 1 0 0 0 0 1 0
3 27 0 1 0 0 0 0 1 0 0 0 0 1 0
3 28 0 1 0 0 0 0 1 0 0 0 0 1 0
3 29 0 1 0 0 0 0 1 0 0 0 0 1 0
3 30 0 1 0 0 0 0 1 0 0 0 0 1 0
3 31 0 1 0 0 0 0 1 0 0 0 0 1 0
3 32 0 1 0 0 0 0 1 0 0 0 0 1 0
3 33 0 1 0 0 0 0 1 0 0 0 0 1 0
3 34 0 1 0 0 0 0 1 0 0 0 0 1 0
3 35 0 1 0 0 0 0 1 0 0 0 0 1 0
3 36 0 1 0 0 0 0 1 0 0 0 0 1 0
3 37 0 1 0 0 0 0 1 0 0 0 0 1 0
3 38 0 1 0 0 0 0 1 0 0 0 0 1 0
3 39 0 1 0 0 0 0 1 0 0 0 0 1 0
3 40 0 1 0 0 0 0 1 0 0 0 0 1 0
3 41 0 1 0 0 0 0 1 0 0 0 0 1 0
3 42 0 1 0 0 0 0 1 0 0 0 0 1 0
3 43 0 1 0 0 0 0 1 0 0 0 0 1 0
3 44 0 1 0 0 0 0 1 0 0 0 0 1 0
3 45 0 1 0 0 0 0 1 0 0 0 0 1 0
3 46 0 1 0 0 0 0 1 0 0 0 0 1 0
3 47 0 1 0 0 0 0 1 0 0 0 0 1 0
3 48 0 1 0 0 0 0 1 0 0 0 0 1 0
3 49 0 1 0 0 0 0 1 0 0 0 0 1 0
3 50 0 1 0 0 0 0 1 0 0 0 0 1 0
3 51 0 1 0 0 0 0 1 0 0 0 0 1 0
3 52 0 1 0 0 0 0 1 0 0 0 0 1 0
3 53 0 1 0 0 0 0 1 0 0 0 0 1 0
3 54 0 1 0 0 0 0 1 0 0 0 0 1 0
3 55 0 1 0 0 0 0 1 0 0 0 0 1 0
3 56 0 1 0 0 0 0 1 0 0 0 0 1 0
3 57 0 1 0 0 0 0 1 0 0 0 0 1 0
3 58 0 1 0 0 0 0 1 0 0 0 0 1 0
3 59 0 1 0 0 0 0 1 0 0 0 0 1 0
3 60 0 1 0 0 0 0 1 0 0 0 0 1 0
3 61 0 1 0 0 0 0 1 0 0 0 0 1 0
3 62 0 1 0 0 0 0 1 0 0 0 0 1 0
3 63 0 1 0 0 0 0 1 0 0 0 0 1 0
3 64 0 1 0 0 0 0 1 0 0 0 0 1 0
3 65 0 1 0 0 0 0 1 0 0 0 0 1 0
3 66 0 1 0 0 0 0 1 0 0 0 0 1 0
3 67 0 1 0 0 0 0 1 0 0 0 0 1 0
3 68 0 1 0 0 0 0 1 0 0 0 0 1 0
3 69 0 1 0 0 0 0 1 0 0 0 0 1 0
3 70 17 0.727503 -0.108541 -0.677465 0.229081 -0.0461296 -0.992911 0.109544 0.107802 -0.684552 -0.0484424 -0.727353 0.96742
3 71 0 1 0 0 0 0 1 0 0 0 0 1 0
3 72 0 1 0 0 0 0 1 0 0 0 0 1 0
3 73 0 1 0 0 0 0 1 0 0 0 0 1 0
3 74 0 1 0 0 0 0 1 0 0 0 0 1 0
3 75 0 1 0 0 0 0 1 0 0 0 0 1 0
3 76 0 1 0 0 0 0 1 0 0 0 0 1 0
3 77 0 1 0 0 0 0 1 0 0 0 0 1 0
3 78 0 1 0 0 0 0 1 0 0 0 0 1 0
3 79 0 1 0 0 0 0 1 0 0 0 0 1 0
3 80 0 1 0 0 0 0 1 0 0 0 0 1 0
3 81 0 1 0 0 0 0 1 0 0 0 0 1 0
3 82 0 1 0 0 0 0 1 0 0 0 0 1 0
3 83 0 1 0 0 0 0 1 0 0 0 0 1 0
3 84 0 1 0 0 0 0 1 0 0 0 0 1 0
3 85 0 1 0 0 0 0 1 0 0 0 0 1 0
3 86 0 1 0 0 0 0 1 0 0 0 0 1 0
3 87 0 1 0 0 0 0 1 0 0 0 0 1 0
3 88 0 1 0 0 0 0 1 0 0 0 0 1 0
3 89 0 1 0 0 0 0 1 0 0 0 0 1 0
3 90 0 1 0 0 0 0 1 0 0 0 0 1 0
3 91 0 1 0 0 0 0 1 0 0 0 0 1 0
3 92 0 1 0 0 0 0 1 0 0 0 0 1 0
3 93 0 1 0 0 0 0 1 0 0 0 0 1 0
3 94 16 0.682802 -0.715445 0.148054 -0.297089 0.726352 0.642915 -0.243049 0.315191 0.0787024 0.273494 0.958649 -0.901328
3 95 0 1 0 0 0 0 1 0 0 0 0 1 0
3 96 37 0.958458 -0.273272 -0.0817338 -0.394946 0.277968 0.959138 0.0527947 -0.386337 0.0639667 -0.0733209 0.995255 -0.833524
3 97 35 0.961538 -0.0399862 -0.271746 0.288141 0.0690832 0.99275 0.0983633 -0.631987 0.265843 -0.113353 0.957329 -0.719422
3 98 0 1 0 0 0 0 1 0 0 0 0 1 0
3 99 0 1 0 0 0 0 1 0 0 0 0 1 0
3 100 0 1 0 0 0 0 1 0 0 0 0 1 0
3 101 0 1 0 0 0 0 1 0 0 0 0 1 0
3 102 0 1 0 0 0 0 1 0 0 0 0 1 0
3 103 0 1 0 0 0 0 1 0 0 0 0 1 0
3 104 0 1 0 0 0 0 1 0 0 0 0 1 0
3 105 0 1 0 0 0 0 1 0 0 0 0 1 0
3 106 0 1 0 0 0 0 1 0 0 0 0 1 0
3 107 0 1 0 0 0 0 1 0 0 0 0 1 0
3 108 0 1 0 0 0 0 1 0 0 0 0 1 0
3 109 10 0.201917 0.958847 0.199606 0.0222427 -0.978649 0.18953 0.0795328 0.321671 0.0384283 -0.211404 0.976643 -0.94659
3 110 0 1 0 0 0 0 1 0 0 0 0 1 0
3 111 0 1 0 0 0 0 1 0 0 0 0 1 0
3 112 0 1 0 0 0 0 1 0 0 0 0 1 0
3 113 0 1 0 0 0 0 1 0 0 0 0 1 0
3 114 0 1 0 0 0 0 1 0 0 0 0 1 0
3 115 0 1 0 0 0 0 1 0 0 0 0 1 0
3 116 0 1 0 0 0 0 1 0 0 0 0 1 0
3 117 0 1 0 0 0 0 1 0 0 0 0 1 0
3 118 0 1 0 0 0 0 1 0 0 0 0 1 0
3 119 0 1 0 0 0 0 1 0 0 0 0 1 0
3 120 0 1 0 0 0 0 1 0 0 0 0 1 0
3 121 0 1 0 0 0 0 1 0 0 0 0 1 0
3 122 0 1 0 0 0 0 1 0 0 0 0 1 0
3 123 0 1 0 0 0 0 1 0 0 0 0 1 0
3 124 0 1 0 0 0 0 1 0 0 0 0 1 0
3 125 0 1 0 0 0 0 1 0 0 0 0 1 0
3 126 0 1 0 0 0 0 1 0 0 0 0 1 0
3 127 0 1 0 0 0 0 1 0 0 0 0 1 0
3 128 0 1 0 0 0 0 1 0 0 0 0 1 0
3 129 0 1 0 0 0 0 1 0 0 0 0 1 0
3 130 0 1 0 0 0 0 1 0 0 0 0 1 0
3 131 0 1 0 0 0 0 1 0 0 0 0 1 0
3 132 0 1 0 0 0 0 1 0 0 0 0 1 0
3 133 0 1 0 0 0 0 1 0 0 0 0 1 0
3 134 0 1 0 0 0 0 1 0 0 0 0 1 0
3 135 0 1 0 0 0 0 1 0 0 0 0 1 0
3 136 0 1 0 0 0 0 1 0 0 0 0 1 0
3 137 0 1 0 0 0 0 1 0 0 0 0 1 0
3 138 0 1 0 0 0 0 1 0 0 0 0 1 0
3 139 0 1 0 0 0 0 1 0 0 0 0 1 0
3 140 0 1 0 0 0 0 1 0 0 0 0 1 0
3 141 0 1 0 0 0 0 1 0 0 0 0 1 0
3 142 0 1 0 0 0 0 1 0 0 0 0 1 0
3 143 0 1 0 0 0 0 1 0 0 0 0 1 0
3 144 0 1 0 0 0 0 1 0 0 0 0 1 0
3 145 0 1 0 0 0 0 1 0 0 0 0 1 0
3 146 0 1 0 0 0 0 1 0 0 0 0 1 0
3 147 0 1 0 0 0 0 1 0 0 0 0 1 0
3 148 0 1 0 0 0 0 1 0 0 0 0 1 0
3 149 0 1 0 0 0 0 1 0 0 0 0 1 0
3 150 0 1 0 0 0 0 1 0 0 0 0 1 0
3 151 0 1 0 0 0 0 1 0 0 0 0 1 0
3 152 0 1 0 0 0 0 1 0 0 0 0 1 0
3 153 0 1 0 0 0 0 1 0 0 0 0 1 0
3 154 0 1 0 0 0 0 1 0 0 0 0 1 0
3 155 0 1 0 0 0 0 1 0 0 0 0 1 0
3 156 0 1 0 0 0 0 1 0 0 0 0 1 0
3 157 0 1 0 0 0 0 1 0 0 0 0 1 0
3 158 0 1 0 0 0 0 1 0 0 0 0 1 0
3 159 0 1 0 0 0 0 1 0 0 0 0 1 0
3 160 0 1 0 0 0 0 1 0 0 0 0 1 0
4 5 53 0.985896 0.0525451 -0.158896 0.813644 -0.0542885 0.998503 -0.00664804 -0.120747 0.158309 0.0151805 0.987273 0.568686
4 6 23 0.947288 0.0829148 -0.309468 0.832736 -0.0960415 0.995 -0.0273977 -0.260603 0.305649 0.0556753 0.950515 0.488505
4 7 0 1 0 0 0 0 1 0 0 0 0 1 0
4 8 25 0.828101 0.294635 -0.476905 0.523953 -0.265988 0.955389 0.128382 0.0978352 0.493456 0.0205377 0.869528 0.846109
4 9 0 1 0 0 0 0 1 0 0 0 0 1 0
4 10 0 1 0 0 0 0 1 0 0 0 0 1 0
4 11 0 1 0 0 0 0 1 0 0 0 0 1 0
4 12 0 1 0 0 0 0 1 0 0 0 0 1 0
4 13 0 1 0 0 0 0 1 0 0 0 0 1 0
4 14 0 1 0 0 0 0 1 0 0 0 0 1 0
4 15 0 1 0 0 0 0 1 0 0 0 0 1 0
4 16 0 1 0 0 0 0 1 0 0 0 0 1 0
4 17 0 1 0 0 0 0 1 0 0 0 0 1 0
4 18 0 1 0 0 0 0 1 0 0 0 0 1 0
4 19 0 1 0 0 0 0 1 0 0 0 0 1 0
4 20 0 1 0 0 0 0 1 0 0 0 0 1 0
4 21 0 1 0 0 0 0 1 0 0 0 0 1 0
4 22 0 1 0 0 0 0 1 0 0 0 0 1 0
4 23 0 1 0 0 0 0 1 0 0 0 0 1 0
4 24 0 1 0 0 0 0 1 0 0 0 0 1 0
4 25 0 1 0 0 0 0 1 0 0 0 0 1 0
4 26 0 1 0 0 0 0 1 0 0 0 0 1 0
4 27 0 1 0 0 0 0 1 0 0 0 0 1 0
4 28 0 1 0 0 0 0 1 0 0 0 0 1 0
4 29 0 1 0 0 0 0 1 0 0 0 0 1 0
4 30 0 1 0 0 0 0 1 0 0 0 0 1 0
4 31 0 1 0 0 0 0 1 0 0 0 0 1 0
4 32 0 1 0 0 0 0 1 0 0 0 0 1 0
4 33 0 1 0 0 0 0 1 0 0 0 0 1 0
4 34 0 1 0 0 0 0 1 0 0 0 0 1 0
4 35 0 1 0 0 0 0 1 0 0 0 0 1 0
4 36 0 1 0 0 0 0 1 0 0 0 0 1 0
4 37 0 1 0 0 0 0 1 0 0 0 0 1 0
4 38 0 1 0 0 0 0 1 0 0 0 0 1 0
4 39 0 1 0 0 0 0 1 0 0 0 0 1 0
4 40 0 1 0 0 0 0 1 0 0 0 0 1 0
4 41 0 1 0 0 0 0 1 0 0 0 0 1 0
4 42 0 1 0 0 0 0 1 0 0 0 0 1 0
4 43 0 1 0 0 0 0 1 0 0 0 0 1 0
4 44 0 1 0 0 0 0 1 0 0 0 0 1 0
4 45 0 1 0 0 0 0 1 0 0 0 0 1 0
4 46 0 1 0 0 0 0 1 0 0 0 0 1 0
4 47 0 1 0 0 0 0 1 0 0 0 0 1 0
4 48 0 1 0 0 0 0 1 0 0 0 0 1 0
4 49 0 1 0 0 0 0 1 0 0 0 0 1 0
4 50 0 1 0 0 0 0 1 0 0 0 0 1 0
4 51 0 1 0 0 0 0 1 0 0 0 0 1 0
4 52 0 1 0 0 0 0 1 0 0 0 0 1 0
4 53 0 1 0 0 0 0 1 0 0 0 0 1 0
4 54 0 1 0 0 0 0 1 0 0 0 0 1 0
4 55 0 1 0 0 0 0 1 0 0 0 0 1 0
4 56 0 1 0 0 0 0 1 0 0 0 0 1 0
4 57 0 1 0 0 0 0 1 0 0 0 0 1 0
4 58 0 1 0 0 0 0 1 0 0 0 0 1 0
4 59 0 1 0 0 0 0 1 0 0 0 0 1 0
4 60 0 1 0 0 0 0 1 0 0 0 0 1 0
4 61 0 1 0 0 0 0 1 0 0 0 0 1 0
4 62 0 1 0 0 0 0 1 0 0 0 0 1 0
4 63 0 1 0 0 0 0 1 0 0 0 0 1 0
4 64 0 1 0 0 0 0 1 0 0 0 0 1 0
4 65 0 1 0 0 0 0 1 0 0 0 0 1 0
4 66 0 1 0 0 0 0 1 0 0 0 0 1 0
4 67 0 1 0 0 0 0 1 0 0 0 0 1 0
4 68 0 1 0 0 0 0 1 0 0 0 0 1 0
4 69 0 1 0 0 0 0 1 0 0 0 0 1 0
4 70 0 1 0 0 0 0 1 0 0 0 0 1 0
4 71 0 1 0 0 0 0 1 0 0 0 0 1 0
4 72 0 1 0 0 0 0 1 0 0 0 0 1 0
4 73 0 1 0 0 0 0 1 0 0 0 0 1 0
4 74 0 1 0 0 0 0 1 0 0 0 0 1 0
4 75 0 1 0 0 0 0 1 0 0 0 0 1 0
4 76 0 1 0 0 0 0 1 0 0 0 0 1 0
4 77 0 1 0 0 0 0 1 0 0 0 0 1 0
4 78 0 1 0 0 0 0 1 0 0 0 0 1 0
4 79 0 1 0 0 0 0 1 0 0 0 0 1 0
4 80 0 1 0 0 0 0 1 0 0 0 0 1 0
4 81 0 1 0 0 0 0 1 0 0 0 0 1 0
4 82 0 1 0 0 0 0 1 0 0 0 0 1 0
4 83 0 1 0 0 0 0 1 0 0 0 0 1 0
4 84 0 1 0 0 0 0 1 0 0 0 0 1 0
4 85 0 1 0 0 0 0 1 0 0 0 0 1 0
4 86 0 1 0 0 0 0 1 0 0 0 0 1 0
4 87 0 1 0 0 0 0 1 0 0 0 0 1 0
4 88 0 1 0 0 0 0 1 0 0 0 0 1 0
4 89 0 1 0 0 0 0 1 0 0 0 0 1 0
4 90 0 1 0 0 0 0 1 0 0 0 0 1 0
4 91 0 1 0 0 0 0 1 0 0 0 0 1 0
4 92 0 1 0 0 0 0 1 0 0 0 0 1 0
4 93 0 1 0 0 0 0 1 0 0 0 0 1 0
4 94 0 1 0 0 0 0 1 0 0 0 0 1 0
4 95 0 1 0 0 0 0 1 0 0 0 0 1 0
4 96 0 1 0 0 0 0 1 0 0 0 0 1 0
4 97 10 0.989016 -0.127187 -0.0753038 -0.469237 0.133388 0.987496 0.0840161 0.111741 0.0636765 -0.0931379 0.993615 0.875974
4 98 0 1 0 0 0 0 1 0 0 0 0 1 0
4 99 0 1 0 0 0 0 1 0 0 0 0 1 0
4 100 0 1 0 0 0 0 1 0 0 0 0 1 0
4 101 0 1 0 0 0 0 1 0 0 0 0 1 0
4 102 0 1 0 0 0 0 1 0 0 0 0 1 0
4 103 0 1 0 0 0 0 1 0 0 0 0 1 0
4 104 0 1 0 0 0 0 1 0 0 0 0 1 0
4 105 0 1 0 0 0 0 1 0 0 0 0 1 0
4 106 0 1 0 0 0 0 1 0 0 0 0 1 0
4 107 0 1 0 0 0 0 1 0 0 0 0 1 0
4 108 0 1 0 0 0 0 1 0 0 0 0 1 0
4 109 0 1 0 0 0 0 1 0 0 0 0 1 0
4 110 0 1 0 0 0 0 1 0 0 0 0 1 0
4 111 0 1 0 0 0 0 1 0 0 0 0 1 0
4 112 0 1 0 0 0 0 1 0 0 0 0 1 0
4 113 0 1 0 0 0 0 1 0 0 0 0 1 0
4 114 0 1 0 0 0 0 1 0 0 0 0 1 0
4 115 0 1 0 0 0 0 1 0 0 0 0 1 0
4 116 0 1 0 0 0 0 1 0 0 0 0 1 0
4 117 0 1 0 0 0 0 1 0 0 0 0 1 0
4 118 0 1 0 0 0 0 1 0 0 0 0 1 0
4 119 0 1 0 0 0 0 1 0 0 0 0 1 0
4 120 0 1 0 0 0 0 1 0 0 0 0 1 0
4 121 0 1 0 0 0 0 1 0 0 0 0 1 0
4 122 0 1 0 0 0 0 1 0 0 0 0 1 0
4 123 0 1 0 0 0 0 1 0 0 0 0 1 0
4 124 0 1 0 0 0 0 1 0 0 0 0 1 0
4 125 0 1 0 0 0 0 1 0 0 0 0 1 0
4 126 0 1 0 0 0 0 1 0 0 0 0 1 0
4 127 0 1 0 0 0 0 1 0 0 0 0 1 0
4 128 0 1 0 0 0 0 1 0 0 0 0 1 0
4 129 0 1 0 0 0 0 1 0 0 0 0 1 0
4 130 0 1 0 0 0 0 1 0 0 0 0 1 0
4 131 0 1 0 0 0 0 1 0 0 0 0 1 0
4 132 0 1 0 0 0 0 1 0 0 0 0 1 0
4 133 0 1 0 0 0 0 1 0 0 0 0 1 0
4 134 0 1 0 0 0 0 1 0 0 0 0 1 0
4 135 0 1 0 0 0 0 1 0 0 0 0 1 0
4 136 0 1 0 0 0 0 1 0 0 0 0 1 0
4 137 0 1 0 0 0 0 1 0 0 0 0 1 0
4 138 0 1 0 0 0 0 1 0 0 0 0 1 0
4 139 0 1 0 0 0 0 1 0 0 0 0 1 0
4 140 0 1 0 0 0 0 1 0 0 0 0 1 0
4 141 0 1 0 0 0 0 1 0 0 0 0 1 0
4 142 0 1 0 0 0 0 1 0 0 0 0 1 0
4 143 0 1 0 0 0 0 1 0 0 0 0 1 0
4 144 0 1 0 0 0 0 1 0 0 0 0 1 0
4 145 0 1 0 0 0 0 1 0 0 0 0 1 0
4 146 0 1 0 0 0 0 1 0 0 0 0 1 0
4 147 0 1 0 0 0 0 1 0 0 0 0 1 0
4 148 0 1 0 0 0 0 1 0 0 0 0 1 0
4 149 0 1 0 0 0 0 1 0 0 0 0 1 0
4 150 0 1 0 0 0 0 1 0 0 0 0 1 0
4 151 0 1 0 0 0 0 1 0 0 0 0 1 0
4 152 0 1 0 0 0 0 1 0 0 0 0 1 0
4 153 0 1 0 0 0 0 1 0 0 0 0 1 0
4 154 0 1 0 0 0 0 1 0 0 0 0 1 0
4 155 0 1 0 0 0 0 1 0 0 0 0 1 0
4 156 0 1 0 0 0 0 1 0 0 0 0 1 0
4 157 0 1 0 0 0 0 1 0 0 0 0 1 0
4 158 0 1 0 0 0 0 1 0 0 0 0 1 0
4 159 0 1 0 0 0 0 1 0 0 0 0 1 0
4 160 0 1 0 0 0 0 1 0 0 0 0 1 0
5 6 69 0.994044 0.0491478 -0.0972695 0.835999 -0.0536548 0.997578 -0.0442737 -0.318629 0.094858 0.049229 0.994273 0.446745
5 7 28 0.990751 0.134758 -0.0159255 0.440509 -0.133315 0.98853 0.0709641 -0.137444 0.0253058 -0.0681846 0.997352 0.887165
5 8 31 0.970801 0.151917 -0.185651 -0.876885 -0.134477 0.985524 0.103243 0.0452641 0.198648 -0.0752625 0.977177 -0.478564
5 9 20 0.904588 0.190357 -0.381426 -0.894263 -0.165883 0.981424 0.096388 0.0634012 0.392688 -0.0239194 0.91936 0.443029
5 10 11 0.797044 0.283973 -0.532992 -0.0919255 -0.212179 0.957963 0.193099 0.238874 0.565421 -0.040819 0.823792 -0.96669
5 11 0 1 0 0 0 0 1 0 0 0 0 1 0
5 12 0 1 0 0 0 0 1 0 0 0 0 1 0
5 13 0 1 0 0 0 0 1 0 0 0 0 1 0
5 14 0 1 0 0 0 0 1 0 0 0 0 1 0
5 15 0 1 0 0 0 0 1 0 0 0 0 1 0
5 16 0 1 0 0 0 0 1 0 0 0 0 1 0
5 17 0 1 0 0 0 0 1 0 0 0 0 1 0
5 18 0 1 0 0 0 0 1 0 0 0 0 1 0
5 19 0 1 0 0 0 0 1 0 0 0 0 1 0
5 20 0 1 0 0 0 0 1 0 0 0 0 1 0
5 21 0 1 0 0 0 0 1 0 0 0 0 1 0
5 22 0 1 0 0 0 0 1 0 0 0 0 1 0
5 23 0 1 0 0 0 0 1 0 0 0 0 1 0
5 24 0 1 0 0 0 0 1 0 0 0 0 1 0
5 25 0 1 0 0 0 0 1 0 0 0 0 1 0
5 26 0 1 0 0 0 0 1 0 0 0 0 1 0
5 27 0 1 0 0 0 0 1 0 0 0 0 1 0
5 28 0 1 0 0 0 0 1 0 0 0 0 1 0
5 29 0 1 0 0 0 0 1 0 0 0 0 1 0
5 30 0 1 0 0 0 0 1 0 0 0 0 1 0
5 31 0 1 0 0 0 0 1 0 0 0 0 1 0
5 32 0 1 0 0 0 0 1 0 0 0 0 1 0
5 33 0 1 0 0 0 0 1 0 0 0 0 1 0
5 34 0 1 0 0 0 0 1 0 0 0 0 1 0
5 35 0 1 0 0 0 0 1 0 0 0 0 1 0
5 36 0 1 0 0 0 0 1 0 0 0 0 1 0
5 37 0 1 0 0 0 0 1 0 0 0 0 1 0
5 38 0 1 0 0 0 0 1 0 0 0 0 1 0
5 39 0 1 0 0 0 0 1 0 0 0 0 1 0
5 40 0 1 0 0 0 0 1 0 0 0 0 1 0
5 41 0 1 0 0 0 0 1 0 0 0 0 1 0
5 42 0 1 0 0 0 0 1 0 0 0 0 1 0
5 43 0 1 0 0 0 0 1 0 0 0 0 1 0
5 44 0 1 0 0 0 0 1 0 0 0 0 1 0
5 45 0 1 0 0 0 0 1 0 0 0 0 1 0
5 46 0 1 0 0 0 0 1 0 0 0 0 1 0
5 47 0 1 0 0 0 0 1 0 0 0 0 1 0
5 48 0 1 0 0 0 0 1 0 0 0 0 1 0
5 49 0 1 0 0 0 0 1 0 0 0 0 1 0
5 50 0 1 0 0 0 0 1 0 0 0 0 1 0
5 51 0 1 0 0 0 0 1 0 0 0 0 1 0
5 52 0 1 0 0 0 0 1 0 0 0 0 1 0
5 53 0 1 0 0 0 0 1 0 0 0 0 1 0
5 54 0 1 0 0 0 0 1 0 0 0 0 1 0
5 55 0 1 0 0 0 0 1 0 0 0 0 1 0
5 56 0 1 0 0 0 0 1 0 0 0 0 1 0
5 57 0 1 0 0 0 0 1 0 0 0 0 1 0
5 58 24 -0.878781 0.461374 0.121975 -0.0124376 0.3594 0.807985 -0.466896 0.100099 -0.313968 -0.366462 -0.87586 0.9949
5 59 0 1 0 0 0 0 1 0 0 0 0 1 0
5 60 0 1 0 0 0 0 1 0 0 0 0 1 0
5 61 0 1 0 0 0 0 1 0 0 0 0 1 0
5 62 0 1 0 0 0 0 1 0 0 0 0 1 0
5 63 0 1 0 0 0 0 1 0 0 0 0 1 0
5 64 0 1 0 0 0 0 1 0 0 0 0 1 0
5 65 0 1 0 0 0 0 1 0 0 0 0 1 0
5 66 0 1 0 0 0 0 1 0 0 0 0 1 0
5 67 10 -0.700491 -0.66559 0.257492 -0.332496 0.606598 -0.745375 -0.276506 0.175633 0.375968 -0.0374958 0.925874 -0.926607
5 68 18 -0.553849 -0.698366 -0.453361 0.254307 -0.700189 0.685297 -0.200259 0.183704 0.450541 0.206525 -0.868539 0.949516
5 69 15 -0.740849 0.670711 0.0358992 0.0770479 0.610631 0.694822 -0.379938 0.234116 -0.279772 -0.259555 -0.924315 0.969151
5 70 0 1 0 0 0 0 1 0 0 0 0 1 0
5 71 0 1 0 0 0 0 1 0 0 0 0 1 0
5 72 0 1 0 0 0 0 1 0 0 0 0 1 0
5 73 0 1 0 0 0 0 1 0 0 0 0 1 0
5 74 0 1 0 0 0 0 1 0 0 0 0 1 0
5 75 0 1 0 0 0 0 1 0 0 0 0 1 0
5 76 0 1 0 0 0 0 1 0 0 0 0 1 0
5 77 0 1 0 0 0 0 1 0 0 0 0 1 0
5 78 0 1 0 0 0 0 1 0 0 0 0 1 0
5 79 0 1 0 0 0 0 1 0 0 0 0 1 0
5 80 0 1 0 0 0 0 1 0 0 0 0 1 0
5 81 0 1 0 0 0 0 1 0 0 0 0 1 0
5 82 0 1 0 0 0 0 1 0 0 0 0 1 0
5 83 0 1 0 0 0 0 1 0 0 0 0 1 0
5 84 0 1 0 0 0 0 1 0 0 0 0 1 0
5 85 0 1 0 0 0 0 1 0 0 0 0 1 0
5 86 0 1 0 0 0 0 1 0 0 0 0 1 0
5 87 0 1 0 0 0 0 1 0 0 0 0 1 0
5 88 0 1 0 0 0 0 1 0 0 0 0 1 0
5 89 0 1 0 0 0 0 1 0 0 0 0 1 0
5 90 0 1 0 0 0 0 1 0 0 0 0 1 0
5 91 0 1 0 0 0 0 1 0 0 0 0 1 0
5 92 0 1 0 0 0 0 1 0 0 0 0 1 0
5 93 0 1 0 0 0 0 1 0 0 0 0 1 0
5 94 0 1 0 0 0 0 1 0 0 0 0 1 0
5 95 0 1 0 0 0 0 1 0 0 0 0 1 0
5 96 0 1 0 0 0 0 1 0 0 0 0 1 0
5 97 12 0.978157 -0.20498 0.034538 -0.451428 0.200496 0.974207 0.103544 0.134312 -0.0548717 -0.0943578 0.994025 -0.882141
5 98 35 0.988567 -0.0314163 -0.147474 0.554724 0.0634675 0.973888 0.217977 -0.679741 0.136775 -0.224844 0.964747 -0.479826
5 99 0 1 0 0 0 0 1 0 0 0 0 1 0
5 100 0 1 0 0 0 0 1 0 0 0 0 1 0
5 101 18 -0.224694 -0.970827 -0.0837136 0.290634 0.969653 -0.231261 0.0793126 -0.203265 -0.0963585 -0.0633522 0.993329 0.934995
5 102 0 1 0 0 0 0 1 0 0 0 0 1 0
5 103 0 1 0 0 0 0 1 0 0 0 0 1 0
5 104 0 1 0 0 0 0 1 0 0 0 0 1 0
5 105 0 1 0 0 0 0 1 0 0 0 0 1 0
5 106 0 1 0 0 0 0 1 0 0 0 0 1 0
5 107 0 1 0 0 0 0 1 0 0 0 0 1 0
5 108 0 1 0 0 0 0 1 0 0 0 0 1 0
5 109 16 0.925049 0.0342678 -0.378299 -0.0222869 0.192329 -0.901078 0.388676 -0.321804 -0.327558 -0.432302 -0.840132 0.946544
5 110 0 1 0 0 0 0 1 0 0 0 0 1 0
5 111 15 -0.519047 0.846841 -0.115977 0.382668 0.854002 0.51946 -0.0290278 -0.177212 0.0356634 -0.114111 -0.992828 0.906731
5 112 0 1 0 0 0 0 1 0 0 0 0 1 0
5 113 0 1 0 0 0 0 1 0 0 0 0 1 0
5 114 0 1 0 0 0 0 1 0 0 0 0 1 0
5 115 0 1 0 0 0 0 1 0 0 0 0 1 0
5 116 0 1 0 0 0 0 1 0 0 0 0 1 0
5 117 0 1 0 0 0 0 1 0 0 0 0 1 0
5 118 0 1 0 0 0 0 1 0 0 0 0 1 0
5 119 0 1 0 0 0 0 1 0 0 0 0 1 0
5 120 0 1 0 0 0 0 1 0 0 0 0 1 0
5 121 0 1 0 0 0 0 1 0 0 0 0 1 0
5 122 0 1 0 0 0 0 1 0 0 0 0 1 0
5 123 0 1 0 0 0 0 1 0 0 0 0 1 0
5 124 0 1 0 0 0 0 1 0 0 0 0 1 0
5 125 0 1 0 0 0 0 1 0 0 0 0 1 0
5 126 0 1 0 0 0 0 1 0 0 0 0 1 0
5 127 0 1 0 0 0 0 1 0 0 0 0 1 0
5 128 0 1 0 0 0 0 1 0 0 0 0 1 0
5 129 0 1 0 0 0 0 1 0 0 0 0 1 0
5 130 0 1 0 0 0 0 1 0 0 0 0 1 0
5 131 0 1 0 0 0 0 1 0 0 0 0 1 0
5 132 0 1 0 0 0 0 1 0 0 0 0 1 0
5 133 0 1 0 0 0 0 1 0 0 0 0 1 0
5 134 0 1 0 0 0 0 1 0 0 0 0 1 0
5 135 0 1 0 0 0 0 1 0 0 0 0 1 0
5 136 15 -0.988787 -0.135692 -0.0623575 0.302565 -0.120981 0.972668 -0.198195 0.122002 0.0875465 -0.188428 -0.978177 0.945288
5 137 0 1 0 0 0 0 1 0 0 0 0 1 0
5 138 0 1 0 0 0 0 1 0 0 0 0 1 0
5 139 0 1 0 0 0 0 1 0 0 0 0 1 0
5 140 0 1 0 0 0 0 1 0 0 0 0 1 0
5 141 0 1 0 0 0 0 1 0 0 0 0 1 0
5 142 0 1 0 0 0 0 1 0 0 0 0 1 0
5 143 0 1 0 0 0 0 1 0 0 0 0 1 0
5 144 0 1 0 0 0 0 1 0 0 0 0 1 0
5 145 0 1 0 0 0 0 1 0 0 0 0 1 0
5 146 18 -0.202661 -0.865994 0.457147 -0.234818 0.951767 -0.284013 -0.116085 -0.278214 0.230365 0.411572 0.881783 0.931374
5 147 0 1 0 0 0 0 1 0 0 0 0 1 0
5 148 0 1 0 0 0 0 1 0 0 0 0 1 0
5 149 0 1 0 0 0 0 1 0 0 0 0 1 0
5 150 0 1 0 0 0 0 1 0 0 0 0 1 0
5 151 0 1 0 0 0 0 1 0 0 0 0 1 0
5 152 0 1 0 0 0 0 1 0 0 0 0 1 0
5 153 0 1 0 0 0 0 1 0 0 0 0 1 0
5 154 0 1 0 0 0 0 1 0 0 0 0 1 0
5 155 0 1 0 0 0 0 1 0 0 0 0 1 0
5 156 0 1 0 0 0 0 1 0 0 0 0 1 0
5 157 0 1 0 0 0 0 1 0 0 0 0 1 0
5 158 0 1 0 0 0 0 1 0 0 0 0 1 0
5 159 0 1 0 0 0 0 1 0 0 0 0 1 0
5 160 0 1 0 0 0 0 1 0 0 0 0 1 0
6 7 73 0.965713 0.177437 -0.189511 0.968973 -0.160227 0.981724 0.102693 0.246209 0.204269 -0.068807 0.976494 -0.021733
6 8 0 1 0 0 0 0 1 0 0 0 0 1 0
6 9 0 1 0 0 0 0 1 0 0 0 0 1 0
6 10 0 1 0 0 0 0 1 0 0 0 0 1 0
6 11 0 1 0 0 0 0 1 0 0 0 0 1 0
6 12 0 1 0 0 0 0 1 0 0 0 0 1 0
6 13 0 1 0 0 0 0 1 0 0 0 0 1 0
6 14 0 1 0 0 0 0 1 0 0 0 0 1 0
6 15 0 1 0 0 0 0 1 0 0 0 0 1 0
6 16 0 1 0 0 0 0 1 0 0 0 0 1 0
6 17 0 1 0 0 0 0 1 0 0 0 0 1 0
6 18 0 1 0 0 0 0 1 0 0 0 0 1 0
6 19 0 1 0 0 0 0 1 0 0 0 0 1 0
6 20 0 1 0 0 0 0 1 0 0 0 0 1 0
6 21 0 1 0 0 0 0 1 0 0 0 0 1 0
6 22 0 1 0 0 0 0 1 0 0 0 0 1 0
6 23 0 1 0 0 0 0 1 0 0 0 0 1 0
6 24 0 1 0 0 0 0 1 0 0 0 0 1 0
6 25 0 1 0 0 0 0 1 0 0 0 0 1 0
6 26 0 1 0 0 0 0 1 0 0 0 0 1 0
6 27 0 1 0 0 0 0 1 0 0 0 0 1 0
6 28 0 1 0 0 0 0 1 0 0 0 0 1 0
6 29 0 1 0 0 0 0 1 0 0 0 0 1 0
6 30 0 1 0 0 0 0 1 0 0 0 0 1 0
6 31 0 1 0 0 0 0 1 0 0 0 0 1 0
6 32 0 1 0 0 0 0 1 0 0 0 0 1 0
6 33 0 1 0 0 0 0 1 0 0 0 0 1 0
6 34 0 1 0 0 0 0 1 0 0 0 0 1 0
6 35 0 1 0 0 0 0 1 0 0 0 0 1 0
6 36 0 1 0 0 0 0 1 0 0 0 0 1 0
6 37 0 1 0 0 0 0 1 0 0 0 0 1 0
6 38 0 1 0 0 0 0 1 0 0 0 0 1 0
6 39 0 1 0 0 0 0 1 0 0 0 0 1 0
6 40 0 1 0 0 0 0 1 0 0 0 0 1 0
6 41 0 1 0 0 0 0 1 0 0 0 0 1 0
6 42 0 1 0 0 0 0 1 0 0 0 0 1 0
6 43 0 1 0 0 0 0 1 0 0 0 0 1 0
6 44 0 1 0 0 0 0 1 0 0 0 0 1 0
6 45 0 1 0 0 0 0 1 0 0 0 0 1 0
6 46 0 1 0 0 0 0 1 0 0 0 0 1 0
6 47 0 1 0 0 0 0 1 0 0 0 0 1 0
6 48 0 1 0 0 0 0 1 0 0 0 0 1 0
6 49 0 1 0 0 0 0 1 0 0 0 0 1 0
6 50 0 1 0 0 0 0 1 0 0 0 0 1 0
6 51 0 1 0 0 0 0 1 0 0 0 0 1 0
6 52 0 1 0 0 0 0 1 0 0 0 0 1 0
6 53 0 1 0 0 0 0 1 0 0 0 0 1 0
6 54 0 1 0 0 0 0 1 0 0 0 0 1 0
6 55 0 1 0 0 0 0 1 0 0 0 0 1 0
6 56 0 1 0 0 0 0 1 0 0 0 0 1 0
6 57 0 1 0 0 0 0 1 0 0 0 0 1 0
6 58 0 1 0 0 0 0 1 0 0 0 0 1 0
6 59 0 1 0 0 0 0 1 0 0 0 0 1 0
6 60 0 1 0 0 0 0 1 0 0 0 0 1 0
6 61 0 1 0 0 0 0 1 0 0 0 0 1 0
6 62 0 1 0 0 0 0 1 0 0 0 0 1 0
6 63 0 1 0 0 0 0 1 0 0 0 0 1 0
6 64 0 1 0 0 0 0 1 0 0 0 0 1 0
6 65 0 1 0 0 0 0 1 0 0 0 0 1 0
6 66 0 1 0 0 0 0 1 0 0 0 0 1 0
6 67 0 1 0 0 0 0 1 0 0 0 0 1 0
6 68 15 0.921601 -0.300853 -0.245231 0.51848 0.361586 0.895152 0.26069 -0.672082 0.14109 -0.328924 0.933757 -0.528662
6 69 0 1 0 0 0 0 1 0 0 0 0 1 0
6 70 0 1 0 0 0 0 1 0 0 0 0 1 0
6 71 0 1 0 0 0 0 1 0 0 0 0 1 0
6 72 0 1 0 0 0 0 1 0 0 0 0 1 0
6 73 0 1 0 0 0 0 1 0 0 0 0 1 0
6 74 0 1 0 0 0 0 1 0 0 0 0 1 0
6 75 0 1 0 0 0 0 1 0 0 0 0 1 0
6 76 0 1 0 0 0 0 1 0 0 0 0 1 0
6 77 0 1 0 0 0 0 1 0 0 0 0 1 0
6 78 0 1 0 0 0 0 1 0 0 0 0 1 0
6 79 0 1 0 0 0 0 1 0 0 0 0 1 0
6 80 0 1 0 0 0 0 1 0 0 0 0 1 0
6 81 0 1 0 0 0 0 1 0 0 0 0 1 0
6 82 0 1 0 0 0 0 1 0 0 0 0 1 0
6 83 0 1 0 0 0 0 1 0 0 0 0 1 0
6 84 0 1 0 0 0 0 1 0 0 0 0 1 0
6 85 0 1 0 0 0 0 1 0 0 0 0 1 0
6 86 0 1 0 0 0 0 1 0 0 0 0 1 0
6 87 0 1 0 0 0 0 1 0 0 0 0 1 0
6 88 0 1 0 0 0 0 1 0 0 0 0 1 0
6 89 0 1 0 0 0 0 1 0 0 0 0 1 0
6 90 0 1 0 0 0 0 1 0 0 0 0 1 0
6 91 0 1 0 0 0 0 1 0 0 0 0 1 0
6 92 0 1 0 0 0 0 1 0 0 0 0 1 0
6 93 0 1 0 0 0 0 1 0 0 0 0 1 0
6 94 0 1 0 0 0 0 1 0 0 0 0 1 0
6 95 0 1 0 0 0 0 1 0 0 0 0 1 0
6 96 0 1 0 0 0 0 1 0 0 0 0 1 0
6 97 0 1 0 0 0 0 1 0 0 0 0 1 0
6 98 19 0.994173 -0.107792 0.000898411 -0.498126 0.104507 0.965848 0.237098 -0.215874 -0.0264251 -0.235623 0.971485 -0.839803
6 99 0 1 0 0 0 0 1 0 0 0 0 1 0
6 100 0 1 0 0 0 0 1 0 0 0 0 1 0
6 101 0 1 0 0 0 0 1 0 0 0 0 1 0
6 102 0 1 0 0 0 0 1 0 0 0 0 1 0
6 103 0 1 0 0 0 0 1 0 0 0 0 1 0
6 104 0 1 0 0 0 0 1 0 0 0 0 1 0
6 105 0 1 0 0 0 0 1 0 0 0 0 1 0
6 106 0 1 0 0 0 0 1 0 0 0 0 1 0
6 107 0 1 0 0 0 0 1 0 0 0 0 1 0
