0 1 169 0.97175 0.0765945 -0.223238 0.924275 -0.076353 0.997033 0.00972653 0.207725 0.22332 0.0075931 0.974716 -0.320259
0 2 34 0.997241 0.0434981 -0.0601506 -0.049689 -0.0397509 0.997275 0.0621499 -0.196498 0.0626901 -0.0595874 0.996253 -0.979244
0 3 17 0.774472 0.557975 0.298088 0.0518211 -0.61795 0.768122 0.167708 0.167802 -0.135391 -0.314089 0.93969 0.984458
0 4 18 0.0830136 0.971517 0.221956 0.0664372 -0.986054 0.0478382 0.159402 -0.0514271 0.144244 -0.232093 0.961939 -0.996464
0 5 14 -0.883676 0.454335 0.112677 0.00117431 -0.458684 -0.888477 -0.0147414 0.0156204 0.0934132 -0.0647096 0.993522 -0.999877
0 6 28 -0.895801 0.403906 -0.185473 0.368161 0.234115 0.783529 0.575563 -0.430361 0.377797 0.472168 -0.796446 0.824164
0 7 13 -0.397484 -0.91649 -0.0452956 0.139153 0.91127 -0.400049 0.0977127 0.235252 -0.107673 -0.00243727 0.994183 0.961921
0 8 35 0.27512 0.961408 0.00194449 0.168074 0.932751 -0.267409 0.241802 -0.101786 0.23299 -0.0647109 -0.970324 0.980505
0 9 12 -0.419746 -0.89539 0.14863 -0.299169 0.882978 -0.364913 0.295275 -0.17669 -0.210149 0.255178 0.943781 -0.937698
0 10 13 0.983277 0.0269674 0.18011 -0.0222346 -0.00524011 0.992756 -0.120035 -0.167023 -0.182043 0.117084 0.976295 0.985702
0 11 14 0.806443 -0.484661 -0.338753 -0.0967448 0.524909 0.850528 0.0327437 -0.169533 0.272249 -0.20422 0.940305 0.980765
0 12 13 0.395655 0.77352 0.495101 0.24289 -0.914083 0.279468 0.293854 0.244303 0.0889375 -0.568828 0.817634 0.938787
0 13 27 -0.792604 0.0149836 -0.609552 0.12199 0.0874701 0.992152 -0.0893495 0.0187371 0.60343 -0.124136 -0.787695 0.992354
0 14 22 0.84831 0.526635 -0.0550144 0.0149489 0.493703 -0.824231 -0.277311 -0.0477772 -0.191386 0.208084 -0.959204 0.998746
0 15 29 -0.940786 -0.13703 -0.310073 0.145405 -0.0918409 0.983482 -0.155975 0.252803 0.326324 -0.118262 -0.937831 0.956529
0 16 14 0.939249 -0.335309 0.0733446 0.135217 0.322173 0.934951 0.148564 -0.218675 -0.118388 -0.115909 0.986179 0.966384
0 17 33 -0.969263 0.242704 0.0402901 0.0497266 0.23419 0.860001 0.453379 -0.269236 0.0753872 0.448879 -0.890407 0.961789
0 18 34 -0.634334 -0.74381 -0.210636 -0.0920022 -0.76385 0.644994 0.0227111 -0.00411338 0.118966 0.175301 -0.977301 0.99575
0 19 19 0.947072 -0.312765 -0.0723405 0.0708252 0.318206 0.944401 0.0827788 -0.230377 0.0424281 -0.101417 0.993939 0.970521
0 20 12 -0.537999 -0.842386 -0.0307238 -0.0206451 0.786107 -0.488231 -0.379034 -0.353104 0.304293 -0.228072 0.924872 0.935356
0 21 12 -0.634038 0.720681 0.280384 -0.08253 -0.744854 -0.666596 0.0290235 0.0161387 0.20782 -0.190443 0.959449 0.996458
0 22 22 -0.554447 -0.760242 -0.338557 0.413975 0.825095 -0.449042 -0.342898 0.0748681 0.108659 -0.46946 0.876242 -0.907204
0 23 41 0.731287 -0.281584 0.621232 -0.0214916 0.500971 -0.396349 -0.769373 0.0155046 0.462868 0.873852 -0.14878 0.999649
0 24 31 -0.720792 0.647602 0.247125 -0.061189 0.690921 0.642681 0.331042 -0.0880288 0.0555611 0.409357 -0.910681 0.994237
0 25 32 -0.192606 0.695146 -0.692585 0.240954 -0.00417606 0.705214 0.708983 -0.146912 0.981267 0.139446 -0.132925 0.959353
0 26 25 0.209343 0.961762 0.176604 0.0269214 -0.860954 0.266916 -0.433029 0.0238315 -0.463609 -0.0613958 0.88391 0.999353
0 27 17 0.374425 0.861869 0.342035 -0.262712 -0.914462 0.404285 -0.0176683 0.253166 -0.153508 -0.306163 0.939521 -0.931069
0 28 55 0.208749 -0.974681 -0.0801289 0.0254008 -0.82555 -0.219548 0.519871 -0.336791 -0.524301 -0.0423725 -0.850478 0.941237
0 29 15 0.741239 0.634269 0.219699 -0.251109 -0.6685 0.727102 0.156302 -0.00960867 -0.0606065 -0.262726 0.962965 -0.967911
0 30 23 -0.567147 0.721532 0.39716 -0.41956 -0.771349 -0.634368 0.0509818 -0.248839 0.28873 -0.277434 0.916332 -0.872954
0 31 25 -0.81173 0.202962 0.547631 -0.391136 0.407042 0.869027 0.281264 -0.279353 -0.41882 0.451219 -0.78803 0.876912
0 32 14 0.713138 -0.691715 -0.113865 -0.0368226 0.619736 0.697992 -0.358795 0.325826 0.327661 0.185304 0.926445 -0.944712
0 33 19 0.954817 -0.265854 -0.132836 0.0241201 0.24781 0.958938 -0.13794 0.36925 0.164054 0.0987898 0.981492 -0.929017
0 34 44 -0.560927 0.804248 -0.196332 0.237534 0.796788 0.4601 -0.39171 0.231448 -0.2247 -0.376155 -0.898898 0.943403
0 35 38 0.0405683 0.588745 0.8073 -0.502255 0.655709 -0.625333 0.42309 -0.393286 0.753923 0.51219 -0.411414 0.770108
0 36 35 0.359501 -0.917615 0.169532 -0.184766 -0.809591 -0.216367 0.545662 -0.352401 -0.464026 -0.333418 -0.820678 0.917429
0 37 25 0.510462 0.62716 -0.588302 0.305805 0.744753 -0.664443 -0.0621183 -0.0205643 -0.429851 -0.406431 -0.806252 0.951872
0 38 33 0.932139 -0.185217 0.311147 -0.162792 -0.111501 -0.964346 -0.24001 0.0736754 0.344507 0.18903 -0.919556 0.983906
0 39 51 0.484989 0.850708 0.202685 -0.0290299 0.751182 -0.286573 -0.594644 0.256111 -0.447784 0.440649 -0.778022 0.966211
0 40 22 -0.104892 -0.994466 0.00591416 0.296191 0.985968 -0.104768 -0.129966 -0.319218 0.129867 -0.00780123 0.991501 0.900206
0 41 20 0.921359 0.200351 -0.333101 -0.289885 -0.212542 0.977152 -0.000161365 -0.151376 0.325458 0.0709465 0.942891 0.945014
0 42 73 0.281735 -0.33461 -0.899256 0.425426 0.514851 -0.738149 0.435964 -0.406477 -0.809663 -0.585809 -0.0356886 0.808572
0 43 14 0.76102 -0.645886 0.0606555 -0.281169 0.646554 0.747499 -0.152357 0.164305 0.0530652 0.155164 0.986463 -0.945488
0 44 27 0.987364 0.151083 -0.0478107 0.0470223 0.150624 -0.988504 -0.013092 -0.216694 -0.0492391 0.00572517 -0.998771 0.975107
0 45 72 0.802941 -0.238568 0.546233 -0.800586 0.28748 0.957777 -0.00427318 0.0572239 -0.52215 0.160462 0.837622 0.59648
0 46 35 0.916528 -0.39991 0.00700244 0.137559 0.399885 0.915827 -0.0367771 0.196579 0.00829448 0.0365074 0.999299 -0.97079
0 47 28 0.935378 -0.340722 0.0947453 -0.293735 0.338687 0.94016 0.0372831 -0.228644 -0.101779 -0.00278475 0.994803 -0.928139
0 48 25 0.813362 0.577827 -0.067516 0.144925 -0.580927 0.812913 -0.0411918 0.3268 0.0310829 0.0727257 0.996868 -0.933916
0 49 31 0.955878 -0.293172 0.0186474 0.782022 0.289906 0.951677 0.10132 -0.333192 -0.0474505 -0.0914438 0.994679 -0.526711
0 50 20 -0.375259 -0.898891 0.226219 -0.316368 0.856597 -0.429549 -0.285884 0.233517 0.354151 0.0864984 0.931179 -0.919446
0 51 13 -0.890698 0.118085 0.438991 -0.250698 -0.289043 -0.892448 -0.346398 0.330784 0.350872 -0.435423 0.829033 -0.909798
0 52 12 0.906451 -0.421112 0.0318129 -0.215515 0.393703 0.869898 0.297111 -0.0338099 -0.152791 -0.256791 0.954313 -0.975915
0 53 17 0.796644 0.60354 -0.0331321 0.0568809 -0.578413 0.777098 0.248107 0.233962 0.175489 -0.178489 0.968166 0.97058
0 54 11 0.998107 0.010967 0.0605105 -0.0359374 -0.0267319 0.963518 0.266307 0.0396945 -0.0553824 -0.26742 0.961987 0.998565
0 55 11 -0.058062 0.977327 0.20362 0.0165188 -0.94407 -0.12007 0.307107 -0.336766 0.324593 -0.1744 0.929636 -0.941443
0 56 0 1 0 0 0 0 1 0 0 0 0 1 0
0 57 33 -0.100614 -0.957788 -0.269295 0.0025608 -0.955468 0.168487 -0.242266 0.233226 0.277412 0.232928 -0.932087 0.972419
0 58 33 0.350017 0.773832 0.527894 -0.333313 0.907399 -0.420035 0.0140775 0.00517039 0.232628 0.474083 -0.849194 0.942802
0 59 14 0.864285 0.376798 -0.33322 0.318318 -0.384592 0.921988 0.0450332 0.131262 0.324193 0.0892321 0.941773 -0.938852
0 60 26 -0.904591 -0.411908 -0.109758 0.195781 -0.425838 0.884908 0.18868 -0.0728889 0.0194064 0.217418 -0.975886 0.977935
0 61 14 -0.0729887 -0.979106 -0.189799 -0.191974 0.99684 -0.0776037 0.0169881 -0.144242 -0.0313622 -0.187959 0.981676 -0.970742
0 62 10 -0.862897 0.503476 -0.0438273 0.257173 -0.490274 -0.812906 0.314349 -0.325579 0.12264 0.292739 0.948295 -0.909868
0 63 32 0.461825 0.883329 0.0802927 0.108987 0.753163 -0.342732 -0.561499 0.25249 -0.468469 0.319788 -0.823573 0.961442
0 64 37 -0.472206 -0.878772 -0.0691521 0.00874063 -0.829335 0.469482 -0.30297 0.16623 0.298707 -0.0857141 -0.950488 0.986048
0 65 28 0.0655393 -0.898712 -0.433615 0.252836 -0.965806 -0.166372 0.198844 -0.0339751 -0.250845 0.405756 -0.878885 0.966912
0 66 37 -0.824623 0.527 -0.205591 0.158993 -0.565405 -0.756473 0.328733 -0.278827 0.017718 0.387323 0.921774 0.947088
0 67 22 -0.774667 -0.432766 0.461091 0.181884 0.442401 -0.891894 -0.0938389 0.188496 0.451855 0.131293 0.882377 0.965084
0 68 33 0.813912 -0.0238475 -0.580499 0.126537 -0.174709 -0.962958 -0.205399 0.205763 -0.554098 0.268595 -0.787929 0.970386
0 69 16 0.840134 0.517114 -0.16361 0.253852 -0.437192 0.824182 0.359982 -0.120909 0.320997 -0.230904 0.918501 -0.959656
0 70 29 -0.994206 -0.0388558 -0.100219 -0.181964 -0.0578473 0.979255 0.1942 0.0631798 0.0905938 0.198872 -0.975829 0.981273
0 71 12 -0.537978 0.748695 0.387345 0.364302 -0.840102 -0.513998 -0.173304 0.0211453 0.0693425 -0.418643 0.9055 0.931041
0 72 12 0.980113 -0.141537 0.139089 -0.246266 0.0931298 0.947006 0.307418 -0.0953198 -0.175229 -0.288351 0.941355 -0.964504
0 73 26 0.905238 -0.411255 0.106832 -0.545688 0.396252 0.907841 0.137148 -0.144548 -0.153389 -0.0818195 0.984773 -0.825427
0 74 16 0.887315 -0.460098 0.0313214 -0.0709644 0.459765 0.887867 0.017546 -0.148457 -0.0358821 -0.0011684 0.999355 -0.986369
0 75 27 0.880336 -0.463656 0.10016 -0.855678 0.471451 0.87854 -0.0768241 0.272768 -0.0523746 0.114852 0.992001 0.439787
0 76 40 0.540238 -0.84094 -0.0310389 0.0298544 -0.764937 -0.475371 -0.434618 0.187044 0.350733 0.25854 -0.90008 0.981898
0 77 35 0.957607 -0.287325 0.0208215 -0.32862 0.287576 0.949166 -0.127997 0.358263 0.0170137 0.128558 0.991556 -0.873875
0 78 18 0.892113 -0.440207 -0.101743 -0.00728132 0.436119 0.897844 -0.0606374 0.195089 0.118042 0.00972348 0.992961 -0.980759
0 79 27 0.979082 -0.145284 -0.142449 0.0130563 -0.104939 -0.960372 0.258213 -0.29347 -0.174318 -0.237863 -0.955528 0.955879
0 80 11 -0.484964 0.864991 -0.128843 0.0236548 -0.863281 -0.497058 -0.0876332 0.00601239 -0.139844 0.0687283 0.987785 0.999702
0 81 13 0.53945 -0.824524 -0.170746 0.0816693 0.834047 0.551077 -0.0260604 0.223791 0.115582 -0.128352 0.98497 -0.971209
0 82 27 -0.357144 -0.898032 -0.256879 0.0207323 -0.933779 0.336653 0.121336 0.0839508 -0.0224848 0.283203 -0.958796 0.996254
0 83 29 -0.857071 -0.174103 -0.48489 0.452205 -0.223061 0.973782 0.0446293 0.0498084 0.464407 0.14641 -0.873436 0.890522
0 84 26 -0.782464 0.585773 0.211236 -0.0223793 0.601483 0.623202 0.499837 -0.286067 0.161148 0.51816 -0.839966 0.957948
0 85 17 0.98918 0.093664 -0.112919 0.00762631 -0.0788207 0.988452 0.129425 0.019532 0.123737 -0.119124 0.985139 -0.99978
0 86 41 -0.995837 -0.0552601 0.0724908 0.0561139 -0.0567269 0.998221 -0.0183324 0.0991028 -0.0713488 -0.0223683 -0.997201 0.993494
0 87 64 0.72909 -0.291358 0.619305 -0.999668 0.301151 0.949129 0.0919901 -0.000474226 -0.614602 0.119435 0.779743 -0.025749
0 88 90 0.946926 -0.220933 0.233495 -0.723849 0.217133 0.97523 0.0421883 0.0715689 -0.237032 0.0107503 0.971442 -0.686237
0 89 115 0.993329 -0.0495295 0.104138 -0.235264 0.0577164 0.995349 -0.0771298 0.176866 -0.0998333 0.0826257 0.991568 -0.955703
0 90 87 0.99967 0.018301 -0.0180526 0.0424624 -0.0226004 0.960326 -0.277963 0.303853 0.0122494 0.278279 0.960422 -0.951772
0 91 43 0.999143 0.0162234 0.038079 0.0143846 -0.0138795 0.998039 -0.0610319 -0.147104 -0.0389945 0.0604511 0.997409 -0.989016
0 92 41 0.932666 0.0354882 0.358991 -0.201902 0.309074 -0.5918 -0.744477 0.402954 0.186031 0.805303 -0.562921 0.892672
0 93 12 0.476922 0.878493 -0.0282066 0.198456 -0.873132 0.469839 -0.129967 0.036834 -0.100923 0.0866124 0.991117 -0.979417
0 94 35 0.969349 0.220313 0.108742 -0.268257 -0.200982 0.965634 -0.164798 0.346708 -0.141312 0.137891 0.980315 -0.898795
0 95 24 0.963654 -0.253819 0.0833484 -0.344569 0.258141 0.965021 -0.0458004 0.226685 -0.068808 0.0656514 0.995467 -0.910981
0 96 21 0.972967 0.228647 -0.0324932 0.0492083 -0.225171 0.970472 0.0865017 -0.167501 0.051312 -0.0768467 0.995722 -0.984643
0 97 17 -0.622704 0.774829 0.108993 -0.0225232 -0.77766 -0.628254 0.0232818 -0.124193 0.0865149 -0.070262 0.99377 -0.992002
0 98 17 0.893726 -0.447569 0.030586 -0.143144 0.439179 0.886805 0.143872 -0.148159 -0.0915166 -0.11515 0.989123 -0.978549
0 99 26 -0.720893 -0.692912 -0.0136752 0.00277457 0.681595 -0.705271 -0.194987 -0.237426 0.125464 -0.149885 0.980711 0.971402
0 100 18 0.945815 -0.3129 -0.0867681 -0.262533 0.278132 0.918584 -0.280794 0.121293 0.167564 0.241446 0.955838 -0.957269
0 101 11 0.866547 0.459563 -0.194676 0.23127 -0.490264 0.856842 -0.159568 0.12698 0.093475 0.233716 0.967801 -0.964567
0 102 17 0.815402 -0.441407 -0.374537 0.483179 0.456325 0.888213 -0.0533345 0.245195 0.356211 -0.127422 0.925677 -0.840487
0 103 21 0.869843 -0.492218 0.0330899 -0.199755 0.488802 0.868985 0.0770575 -0.266245 -0.0666838 -0.0508535 0.996477 0.94298
0 104 17 0.333246 0.940601 -0.064932 0.151145 -0.942606 0.333907 -0.000704727 -0.0991731 0.0210184 0.0614402 0.997889 0.983524
0 105 16 -0.885806 0.270189 0.377287 0.18542 -0.315735 -0.946733 -0.0633016 -0.0678058 0.340086 -0.175196 0.923931 0.980317
0 106 19 0.536535 0.638873 -0.551336 0.242867 0.676156 -0.716374 -0.17211 0.0151343 -0.504919 -0.280446 -0.816337 0.969941
0 107 31 -0.0931412 -0.776454 -0.623253 0.4263 -0.986644 -0.0120375 0.162444 -0.00622025 -0.133633 0.630059 -0.764962 0.904561
0 108 21 0.978409 -0.0577527 0.198445 -0.368716 0.0809608 0.990529 -0.110898 0.369596 -0.190161 0.12457 0.973818 -0.852905
0 109 27 -0.257407 0.956282 0.138801 -0.128129 -0.954543 -0.229295 -0.190452 -0.253955 -0.1503 -0.181515 0.971834 0.958692
0 110 21 -0.28544 0.957112 0.0496005 -0.243851 -0.945678 -0.289678 0.147581 -0.238224 0.15562 -0.00478052 0.987805 -0.940099
0 111 55 0.277498 0.47207 -0.836747 0.296336 -0.957411 0.20818 -0.200066 -0.235755 0.0797486 0.856628 0.509734 0.925529
0 112 0 1 0 0 0 0 1 0 0 0 0 1 0
0 113 18 -0.0580353 -0.973338 0.221914 -0.27109 0.965195 -0.111488 -0.236578 -0.292603 0.255011 0.20046 0.945931 0.917003
0 114 15 0.0716293 0.737557 0.671475 0.396373 -0.993659 -0.00572559 0.112287 -0.135281 0.0866628 -0.67526 0.73247 0.908068
0 115 29 -0.984621 -0.0502688 -0.167318 0.314332 -0.0470204 0.998622 -0.0233226 0.127518 0.168259 -0.0150965 -0.985627 0.94071
0 116 27 0.47863 -0.799908 -0.362022 0.453944 -0.430536 0.145528 -0.890764 -0.00895018 0.765214 0.58221 -0.274735 0.890985
0 117 0 1 0 0 0 0 1 0 0 0 0 1 0
0 118 13 -0.974314 -0.0378143 -0.221996 0.0361742 0.0873082 -0.972126 -0.217595 -0.0842898 -0.20758 -0.231388 0.950458 0.995784
0 119 24 0.779615 -0.5763 -0.245109 0.0683769 0.488509 0.804521 -0.337795 0.482227 0.391867 0.143612 0.908744 -0.873374
0 120 27 0.580398 0.766762 0.274251 -0.338874 -0.768719 0.627014 -0.126188 0.306331 -0.268716 -0.137583 0.953343 -0.889565
0 121 23 -0.337577 -0.706055 -0.622517 0.451605 -0.934067 0.333084 0.128741 0.00820646 0.116453 0.624932 -0.771944 0.89218
0 122 38 -0.781807 0.061649 -0.620466 0.437389 -0.131682 0.956331 0.260943 -0.157397 0.609457 0.285711 -0.739548 0.885391
0 123 38 0.919635 0.392255 0.0201842 -0.0369069 0.370155 -0.848343 -0.378548 0.106318 -0.131364 0.355597 -0.925361 0.993647
0 124 16 0.78333 -0.616939 -0.0760228 -0.0505607 0.588608 0.775497 -0.22835 -0.0226688 0.199834 0.134126 0.970606 0.998464
0 125 25 0.582193 0.802014 -0.133513 0.158278 0.756419 -0.594502 -0.272758 0.0240662 -0.29813 0.0578064 -0.952773 0.987101
0 126 26 0.916298 -0.400066 0.0185734 -0.114311 0.397506 0.902821 -0.16402 0.0764302 0.0488503 0.157674 0.986282 -0.990501
0 127 30 0.996074 0.0865624 0.0185176 -0.452409 -0.0863318 0.996183 -0.0129111 0.301222 -0.0195646 0.0112618 0.999745 -0.839399
0 128 67 0.520897 0.339252 -0.78331 0.783133 0.279048 0.799544 0.531848 -0.426014 0.806721 -0.495619 0.321812 0.453006
0 129 44 0.981226 0.100319 0.164715 -0.587852 -0.121933 0.984402 0.126825 0.619024 -0.149423 -0.144528 0.978154 -0.520806
0 130 19 0.68173 0.581763 -0.443617 -0.268197 -0.723481 0.62619 -0.290621 -0.251608 0.108717 0.519073 0.847787 0.929927
0 131 35 -0.067194 -0.954435 0.290755 -0.281271 -0.947639 0.152234 0.280724 -0.0391862 -0.312196 -0.256668 -0.914689 0.958828
0 132 15 0.848418 0.280847 -0.448678 0.382343 -0.271412 0.958544 0.0867752 0.0619007 0.454448 0.0481548 0.889471 -0.921945
0 133 42 -0.6462 -0.471978 0.599718 -0.483127 -0.530753 0.842601 0.0912375 0.0847092 -0.548386 -0.259345 -0.794993 0.871443
0 134 24 0.937598 0.347244 0.0182144 -0.174783 -0.347434 0.933408 0.0896616 0.205256 0.014133 -0.0903948 0.995806 -0.962975
0 135 18 0.381836 0.762743 0.521943 -0.475194 -0.924119 0.32386 0.20278 0.0114763 -0.0143674 -0.559766 0.828526 -0.879806
0 136 29 -0.855566 -0.352866 0.378803 -0.236231 -0.417627 0.90285 -0.102222 0.248944 -0.305932 -0.245656 -0.919815 0.939267
0 137 22 0.985018 0.163908 -0.053597 0.123561 -0.149195 0.965856 0.211808 0.0391519 0.0864841 -0.200638 0.975841 -0.991564
0 138 26 0.981835 0.0170059 -0.188972 0.315617 0.0372591 0.959301 0.279915 -0.21676 0.186041 -0.281871 0.941242 -0.923797
0 139 40 -0.427158 -0.903389 0.0377439 -0.0560338 -0.856663 0.417712 0.30273 -0.0880278 -0.289249 0.0969796 -0.952329 0.994541
0 140 86 0.999031 0.0018978 0.0439663 -0.747836 -0.0112374 0.97695 0.213174 -0.650052 -0.0425483 -0.213461 0.976025 -0.134809
0 141 137 0.993793 -0.0356469 0.105376 -0.974959 0.0203051 0.989481 0.143229 0.200505 -0.109373 -0.140201 0.984064 -0.0961961
0 142 84 0.907438 0.000636051 0.420186 -0.837821 0.0934653 0.97464 -0.203324 0.476244 -0.409659 0.223777 0.884366 0.266925
0 143 59 0.916206 -0.075723 -0.393487 0.933456 0.170096 0.962614 0.21081 -0.323587 0.362813 -0.260076 0.894833 0.154761
0 144 32 0.938471 0.071015 -0.337978 0.181893 0.117287 -0.986003 0.118497 -0.0325685 -0.324832 -0.150846 -0.933664 0.982779
0 145 20 -0.702902 -0.663755 -0.255653 0.285319 0.701417 -0.587158 -0.404055 0.233369 0.118085 -0.46333 0.878283 -0.929587
0 146 17 -0.576845 0.77102 0.269772 -0.0891464 -0.814971 -0.52082 -0.254102 0.22648 -0.0554149 -0.366434 0.928792 -0.969928
0 147 11 0.78729 0.540728 0.296289 0.0782611 -0.561376 0.827359 -0.0182605 0.00284203 -0.255011 -0.151953 0.954924 0.996929
0 148 26 0.924308 0.332697 0.186997 0.156498 -0.308335 0.93972 -0.147839 0.157668 -0.224911 0.0789911 0.971172 0.975012
0 149 16 0.778081 0.497334 0.38373 0.250153 -0.526121 0.849711 -0.0344643 0.0200225 -0.3432 -0.175073 0.922802 0.967999
0 150 15 0.702167 -0.709401 -0.0609214 -0.248395 0.70976 0.69058 0.139065 -0.142806 -0.0565814 -0.140886 0.988408 -0.958074
0 151 35 -0.517884 -0.842256 -0.149667 0.269135 -0.754385 0.532151 -0.384341 0.098814 0.403359 -0.086138 -0.910978 0.95802
0 152 30 -0.941233 -0.335276 0.0408584 0.213694 -0.336966 0.940406 -0.0457231 0.114221 -0.0230936 -0.056804 -0.998118 0.9702
0 153 35 -0.823767 -0.553466 -0.122815 0.206856 -0.557651 0.830075 -0.000359428 0.117686 0.102145 0.068192 -0.992429 0.971268
0 154 19 -0.171951 0.982454 -0.0722256 0.274103 0.966693 0.154174 -0.204292 0.0603003 -0.189573 -0.104948 -0.976242 0.959808
0 155 18 -0.564516 -0.708342 0.42376 0.205396 0.601282 -0.704613 -0.376803 0.113347 0.565492 0.0420875 0.823679 0.972093
0 156 15 -0.854491 0.267808 0.44511 0.197341 -0.346062 -0.932509 -0.103285 0.0272108 0.387409 -0.242291 0.889499 0.979957
0 157 15 -0.767698 0.508254 0.390279 0.182328 -0.560019 -0.828158 -0.0230897 -0.062557 0.311477 -0.23629 0.920407 0.981246
0 158 22 -0.832253 -0.553737 -0.0270256 0.215343 -0.547597 0.82868 -0.115874 0.0963387 0.0865592 -0.0816372 -0.992896 0.971775
0 159 45 -0.795874 -0.602459 -0.060233 0.17723 -0.604819 0.795669 0.0332261 0.0784439 0.0279081 0.0628738 -0.997631 0.981038
0 160 23 -0.664918 -0.739701 -0.103571 0.221036 -0.689629 0.661247 -0.295237 0.100338 0.286873 -0.124883 -0.949794 0.97009
1 2 117 0.955172 0.0565105 -0.290609 0.982073 -0.0714102 0.996608 -0.0409148 0.0675093 0.287311 0.0598331 0.955967 -0.175995
1 3 33 0.821081 0.567023 0.0656517 0.093039 -0.569097 0.804277 0.171075 -0.578597 0.0442016 -0.177829 0.983068 -0.810289
1 4 43 0.563813 -0.799989 -0.205262 0.103733 -0.792501 -0.454071 -0.407138 0.196181 0.232503 0.39222 -0.890003 0.975065
1 5 21 -0.896827 -0.431994 -0.0952994 0.0414754 -0.442242 0.880882 0.168728 0.0469183 0.0110582 0.193465 -0.981045 0.998037
1 6 29 -0.992488 -0.11746 -0.0342216 0.111042 -0.122303 0.945373 0.302179 -0.12965 -0.00314183 0.304095 -0.952637 0.985323
1 7 18 -0.0676888 -0.978772 0.193454 0.00447753 -0.880364 0.149828 0.450013 -0.0536555 -0.469445 -0.139849 -0.871816 0.998549
1 8 25 0.847797 -0.52611 -0.0666931 0.0874386 -0.492137 -0.733653 -0.468565 0.260437 0.197588 0.430071 -0.880908 0.961523
1 9 26 0.694763 -0.647922 -0.312251 0.276966 -0.50337 -0.748124 0.432353 -0.227186 -0.513734 -0.143205 -0.845914 0.933636
1 10 11 0.58239 -0.810236 -0.0658675 -0.0634433 0.755014 0.569165 -0.325583 0.234085 0.301289 0.139886 0.943216 -0.970144
1 11 25 -0.971197 0.115994 -0.208138 0.126741 0.232134 0.657665 -0.716652 0.385563 0.0537576 -0.744326 -0.665649 0.913935
1 12 23 0.132628 -0.972347 -0.192224 0.174117 -0.982772 -0.154195 0.101902 0.0995995 -0.128724 0.175398 -0.976046 0.979675
1 13 20 -0.0207922 0.975571 0.2187 -0.0288496 0.992008 0.0473603 -0.116951 0.0252457 -0.124452 0.21452 -0.968758 0.999265
1 14 22 -0.812444 -0.531907 -0.238765 0.150226 -0.583015 0.74484 0.32451 -0.178522 0.00523274 0.40285 -0.915251 0.9724
1 15 24 0.441746 0.757069 -0.481359 0.268171 0.887835 -0.445988 0.113332 -0.150532 -0.12888 -0.477431 -0.869166 0.951538
1 16 0 1 0 0 0 0 1 0 0 0 0 1 0
1 17 36 0.603986 0.796402 0.0307421 -0.0381097 0.66263 -0.52322 0.535875 -0.280785 0.442857 -0.30329 -0.843737 0.959014
1 18 16 -0.928502 -0.369272 -0.0390265 0.0869261 0.370247 -0.912656 -0.173138 0.0134269 0.0283171 -0.175208 0.984124 -0.996124
1 19 28 -0.871273 0.472804 0.131683 0.0535258 0.433927 0.867434 -0.243446 -0.0437876 -0.229329 -0.154967 -0.960934 0.997606
1 20 0 1 0 0 0 0 1 0 0 0 0 1 0
1 21 34 -0.35206 -0.40023 0.846091 -0.386961 -0.346511 0.895469 0.279403 -0.243868 -0.869473 -0.194813 -0.453943 0.889264
1 22 24 0.540829 0.675011 0.50186 -0.430072 0.816182 -0.565385 -0.119105 -0.112712 0.203347 0.474025 -0.856709 0.895731
1 23 12 -0.0771382 0.996963 0.0107363 0.0140951 -0.984704 -0.0778682 0.15587 -0.0046055 0.156232 0.00145146 0.987719 0.99989
1 24 31 0.976466 -0.120265 -0.179024 0.0353785 -0.144011 -0.981504 -0.126138 -0.0721231 -0.160543 0.148951 -0.975725 0.996768
1 25 10 0.219402 -0.940197 -0.260563 0.00988236 0.975417 0.20574 0.0789524 0.0254759 -0.0206224 -0.27148 0.962223 0.999627
1 26 23 0.304738 -0.931828 0.197057 -0.0830381 -0.930962 -0.335109 -0.144953 -0.0341072 0.201107 -0.13928 -0.969617 0.995963
1 27 20 -0.321958 0.892779 -0.315099 0.270773 0.858769 0.415502 0.299789 -0.275199 0.39857 -0.174078 -0.900466 0.922468
1 28 32 0.727669 0.464897 0.504349 0.0191268 0.179339 -0.83865 0.514299 -0.345228 0.662068 -0.28379 -0.693634 0.938324
1 29 17 0.911888 -0.379696 0.155859 0.394092 0.395919 0.913851 -0.0901326 -0.249337 -0.108209 0.143898 0.983658 0.884603
1 30 0 1 0 0 0 0 1 0 0 0 0 1 0
1 31 13 0.4531 0.890981 -0.0292097 -0.336092 -0.889813 0.454011 0.0459124 -0.210585 0.0541686 0.00518827 0.998518 0.917985
1 32 11 -0.314698 -0.869484 -0.380739 0.00395023 0.861882 -0.0937126 -0.498375 -0.316225 0.397649 -0.48499 0.778883 0.948676
1 33 14 0.443295 0.870251 0.214832 -0.151226 -0.892683 0.450334 0.0177717 0.0303529 -0.0812804 -0.199655 0.976489 0.988033
1 34 18 0.98999 -0.14064 -0.0117958 -0.120027 0.133874 0.962241 -0.237 0.316827 0.0446822 0.233049 0.971438 -0.940858
1 35 17 0.986439 0.0923703 -0.135668 0.127393 0.132579 -0.935717 0.326891 -0.165707 -0.0967519 -0.340444 -0.935274 0.977912
1 36 29 -0.753338 0.657523 0.0120517 0.14956 0.633399 0.730385 -0.255625 0.190062 -0.176881 -0.184938 -0.966701 0.970313
1 37 0 1 0 0 0 0 1 0 0 0 0 1 0
1 38 21 -0.52322 0.597482 -0.607664 0.0868803 0.758331 0.651757 -0.0121146 -0.267163 0.388811 -0.46715 -0.794101 0.959727
1 39 17 0.822813 -0.521392 -0.226117 0.0791922 -0.565559 -0.790342 -0.235592 0.113857 -0.055874 0.321731 -0.945181 0.990336
1 40 25 0.873176 0.149928 -0.463772 0.296315 0.38428 -0.797074 0.465834 -0.321791 -0.29982 -0.584974 -0.7536 0.899249
1 41 29 -0.885693 -0.237225 0.399089 -0.298152 -0.195745 0.970271 0.142332 -0.124523 -0.420989 0.0479428 -0.905798 0.946361
1 42 52 -0.476774 0.278627 0.833699 -0.442674 0.44809 0.892992 -0.0421907 -0.0640455 -0.756242 0.353457 -0.550605 0.894393
1 43 16 0.467986 0.822387 0.323525 0.460743 -0.814687 0.543333 -0.202666 -0.319292 -0.342452 -0.168727 0.924261 0.828112
1 44 12 0.894491 0.250154 0.370552 -0.0528703 -0.289314 0.955757 0.0531687 -0.00835417 -0.340858 -0.154765 0.927288 0.998566
1 45 53 0.640407 -0.334695 0.691273 -0.774137 0.405392 0.911765 0.0658889 -0.135501 -0.652331 0.238041 0.719584 0.618346
1 46 22 0.998275 0.0586485 0.00287189 -0.175863 -0.058691 0.998112 0.0180894 0.159495 -0.00180556 -0.0182267 0.999832 0.971408
1 47 34 -0.793011 0.404462 0.455571 -0.167162 0.554209 0.789465 0.263812 -0.18987 -0.252955 0.461687 -0.850211 0.967474
1 48 21 -0.853822 0.506599 -0.119774 0.115449 0.456715 0.839407 0.294632 -0.166625 0.249799 0.196861 -0.948075 0.979238
1 49 20 -0.887068 -0.444485 0.124674 0.0348698 0.371605 -0.847765 -0.378423 0.46834 0.273898 -0.289357 0.917198 -0.88286
1 50 26 0.502813 -0.861044 -0.0760418 0.0797899 -0.863403 -0.496073 -0.0919072 -0.109866 0.0414139 0.111867 -0.99286 0.990739
1 51 18 0.67199 -0.555535 -0.489705 0.21583 -0.712819 -0.664507 -0.224321 0.265703 -0.200794 0.499812 -0.842538 0.939585
1 52 18 0.24784 -0.966794 0.0623348 -0.0840677 0.967803 0.244151 -0.0612201 0.107235 0.043968 0.0755006 0.996176 0.990673
1 53 22 -0.25376 -0.892997 -0.371703 0.0500973 -0.642958 0.442822 -0.624911 0.195956 0.722641 0.080412 -0.68653 0.979332
1 54 19 0.101723 0.833119 -0.543659 0.164119 -0.642071 0.47241 0.603799 -0.0812287 0.759867 0.287647 0.582977 0.98309
1 55 0 1 0 0 0 0 1 0 0 0 0 1 0
1 56 16 -0.734668 -0.675178 0.0663085 -0.114521 -0.58094 0.676568 0.452509 -0.213073 -0.350387 0.293923 -0.889291 0.970301
1 57 10 0.471583 -0.874321 0.114773 0.0019966 0.849041 0.485347 0.208728 -0.248606 -0.2382 -0.000985603 0.971216 -0.968603
1 58 18 0.847171 0.163866 0.50542 -0.356688 0.225287 -0.972293 -0.0623848 -0.154807 0.481193 0.166715 -0.860616 0.921308
1 59 13 -0.389158 -0.702002 -0.596447 0.611968 0.92101 -0.284392 -0.266199 0.0952858 0.0172478 -0.652927 0.757224 -0.785122
1 60 15 -0.963155 0.261818 0.0615071 -0.148609 -0.268623 -0.9477 -0.172355 -0.0211738 0.0131647 -0.182526 0.983113 -0.988669
1 61 29 0.959721 -0.0554754 -0.275424 0.191642 0.0651062 -0.909715 0.410097 -0.0590119 -0.273308 -0.41151 -0.869461 0.979689
1 62 26 0.539467 -0.505913 -0.673073 0.0484979 0.818759 0.501728 0.279111 0.0802984 0.196494 -0.701656 0.684887 0.99559
1 63 39 0.272716 -0.850826 -0.449133 0.158307 -0.891018 -0.0472606 -0.451502 0.317755 0.362923 0.523317 -0.77099 0.934864
1 64 16 -0.725976 -0.672304 -0.144797 0.00874063 0.641453 -0.586035 -0.495077 0.16623 0.247986 -0.452294 0.856699 0.986048
1 65 10 0.963223 0.0683497 -0.259866 0.226575 -0.0688442 0.997601 0.00720928 -0.114407 0.259735 0.0109461 0.965618 -0.967251
1 66 0 1 0 0 0 0 1 0 0 0 0 1 0
1 67 25 0.462636 0.822482 -0.330895 0.214775 0.863273 -0.502899 -0.043047 0.142191 -0.201812 -0.265737 -0.942685 0.966257
1 68 18 0.507496 0.762429 0.401434 0.0711264 -0.861496 0.44006 0.25332 0.242128 0.0164837 -0.474393 0.880159 0.967634
1 69 17 0.971251 0.215412 -0.101334 0.163669 -0.204585 0.972943 0.107363 0.313832 0.121719 -0.0835447 0.989042 0.935266
1 70 16 -0.538758 -0.731447 -0.418001 -0.174988 0.734776 -0.650693 0.191582 0.267546 -0.412123 -0.203921 0.888015 0.947522
1 71 16 0.973815 -0.226453 0.0200876 -0.364302 0.224337 0.971503 0.0765172 -0.0211453 -0.0368427 -0.0700072 0.996866 -0.931041
1 72 0 1 0 0 0 0 1 0 0 0 0 1 0
1 73 10 0.749122 0.648985 0.132796 0.122141 -0.656083 0.699192 0.284052 -0.0629707 0.091495 -0.299915 0.949568 -0.990513
1 74 25 0.90082 -0.429919 0.0607735 -0.256902 0.422743 0.900362 0.103131 -0.159701 -0.0990563 -0.0672113 0.992809 0.953151
1 75 35 0.740466 -0.507952 0.440107 -0.832331 0.609483 0.783484 -0.121174 -0.0570581 -0.283267 0.357963 0.889732 0.551334
1 76 14 0.793489 -0.608337 0.01736 -0.178187 0.605113 0.791684 0.0841098 -0.281196 -0.0649107 -0.0562355 0.996305 0.942962
1 77 43 0.0543947 -0.574397 0.816768 -0.49702 0.192274 0.808696 0.555915 -0.385481 -0.979833 0.126804 0.15443 0.777416
1 78 37 -0.384168 0.577234 -0.720566 0.487682 0.145055 0.808499 0.57034 -0.352764 0.911797 0.114585 -0.394331 0.798576
1 79 17 0.748364 0.661215 0.052404 -0.140147 0.658658 -0.731497 -0.176299 -0.0310685 -0.0782383 0.166452 -0.982941 0.989643
1 80 20 -0.919477 -0.392068 -0.0290856 -0.0576597 -0.353257 0.791455 0.498806 -0.0817012 -0.172546 0.468915 -0.866225 0.994988
1 81 14 0.920239 0.391314 0.00578659 -0.138772 -0.39133 0.919907 0.0251181 0.402794 0.00450593 -0.0253791 0.999668 -0.904709
1 82 0 1 0 0 0 0 1 0 0 0 0 1 0
1 83 10 0.612596 0.714281 0.338422 -0.120741 -0.727329 0.677027 -0.11237 0.360765 -0.309384 -0.177307 0.934261 -0.924808
1 84 26 -0.754002 -0.426802 -0.499321 0.261397 -0.545898 0.82993 0.11494 0.0149121 0.365345 0.359243 -0.858759 0.965116
1 85 27 -0.699173 -0.702098 -0.134968 0.176863 -0.704452 0.708753 -0.037639 -0.115289 0.122086 0.0687626 -0.990135 0.97746
1 86 51 0.41581 -0.482049 0.771188 -0.908051 0.33041 0.8701 0.365726 -0.356644 -0.847308 0.102736 0.521071 0.219654
1 87 14 -0.240085 -0.964006 0.11424 0.0175077 0.87455 -0.265867 -0.405558 0.313481 0.421333 0.00254028 0.906902 -0.949433
1 88 70 0.823219 -0.271885 0.498387 -0.992984 0.324748 0.945577 -0.0205671 0.0563153 -0.465671 0.178781 0.866711 -0.10398
1 89 87 0.926508 -0.123025 0.355594 -0.927744 0.149967 0.987471 -0.0491079 -0.137512 -0.345097 0.0988265 0.93335 -0.34696
1 90 96 0.975903 -0.0538531 0.211454 -0.576005 0.112979 0.953763 -0.278516 0.101708 -0.186678 0.295694 0.936865 -0.811094
1 91 73 0.967041 -0.0151368 0.254169 -0.440743 0.141988 0.860668 -0.488968 0.655942 -0.211354 0.508942 0.834451 -0.612769
1 92 32 0.99498 -0.0976384 0.0219303 0.24589 0.0998352 0.983542 -0.150592 0.0414638 -0.00686581 0.152026 0.988353 -0.968411
1 93 27 0.970951 0.140165 0.193929 -0.378831 -0.0966402 0.97114 -0.218056 0.229385 -0.218896 0.19298 0.956474 -0.896588
1 94 53 0.991681 -0.116053 -0.0556882 0.259582 0.108205 0.985895 -0.127683 0.22943 0.0697206 0.120595 0.99025 -0.938072
1 95 80 0.962741 -0.211073 -0.16905 0.530987 0.159194 0.94769 -0.27666 0.557176 0.218602 0.23944 0.945982 -0.638441
1 96 66 0.834204 -0.157897 -0.528368 0.943805 0.112731 0.986726 -0.116889 0.221437 0.539811 0.037946 0.840931 -0.245354
1 97 13 0.70099 -0.6922 -0.171675 -0.0625783 0.699616 0.714155 -0.0227984 -0.147699 0.138383 -0.104125 0.98489 -0.987051
1 98 18 0.926679 0.362564 -0.0990651 -0.0745528 -0.374056 0.915384 -0.148841 0.262604 0.0367184 0.174983 0.983886 -0.962019
1 99 17 0.134733 -0.980271 -0.144625 -0.200275 0.990812 0.135012 0.00793157 0.0262477 0.011751 -0.144365 0.989455 -0.979388
1 100 10 -0.619369 -0.777327 0.110203 -0.272275 0.78503 -0.615054 0.0737241 0.0826858 0.0104729 0.132175 0.991171 -0.95866
1 101 12 -0.988399 0.138632 0.0620407 -0.237747 -0.14936 -0.961316 -0.231437 0.0890755 0.0275563 -0.238018 0.97087 -0.967234
1 102 32 0.615928 0.654971 0.437773 -0.475312 0.483532 -0.753005 0.446296 -0.293567 0.621956 -0.0632091 -0.780496 0.829396
1 103 13 0.242472 -0.970105 -0.0101326 -0.172237 0.952084 0.239948 -0.189636 0.135515 0.186398 0.0363343 0.981802 -0.97569
1 104 12 -0.0848842 0.945509 0.314335 0.104152 -0.993342 -0.104964 0.0474837 -0.122252 0.0778903 -0.308211 0.948124 0.987019
1 105 11 -0.629949 0.667441 0.397099 0.180806 -0.762 -0.629973 -0.149967 -0.0647083 0.150068 -0.397061 0.905441 0.981388
1 106 17 -0.095886 -0.99199 0.0822306 0.1653 -0.978145 0.109214 0.176929 -0.106513 -0.184493 -0.0634684 -0.980782 0.980475
1 107 10 0.970056 -0.0108853 0.242636 -0.329066 0.10169 0.925423 -0.365037 0.31734 -0.220568 0.37878 0.898819 -0.889388
1 108 40 -0.37993 -0.78302 -0.492477 0.408748 -0.830489 0.0542859 0.554383 -0.359559 -0.407358 0.619623 -0.670914 0.838834
1 109 16 0.818548 0.509521 -0.265268 -0.100819 -0.504201 0.858539 0.0932297 -0.222802 0.275246 0.0574355 0.959657 0.969636
1 110 26 0.571213 -0.79212 -0.215083 0.243851 0.81831 0.569982 0.0740878 0.238224 0.0639072 -0.218325 0.973781 0.940099
1 111 36 0.0490488 0.671925 -0.738993 0.087517 0.726464 0.483766 0.488078 -0.261352 0.685451 -0.560792 -0.464402 0.961268
1 112 10 0.0697159 -0.967022 0.244966 -0.06545 0.939931 -0.0185832 -0.340857 -0.14664 0.334169 0.254015 0.907639 0.987022
1 113 0 1 0 0 0 0 1 0 0 0 0 1 0
1 114 21 -0.395009 0.68538 0.611737 -0.470743 0.82961 0.552151 -0.0829267 -0.0588781 -0.394607 0.474746 -0.786703 0.880304
1 115 11 0.521477 0.839848 0.150723 -0.333506 -0.834371 0.538878 -0.115912 -0.0945304 -0.17857 -0.0653132 0.981757 -0.937997
1 116 10 0.0841965 -0.987394 0.13403 0.446006 0.67545 -0.0423346 -0.73619 0.0683276 0.732583 0.152515 0.663371 0.892418
1 117 0 1 0 0 0 0 1 0 0 0 0 1 0
1 118 20 -0.445308 -0.868798 -0.216542 0.0269273 -0.885897 0.462614 -0.0342693 -0.0749284 0.129948 0.176574 -0.975672 0.996825
1 119 18 0.939034 0.0857954 -0.332947 0.1119 -0.0664095 0.99539 0.0691976 -0.291629 0.337349 -0.0428681 0.940403 0.949964
1 120 22 -0.487374 -0.860184 0.15017 -0.264801 -0.700382 0.4878 0.521072 -0.301957 -0.521471 0.14878 -0.840198 0.915807
1 121 19 0.0781381 0.898602 0.431751 -0.200484 0.993592 -0.0347163 -0.107565 0.0320594 -0.0816692 0.437389 -0.895556 0.979172
1 122 29 -0.190618 0.931432 0.309998 -0.0619323 0.952509 0.251883 -0.171119 -0.0189737 -0.237469 0.262658 -0.935211 0.9979
1 123 16 0.823108 -0.561756 0.0832044 -0.315194 0.567426 0.807676 -0.160273 -0.267254 0.022832 0.179134 0.98356 -0.91062
1 124 10 0.404969 0.914207 0.0150003 0.0202987 -0.913926 0.404248 0.0363656 -0.0991044 0.0271819 -0.0284361 0.999226 0.99487
1 125 0 1 0 0 0 0 1 0 0 0 0 1 0
1 126 45 0.892094 0.439343 0.105569 -0.0885539 0.399987 -0.659165 -0.636798 0.320487 -0.210185 0.61031 -0.763769 0.943105
1 127 47 -0.300363 0.308586 -0.902528 0.636617 -0.0479728 0.940135 0.33741 -0.223399 0.952618 0.144642 -0.267578 0.738113
1 128 37 0.31505 -0.793485 0.520696 -0.367299 -0.931115 -0.152189 0.331456 -0.115379 -0.183761 -0.589254 -0.786773 0.922919
1 129 16 -0.12262 -0.976684 0.176215 -0.188531 0.982076 -0.145019 -0.120397 -0.0611593 0.143145 0.158293 0.976961 -0.980161
1 130 10 0.720435 -0.448641 -0.528862 0.390056 0.547217 0.836214 0.0360666 0.163546 0.426061 -0.315386 0.847941 -0.906151
1 131 26 -0.117151 -0.983461 0.138132 -0.151002 -0.938972 0.0643891 -0.337915 0.0884152 0.323432 -0.169289 -0.930985 0.984572
1 132 24 0.934084 0.345716 0.089259 -0.195922 0.346874 -0.937908 0.00268393 -0.0729766 0.0846446 0.0284546 -0.996005 0.9779
1 133 15 0.746344 -0.658318 -0.0979165 -0.126199 0.629445 0.745969 -0.217556 0.305077 0.216263 0.100738 0.971124 -0.943929
1 134 10 0.977882 -0.192166 -0.0825749 0.161526 0.18816 0.980658 -0.0538952 -0.0710969 0.0913346 0.0371659 0.995126 -0.984304
1 135 26 0.692686 -0.581643 -0.426471 0.272509 -0.720211 -0.589381 -0.36596 0.115027 -0.0384955 0.560644 -0.827161 0.955253
1 136 0 1 0 0 0 0 1 0 0 0 0 1 0
1 137 10 -0.673806 0.728933 0.121006 0.152218 -0.738808 -0.66732 -0.0940573 -0.088197 0.0121879 -0.152776 0.988186 0.984404
1 138 24 -0.840721 -0.200612 0.502934 -0.234503 -0.319832 0.933471 -0.162295 0.185351 -0.436916 -0.297299 -0.848951 0.954281
1 139 21 0.802037 -0.571499 0.173567 -0.229441 -0.591691 -0.720611 0.361416 -0.218349 -0.0814743 -0.392567 -0.916107 0.948515
1 140 16 0.988466 -0.100587 -0.113216 -0.31317 0.101759 0.994798 0.00460755 0.0699591 0.112163 -0.0160751 0.99356 0.947117
1 141 46 0.969133 -0.167233 -0.181146 0.300581 0.192933 0.971887 0.134952 0.121647 0.153485 -0.165735 0.974153 0.945967
1 142 32 0.968532 -0.248437 0.0149936 0.265019 0.248882 0.967192 -0.0509652 0.1441 -0.00184007 0.0530931 0.998588 -0.953415
1 143 51 0.958989 -0.171065 -0.226003 0.954965 0.17935 0.983647 0.0164922 -0.0989767 0.219486 -0.0563496 0.973987 0.279723
1 144 13 0.998434 -0.00444244 0.0557723 0.190062 0.000192638 0.99711 0.0759743 0.213759 -0.0559486 -0.0758445 0.995549 0.958219
1 145 11 0.973342 0.176918 -0.145963 0.0406732 -0.185354 0.981582 -0.0462706 0.149129 0.135089 0.072092 0.988207 -0.987981
1 146 38 0.563507 0.825507 -0.0315868 0.0686661 0.82428 -0.559303 0.0879912 -0.247887 0.0549708 -0.07562 -0.99562 0.966352
1 147 10 0.8358 -0.549031 0.00213924 -0.0170169 0.547178 0.832647 -0.0854095 -0.0618512 0.0451112 0.0725558 0.996344 -0.99794
1 148 40 -0.933922 -0.00875531 -0.357369 0.227049 -0.214345 0.813769 0.540218 -0.271684 0.286086 0.581122 -0.761874 0.93522
1 149 22 -0.531345 -0.812072 -0.241268 0.198618 -0.846833 0.517008 0.12481 0.00586857 0.0233832 0.270631 -0.962399 0.980059
1 150 16 0.422395 0.830469 0.363186 -0.491933 -0.9026 0.422084 0.0846015 -0.124947 -0.0830361 -0.363547 0.927868 0.861621
1 151 21 -0.791653 -0.601858 -0.10513 0.229531 -0.607612 0.793576 0.0323118 0.00319124 0.0639813 0.0894578 -0.993933 0.973296
1 152 15 -0.760067 0.546425 0.351735 -0.350603 -0.611078 -0.78513 -0.100772 0.313558 0.221093 -0.291531 0.93066 -0.882473
1 153 20 0.98746 0.0551986 -0.147905 0.217745 0.0172239 -0.968958 -0.246626 0.120476 -0.156927 0.240986 -0.957758 0.968542
1 154 18 0.861899 -0.109107 -0.495202 0.257043 -0.348448 -0.83692 -0.422076 0.170204 -0.368394 0.53634 -0.759359 0.951294
1 155 11 -0.00397822 -0.97418 0.225738 0.341628 0.889865 -0.106434 -0.443635 -0.235809 0.456207 0.199112 0.867312 0.909772
1 156 13 -0.882433 0.176903 0.43591 0.256431 -0.206071 -0.97833 -0.020129 0.165442 0.422903 -0.107591 0.899765 0.952298
1 157 0 1 0 0 0 0 1 0 0 0 0 1 0
1 158 17 -0.814186 0.580033 0.0257417 0.270155 -0.537774 -0.770096 0.343151 -0.274221 0.218862 0.265545 0.938928 0.92294
1 159 21 0.360417 -0.874221 -0.325325 0.214889 -0.655522 0.010743 -0.7551 0.150209 0.663619 0.485408 -0.569199 0.965018
1 160 20 0.710731 -0.702943 0.027079 0.250861 -0.64315 -0.664906 -0.379813 0.127338 0.284992 0.252529 -0.924667 0.959611
2 3 101 0.992692 0.0833835 -0.0872314 0.985523 -0.0807518 0.996178 0.0332808 0.00797721 0.0896731 -0.0259935 0.995632 0.169357
2 4 33 0.360021 -0.932903 0.008751 0.0631032 -0.92664 -0.358661 -0.112697 0.179472 0.108274 0.0324643 -0.993591 0.981737
2 5 32 0.811963 -0.399226 -0.425835 0.286528 -0.505734 -0.845428 -0.171711 0.302164 -0.291461 0.354783 -0.888358 0.909174
2 6 25 0.840881 0.43848 0.317261 -0.00192068 -0.522425 0.810738 0.264151 0.0886734 -0.141391 -0.387864 0.910807 0.996059
2 7 28 0.88019 0.29006 -0.375673 0.225481 0.0898707 -0.879059 -0.468164 0.168975 -0.466035 0.378312 -0.799807 0.959482
2 8 38 -0.558562 -0.761915 -0.327863 0.146634 -0.734224 0.638063 -0.231927 0.102739 0.385906 0.111179 -0.915814 0.983841
2 9 40 0.863384 -0.484449 -0.140986 0.204719 -0.456555 -0.869083 0.190401 -0.0273653 -0.214768 -0.100021 -0.97153 0.978438
2 10 29 0.173428 0.833028 0.525345 -0.0772604 -0.981991 0.186858 0.0278808 -0.0760087 -0.0749393 -0.52072 0.850432 0.994109
2 11 30 -0.693087 0.673782 -0.256219 0.195344 0.702035 0.550229 -0.4521 0.147841 -0.163638 -0.49322 -0.854375 0.969528
2 12 40 0.520339 -0.836793 0.170364 0.0911222 -0.852577 -0.497706 0.159376 -0.0133855 -0.0485736 -0.228179 -0.972407 0.99575
2 13 28 -0.807304 0.435984 -0.397715 0.15315 0.472814 0.88114 0.00618114 -0.00715841 0.353138 -0.183055 -0.917488 0.988177
2 14 24 -0.678107 -0.47796 0.558323 -0.171334 -0.510242 0.852911 0.110435 0.0229848 -0.528984 -0.209993 -0.82224 0.984945
2 15 10 0.459509 -0.887144 -0.042749 0.123196 0.833887 0.447493 -0.323082 0.00701227 0.30575 0.112811 0.945405 -0.992358
2 16 40 0.979056 0.136563 -0.150996 0.154661 -0.200142 0.781529 -0.590894 0.406404 0.0373137 0.608739 0.792493 0.900509
2 17 14 0.32317 0.85505 -0.405526 -0.066338 -0.831851 0.460981 0.309063 -0.242718 0.451204 0.237457 0.860249 0.967826
2 18 23 -0.696564 -0.580305 0.421953 -0.157517 -0.636864 0.770925 0.00889896 -0.00776884 -0.330459 -0.262528 -0.906574 0.987486
2 19 11 0.987479 -0.0529481 -0.1486 0.030552 0.0745553 0.98679 0.14383 -0.0441245 0.139021 -0.153108 0.978382 0.998559
2 20 17 0.967776 0.223192 -0.116596 0.0162766 -0.208407 0.969812 0.126615 -0.219272 0.141336 -0.0982359 0.985076 0.975528
