0 1 169 0.968037 0.0739402 -0.239661 0.888633 -0.0772385 0.997003 -0.00438577 0.20976 0.238618 0.0227566 0.970847 -0.407838
0 2 46 0.990673 0.109505 0.0810873 -0.468498 -0.117208 0.988332 0.0972727 -0.222232 -0.0694893 -0.10587 0.991949 0.855057
0 3 30 -0.926417 -0.287535 -0.243054 0.368985 -0.172939 0.898414 -0.403664 0.43739 0.33443 -0.331928 -0.882032 0.820086
0 4 42 -0.969026 0.231417 -0.0862319 0.0546485 0.239205 0.966335 -0.0947483 0.199784 0.0614026 -0.112441 -0.991759 0.978315
0 5 45 -0.578009 0.139171 0.804075 -0.143642 0.214837 0.976541 -0.0145862 -0.0255063 -0.787242 0.164314 -0.594349 0.989301
0 6 37 -0.147012 -0.983258 -0.107662 -0.0796558 -0.86282 0.180699 -0.472112 0.0117904 0.483662 0.0234866 -0.87494 0.996753
0 7 27 0.438417 -0.898001 -0.0372212 0.389552 0.894452 0.43188 0.115909 0.242629 -0.088011 -0.0841089 0.992562 0.888471
0 8 34 0.994402 -0.0754684 -0.0739496 -0.0337166 -0.0571425 -0.97282 0.224403 -0.188496 -0.088875 -0.218921 -0.971687 0.981495
0 9 13 0.989543 -0.0647866 0.128868 0.121627 0.0812518 0.98858 -0.126917 -0.102054 -0.119174 0.13606 0.983507 0.987316
0 10 32 -0.550166 -0.412823 -0.725875 0.590155 -0.398664 0.893644 -0.206076 0.221107 0.733747 0.176004 -0.65623 0.77642
0 11 0 1 0 0 0 0 1 0 0 0 0 1 0
0 12 43 -0.607555 0.216628 -0.764165 0.397574 0.431672 0.897656 -0.0887335 0.181562 0.666735 -0.383779 -0.638888 0.899427
0 13 31 0.220107 -0.428378 -0.876382 0.395256 0.265599 0.89079 -0.368714 0.280908 0.938622 -0.151609 0.309845 0.874565
0 14 21 0.274671 -0.693131 0.666427 -0.755759 -0.832432 0.175484 0.525606 -0.407556 -0.481261 -0.699124 -0.528784 0.512568
0 15 33 0.565019 -0.024068 0.824727 -0.265011 0.716603 -0.481115 -0.504984 -0.113411 0.408943 0.876327 -0.254592 0.957553
0 16 0 1 0 0 0 0 1 0 0 0 0 1 0
0 17 38 -0.926939 -0.241344 0.287293 -0.117441 -0.112156 0.908894 0.401662 -0.0605093 -0.358058 0.340094 -0.869558 0.991235
0 18 34 -0.945634 -0.325216 0.00338713 -0.12525 -0.325009 0.94454 -0.0470511 0.00677944 0.0121025 -0.045594 -0.998887 0.992102
0 19 45 0.846132 -0.532792 -0.0139435 -0.162795 0.276002 0.415642 0.86664 -0.513392 -0.455943 -0.73714 0.498739 0.842571
0 20 29 0.448037 -0.890477 0.0794614 -0.132182 -0.881171 -0.454865 -0.128982 -0.132476 0.151 -0.0122303 -0.988458 0.982333
0 21 10 0.960646 -0.219239 -0.17057 0.0541061 0.233648 0.969847 0.0693277 -0.0765802 0.150228 -0.106453 0.982904 -0.995594
0 22 29 -0.523582 -0.255138 -0.812875 -0.0638879 0.321258 -0.942801 0.0889923 -0.0525475 -0.789085 -0.214548 0.575599 0.996573
0 23 11 0.469878 -0.882442 0.0226193 0.211424 0.87936 0.465692 -0.099283 -0.158901 0.0770778 0.0665415 0.994802 0.964391
0 24 31 -0.870843 0.438249 0.222644 -0.0276215 0.491139 0.79451 0.357124 -0.137966 -0.020384 0.420348 -0.907134 0.990052
0 25 33 -0.593727 0.781831 -0.190337 0.189096 0.622445 0.596147 0.507121 -0.140313 0.509952 0.182618 -0.840595 0.971882
0 26 20 0.840193 0.490414 0.231452 0.020344 -0.489558 0.869525 -0.0652578 -0.00451276 -0.233257 -0.0584803 0.970655 0.999783
0 27 17 0.312302 0.867517 0.387145 -0.265694 -0.927588 0.366434 -0.0728431 0.281695 -0.205056 -0.336362 0.919137 -0.921984
0 28 49 -0.994146 0.0476866 0.0969488 0.0763161 0.0859217 0.892968 0.441844 -0.192582 -0.0655022 0.447587 -0.891838 0.978309
0 29 17 0.741141 0.657632 0.135018 -0.253504 -0.670587 0.734756 0.102213 -0.051938 -0.0319869 -0.166295 0.985557 -0.965939
0 30 18 -0.723263 -0.271411 -0.635001 0.550489 0.398573 -0.914978 -0.0628937 0.136205 -0.563942 -0.298583 0.769947 -0.823657
0 31 31 -0.95077 0.229598 -0.208137 0.116339 0.118241 0.889591 0.441189 -0.211385 0.286453 0.394859 -0.872944 0.970454
0 32 34 0.979087 -0.123935 0.161336 -0.739496 0.1606 0.957655 -0.238967 0.0816639 -0.124888 0.25988 0.957531 -0.668189
0 33 32 -0.787226 0.398159 0.470898 -0.101526 0.502615 0.85671 0.115874 -0.156631 -0.357286 0.327899 -0.874545 0.982425
0 34 23 -0.821168 -0.542236 0.177942 -0.0771074 0.465209 -0.816625 -0.341621 0.374353 0.330551 -0.197748 0.922839 -0.924075
0 35 33 0.120901 0.983987 -0.130964 0.255948 0.827245 -0.0269503 0.561195 -0.376431 0.548679 -0.176188 -0.817257 0.890388
0 36 20 0.900001 -0.435756 0.0107174 0.272373 0.43413 0.898308 0.0676353 0.174893 -0.0391 -0.0562191 0.997653 -0.946164
0 37 26 0.722652 -0.464744 -0.511651 0.143718 -0.670296 -0.651898 -0.354588 0.193358 -0.168752 0.599201 -0.782612 0.970545
0 38 26 0.55899 -0.8237 -0.0951211 0.12848 0.817041 0.566727 -0.106134 0.418139 0.14133 -0.01839 0.989792 -0.899251
0 39 18 0.838043 0.491652 0.236565 0.128616 -0.495638 0.867276 -0.0466349 0.082432 -0.228095 -0.0781683 0.970496 0.988263
0 40 30 -0.943109 -0.325396 -0.0682901 0.26974 -0.332293 0.915492 0.22684 -0.163768 -0.011294 0.236628 -0.971535 0.948905
0 41 51 -0.0684337 -0.587225 0.806526 -0.312537 -0.106086 0.808121 0.579385 -0.142203 -0.991999 -0.0459115 -0.117599 0.939201
0 42 56 0.849994 -0.465732 0.246179 -0.647102 0.443427 0.88484 0.142936 -0.155868 -0.284399 -0.0123323 0.958627 0.746301
0 43 49 0.215625 0.0362327 -0.975804 0.30118 0.782786 -0.603804 0.150554 -0.152465 -0.58374 -0.796309 -0.158558 0.9413
0 44 35 0.780996 0.443128 -0.440094 -0.104715 0.541277 -0.128739 0.83093 -0.431928 0.311551 -0.887166 -0.3404 0.895809
0 45 72 0.759237 -0.263636 0.595025 -0.881669 0.329957 0.943992 -0.00276413 0.05496 -0.56097 0.198431 0.803702 0.468657
0 46 72 0.903163 -0.385357 0.189202 -0.548427 0.371761 0.922461 0.104207 -0.101502 -0.214689 -0.023778 0.976393 0.830015
0 47 40 0.915259 -0.16782 -0.366249 0.733936 0.200361 0.978319 0.0524254 -0.0497806 0.34951 -0.121365 0.929039 -0.677392
0 48 21 0.926677 -0.375294 0.0205865 0.0564779 0.37527 0.926901 0.00520355 0.29463 -0.0210345 0.00290347 0.999775 -0.953941
0 49 40 0.9427 -0.228522 0.243093 -0.424596 0.242525 0.969714 -0.0289086 0.246601 -0.229125 0.0862084 0.969572 0.871152
0 50 30 -0.954109 0.210435 -0.213058 0.463342 0.0202557 0.755193 0.655189 -0.408392 0.298775 0.620806 -0.724799 0.786467
0 51 26 -0.707901 -0.702619 -0.0721327 0.125894 -0.690134 0.709803 -0.141047 0.245079 0.150302 -0.050066 -0.987372 0.961295
0 52 36 -0.458256 0.659801 0.595537 -0.30528 0.86769 0.477322 0.138843 0.00846447 -0.192654 0.580368 -0.791238 0.952225
0 53 22 -0.856165 0.40991 0.314573 0.0620015 0.359274 0.909819 -0.207729 0.060133 -0.371354 -0.0648323 -0.926225 0.996263
0 54 24 0.963012 0.00738288 0.269357 -0.169843 0.0476289 0.979221 -0.197124 -0.0945742 -0.265215 0.202662 0.94265 0.980923
0 55 29 0.34213 0.818175 0.462101 0.0266516 -0.267216 -0.386758 0.882618 -0.305048 0.900856 -0.425451 0.0863082 0.951964
0 56 0 1 0 0 0 0 1 0 0 0 0 1 0
0 57 45 0.0541162 0.558997 -0.827402 0.000790572 -0.608631 0.675365 0.416473 -0.379189 0.791606 0.481045 0.376771 0.925319
0 58 42 0.152397 0.963556 -0.219853 0.450464 -0.97462 0.183429 0.128334 -0.2506 0.163985 0.194715 0.967055 -0.856902
0 59 25 -0.831655 -0.383126 0.40195 -0.230496 -0.418265 0.908325 0.000373431 0.0421561 -0.365245 -0.167811 -0.915661 0.97216
0 60 32 -0.401606 -0.613104 0.680306 -0.568069 -0.370298 -0.570702 -0.732925 0.82064 0.837611 -0.546263 0.00216623 -0.0620305
0 61 27 0.199716 -0.976332 -0.0830008 0.0517469 -0.968439 -0.209572 0.134927 -0.184426 -0.149128 0.0534341 -0.987373 0.981483
0 62 0 1 0 0 0 0 1 0 0 0 0 1 0
0 63 35 0.964114 0.132744 0.22992 -0.168433 0.0207106 -0.900992 0.433342 0.0741806 0.264679 -0.413029 -0.871408 0.982918
0 64 34 -0.857653 -0.468452 0.212095 -0.0254792 -0.490888 0.868693 -0.0663411 0.155283 -0.153167 -0.161012 -0.974995 0.987541
0 65 26 -0.845227 0.460666 -0.270885 0.567364 0.0219267 -0.476567 -0.878865 0.715691 -0.533958 -0.748779 0.392706 -0.407289
0 66 21 -0.848482 0.31433 -0.425765 0.528452 -0.495107 -0.755647 0.428797 -0.516674 -0.186944 0.574625 0.79678 -0.673637
0 67 20 0.412832 0.910301 -0.0303625 0.0285389 -0.732353 0.351581 0.583138 0.160325 0.541506 -0.218502 0.811806 0.986652
0 68 13 0.971888 0.159615 0.173081 -0.137725 -0.192675 0.961681 0.195054 -0.176355 -0.135315 -0.222919 0.9654 -0.974644
0 69 18 0.711342 -0.61573 -0.338924 0.246912 0.698078 0.675019 0.238823 -0.273694 0.0817301 -0.40648 0.909997 -0.929584
0 70 17 0.216235 -0.914755 -0.341271 -0.266703 0.976265 0.206937 0.0638966 0.177859 0.012172 -0.346988 0.937791 0.947225
0 71 17 0.516274 -0.848168 0.118626 0.384317 0.840273 0.528428 0.121261 -0.0385083 -0.165535 0.0370747 0.985507 0.922398
0 72 22 0.963646 0.222405 -0.148062 0.0790683 0.196366 -0.965327 -0.171999 0.162856 -0.181181 0.136672 -0.973907 0.983477
0 73 31 0.84813 -0.208136 0.48719 -0.931936 -0.0370054 0.894075 0.446386 -0.0339979 -0.528493 -0.396622 0.75059 -0.361025
0 74 23 0.557684 -0.827239 -0.0682977 -0.0848993 0.792927 0.506602 0.338558 -0.205273 -0.245468 -0.242964 0.938464 0.975015
0 75 52 0.861594 -0.392084 0.322375 -0.875089 0.40575 0.913594 0.0267208 0.265562 -0.304997 0.107781 0.946235 -0.404593
0 76 44 0.880464 -0.437119 -0.183602 0.461049 0.457737 0.884626 0.0889631 -0.405762 0.123532 -0.16237 0.978967 0.789171
0 77 36 0.935809 -0.317051 -0.15408 0.401626 0.31873 0.947737 -0.0143452 0.337937 0.150575 -0.0356856 0.987954 -0.851173
0 78 21 0.983597 -0.174567 -0.045415 -0.0643355 0.176773 0.982971 0.0501888 0.0251807 0.0358803 -0.0573937 0.997707 -0.997611
0 79 26 -0.270792 -0.962579 -0.0106312 0.304804 0.907689 -0.258997 0.330182 -0.297038 -0.32058 0.079761 0.943857 0.90491
0 80 10 0.491798 0.855775 -0.160572 0.104846 -0.860002 0.506251 0.0640805 0.185644 0.136128 0.106578 0.984942 -0.977007
0 81 16 0.371368 -0.927329 0.0463293 0.00573714 0.923576 0.374069 0.0841404 -0.219258 -0.0953562 0.0115416 0.995376 0.97565
0 82 26 0.186957 0.971016 0.148911 -0.00849191 0.966545 -0.154723 -0.204575 0.0733214 -0.175606 0.182176 -0.967458 0.997272
0 83 35 -0.784833 -0.578214 -0.22295 0.176388 -0.521271 0.810523 -0.267076 0.177852 0.335133 -0.0933921 -0.937531 0.96812
0 84 28 0.148165 0.972508 0.179654 -0.0712668 0.836991 -0.220072 0.501013 -0.259135 0.526776 0.0761367 -0.846588 0.963208
0 85 47 -0.503639 -0.843179 0.188142 -0.167552 -0.617616 0.503687 0.604028 -0.334318 -0.604069 0.188012 -0.774437 0.927447
0 86 39 -0.979255 0.164883 0.117789 0.0419565 0.162019 0.986217 -0.0335576 0.0994489 -0.121699 -0.0137774 -0.992471 0.994158
0 87 59 0.867432 -0.293691 0.401631 -0.744125 0.20327 0.94595 0.252704 -0.223634 -0.45414 -0.137564 0.880246 -0.629497
0 88 85 0.956283 -0.231659 0.178485 -0.569244 0.230153 0.97271 0.0293897 0.10811 -0.180423 0.0129741 0.983504 -0.81503
0 89 113 0.993447 -0.05396 0.100758 -0.227335 0.0613865 0.995505 -0.0721201 0.169951 -0.096414 0.0778327 0.992294 -0.958872
0 90 86 0.999769 0.0204473 -0.00664492 0.0128473 -0.0214738 0.964879 -0.261814 0.267047 0.00105816 0.261896 0.965095 -0.963598
0 91 47 0.977964 -0.106899 0.179328 -0.453301 0.149394 0.95834 -0.243444 0.074692 -0.145833 0.26487 0.953193 -0.888223
0 92 39 0.874089 0.08975 0.477404 -0.431855 0.466295 -0.430485 -0.77282 0.54821 0.136155 0.898124 -0.418132 0.716217
0 93 23 0.752545 -0.600291 -0.270787 -0.184508 0.478127 0.780808 -0.402162 0.0372549 0.452847 0.173174 0.874609 0.982125
0 94 34 0.967269 -0.229805 0.10761 -0.343982 0.233759 0.971959 -0.025526 0.157324 -0.0987269 0.0498454 0.993865 -0.925703
0 95 27 0.976352 -0.15811 0.147436 -0.384197 0.181838 0.969468 -0.164519 0.231589 -0.116922 0.187438 0.975293 -0.893733
0 96 19 0.977799 0.117045 -0.173809 0.0525401 -0.106219 0.99185 0.0703705 -0.111592 0.180629 -0.0503464 0.982262 -0.992364
0 97 54 -0.737387 -0.528373 -0.420811 0.257723 -0.636945 0.33652 0.693582 -0.354854 -0.224859 0.779472 -0.58469 0.898698
0 98 13 0.240776 -0.968918 -0.0567852 0.0837326 0.93677 0.216682 0.274793 -0.119241 -0.253948 -0.119358 0.959825 0.989328
0 99 41 0.82989 -0.536998 -0.151382 0.0158865 0.33793 0.699696 -0.629467 -0.053024 0.443944 0.471232 0.762138 0.998467
0 100 42 0.973482 -0.140396 -0.180614 0.0856448 -0.0778127 -0.945666 0.315692 -0.205434 -0.215123 -0.293266 -0.931513 0.974916
0 101 18 0.897804 0.378945 -0.224384 0.223456 -0.37562 0.924891 0.0590492 -0.0316685 0.229907 0.0312684 0.97271 -0.974199
0 102 34 0.140328 -0.875871 -0.461691 0.271679 -0.962216 -0.230536 0.144889 -0.202687 -0.233341 0.423915 -0.875128 0.940802
0 103 30 -0.730118 0.338966 0.593321 -0.346125 0.606066 0.72228 0.33316 -0.293623 -0.315614 0.602838 -0.732785 0.891057
0 104 30 0.187288 0.968316 -0.165192 0.338048 -0.981284 0.192095 0.0134754 -0.2567 0.0447809 0.159576 0.986169 -0.905444
0 105 31 -0.987092 0.15953 0.014098 0.152286 0.157432 0.950405 0.268228 -0.0562806 0.0293916 0.266985 -0.963252 0.986733
0 106 17 0.996551 0.0806239 0.0196522 0.319696 -0.074784 0.975173 -0.208436 0.163677 -0.0359692 0.206247 0.977839 -0.933276
0 107 44 0.257111 0.197216 -0.946044 0.964535 -0.253724 0.958388 0.130834 0.0315839 0.932479 0.206395 0.296451 0.262057
0 108 28 0.484744 0.124862 -0.865698 0.747957 0.731184 -0.601007 0.322738 -0.580166 -0.479993 -0.78943 -0.382632 0.322442
0 109 41 0.455399 0.722917 0.519618 -0.181352 0.705655 -0.648964 0.284424 -0.222333 0.542828 0.237145 -0.805667 0.957956
0 110 25 -0.862618 -0.412936 0.292189 -0.257208 0.235638 -0.839132 -0.490237 -0.125963 0.447622 -0.354036 0.821153 0.958111
0 111 32 0.337424 -0.770221 -0.541207 0.372668 0.894124 0.44205 -0.07165 0.102878 0.294427 -0.45973 0.837831 -0.922245
0 112 13 -0.56137 -0.823696 -0.079934 0.21226 0.76461 -0.479287 -0.430877 -0.182595 0.3166 -0.303 0.898863 0.960002
0 113 23 -0.66204 0.601332 0.447327 -0.235327 0.720289 0.675425 0.158062 -0.259017 -0.207088 0.426849 -0.880292 0.936766
0 114 30 -0.283691 0.958915 -0.000926664 0.434275 -0.958899 -0.283691 -0.00568418 0.0777281 -0.00571354 -0.000723971 0.999983 -0.897421
0 115 29 -0.797227 -0.297181 -0.525465 0.496477 -0.325503 0.944677 -0.0404232 -0.0244529 0.508407 0.138814 -0.849855 0.867705
0 116 15 0.248472 -0.869575 0.426734 0.482213 0.963752 0.177739 -0.198973 0.0214404 0.0971743 0.460705 0.882218 0.875791
0 117 11 -0.85178 -0.484742 0.198738 0.184041 0.267222 -0.728275 -0.631037 -0.217176 0.450626 -0.484398 0.749863 0.958626
0 118 23 0.975642 -0.219128 -0.0102716 -0.139573 -0.219152 -0.97569 -0.00127019 -0.143706 -0.00974354 0.00349029 -0.999946 0.979728
0 119 35 -0.496615 -0.722141 -0.481546 0.307996 -0.863624 0.355651 0.357305 -0.256266 -0.0867622 0.593318 -0.800279 0.916224
0 120 64 -0.587244 -0.747665 -0.310067 -0.531993 0.398451 0.0664141 -0.914782 0.824357 0.704543 -0.660747 0.258907 0.193442
0 121 22 -0.635401 0.77038 0.0527216 0.139577 0.772081 0.634943 0.0271881 0.10401 -0.01253 0.0579806 -0.998239 0.984733
0 122 30 -0.7555 0.527778 0.388162 -0.0624494 0.646341 0.697261 0.309951 -0.298106 -0.107065 0.485053 -0.867906 0.952488
0 123 16 0.994371 -0.105349 -0.0113508 -0.114789 0.1037 0.989575 -0.099935 0.252631 0.0217605 0.0981953 0.994929 -0.960729
0 124 24 0.988176 -0.148869 -0.0366826 -0.0298201 0.144932 0.985033 -0.0932994 0.0128507 0.0500229 0.0868797 0.994962 0.999473
0 125 20 0.599859 -0.696509 -0.393756 0.422082 0.508744 0.711866 -0.484175 0.320421 0.617534 0.0901153 0.781364 -0.848043
0 126 59 -0.614146 -0.746592 0.255784 0.0716576 -0.463356 0.603482 0.648931 -0.361486 -0.638847 0.280019 -0.716564 0.92962
0 127 39 0.996077 0.027353 0.0841518 -0.470456 -0.0269192 0.999618 -0.00628656 0.305746 -0.0842916 0.00399661 0.996433 -0.827762
0 128 67 0.860419 0.166016 0.481785 -0.602568 0.402746 0.357704 -0.842522 0.54752 -0.312209 0.918959 0.240913 0.580632
0 129 37 0.959146 0.204027 0.195987 -0.549538 -0.261182 0.90483 0.336253 0.694538 -0.108731 -0.373705 0.921153 -0.464354
0 130 59 0.976214 -0.177099 0.125067 -0.349589 -0.183452 -0.3673 0.911831 -0.444356 -0.115548 -0.913086 -0.391053 0.824824
0 131 39 0.702785 -0.709327 0.0543065 0.0197612 -0.079238 -0.153912 -0.984902 0.125546 0.706976 0.687871 -0.164373 0.991891
0 132 14 0.305373 -0.907331 -0.288961 0.375302 0.952225 0.289778 0.0964122 -0.0625144 -0.00374315 -0.304598 0.952474 -0.924792
0 133 29 0.959213 -0.164872 0.229625 -0.29273 0.19066 0.977056 -0.0949168 0.371147 -0.208707 0.134826 0.96864 -0.881226
0 134 16 -0.201148 -0.976183 0.081284 -0.291717 0.971525 -0.209417 -0.110833 -0.00647627 0.125215 0.0566757 0.990509 -0.956483
0 135 39 0.616156 -0.746152 -0.252209 0.197897 -0.570439 -0.643554 0.510331 -0.151471 -0.543095 -0.170574 -0.822164 0.968449
0 136 29 -0.75067 -0.629356 0.201011 -0.242365 -0.627946 0.774233 0.0790429 0.140084 -0.205375 -0.0668887 -0.976395 0.960019
0 137 30 0.981773 0.187301 0.0322448 -0.14379 -0.189982 0.962394 0.194179 0.0963579 0.00533781 -0.196766 0.980436 -0.984906
0 138 21 0.991133 -0.0479437 -0.123926 0.0673117 0.0695958 0.981786 0.176785 0.121789 0.113193 -0.183842 0.976417 -0.990271
0 139 44 -0.207042 -0.773709 -0.598755 0.33676 -0.822257 0.469244 -0.32203 0.372273 0.53012 0.425657 -0.733341 0.864873
0 140 80 0.999491 0.0155523 -0.0278445 -0.678714 -0.0121464 0.992872 0.118563 -0.472483 0.0294899 -0.118164 0.992556 -0.562234
0 141 118 0.996434 -0.0330148 0.0776544 -0.965621 0.0209258 0.988216 0.151629 0.190352 -0.0817454 -0.149463 0.985382 -0.17704
0 142 82 0.939156 -0.0211761 0.342836 -0.857461 0.0750711 0.986623 -0.144707 0.495684 -0.335186 0.161639 0.928183 0.138052
0 143 54 0.960347 -0.120336 0.2515 -0.499722 0.0518085 0.963372 0.263116 -0.289519 -0.273951 -0.239653 0.931406 -0.816368
0 144 26 0.926815 -0.372302 -0.0490391 0.931925 0.362549 0.853121 0.375157 -0.317123 -0.0978352 -0.36548 0.925663 0.175922
0 145 30 0.168673 0.912862 0.371795 0.0132957 0.196727 -0.400789 0.8948 -0.112614 0.96584 -0.0777861 -0.247187 0.99355
0 146 32 0.0533641 -0.854281 -0.517065 0.312295 -0.984804 0.0406754 -0.16884 0.21393 0.165269 0.518217 -0.839129 0.925584
0 147 13 -0.657823 -0.740789 -0.136019 0.116029 0.742061 -0.668368 0.0512772 -0.00997972 -0.128896 -0.067203 0.989378 0.993196
0 148 36 0.867714 -0.244881 -0.432557 0.204195 0.0214014 -0.851012 0.52471 -0.646489 -0.496602 -0.464556 -0.733195 0.735089
0 149 35 -0.220167 -0.80642 -0.54883 0.2737 -0.952259 0.29967 -0.058314 0.0277286 0.211494 0.509789 -0.833898 0.961415
0 150 12 -0.907629 0.0830532 0.411474 0.234602 -0.0908199 -0.995867 0.000678414 0.147407 0.40983 -0.0367543 0.911421 0.96085
0 151 38 -0.775895 -0.608198 -0.167578 0.264524 -0.626801 0.773297 0.0955626 0.0750797 0.0714666 0.179185 -0.981216 0.961452
0 152 14 -0.935455 0.0850349 0.343063 0.262941 -0.0765839 -0.996334 0.0381337 0.0331191 0.345048 0.00939925 0.938538 0.964243
0 153 41 -0.926915 -0.115066 0.357194 -0.00480545 -0.156794 0.983518 -0.0900487 0.227249 -0.340945 -0.139473 -0.929679 0.973825
0 154 13 0.716915 0.615416 0.327561 0.315797 -0.691976 0.685341 0.226883 -0.101813 -0.0848637 -0.389321 0.917185 0.943348
0 155 16 -0.247248 0.704054 0.665715 -0.4986 -0.948121 -0.0340959 -0.316075 0.489897 -0.199836 -0.709328 0.675959 -0.715122
0 156 35 -0.91706 -0.337526 0.212311 0.0729285 0.119747 -0.740985 -0.660759 0.140805 0.380343 -0.580532 0.719946 0.987348
0 157 35 -0.136285 0.990658 0.00479132 0.19459 0.952348 0.129679 0.276075 -0.136616 0.272875 0.0421879 -0.961124 0.971324
0 158 11 0.21314 0.881152 0.422069 -0.372275 -0.967278 0.251165 -0.0358918 0.25777 -0.137635 -0.400609 0.905853 -0.891609
0 159 36 0.143225 0.879095 -0.45462 0.374878 0.986791 -0.0917127 0.133538 -0.226363 0.0756984 -0.467741 -0.880618 0.899014
0 160 23 0.754985 0.626704 -0.192975 0.262573 0.557106 -0.768241 -0.315339 0.0589756 -0.345876 0.130569 -0.929151 0.963108
1 2 114 0.971873 0.0870166 -0.218842 0.894768 -0.10364 0.992446 -0.0656424 0.0366929 0.211477 0.0864767 0.97355 -0.445021
1 3 37 0.976561 0.0861046 0.197268 -0.705074 -0.0859104 0.996257 -0.00955835 0.309283 -0.197352 -0.00761303 0.980303 -0.638134
1 4 42 0.582101 -0.324164 -0.745705 0.290277 -0.758652 -0.546521 -0.354631 0.00289656 -0.292585 0.772161 -0.564058 0.956938
1 5 25 -0.859035 0.256789 -0.442853 0.2437 0.0996185 0.932404 0.347418 -0.128486 0.502131 0.254328 -0.826548 0.961302
1 6 27 -0.701992 -0.581759 -0.410808 0.359514 -0.674777 0.727801 0.122401 0.0175996 0.227778 0.363128 -0.903468 0.932974
1 7 10 0.878643 -0.0407915 0.475733 -0.342121 -0.0296005 0.989774 0.139538 -0.237518 -0.47656 -0.136686 0.868451 -0.909142
1 8 31 0.850449 -0.105591 -0.515351 0.107866 0.507327 0.423712 0.750391 -0.261591 0.139126 -0.899621 0.413915 0.959133
1 9 14 -0.0806535 -0.994431 -0.0678393 -0.244268 0.994619 -0.0847347 0.0596019 -0.17697 -0.0650183 -0.0626672 0.995914 -0.953423
1 10 20 -0.587103 -0.748256 0.308906 -0.3851 -0.692597 0.661844 0.28683 -0.0579435 -0.41907 -0.0455485 -0.906811 0.921054
1 11 21 -0.744831 0.472067 -0.471571 0.254431 0.646014 0.687073 -0.332561 0.219464 0.167013 -0.552343 -0.816715 0.94186
1 12 10 -0.481733 0.875038 -0.0473516 0.127448 -0.867087 -0.46814 0.170306 0.291285 0.126857 0.1231 0.984253 0.948109
1 13 0 1 0 0 0 0 1 0 0 0 0 1 0
1 14 20 -0.948662 -0.24546 -0.199475 -0.0274697 -0.292936 0.919698 0.261426 -0.163367 0.119287 0.306438 -0.944387 0.986183
1 15 32 -0.170945 -0.195196 0.965752 -0.799258 0.737073 -0.675785 -0.00612141 -0.115745 0.653836 0.710783 0.259395 0.589736
1 16 11 -0.565961 0.763901 0.310071 -0.17371 -0.760683 -0.628874 0.160869 -0.226022 0.317884 -0.14482 0.937004 -0.958509
1 17 14 -0.427586 0.894067 0.133468 0.145043 -0.873197 -0.370303 -0.316864 -0.0924796 -0.233874 -0.25203 0.939033 0.985094
1 18 34 0.241184 -0.966122 0.0918609 -0.0562163 -0.87209 -0.174231 0.457277 -0.299621 -0.425781 -0.190399 -0.884567 0.952401
1 19 17 0.680945 0.713884 -0.163354 0.136792 -0.723379 0.620892 -0.30202 0.348452 -0.114182 0.323825 0.939202 -0.927291
1 20 26 -0.400663 0.913778 -0.0669232 0.0222105 0.913448 0.392698 -0.106781 -0.217233 -0.0712932 -0.103914 -0.992028 0.975867
1 21 25 0.790148 -0.575983 -0.209547 0.0897254 -0.591376 -0.80628 -0.0137018 0.0734011 -0.161062 0.134748 -0.977702 0.993258
1 22 27 0.0857234 -0.964948 0.248045 -0.354171 -0.915124 0.0221837 0.402562 -0.183459 -0.393954 -0.261501 -0.881145 0.917009
1 23 13 -0.259795 0.963264 0.0680415 0.0613943 -0.956529 -0.266366 0.118749 -0.0436571 0.13251 -0.0342333 0.99059 0.997158
1 24 31 0.941168 -0.303461 -0.148705 -0.0117528 -0.317594 -0.944643 -0.082358 -0.0927618 -0.115481 0.124741 -0.985446 0.995619
1 25 10 0.475155 -0.823055 -0.311139 0.0389368 0.858967 0.510558 -0.0388084 -0.0209254 0.190796 -0.248819 0.949572 0.999023
1 26 0 1 0 0 0 0 1 0 0 0 0 1 0
1 27 20 -0.14807 -0.988205 -0.0390691 0.0864192 -0.931516 0.126089 0.341145 -0.343723 -0.332195 0.0869068 -0.939199 0.935086
1 28 13 -0.470064 0.837094 0.279845 0.228414 -0.88019 -0.421007 -0.219131 -0.267336 -0.0656162 -0.349322 0.934702 0.93614
1 29 46 0.574819 -0.409254 0.708586 -0.84808 0.734897 0.639031 -0.227081 0.258219 -0.359875 0.651268 0.668087 0.462691
1 30 0 1 0 0 0 0 1 0 0 0 0 1 0
1 31 22 -0.864329 -0.502734 -0.0139331 -0.137518 -0.502905 0.864218 0.014613 -0.208476 0.00469475 0.0196375 -0.999796 0.968311
1 32 26 -0.651823 -0.653085 0.385495 -0.0382268 -0.348382 0.709374 0.612714 -0.355856 -0.673615 0.265081 -0.68991 0.933759
1 33 13 0.356924 -0.804865 -0.474128 -0.0936246 0.900071 0.432131 -0.0559984 -0.00727119 0.249956 -0.406761 0.878674 0.995581
1 34 34 -0.991392 0.102022 0.0820574 0.114293 0.122186 0.946109 0.299915 -0.155545 -0.0470373 0.30736 -0.95043 0.981195
1 35 17 0.946773 0.23839 -0.21631 0.196103 0.299334 -0.89917 0.319207 -0.200677 -0.118404 -0.366966 -0.922668 0.959829
1 36 15 0.689284 0.693518 -0.209572 0.0801277 -0.724023 0.648983 -0.233691 0.330187 -0.0260601 0.312815 0.949457 -0.940508
1 37 16 0.97672 0.0660047 0.204109 -0.0133302 0.078753 -0.995377 -0.0549712 0.113708 0.199537 0.0697657 -0.977404 0.993425
1 38 0 1 0 0 0 0 1 0 0 0 0 1 0
1 39 16 0.658061 -0.749057 -0.076616 -0.103904 -0.741223 -0.626538 -0.240911 0.107453 0.132453 0.215324 -0.967518 0.988766
1 40 16 0.818437 -0.334952 -0.46687 0.29603 -0.233051 -0.936192 0.263118 -0.319119 -0.525212 -0.106541 -0.844276 0.900294
1 41 29 -0.952576 0.0637774 0.297542 -0.283552 0.116871 0.979477 0.164211 -0.103726 -0.280963 0.191198 -0.94048 0.953331
1 42 21 0.972535 -0.138352 -0.187174 -0.0400756 0.119047 0.98669 -0.110769 0.281169 0.200008 0.0854444 0.976062 -0.958821
1 43 31 -0.315306 -0.948223 0.0381338 0.125932 -0.576216 0.223224 0.786223 -0.384654 -0.754027 0.225928 -0.616765 0.91443
1 44 27 0.0247288 0.825281 -0.56418 0.359056 0.924692 0.195588 0.326636 -0.248941 0.379913 -0.52977 -0.758294 0.899504
1 45 53 0.636353 -0.272718 0.721581 -0.792055 0.401879 0.915655 -0.00834514 -0.142161 -0.658443 0.295299 0.692279 0.593666
1 46 57 0.653851 0.515771 0.553588 -0.238767 0.628664 0.0367947 -0.776806 0.172163 -0.421023 0.855936 -0.300189 0.955694
1 47 37 -0.474851 0.341551 0.811085 -0.125779 0.297642 0.929637 -0.217218 -0.0765763 -0.828206 0.138266 -0.543099 0.989098
1 48 17 0.951702 0.0329051 -0.305254 0.358458 -0.0304313 0.999454 0.01286 0.311537 0.305511 -0.0029496 0.952184 -0.88003
1 49 26 -0.872511 -0.485301 0.0566413 0.120029 -0.484207 0.843344 -0.233054 0.162405 0.0653332 -0.230768 -0.970813 0.979397
1 50 10 -0.545823 0.820692 0.168946 -0.0973612 -0.823389 -0.562716 0.0733504 0.117458 0.155266 -0.0990717 0.982892 -0.988294
1 51 18 -0.990818 0.110518 0.077876 0.207405 0.0691247 0.909135 -0.410725 0.288621 -0.116192 -0.401571 -0.908427 0.934709
1 52 30 -0.282752 -0.857351 -0.430117 0.178813 -0.865653 0.42123 -0.270573 0.192249 0.413154 0.295827 -0.861272 0.964918
1 53 10 0.698098 0.71528 0.0321704 -0.0801733 -0.695732 0.667034 0.266501 -0.349486 0.169164 -0.208425 0.963298 -0.933505
1 54 0 1 0 0 0 0 1 0 0 0 0 1 0
1 55 18 0.247292 0.967825 -0.0464861 0.0426401 0.888872 -0.207499 0.408475 -0.304885 0.385687 -0.142333 -0.911585 0.951434
1 56 15 -0.643093 -0.733971 -0.218444 0.18063 -0.402313 0.0811005 0.911903 -0.820203 -0.651595 0.674321 -0.347441 0.542808
1 57 11 0.102296 -0.989909 0.0980649 -0.282015 0.796308 0.022407 -0.604476 -0.300381 0.596179 0.139925 0.790564 0.911175
1 58 18 -0.546266 0.698082 -0.462897 0.586054 -0.754074 -0.650449 -0.0910388 -0.0591297 -0.364644 0.299328 0.881724 -0.808112
1 59 14 0.334192 0.932957 -0.133816 0.0470949 0.917715 -0.354454 -0.179337 0.0482143 -0.214746 -0.0628715 -0.974644 0.997726
1 60 27 0.881452 -0.250462 -0.400389 0.10214 -0.425315 -0.789527 -0.442441 0.180529 -0.205303 0.560282 -0.802455 0.978252
1 61 33 0.242835 -0.781309 -0.574967 0.225111 -0.836376 -0.468893 0.283928 -0.224354 -0.491434 0.411941 -0.767332 0.948151
1 62 28 -0.106366 0.994322 -0.00325192 -0.185856 0.741813 0.0815311 0.665632 0.00618053 0.662117 0.0683881 -0.746273 0.982558
1 63 15 0.394576 0.916648 -0.063763 0.0542211 -0.89988 0.399525 0.174919 0.209368 0.185814 -0.0116396 0.982516 0.976333
1 64 31 -0.0514377 -0.788923 -0.612335 0.265729 -0.985944 0.137713 -0.0946056 0.159771 0.158963 0.598862 -0.784917 0.950716
1 65 27 -0.123198 -0.946512 0.298223 -0.133016 -0.990989 0.133255 0.0135447 -0.0470343 -0.05256 -0.293867 -0.9544 0.989997
1 66 30 0.17253 -0.386469 0.906022 -0.982759 0.70172 0.693724 0.162286 0.0776077 -0.691247 0.607774 0.390881 0.167812
1 67 24 0.0743958 -0.955776 -0.28453 0.204489 -0.941175 0.0270157 -0.336838 0.161255 0.329628 0.292852 -0.897543 0.965495
1 68 12 -0.970673 -0.125203 0.205225 0.182672 0.113138 -0.991142 -0.0695532 0.0992125 0.212115 -0.0442946 0.97624 0.978155
1 69 11 0.990267 -0.0987107 0.0981162 -0.0616258 0.0644697 0.950108 0.305185 -0.269208 -0.123346 -0.295889 0.947225 -0.961108
1 70 30 0.954051 -0.0252919 0.298574 -0.220623 -0.142286 0.838686 0.5257 0.185456 -0.263706 -0.544028 0.796551 0.957565
1 71 17 0.978099 -0.208133 0.00187652 -0.0876535 0.206494 0.971448 0.116827 -0.0773284 -0.0261385 -0.11388 0.993151 0.993145
1 72 10 0.458737 -0.822274 -0.336788 -0.127621 0.881022 0.470206 0.0520198 0.022377 0.115585 -0.320581 0.940142 0.991571
1 73 22 -0.989991 -0.0325063 0.137334 0.0292581 -0.0299259 0.999335 0.0208127 0.1235 -0.137919 0.0164946 -0.990306 0.991913
1 74 17 0.64018 -0.739216 -0.209116 0.270072 0.767947 0.623107 0.148309 0.16775 0.020669 -0.255535 0.966579 -0.948114
1 75 14 0.835415 -0.525933 0.159614 0.0537096 0.546457 0.825922 -0.138702 0.30873 -0.0588809 0.203096 0.977387 -0.949632
1 76 15 0.10401 -0.986769 0.124374 -0.212702 0.984968 0.119537 0.124695 -0.0336402 -0.137913 0.109535 0.984369 -0.976538
1 77 21 0.935911 -0.348928 -0.0481681 -0.133536 0.352105 0.930514 0.100829 -0.242373 0.00963908 -0.111327 0.993737 0.960949
1 78 24 0.54045 0.618143 -0.5708 0.654044 0.0937271 0.629959 0.770952 -0.728312 0.836139 -0.47016 0.282525 -0.204423
1 79 15 0.899357 0.436432 -0.0261477 -0.104192 0.434995 -0.899208 -0.0469521 -0.0741495 -0.0440037 0.0308526 -0.998555 0.991789
1 80 18 0.319397 -0.946467 -0.0467394 0.0983166 -0.8572 -0.309596 0.411531 -0.137246 -0.403971 -0.091377 -0.910196 0.985646
1 81 16 0.679539 -0.113469 0.724811 -0.415629 0.711324 0.343724 -0.613084 0.876197 -0.179569 0.93219 0.314287 -0.243991
1 82 0 1 0 0 0 0 1 0 0 0 0 1 0
1 83 15 -0.901171 0.0282454 0.432542 -0.640917 -0.351971 0.534736 -0.768228 0.616056 -0.252994 -0.844547 -0.471947 0.457931
1 84 16 0.979191 -0.120401 -0.163363 0.236816 0.134463 0.987852 0.0779027 -0.05058 0.151999 -0.098248 0.983485 -0.970237
1 85 26 -0.643291 -0.76099 0.0840874 0.0219111 -0.765191 0.642722 -0.0372985 -0.0980031 -0.025661 -0.0883368 -0.99576 0.994945
1 86 36 -0.777108 -0.614739 0.134906 -0.0785491 -0.535683 0.758577 0.370952 -0.304204 -0.330375 0.216003 -0.918801 0.949363
1 87 15 -0.335368 -0.929305 0.154664 0.00432539 0.850649 -0.369264 -0.374221 0.305286 0.404877 0.00606306 0.914351 -0.952251
1 88 66 0.861364 -0.422554 0.281957 -0.923284 0.482603 0.853959 -0.194546 0.0935245 -0.158573 0.303648 0.939496 -0.372558
1 89 87 0.920483 -0.0847974 0.381472 -0.968395 0.109618 0.99301 -0.0437705 0.0214662 -0.375094 0.0821063 0.923344 -0.248495
1 90 96 0.978003 -0.0628829 0.198885 -0.553134 0.115086 0.95789 -0.263064 0.0514269 -0.173968 0.280166 0.944056 -0.831504
1 91 79 0.990456 -0.018165 0.136629 -0.115536 0.111156 0.691394 -0.713876 0.937274 -0.0814967 0.72225 0.686814 -0.328892
1 92 40 0.983159 0.0121545 0.182349 -0.447958 0.0350577 0.966712 -0.253455 0.37116 -0.179359 0.255579 0.950005 0.813372
1 93 32 0.988857 -0.117421 -0.0915067 -0.0572452 0.0968086 0.974188 -0.203926 0.512709 0.11309 0.192795 0.9747 -0.856652
1 94 66 0.974852 -0.218394 0.044355 -0.0458169 0.214979 0.869153 -0.445372 0.859848 0.0587155 0.443707 0.894246 -0.50849
1 95 78 0.973599 -0.17564 -0.145795 0.535076 0.144476 0.968642 -0.202138 0.397651 0.176727 0.175737 0.968444 -0.745364
1 96 65 0.884686 -0.125505 -0.448976 0.983395 0.146447 0.989145 0.0120654 0.15392 0.442588 -0.0764251 0.893463 0.0961374
1 97 33 -0.0341194 -0.934094 0.355392 -0.299847 -0.906848 0.178401 0.381837 -0.320545 -0.420074 -0.309259 -0.853169 0.898522
1 98 36 -0.904159 0.425201 -0.0412458 0.10682 0.415083 0.897245 0.150527 -0.135564 0.101012 0.11898 -0.987745 0.984993
1 99 16 0.378039 0.912158 0.158284 0.224932 -0.80776 0.408523 -0.425009 -0.156012 -0.452338 0.0328145 0.891243 0.961804
1 100 15 0.173258 -0.968589 0.178375 -0.110015 0.949328 0.116021 -0.292088 -0.173481 0.262218 0.219943 0.93961 0.978673
1 101 16 0.439369 -0.893875 0.0891134 -0.22383 -0.839868 -0.373565 0.393791 -0.372718 -0.31871 -0.247863 -0.91487 0.900545
1 102 29 -0.717005 0.691968 -0.0841605 -0.00923242 0.692769 0.720759 0.0240425 -0.198084 0.0772961 -0.0410651 -0.996162 0.980142
1 103 14 -0.213976 0.976577 -0.0226268 0.0578353 -0.976418 -0.213146 0.0343016 0.117085 0.0286753 0.0294329 0.999155 -0.991436
1 104 11 0.525153 -0.835555 -0.161436 0.0923721 0.83035 0.544645 -0.117815 -0.136873 0.186367 -0.0721773 0.979825 0.986272
1 105 12 -0.832596 0.418463 0.362867 0.175165 -0.499235 -0.850722 -0.164427 -0.0276764 0.239892 -0.318057 0.917219 0.98415
1 106 18 0.179249 -0.9326 0.313253 -0.0451688 -0.954481 -0.0876961 0.285088 -0.222687 -0.238402 -0.350096 -0.905868 0.973843
1 107 12 -0.0151631 0.984194 -0.176443 0.285883 -0.997539 -0.00280834 0.070061 -0.0278255 0.0684581 0.177071 0.981814 -0.95786
1 108 16 0.711747 0.424359 0.559764 -0.482953 -0.496838 0.867457 -0.0258862 0.336241 -0.496557 -0.259688 0.828247 -0.808516
1 109 38 -0.301619 0.948751 0.0943268 -0.0174735 0.940702 0.312244 -0.132604 0.0095985 -0.155262 0.0487374 -0.98667 0.999801
1 110 32 -0.267724 0.576467 0.772017 -0.0416702 0.830409 0.5444 -0.118532 -0.0296861 -0.488615 0.609356 -0.624452 0.99869
1 111 18 0.758481 0.646317 -0.0835524 0.275355 -0.648261 0.761402 0.0049397 -0.179181 0.0668096 0.0504171 0.996491 0.944496
1 112 19 -0.852191 -0.440887 -0.281762 0.194294 -0.490009 0.86131 0.134301 -0.214448 0.183473 0.252516 -0.950039 0.957216
1 113 0 1 0 0 0 0 1 0 0 0 0 1 0
1 114 25 -0.31858 0.761779 -0.564091 0.405886 0.816372 0.522925 0.245126 -0.0826802 0.481709 -0.382416 -0.788489 0.910176
1 115 16 0.872808 -0.411405 -0.262587 0.321793 -0.381882 -0.910694 0.157489 0.08344 -0.303929 -0.0371806 -0.951969 0.943126
1 116 16 -0.318025 0.628379 0.709929 -0.444355 0.947789 0.229338 0.221585 -0.334065 -0.0235747 0.743333 -0.668506 0.831233
1 117 13 -0.349489 0.93051 0.109586 0.112504 0.934219 0.337175 0.116393 -0.218901 0.0713548 0.143055 -0.987139 0.96924
1 118 19 -0.50739 0.860285 0.0496485 0.063471 0.853923 0.509698 -0.104992 -0.0532197 -0.115629 -0.0108761 -0.993233 0.996564
1 119 16 -0.887452 -0.446885 -0.112791 -0.298492 0.390649 -0.599449 -0.698609 -0.091582 0.244585 -0.664044 0.706558 0.950008
1 120 23 -0.987412 0.155183 0.0305942 -0.112527 0.157237 0.984031 0.0834186 0.113387 -0.0171605 0.087179 -0.996045 0.987158
1 121 10 0.825944 -0.451946 -0.336989 0.32628 0.441133 0.890319 -0.112839 0.0937087 0.351025 -0.0554582 0.934722 -0.940617
1 122 16 0.849961 0.412973 0.327138 -0.420712 -0.386156 0.910741 -0.146401 0.239903 -0.358397 -0.00189128 0.933567 -0.874899
1 123 14 0.292204 -0.944684 0.148961 -0.140591 0.949168 0.267407 -0.166053 -0.132216 0.117035 0.189911 0.974801 -0.9812
1 124 14 -0.183101 0.962842 -0.198519 0.0931468 -0.966522 -0.213227 -0.142719 -0.330977 -0.179746 0.165741 0.96965 0.93903
1 125 13 -0.453696 -0.214863 -0.864866 0.820708 -0.423699 0.905799 -0.0027664 -0.131074 0.78399 0.365188 -0.501995 0.55611
1 126 54 0.549106 -0.636932 0.54111 -0.0686295 0.830675 0.487198 -0.269476 0.376855 -0.0919901 0.597458 0.796607 0.923726
1 127 41 0.909718 0.139073 0.391244 -0.889008 -0.146108 0.989197 -0.011895 0.080553 -0.388671 -0.0463426 0.92021 -0.450751
1 128 45 0.231393 -0.777094 0.585305 -0.378953 -0.915106 0.030349 0.402069 -0.156504 -0.330209 -0.628652 -0.704101 0.912086
1 129 18 0.890286 -0.24805 -0.381918 0.29952 0.355946 0.90214 0.243816 0.0339343 0.284065 -0.353008 0.891455 -0.953486
1 130 11 0.563836 -0.782669 -0.263661 -0.16462 0.69476 0.622105 -0.360963 -0.113022 0.44654 0.0203427 0.894533 0.97986
1 131 20 0.104412 -0.941711 0.319809 -0.267712 -0.969111 -0.168583 -0.180012 -0.0878147 0.223434 -0.291135 -0.930224 0.959489
1 132 28 -0.769745 0.259464 0.583242 -0.354947 0.384455 0.91781 0.0990895 0.02164 -0.509595 0.300504 -0.806232 0.934636
1 133 15 0.72649 -0.686828 -0.0219216 -0.0248286 0.685272 0.726481 -0.0512578 0.19204 0.0511309 0.022216 0.998445 -0.981073
1 134 0 1 0 0 0 0 1 0 0 0 0 1 0
1 135 21 0.358892 -0.811578 0.461018 -0.463872 -0.925711 -0.372675 0.0645866 -0.0824695 0.119393 -0.449949 -0.885038 0.882055
1 136 11 0.67811 0.723012 0.131988 -0.130819 -0.734233 0.658442 0.165397 0.0884966 0.0326775 -0.209067 0.977355 -0.987449
1 137 29 -0.734246 -0.39696 0.550732 -0.246432 -0.57112 0.799754 -0.184976 0.083551 -0.367022 -0.450352 -0.813927 0.965552
1 138 23 0.00119474 -0.711131 0.703058 -0.424003 -0.995695 0.0643157 0.0667463 0.22257 -0.0926831 -0.700111 -0.707993 0.877886
1 139 32 0.987955 -0.0680651 0.138967 -0.680869 0.140444 0.771438 -0.620611 0.707981 -0.0649628 0.632653 0.771706 -0.187564
1 140 28 0.98462 0.0664139 -0.161592 0.465588 -0.0691959 0.997535 -0.0116431 -0.146827 0.160421 0.0226455 0.986789 -0.872737
1 141 52 0.982446 -0.104568 0.154485 -0.86684 0.0759758 0.980619 0.180593 -0.0573032 -0.170375 -0.165686 0.97135 0.495283
1 142 45 0.965826 -0.0901007 0.243028 -0.420084 0.0958352 0.995327 -0.0118522 -0.162187 -0.240825 0.0347378 0.969947 0.892875
1 143 59 0.726814 -0.230171 0.647119 -0.927705 0.362218 0.928956 -0.0764097 0.00936724 -0.583558 0.289934 0.758551 0.373196
1 144 11 0.968241 -0.244878 -0.0504323 0.073793 0.238637 0.965338 -0.105711 0.162727 0.0745704 0.0903184 0.993117 0.983908
1 145 32 0.499832 0.80313 -0.324268 0.215588 0.866038 -0.46866 0.174172 -0.124986 -0.0120883 -0.367885 -0.929793 0.968452
1 146 39 -0.463239 -0.787922 0.405696 -0.403409 -0.661476 0.612055 0.433403 -0.202731 -0.589796 -0.0675886 -0.804719 0.892279
1 147 10 0.843595 -0.532808 -0.0668053 0.0399287 0.526297 0.845081 -0.0940747 0.01172 0.10658 0.0442015 0.993321 0.999134
1 148 30 -0.320701 -0.94241 -0.0949459 0.128762 -0.928196 0.292722 0.22971 -0.0767309 -0.188688 0.161797 -0.968617 0.988703
1 149 23 -0.19498 -0.0649816 0.978652 0.199662 -0.923651 -0.32348 -0.2055 -0.0695478 0.329928 -0.944001 0.0030517 0.977394
1 150 31 -0.0328449 0.999452 -0.00415065 0.155919 0.964534 0.0306086 -0.262179 0.166454 -0.261908 -0.0126147 -0.96501 0.973644
1 151 28 -0.66117 -0.748144 0.0559917 0.181941 -0.747879 0.651344 -0.128172 0.0666089 0.0594213 -0.126619 -0.99017 0.981051
1 152 12 -0.744484 0.537441 0.396108 -0.356471 -0.59963 -0.799135 -0.0427333 0.285859 0.293577 -0.269332 0.917209 -0.889502
1 153 21 0.722621 0.508206 -0.468557 0.353679 0.597968 -0.799637 0.0549014 -0.104254 -0.346774 -0.319855 -0.881726 0.929539
1 154 18 -0.451035 -0.88669 -0.101726 0.252717 -0.862257 0.462331 -0.206791 0.062568 0.23039 -0.00555611 -0.973082 0.965515
1 155 10 -0.616405 -0.778553 0.117901 0.303398 0.617149 -0.570655 -0.541738 -0.165169 0.489053 -0.261168 0.832237 0.938439
1 156 11 0.977834 -0.201806 -0.0558046 -0.042894 0.199628 0.978961 -0.0422296 -0.104476 0.0631527 0.0301534 0.997548 -0.993602
1 157 11 -0.161772 0.986541 0.0238007 0.414491 -0.968237 -0.154018 -0.196964 -0.0824729 -0.190647 -0.0549078 0.980122 0.906309
1 158 0 1 0 0 0 0 1 0 0 0 0 1 0
1 159 10 -0.0269019 -0.991008 0.131069 0.314092 0.968235 -0.0584382 -0.243119 -0.329503 0.248592 0.120365 0.9611 0.890379
1 160 30 -0.619602 -0.784335 0.0301957 0.213499 -0.698499 0.533429 -0.477025 0.18567 0.35804 -0.316657 -0.878371 0.959137
2 3 102 0.990949 0.0645913 -0.117681 0.997867 -0.0625692 0.997824 0.0208014 0.0281419 0.118769 -0.0132499 0.992834 0.0588992
2 4 33 -0.293059 0.953989 0.0634132 -0.0299988 0.879386 0.294983 -0.373718 0.230644 -0.375229 -0.0537569 -0.925372 0.972576
2 5 17 -0.697236 0.67781 0.233315 -0.0467392 -0.711583 -0.693787 -0.110948 0.0599291 0.0866697 -0.24338 0.966051 -0.997108
2 6 53 -0.845318 0.321187 0.426938 -0.259698 0.533766 0.542194 0.648937 -0.474172 -0.0230531 0.776443 -0.629765 0.84126
2 7 13 -0.234897 -0.956272 0.17426 0.170699 0.949413 -0.187276 0.252078 0.0678361 -0.20842 0.224657 0.951888 0.982985
2 8 21 -0.0957775 0.956202 0.276595 0.0420408 -0.988745 -0.123474 0.0844789 -0.106479 0.114931 -0.265391 0.957266 0.993426
2 9 32 0.340359 0.521018 0.782749 0.220357 -0.905882 0.404841 0.124427 -0.260675 -0.25206 -0.751428 0.609772 0.939942
2 10 34 -0.0472846 -0.881282 -0.470219 0.25685 -0.956152 -0.0962777 0.276593 -0.122092 -0.289028 0.462679 -0.838087 0.958708
2 11 27 -0.914589 0.213944 -0.343154 0.202373 0.282383 0.945309 -0.163254 0.119047 0.28946 -0.246211 -0.924983 0.972046
2 12 41 0.453947 -0.7213 0.523124 0.175598 -0.803814 -0.0781808 0.589721 -0.041362 -0.384467 -0.688196 -0.615281 0.983593
2 13 29 -0.555626 -0.0950292 0.825984 -0.220564 -0.208655 0.977592 -0.0278873 0.00408937 -0.804825 -0.187841 -0.563004 0.975364
2 14 24 -0.411519 0.669391 0.61852 -0.523582 -0.73774 0.153832 -0.657324 -0.380705 -0.535155 -0.726809 0.430532 0.762185
2 15 20 -0.244021 -0.96382 -0.107259 0.231637 -0.932577 0.263559 -0.246652 0.0073805 0.265997 0.0398393 -0.96315 0.972774
2 16 19 -0.0699878 0.781485 -0.619986 0.109778 -0.915655 -0.296941 -0.270926 -0.238291 -0.395824 0.548732 0.736353 0.96497
2 17 23 0.205422 0.955825 -0.210238 -0.112976 0.978572 -0.203692 0.0300921 -0.0732239 -0.014061 -0.211915 -0.977187 0.990896
2 18 17 -0.773893 -0.620209 0.12818 0.0725468 -0.62691 0.721496 -0.293984 0.0241795 0.0898499 -0.30787 -0.947176 0.997072
