0 1 98 0.971052 0.0686482 -0.22879 0.93308 -0.0681451 0.997624 0.0101082 0.197132 0.22894 0.00577529 0.973423 -0.300834
0 2 0 1 0 0 0 0 1 0 0 0 0 1 0
0 3 0 1 0 0 0 0 1 0 0 0 0 1 0
0 4 0 1 0 0 0 0 1 0 0 0 0 1 0
0 5 0 1 0 0 0 0 1 0 0 0 0 1 0
0 6 0 1 0 0 0 0 1 0 0 0 0 1 0
0 7 0 1 0 0 0 0 1 0 0 0 0 1 0
0 8 0 1 0 0 0 0 1 0 0 0 0 1 0
0 9 0 1 0 0 0 0 1 0 0 0 0 1 0
0 10 0 1 0 0 0 0 1 0 0 0 0 1 0
0 11 0 1 0 0 0 0 1 0 0 0 0 1 0
0 12 0 1 0 0 0 0 1 0 0 0 0 1 0
0 13 0 1 0 0 0 0 1 0 0 0 0 1 0
0 14 0 1 0 0 0 0 1 0 0 0 0 1 0
0 15 0 1 0 0 0 0 1 0 0 0 0 1 0
0 16 0 1 0 0 0 0 1 0 0 0 0 1 0
0 17 0 1 0 0 0 0 1 0 0 0 0 1 0
0 18 0 1 0 0 0 0 1 0 0 0 0 1 0
0 19 0 1 0 0 0 0 1 0 0 0 0 1 0
0 20 0 1 0 0 0 0 1 0 0 0 0 1 0
0 21 0 1 0 0 0 0 1 0 0 0 0 1 0
0 22 0 1 0 0 0 0 1 0 0 0 0 1 0
0 23 0 1 0 0 0 0 1 0 0 0 0 1 0
0 24 0 1 0 0 0 0 1 0 0 0 0 1 0
0 25 0 1 0 0 0 0 1 0 0 0 0 1 0
0 26 0 1 0 0 0 0 1 0 0 0 0 1 0
0 27 0 1 0 0 0 0 1 0 0 0 0 1 0
0 28 0 1 0 0 0 0 1 0 0 0 0 1 0
0 29 0 1 0 0 0 0 1 0 0 0 0 1 0
0 30 0 1 0 0 0 0 1 0 0 0 0 1 0
0 31 0 1 0 0 0 0 1 0 0 0 0 1 0
0 32 0 1 0 0 0 0 1 0 0 0 0 1 0
0 33 0 1 0 0 0 0 1 0 0 0 0 1 0
0 34 0 1 0 0 0 0 1 0 0 0 0 1 0
0 35 0 1 0 0 0 0 1 0 0 0 0 1 0
0 36 0 1 0 0 0 0 1 0 0 0 0 1 0
0 37 0 1 0 0 0 0 1 0 0 0 0 1 0
0 38 0 1 0 0 0 0 1 0 0 0 0 1 0
0 39 0 1 0 0 0 0 1 0 0 0 0 1 0
0 40 0 1 0 0 0 0 1 0 0 0 0 1 0
0 41 0 1 0 0 0 0 1 0 0 0 0 1 0
0 42 10 -0.485822 0.84639 0.218178 -0.151112 -0.867038 -0.498237 0.00218679 -0.0224992 0.110555 -0.188106 0.975907 0.988261
0 43 0 1 0 0 0 0 1 0 0 0 0 1 0
0 44 0 1 0 0 0 0 1 0 0 0 0 1 0
0 45 21 0.897872 -0.220735 0.380923 -0.755328 0.203489 0.975334 0.0855377 -0.130967 -0.390408 0.000711603 0.920642 0.642127
0 46 0 1 0 0 0 0 1 0 0 0 0 1 0
0 47 0 1 0 0 0 0 1 0 0 0 0 1 0
0 48 0 1 0 0 0 0 1 0 0 0 0 1 0
0 49 20 0.0304674 0.392345 0.919313 -0.581413 0.911994 -0.387325 0.135078 -0.219293 0.40907 0.834293 -0.369617 0.783498
0 50 0 1 0 0 0 0 1 0 0 0 0 1 0
0 51 0 1 0 0 0 0 1 0 0 0 0 1 0
0 52 0 1 0 0 0 0 1 0 0 0 0 1 0
0 53 0 1 0 0 0 0 1 0 0 0 0 1 0
0 54 0 1 0 0 0 0 1 0 0 0 0 1 0
0 55 0 1 0 0 0 0 1 0 0 0 0 1 0
0 56 0 1 0 0 0 0 1 0 0 0 0 1 0
0 57 0 1 0 0 0 0 1 0 0 0 0 1 0
0 58 0 1 0 0 0 0 1 0 0 0 0 1 0
0 59 0 1 0 0 0 0 1 0 0 0 0 1 0
0 60 0 1 0 0 0 0 1 0 0 0 0 1 0
0 61 0 1 0 0 0 0 1 0 0 0 0 1 0
0 62 0 1 0 0 0 0 1 0 0 0 0 1 0
0 63 0 1 0 0 0 0 1 0 0 0 0 1 0
0 64 25 -0.213885 0.449866 0.867107 -0.249581 0.305228 0.873981 -0.378144 0.295619 -0.927949 0.183786 -0.324243 0.922127
0 65 0 1 0 0 0 0 1 0 0 0 0 1 0
0 66 0 1 0 0 0 0 1 0 0 0 0 1 0
0 67 0 1 0 0 0 0 1 0 0 0 0 1 0
0 68 0 1 0 0 0 0 1 0 0 0 0 1 0
0 69 0 1 0 0 0 0 1 0 0 0 0 1 0
0 70 0 1 0 0 0 0 1 0 0 0 0 1 0
0 71 0 1 0 0 0 0 1 0 0 0 0 1 0
0 72 0 1 0 0 0 0 1 0 0 0 0 1 0
0 73 0 1 0 0 0 0 1 0 0 0 0 1 0
0 74 0 1 0 0 0 0 1 0 0 0 0 1 0
0 75 0 1 0 0 0 0 1 0 0 0 0 1 0
0 76 0 1 0 0 0 0 1 0 0 0 0 1 0
0 77 0 1 0 0 0 0 1 0 0 0 0 1 0
0 78 0 1 0 0 0 0 1 0 0 0 0 1 0
0 79 0 1 0 0 0 0 1 0 0 0 0 1 0
0 80 0 1 0 0 0 0 1 0 0 0 0 1 0
0 81 0 1 0 0 0 0 1 0 0 0 0 1 0
0 82 0 1 0 0 0 0 1 0 0 0 0 1 0
0 83 0 1 0 0 0 0 1 0 0 0 0 1 0
0 84 0 1 0 0 0 0 1 0 0 0 0 1 0
0 85 0 1 0 0 0 0 1 0 0 0 0 1 0
0 86 0 1 0 0 0 0 1 0 0 0 0 1 0
0 87 0 1 0 0 0 0 1 0 0 0 0 1 0
0 88 29 0.987908 -0.0114699 -0.154614 0.470223 0.0157851 0.999519 0.0267109 0.179826 0.154233 -0.0288285 0.987614 -0.864033
0 89 95 0.99268 -0.0378034 0.114702 -0.279957 0.0472063 0.995644 -0.0803999 0.184587 -0.111163 0.0852261 0.990141 -0.9421
0 90 64 0.999188 0.019765 -0.0351114 0.0771771 -0.0287916 0.959855 -0.279016 0.310124 0.0281871 0.2798 0.959644 -0.947558
0 91 20 0.901198 -0.0490121 0.430628 -0.686443 0.00134681 0.993897 0.110302 -0.455323 -0.433406 -0.0988241 0.895764 -0.56699
0 92 0 1 0 0 0 0 1 0 0 0 0 1 0
0 93 0 1 0 0 0 0 1 0 0 0 0 1 0
0 94 0 1 0 0 0 0 1 0 0 0 0 1 0
0 95 0 1 0 0 0 0 1 0 0 0 0 1 0
0 96 0 1 0 0 0 0 1 0 0 0 0 1 0
0 97 0 1 0 0 0 0 1 0 0 0 0 1 0
0 98 0 1 0 0 0 0 1 0 0 0 0 1 0
0 99 0 1 0 0 0 0 1 0 0 0 0 1 0
0 100 0 1 0 0 0 0 1 0 0 0 0 1 0
0 101 14 -0.765073 0.293918 0.572953 -0.422165 0.550363 0.760385 0.344841 -0.296622 -0.33431 0.579161 -0.743512 0.856616
0 102 0 1 0 0 0 0 1 0 0 0 0 1 0
0 103 0 1 0 0 0 0 1 0 0 0 0 1 0
0 104 0 1 0 0 0 0 1 0 0 0 0 1 0
0 105 0 1 0 0 0 0 1 0 0 0 0 1 0
0 106 0 1 0 0 0 0 1 0 0 0 0 1 0
0 107 0 1 0 0 0 0 1 0 0 0 0 1 0
0 108 0 1 0 0 0 0 1 0 0 0 0 1 0
0 109 0 1 0 0 0 0 1 0 0 0 0 1 0
0 110 0 1 0 0 0 0 1 0 0 0 0 1 0
0 111 0 1 0 0 0 0 1 0 0 0 0 1 0
0 112 0 1 0 0 0 0 1 0 0 0 0 1 0
0 113 0 1 0 0 0 0 1 0 0 0 0 1 0
0 114 0 1 0 0 0 0 1 0 0 0 0 1 0
0 115 0 1 0 0 0 0 1 0 0 0 0 1 0
0 116 0 1 0 0 0 0 1 0 0 0 0 1 0
0 117 0 1 0 0 0 0 1 0 0 0 0 1 0
0 118 0 1 0 0 0 0 1 0 0 0 0 1 0
0 119 0 1 0 0 0 0 1 0 0 0 0 1 0
0 120 0 1 0 0 0 0 1 0 0 0 0 1 0
0 121 0 1 0 0 0 0 1 0 0 0 0 1 0
0 122 0 1 0 0 0 0 1 0 0 0 0 1 0
0 123 0 1 0 0 0 0 1 0 0 0 0 1 0
0 124 0 1 0 0 0 0 1 0 0 0 0 1 0
0 125 0 1 0 0 0 0 1 0 0 0 0 1 0
0 126 0 1 0 0 0 0 1 0 0 0 0 1 0
0 127 0 1 0 0 0 0 1 0 0 0 0 1 0
0 128 0 1 0 0 0 0 1 0 0 0 0 1 0
0 129 0 1 0 0 0 0 1 0 0 0 0 1 0
0 130 0 1 0 0 0 0 1 0 0 0 0 1 0
0 131 0 1 0 0 0 0 1 0 0 0 0 1 0
0 132 0 1 0 0 0 0 1 0 0 0 0 1 0
0 133 0 1 0 0 0 0 1 0 0 0 0 1 0
0 134 0 1 0 0 0 0 1 0 0 0 0 1 0
0 135 0 1 0 0 0 0 1 0 0 0 0 1 0
0 136 0 1 0 0 0 0 1 0 0 0 0 1 0
0 137 0 1 0 0 0 0 1 0 0 0 0 1 0
0 138 0 1 0 0 0 0 1 0 0 0 0 1 0
0 139 23 -0.697648 0.424612 -0.577055 0.354978 0.245735 0.898405 0.363982 -0.177569 0.67298 0.112129 -0.731112 0.917856
0 140 59 0.995629 -0.0189433 0.0914549 -0.740668 -0.00576038 0.964895 0.262572 -0.670064 -0.0932184 -0.261951 0.960568 -0.0492498
0 141 57 0.999842 -0.0157144 -0.00831965 -0.898156 0.0168873 0.985699 0.167665 0.188107 0.00556591 -0.167779 0.985809 -0.397406
0 142 25 0.912222 -0.0103006 0.409567 -0.837564 0.104064 0.972723 -0.207316 0.497522 -0.39626 0.231739 0.888412 0.225742
0 143 0 1 0 0 0 0 1 0 0 0 0 1 0
0 144 0 1 0 0 0 0 1 0 0 0 0 1 0
0 145 0 1 0 0 0 0 1 0 0 0 0 1 0
0 146 0 1 0 0 0 0 1 0 0 0 0 1 0
0 147 0 1 0 0 0 0 1 0 0 0 0 1 0
0 148 0 1 0 0 0 0 1 0 0 0 0 1 0
0 149 0 1 0 0 0 0 1 0 0 0 0 1 0
0 150 0 1 0 0 0 0 1 0 0 0 0 1 0
0 151 0 1 0 0 0 0 1 0 0 0 0 1 0
0 152 0 1 0 0 0 0 1 0 0 0 0 1 0
0 153 0 1 0 0 0 0 1 0 0 0 0 1 0
0 154 0 1 0 0 0 0 1 0 0 0 0 1 0
0 155 0 1 0 0 0 0 1 0 0 0 0 1 0
0 156 0 1 0 0 0 0 1 0 0 0 0 1 0
0 157 0 1 0 0 0 0 1 0 0 0 0 1 0
0 158 0 1 0 0 0 0 1 0 0 0 0 1 0
0 159 0 1 0 0 0 0 1 0 0 0 0 1 0
0 160 0 1 0 0 0 0 1 0 0 0 0 1 0
1 2 54 0.960714 0.0593245 -0.271127 0.969653 -0.076354 0.995688 -0.0526898 0.112885 0.266832 0.0713214 0.9611 -0.216866
1 3 0 1 0 0 0 0 1 0 0 0 0 1 0
1 4 0 1 0 0 0 0 1 0 0 0 0 1 0
1 5 0 1 0 0 0 0 1 0 0 0 0 1 0
1 6 0 1 0 0 0 0 1 0 0 0 0 1 0
1 7 0 1 0 0 0 0 1 0 0 0 0 1 0
1 8 0 1 0 0 0 0 1 0 0 0 0 1 0
1 9 0 1 0 0 0 0 1 0 0 0 0 1 0
1 10 0 1 0 0 0 0 1 0 0 0 0 1 0
1 11 0 1 0 0 0 0 1 0 0 0 0 1 0
1 12 0 1 0 0 0 0 1 0 0 0 0 1 0
1 13 0 1 0 0 0 0 1 0 0 0 0 1 0
1 14 0 1 0 0 0 0 1 0 0 0 0 1 0
1 15 0 1 0 0 0 0 1 0 0 0 0 1 0
1 16 0 1 0 0 0 0 1 0 0 0 0 1 0
1 17 0 1 0 0 0 0 1 0 0 0 0 1 0
1 18 0 1 0 0 0 0 1 0 0 0 0 1 0
1 19 0 1 0 0 0 0 1 0 0 0 0 1 0
1 20 0 1 0 0 0 0 1 0 0 0 0 1 0
1 21 0 1 0 0 0 0 1 0 0 0 0 1 0
1 22 0 1 0 0 0 0 1 0 0 0 0 1 0
1 23 0 1 0 0 0 0 1 0 0 0 0 1 0
1 24 0 1 0 0 0 0 1 0 0 0 0 1 0
1 25 0 1 0 0 0 0 1 0 0 0 0 1 0
1 26 0 1 0 0 0 0 1 0 0 0 0 1 0
1 27 0 1 0 0 0 0 1 0 0 0 0 1 0
1 28 0 1 0 0 0 0 1 0 0 0 0 1 0
1 29 0 1 0 0 0 0 1 0 0 0 0 1 0
1 30 0 1 0 0 0 0 1 0 0 0 0 1 0
1 31 0 1 0 0 0 0 1 0 0 0 0 1 0
1 32 0 1 0 0 0 0 1 0 0 0 0 1 0
1 33 0 1 0 0 0 0 1 0 0 0 0 1 0
1 34 0 1 0 0 0 0 1 0 0 0 0 1 0
1 35 0 1 0 0 0 0 1 0 0 0 0 1 0
1 36 0 1 0 0 0 0 1 0 0 0 0 1 0
1 37 0 1 0 0 0 0 1 0 0 0 0 1 0
1 38 0 1 0 0 0 0 1 0 0 0 0 1 0
1 39 0 1 0 0 0 0 1 0 0 0 0 1 0
1 40 0 1 0 0 0 0 1 0 0 0 0 1 0
1 41 0 1 0 0 0 0 1 0 0 0 0 1 0
1 42 0 1 0 0 0 0 1 0 0 0 0 1 0
1 43 0 1 0 0 0 0 1 0 0 0 0 1 0
1 44 0 1 0 0 0 0 1 0 0 0 0 1 0
1 45 0 1 0 0 0 0 1 0 0 0 0 1 0
1 46 0 1 0 0 0 0 1 0 0 0 0 1 0
1 47 0 1 0 0 0 0 1 0 0 0 0 1 0
1 48 0 1 0 0 0 0 1 0 0 0 0 1 0
1 49 0 1 0 0 0 0 1 0 0 0 0 1 0
1 50 0 1 0 0 0 0 1 0 0 0 0 1 0
1 51 0 1 0 0 0 0 1 0 0 0 0 1 0
1 52 0 1 0 0 0 0 1 0 0 0 0 1 0
1 53 0 1 0 0 0 0 1 0 0 0 0 1 0
1 54 0 1 0 0 0 0 1 0 0 0 0 1 0
1 55 0 1 0 0 0 0 1 0 0 0 0 1 0
1 56 0 1 0 0 0 0 1 0 0 0 0 1 0
1 57 0 1 0 0 0 0 1 0 0 0 0 1 0
1 58 0 1 0 0 0 0 1 0 0 0 0 1 0
1 59 0 1 0 0 0 0 1 0 0 0 0 1 0
1 60 0 1 0 0 0 0 1 0 0 0 0 1 0
1 61 0 1 0 0 0 0 1 0 0 0 0 1 0
1 62 0 1 0 0 0 0 1 0 0 0 0 1 0
1 63 0 1 0 0 0 0 1 0 0 0 0 1 0
1 64 13 0.43795 -0.580811 -0.686192 -0.249581 -0.684802 -0.710049 0.163941 0.295619 -0.582448 0.398108 -0.708706 0.922127
1 65 0 1 0 0 0 0 1 0 0 0 0 1 0
1 66 0 1 0 0 0 0 1 0 0 0 0 1 0
1 67 0 1 0 0 0 0 1 0 0 0 0 1 0
1 68 0 1 0 0 0 0 1 0 0 0 0 1 0
1 69 0 1 0 0 0 0 1 0 0 0 0 1 0
1 70 0 1 0 0 0 0 1 0 0 0 0 1 0
1 71 0 1 0 0 0 0 1 0 0 0 0 1 0
1 72 0 1 0 0 0 0 1 0 0 0 0 1 0
1 73 0 1 0 0 0 0 1 0 0 0 0 1 0
1 74 0 1 0 0 0 0 1 0 0 0 0 1 0
1 75 0 1 0 0 0 0 1 0 0 0 0 1 0
1 76 0 1 0 0 0 0 1 0 0 0 0 1 0
1 77 0 1 0 0 0 0 1 0 0 0 0 1 0
1 78 0 1 0 0 0 0 1 0 0 0 0 1 0
1 79 0 1 0 0 0 0 1 0 0 0 0 1 0
1 80 0 1 0 0 0 0 1 0 0 0 0 1 0
1 81 0 1 0 0 0 0 1 0 0 0 0 1 0
1 82 0 1 0 0 0 0 1 0 0 0 0 1 0
1 83 0 1 0 0 0 0 1 0 0 0 0 1 0
1 84 0 1 0 0 0 0 1 0 0 0 0 1 0
1 85 0 1 0 0 0 0 1 0 0 0 0 1 0
1 86 0 1 0 0 0 0 1 0 0 0 0 1 0
1 87 0 1 0 0 0 0 1 0 0 0 0 1 0
1 88 0 1 0 0 0 0 1 0 0 0 0 1 0
1 89 15 0.893069 0.420241 0.1607 -0.204015 -0.426281 0.904584 0.00345136 -0.416204 -0.143916 -0.0715858 0.986997 -0.886088
1 90 47 0.977274 -0.0867596 0.193411 -0.514375 0.137865 0.953216 -0.269021 0.075118 -0.161022 0.289572 0.943515 -0.854269
1 91 25 0.993557 -0.113038 0.00816944 0.190976 0.11276 0.978732 -0.171375 -0.137996 0.0113762 0.171192 0.985172 -0.971846
1 92 0 1 0 0 0 0 1 0 0 0 0 1 0
1 93 0 1 0 0 0 0 1 0 0 0 0 1 0
1 94 21 0.99553 -0.0582813 0.074322 -0.139219 0.0600257 0.997966 -0.0214547 -0.11169 -0.0729204 0.02582 0.997003 -0.983943
1 95 32 0.981503 -0.181799 -0.0600065 0.295404 0.168162 0.968499 -0.183663 0.390357 0.0915061 0.170175 0.981156 -0.871985
1 96 18 -0.0117004 0.921768 -0.387565 0.0726644 0.860782 0.20652 0.465193 -0.186948 0.50884 -0.328166 -0.795857 0.979679
1 97 0 1 0 0 0 0 1 0 0 0 0 1 0
1 98 0 1 0 0 0 0 1 0 0 0 0 1 0
1 99 0 1 0 0 0 0 1 0 0 0 0 1 0
1 100 0 1 0 0 0 0 1 0 0 0 0 1 0
1 101 0 1 0 0 0 0 1 0 0 0 0 1 0
1 102 0 1 0 0 0 0 1 0 0 0 0 1 0
1 103 0 1 0 0 0 0 1 0 0 0 0 1 0
1 104 0 1 0 0 0 0 1 0 0 0 0 1 0
1 105 0 1 0 0 0 0 1 0 0 0 0 1 0
1 106 0 1 0 0 0 0 1 0 0 0 0 1 0
1 107 0 1 0 0 0 0 1 0 0 0 0 1 0
1 108 0 1 0 0 0 0 1 0 0 0 0 1 0
1 109 0 1 0 0 0 0 1 0 0 0 0 1 0
1 110 0 1 0 0 0 0 1 0 0 0 0 1 0
1 111 0 1 0 0 0 0 1 0 0 0 0 1 0
1 112 0 1 0 0 0 0 1 0 0 0 0 1 0
1 113 0 1 0 0 0 0 1 0 0 0 0 1 0
1 114 0 1 0 0 0 0 1 0 0 0 0 1 0
1 115 0 1 0 0 0 0 1 0 0 0 0 1 0
1 116 0 1 0 0 0 0 1 0 0 0 0 1 0
1 117 0 1 0 0 0 0 1 0 0 0 0 1 0
1 118 0 1 0 0 0 0 1 0 0 0 0 1 0
1 119 0 1 0 0 0 0 1 0 0 0 0 1 0
1 120 0 1 0 0 0 0 1 0 0 0 0 1 0
1 121 0 1 0 0 0 0 1 0 0 0 0 1 0
1 122 0 1 0 0 0 0 1 0 0 0 0 1 0
1 123 0 1 0 0 0 0 1 0 0 0 0 1 0
1 124 0 1 0 0 0 0 1 0 0 0 0 1 0
1 125 0 1 0 0 0 0 1 0 0 0 0 1 0
1 126 0 1 0 0 0 0 1 0 0 0 0 1 0
1 127 0 1 0 0 0 0 1 0 0 0 0 1 0
1 128 0 1 0 0 0 0 1 0 0 0 0 1 0
1 129 0 1 0 0 0 0 1 0 0 0 0 1 0
1 130 0 1 0 0 0 0 1 0 0 0 0 1 0
1 131 0 1 0 0 0 0 1 0 0 0 0 1 0
1 132 0 1 0 0 0 0 1 0 0 0 0 1 0
1 133 0 1 0 0 0 0 1 0 0 0 0 1 0
1 134 0 1 0 0 0 0 1 0 0 0 0 1 0
1 135 0 1 0 0 0 0 1 0 0 0 0 1 0
1 136 13 -0.697125 0.677849 0.233535 -0.0119322 -0.696909 -0.717158 0.00125046 0.226776 0.168329 -0.161881 0.972348 -0.973874
1 137 0 1 0 0 0 0 1 0 0 0 0 1 0
1 138 0 1 0 0 0 0 1 0 0 0 0 1 0
1 139 0 1 0 0 0 0 1 0 0 0 0 1 0
1 140 0 1 0 0 0 0 1 0 0 0 0 1 0
1 141 28 0.939177 0.278449 -0.20103 0.0554739 0.0911908 0.362152 0.927648 -0.67507 0.331106 -0.889557 0.314733 0.735665
1 142 0 1 0 0 0 0 1 0 0 0 0 1 0
1 143 0 1 0 0 0 0 1 0 0 0 0 1 0
1 144 0 1 0 0 0 0 1 0 0 0 0 1 0
1 145 0 1 0 0 0 0 1 0 0 0 0 1 0
1 146 0 1 0 0 0 0 1 0 0 0 0 1 0
1 147 0 1 0 0 0 0 1 0 0 0 0 1 0
1 148 0 1 0 0 0 0 1 0 0 0 0 1 0
1 149 0 1 0 0 0 0 1 0 0 0 0 1 0
1 150 0 1 0 0 0 0 1 0 0 0 0 1 0
1 151 0 1 0 0 0 0 1 0 0 0 0 1 0
1 152 0 1 0 0 0 0 1 0 0 0 0 1 0
1 153 0 1 0 0 0 0 1 0 0 0 0 1 0
1 154 0 1 0 0 0 0 1 0 0 0 0 1 0
1 155 0 1 0 0 0 0 1 0 0 0 0 1 0
1 156 0 1 0 0 0 0 1 0 0 0 0 1 0
1 157 0 1 0 0 0 0 1 0 0 0 0 1 0
1 158 0 1 0 0 0 0 1 0 0 0 0 1 0
1 159 0 1 0 0 0 0 1 0 0 0 0 1 0
1 160 0 1 0 0 0 0 1 0 0 0 0 1 0
2 3 52 0.975256 0.0697837 -0.209775 0.990922 -0.0622898 0.997169 0.042129 -0.0172064 0.212121 -0.0280197 0.976842 0.133331
2 4 0 1 0 0 0 0 1 0 0 0 0 1 0
2 5 0 1 0 0 0 0 1 0 0 0 0 1 0
2 6 11 -0.775835 0.567203 -0.276335 0.282672 0.607576 0.789716 -0.0848575 -0.0575523 0.170095 -0.23373 -0.957308 0.957488
2 7 0 1 0 0 0 0 1 0 0 0 0 1 0
2 8 0 1 0 0 0 0 1 0 0 0 0 1 0
2 9 0 1 0 0 0 0 1 0 0 0 0 1 0
2 10 0 1 0 0 0 0 1 0 0 0 0 1 0
2 11 0 1 0 0 0 0 1 0 0 0 0 1 0
2 12 0 1 0 0 0 0 1 0 0 0 0 1 0
2 13 0 1 0 0 0 0 1 0 0 0 0 1 0
2 14 0 1 0 0 0 0 1 0 0 0 0 1 0
2 15 0 1 0 0 0 0 1 0 0 0 0 1 0
2 16 0 1 0 0 0 0 1 0 0 0 0 1 0
2 17 0 1 0 0 0 0 1 0 0 0 0 1 0
2 18 0 1 0 0 0 0 1 0 0 0 0 1 0
2 19 0 1 0 0 0 0 1 0 0 0 0 1 0
2 20 0 1 0 0 0 0 1 0 0 0 0 1 0
2 21 0 1 0 0 0 0 1 0 0 0 0 1 0
2 22 0 1 0 0 0 0 1 0 0 0 0 1 0
2 23 0 1 0 0 0 0 1 0 0 0 0 1 0
2 24 0 1 0 0 0 0 1 0 0 0 0 1 0
2 25 0 1 0 0 0 0 1 0 0 0 0 1 0
2 26 0 1 0 0 0 0 1 0 0 0 0 1 0
2 27 0 1 0 0 0 0 1 0 0 0 0 1 0
2 28 0 1 0 0 0 0 1 0 0 0 0 1 0
2 29 0 1 0 0 0 0 1 0 0 0 0 1 0
2 30 0 1 0 0 0 0 1 0 0 0 0 1 0
2 31 0 1 0 0 0 0 1 0 0 0 0 1 0
2 32 0 1 0 0 0 0 1 0 0 0 0 1 0
2 33 0 1 0 0 0 0 1 0 0 0 0 1 0
2 34 0 1 0 0 0 0 1 0 0 0 0 1 0
2 35 0 1 0 0 0 0 1 0 0 0 0 1 0
2 36 0 1 0 0 0 0 1 0 0 0 0 1 0
2 37 0 1 0 0 0 0 1 0 0 0 0 1 0
2 38 0 1 0 0 0 0 1 0 0 0 0 1 0
2 39 0 1 0 0 0 0 1 0 0 0 0 1 0
2 40 0 1 0 0 0 0 1 0 0 0 0 1 0
2 41 0 1 0 0 0 0 1 0 0 0 0 1 0
2 42 0 1 0 0 0 0 1 0 0 0 0 1 0
2 43 0 1 0 0 0 0 1 0 0 0 0 1 0
2 44 0 1 0 0 0 0 1 0 0 0 0 1 0
2 45 0 1 0 0 0 0 1 0 0 0 0 1 0
2 46 0 1 0 0 0 0 1 0 0 0 0 1 0
2 47 0 1 0 0 0 0 1 0 0 0 0 1 0
2 48 0 1 0 0 0 0 1 0 0 0 0 1 0
2 49 0 1 0 0 0 0 1 0 0 0 0 1 0
2 50 0 1 0 0 0 0 1 0 0 0 0 1 0
2 51 0 1 0 0 0 0 1 0 0 0 0 1 0
2 52 0 1 0 0 0 0 1 0 0 0 0 1 0
2 53 0 1 0 0 0 0 1 0 0 0 0 1 0
2 54 0 1 0 0 0 0 1 0 0 0 0 1 0
2 55 0 1 0 0 0 0 1 0 0 0 0 1 0
2 56 0 1 0 0 0 0 1 0 0 0 0 1 0
2 57 0 1 0 0 0 0 1 0 0 0 0 1 0
2 58 0 1 0 0 0 0 1 0 0 0 0 1 0
2 59 0 1 0 0 0 0 1 0 0 0 0 1 0
2 60 0 1 0 0 0 0 1 0 0 0 0 1 0
2 61 0 1 0 0 0 0 1 0 0 0 0 1 0
2 62 0 1 0 0 0 0 1 0 0 0 0 1 0
2 63 0 1 0 0 0 0 1 0 0 0 0 1 0
2 64 17 0.64116 -0.763928 0.0729953 -0.249581 0.728144 0.635633 0.256469 0.295619 -0.242322 -0.111287 0.963792 0.922127
2 65 0 1 0 0 0 0 1 0 0 0 0 1 0
2 66 0 1 0 0 0 0 1 0 0 0 0 1 0
2 67 0 1 0 0 0 0 1 0 0 0 0 1 0
2 68 0 1 0 0 0 0 1 0 0 0 0 1 0
2 69 0 1 0 0 0 0 1 0 0 0 0 1 0
2 70 0 1 0 0 0 0 1 0 0 0 0 1 0
2 71 0 1 0 0 0 0 1 0 0 0 0 1 0
2 72 0 1 0 0 0 0 1 0 0 0 0 1 0
2 73 0 1 0 0 0 0 1 0 0 0 0 1 0
2 74 0 1 0 0 0 0 1 0 0 0 0 1 0
2 75 0 1 0 0 0 0 1 0 0 0 0 1 0
2 76 0 1 0 0 0 0 1 0 0 0 0 1 0
2 77 0 1 0 0 0 0 1 0 0 0 0 1 0
2 78 0 1 0 0 0 0 1 0 0 0 0 1 0
2 79 0 1 0 0 0 0 1 0 0 0 0 1 0
2 80 0 1 0 0 0 0 1 0 0 0 0 1 0
2 81 0 1 0 0 0 0 1 0 0 0 0 1 0
2 82 0 1 0 0 0 0 1 0 0 0 0 1 0
2 83 0 1 0 0 0 0 1 0 0 0 0 1 0
2 84 0 1 0 0 0 0 1 0 0 0 0 1 0
2 85 0 1 0 0 0 0 1 0 0 0 0 1 0
2 86 0 1 0 0 0 0 1 0 0 0 0 1 0
2 87 0 1 0 0 0 0 1 0 0 0 0 1 0
2 88 0 1 0 0 0 0 1 0 0 0 0 1 0
2 89 0 1 0 0 0 0 1 0 0 0 0 1 0
2 90 0 1 0 0 0 0 1 0 0 0 0 1 0
2 91 0 1 0 0 0 0 1 0 0 0 0 1 0
2 92 0 1 0 0 0 0 1 0 0 0 0 1 0
2 93 0 1 0 0 0 0 1 0 0 0 0 1 0
2 94 0 1 0 0 0 0 1 0 0 0 0 1 0
2 95 26 0.609721 -0.135515 0.780945 -0.881612 0.10729 0.990318 0.0880808 -0.160003 -0.785321 0.030083 0.618358 0.444027
2 96 38 0.961034 -0.237446 -0.141541 0.369901 0.239289 0.97094 -0.00410279 0.121497 0.138402 -0.0299262 0.989924 -0.921093
2 97 26 0.979383 0.00667767 -0.201899 0.70114 -0.00352332 0.999866 0.0159787 -0.242672 0.201979 -0.014938 0.979276 -0.670458
2 98 0 1 0 0 0 0 1 0 0 0 0 1 0
2 99 0 1 0 0 0 0 1 0 0 0 0 1 0
2 100 0 1 0 0 0 0 1 0 0 0 0 1 0
2 101 0 1 0 0 0 0 1 0 0 0 0 1 0
2 102 0 1 0 0 0 0 1 0 0 0 0 1 0
2 103 0 1 0 0 0 0 1 0 0 0 0 1 0
2 104 0 1 0 0 0 0 1 0 0 0 0 1 0
2 105 0 1 0 0 0 0 1 0 0 0 0 1 0
2 106 0 1 0 0 0 0 1 0 0 0 0 1 0
2 107 0 1 0 0 0 0 1 0 0 0 0 1 0
2 108 0 1 0 0 0 0 1 0 0 0 0 1 0
2 109 0 1 0 0 0 0 1 0 0 0 0 1 0
2 110 0 1 0 0 0 0 1 0 0 0 0 1 0
2 111 0 1 0 0 0 0 1 0 0 0 0 1 0
2 112 0 1 0 0 0 0 1 0 0 0 0 1 0
2 113 0 1 0 0 0 0 1 0 0 0 0 1 0
2 114 0 1 0 0 0 0 1 0 0 0 0 1 0
2 115 0 1 0 0 0 0 1 0 0 0 0 1 0
2 116 0 1 0 0 0 0 1 0 0 0 0 1 0
2 117 0 1 0 0 0 0 1 0 0 0 0 1 0
2 118 0 1 0 0 0 0 1 0 0 0 0 1 0
2 119 0 1 0 0 0 0 1 0 0 0 0 1 0
2 120 0 1 0 0 0 0 1 0 0 0 0 1 0
2 121 0 1 0 0 0 0 1 0 0 0 0 1 0
2 122 0 1 0 0 0 0 1 0 0 0 0 1 0
2 123 0 1 0 0 0 0 1 0 0 0 0 1 0
2 124 0 1 0 0 0 0 1 0 0 0 0 1 0
2 125 0 1 0 0 0 0 1 0 0 0 0 1 0
2 126 0 1 0 0 0 0 1 0 0 0 0 1 0
2 127 0 1 0 0 0 0 1 0 0 0 0 1 0
2 128 0 1 0 0 0 0 1 0 0 0 0 1 0
2 129 0 1 0 0 0 0 1 0 0 0 0 1 0
2 130 0 1 0 0 0 0 1 0 0 0 0 1 0
2 131 0 1 0 0 0 0 1 0 0 0 0 1 0
2 132 0 1 0 0 0 0 1 0 0 0 0 1 0
2 133 0 1 0 0 0 0 1 0 0 0 0 1 0
2 134 0 1 0 0 0 0 1 0 0 0 0 1 0
2 135 0 1 0 0 0 0 1 0 0 0 0 1 0
2 136 0 1 0 0 0 0 1 0 0 0 0 1 0
2 137 0 1 0 0 0 0 1 0 0 0 0 1 0
2 138 0 1 0 0 0 0 1 0 0 0 0 1 0
2 139 0 1 0 0 0 0 1 0 0 0 0 1 0
2 140 0 1 0 0 0 0 1 0 0 0 0 1 0
2 141 0 1 0 0 0 0 1 0 0 0 0 1 0
2 142 0 1 0 0 0 0 1 0 0 0 0 1 0
2 143 0 1 0 0 0 0 1 0 0 0 0 1 0
2 144 0 1 0 0 0 0 1 0 0 0 0 1 0
2 145 0 1 0 0 0 0 1 0 0 0 0 1 0
2 146 0 1 0 0 0 0 1 0 0 0 0 1 0
2 147 0 1 0 0 0 0 1 0 0 0 0 1 0
2 148 0 1 0 0 0 0 1 0 0 0 0 1 0
2 149 0 1 0 0 0 0 1 0 0 0 0 1 0
2 150 0 1 0 0 0 0 1 0 0 0 0 1 0
2 151 0 1 0 0 0 0 1 0 0 0 0 1 0
2 152 0 1 0 0 0 0 1 0 0 0 0 1 0
2 153 0 1 0 0 0 0 1 0 0 0 0 1 0
2 154 0 1 0 0 0 0 1 0 0 0 0 1 0
2 155 0 1 0 0 0 0 1 0 0 0 0 1 0
2 156 0 1 0 0 0 0 1 0 0 0 0 1 0
2 157 0 1 0 0 0 0 1 0 0 0 0 1 0
2 158 0 1 0 0 0 0 1 0 0 0 0 1 0
2 159 0 1 0 0 0 0 1 0 0 0 0 1 0
2 160 0 1 0 0 0 0 1 0 0 0 0 1 0
3 4 15 0.985091 0.16631 0.0440007 0.0177539 -0.168503 0.984329 0.0519849 0.138221 -0.0346655 -0.0586242 0.997678 0.990242
3 5 0 1 0 0 0 0 1 0 0 0 0 1 0
3 6 17 0.965783 -0.158466 -0.205308 0.42503 0.181477 0.978453 0.098464 -0.0853197 0.185281 -0.132354 0.973732 0.901149
3 7 0 1 0 0 0 0 1 0 0 0 0 1 0
3 8 0 1 0 0 0 0 1 0 0 0 0 1 0
3 9 0 1 0 0 0 0 1 0 0 0 0 1 0
3 10 0 1 0 0 0 0 1 0 0 0 0 1 0
3 11 0 1 0 0 0 0 1 0 0 0 0 1 0
3 12 0 1 0 0 0 0 1 0 0 0 0 1 0
3 13 0 1 0 0 0 0 1 0 0 0 0 1 0
3 14 0 1 0 0 0 0 1 0 0 0 0 1 0
3 15 0 1 0 0 0 0 1 0 0 0 0 1 0
3 16 0 1 0 0 0 0 1 0 0 0 0 1 0
3 17 0 1 0 0 0 0 1 0 0 0 0 1 0
3 18 0 1 0 0 0 0 1 0 0 0 0 1 0
3 19 0 1 0 0 0 0 1 0 0 0 0 1 0
3 20 0 1 0 0 0 0 1 0 0 0 0 1 0
3 21 0 1 0 0 0 0 1 0 0 0 0 1 0
3 22 0 1 0 0 0 0 1 0 0 0 0 1 0
3 23 0 1 0 0 0 0 1 0 0 0 0 1 0
3 24 0 1 0 0 0 0 1 0 0 0 0 1 0
3 25 0 1 0 0 0 0 1 0 0 0 0 1 0
3 26 0 1 0 0 0 0 1 0 0 0 0 1 0
3 27 0 1 0 0 0 0 1 0 0 0 0 1 0
3 28 0 1 0 0 0 0 1 0 0 0 0 1 0
3 29 0 1 0 0 0 0 1 0 0 0 0 1 0
3 30 21 -0.0500277 -0.795558 0.603809 0.382488 0.992166 -0.108878 -0.0612497 -0.235686 0.114469 0.596015 0.794773 0.893395
3 31 0 1 0 0 0 0 1 0 0 0 0 1 0
3 32 0 1 0 0 0 0 1 0 0 0 0 1 0
3 33 0 1 0 0 0 0 1 0 0 0 0 1 0
3 34 0 1 0 0 0 0 1 0 0 0 0 1 0
3 35 0 1 0 0 0 0 1 0 0 0 0 1 0
3 36 0 1 0 0 0 0 1 0 0 0 0 1 0
3 37 0 1 0 0 0 0 1 0 0 0 0 1 0
3 38 0 1 0 0 0 0 1 0 0 0 0 1 0
3 39 0 1 0 0 0 0 1 0 0 0 0 1 0
3 40 0 1 0 0 0 0 1 0 0 0 0 1 0
3 41 0 1 0 0 0 0 1 0 0 0 0 1 0
3 42 0 1 0 0 0 0 1 0 0 0 0 1 0
3 43 0 1 0 0 0 0 1 0 0 0 0 1 0
3 44 0 1 0 0 0 0 1 0 0 0 0 1 0
3 45 0 1 0 0 0 0 1 0 0 0 0 1 0
3 46 0 1 0 0 0 0 1 0 0 0 0 1 0
3 47 0 1 0 0 0 0 1 0 0 0 0 1 0
3 48 0 1 0 0 0 0 1 0 0 0 0 1 0
3 49 0 1 0 0 0 0 1 0 0 0 0 1 0
3 50 0 1 0 0 0 0 1 0 0 0 0 1 0
3 51 0 1 0 0 0 0 1 0 0 0 0 1 0
3 52 0 1 0 0 0 0 1 0 0 0 0 1 0
3 53 0 1 0 0 0 0 1 0 0 0 0 1 0
3 54 0 1 0 0 0 0 1 0 0 0 0 1 0
3 55 0 1 0 0 0 0 1 0 0 0 0 1 0
3 56 0 1 0 0 0 0 1 0 0 0 0 1 0
3 57 0 1 0 0 0 0 1 0 0 0 0 1 0
3 58 0 1 0 0 0 0 1 0 0 0 0 1 0
3 59 0 1 0 0 0 0 1 0 0 0 0 1 0
3 60 0 1 0 0 0 0 1 0 0 0 0 1 0
3 61 0 1 0 0 0 0 1 0 0 0 0 1 0
3 62 0 1 0 0 0 0 1 0 0 0 0 1 0
3 63 0 1 0 0 0 0 1 0 0 0 0 1 0
3 64 0 1 0 0 0 0 1 0 0 0 0 1 0
3 65 0 1 0 0 0 0 1 0 0 0 0 1 0
3 66 0 1 0 0 0 0 1 0 0 0 0 1 0
3 67 0 1 0 0 0 0 1 0 0 0 0 1 0
3 68 0 1 0 0 0 0 1 0 0 0 0 1 0
3 69 0 1 0 0 0 0 1 0 0 0 0 1 0
3 70 0 1 0 0 0 0 1 0 0 0 0 1 0
3 71 0 1 0 0 0 0 1 0 0 0 0 1 0
3 72 0 1 0 0 0 0 1 0 0 0 0 1 0
3 73 0 1 0 0 0 0 1 0 0 0 0 1 0
3 74 0 1 0 0 0 0 1 0 0 0 0 1 0
3 75 0 1 0 0 0 0 1 0 0 0 0 1 0
3 76 0 1 0 0 0 0 1 0 0 0 0 1 0
3 77 0 1 0 0 0 0 1 0 0 0 0 1 0
3 78 0 1 0 0 0 0 1 0 0 0 0 1 0
3 79 0 1 0 0 0 0 1 0 0 0 0 1 0
3 80 0 1 0 0 0 0 1 0 0 0 0 1 0
3 81 0 1 0 0 0 0 1 0 0 0 0 1 0
3 82 0 1 0 0 0 0 1 0 0 0 0 1 0
3 83 0 1 0 0 0 0 1 0 0 0 0 1 0
3 84 0 1 0 0 0 0 1 0 0 0 0 1 0
3 85 0 1 0 0 0 0 1 0 0 0 0 1 0
3 86 0 1 0 0 0 0 1 0 0 0 0 1 0
3 87 0 1 0 0 0 0 1 0 0 0 0 1 0
3 88 0 1 0 0 0 0 1 0 0 0 0 1 0
3 89 0 1 0 0 0 0 1 0 0 0 0 1 0
3 90 0 1 0 0 0 0 1 0 0 0 0 1 0
3 91 0 1 0 0 0 0 1 0 0 0 0 1 0
3 92 0 1 0 0 0 0 1 0 0 0 0 1 0
3 93 0 1 0 0 0 0 1 0 0 0 0 1 0
3 94 0 1 0 0 0 0 1 0 0 0 0 1 0
3 95 0 1 0 0 0 0 1 0 0 0 0 1 0
3 96 0 1 0 0 0 0 1 0 0 0 0 1 0
3 97 44 0.963062 -0.0159462 -0.268807 0.268275 0.0488991 0.992005 0.116344 -0.673491 0.264802 -0.125191 0.956142 -0.688795
3 98 0 1 0 0 0 0 1 0 0 0 0 1 0
3 99 0 1 0 0 0 0 1 0 0 0 0 1 0
3 100 0 1 0 0 0 0 1 0 0 0 0 1 0
3 101 0 1 0 0 0 0 1 0 0 0 0 1 0
3 102 0 1 0 0 0 0 1 0 0 0 0 1 0
3 103 0 1 0 0 0 0 1 0 0 0 0 1 0
3 104 0 1 0 0 0 0 1 0 0 0 0 1 0
3 105 0 1 0 0 0 0 1 0 0 0 0 1 0
3 106 0 1 0 0 0 0 1 0 0 0 0 1 0
3 107 0 1 0 0 0 0 1 0 0 0 0 1 0
3 108 0 1 0 0 0 0 1 0 0 0 0 1 0
3 109 0 1 0 0 0 0 1 0 0 0 0 1 0
3 110 0 1 0 0 0 0 1 0 0 0 0 1 0
3 111 0 1 0 0 0 0 1 0 0 0 0 1 0
3 112 0 1 0 0 0 0 1 0 0 0 0 1 0
3 113 0 1 0 0 0 0 1 0 0 0 0 1 0
3 114 0 1 0 0 0 0 1 0 0 0 0 1 0
3 115 0 1 0 0 0 0 1 0 0 0 0 1 0
3 116 0 1 0 0 0 0 1 0 0 0 0 1 0
3 117 0 1 0 0 0 0 1 0 0 0 0 1 0
3 118 0 1 0 0 0 0 1 0 0 0 0 1 0
3 119 0 1 0 0 0 0 1 0 0 0 0 1 0
3 120 0 1 0 0 0 0 1 0 0 0 0 1 0
3 121 0 1 0 0 0 0 1 0 0 0 0 1 0
3 122 0 1 0 0 0 0 1 0 0 0 0 1 0
3 123 0 1 0 0 0 0 1 0 0 0 0 1 0
3 124 0 1 0 0 0 0 1 0 0 0 0 1 0
3 125 0 1 0 0 0 0 1 0 0 0 0 1 0
3 126 0 1 0 0 0 0 1 0 0 0 0 1 0
3 127 0 1 0 0 0 0 1 0 0 0 0 1 0
3 128 0 1 0 0 0 0 1 0 0 0 0 1 0
3 129 0 1 0 0 0 0 1 0 0 0 0 1 0
3 130 0 1 0 0 0 0 1 0 0 0 0 1 0
3 131 0 1 0 0 0 0 1 0 0 0 0 1 0
3 132 0 1 0 0 0 0 1 0 0 0 0 1 0
3 133 0 1 0 0 0 0 1 0 0 0 0 1 0
3 134 0 1 0 0 0 0 1 0 0 0 0 1 0
3 135 0 1 0 0 0 0 1 0 0 0 0 1 0
3 136 0 1 0 0 0 0 1 0 0 0 0 1 0
3 137 0 1 0 0 0 0 1 0 0 0 0 1 0
3 138 0 1 0 0 0 0 1 0 0 0 0 1 0
3 139 0 1 0 0 0 0 1 0 0 0 0 1 0
3 140 0 1 0 0 0 0 1 0 0 0 0 1 0
3 141 0 1 0 0 0 0 1 0 0 0 0 1 0
3 142 0 1 0 0 0 0 1 0 0 0 0 1 0
3 143 0 1 0 0 0 0 1 0 0 0 0 1 0
3 144 0 1 0 0 0 0 1 0 0 0 0 1 0
3 145 0 1 0 0 0 0 1 0 0 0 0 1 0
3 146 14 -0.18896 -0.851546 -0.489043 0.455851 -0.801411 -0.154071 0.57793 -0.263015 -0.567481 0.50113 -0.653325 0.850308
3 147 0 1 0 0 0 0 1 0 0 0 0 1 0
3 148 0 1 0 0 0 0 1 0 0 0 0 1 0
3 149 0 1 0 0 0 0 1 0 0 0 0 1 0
3 150 0 1 0 0 0 0 1 0 0 0 0 1 0
3 151 0 1 0 0 0 0 1 0 0 0 0 1 0
3 152 0 1 0 0 0 0 1 0 0 0 0 1 0
3 153 0 1 0 0 0 0 1 0 0 0 0 1 0
3 154 0 1 0 0 0 0 1 0 0 0 0 1 0
3 155 0 1 0 0 0 0 1 0 0 0 0 1 0
3 156 0 1 0 0 0 0 1 0 0 0 0 1 0
3 157 0 1 0 0 0 0 1 0 0 0 0 1 0
3 158 0 1 0 0 0 0 1 0 0 0 0 1 0
3 159 0 1 0 0 0 0 1 0 0 0 0 1 0
3 160 0 1 0 0 0 0 1 0 0 0 0 1 0
4 5 44 0.98822 0.0474122 -0.145511 0.708394 -0.0492246 0.998748 -0.008878 -0.0724899 0.144908 0.0159361 0.989317 0.702084
4 6 0 1 0 0 0 0 1 0 0 0 0 1 0
4 7 0 1 0 0 0 0 1 0 0 0 0 1 0
4 8 0 1 0 0 0 0 1 0 0 0 0 1 0
4 9 0 1 0 0 0 0 1 0 0 0 0 1 0
4 10 0 1 0 0 0 0 1 0 0 0 0 1 0
4 11 0 1 0 0 0 0 1 0 0 0 0 1 0
4 12 0 1 0 0 0 0 1 0 0 0 0 1 0
4 13 0 1 0 0 0 0 1 0 0 0 0 1 0
4 14 0 1 0 0 0 0 1 0 0 0 0 1 0
4 15 0 1 0 0 0 0 1 0 0 0 0 1 0
4 16 0 1 0 0 0 0 1 0 0 0 0 1 0
4 17 0 1 0 0 0 0 1 0 0 0 0 1 0
4 18 0 1 0 0 0 0 1 0 0 0 0 1 0
4 19 0 1 0 0 0 0 1 0 0 0 0 1 0
4 20 0 1 0 0 0 0 1 0 0 0 0 1 0
4 21 0 1 0 0 0 0 1 0 0 0 0 1 0
4 22 0 1 0 0 0 0 1 0 0 0 0 1 0
4 23 0 1 0 0 0 0 1 0 0 0 0 1 0
4 24 0 1 0 0 0 0 1 0 0 0 0 1 0
4 25 0 1 0 0 0 0 1 0 0 0 0 1 0
4 26 0 1 0 0 0 0 1 0 0 0 0 1 0
4 27 0 1 0 0 0 0 1 0 0 0 0 1 0
4 28 0 1 0 0 0 0 1 0 0 0 0 1 0
4 29 0 1 0 0 0 0 1 0 0 0 0 1 0
4 30 0 1 0 0 0 0 1 0 0 0 0 1 0
4 31 0 1 0 0 0 0 1 0 0 0 0 1 0
4 32 0 1 0 0 0 0 1 0 0 0 0 1 0
4 33 0 1 0 0 0 0 1 0 0 0 0 1 0
4 34 0 1 0 0 0 0 1 0 0 0 0 1 0
4 35 0 1 0 0 0 0 1 0 0 0 0 1 0
4 36 0 1 0 0 0 0 1 0 0 0 0 1 0
4 37 0 1 0 0 0 0 1 0 0 0 0 1 0
4 38 0 1 0 0 0 0 1 0 0 0 0 1 0
4 39 0 1 0 0 0 0 1 0 0 0 0 1 0
4 40 0 1 0 0 0 0 1 0 0 0 0 1 0
4 41 0 1 0 0 0 0 1 0 0 0 0 1 0
4 42 0 1 0 0 0 0 1 0 0 0 0 1 0
4 43 0 1 0 0 0 0 1 0 0 0 0 1 0
4 44 0 1 0 0 0 0 1 0 0 0 0 1 0
4 45 0 1 0 0 0 0 1 0 0 0 0 1 0
4 46 0 1 0 0 0 0 1 0 0 0 0 1 0
4 47 0 1 0 0 0 0 1 0 0 0 0 1 0
4 48 0 1 0 0 0 0 1 0 0 0 0 1 0
4 49 0 1 0 0 0 0 1 0 0 0 0 1 0
4 50 0 1 0 0 0 0 1 0 0 0 0 1 0
4 51 0 1 0 0 0 0 1 0 0 0 0 1 0
4 52 0 1 0 0 0 0 1 0 0 0 0 1 0
4 53 0 1 0 0 0 0 1 0 0 0 0 1 0
4 54 0 1 0 0 0 0 1 0 0 0 0 1 0
4 55 0 1 0 0 0 0 1 0 0 0 0 1 0
4 56 0 1 0 0 0 0 1 0 0 0 0 1 0
4 57 0 1 0 0 0 0 1 0 0 0 0 1 0
4 58 0 1 0 0 0 0 1 0 0 0 0 1 0
4 59 0 1 0 0 0 0 1 0 0 0 0 1 0
4 60 0 1 0 0 0 0 1 0 0 0 0 1 0
4 61 0 1 0 0 0 0 1 0 0 0 0 1 0
4 62 0 1 0 0 0 0 1 0 0 0 0 1 0
4 63 0 1 0 0 0 0 1 0 0 0 0 1 0
4 64 17 -0.858106 0.501916 0.108325 0.195496 -0.446938 -0.833964 0.323651 0.147156 0.252785 0.229312 0.939955 0.969601
4 65 0 1 0 0 0 0 1 0 0 0 0 1 0
4 66 0 1 0 0 0 0 1 0 0 0 0 1 0
4 67 0 1 0 0 0 0 1 0 0 0 0 1 0
4 68 0 1 0 0 0 0 1 0 0 0 0 1 0
4 69 0 1 0 0 0 0 1 0 0 0 0 1 0
4 70 0 1 0 0 0 0 1 0 0 0 0 1 0
4 71 0 1 0 0 0 0 1 0 0 0 0 1 0
4 72 0 1 0 0 0 0 1 0 0 0 0 1 0
4 73 0 1 0 0 0 0 1 0 0 0 0 1 0
4 74 0 1 0 0 0 0 1 0 0 0 0 1 0
4 75 0 1 0 0 0 0 1 0 0 0 0 1 0
4 76 0 1 0 0 0 0 1 0 0 0 0 1 0
4 77 0 1 0 0 0 0 1 0 0 0 0 1 0
4 78 0 1 0 0 0 0 1 0 0 0 0 1 0
4 79 0 1 0 0 0 0 1 0 0 0 0 1 0
4 80 0 1 0 0 0 0 1 0 0 0 0 1 0
4 81 0 1 0 0 0 0 1 0 0 0 0 1 0
4 82 0 1 0 0 0 0 1 0 0 0 0 1 0
4 83 0 1 0 0 0 0 1 0 0 0 0 1 0
4 84 0 1 0 0 0 0 1 0 0 0 0 1 0
4 85 0 1 0 0 0 0 1 0 0 0 0 1 0
4 86 0 1 0 0 0 0 1 0 0 0 0 1 0
4 87 0 1 0 0 0 0 1 0 0 0 0 1 0
4 88 0 1 0 0 0 0 1 0 0 0 0 1 0
4 89 0 1 0 0 0 0 1 0 0 0 0 1 0
4 90 0 1 0 0 0 0 1 0 0 0 0 1 0
4 91 0 1 0 0 0 0 1 0 0 0 0 1 0
4 92 0 1 0 0 0 0 1 0 0 0 0 1 0
4 93 0 1 0 0 0 0 1 0 0 0 0 1 0
4 94 0 1 0 0 0 0 1 0 0 0 0 1 0
4 95 0 1 0 0 0 0 1 0 0 0 0 1 0
4 96 0 1 0 0 0 0 1 0 0 0 0 1 0
4 97 0 1 0 0 0 0 1 0 0 0 0 1 0
4 98 0 1 0 0 0 0 1 0 0 0 0 1 0
4 99 0 1 0 0 0 0 1 0 0 0 0 1 0
4 100 0 1 0 0 0 0 1 0 0 0 0 1 0
4 101 0 1 0 0 0 0 1 0 0 0 0 1 0
4 102 0 1 0 0 0 0 1 0 0 0 0 1 0
4 103 0 1 0 0 0 0 1 0 0 0 0 1 0
4 104 0 1 0 0 0 0 1 0 0 0 0 1 0
4 105 0 1 0 0 0 0 1 0 0 0 0 1 0
4 106 0 1 0 0 0 0 1 0 0 0 0 1 0
4 107 0 1 0 0 0 0 1 0 0 0 0 1 0
4 108 0 1 0 0 0 0 1 0 0 0 0 1 0
4 109 0 1 0 0 0 0 1 0 0 0 0 1 0
4 110 0 1 0 0 0 0 1 0 0 0 0 1 0
4 111 0 1 0 0 0 0 1 0 0 0 0 1 0
4 112 0 1 0 0 0 0 1 0 0 0 0 1 0
4 113 0 1 0 0 0 0 1 0 0 0 0 1 0
4 114 0 1 0 0 0 0 1 0 0 0 0 1 0
4 115 0 1 0 0 0 0 1 0 0 0 0 1 0
4 116 0 1 0 0 0 0 1 0 0 0 0 1 0
4 117 0 1 0 0 0 0 1 0 0 0 0 1 0
4 118 0 1 0 0 0 0 1 0 0 0 0 1 0
4 119 0 1 0 0 0 0 1 0 0 0 0 1 0
4 120 0 1 0 0 0 0 1 0 0 0 0 1 0
4 121 0 1 0 0 0 0 1 0 0 0 0 1 0
4 122 0 1 0 0 0 0 1 0 0 0 0 1 0
4 123 0 1 0 0 0 0 1 0 0 0 0 1 0
4 124 0 1 0 0 0 0 1 0 0 0 0 1 0
4 125 0 1 0 0 0 0 1 0 0 0 0 1 0
4 126 0 1 0 0 0 0 1 0 0 0 0 1 0
4 127 0 1 0 0 0 0 1 0 0 0 0 1 0
4 128 0 1 0 0 0 0 1 0 0 0 0 1 0
4 129 0 1 0 0 0 0 1 0 0 0 0 1 0
4 130 0 1 0 0 0 0 1 0 0 0 0 1 0
4 131 0 1 0 0 0 0 1 0 0 0 0 1 0
4 132 0 1 0 0 0 0 1 0 0 0 0 1 0
4 133 0 1 0 0 0 0 1 0 0 0 0 1 0
4 134 0 1 0 0 0 0 1 0 0 0 0 1 0
4 135 0 1 0 0 0 0 1 0 0 0 0 1 0
4 136 0 1 0 0 0 0 1 0 0 0 0 1 0
4 137 0 1 0 0 0 0 1 0 0 0 0 1 0
4 138 0 1 0 0 0 0 1 0 0 0 0 1 0
4 139 0 1 0 0 0 0 1 0 0 0 0 1 0
4 140 0 1 0 0 0 0 1 0 0 0 0 1 0
4 141 0 1 0 0 0 0 1 0 0 0 0 1 0
4 142 0 1 0 0 0 0 1 0 0 0 0 1 0
4 143 0 1 0 0 0 0 1 0 0 0 0 1 0
4 144 0 1 0 0 0 0 1 0 0 0 0 1 0
4 145 0 1 0 0 0 0 1 0 0 0 0 1 0
4 146 0 1 0 0 0 0 1 0 0 0 0 1 0
4 147 0 1 0 0 0 0 1 0 0 0 0 1 0
4 148 0 1 0 0 0 0 1 0 0 0 0 1 0
4 149 0 1 0 0 0 0 1 0 0 0 0 1 0
4 150 0 1 0 0 0 0 1 0 0 0 0 1 0
4 151 0 1 0 0 0 0 1 0 0 0 0 1 0
4 152 0 1 0 0 0 0 1 0 0 0 0 1 0
4 153 0 1 0 0 0 0 1 0 0 0 0 1 0
4 154 0 1 0 0 0 0 1 0 0 0 0 1 0
4 155 0 1 0 0 0 0 1 0 0 0 0 1 0
4 156 0 1 0 0 0 0 1 0 0 0 0 1 0
4 157 0 1 0 0 0 0 1 0 0 0 0 1 0
4 158 0 1 0 0 0 0 1 0 0 0 0 1 0
4 159 0 1 0 0 0 0 1 0 0 0 0 1 0
4 160 0 1 0 0 0 0 1 0 0 0 0 1 0
5 6 73 0.980281 0.0503097 -0.191097 0.894791 -0.0556939 0.998185 -0.0229063 -0.283701 0.189598 0.0330976 0.981304 0.344764
5 7 0 1 0 0 0 0 1 0 0 0 0 1 0
5 8 0 1 0 0 0 0 1 0 0 0 0 1 0
5 9 0 1 0 0 0 0 1 0 0 0 0 1 0
5 10 0 1 0 0 0 0 1 0 0 0 0 1 0
5 11 0 1 0 0 0 0 1 0 0 0 0 1 0
5 12 0 1 0 0 0 0 1 0 0 0 0 1 0
5 13 0 1 0 0 0 0 1 0 0 0 0 1 0
5 14 0 1 0 0 0 0 1 0 0 0 0 1 0
5 15 0 1 0 0 0 0 1 0 0 0 0 1 0
5 16 0 1 0 0 0 0 1 0 0 0 0 1 0
5 17 0 1 0 0 0 0 1 0 0 0 0 1 0
5 18 0 1 0 0 0 0 1 0 0 0 0 1 0
5 19 0 1 0 0 0 0 1 0 0 0 0 1 0
5 20 0 1 0 0 0 0 1 0 0 0 0 1 0
5 21 0 1 0 0 0 0 1 0 0 0 0 1 0
5 22 0 1 0 0 0 0 1 0 0 0 0 1 0
5 23 0 1 0 0 0 0 1 0 0 0 0 1 0
5 24 0 1 0 0 0 0 1 0 0 0 0 1 0
5 25 0 1 0 0 0 0 1 0 0 0 0 1 0
5 26 0 1 0 0 0 0 1 0 0 0 0 1 0
5 27 0 1 0 0 0 0 1 0 0 0 0 1 0
5 28 0 1 0 0 0 0 1 0 0 0 0 1 0
5 29 0 1 0 0 0 0 1 0 0 0 0 1 0
5 30 0 1 0 0 0 0 1 0 0 0 0 1 0
5 31 0 1 0 0 0 0 1 0 0 0 0 1 0
5 32 0 1 0 0 0 0 1 0 0 0 0 1 0
5 33 0 1 0 0 0 0 1 0 0 0 0 1 0
5 34 0 1 0 0 0 0 1 0 0 0 0 1 0
5 35 0 1 0 0 0 0 1 0 0 0 0 1 0
5 36 0 1 0 0 0 0 1 0 0 0 0 1 0
5 37 0 1 0 0 0 0 1 0 0 0 0 1 0
5 38 0 1 0 0 0 0 1 0 0 0 0 1 0
5 39 0 1 0 0 0 0 1 0 0 0 0 1 0
5 40 0 1 0 0 0 0 1 0 0 0 0 1 0
5 41 0 1 0 0 0 0 1 0 0 0 0 1 0
5 42 0 1 0 0 0 0 1 0 0 0 0 1 0
5 43 0 1 0 0 0 0 1 0 0 0 0 1 0
5 44 0 1 0 0 0 0 1 0 0 0 0 1 0
5 45 0 1 0 0 0 0 1 0 0 0 0 1 0
5 46 0 1 0 0 0 0 1 0 0 0 0 1 0
5 47 0 1 0 0 0 0 1 0 0 0 0 1 0
5 48 0 1 0 0 0 0 1 0 0 0 0 1 0
5 49 0 1 0 0 0 0 1 0 0 0 0 1 0
5 50 17 0.0210362 0.933852 0.35704 -0.290222 0.998495 -0.0377162 0.0398186 -0.192541 0.0506509 0.355665 -0.93324 0.937389
5 51 0 1 0 0 0 0 1 0 0 0 0 1 0
5 52 0 1 0 0 0 0 1 0 0 0 0 1 0
5 53 0 1 0 0 0 0 1 0 0 0 0 1 0
5 54 0 1 0 0 0 0 1 0 0 0 0 1 0
5 55 0 1 0 0 0 0 1 0 0 0 0 1 0
5 56 0 1 0 0 0 0 1 0 0 0 0 1 0
5 57 0 1 0 0 0 0 1 0 0 0 0 1 0
5 58 0 1 0 0 0 0 1 0 0 0 0 1 0
5 59 0 1 0 0 0 0 1 0 0 0 0 1 0
5 60 0 1 0 0 0 0 1 0 0 0 0 1 0
5 61 0 1 0 0 0 0 1 0 0 0 0 1 0
5 62 0 1 0 0 0 0 1 0 0 0 0 1 0
5 63 0 1 0 0 0 0 1 0 0 0 0 1 0
5 64 0 1 0 0 0 0 1 0 0 0 0 1 0
5 65 0 1 0 0 0 0 1 0 0 0 0 1 0
5 66 0 1 0 0 0 0 1 0 0 0 0 1 0
5 67 15 0.0583437 0.976181 0.208968 0.115049 -0.960714 -0.00199097 0.277532 0.27877 0.271337 -0.216951 0.937715 0.953442
5 68 0 1 0 0 0 0 1 0 0 0 0 1 0
5 69 0 1 0 0 0 0 1 0 0 0 0 1 0
5 70 0 1 0 0 0 0 1 0 0 0 0 1 0
5 71 0 1 0 0 0 0 1 0 0 0 0 1 0
5 72 0 1 0 0 0 0 1 0 0 0 0 1 0
5 73 0 1 0 0 0 0 1 0 0 0 0 1 0
5 74 0 1 0 0 0 0 1 0 0 0 0 1 0
5 75 0 1 0 0 0 0 1 0 0 0 0 1 0
5 76 0 1 0 0 0 0 1 0 0 0 0 1 0
5 77 0 1 0 0 0 0 1 0 0 0 0 1 0
5 78 0 1 0 0 0 0 1 0 0 0 0 1 0
5 79 0 1 0 0 0 0 1 0 0 0 0 1 0
5 80 0 1 0 0 0 0 1 0 0 0 0 1 0
5 81 0 1 0 0 0 0 1 0 0 0 0 1 0
5 82 0 1 0 0 0 0 1 0 0 0 0 1 0
5 83 0 1 0 0 0 0 1 0 0 0 0 1 0
5 84 0 1 0 0 0 0 1 0 0 0 0 1 0
5 85 0 1 0 0 0 0 1 0 0 0 0 1 0
5 86 0 1 0 0 0 0 1 0 0 0 0 1 0
5 87 0 1 0 0 0 0 1 0 0 0 0 1 0
5 88 0 1 0 0 0 0 1 0 0 0 0 1 0
5 89 0 1 0 0 0 0 1 0 0 0 0 1 0
5 90 0 1 0 0 0 0 1 0 0 0 0 1 0
5 91 0 1 0 0 0 0 1 0 0 0 0 1 0
5 92 0 1 0 0 0 0 1 0 0 0 0 1 0
5 93 0 1 0 0 0 0 1 0 0 0 0 1 0
5 94 0 1 0 0 0 0 1 0 0 0 0 1 0
5 95 0 1 0 0 0 0 1 0 0 0 0 1 0
5 96 0 1 0 0 0 0 1 0 0 0 0 1 0
5 97 0 1 0 0 0 0 1 0 0 0 0 1 0
5 98 28 0.992872 -0.0535917 -0.106453 -0.210193 0.0732894 0.978898 0.190753 -0.708451 0.0939839 -0.197195 0.975849 -0.673733
5 99 19 0.166829 0.960869 -0.221132 -6.84327e-05 0.977768 -0.132329 0.162663 -0.17779 0.127035 -0.243352 -0.961583 0.984068
5 100 0 1 0 0 0 0 1 0 0 0 0 1 0
5 101 0 1 0 0 0 0 1 0 0 0 0 1 0
5 102 0 1 0 0 0 0 1 0 0 0 0 1 0
5 103 0 1 0 0 0 0 1 0 0 0 0 1 0
5 104 0 1 0 0 0 0 1 0 0 0 0 1 0
5 105 0 1 0 0 0 0 1 0 0 0 0 1 0
5 106 0 1 0 0 0 0 1 0 0 0 0 1 0
5 107 0 1 0 0 0 0 1 0 0 0 0 1 0
5 108 0 1 0 0 0 0 1 0 0 0 0 1 0
5 109 0 1 0 0 0 0 1 0 0 0 0 1 0
5 110 0 1 0 0 0 0 1 0 0 0 0 1 0
5 111 0 1 0 0 0 0 1 0 0 0 0 1 0
5 112 0 1 0 0 0 0 1 0 0 0 0 1 0
5 113 0 1 0 0 0 0 1 0 0 0 0 1 0
5 114 0 1 0 0 0 0 1 0 0 0 0 1 0
5 115 0 1 0 0 0 0 1 0 0 0 0 1 0
5 116 0 1 0 0 0 0 1 0 0 0 0 1 0
5 117 0 1 0 0 0 0 1 0 0 0 0 1 0
5 118 0 1 0 0 0 0 1 0 0 0 0 1 0
5 119 0 1 0 0 0 0 1 0 0 0 0 1 0
5 120 0 1 0 0 0 0 1 0 0 0 0 1 0
5 121 0 1 0 0 0 0 1 0 0 0 0 1 0
5 122 0 1 0 0 0 0 1 0 0 0 0 1 0
5 123 0 1 0 0 0 0 1 0 0 0 0 1 0
5 124 0 1 0 0 0 0 1 0 0 0 0 1 0
5 125 0 1 0 0 0 0 1 0 0 0 0 1 0
5 126 0 1 0 0 0 0 1 0 0 0 0 1 0
5 127 0 1 0 0 0 0 1 0 0 0 0 1 0
5 128 0 1 0 0 0 0 1 0 0 0 0 1 0
5 129 0 1 0 0 0 0 1 0 0 0 0 1 0
5 130 0 1 0 0 0 0 1 0 0 0 0 1 0
5 131 0 1 0 0 0 0 1 0 0 0 0 1 0
5 132 0 1 0 0 0 0 1 0 0 0 0 1 0
5 133 0 1 0 0 0 0 1 0 0 0 0 1 0
5 134 0 1 0 0 0 0 1 0 0 0 0 1 0
5 135 0 1 0 0 0 0 1 0 0 0 0 1 0
5 136 0 1 0 0 0 0 1 0 0 0 0 1 0
5 137 0 1 0 0 0 0 1 0 0 0 0 1 0
5 138 0 1 0 0 0 0 1 0 0 0 0 1 0
5 139 0 1 0 0 0 0 1 0 0 0 0 1 0
5 140 0 1 0 0 0 0 1 0 0 0 0 1 0
5 141 0 1 0 0 0 0 1 0 0 0 0 1 0
5 142 0 1 0 0 0 0 1 0 0 0 0 1 0
5 143 0 1 0 0 0 0 1 0 0 0 0 1 0
5 144 0 1 0 0 0 0 1 0 0 0 0 1 0
5 145 0 1 0 0 0 0 1 0 0 0 0 1 0
5 146 0 1 0 0 0 0 1 0 0 0 0 1 0
5 147 0 1 0 0 0 0 1 0 0 0 0 1 0
5 148 0 1 0 0 0 0 1 0 0 0 0 1 0
5 149 0 1 0 0 0 0 1 0 0 0 0 1 0
5 150 0 1 0 0 0 0 1 0 0 0 0 1 0
5 151 0 1 0 0 0 0 1 0 0 0 0 1 0
5 152 0 1 0 0 0 0 1 0 0 0 0 1 0
5 153 0 1 0 0 0 0 1 0 0 0 0 1 0
5 154 0 1 0 0 0 0 1 0 0 0 0 1 0
5 155 0 1 0 0 0 0 1 0 0 0 0 1 0
5 156 0 1 0 0 0 0 1 0 0 0 0 1 0
5 157 0 1 0 0 0 0 1 0 0 0 0 1 0
5 158 0 1 0 0 0 0 1 0 0 0 0 1 0
5 159 0 1 0 0 0 0 1 0 0 0 0 1 0
5 160 0 1 0 0 0 0 1 0 0 0 0 1 0
6 7 26 0.938194 -0.149402 0.312203 -0.271709 -0.255579 0.309212 0.916006 -0.698197 -0.23339 -0.939184 0.251917 0.662341
6 8 0 1 0 0 0 0 1 0 0 0 0 1 0
6 9 0 1 0 0 0 0 1 0 0 0 0 1 0
6 10 0 1 0 0 0 0 1 0 0 0 0 1 0
6 11 0 1 0 0 0 0 1 0 0 0 0 1 0
6 12 0 1 0 0 0 0 1 0 0 0 0 1 0
6 13 0 1 0 0 0 0 1 0 0 0 0 1 0
6 14 0 1 0 0 0 0 1 0 0 0 0 1 0
6 15 0 1 0 0 0 0 1 0 0 0 0 1 0
6 16 0 1 0 0 0 0 1 0 0 0 0 1 0
6 17 0 1 0 0 0 0 1 0 0 0 0 1 0
6 18 0 1 0 0 0 0 1 0 0 0 0 1 0
6 19 0 1 0 0 0 0 1 0 0 0 0 1 0
6 20 0 1 0 0 0 0 1 0 0 0 0 1 0
6 21 0 1 0 0 0 0 1 0 0 0 0 1 0
6 22 0 1 0 0 0 0 1 0 0 0 0 1 0
6 23 0 1 0 0 0 0 1 0 0 0 0 1 0
6 24 0 1 0 0 0 0 1 0 0 0 0 1 0
6 25 0 1 0 0 0 0 1 0 0 0 0 1 0
6 26 0 1 0 0 0 0 1 0 0 0 0 1 0
6 27 0 1 0 0 0 0 1 0 0 0 0 1 0
6 28 0 1 0 0 0 0 1 0 0 0 0 1 0
6 29 0 1 0 0 0 0 1 0 0 0 0 1 0
6 30 0 1 0 0 0 0 1 0 0 0 0 1 0
6 31 0 1 0 0 0 0 1 0 0 0 0 1 0
6 32 0 1 0 0 0 0 1 0 0 0 0 1 0
6 33 0 1 0 0 0 0 1 0 0 0 0 1 0
6 34 0 1 0 0 0 0 1 0 0 0 0 1 0
6 35 0 1 0 0 0 0 1 0 0 0 0 1 0
6 36 0 1 0 0 0 0 1 0 0 0 0 1 0
6 37 0 1 0 0 0 0 1 0 0 0 0 1 0
6 38 0 1 0 0 0 0 1 0 0 0 0 1 0
6 39 0 1 0 0 0 0 1 0 0 0 0 1 0
6 40 0 1 0 0 0 0 1 0 0 0 0 1 0
6 41 0 1 0 0 0 0 1 0 0 0 0 1 0
6 42 0 1 0 0 0 0 1 0 0 0 0 1 0
6 43 0 1 0 0 0 0 1 0 0 0 0 1 0
6 44 0 1 0 0 0 0 1 0 0 0 0 1 0
6 45 0 1 0 0 0 0 1 0 0 0 0 1 0
6 46 0 1 0 0 0 0 1 0 0 0 0 1 0
6 47 0 1 0 0 0 0 1 0 0 0 0 1 0
6 48 0 1 0 0 0 0 1 0 0 0 0 1 0
6 49 0 1 0 0 0 0 1 0 0 0 0 1 0
6 50 0 1 0 0 0 0 1 0 0 0 0 1 0
6 51 0 1 0 0 0 0 1 0 0 0 0 1 0
6 52 0 1 0 0 0 0 1 0 0 0 0 1 0
6 53 0 1 0 0 0 0 1 0 0 0 0 1 0
6 54 0 1 0 0 0 0 1 0 0 0 0 1 0
6 55 0 1 0 0 0 0 1 0 0 0 0 1 0
6 56 0 1 0 0 0 0 1 0 0 0 0 1 0
6 57 0 1 0 0 0 0 1 0 0 0 0 1 0
6 58 0 1 0 0 0 0 1 0 0 0 0 1 0
6 59 0 1 0 0 0 0 1 0 0 0 0 1 0
6 60 0 1 0 0 0 0 1 0 0 0 0 1 0
6 61 0 1 0 0 0 0 1 0 0 0 0 1 0
6 62 0 1 0 0 0 0 1 0 0 0 0 1 0
6 63 0 1 0 0 0 0 1 0 0 0 0 1 0
6 64 0 1 0 0 0 0 1 0 0 0 0 1 0
6 65 0 1 0 0 0 0 1 0 0 0 0 1 0
6 66 0 1 0 0 0 0 1 0 0 0 0 1 0
6 67 0 1 0 0 0 0 1 0 0 0 0 1 0
6 68 0 1 0 0 0 0 1 0 0 0 0 1 0
6 69 0 1 0 0 0 0 1 0 0 0 0 1 0
6 70 0 1 0 0 0 0 1 0 0 0 0 1 0
6 71 0 1 0 0 0 0 1 0 0 0 0 1 0
6 72 0 1 0 0 0 0 1 0 0 0 0 1 0
6 73 0 1 0 0 0 0 1 0 0 0 0 1 0
6 74 0 1 0 0 0 0 1 0 0 0 0 1 0
6 75 0 1 0 0 0 0 1 0 0 0 0 1 0
6 76 0 1 0 0 0 0 1 0 0 0 0 1 0
6 77 0 1 0 0 0 0 1 0 0 0 0 1 0
6 78 0 1 0 0 0 0 1 0 0 0 0 1 0
6 79 0 1 0 0 0 0 1 0 0 0 0 1 0
6 80 0 1 0 0 0 0 1 0 0 0 0 1 0
6 81 0 1 0 0 0 0 1 0 0 0 0 1 0
6 82 0 1 0 0 0 0 1 0 0 0 0 1 0
6 83 0 1 0 0 0 0 1 0 0 0 0 1 0
6 84 0 1 0 0 0 0 1 0 0 0 0 1 0
6 85 0 1 0 0 0 0 1 0 0 0 0 1 0
6 86 0 1 0 0 0 0 1 0 0 0 0 1 0
6 87 0 1 0 0 0 0 1 0 0 0 0 1 0
6 88 0 1 0 0 0 0 1 0 0 0 0 1 0
6 89 0 1 0 0 0 0 1 0 0 0 0 1 0
6 90 0 1 0 0 0 0 1 0 0 0 0 1 0
6 91 0 1 0 0 0 0 1 0 0 0 0 1 0
6 92 0 1 0 0 0 0 1 0 0 0 0 1 0
6 93 0 1 0 0 0 0 1 0 0 0 0 1 0
6 94 0 1 0 0 0 0 1 0 0 0 0 1 0
6 95 0 1 0 0 0 0 1 0 0 0 0 1 0
6 96 0 1 0 0 0 0 1 0 0 0 0 1 0
6 97 0 1 0 0 0 0 1 0 0 0 0 1 0
6 98 25 0.740245 -0.670617 -0.0480692 -0.128241 -0.232048 -0.187729 -0.954417 0.78317 0.631024 0.717657 -0.29458 0.60844
6 99 20 0.993353 0.0443603 -0.106213 -0.173042 0.0117896 0.878688 0.477252 -0.851339 0.114499 -0.475332 0.872324 -0.495255
6 100 0 1 0 0 0 0 1 0 0 0 0 1 0
6 101 0 1 0 0 0 0 1 0 0 0 0 1 0
6 102 0 1 0 0 0 0 1 0 0 0 0 1 0
6 103 0 1 0 0 0 0 1 0 0 0 0 1 0
6 104 0 1 0 0 0 0 1 0 0 0 0 1 0
6 105 0 1 0 0 0 0 1 0 0 0 0 1 0
6 106 0 1 0 0 0 0 1 0 0 0 0 1 0
6 107 0 1 0 0 0 0 1 0 0 0 0 1 0
6 108 0 1 0 0 0 0 1 0 0 0 0 1 0
6 109 0 1 0 0 0 0 1 0 0 0 0 1 0
6 110 0 1 0 0 0 0 1 0 0 0 0 1 0
6 111 0 1 0 0 0 0 1 0 0 0 0 1 0
6 112 0 1 0 0 0 0 1 0 0 0 0 1 0
6 113 0 1 0 0 0 0 1 0 0 0 0 1 0
6 114 0 1 0 0 0 0 1 0 0 0 0 1 0
6 115 0 1 0 0 0 0 1 0 0 0 0 1 0
6 116 0 1 0 0 0 0 1 0 0 0 0 1 0
6 117 0 1 0 0 0 0 1 0 0 0 0 1 0
6 118 0 1 0 0 0 0 1 0 0 0 0 1 0
6 119 0 1 0 0 0 0 1 0 0 0 0 1 0
6 120 0 1 0 0 0 0 1 0 0 0 0 1 0
6 121 0 1 0 0 0 0 1 0 0 0 0 1 0
6 122 0 1 0 0 0 0 1 0 0 0 0 1 0
6 123 0 1 0 0 0 0 1 0 0 0 0 1 0
6 124 0 1 0 0 0 0 1 0 0 0 0 1 0
6 125 0 1 0 0 0 0 1 0 0 0 0 1 0
6 126 0 1 0 0 0 0 1 0 0 0 0 1 0
6 127 0 1 0 0 0 0 1 0 0 0 0 1 0
6 128 0 1 0 0 0 0 1 0 0 0 0 1 0
6 129 0 1 0 0 0 0 1 0 0 0 0 1 0
6 130 0 1 0 0 0 0 1 0 0 0 0 1 0
6 131 0 1 0 0 0 0 1 0 0 0 0 1 0
6 132 0 1 0 0 0 0 1 0 0 0 0 1 0
6 133 0 1 0 0 0 0 1 0 0 0 0 1 0
6 134 0 1 0 0 0 0 1 0 0 0 0 1 0
6 135 0 1 0 0 0 0 1 0 0 0 0 1 0
6 136 0 1 0 0 0 0 1 0 0 0 0 1 0
6 137 0 1 0 0 0 0 1 0 0 0 0 1 0
6 138 0 1 0 0 0 0 1 0 0 0 0 1 0
6 139 0 1 0 0 0 0 1 0 0 0 0 1 0
6 140 0 1 0 0 0 0 1 0 0 0 0 1 0
6 141 0 1 0 0 0 0 1 0 0 0 0 1 0
6 142 0 1 0 0 0 0 1 0 0 0 0 1 0
6 143 0 1 0 0 0 0 1 0 0 0 0 1 0
6 144 0 1 0 0 0 0 1 0 0 0 0 1 0
6 145 0 1 0 0 0 0 1 0 0 0 0 1 0
6 146 0 1 0 0 0 0 1 0 0 0 0 1 0
6 147 0 1 0 0 0 0 1 0 0 0 0 1 0
6 148 0 1 0 0 0 0 1 0 0 0 0 1 0
6 149 0 1 0 0 0 0 1 0 0 0 0 1 0
6 150 0 1 0 0 0 0 1 0 0 0 0 1 0
6 151 0 1 0 0 0 0 1 0 0 0 0 1 0
6 152 0 1 0 0 0 0 1 0 0 0 0 1 0
6 153 0 1 0 0 0 0 1 0 0 0 0 1 0
6 154 0 1 0 0 0 0 1 0 0 0 0 1 0
6 155 0 1 0 0 0 0 1 0 0 0 0 1 0
6 156 0 1 0 0 0 0 1 0 0 0 0 1 0
6 157 0 1 0 0 0 0 1 0 0 0 0 1 0
6 158 0 1 0 0 0 0 1 0 0 0 0 1 0
6 159 0 1 0 0 0 0 1 0 0 0 0 1 0
6 160 0 1 0 0 0 0 1 0 0 0 0 1 0
7 8 18 0.989761 0.0223985 -0.140964 0.997883 -0.0216763 0.999743 0.00665678 0.0580698 0.141077 -0.00353304 0.989992 0.0292947
7 9 46 0.969367 0.0372874 -0.242769 0.993724 -0.0328169 0.99921 0.0224338 -0.0834196 0.243414 -0.0137796 0.969825 0.0745281
7 10 0 1 0 0 0 0 1 0 0 0 0 1 0
7 11 0 1 0 0 0 0 1 0 0 0 0 1 0
7 12 0 1 0 0 0 0 1 0 0 0 0 1 0
7 13 0 1 0 0 0 0 1 0 0 0 0 1 0
7 14 0 1 0 0 0 0 1 0 0 0 0 1 0
7 15 0 1 0 0 0 0 1 0 0 0 0 1 0
7 16 0 1 0 0 0 0 1 0 0 0 0 1 0
7 17 0 1 0 0 0 0 1 0 0 0 0 1 0
7 18 0 1 0 0 0 0 1 0 0 0 0 1 0
7 19 0 1 0 0 0 0 1 0 0 0 0 1 0
7 20 0 1 0 0 0 0 1 0 0 0 0 1 0
7 21 12 -0.833492 -0.5408 0.113253 0.20999 0.534247 -0.841092 -0.0845237 0.134846 0.140967 -0.00994488 0.989964 0.96836
7 22 0 1 0 0 0 0 1 0 0 0 0 1 0
7 23 0 1 0 0 0 0 1 0 0 0 0 1 0
7 24 0 1 0 0 0 0 1 0 0 0 0 1 0
7 25 0 1 0 0 0 0 1 0 0 0 0 1 0
7 26 0 1 0 0 0 0 1 0 0 0 0 1 0
7 27 0 1 0 0 0 0 1 0 0 0 0 1 0
7 28 0 1 0 0 0 0 1 0 0 0 0 1 0
7 29 0 1 0 0 0 0 1 0 0 0 0 1 0
7 30 0 1 0 0 0 0 1 0 0 0 0 1 0
7 31 0 1 0 0 0 0 1 0 0 0 0 1 0
7 32 0 1 0 0 0 0 1 0 0 0 0 1 0
7 33 0 1 0 0 0 0 1 0 0 0 0 1 0
7 34 0 1 0 0 0 0 1 0 0 0 0 1 0
7 35 0 1 0 0 0 0 1 0 0 0 0 1 0
7 36 0 1 0 0 0 0 1 0 0 0 0 1 0
7 37 0 1 0 0 0 0 1 0 0 0 0 1 0
7 38 0 1 0 0 0 0 1 0 0 0 0 1 0
7 39 0 1 0 0 0 0 1 0 0 0 0 1 0
7 40 0 1 0 0 0 0 1 0 0 0 0 1 0
7 41 0 1 0 0 0 0 1 0 0 0 0 1 0
7 42 0 1 0 0 0 0 1 0 0 0 0 1 0
7 43 0 1 0 0 0 0 1 0 0 0 0 1 0
7 44 0 1 0 0 0 0 1 0 0 0 0 1 0
