0 1 147 0.981811 0.0754667 -0.174217 0.756621 -0.0734036 0.997135 0.0182645 0.185684 0.175097 -0.00514414 0.984538 -0.626934
0 2 72 0.732568 0.147356 0.664553 -0.904781 -0.119509 0.988965 -0.0875502 0.12382 -0.670121 -0.0152836 0.742095 0.40748
0 3 42 0.409529 0.757298 0.50871 -0.419549 -0.733504 -0.0582331 0.677185 -0.803723 0.542455 -0.650469 0.531633 -0.42191
0 4 12 0.947331 -0.297861 -0.117658 0.0421422 0.320238 0.877073 0.358036 0.0460747 -0.00345025 -0.376857 0.926265 -0.998049
0 5 39 -0.319698 -0.165818 -0.932897 0.0386603 -0.538932 -0.777973 0.322969 -0.436584 -0.779324 0.606021 0.159352 0.898833
0 6 24 0.884528 0.26195 0.385995 -0.10373 0.0329719 0.790275 -0.611864 -0.168131 -0.46532 0.553938 0.690384 0.980292
0 7 14 0.537936 -0.828646 0.154825 0.185506 0.817196 0.55769 0.145507 0.182558 -0.206919 0.0482493 0.977168 0.965536
0 8 33 -0.357894 0.841053 -0.405638 0.343856 0.918179 0.396013 0.0109884 0.200631 0.16988 -0.368516 -0.913968 0.917339
0 9 35 0.983628 0.135384 0.118938 0.138523 -0.158773 0.96326 0.216615 -0.465088 -0.0852423 -0.231953 0.968985 -0.87436
0 10 36 0.722428 -0.678347 -0.133953 -0.0748414 -0.54033 -0.674726 0.50278 -0.361818 -0.431441 -0.290844 -0.853972 0.92924
0 11 14 0.769 -0.638454 -0.0318653 -0.233821 0.606012 0.743974 -0.281517 0.264363 0.203443 0.197176 0.959027 -0.93565
0 12 18 0.923431 0.312412 0.222875 0.0762274 -0.382652 0.793743 0.472811 0.167584 -0.0291937 -0.521892 0.852512 0.982906
0 13 19 0.105436 0.936658 0.333999 -0.0484946 0.994424 -0.0999235 -0.0336951 -0.0215439 0.0018136 0.33569 -0.941971 0.998591
0 14 22 0.519213 0.779689 -0.350004 0.2236 0.785712 -0.596604 -0.163464 0.0612635 -0.336265 -0.190129 -0.922376 0.972754
0 15 26 0.196989 0.117928 -0.973287 0.187615 0.844024 0.484694 0.229554 0.339043 0.498817 -0.866698 -0.00405487 0.921873
0 16 35 -0.714793 -0.591628 0.372891 -0.148201 -0.570954 0.801596 0.177353 -0.0383914 -0.403835 -0.0861326 -0.910768 0.988212
0 17 17 0.62405 -0.733858 -0.268355 -0.153881 0.781318 0.590513 0.20208 -0.023678 0.0101692 -0.335778 0.941886 -0.987806
0 18 17 0.793507 0.60278 -0.083681 -0.156591 -0.488878 0.549508 -0.677524 0.635818 -0.362414 0.57853 0.730725 -0.755788
0 19 40 0.949126 0.170851 -0.264519 -0.0178621 0.307425 -0.684643 0.660874 -0.405047 -0.0681899 -0.708572 -0.702336 0.914121
0 20 17 -0.424027 -0.684385 0.593142 0.00554087 0.886224 -0.448479 0.116077 -0.343572 0.18657 0.574877 0.796686 0.93911
0 21 16 -0.344144 0.724428 0.597301 -0.0691397 -0.938374 -0.243742 -0.24504 -0.163683 -0.0319262 -0.644821 0.763667 0.984087
0 22 17 -0.54184 -0.779225 -0.31499 -0.258634 0.817042 -0.400446 -0.414832 0.00736087 0.197111 -0.482132 0.853637 0.965947
0 23 20 -0.344056 0.696835 0.629322 0.129091 -0.936917 -0.210713 -0.278902 0.0044892 -0.0617424 -0.68558 0.725374 0.991623
0 24 27 -0.934709 0.0810492 0.346048 0.0308216 0.162596 0.963302 0.213569 -0.0292742 -0.31604 0.255891 -0.913586 0.999096
0 25 20 -0.512818 0.797038 0.31898 -0.381789 -0.856989 -0.497284 -0.135198 0.306066 0.0508656 -0.342694 0.938069 -0.872101
0 26 20 0.840193 0.490414 0.231452 0.020344 -0.489558 0.869525 -0.0652578 -0.00451276 -0.233257 -0.0584803 0.970655 0.999783
0 27 15 0.451635 0.744195 0.492137 0.289855 -0.846437 0.531785 -0.0273736 -0.277195 -0.282083 -0.4042 0.870087 0.91605
0 28 58 0.775784 0.628439 -0.0567846 0.0647924 0.531102 -0.698908 -0.479018 0.184778 -0.340721 0.341456 -0.875966 0.980642
0 29 27 0.872599 0.41537 -0.256979 0.102807 0.484094 -0.805467 0.341871 -0.334732 -0.0649851 -0.422718 -0.903928 0.936689
0 30 24 0.04062 0.959461 -0.278898 0.37356 0.988919 0.00128386 0.148448 -0.0375657 0.142788 -0.281837 -0.948778 0.926845
0 31 34 0.58365 0.629113 0.51339 -0.392069 0.80749 -0.516258 -0.285372 -0.20462 0.0855104 0.581115 -0.809317 0.896891
0 32 31 0.823597 -0.565226 0.0469729 0.684464 0.482594 0.654858 -0.581605 -0.0301308 0.297978 0.501677 0.812114 0.728424
0 33 15 0.837063 0.544926 0.0487949 0.100787 -0.538851 0.836582 -0.0988416 0.319282 -0.0946823 0.0564435 0.993906 -0.942285
0 34 29 -0.937311 0.316694 0.14544 0.076511 0.246355 0.897321 -0.36623 0.491603 -0.246489 -0.307441 -0.919088 0.867452
0 35 25 0.837464 -0.527921 -0.141257 0.256421 0.508578 0.658279 0.554994 -0.337406 -0.200006 -0.536627 0.819774 0.905762
0 36 30 0.958526 -0.20494 0.19806 -0.437702 0.146728 0.950607 0.273525 -0.34982 -0.244333 -0.23312 0.941252 -0.828277
0 37 21 -0.45353 0.82976 0.325282 0.273273 0.0925476 -0.319157 0.943172 -0.0259589 0.886423 0.457861 0.0679549 0.961586
0 38 16 0.993701 -0.0626769 0.0928987 -0.106192 0.0552515 0.995226 0.0804559 0.0305567 -0.0974979 -0.0748163 0.99242 0.993876
0 39 14 0.975352 0.176758 -0.132081 -0.0248965 -0.186863 0.980002 -0.0683964 0.0971978 0.11735 0.0913916 0.988876 -0.994954
0 40 35 -0.90442 -0.318951 -0.283362 0.330597 -0.375838 0.909943 0.175356 -0.152209 0.201914 0.265094 -0.942845 0.931417
0 41 39 0.92674 -0.375378 0.0156227 -0.284544 -0.372776 -0.923906 -0.086227 -0.102829 0.0468016 0.0740862 -0.996153 0.953132
0 42 56 0.849994 -0.465732 0.246179 -0.647102 0.443427 0.88484 0.142936 -0.155868 -0.284399 -0.0123323 0.958627 0.746301
0 43 32 -0.769154 0.270775 0.578863 -0.592682 0.23369 0.962238 -0.139596 -0.0322015 -0.594803 0.0279034 -0.803387 0.804793
0 44 34 -0.525992 0.839059 -0.138967 0.301293 0.842779 0.536171 0.0473766 -0.10907 0.114262 -0.0921985 -0.989163 0.947273
0 45 72 0.759237 -0.263636 0.595025 -0.881669 0.329957 0.943992 -0.00276413 0.05496 -0.56097 0.198431 0.803702 0.468657
0 46 81 0.781521 -0.19697 0.591969 -0.906247 0.335375 0.932734 -0.132408 0.158375 -0.526069 0.302011 0.79501 0.391961
0 47 40 0.915259 -0.16782 -0.366249 0.733936 0.200361 0.978319 0.0524254 -0.0497806 0.34951 -0.121365 0.929039 -0.677392
0 48 24 0.400251 -0.842834 -0.359765 0.423335 0.902458 0.430747 -0.00510907 0.312844 0.159274 -0.322628 0.933029 -0.850245
0 49 40 0.9427 -0.228522 0.243093 -0.424596 0.242525 0.969714 -0.0289086 0.246601 -0.229125 0.0862084 0.969572 0.871152
0 50 46 0.842367 -0.326424 -0.428795 0.316772 -0.179795 -0.92032 0.347396 -0.254936 -0.508028 -0.21554 -0.833937 0.913599
0 51 27 -0.886141 -0.457886 -0.0713833 0.217473 -0.43498 0.874966 -0.212667 0.128213 0.159835 -0.157402 -0.974514 0.967609
0 52 15 -0.854786 -0.0924907 0.510673 0.207204 -0.0739541 -0.952242 -0.296253 0.151841 0.513685 -0.290999 0.807123 0.966442
0 53 24 -0.799061 -0.375101 -0.469894 0.205805 -0.259347 0.920115 -0.293474 -0.00392311 0.542439 -0.112638 -0.83251 0.978585
0 54 29 -0.244766 0.966456 -0.0777958 -0.0203848 0.927521 0.256769 0.271614 -0.0687293 0.282478 -0.00567535 -0.959257 0.997427
0 55 16 0.959376 0.156309 0.234874 -0.379407 -0.160549 0.987027 -0.00108437 0.392714 -0.231996 -0.0366685 0.972025 -0.837751
0 56 26 -0.557049 -0.616075 0.55691 -0.357958 -0.425183 0.787602 0.445986 -0.188672 -0.713383 0.0116478 -0.700677 0.914477
0 57 24 0.9869 -0.0486787 -0.153812 0.222763 0.0510331 0.998632 0.0113939 0.185902 0.153047 -0.0190942 0.988034 -0.956983
0 58 35 0.43977 -0.880894 -0.175008 -0.325247 -0.895782 -0.444244 -0.0148874 -0.0119271 -0.0646322 0.163316 -0.984454 0.945554
0 59 20 -0.474023 -0.853335 0.217075 -0.222753 -0.858421 0.502743 0.101797 -0.0754866 -0.196 -0.138088 -0.970833 0.971948
0 60 18 0.822832 0.524689 0.218286 -0.325866 -0.4889 0.849395 -0.198757 0.387529 -0.289697 0.056823 0.95543 -0.862341
0 61 28 -0.953476 -0.27818 0.116183 -0.0731806 -0.186742 0.847549 0.496778 -0.103944 -0.236664 0.45197 -0.860066 0.991887
0 62 25 0.743901 -0.380911 -0.549106 0.281476 -0.490025 -0.869598 -0.0606262 0.0821359 -0.454408 0.314175 -0.833551 0.956046
0 63 35 0.767307 0.640392 -0.0337248 0.0543038 0.472022 -0.599604 -0.646275 0.292059 -0.434091 0.479972 -0.762359 0.954857
0 64 36 -0.566268 0.341091 -0.750331 0.129799 0.378722 0.916237 0.130691 -0.419296 0.732059 -0.210161 -0.648014 0.898523
0 65 34 -0.271204 0.857121 0.437942 -0.269575 -0.960504 -0.211555 -0.180764 0.237409 -0.0622882 -0.469669 0.880642 0.933256
0 66 24 0.527601 0.841908 -0.113262 0.0979856 0.848811 -0.517133 0.10997 -0.2166 0.0340126 -0.154159 -0.987461 0.971331
0 67 19 -0.985645 0.1623 0.0465038 -0.049914 -0.163459 -0.986299 -0.0222793 0.313909 0.0422507 -0.029561 0.99867 0.94814
0 68 32 -0.374904 0.263288 0.88889 -0.0188005 0.896927 0.345499 0.275958 -0.0372808 -0.234454 0.900727 -0.365679 0.999128
0 69 13 0.908229 -0.36196 -0.210012 -0.120605 0.406173 0.883268 0.234226 0.165211 0.100716 -0.298032 0.949228 0.978856
0 70 15 -0.32958 0.91023 -0.250716 -0.229296 -0.933467 -0.353953 -0.0579422 0.146691 -0.141482 0.214938 0.966325 0.96224
0 71 19 0.962882 -0.269924 -0.000107685 0.000202223 0.26978 0.962355 0.0330413 0.222737 -0.00881501 -0.0318439 0.999454 0.974879
0 72 35 0.0812926 -0.656531 -0.749905 0.615225 -0.879093 0.307319 -0.36435 0.274569 0.469667 0.688855 -0.552169 0.738993
0 73 31 0.84813 -0.208136 0.48719 -0.931936 -0.0370054 0.894075 0.446386 -0.0339979 -0.528493 -0.396622 0.75059 -0.361025
0 74 18 0.511296 -0.848539 -0.136227 0.181296 0.857344 0.514592 0.0125128 0.0791421 0.059484 -0.123191 0.990599 -0.980239
0 75 44 0.927053 -0.362074 0.0973398 -0.83306 0.374545 0.906117 -0.196643 0.383465 -0.0170019 0.218757 0.975631 0.398704
0 76 19 0.933926 -0.355682 -0.035675 0.0538769 0.356372 0.934222 0.0151084 0.03359 0.0279546 -0.0268237 0.999249 0.997982
0 77 25 0.963833 0.196353 -0.180198 0.298154 -0.196193 0.980383 0.0188911 0.285288 0.180372 0.0171458 0.983449 -0.910887
0 78 18 0.969559 0.164479 0.181387 0.109309 -0.171521 0.984894 0.0237365 0.0429942 -0.174743 -0.0541257 0.983125 0.993078
0 79 11 -0.707508 -0.662043 0.247247 0.176314 0.597844 -0.74726 -0.290146 -0.120425 0.376847 -0.0574653 0.924491 0.97694
0 80 23 0.996084 -0.00960514 0.0878906 -0.0208364 0.0196411 -0.945202 -0.325894 0.118939 0.0862046 0.326344 -0.941312 0.992683
0 81 13 0.716114 -0.697362 0.0294441 -0.0680367 0.694448 0.716093 0.0703809 -0.247174 -0.0701657 -0.0299534 0.997086 0.966579
0 82 30 0.503028 0.607419 0.614821 -0.505069 0.860925 -0.289642 -0.418228 0.236604 -0.075962 0.739695 -0.668641 0.830015
0 83 14 0.674595 -0.736519 0.049608 -0.00690347 0.677931 0.644722 0.353192 -0.0850632 -0.292116 -0.204631 0.934235 -0.996352
0 84 29 -0.145587 0.949159 0.27911 -0.253422 0.862886 -0.0161877 0.505139 -0.284188 0.483975 0.314382 -0.816659 0.92467
0 85 36 0.878496 -0.321087 0.353762 -0.570263 0.376812 0.920886 -0.0999078 -0.530751 -0.293696 0.221071 0.929984 0.626979
0 86 48 0.799525 -0.441817 0.406888 -0.959604 0.267531 0.868478 0.41734 -0.222652 -0.537761 -0.224818 0.81257 0.172009
0 87 59 0.859601 -0.344945 0.376961 -0.795409 0.318577 0.938602 0.13242 -0.114874 -0.399494 0.0062623 0.916715 -0.595087
0 88 85 0.956283 -0.231659 0.178485 -0.569244 0.230153 0.97271 0.0293897 0.10811 -0.180423 0.0129741 0.983504 -0.81503
0 89 121 0.991489 -0.0442683 0.122429 -0.309466 0.0527058 0.996389 -0.0665592 0.149115 -0.119041 0.0724455 0.990243 -0.939146
0 90 86 0.99863 0.0163047 -0.0497219 0.12034 -0.0294674 0.960451 -0.276885 0.304263 0.043241 0.277971 0.959616 -0.944956
0 91 68 0.998252 0.0367657 0.0462785 0.0302132 -0.00968949 0.87419 -0.485488 0.729142 -0.0583055 0.484191 0.873018 -0.683695
0 92 41 0.993701 0.0570035 0.0964823 -0.171019 0.00324979 0.84594 -0.533268 0.9828 -0.112016 0.530222 0.840427 -0.0696902
0 93 33 0.671818 -0.685435 0.280784 -0.161477 -0.436791 -0.672745 -0.597184 -0.0205434 0.598226 0.278555 -0.751354 0.986663
0 94 68 0.963637 -0.197805 0.17966 -0.469002 0.261725 0.834266 -0.485283 0.769646 -0.0538931 0.514658 0.8557 -0.433222
0 95 50 0.940899 -0.0622758 -0.332912 0.475141 0.00600151 0.985861 -0.167457 0.528066 0.338634 0.155562 0.92797 0.703837
0 96 29 0.981768 -0.00688964 0.189956 -0.283578 -0.0251167 0.985878 0.165571 -0.186671 -0.188414 -0.167323 0.967731 -0.940605
0 97 16 0.993457 0.0142271 -0.113318 -0.0859897 0.0175979 0.961292 0.274971 -0.0750368 0.112844 -0.275166 0.954751 -0.993466
0 98 26 0.946923 0.282038 0.154245 -0.191216 -0.259672 0.953951 -0.150158 0.391021 -0.189493 0.102135 0.976556 -0.9003
0 99 39 0.29786 -0.696032 -0.653314 -0.0910689 -0.570082 0.419244 -0.70657 -0.0427916 0.765693 0.582901 -0.271919 0.994925
0 100 37 0.170702 -0.19564 0.965705 -0.960393 -0.920439 -0.381438 0.0854255 0.066844 0.351644 -0.903454 -0.245187 0.270511
0 101 15 0.889217 0.186677 -0.417665 0.395602 -0.154294 0.981844 0.110345 -0.148552 0.430681 -0.0336775 0.901876 -0.906328
0 102 23 0.180778 -0.949674 -0.255809 0.332455 0.92619 0.251886 -0.28058 -0.226765 0.330894 -0.186205 0.925114 -0.915452
0 103 17 -0.759753 0.603975 -0.240809 0.35786 -0.591359 -0.795818 -0.130257 0.302226 -0.270313 0.0434417 0.961792 -0.883513
0 104 28 0.146888 0.929351 -0.338719 0.449081 -0.986942 0.160582 0.0125989 -0.170252 0.0661009 0.332445 0.940803 -0.87712
0 105 21 -0.38844 0.907963 0.157214 0.210718 -0.921209 -0.386726 -0.0426299 -0.10674 0.0220925 -0.161387 0.986644 0.971702
0 106 24 -0.578303 0.653366 -0.488547 0.374051 0.789768 0.598485 -0.134471 -0.00570784 0.20453 -0.463604 -0.862113 0.927391
0 107 30 0.7568 -0.204376 -0.620874 0.435114 -0.531853 -0.744717 -0.403149 -0.164399 -0.379981 0.635317 -0.6723 0.885239
0 108 21 0.924469 0.190136 0.330462 -0.379938 -0.188767 0.981341 -0.0365528 0.380385 -0.331246 -0.0285884 0.943111 -0.843181
0 109 14 0.356299 -0.907593 -0.222093 0.0617281 0.887212 0.40318 -0.224276 -0.308741 0.293095 -0.117134 0.948881 0.949141
0 110 44 -0.411588 0.808186 -0.421225 0.469902 0.471501 0.584356 0.660466 -0.438397 0.779925 0.0732317 -0.621574 0.766159
0 111 45 0.741079 -0.669509 -0.0505869 0.0863355 -0.618736 -0.710246 0.335734 -0.261257 -0.260706 -0.217505 -0.940598 0.961401
0 112 12 -0.326768 -0.869302 -0.370861 0.210305 0.932356 -0.23227 -0.277062 -0.204612 0.15471 -0.436309 0.886397 0.955984
0 113 11 0.894585 0.332505 0.298595 -0.323662 -0.383638 0.914075 0.131488 0.199826 -0.229217 -0.23218 0.945279 -0.924831
0 114 18 0.146342 0.380613 0.913081 0.34486 -0.970473 0.234151 0.0579359 -0.185413 -0.191747 -0.894599 0.403641 0.92016
0 115 37 0.743574 -0.0634035 -0.665641 0.408741 -0.166901 -0.981583 -0.0929438 0.0054085 -0.647489 0.180207 -0.740461 0.912634
0 116 14 0.675861 -0.0635439 0.734284 0.40863 -0.189451 0.947822 0.256401 0.25042 -0.712264 -0.312403 0.628558 0.877674
0 117 23 -0.271859 -0.113249 -0.95565 0.260532 0.397116 0.891355 -0.218599 -0.374306 0.87658 -0.438932 -0.19735 0.889954
0 118 23 0.194204 -0.973337 -0.122069 -0.0396625 -0.980278 -0.197205 0.0128844 -0.121538 -0.0366135 0.11716 -0.992438 0.991794
0 119 14 -0.879024 0.361795 -0.310518 0.37784 -0.109646 -0.787228 -0.606836 0.229329 -0.463999 -0.499376 0.731662 -0.89702
0 120 45 -0.854281 -0.492645 0.165846 -0.132998 -0.386496 0.815337 0.431098 -0.118728 -0.347599 0.30418 -0.886933 0.983979
0 121 34 -0.532229 0.526763 -0.662761 0.431398 -0.0551096 0.759633 0.648013 -0.436792 0.844805 0.381416 -0.375269 0.789372
0 122 20 0.857812 0.498753 0.124111 0.130196 -0.421467 0.820819 -0.385516 0.554725 -0.29415 0.278392 0.914316 -0.821784
0 123 21 0.888814 -0.458149 0.0104107 -0.220864 0.445513 0.858532 -0.253854 0.222305 0.107365 0.230267 0.967187 -0.949631
0 124 31 0.600495 -0.794169 0.0932824 0.0202006 -0.741155 -0.596572 -0.307882 -0.0812737 0.30016 0.115745 -0.946841 0.996487
0 125 23 0.0643931 0.969918 0.234759 -0.0194826 0.985142 -0.0242516 -0.170022 -0.0760742 -0.159215 0.242219 -0.957069 0.996912
0 126 36 0.97459 0.189077 -0.120104 -0.00788606 -0.192222 0.981236 -0.0150634 -0.154088 0.115002 0.0377673 0.992647 -0.988026
0 127 36 0.93967 -0.0744453 -0.333882 0.425987 0.0853747 0.996183 0.0181588 0.0705977 0.331256 -0.0455684 0.94244 -0.90197
0 128 43 0.992984 0.11656 -0.0199352 -0.171841 -0.114094 0.988665 0.0975952 0.249445 0.031085 -0.0946359 0.995027 -0.95302
0 129 44 0.98119 0.0663552 0.18128 -0.701268 -0.0978493 0.980446 0.170736 0.639583 -0.166406 -0.185263 0.968497 -0.314892
0 130 36 -0.70171 0.707824 -0.0811703 -0.27346 -0.177283 -0.283816 -0.942348 -0.0683416 -0.690054 -0.646864 0.324641 0.959453
0 131 23 0.297769 -0.949812 -0.0958667 -0.00382371 0.868675 0.311233 -0.385407 0.122721 0.395901 0.0314854 0.917753 0.992434
0 132 15 0.889491 -0.228599 -0.395663 0.471884 0.344312 0.904563 0.251426 -0.122407 0.300426 -0.359873 0.88331 -0.873122
0 133 46 0.811945 -0.193553 0.550711 -0.749989 -0.160251 0.833272 0.529129 -0.426414 -0.561306 -0.517876 0.645554 -0.505655
0 134 44 0.817487 -0.413194 -0.401229 0.171145 -0.426757 -0.902387 0.059797 -0.0954353 -0.386772 0.122344 -0.914024 0.980613
0 135 21 -0.491167 -0.550261 -0.675253 0.627593 0.866864 -0.384826 -0.316948 -0.187027 -0.0854505 -0.741027 0.666016 -0.755743
0 136 14 0.501079 0.8654 0.00155113 -0.00757689 -0.852073 0.493674 -0.173946 0.0413301 -0.151299 0.085839 0.984754 -0.999117
0 137 45 0.986915 0.156896 0.0371953 -0.281657 -0.159079 0.909727 0.383523 -0.525092 0.0263355 -0.384422 0.922782 -0.803086
0 138 38 -0.737274 0.46441 0.490663 -0.225432 0.467685 0.874956 -0.125394 0.159863 -0.487543 0.137026 -0.86228 0.961054
0 139 46 0.106492 -0.368936 -0.923334 0.797473 -0.63811 0.686802 -0.348021 0.465808 0.762545 0.62625 -0.162283 0.383484
0 140 80 0.999491 0.0155523 -0.0278445 -0.678714 -0.0121464 0.992872 0.118563 -0.472483 0.0294899 -0.118164 0.992556 -0.562234
0 141 118 0.996434 -0.0330148 0.0776544 -0.965621 0.0209258 0.988216 0.151629 0.190352 -0.0817454 -0.149463 0.985382 -0.17704
0 142 84 0.902156 -0.0428212 0.429279 -0.734779 0.119372 0.980988 -0.153012 0.316123 -0.414566 0.189285 0.890116 0.600138
0 143 50 0.893743 -0.233119 0.383248 -0.624372 0.246763 0.968976 0.0139429 0.219291 -0.374608 0.0821101 0.92354 0.749714
0 144 14 -0.202523 -0.975168 0.0896242 -0.106493 0.978965 -0.203919 -0.00660491 -0.106305 0.024717 0.0864014 0.995954 0.988614
0 145 22 -0.229451 -0.932501 -0.278916 0.238525 0.97332 -0.219712 -0.06614 -0.0809967 0.000394387 -0.286651 0.958035 -0.967753
0 146 37 -0.410243 0.911926 0.00960129 0.0590527 0.809623 0.359334 0.464101 -0.254373 0.419775 0.198167 -0.88573 0.965302
0 147 15 0.971917 0.2038 -0.117653 -0.0524579 -0.133478 0.889194 0.437628 -0.352152 0.193805 -0.409634 0.891426 -0.934472
0 148 34 0.615452 0.519714 -0.59255 0.226837 0.658439 -0.752248 0.0241057 -0.155491 -0.433217 -0.404994 -0.805173 0.96144
0 149 31 -0.966919 0.22532 -0.119574 0.32493 0.237104 0.966773 -0.095564 0.0988189 0.0940684 -0.120754 -0.988215 0.940561
0 150 15 0.990332 -0.100137 -0.0959998 0.249894 0.115016 0.979621 0.164663 0.179048 0.0775545 -0.174113 0.981667 0.951575
0 151 36 0.609775 0.549624 -0.571042 0.225593 -0.0723736 -0.678866 -0.730687 0.138562 -0.789263 0.486883 -0.374177 0.964318
0 152 25 -0.284835 0.539946 0.79204 -0.656226 -0.809911 0.306419 -0.500152 0.661422 -0.512751 -0.783943 0.350029 -0.363165
0 153 34 -0.217222 -0.736462 -0.640654 0.362953 -0.960717 0.277445 0.00680828 -0.0635673 0.172732 0.616966 -0.767799 0.929637
0 154 12 0.963439 0.183401 0.195319 0.367213 -0.20784 0.971631 0.112854 -0.199622 -0.16908 -0.149323 0.974225 0.908463
0 155 24 -0.504439 0.274841 0.818537 -0.698331 -0.771729 0.281673 -0.570171 0.71525 -0.387266 -0.919306 0.0700156 -0.0274099
0 156 24 0.828003 -0.460056 0.320562 0.260761 0.558541 0.727099 -0.399197 0.0746345 -0.0494273 0.509583 0.859 0.962514
0 157 32 0.000971963 -0.920411 -0.390952 0.245935 -0.995166 -0.0392846 0.0900129 0.0414087 -0.0982072 0.388974 -0.915999 0.968401
0 158 30 0.348942 -0.592763 -0.725859 0.366523 -0.699963 -0.679866 0.21871 -0.247095 -0.62313 0.431757 -0.652146 0.896998
0 159 27 0.569497 -0.802881 0.176225 -0.307419 0.795408 0.592348 0.12826 -0.260455 -0.207364 0.0671277 0.975958 -0.915236
0 160 16 -0.473689 0.767246 0.43238 0.304623 -0.859106 -0.510588 -0.0351606 0.146666 0.193791 -0.388116 0.901006 0.941113
1 2 116 0.966836 0.0614016 -0.247908 0.991453 -0.0795155 0.994795 -0.0637189 0.128666 0.242705 0.0813183 0.966686 -0.0215964
1 3 14 0.919784 -0.353763 0.169848 -0.256631 0.351122 0.935181 0.0463694 -0.0804877 -0.175242 0.0169874 0.984379 -0.963152
1 4 17 0.779802 0.430993 0.454041 0.0604444 -0.624518 0.585877 0.516454 0.195733 -0.0434242 -0.686289 0.726032 0.978793
1 5 19 -0.444783 0.865585 -0.230067 0.12683 0.874726 0.475006 0.0960351 -0.130953 0.19241 -0.158531 -0.968425 0.983242
1 6 29 -0.999222 -0.0244901 0.0309208 0.072844 -0.0127776 0.942608 0.333656 -0.166682 -0.0373175 0.333001 -0.942188 0.983316
1 7 22 -0.188911 0.485829 0.853395 -0.737301 0.830357 0.542964 -0.125293 0.0654746 -0.524233 0.684953 -0.505983 0.672385
1 8 26 0.607113 0.624537 -0.491291 0.0917226 0.794542 -0.46872 0.386012 -0.0663678 0.0108011 -0.624704 -0.780787 0.99357
1 9 28 -0.829698 -0.439971 -0.34355 0.144395 -0.555031 0.71583 0.423708 -0.291227 0.0595043 0.542231 -0.83812 0.945694
1 10 25 -0.0198731 -0.887892 -0.459623 0.25636 -0.889628 -0.194084 0.413393 -0.23053 -0.456253 0.417109 -0.786036 0.938688
1 11 24 -0.479326 0.607203 0.63368 -0.361443 0.874311 0.39317 0.284601 -0.107526 -0.0763329 0.69045 -0.719341 0.926173
1 12 33 -0.905289 -0.305229 0.295445 -0.162321 -0.174741 0.901504 0.395925 -0.1597 -0.387193 0.3068 -0.869457 0.973729
1 13 28 -0.372692 0.229795 -0.899052 0.723208 0.0856795 0.973236 0.213239 -0.208399 0.923991 0.00244184 -0.382406 0.658438
1 14 23 -0.478601 0.620062 -0.621663 0.426301 0.767034 0.639833 0.0476668 -0.287595 0.427317 -0.454024 -0.781833 0.857646
1 15 23 -0.628499 0.60733 0.485941 -0.291856 0.721437 0.688689 0.0723555 -0.205881 -0.290719 0.396051 -0.870991 0.934041
1 16 19 0.902317 -0.407008 -0.142017 0.0470177 -0.413187 -0.910509 -0.0157837 0.107368 -0.122884 0.0729215 -0.989738 0.993107
1 17 17 0.60036 0.799712 -0.00521971 -0.0229999 -0.771385 0.577347 -0.267649 -0.189238 -0.211028 0.164712 0.963502 0.981662
1 18 44 0.899647 0.223144 0.375288 -0.701661 -0.197634 0.974561 -0.105698 -0.407265 -0.389327 0.0209215 0.920862 0.584642
1 19 25 -0.218797 -0.959103 0.179583 -0.148273 -0.954616 0.172283 -0.242954 0.158665 0.202079 -0.22459 -0.95327 0.976136
1 20 10 -0.984008 -0.0465926 -0.171922 0.0983558 0.125771 -0.86521 -0.48538 0.37033 -0.126133 -0.499241 0.857233 -0.923678
1 21 28 -0.549172 0.834556 -0.0438845 -0.0164273 0.835706 0.548261 -0.0317122 -0.185399 -0.00240546 -0.05409 -0.998533 0.982526
1 22 26 0.377222 0.740212 0.556588 -0.30539 0.903926 -0.425062 -0.0473339 -0.176668 0.201547 0.52097 -0.829439 0.935695
1 23 15 -0.208407 0.926712 0.312684 0.239662 -0.960599 -0.254059 0.112715 -0.22116 0.183894 -0.276873 0.943146 -0.945331
1 24 33 0.955528 0.209502 0.207545 -0.0362953 0.235906 -0.96534 -0.111658 0.00947801 0.176959 0.155654 -0.971832 0.999296
1 25 21 -0.988036 -0.0941836 0.122122 -0.0500545 -0.0917136 0.995454 0.0257041 0.0571004 -0.123988 0.0141963 -0.992182 0.997113
1 26 29 -0.465278 0.852655 0.23769 0.0463866 0.883827 0.462271 0.0718062 -0.0640311 -0.0486513 0.243487 -0.968683 0.996869
1 27 11 0.424913 -0.900974 0.0877211 0.153361 0.821989 0.343431 -0.454301 0.422257 0.379187 0.265144 0.886519 -0.893409
1 28 19 -0.179542 0.815163 0.550703 0.131756 -0.946467 -0.295789 0.129264 -0.297921 0.268263 -0.498013 0.824632 0.945454
1 29 34 0.0847121 0.898942 -0.4298 0.301323 0.947977 0.0601306 0.312608 -0.0976476 0.306861 -0.433922 -0.847082 0.948509
1 30 13 -0.966499 -0.00817267 -0.25654 -0.477813 0.251481 -0.23011 -0.94011 -0.0814983 -0.0513491 -0.97313 0.224456 0.874673
1 31 0 1 0 0 0 0 1 0 0 0 0 1 0
1 32 28 0.373881 0.176339 -0.910559 0.29999 -0.907183 0.273778 -0.319475 -0.195732 0.192955 0.945489 0.262332 0.933646
1 33 11 -0.511388 0.777286 0.366482 -0.238047 -0.8591 -0.452142 -0.239822 0.0353068 -0.0207082 -0.437487 0.898986 -0.970612
1 34 20 0.902798 0.0801023 -0.422539 0.324557 -0.134241 0.985898 -0.0999183 0.236445 0.408577 0.146928 0.90082 -0.915836
1 35 21 0.775102 -0.0283879 0.631198 -0.46752 -0.208936 -0.954305 0.213652 -0.165072 0.59629 -0.297482 -0.745616 0.868433
1 36 12 0.911778 -0.376471 -0.164106 0.0592409 0.355156 0.923458 -0.145223 -0.0348482 0.206217 0.0741282 0.975694 0.997635
1 37 16 0.97672 0.0660047 0.204109 -0.0133302 0.078753 -0.995377 -0.0549712 0.113708 0.199537 0.0697657 -0.977404 0.993425
1 38 17 0.762495 0.613336 -0.20596 0.199558 0.637578 -0.766421 0.0780597 -0.310351 -0.109975 -0.190836 -0.975442 0.92944
1 39 16 0.658061 -0.749057 -0.076616 -0.103904 -0.741223 -0.626538 -0.240911 0.107453 0.132453 0.215324 -0.967518 0.988766
1 40 0 1 0 0 0 0 1 0 0 0 0 1 0
1 41 29 0.367719 -0.503349 0.781935 -0.801296 0.779852 0.624953 0.0355566 -0.166894 -0.50657 0.596719 0.622345 -0.574518
1 42 17 0.768045 -0.636974 0.0661052 -0.151115 0.604386 0.686859 -0.40366 0.334959 0.211716 0.349983 0.912518 -0.930036
1 43 27 -0.0114967 0.828104 0.560457 0.160552 0.999419 0.0274952 -0.0201245 -0.0847489 -0.0320751 0.5599 -0.827939 0.983382
1 44 19 0.303723 -0.267965 -0.914301 0.787571 -0.93696 0.0900365 -0.337638 0.488006 0.172796 0.959212 -0.223727 0.376274
1 45 53 0.309463 -0.357499 0.881151 -0.727094 0.209952 0.929458 0.303362 -0.291364 -0.927444 0.0911203 0.36269 0.621644
1 46 56 0.791438 -0.33275 0.51274 -0.990236 0.340634 0.93661 0.0820423 -0.102621 -0.507537 0.109725 0.854615 0.0943452
1 47 17 0.297784 0.72758 0.618023 -0.322163 -0.954344 0.242822 0.173968 -0.334784 -0.023494 -0.641611 0.76667 -0.885512
1 48 29 -0.222088 0.950271 -0.218318 0.135658 0.858195 0.296791 0.418827 -0.210829 0.462793 -0.0943434 -0.881432 0.968064
1 49 24 0.0497584 -0.877856 -0.476332 0.432086 -0.879898 -0.264179 0.394954 -0.251975 -0.47255 0.399472 -0.785569 0.865916
1 50 15 -0.0491338 -0.974812 0.217551 -0.412084 0.995509 -0.0654416 -0.0683983 -0.0085786 0.0809123 0.213213 0.97365 -0.911106
1 51 20 0.72083 -0.466351 -0.512757 0.41555 -0.35779 -0.883965 0.300985 -0.197938 -0.593624 -0.0334993 -0.804045 0.887772
1 52 39 -0.413557 0.410615 -0.812629 0.449631 0.849695 0.494702 -0.182451 0.123723 0.327092 -0.765941 -0.553485 0.884604
1 53 22 0.346507 -0.692167 -0.633117 0.098164 -0.926574 -0.147316 -0.346062 0.242981 0.146265 0.706543 -0.69239 0.965051
1 54 20 0.426095 0.672958 0.604625 -0.231448 -0.537889 -0.34892 0.767418 0.0571494 0.727405 -0.652214 0.213304 0.971167
1 55 19 -0.701192 0.66541 -0.256047 0.157384 0.706618 0.696424 -0.125238 0.211709 0.0949827 -0.268744 -0.958517 0.964577
1 56 18 -0.601113 -0.798757 0.0254861 -0.107274 -0.691288 0.535708 0.484909 -0.222617 -0.400978 0.273867 -0.874193 0.968986
1 57 16 0.911524 0.405688 0.0673875 -0.128305 -0.370301 0.880952 -0.294618 0.314688 -0.178888 0.243598 0.953236 -0.940483
1 58 25 0.549103 -0.698541 -0.458831 0.302217 -0.812798 -0.574136 -0.0986254 -0.0356793 -0.194538 0.427093 -0.883033 0.952571
1 59 11 0.657403 -0.673279 -0.338403 0.278195 0.731873 0.677409 0.0740244 -0.261493 0.179398 -0.296332 0.938085 -0.924245
1 60 20 -0.989777 -0.120562 -0.0762013 0.0737033 0.117268 -0.992019 0.0463256 -0.326843 -0.0811783 0.036916 0.996016 -0.9422
1 61 19 -0.992485 0.114619 0.0428605 -0.346024 -0.12034 -0.977728 -0.17195 0.248757 0.0221972 -0.175815 0.984173 -0.904648
1 62 28 0.708242 -0.577238 0.406436 -0.0359253 -0.680135 -0.403585 0.611993 0.0854392 -0.189234 -0.70987 -0.678436 0.995695
1 63 27 0.628216 -0.453417 -0.632264 0.727906 -0.549123 0.317311 -0.773161 0.656453 0.551189 0.832903 -0.0496414 0.198047
1 64 31 -0.0514377 -0.788923 -0.612335 0.265729 -0.985944 0.137713 -0.0946056 0.159771 0.158963 0.598862 -0.784917 0.950716
1 65 28 -0.655222 -0.583749 0.479502 -0.100316 -0.661199 0.750147 0.00972917 0.146787 -0.365376 -0.310671 -0.877487 0.984068
1 66 23 -0.653825 0.756484 -0.0156443 -0.133346 0.668619 0.567958 -0.479971 0.335088 -0.354205 -0.324277 -0.877145 0.932703
1 67 31 -0.289872 0.929174 -0.229366 0.229568 0.83656 0.362407 0.410887 -0.186759 0.46491 -0.0727739 -0.882362 0.955207
1 68 12 0.991806 0.00339767 0.127707 -0.224456 -0.0395 0.958819 0.281257 -0.125783 -0.121492 -0.283997 0.951097 -0.966332
1 69 16 0.780897 0.624491 0.0145467 -0.232979 -0.54046 0.663777 0.517014 0.0589078 0.313215 -0.411597 0.855853 0.970696
1 70 47 -0.966735 -0.25566 0.00783213 0.311507 -0.141339 0.508425 -0.849427 0.390652 0.213183 -0.822278 -0.527647 0.86623
1 71 21 0.999482 -0.0302149 0.011095 0.00339178 0.0279163 0.98531 0.168479 -0.134125 -0.0160226 -0.168082 0.985643 0.990959
1 72 22 -0.472502 0.879507 0.0566538 0.0708388 -0.210722 -0.175157 0.961726 -0.132207 0.855767 0.442479 0.268093 0.988688
1 73 35 0.396675 -0.852161 0.341277 -0.144957 -0.154338 0.304572 0.939902 -0.872478 -0.904892 -0.425508 -0.0107043 0.466658
1 74 23 0.835399 -0.515302 0.191238 -0.0784787 0.403697 0.81136 0.422757 -0.139166 -0.37301 -0.275969 0.885836 0.987154
1 75 37 0.653008 -0.506121 0.563402 -0.885414 0.642575 0.763989 -0.0584588 -0.0905524 -0.400846 0.400202 0.824112 0.455897
1 76 10 0.464547 -0.874986 0.136364 0.00703521 0.874315 0.477633 0.0862553 -0.0765072 -0.140604 0.0791559 0.986897 -0.997044
1 77 18 0.861223 -0.102839 -0.497714 -0.0677633 0.197829 0.96991 0.14191 -0.265806 0.468144 -0.220678 0.855653 0.961642
1 78 28 0.129092 -0.960211 -0.247649 -0.124466 -0.365092 0.186175 -0.912166 -0.0526745 0.921978 0.208168 -0.326531 0.990825
1 79 10 -0.790746 -0.583122 0.186252 0.0407072 0.58658 -0.808808 -0.0418685 -0.0785011 0.175057 0.0761447 0.981609 -0.996083
1 80 16 -0.923309 0.218606 0.315772 -0.139702 0.364318 0.238339 0.900259 -0.00506697 0.121541 0.946259 -0.299703 0.990181
1 81 24 0.00722602 0.352138 0.93592 -0.240314 -0.592132 0.755719 -0.279766 0.0497856 -0.805809 -0.552167 0.213973 0.969418
1 82 27 -0.62206 0.623154 0.474048 -0.289587 0.641849 0.752597 -0.147064 -0.00460582 -0.448411 0.212784 -0.868131 0.957141
1 83 13 0.955474 -0.2935 -0.0304435 0.252899 0.295017 0.952233 0.0788503 -0.101783 0.00584677 -0.0843207 0.996422 -0.962124
1 84 16 0.66344 0.72262 0.194081 -0.233414 -0.748221 0.639448 0.176839 -0.153299 0.0036826 -0.262538 0.964915 -0.960217
1 85 26 0.765594 0.622907 0.160788 -0.0978674 0.55814 -0.767428 0.315491 -0.152111 0.319915 -0.151796 -0.935207 0.983506
1 86 51 0.449394 -0.454231 0.769233 -0.927228 0.295346 0.888205 0.35194 -0.324581 -0.843099 0.0690296 0.53331 0.186802
1 87 38 0.735265 -0.227172 0.638576 -0.447057 0.370633 0.923574 -0.0981919 0.140747 -0.567465 0.308875 0.763269 0.883363
1 88 66 0.926001 -0.231212 0.298434 -0.923344 0.278117 0.952364 -0.125114 -0.0303532 -0.25529 0.198856 0.946194 0.382773
1 89 86 0.933686 -0.111179 0.340397 -0.901364 0.137709 0.98896 -0.0547161 -0.0827494 -0.330556 0.0979632 0.938689 -0.425083
1 90 95 0.987144 -0.0361761 0.155683 -0.451716 0.0816231 0.951558 -0.296438 0.163569 -0.137417 0.305334 0.942278 -0.877039
1 91 73 0.96595 -0.0522586 0.253397 -0.447033 0.171307 0.863143 -0.475014 0.634625 -0.193895 0.502248 0.842705 -0.630407
1 92 52 0.956204 -0.0425664 0.289589 -0.388199 0.215714 0.771213 -0.598915 0.877776 -0.197841 0.635153 0.746619 -0.280732
1 93 46 0.895274 -0.108722 0.432045 -0.638407 0.417091 0.545385 -0.727043 0.764658 -0.156586 0.831105 0.533616 0.0879503
1 94 66 0.974852 -0.218394 0.044355 -0.0458169 0.214979 0.869153 -0.445372 0.859848 0.0587155 0.443707 0.894246 -0.50849
1 95 78 0.973599 -0.17564 -0.145795 0.535076 0.144476 0.968642 -0.202138 0.397651 0.176727 0.175737 0.968444 -0.745364
1 96 65 0.884686 -0.125505 -0.448976 0.983395 0.146447 0.989145 0.0120654 0.15392 0.442588 -0.0764251 0.893463 0.0961374
1 97 16 0.909415 -0.414967 -0.0277022 -0.149208 0.410711 0.906574 -0.0971637 -0.0826251 0.0654338 0.0769846 0.994883 -0.985348
1 98 24 0.518134 0.741229 0.426752 -0.267781 -0.698771 0.654574 -0.288534 -0.37422 -0.493211 -0.148702 0.857106 0.887836
1 99 16 0.57678 0.80024 0.164137 0.21095 -0.697943 0.58715 -0.410036 -0.086071 -0.4245 0.121942 0.897179 0.9737
1 100 17 0.854939 -0.0161415 -0.518477 0.614086 -0.00433131 0.999259 -0.0382515 0.265839 0.51871 0.0349484 0.854236 -0.74312
1 101 13 0.380914 -0.918688 -0.10449 -0.324322 0.886291 0.394985 -0.241817 0.143355 0.263426 -0.000496952 0.964679 0.935021
1 102 25 0.502287 0.555701 -0.662498 0.771523 -0.848881 0.171007 -0.500157 0.310849 -0.164646 0.813605 0.557619 -0.555091
1 103 24 0.153802 -0.312071 -0.937527 0.795233 -0.916037 -0.400737 -0.0168847 0.254764 -0.370433 0.861407 -0.347503 0.550182
1 104 19 -0.574609 -0.474396 -0.666913 0.576594 0.536665 -0.833628 0.130597 -0.29088 -0.617912 -0.282866 0.733601 -0.763497
1 105 22 -0.876526 -0.467573 -0.114362 -0.00232355 -0.453645 0.722967 0.52108 -0.217156 -0.160963 0.50862 -0.845811 0.976134
1 106 19 -0.835954 0.279016 0.47258 -0.502202 0.477312 0.794618 0.375173 -0.188992 -0.270841 0.539195 -0.797442 0.843845
1 107 20 -0.328196 -0.889121 0.318986 -0.0870187 -0.914936 0.383189 0.126723 -0.202017 -0.234904 -0.250262 -0.939249 0.975509
1 108 15 0.781249 -0.611658 -0.124597 -0.0898186 0.579258 0.784771 -0.220443 0.234727 0.232616 0.100048 0.967409 -0.967903
1 109 26 -0.577403 -0.724538 0.376365 0.0984899 0.687299 -0.182513 0.703071 -0.261836 -0.44071 0.664631 0.603358 0.960074
1 110 31 0.517055 0.0582693 0.853967 -0.0549044 0.683324 0.572736 -0.452815 -0.0519528 -0.515482 0.817667 0.256319 0.997139
1 111 14 0.981524 -0.14571 -0.124017 0.139583 0.159914 0.980581 0.113526 -0.247673 0.105067 -0.13126 0.985765 0.958736
1 112 14 0.0602917 -0.98678 -0.150431 0.241223 0.904766 0.117681 -0.409329 -0.26852 0.421621 -0.111426 0.8999 0.932582
1 113 20 0.778986 -0.54672 -0.307048 0.161048 -0.551637 -0.830338 0.078961 -0.155971 -0.298123 0.107869 -0.948413 0.974544
1 114 21 0.103324 0.285807 -0.952701 0.89932 0.848074 -0.525781 -0.0657554 0.0289014 -0.519706 -0.801167 -0.296711 0.436336
1 115 18 0.6785 -0.731343 -0.0690964 0.101286 -0.654399 -0.644481 0.395482 -0.136261 -0.333764 -0.223118 -0.915871 0.985482
1 116 14 0.217122 0.949134 0.228042 0.156624 0.974742 -0.223331 0.00146128 -0.226638 0.0523158 0.221965 -0.97365 0.961303
1 117 10 -0.36312 0.927733 0.0863459 0.160885 -0.920863 -0.343214 -0.184975 0.255478 -0.141972 -0.146681 0.978943 -0.953335
1 118 11 -0.153476 0.978349 0.138849 0.0669029 -0.976108 -0.171973 0.132807 -0.0957799 0.15381 -0.115149 0.981368 0.993152
1 119 29 0.146429 -0.858303 0.491807 -0.204256 0.929929 0.288971 0.227439 -0.34106 -0.33733 0.424041 0.840475 0.917583
1 120 22 -0.973903 0.179843 0.138457 -0.177742 0.197868 0.9716 0.129779 0.0733183 -0.111185 0.153789 -0.981828 0.981342
1 121 13 0.983323 -0.102244 -0.150404 0.0195968 0.149435 0.925592 0.347777 -0.188724 0.103655 -0.364452 0.925435 -0.981835
1 122 18 0.908016 -0.327073 0.261784 -0.0838708 0.266654 0.933174 0.241 -0.16757 -0.323115 -0.149026 0.934552 0.982286
1 123 20 0.763498 0.327526 -0.556595 0.321034 0.384481 -0.922999 -0.0157314 -0.256906 -0.518889 -0.201989 -0.830635 0.911557
1 124 14 0.093776 -0.868894 0.486034 0.157727 0.898863 -0.136016 -0.416587 -0.358592 0.428079 0.475944 0.768262 0.920073
1 125 10 0.527439 -0.843747 0.0994949 0.0125826 0.846379 0.511651 -0.147837 0.322533 0.0738303 0.162185 0.983994 -0.946475
1 126 50 0.597292 -0.424148 -0.680692 0.224839 -0.686686 -0.708948 -0.160796 -0.0359544 -0.414374 0.563463 -0.714705 0.973732
1 127 21 0.813029 -0.579181 0.0594398 -0.163881 0.576074 0.815038 0.0620613 -0.346356 -0.0843904 -0.0162159 0.996301 0.923678
1 128 25 0.885877 0.435359 0.160264 -0.330499 -0.0345252 0.406367 -0.913057 -0.0643245 -0.462634 0.803323 0.375022 0.941612
1 129 28 0.932634 -0.166018 -0.320363 0.442649 0.307916 0.829041 0.466775 -0.494167 0.188101 -0.533975 0.824311 -0.748238
1 130 0 1 0 0 0 0 1 0 0 0 0 1 0
1 131 15 0.938589 -0.343627 -0.0311749 0.395644 0.343932 0.938982 0.00485277 -0.0481144 0.0276051 -0.0152768 0.999502 -0.917143
1 132 10 0.710269 -0.665702 -0.22882 0.361239 0.703879 0.675582 0.219415 -0.0637238 0.00852166 -0.316905 0.948419 -0.930293
1 133 22 -0.75017 -0.34451 -0.564409 0.626251 0.608283 -0.694249 -0.384721 -0.0164014 -0.2593 -0.631927 0.730364 -0.779449
1 134 21 0.505521 0.811853 -0.292136 0.21776 0.845235 -0.53397 -0.0212938 -0.0156357 -0.173279 -0.23616 -0.95614 0.975877
1 135 23 0.775356 -0.553508 0.304058 -0.0934219 -0.539015 -0.830902 -0.138072 0.134583 0.329067 -0.0568368 -0.942595 0.986489
1 136 29 0.339556 -0.913728 0.223164 -0.425508 -0.631841 -0.397342 -0.665505 0.187974 0.696763 0.0849725 -0.712251 0.885217
1 137 23 -0.573673 0.788854 0.220474 0.0178543 0.814431 0.520712 0.256049 -0.0897791 0.0871817 0.326449 -0.941185 0.995802
1 138 26 0.387193 -0.651704 0.652198 -0.404763 -0.920266 -0.229829 0.316684 0.160603 -0.0564902 -0.722814 -0.68873 0.900207
1 139 19 0.152472 -0.685235 0.712183 -0.787204 0.964854 0.259263 0.0428862 0.120788 -0.21403 0.680614 0.700682 -0.604748
1 140 14 0.961842 -0.238268 -0.134494 -0.177223 0.241042 0.970504 0.00449397 0.121814 0.129457 -0.0367414 0.990904 0.976603
1 141 52 0.982446 -0.104568 0.154485 -0.86684 0.0759758 0.980619 0.180593 -0.0573032 -0.170375 -0.165686 0.97135 0.495283
1 142 47 0.973403 -0.0552194 0.222344 -0.779035 0.046698 0.997966 0.043406 0.0604266 -0.224288 -0.0318685 0.974002 -0.624061
1 143 59 0.634344 -0.241097 0.734493 -0.478622 0.234697 0.96534 0.114176 -0.0792824 -0.736563 0.0999564 0.668942 0.874434
1 144 22 0.976951 0.151061 0.150824 0.131608 -0.212405 0.617606 0.757263 -0.0343486 0.0212429 -0.771845 0.635456 0.990707
1 145 26 0.067494 0.887366 0.4561 0.115238 0.78098 -0.331476 0.529334 -0.263732 0.620899 0.320478 -0.715387 0.957688
1 146 52 -0.52856 0.536218 -0.658099 0.346615 0.53439 0.812533 0.232849 0.138215 0.659585 -0.228606 -0.716022 0.927769
1 147 26 0.165098 -0.34786 -0.922896 0.0502733 0.276648 0.914505 -0.295207 0.05975 0.946683 -0.206579 0.247218 0.996947
1 148 29 -0.777271 0.618248 0.116699 0.0471977 0.605234 0.684061 0.407128 -0.0703983 0.171878 0.387079 -0.905885 0.996402
1 149 33 -0.003685 -0.984889 0.173147 0.0257464 -0.346638 0.163671 0.923609 -0.579379 -0.937992 -0.0566158 -0.342003 0.814651
1 150 26 -0.33365 0.672024 -0.661106 0.482967 0.931266 0.343847 -0.120469 -0.326938 0.146361 -0.65586 -0.740558 0.812314
1 151 11 0.824141 -0.216774 0.52326 0.308089 0.26011 0.96553 -0.00968096 -0.116093 -0.503125 0.144084 0.852118 0.944248
1 152 21 0.470446 0.863641 -0.18112 0.223368 0.866406 -0.491006 -0.0908531 -0.104665 -0.167396 -0.114182 -0.979255 0.969098
1 153 21 -0.945218 0.294368 0.141104 0.274543 -0.0523074 0.290087 -0.95557 0.0820076 -0.322221 -0.910603 -0.258798 0.958071
1 154 16 0.673407 -0.619726 -0.403066 0.177675 -0.739027 -0.578351 -0.345469 0.115085 -0.0190173 0.530518 -0.84746 0.977337
1 155 10 0.434838 -0.849005 0.300179 0.327148 0.88315 0.33693 -0.32638 -0.181715 0.175959 0.407025 0.896309 0.927337
1 156 21 -0.316771 0.880053 -0.353783 0.384425 0.845243 0.431155 0.315706 -0.226094 0.430373 -0.199026 -0.880436 0.895041
1 157 0 1 0 0 0 0 1 0 0 0 0 1 0
1 158 19 -0.861889 0.420985 0.2827 0.181149 0.24317 -0.146088 0.95892 -0.195448 0.44499 0.895226 0.0235404 0.963839
1 159 12 0.88057 -0.277262 0.384345 0.386303 0.179466 0.945691 0.271036 -0.242823 -0.43862 -0.16969 0.882507 0.889835
1 160 26 0.210811 0.945605 -0.247768 0.19 0.872346 -0.296359 -0.388824 0.219912 -0.441102 -0.134171 -0.887371 0.956838
2 3 102 0.993749 0.0633004 -0.0919558 0.859904 -0.0633157 0.99799 0.00275351 0.0899311 0.0919452 0.00308595 0.995759 -0.502471
2 4 18 0.641574 0.750926 0.156503 -0.00788238 -0.766993 0.6253 0.14395 0.0648828 0.0102346 -0.212391 0.977131 -0.997862
2 5 37 -0.948589 -0.308452 0.07097 -0.101419 -0.158774 0.657705 0.736353 -0.098511 -0.273807 0.687228 -0.672866 0.989954
2 6 22 -0.0865474 -0.995583 -0.0363975 0.439161 0.977857 -0.0918805 0.188024 0.200883 -0.190538 -0.0193186 0.98149 0.875662
2 7 10 0.596851 -0.739787 0.310619 -0.318297 0.78555 0.617599 -0.0385206 -0.0398184 -0.163341 0.266998 0.949754 -0.947154
2 8 48 -0.0419754 -0.994629 0.0946128 0.371875 -0.649473 -0.0447959 -0.759064 0.272762 0.759225 -0.0933105 -0.644104 0.887305
2 9 16 -0.994868 -0.0892845 -0.0475962 0.134539 0.0953807 -0.984564 -0.146753 0.0428527 -0.0337587 -0.15054 0.988027 0.989981
2 10 32 -0.865067 -0.28069 -0.415779 0.163 -0.280995 0.957711 -0.0619086 0.059755 0.415573 0.0632766 -0.907356 0.984815
2 11 25 -0.961947 -0.233612 -0.141713 0.0694139 0.231686 -0.972322 0.0301784 -0.493163 -0.144841 -0.00380289 0.989448 -0.867163
2 12 41 0.936225 -0.248009 0.248947 0.0767978 -0.255913 -0.9667 -0.000633927 -0.0619781 0.240814 -0.0631152 -0.968517 0.995118
