0 1 62 0.965804 0.0646521 -0.251083 0.949542 -0.0634315 0.997902 0.01296 0.174088 0.251394 0.00340973 0.967879 -0.260888
0 2 43 0.295945 0.14861 -0.943574 0.908724 -0.207066 0.974315 0.0885071 -0.0376338 0.932491 0.169189 0.319116 0.415698
0 3 0 1 0 0 0 0 1 0 0 0 0 1 0
0 4 14 0.348109 -0.937332 0.0151572 0.210464 0.934906 0.345926 -0.0792883 0.302943 0.0690761 0.0417715 0.996736 -0.929478
0 5 33 0.245666 -0.838995 0.485526 -0.333349 0.916024 0.364776 0.166849 -0.28033 -0.317094 0.403764 0.858153 0.900163
0 6 20 -0.985025 -0.14266 -0.0968173 0.135808 -0.102207 0.93541 -0.338471 0.0581827 0.13885 -0.323507 -0.935983 0.989025
0 7 12 -0.187138 -0.926647 0.326045 -0.263796 0.912495 -0.286891 -0.291628 0.175211 0.363775 0.24294 0.899248 -0.948532
0 8 0 1 0 0 0 0 1 0 0 0 0 1 0
0 9 13 -0.358785 -0.885099 0.296434 -0.252265 -0.92368 0.382419 0.0238706 -0.222659 -0.13449 -0.265246 -0.954755 0.941693
0 10 13 -0.119014 -0.982912 -0.140425 -0.00199931 -0.951121 0.0722705 0.300242 -0.230286 -0.284963 0.169295 -0.94347 0.973121
0 11 17 -0.672681 0.318247 0.667997 0.277758 0.371201 0.926102 -0.067409 -0.175043 -0.640086 0.202616 -0.741105 0.944569
0 12 0 1 0 0 0 0 1 0 0 0 0 1 0
0 13 25 0.516134 -0.589345 0.621513 -0.204825 -0.837745 -0.498411 0.22309 -0.136244 0.178292 -0.635814 -0.750968 0.96927
0 14 21 0.133047 0.398701 0.907379 -0.377617 0.837623 -0.534624 0.112094 -0.0911249 0.529798 0.745128 -0.405091 0.921467
0 15 21 0.152489 -0.898167 0.412362 -0.26613 -0.982574 -0.0929108 0.160981 -0.116924 -0.106275 -0.429724 -0.896684 0.95682
0 16 32 0.567356 0.548884 -0.613868 0.352621 0.495477 -0.822964 -0.277909 -0.0357246 -0.657731 -0.146484 -0.738872 0.935084
0 17 21 0.857144 -0.021299 0.514636 -0.4326 -0.104312 -0.985619 0.132944 -0.0549207 0.504403 -0.167635 -0.847039 0.899912
0 18 14 0.674427 0.682172 -0.282469 -0.155461 -0.708889 0.70524 0.0106256 0.138584 0.206457 0.193073 0.959218 0.978073
0 19 19 0.380017 0.899963 0.213666 -0.111074 0.9244 -0.361332 -0.122164 0.0924903 -0.0327387 0.243937 -0.969238 0.989499
0 20 28 -0.641736 0.492827 0.587619 -0.227706 0.693496 0.700059 0.170237 -0.166574 -0.327471 0.516759 -0.791027 0.959376
0 21 24 0.331472 -0.930124 0.158103 -0.293737 -0.848472 -0.220601 0.481072 -0.288991 -0.412579 -0.293608 -0.862307 0.911155
0 22 22 0.960395 0.134386 -0.244095 0.116758 0.0317623 -0.923101 -0.383243 0.171272 -0.276827 0.360312 -0.89081 0.978281
0 23 0 1 0 0 0 0 1 0 0 0 0 1 0
0 24 10 -0.459744 -0.886401 -0.05412 0.329523 0.853585 -0.424266 -0.302311 -0.168166 0.245007 -0.185182 0.951672 0.92905
0 25 25 -0.991329 0.11714 0.0595321 0.0167687 0.108531 0.985346 -0.131581 0.0835845 -0.0740732 -0.123979 -0.989516 0.99636
0 26 12 0.657783 0.734325 -0.167597 0.0663736 -0.732588 0.675445 0.0842004 0.0719561 0.175033 0.067394 0.982253 0.995197
0 27 10 -0.308988 0.936359 0.166609 -0.0743632 -0.945347 -0.321564 0.0540044 -0.0931735 0.104143 -0.140817 0.984543 0.992869
0 28 12 -0.703635 0.672021 0.230834 -0.297764 -0.707748 -0.691716 -0.143603 0.22635 0.0631671 -0.264417 0.962338 -0.927417
0 29 0 1 0 0 0 0 1 0 0 0 0 1 0
0 30 19 0.964477 -0.177623 0.195534 -0.00521728 0.136759 0.969015 0.205685 -0.268672 -0.226009 -0.171637 0.958885 -0.963218
0 31 17 0.883277 -0.32292 -0.339919 0.0247145 -0.338937 -0.94072 0.0129487 -0.122586 -0.32395 0.103774 -0.940366 0.99215
0 32 27 0.853473 0.125417 -0.50582 0.182648 0.100366 -0.991996 -0.0766149 -0.0918605 -0.51138 0.0146215 -0.85923 0.978878
0 33 26 0.882433 -0.146467 0.447056 -0.0580933 -0.0325804 -0.967043 -0.252519 0.12403 0.469308 0.208266 -0.858123 0.990576
0 34 11 -0.975354 -0.216086 0.0446355 0.143293 0.201634 -0.955029 -0.217402 0.114084 0.0896057 -0.203044 0.975061 -0.983083
0 35 11 0.603518 -0.784543 -0.142329 0.238392 0.757532 0.619875 -0.204697 -0.212447 0.248819 0.0157194 0.968422 0.947647
0 36 23 -0.937508 0.137443 0.319668 -0.0838465 0.0192347 0.937749 -0.34678 0.046889 -0.347431 -0.318961 -0.881791 0.995375
0 37 0 1 0 0 0 0 1 0 0 0 0 1 0
0 38 22 -0.346463 -0.917694 -0.194427 0.134453 -0.781419 0.397011 -0.481422 0.111898 0.518987 -0.0148657 -0.854653 0.984582
0 39 0 1 0 0 0 0 1 0 0 0 0 1 0
0 40 22 -0.205264 -0.899416 -0.385897 0.306052 -0.924854 0.307244 -0.224155 0.0903426 0.320173 0.310888 -0.894895 0.947718
0 41 28 0.572772 0.759179 0.309159 -0.169556 0.778806 -0.386341 -0.494168 0.245018 -0.255721 0.523821 -0.812538 0.954577
0 42 16 0.591696 -0.770034 -0.238629 -0.149786 0.765916 0.629323 -0.131628 0.204697 0.251532 -0.104886 0.962149 0.967297
0 43 20 0.177084 -0.832788 -0.524505 0.369604 -0.908386 -0.343404 0.238555 -0.274303 -0.378783 0.434209 -0.817304 0.887779
0 44 20 -0.874579 0.425292 -0.232891 0.152819 0.430918 0.901931 0.0288215 -0.0505196 0.22231 -0.0751505 -0.972076 0.986962
0 45 20 0.894677 0.430527 -0.11916 0.275488 0.43846 -0.897368 0.049843 0.00567367 -0.0854716 -0.0968403 -0.991623 0.961288
0 46 20 -0.82955 -0.505307 -0.237722 0.112086 -0.556326 0.78474 0.273284 0.00536405 0.0484572 0.358953 -0.932097 0.993684
0 47 31 0.912731 0.386105 -0.133584 0.138699 0.065126 -0.460277 -0.885383 0.526911 -0.403337 0.799417 -0.445255 0.838527
0 48 21 0.591845 0.695846 0.406839 -0.197404 -0.800238 0.567752 0.193072 -0.150199 -0.0966352 -0.439837 0.892863 0.968748
0 49 28 -0.557556 -0.776445 0.29371 -0.104164 -0.706958 0.629565 0.322271 -0.187659 -0.435135 -0.0279561 -0.899931 0.976695
0 50 11 0.788493 0.589134 -0.176635 0.255206 -0.609947 0.785913 -0.101515 0.219352 0.0790142 0.187782 0.979027 -0.941677
0 51 14 0.98557 -0.0843443 -0.146757 -0.190319 0.110234 0.977773 0.17835 -0.302434 0.128452 -0.191954 0.972961 0.933977
0 52 12 0.921911 0.122945 0.367375 -0.322857 -0.246758 0.917406 0.312211 -0.241666 -0.298647 -0.378484 0.876105 -0.915074
0 53 33 -0.16658 0.984231 0.0595101 0.096472 -0.941909 -0.140985 -0.304845 0.269071 -0.291647 -0.106834 0.950541 0.958277
0 54 17 0.292414 -0.954346 -0.0609739 -0.0698798 0.952232 0.284712 0.110425 0.175563 -0.0880235 -0.0903512 0.992012 0.981985
0 55 10 0.938935 0.337052 -0.0692581 -0.0296314 -0.328366 0.937837 0.112416 0.157018 0.102843 -0.0828091 0.991245 0.987151
0 56 17 0.998381 -0.0134441 0.0552717 -0.218323 -0.00633753 0.93933 0.342955 0.183076 -0.0565292 -0.34275 0.937724 0.95855
0 57 26 -0.672277 0.700563 0.239279 -0.343431 0.645561 0.712979 -0.273702 0.107089 -0.362347 -0.0295347 -0.931575 0.933053
0 58 0 1 0 0 0 0 1 0 0 0 0 1 0
0 59 43 -0.0568624 -0.886514 0.459194 -0.276323 -0.861655 -0.188746 -0.47109 0.117463 0.504299 -0.422454 -0.753137 0.953859
0 60 0 1 0 0 0 0 1 0 0 0 0 1 0
0 61 22 -0.561819 -0.659376 -0.499583 0.197062 -0.78776 0.6108 0.079731 -0.0209748 0.252573 0.438346 -0.862589 0.980167
0 62 18 -0.93101 0.314937 0.184484 -0.0252342 -0.277403 -0.939037 0.20312 0.285038 0.237208 0.13793 0.961617 0.958184
0 63 38 -0.367195 -0.790992 -0.489387 0.094097 -0.929982 0.30239 0.209031 0.107201 -0.0173561 0.531876 -0.846644 0.989775
0 64 18 0.796304 -0.106147 0.59551 0.0313785 -0.0562106 0.967238 0.24757 0.103981 -0.602279 -0.230615 0.764249 0.994084
0 65 17 -0.214605 0.934763 -0.283131 0.0284242 0.970146 0.170483 -0.172491 0.288274 -0.11297 -0.311695 -0.943443 0.957126
0 66 18 -0.776027 0.625088 0.0839454 -0.0807915 -0.594965 -0.76971 0.231439 0.17718 0.209283 0.129658 0.969221 0.980857
0 67 24 -0.3372 -0.826161 0.451391 0.271335 0.873197 -0.0952493 0.477969 0.188018 -0.351885 0.555324 0.75352 0.943942
0 68 14 0.691863 0.653651 0.306703 -0.0957081 -0.721645 0.639862 0.264206 0.244116 -0.0235486 -0.404125 0.914401 0.965011
0 69 28 -0.841204 0.462341 -0.280386 -0.274863 0.117833 0.662826 0.739444 0.155555 0.527722 0.588985 -0.612051 0.948817
0 70 18 -0.133497 0.974532 -0.180184 -0.164144 -0.979714 -0.102352 0.172292 -0.0139024 0.149462 0.199529 0.968426 0.986338
0 71 27 0.882337 -0.457664 0.109656 -0.0522261 -0.466217 -0.818241 0.336337 -0.0841539 -0.0642039 -0.347886 -0.935336 0.995083
0 72 12 0.978509 -0.0665019 0.195187 0.333681 0.0433195 0.99174 0.120726 0.0600197 -0.201604 -0.109676 0.973307 0.940773
0 73 13 0.911058 -0.41068 0.0362624 -0.161482 0.390105 0.887175 0.246451 0.0736078 -0.133384 -0.210385 0.968476 0.984127
0 74 11 0.606954 0.792626 0.0578838 0.142083 -0.794134 0.602048 0.0830062 -0.234363 0.030944 -0.0963484 0.994867 -0.96171
0 75 12 -0.602772 0.796747 0.0431383 0.0203177 -0.795792 -0.59635 -0.105268 -0.135048 -0.0581464 -0.0977817 0.993508 0.990631
0 76 19 0.257071 0.931917 -0.255822 0.0188998 0.905738 -0.324647 -0.272476 -0.101959 -0.336977 -0.161662 -0.92753 0.994609
0 77 16 0.0392547 0.993281 -0.108871 0.0431906 -0.992192 0.0516545 0.113522 -0.247936 0.118383 0.103565 0.987552 -0.967813
0 78 22 0.838575 -0.53454 -0.10516 0.16705 -0.544775 -0.821582 -0.167998 -0.0631376 0.00340386 0.198168 -0.980162 0.983925
0 79 23 -0.943225 -0.314943 -0.105537 0.118447 0.328074 -0.933016 -0.147815 -0.0323939 -0.0519146 -0.174047 0.983368 0.992432
0 80 30 -0.780615 0.496931 -0.379079 0.244249 0.484841 0.864203 0.13447 -0.00630016 0.394423 -0.0788237 -0.915542 0.969692
0 81 22 0.840739 0.534345 0.0873736 -0.300983 -0.49646 0.825187 -0.269432 0.249877 -0.216069 0.183145 0.959047 0.92031
0 82 27 0.298061 0.477585 -0.826481 0.342061 0.378217 -0.854059 -0.357121 0.0683367 -0.87642 -0.206145 -0.435193 0.93719
0 83 0 1 0 0 0 0 1 0 0 0 0 1 0
0 84 16 0.228763 -0.85887 -0.458268 0.16291 -0.89635 -0.369484 0.245025 -0.212584 -0.379768 0.354716 -0.854373 0.963467
0 85 0 1 0 0 0 0 1 0 0 0 0 1 0
0 86 19 -0.969482 -0.0277961 0.243582 -0.171365 0.0890538 0.88576 0.455521 -0.19968 -0.228417 0.463311 -0.856253 0.96476
0 87 18 0.16462 0.986282 0.012175 -0.209802 0.95166 -0.155572 -0.264839 0.257824 -0.259312 0.0551844 -0.964216 0.943138
0 88 33 0.543357 -0.0754724 0.836102 -0.913309 0.349238 0.926001 -0.143372 0.217424 -0.763411 0.3699 0.529507 0.344375
0 89 39 0.994118 -0.0679236 0.0843584 -0.169739 0.0646983 0.997087 0.040399 -0.218619 -0.0868567 -0.0347036 0.995616 -0.960934
0 90 32 0.986076 -0.018205 -0.165297 0.368626 -0.0260586 0.964795 -0.26171 0.247589 0.164242 0.262373 0.950886 -0.895999
0 91 17 0.95149 0.300372 0.0666621 -0.128692 -0.270663 0.920167 -0.282903 0.197534 -0.146316 0.251136 0.956829 -0.971812
0 92 12 0.95132 0.308189 0.00304831 0.077871 -0.303954 0.939793 -0.156209 0.114973 -0.0510068 0.147679 0.987719 -0.990312
0 93 17 -0.918531 0.393305 0.0401389 0.200061 -0.394401 -0.904575 -0.161838 0.306519 -0.0273431 -0.164484 0.986001 -0.930603
0 94 37 -0.601388 -0.272295 0.751125 -0.302564 -0.319399 0.943676 0.0863711 0.0120236 -0.732337 -0.187966 -0.654486 0.953053
0 95 15 0.993552 0.103354 0.0466177 0.0247582 -0.103626 0.99461 0.00344089 -0.0404425 -0.0460108 -0.0082495 0.998907 -0.998875
0 96 10 0.995733 0.0584781 -0.0713824 0.0355662 -0.0532602 0.995914 0.0729343 -0.069152 0.0753558 -0.0688213 0.994779 -0.996972
0 97 18 0.996246 0.0659872 0.0560247 -0.0280646 0.0479626 -0.959577 0.277328 -0.0851467 0.0720601 -0.2736 -0.95914 0.995973
0 98 20 -0.808523 0.515876 -0.283132 0.185426 0.414152 0.840639 0.349005 -0.125608 0.418055 0.164919 -0.893326 0.974597
0 99 11 0.967364 0.162128 -0.194734 0.194109 -0.130827 0.977726 0.16412 -0.0642891 0.217005 -0.133287 0.967028 -0.978871
0 100 11 -0.829296 -0.558684 -0.0118613 -0.091046 0.483863 -0.707293 -0.515376 -0.212207 0.279543 -0.433139 0.856882 0.972974
0 101 12 0.616807 -0.787089 -0.00626684 -0.232201 0.780036 0.612306 -0.128937 0.073925 0.105322 0.074641 0.991633 -0.969855
0 102 16 0.801848 0.556156 0.218471 -0.0754418 0.554289 -0.828878 0.07566 -0.168776 0.223164 0.0604281 -0.972906 0.982763
0 103 20 0.800397 -0.570161 0.18515 -0.138823 -0.514941 -0.812052 -0.274604 0.163747 0.30692 0.124451 -0.943564 0.976686
0 104 16 -0.955144 0.209629 -0.209179 0.0469378 0.197059 0.977166 0.0794639 0.0236825 0.221061 0.0346788 -0.974643 0.998617
0 105 18 -0.768213 -0.301758 -0.564615 0.4067 -0.574354 0.714426 0.399641 -0.103694 0.282781 0.631299 -0.722147 0.907658
0 106 24 -0.331264 -0.871044 0.362692 0.418768 0.942302 -0.28574 0.174415 0.00067366 -0.0482877 0.399543 0.915442 0.908093
0 107 24 0.371699 -0.786276 -0.493569 0.306436 -0.810468 -0.534123 0.240529 -0.214318 -0.452749 0.310618 -0.835784 0.927451
0 108 13 -0.929588 0.179255 -0.322077 -0.378461 -0.104586 -0.966143 -0.235859 0.0384198 -0.353451 -0.185567 0.916863 0.92482
0 109 33 0.3782 -0.925637 -0.012676 0.0737912 -0.879129 -0.35484 -0.318151 0.24794 0.289995 0.131468 -0.947955 0.965961
0 110 22 -0.496059 0.372166 -0.784486 -0.0570973 0.797268 0.553103 -0.241745 -0.057035 0.343932 -0.745365 -0.571088 0.996738
0 111 25 0.0805653 -0.919412 -0.384955 0.102214 -0.992131 -0.111106 0.0577231 0.0490482 -0.095842 0.377275 -0.921129 0.993553
0 112 48 -0.364986 0.75802 0.540546 -0.201191 -0.331592 -0.648367 0.685323 -0.0482649 0.869961 0.0708924 0.487998 0.978362
0 113 0 1 0 0 0 0 1 0 0 0 0 1 0
0 114 24 -0.334362 0.794441 -0.507015 0.361519 0.732477 0.557578 0.39062 -0.225556 0.593026 -0.240768 -0.768343 0.90467
0 115 0 1 0 0 0 0 1 0 0 0 0 1 0
0 116 11 -0.691651 0.668242 0.273991 0.125363 -0.694587 -0.719408 0.00119595 -0.0205789 0.19791 -0.189483 0.961732 -0.991898
0 117 0 1 0 0 0 0 1 0 0 0 0 1 0
0 118 0 1 0 0 0 0 1 0 0 0 0 1 0
0 119 19 -0.362818 -0.91693 -0.16614 0.0106529 -0.853075 0.255074 0.455193 -0.255661 -0.375002 0.306882 -0.874755 0.966708
0 120 0 1 0 0 0 0 1 0 0 0 0 1 0
0 121 0 1 0 0 0 0 1 0 0 0 0 1 0
0 122 27 -0.229866 0.973166 0.0104553 -0.0724194 0.594467 0.148905 -0.790213 0.244598 -0.770565 -0.175428 -0.612744 0.966916
0 123 22 0.0422411 0.967211 0.250439 -0.0336682 0.998904 -0.0358279 -0.0301139 0.0838544 -0.0201537 0.251436 -0.967664 0.995909
0 124 27 0.181805 0.559151 -0.808887 0.239046 0.67772 0.524775 0.51508 -0.124307 0.71249 -0.641842 -0.283541 0.963019
0 125 20 -0.467402 0.839548 0.276937 -0.0339564 0.874175 0.392241 0.286296 -0.30469 0.131733 0.375907 -0.917246 0.951846
0 126 30 0.570156 -0.623851 -0.53454 0.265395 -0.578913 -0.766758 0.277383 -0.233512 -0.582909 0.1513 -0.798327 0.935435
0 127 11 0.659456 0.725647 -0.196353 -0.137526 -0.722337 0.684003 0.101831 0.140739 0.208199 0.0746798 0.975231 0.980448
0 128 17 0.93932 0.329411 0.095738 0.0574243 -0.335945 0.939811 0.0624145 0.081931 -0.0694156 -0.0907898 0.993448 0.994982
0 129 24 -0.0991752 -0.960424 0.26029 -0.185287 -0.961024 0.160285 0.225257 -0.147041 -0.258062 -0.227805 -0.938887 0.971621
0 130 0 1 0 0 0 0 1 0 0 0 0 1 0
0 131 27 0.774495 -0.599611 0.201555 -0.240202 -0.53103 -0.443134 0.722246 -0.471899 -0.34375 -0.666407 -0.661617 0.848301
0 132 19 0.313255 -0.884314 0.346207 -0.296055 -0.949632 -0.294895 0.105997 -0.0522449 0.0083599 -0.361974 -0.932151 0.953741
0 133 0 1 0 0 0 0 1 0 0 0 0 1 0
0 134 13 -0.741673 -0.608815 0.28154 -0.170233 -0.619355 0.782736 0.0610296 0.12948 -0.257527 -0.129109 -0.957607 0.97686
0 135 15 0.972677 -0.171531 0.15645 -0.349577 0.204334 0.95242 -0.226149 0.214945 -0.110215 0.251938 0.961447 -0.911918
0 136 0 1 0 0 0 0 1 0 0 0 0 1 0
0 137 19 -0.546636 0.779901 0.304866 0.0139061 0.833893 0.540152 0.113396 -0.0948151 -0.0762359 0.316212 -0.94562 0.995398
0 138 0 1 0 0 0 0 1 0 0 0 0 1 0
0 139 13 0.990379 0.0674924 -0.120809 -0.317626 -0.0482902 0.986678 0.155351 0.1074 0.129684 -0.148022 0.980444 0.942114
0 140 52 0.995788 -0.00355106 0.0916208 -0.749677 -0.020146 0.966357 0.256413 -0.657657 -0.089449 -0.257179 0.962215 -0.0739694
0 141 48 0.929319 -0.0237245 0.368515 -0.961031 -0.0107485 0.995773 0.0912123 0.206877 -0.369121 -0.0887263 0.925136 0.183361
0 142 48 0.849526 0.0348348 0.526395 -0.775347 0.165082 0.930152 -0.327973 0.531363 -0.501052 0.36552 0.784438 0.341307
0 143 21 0.971669 -0.234798 -0.0270218 0.491622 0.236068 0.969716 0.0626387 -0.0264217 0.011496 -0.0672431 0.99767 -0.870408
0 144 13 0.798439 -0.600349 -0.0455644 -0.0834829 0.585882 0.79217 -0.170904 0.0454166 0.138697 0.109761 0.984234 -0.995474
0 145 17 0.990033 0.132285 -0.0483261 -0.0976972 0.133729 -0.990624 0.0279544 -0.141768 -0.044175 -0.0341384 -0.99844 0.985067
0 146 27 0.401982 0.714851 -0.572188 0.388524 0.780567 0.0591456 0.622268 -0.0334723 0.478671 -0.696771 -0.534214 0.920831
0 147 12 -0.804458 -0.438463 0.400747 -0.0020314 0.443295 -0.892211 -0.0863125 -0.149631 0.395395 0.108214 0.912114 0.98874
0 148 25 0.67539 0.482868 -0.557393 0.338169 0.570468 -0.821075 -0.0200627 0.0146998 -0.467349 -0.304425 -0.830006 0.94097
0 149 15 -0.0183712 0.951513 -0.30706 0.142687 -0.783437 -0.204509 -0.586858 -0.133861 -0.6212 0.229781 0.749207 0.980674
0 150 19 -0.263982 -0.953952 -0.142437 0.273699 0.961383 -0.248321 -0.118659 0.234577 0.0778247 -0.16826 0.982666 -0.932771
0 151 19 0.768452 0.595863 -0.233299 0.127173 0.639893 -0.713083 0.286443 -0.256786 0.00431894 -0.369404 -0.929259 0.958065
0 152 19 0.0926849 -0.947275 -0.306725 0.156918 -0.995691 -0.0872545 -0.0314011 -0.137129 0.00298234 0.308314 -0.95128 0.978045
0 153 19 -0.0245188 -0.902967 -0.42901 0.130449 -0.959626 -0.0990254 0.26327 -0.255151 -0.280207 0.418145 -0.864083 0.958061
0 154 0 1 0 0 0 0 1 0 0 0 0 1 0
0 155 23 -0.0556388 -0.996468 0.0628928 0.128503 -0.670044 0.083964 0.737558 -0.182947 -0.740234 -0.00110411 -0.672349 0.974688
0 156 0 1 0 0 0 0 1 0 0 0 0 1 0
0 157 10 -0.966925 -0.00149846 0.255057 0.115288 -0.09696 -0.922752 -0.372997 -0.153969 0.235914 -0.385391 0.892087 0.981327
0 158 17 0.977516 -0.0762124 0.196605 0.0441782 0.109647 0.980143 -0.16522 -0.309358 -0.18011 0.183062 0.966462 0.949919
0 159 29 0.695324 0.716195 -0.0599075 0.125124 0.634385 -0.572446 0.519481 -0.161691 0.337756 -0.399212 -0.852379 0.978877
0 160 19 0.917121 -0.396725 0.0387014 0.125823 0.32779 0.695374 -0.639538 -0.159482 0.226809 0.59922 0.767785 0.97915
1 2 38 0.987829 0.0827126 -0.13173 0.858417 -0.0874015 0.995715 -0.0302094 0.0878537 0.128667 0.0413551 0.990825 -0.505373
1 3 11 0.925122 0.352925 0.139974 -0.385235 -0.355922 0.934508 -0.00385972 0.173933 -0.132169 -0.0462492 0.990148 -0.906279
1 4 13 0.765685 0.440417 -0.468785 0.396251 0.548404 -0.827849 0.117977 -0.282248 -0.336124 -0.347416 -0.875398 0.873682
1 5 19 0.890386 -0.436246 -0.130009 0.184338 -0.441812 -0.759419 -0.477582 0.154642 0.109612 0.482672 -0.868915 0.970621
1 6 24 0.502982 -0.860701 0.0787571 0.0685484 -0.829699 -0.506363 -0.234937 0.129865 0.242091 0.0528246 -0.968815 0.989159
1 7 0 1 0 0 0 0 1 0 0 0 0 1 0
1 8 16 -0.83282 -0.546129 -0.0902992 0.13135 -0.541917 0.837664 -0.0681476 0.277791 0.112858 -0.00781999 -0.99358 0.951619
1 9 12 0.741553 -0.66341 0.099933 0.250736 0.669884 0.740347 -0.0560448 0.211299 -0.0368045 0.108504 0.993415 -0.944714
1 10 0 1 0 0 0 0 1 0 0 0 0 1 0
1 11 11 -0.352339 0.775728 0.523548 0.29913 -0.920274 -0.388891 -0.0431195 -0.155883 0.170154 -0.497001 0.850904 0.941393
1 12 0 1 0 0 0 0 1 0 0 0 0 1 0
1 13 0 1 0 0 0 0 1 0 0 0 0 1 0
1 14 22 0.116585 0.855436 0.504615 -0.162906 0.865017 -0.337108 0.371622 -0.184837 0.488009 0.393175 -0.779269 0.969173
1 15 0 1 0 0 0 0 1 0 0 0 0 1 0
1 16 13 -0.0259012 0.954673 -0.296527 0.255599 0.992689 0.0595441 0.104993 -0.176649 0.117891 -0.291639 -0.949236 0.950508
1 17 22 -0.301645 0.927179 0.222148 -0.108284 0.925552 0.228845 0.301636 -0.16119 0.228833 0.296596 -0.927182 0.980965
1 18 28 -0.439148 -0.896319 0.0613324 -0.14637 -0.712258 0.38895 0.584299 -0.146246 -0.547574 0.21291 -0.809217 0.97836
1 19 0 1 0 0 0 0 1 0 0 0 0 1 0
1 20 0 1 0 0 0 0 1 0 0 0 0 1 0
1 21 11 -0.513569 -0.591043 0.622025 -0.0405708 -0.745385 -0.0517792 -0.66462 -0.179733 0.425027 -0.804977 -0.413962 0.982879
1 22 0 1 0 0 0 0 1 0 0 0 0 1 0
1 23 11 0.1957 -0.934125 -0.298517 0.0487927 0.97732 0.210895 -0.0192304 0.0386881 0.0809192 -0.287983 0.954211 0.998059
1 24 0 1 0 0 0 0 1 0 0 0 0 1 0
1 25 18 0.964736 -0.168539 0.202188 -0.0262275 0.260174 0.727105 -0.635317 0.0974109 -0.0399361 0.665517 0.745313 0.994899
1 26 15 0.648127 0.756042 0.0912747 -0.0613151 0.728559 -0.650481 0.214654 -0.263529 0.22166 -0.072624 -0.972416 0.962701
1 27 11 -0.426301 0.904222 0.0254947 -0.0740302 -0.876285 -0.405808 -0.259699 -0.0936713 -0.22448 -0.133051 0.965353 0.992847
1 28 20 -0.140794 -0.874485 -0.464169 0.260247 -0.954663 -0.00429166 0.297658 -0.152672 -0.26229 0.485033 -0.834234 0.953395
1 29 0 1 0 0 0 0 1 0 0 0 0 1 0
1 30 10 0.848205 -0.529665 0.00188586 0.136729 0.526582 0.843641 0.104789 0.00624629 -0.0570943 -0.0878899 0.994493 0.990589
1 31 0 1 0 0 0 0 1 0 0 0 0 1 0
1 32 0 1 0 0 0 0 1 0 0 0 0 1 0
1 33 16 -0.647267 0.403067 0.64698 -0.204839 0.404437 0.901037 -0.156727 -0.0301193 -0.646124 0.160218 -0.746226 0.978332
1 34 0 1 0 0 0 0 1 0 0 0 0 1 0
1 35 0 1 0 0 0 0 1 0 0 0 0 1 0
1 36 0 1 0 0 0 0 1 0 0 0 0 1 0
1 37 0 1 0 0 0 0 1 0 0 0 0 1 0
1 38 0 1 0 0 0 0 1 0 0 0 0 1 0
1 39 28 0.0423926 0.582885 0.811448 -0.313222 0.385309 0.739812 -0.551557 0.0788362 -0.921813 0.33604 -0.193228 0.946402
1 40 11 0.480388 -0.331343 0.812059 -0.160721 -0.357847 -0.919366 -0.163436 -0.124237 0.800733 -0.21208 -0.560222 0.97915
1 41 28 -0.200985 -0.923638 0.32634 -0.169556 -0.748473 -0.0701277 -0.659447 0.245018 0.631976 -0.376796 -0.677223 0.954577
1 42 0 1 0 0 0 0 1 0 0 0 0 1 0
1 43 0 1 0 0 0 0 1 0 0 0 0 1 0
1 44 0 1 0 0 0 0 1 0 0 0 0 1 0
1 45 0 1 0 0 0 0 1 0 0 0 0 1 0
1 46 0 1 0 0 0 0 1 0 0 0 0 1 0
1 47 14 -0.905033 0.353673 -0.236286 0.0234248 0.238366 0.88182 0.406909 -0.342608 0.352275 0.311943 -0.88238 0.939186
1 48 16 0.94014 0.292747 -0.174462 0.0687848 0.220896 -0.913307 -0.342162 0.225985 -0.259504 0.283142 -0.923303 0.971699
1 49 16 0.122629 0.891214 0.436692 -0.3345 0.986583 -0.157252 0.0438785 -0.166146 0.107776 0.425452 -0.89854 0.927634
1 50 11 -0.794946 0.0409765 -0.605294 -0.255206 0.158519 -0.949027 -0.272433 -0.219352 -0.585604 -0.31252 0.74793 0.941677
1 51 0 1 0 0 0 0 1 0 0 0 0 1 0
1 52 19 -0.718712 -0.665493 0.201425 0.322857 0.614441 -0.743483 -0.264 0.241666 0.325446 -0.0659761 0.943256 0.915074
1 53 22 0.140755 0.989921 -0.0156115 0.0961909 -0.976721 0.136265 -0.165674 0.278919 -0.161877 0.0385675 0.986057 0.955485
1 54 20 -0.931782 0.322677 -0.166318 -0.166722 -0.360052 -0.879917 0.310015 -0.110122 -0.0463109 0.348749 0.936071 0.979835
1 55 28 -0.350402 0.880122 0.320318 -0.196968 0.933047 0.298265 0.201149 -0.029329 0.0814958 0.369355 -0.925708 0.979971
1 56 11 -0.900563 -0.408076 -0.149866 -0.0660013 0.428484 -0.891429 -0.147502 0.203596 -0.0734024 -0.19705 0.977642 -0.976828
1 57 14 -0.972696 0.174571 -0.152929 0.309776 -0.148524 -0.974567 -0.167809 0.272965 -0.178334 -0.140513 0.973885 -0.910785
1 58 0 1 0 0 0 0 1 0 0 0 0 1 0
1 59 23 0.770351 -0.588565 -0.245258 0.136058 0.637042 0.726824 0.25672 -0.18867 0.0271631 -0.354004 0.934849 0.97257
1 60 16 0.756965 -0.286474 -0.587312 0.073796 -0.50354 -0.828551 -0.24485 0.11827 -0.416475 0.481078 -0.771435 0.990236
1 61 0 1 0 0 0 0 1 0 0 0 0 1 0
1 62 33 0.526633 0.787591 0.319934 -0.288476 0.707161 -0.614745 0.349302 -0.141553 0.471785 0.0422907 -0.880699 0.946966
1 63 29 -0.676882 -0.673999 0.295899 -0.0364968 -0.720521 0.688918 -0.0790047 0.153528 -0.150601 -0.266679 -0.951946 0.98747
1 64 14 0.230779 -0.969534 0.0821208 0.181595 -0.966887 -0.219059 0.13093 0.106966 -0.108952 -0.109617 -0.987985 0.977539
1 65 15 0.59023 -0.761125 0.268918 -0.0620618 0.70615 0.64824 0.284847 0.148393 -0.391127 0.0217709 0.920079 0.986979
1 66 0 1 0 0 0 0 1 0 0 0 0 1 0
1 67 13 0.846311 0.518169 0.123524 0.271335 -0.52681 0.7798 0.338206 0.188018 0.0789245 -0.351301 0.93293 0.943942
1 68 27 -0.624879 -0.335262 0.705071 -0.165515 0.577872 -0.805876 0.128952 0.255254 0.524967 0.48802 0.697313 0.952602
1 69 16 -0.979597 0.0831913 -0.182943 -0.274863 -0.136941 -0.942568 0.30465 0.155555 -0.147092 0.323487 0.93473 0.948817
1 70 18 -0.906286 -0.413737 -0.0864163 -0.164144 0.421627 -0.870635 -0.253428 -0.0139024 0.0296157 -0.266114 0.963487 0.986338
1 71 20 -0.261649 -0.942949 0.205883 -0.235932 0.929548 -0.303606 -0.209199 0.0403355 0.259772 0.136641 0.955954 0.970932
1 72 15 0.999428 0.0322835 0.0101079 0.0259704 -0.0329107 0.997026 0.0696906 0.163869 -0.007828 -0.0699834 0.997517 -0.98614
1 73 10 -0.348796 -0.878207 -0.327251 0.331065 0.894771 -0.208173 -0.39503 0.270898 0.278793 -0.430599 0.858405 -0.903886
1 74 0 1 0 0 0 0 1 0 0 0 0 1 0
1 75 0 1 0 0 0 0 1 0 0 0 0 1 0
1 76 0 1 0 0 0 0 1 0 0 0 0 1 0
1 77 0 1 0 0 0 0 1 0 0 0 0 1 0
1 78 15 0.495952 -0.846769 0.192391 0.148832 0.808817 0.369846 -0.457196 -0.0323551 0.315985 0.382357 0.868307 0.988333
1 79 0 1 0 0 0 0 1 0 0 0 0 1 0
1 80 22 -0.747578 -0.541167 -0.385052 0.238749 -0.402699 0.83035 -0.385166 0.241428 0.528167 -0.132882 -0.838678 0.940591
1 81 23 -0.457365 -0.664276 0.591232 -0.300983 -0.879855 0.434555 -0.192397 0.249877 -0.129118 -0.608194 -0.783217 0.92031
1 82 0 1 0 0 0 0 1 0 0 0 0 1 0
1 83 0 1 0 0 0 0 1 0 0 0 0 1 0
1 84 0 1 0 0 0 0 1 0 0 0 0 1 0
1 85 10 0.610957 0.780064 -0.135024 -0.0336536 -0.789876 0.612102 -0.0377828 -0.329197 0.0531756 0.129736 0.990122 0.943661
1 86 0 1 0 0 0 0 1 0 0 0 0 1 0
1 87 14 0.91339 -0.376594 0.154583 -0.391989 0.378338 0.92547 0.0191194 0.15883 -0.150262 0.0410213 0.987795 -0.906155
1 88 22 0.748034 -0.650974 0.129143 -0.288026 -0.428898 -0.325688 0.8426 -0.751913 -0.50645 -0.685682 -0.522827 0.593016
1 89 13 0.996769 -0.0763472 0.0249593 0.205663 0.0786276 0.990937 -0.10891 0.116954 -0.0164182 0.11052 0.993738 -0.971609
1 90 22 0.997573 -0.0693265 0.00640272 -0.0666424 0.0679095 0.948649 -0.308955 0.204723 0.0153448 0.30864 0.951055 -0.976549
1 91 33 0.930505 0.339844 0.136627 -0.257996 -0.341166 0.939894 -0.0143494 -0.307323 -0.133292 -0.0332603 0.990519 0.915965
1 92 12 0.885576 0.447364 0.124979 -0.306258 -0.418501 0.8852 -0.20317 0.131328 -0.201523 0.127619 0.971134 -0.942846
1 93 13 0.0190132 0.994546 -0.102549 0.250856 -0.999761 0.0200161 0.0087592 0.14875 0.0107641 0.102358 0.994689 -0.956527
1 94 11 0.951802 -0.306598 0.0084483 0.0900556 0.306678 0.950909 -0.0414771 0.118484 0.00468322 0.0420689 0.999104 -0.988864
1 95 17 0.953956 -0.296325 -0.0464684 0.243818 0.289731 0.950428 -0.112886 0.0853172 0.0776159 0.0942251 0.992521 -0.966061
1 96 25 0.858733 -0.202154 -0.470862 0.880974 0.119557 0.972575 -0.199511 0.445267 0.49828 0.115032 0.859351 -0.160072
1 97 0 1 0 0 0 0 1 0 0 0 0 1 0
1 98 15 0.972118 0.160786 0.170688 0.0410351 0.133636 -0.978001 0.160171 -0.0864509 0.192686 -0.132895 -0.97222 0.995411
1 99 0 1 0 0 0 0 1 0 0 0 0 1 0
1 100 17 -0.638014 0.591894 0.492543 -0.185359 -0.752904 -0.345387 -0.560217 -0.101204 -0.161471 -0.728264 0.666002 0.977446
1 101 21 -0.727477 -0.472007 -0.497982 0.233442 -0.498277 0.862387 -0.0894946 -0.0730097 0.471695 0.183028 -0.862557 0.969626
1 102 0 1 0 0 0 0 1 0 0 0 0 1 0
1 103 20 0.276123 0.824195 -0.494428 0.356605 0.875857 -0.427607 -0.223667 0.10727 -0.395766 -0.371289 -0.839949 0.928076
1 104 0 1 0 0 0 0 1 0 0 0 0 1 0
1 105 0 1 0 0 0 0 1 0 0 0 0 1 0
1 106 15 -0.50438 -0.729815 0.461487 0.307672 0.813995 -0.580202 -0.0279028 0.135197 0.28812 0.361575 0.886708 0.941838
1 107 18 -0.254922 0.877821 -0.405519 0.343892 0.950939 0.15156 -0.269711 0.0856706 -0.175297 -0.454379 -0.87339 0.935093
1 108 17 -0.391744 -0.914143 0.104299 -0.396333 -0.395148 0.269532 0.878186 -0.0840999 -0.8309 0.302811 -0.466809 0.914247
1 109 18 -0.681919 -0.731129 0.020919 0.0737912 0.510963 -0.455718 0.728861 0.24794 -0.523358 0.507713 0.684342 0.965961
1 110 0 1 0 0 0 0 1 0 0 0 0 1 0
1 111 19 0.755765 -0.526147 0.389857 -0.329619 -0.653491 -0.644217 0.397409 -0.196275 0.0420573 -0.555116 -0.830709 0.923486
1 112 16 0.827558 0.544935 -0.134885 0.215961 -0.561216 0.797261 -0.222287 -0.207005 -0.0135939 0.259655 0.965606 0.954206
1 113 0 1 0 0 0 0 1 0 0 0 0 1 0
1 114 0 1 0 0 0 0 1 0 0 0 0 1 0
1 115 0 1 0 0 0 0 1 0 0 0 0 1 0
1 116 0 1 0 0 0 0 1 0 0 0 0 1 0
1 117 0 1 0 0 0 0 1 0 0 0 0 1 0
1 118 0 1 0 0 0 0 1 0 0 0 0 1 0
1 119 0 1 0 0 0 0 1 0 0 0 0 1 0
1 120 13 0.457543 0.84786 -0.267933 0.352317 -0.844331 0.508766 0.168117 -0.0547537 0.278854 0.149303 0.948656 0.934278
1 121 0 1 0 0 0 0 1 0 0 0 0 1 0
1 122 22 -0.830792 0.452266 0.324407 -0.153041 0.532946 0.814464 0.229381 -0.222498 -0.160476 0.363459 -0.917684 0.962846
1 123 10 0.995543 -0.0515181 0.0789945 0.237332 0.0640598 0.984126 -0.165505 -0.0370861 -0.0692141 0.169828 0.98304 0.970721
1 124 13 0.0346245 -0.907988 0.417563 0.239046 -0.998713 -0.0159391 0.0481541 -0.124307 -0.0370677 -0.418693 -0.907371 0.963019
1 125 0 1 0 0 0 0 1 0 0 0 0 1 0
1 126 15 0.949914 0.124243 -0.286754 0.265395 0.154959 -0.984088 0.0869412 -0.233512 -0.271389 -0.127022 -0.954051 0.935435
1 127 11 -0.073229 0.995744 0.0559674 -0.235495 -0.989766 -0.079452 0.118538 -0.0729725 0.12248 -0.0467141 0.991371 0.969132
1 128 15 0.89474 0.424236 0.139516 -0.140717 -0.44346 0.880915 0.165323 -0.00844596 -0.052766 -0.209791 0.976321 0.990014
1 129 11 0.662244 -0.739945 -0.117955 -0.185287 0.748134 0.661712 0.0493193 -0.147041 0.0415589 -0.120908 0.991793 0.971621
1 130 24 -0.317632 0.94811 -0.0140721 -0.170977 0.800398 0.276045 0.53213 -0.156241 0.508402 0.157759 -0.846546 0.972808
1 131 13 0.699667 -0.592286 -0.399578 0.0592308 -0.674463 -0.732056 -0.0958827 -0.19614 -0.235724 0.336587 -0.911671 0.978785
1 132 0 1 0 0 0 0 1 0 0 0 0 1 0
1 133 14 0.556811 -0.611235 -0.562453 0.354607 -0.740272 -0.672304 -0.00223434 -0.00550997 -0.376773 0.417612 -0.826826 0.934999
1 134 0 1 0 0 0 0 1 0 0 0 0 1 0
1 135 0 1 0 0 0 0 1 0 0 0 0 1 0
1 136 0 1 0 0 0 0 1 0 0 0 0 1 0
1 137 25 -0.857192 0.0157829 0.514755 -0.33106 0.456764 0.484994 0.745753 -0.570713 -0.237883 0.874375 -0.422942 0.751456
1 138 19 -0.358488 0.850742 0.38435 -0.192751 0.921315 0.388816 -0.00130512 -0.0352712 -0.150552 0.35364 -0.923186 0.980614
1 139 0 1 0 0 0 0 1 0 0 0 0 1 0
1 140 24 0.99718 0.0699637 -0.0271354 -0.343831 -0.0731944 0.986556 -0.146114 0.0957766 0.016548 0.147688 0.988895 0.934135
1 141 11 -0.988331 0.0748007 0.132692 0.281775 -0.087936 -0.991484 -0.096058 -0.172434 0.124377 -0.106605 0.986492 -0.943859
1 142 10 0.657683 0.743727 -0.119674 0.14159 -0.750924 0.659882 -0.0258874 -0.18156 0.0597178 0.106892 0.992476 0.973133
1 143 0 1 0 0 0 0 1 0 0 0 0 1 0
1 144 11 -0.017247 -0.947795 -0.318414 0.00266019 0.998523 -0.0327356 0.0433558 -0.0825484 -0.0515159 -0.317196 0.94696 0.996584
1 145 15 -0.99205 0.0950194 0.0825087 -0.0653658 0.0647519 0.947623 -0.312759 -0.0399416 -0.107905 -0.30493 -0.946242 0.997062
1 146 19 0.866548 -0.119871 -0.484485 0.386879 -0.226029 -0.95973 -0.16682 -0.0454356 -0.444978 0.254065 -0.858746 0.92101
1 147 0 1 0 0 0 0 1 0 0 0 0 1 0
1 148 0 1 0 0 0 0 1 0 0 0 0 1 0
1 149 18 -0.319982 -0.946613 0.0391894 0.143453 -0.877415 0.311688 0.364683 -0.135416 -0.357429 0.0823066 -0.930307 0.980349
1 150 0 1 0 0 0 0 1 0 0 0 0 1 0
1 151 0 1 0 0 0 0 1 0 0 0 0 1 0
1 152 13 -0.609363 -0.774882 -0.168034 0.156328 -0.768716 0.525431 0.364689 -0.13733 -0.1943 0.351398 -0.915842 0.978111
1 153 0 1 0 0 0 0 1 0 0 0 0 1 0
1 154 0 1 0 0 0 0 1 0 0 0 0 1 0
1 155 18 0.338633 -0.93362 -0.116968 0.135033 -0.925131 -0.353046 0.139612 -0.157124 -0.17164 0.0609338 -0.983274 0.978304
1 156 14 0.987603 0.0757201 -0.137502 0.0213289 0.114207 -0.947557 0.298485 -0.280483 -0.107689 -0.310488 -0.944458 0.959622
1 157 19 0.498596 0.861645 0.0947068 -0.00385208 0.836283 -0.449393 -0.314128 0.188333 -0.228106 0.235825 -0.944645 0.982098
1 158 14 -0.150562 -0.981179 0.120909 0.129852 -0.935089 0.181036 0.304688 -0.122223 -0.320842 -0.0671863 -0.944747 0.983971
1 159 10 0.295397 0.951437 0.0866498 0.109648 -0.85932 0.304238 -0.411106 -0.1346 -0.417504 0.0469797 0.90746 0.984815
1 160 0 1 0 0 0 0 1 0 0 0 0 1 0
2 3 20 0.983454 -0.149234 0.102697 0.280423 0.145226 0.988352 0.0454978 0.270067 -0.108291 -0.0298307 0.993672 0.921101
2 4 0 1 0 0 0 0 1 0 0 0 0 1 0
2 5 21 0.908804 0.355165 -0.218937 0.162924 0.281345 -0.909168 -0.307016 0.125254 -0.308092 0.217421 -0.926179 0.978656
2 6 0 1 0 0 0 0 1 0 0 0 0 1 0
2 7 0 1 0 0 0 0 1 0 0 0 0 1 0
2 8 23 -0.96081 0.201625 -0.190239 0.223313 0.264026 0.874714 -0.406405 0.158999 0.0844629 -0.440706 -0.893669 0.961691
2 9 17 -0.819847 0.556196 -0.136003 0.30082 0.57098 0.776399 -0.266807 0.177934 -0.0428041 -0.296396 -0.954105 0.936935
2 10 0 1 0 0 0 0 1 0 0 0 0 1 0
2 11 0 1 0 0 0 0 1 0 0 0 0 1 0
2 12 0 1 0 0 0 0 1 0 0 0 0 1 0
2 13 0 1 0 0 0 0 1 0 0 0 0 1 0
2 14 10 -0.958362 0.137015 0.250539 -0.142441 0.171655 0.977575 0.121994 -0.140429 -0.228205 0.159921 -0.960389 0.979791
2 15 0 1 0 0 0 0 1 0 0 0 0 1 0
2 16 10 0.56175 0.779379 0.277498 0.145976 -0.794495 0.601746 -0.0817345 -0.190012 -0.230685 -0.174556 0.957243 0.970869
2 17 30 -0.701916 -0.690866 0.173256 -0.138419 -0.682237 0.582258 -0.442186 0.162706 0.204611 -0.428579 -0.880031 0.976917
2 18 20 0.997217 0.065131 0.0362884 -0.155461 0.0708041 -0.979761 -0.187229 0.138584 0.0233595 0.189277 -0.981646 0.978073
2 19 19 -0.188047 -0.972301 0.138817 -0.111074 -0.978676 0.197393 0.0568243 0.0924903 -0.0826517 -0.125171 -0.988686 0.989499
2 20 0 1 0 0 0 0 1 0 0 0 0 1 0
2 21 28 0.737893 0.674035 -0.0345134 -0.0089371 0.348669 -0.424488 -0.835608 0.498564 -0.577879 0.604555 -0.548242 0.866807
2 22 19 0.387396 -0.896468 -0.215103 0.116758 -0.81945 -0.227932 -0.52588 0.171272 0.422406 0.37999 -0.82291 0.978281
2 23 27 0.0718847 0.290918 0.954044 -0.393945 -0.0825314 -0.951503 0.296362 -0.208916 0.993993 -0.100042 -0.0443886 0.895076
2 24 23 -0.0194742 0.993861 0.108907 0.165612 -0.991202 -0.00492874 -0.132263 0.284408 -0.130914 -0.110525 0.985214 0.944291
2 25 15 0.467432 0.879404 0.0903121 -0.0261934 -0.83103 0.47195 -0.294368 0.100346 -0.301491 0.0625449 0.951415 0.994608
2 26 20 -0.474897 -0.828678 -0.296254 0.0426959 -0.795693 0.548132 -0.257728 0.0414694 0.37596 0.113333 -0.919679 0.998227
2 27 23 -0.921528 -0.374133 0.103979 -0.0397625 -0.244468 0.767018 0.593227 -0.265478 -0.301699 0.521256 -0.798292 0.963297
2 28 19 0.880248 -0.302892 0.365266 -0.0350321 -0.264091 -0.952251 -0.153215 0.050417 0.394232 0.0384034 -0.918208 0.998114
2 29 20 0.691218 -0.283755 -0.664606 0.403163 -0.19282 -0.95876 0.208803 -0.246176 -0.696447 -0.0161792 -0.717426 0.881395
2 30 13 -0.878953 -0.440663 0.182367 0.0541236 0.411845 -0.894164 -0.175654 -0.14688 0.24047 -0.0792848 0.967413 0.987673
2 31 12 0.261756 -0.945095 0.195652 -0.398164 0.956433 0.226849 -0.183783 0.0293288 0.129308 0.235234 0.963299 -0.916845
2 32 23 -0.342576 -0.876937 0.33708 -0.0447634 -0.922269 0.382287 0.0572383 -0.0951666 -0.179056 -0.29127 -0.939734 0.994454
2 33 25 -0.0802051 0.818474 0.568917 -0.204839 -0.995625 -0.0932269 -0.00624054 -0.0301193 0.0479307 -0.566929 0.822371 0.978332
2 34 0 1 0 0 0 0 1 0 0 0 0 1 0
2 35 18 -0.702681 -0.706133 -0.0872744 0.0686128 -0.707607 0.68073 0.189471 0.0166675 -0.0743812 0.194893 -0.978 0.997504
2 36 0 1 0 0 0 0 1 0 0 0 0 1 0
2 37 10 -0.935352 0.341146 -0.093472 -0.099099 -0.298122 -0.902531 -0.310743 0.162366 -0.19037 -0.262788 0.945887 0.981742
2 38 12 0.872591 -0.382414 0.303882 -0.218229 0.480965 0.56419 -0.67109 -0.0863076 0.0851869 0.731744 0.676235 0.972074
2 39 15 0.931167 -0.155566 -0.329739 0.170616 -0.244985 -0.936775 -0.24987 0.119629 -0.27002 0.313451 -0.910405 0.978049
2 40 14 -0.321905 0.146376 -0.935388 0.102193 0.00769657 0.988348 0.152015 -0.210086 0.946741 0.0417349 -0.31928 0.972327
2 41 30 0.351298 0.935357 -0.0411979 -0.169556 0.775764 -0.31543 -0.546529 0.245018 -0.524194 0.160034 -0.836426 0.954577
2 42 14 0.978295 0.207203 -0.00260419 -0.0383811 0.206481 -0.975793 -0.0720694 -0.130099 -0.0174741 0.0699673 -0.997396 0.990758
2 43 0 1 0 0 0 0 1 0 0 0 0 1 0
2 44 26 -0.586136 0.285764 0.758145 -0.415463 0.20101 0.95777 -0.205603 0.061266 -0.784882 0.0318835 -0.618825 0.907544
2 45 17 0.5962 0.791291 0.135663 -0.116886 0.748241 -0.608915 0.263358 0.0183585 0.291 -0.0555056 -0.955112 0.992976
2 46 12 0.496332 0.861591 -0.106378 0.0293679 -0.863565 0.477446 -0.162172 0.145621 -0.0889365 0.172356 0.981012 0.988904
2 47 20 -0.582415 0.504351 -0.637513 0.2572 0.789317 0.538375 -0.295178 -0.0696054 0.194348 -0.675116 -0.711651 0.963848
2 48 0 1 0 0 0 0 1 0 0 0 0 1 0
2 49 24 -0.837396 -0.145794 0.526793 -0.407212 0.13287 0.880566 0.454916 -0.207203 -0.530201 0.45094 -0.718011 0.88952
2 50 10 0.380523 0.922383 -0.0664257 0.25549 -0.924763 0.37923 -0.0315791 0.220867 -0.00393733 0.0734446 0.997292 -0.941245
2 51 14 -0.542264 -0.829698 0.132481 0.200683 0.822396 -0.556424 -0.118565 0.234283 0.172088 0.044658 0.984069 -0.95123
2 52 40 0.594003 -0.00023517 -0.804463 0.322857 -0.412089 -0.858923 -0.304029 0.241666 -0.690901 0.512104 -0.5103 0.915074
2 53 14 0.710718 0.666209 0.225934 -0.0958744 -0.702982 0.660546 0.263619 -0.141793 0.0263852 -0.346187 0.937795 0.985243
2 54 15 0.572693 -0.777524 -0.259767 -0.130681 0.819736 0.546059 0.172781 -0.173407 0.00750664 -0.311891 0.950088 0.976142
2 55 26 -0.329582 0.767668 -0.549601 0.0895402 -0.0217337 0.575803 0.817299 -0.293172 0.943877 0.281312 -0.17309 0.951857
2 56 21 -0.657257 0.516869 0.548506 -0.242265 0.0984468 0.780427 -0.617448 0.253351 -0.747209 -0.351823 -0.563825 0.936547
2 57 21 0.872018 -0.317382 0.37263 -0.349936 -0.462757 -0.78264 0.41633 -0.0977961 0.159499 -0.535485 -0.829347 0.931655
2 58 0 1 0 0 0 0 1 0 0 0 0 1 0
2 59 27 0.925631 -0.329523 -0.186067 0.136058 -0.233142 -0.883864 0.405498 -0.18867 -0.298079 -0.331962 -0.894958 0.97257
2 60 19 -0.248415 -0.847539 0.469007 -0.327934 -0.968455 0.207505 -0.137974 0.272443 0.019617 -0.488487 -0.87235 0.904563
2 61 0 1 0 0 0 0 1 0 0 0 0 1 0
2 62 0 1 0 0 0 0 1 0 0 0 0 1 0
2 63 22 -0.693072 0.554989 -0.460042 0.045739 0.392698 0.825848 0.404677 0.121509 0.604516 0.0998129 -0.790315 0.991536
2 64 14 0.976469 -0.215502 -0.00816754 0.193888 0.209606 0.939484 0.270988 0.139393 -0.0507253 -0.266324 0.962548 0.97107
2 65 10 0.880116 0.172679 0.442243 0.0280565 -0.335246 0.885622 0.321378 0.287805 -0.336165 -0.43111 0.83734 0.957278
2 66 0 1 0 0 0 0 1 0 0 0 0 1 0
2 67 14 0.299934 -0.953198 -0.038126 0.271335 0.953956 0.299812 0.00900732 0.188018 0.00284488 -0.0390721 0.999232 0.943942
2 68 15 0.622251 -0.756028 0.203039 -0.0968982 -0.722863 -0.654479 -0.221644 0.245033 0.300454 -0.0088511 -0.953755 0.96466
2 69 24 -0.581147 0.65466 0.483414 -0.276568 -0.607233 0.0466343 -0.793154 0.157715 -0.54179 -0.754484 0.37043 0.947964
2 70 14 0.941051 0.106028 -0.321217 -0.164144 -0.194007 0.947073 -0.255762 -0.0139024 0.277098 0.303003 0.911814 0.986338
2 71 11 -0.891404 0.343979 -0.295088 0.173794 -0.422702 -0.865867 0.267576 0.178716 -0.163466 0.363252 0.917239 0.96843
2 72 0 1 0 0 0 0 1 0 0 0 0 1 0
2 73 26 0.513687 0.233183 0.825682 -0.331891 -0.329648 -0.834851 0.440859 -0.271158 0.792122 -0.498648 -0.351984 0.903505
2 74 16 0.994321 -0.0733792 -0.0770781 -0.0485312 -0.0892633 -0.969415 -0.228619 0.279889 -0.0579448 0.234201 -0.97046 0.958805
2 75 31 0.331686 -0.846829 -0.41577 0.235161 0.781946 0.493342 -0.381017 0.139852 0.527773 -0.198732 0.82581 0.961842
2 76 0 1 0 0 0 0 1 0 0 0 0 1 0
2 77 17 -0.239367 0.970895 0.00817835 -0.0305356 0.634231 0.162731 -0.755823 0.230552 -0.735156 -0.175732 -0.654724 0.972581
2 78 25 -0.919473 0.304912 0.248189 -0.055719 -0.119724 0.38414 -0.915479 0.276107 -0.37448 -0.871473 -0.316701 0.95951
2 79 21 0.662768 -0.47207 -0.581282 0.210789 -0.739707 -0.533498 -0.410138 0.0770245 -0.116499 0.701805 -0.702779 0.974492
2 80 20 -0.304337 0.950448 0.06346 0.0706853 -0.946785 -0.309146 0.0895962 0.0913723 0.104775 -0.0328155 0.993954 -0.993305
2 81 20 0.888836 0.397448 0.228048 -0.300983 0.458143 -0.780252 -0.425808 0.249877 0.00869829 0.482952 -0.875604 0.92031
2 82 0 1 0 0 0 0 1 0 0 0 0 1 0
2 83 0 1 0 0 0 0 1 0 0 0 0 1 0
2 84 0 1 0 0 0 0 1 0 0 0 0 1 0
2 85 0 1 0 0 0 0 1 0 0 0 0 1 0
2 86 0 1 0 0 0 0 1 0 0 0 0 1 0
2 87 11 -0.684002 -0.68193 0.259061 0.247454 0.653182 -0.73066 -0.19872 0.125439 0.324798 0.033289 0.945197 0.960745
2 88 14 0.900639 0.434014 -0.021946 -0.0286629 0.3754 -0.802461 -0.463823 0.296917 -0.218916 0.409498 -0.885656 0.954473
2 89 10 -0.999329 -0.00947445 0.0353874 -0.184473 -0.00710946 -0.897455 -0.441049 -0.20286 0.0359373 -0.441004 0.896785 0.961674
2 90 18 0.931593 0.361995 -0.0330863 -0.0941106 0.318741 -0.857241 -0.404403 0.38284 -0.174755 0.366193 -0.913982 0.919009
2 91 24 0.286583 -0.953567 0.0926352 0.0872279 0.958053 0.285 -0.0301719 -0.321429 0.0023699 0.0973961 0.995243 -0.942908
