0 1 131 0.971943 0.0778931 -0.221944 0.930607 -0.0779764 0.99692 0.00840121 0.215669 0.221915 0.00914089 0.975023 -0.295732
0 2 21 0.94788 0.07616 -0.309393 0.853846 -0.039126 0.991486 0.124194 0.0491008 0.316217 -0.105616 0.942789 -0.518205
0 3 0 1 0 0 0 0 1 0 0 0 0 1 0
0 4 10 0.769032 -0.343783 0.53889 -0.0870907 0.591025 0.703545 -0.394607 0.0510804 -0.243474 0.621963 0.744233 0.99489
0 5 13 0.575104 0.321287 0.75235 -0.280315 -0.255556 0.944185 -0.207859 -0.0990722 -0.77714 -0.0727269 0.625111 0.954782
0 6 0 1 0 0 0 0 1 0 0 0 0 1 0
0 7 0 1 0 0 0 0 1 0 0 0 0 1 0
0 8 0 1 0 0 0 0 1 0 0 0 0 1 0
0 9 16 0.988382 -0.092111 0.120899 0.452159 0.106272 -0.149854 -0.98298 0.743466 0.10866 0.984408 -0.138324 0.492758
0 10 13 0.542176 -0.83213 -0.116636 0.0147859 -0.723775 -0.533004 0.438242 -0.235048 -0.426842 -0.153186 -0.891257 0.971871
0 11 0 1 0 0 0 0 1 0 0 0 0 1 0
0 12 0 1 0 0 0 0 1 0 0 0 0 1 0
0 13 0 1 0 0 0 0 1 0 0 0 0 1 0
0 14 0 1 0 0 0 0 1 0 0 0 0 1 0
0 15 12 -0.929463 0.315699 -0.190871 0.145405 0.357814 0.897422 -0.258077 0.252803 0.0898173 -0.308169 -0.947082 0.956529
0 16 10 0.27628 0.907296 -0.316992 0.114399 0.943877 -0.194029 0.2673 -0.240951 0.181015 -0.373051 -0.909981 0.963771
0 17 0 1 0 0 0 0 1 0 0 0 0 1 0
0 18 14 -0.710005 -0.70024 0.0745394 -0.130103 -0.703851 0.702357 -0.106243 -0.0104933 0.0220421 -0.127898 -0.991542 0.991445
0 19 12 -0.95268 -0.293035 -0.0808232 0.0663612 -0.235296 0.542553 0.806394 -0.229678 -0.192451 0.787253 -0.585829 0.971002
0 20 0 1 0 0 0 0 1 0 0 0 0 1 0
0 21 0 1 0 0 0 0 1 0 0 0 0 1 0
0 22 0 1 0 0 0 0 1 0 0 0 0 1 0
0 23 0 1 0 0 0 0 1 0 0 0 0 1 0
0 24 14 0.292089 0.937496 0.18917 -0.131879 0.953033 -0.268753 -0.139639 0.0556148 -0.0800709 0.221073 -0.971965 0.989705
0 25 0 1 0 0 0 0 1 0 0 0 0 1 0
0 26 17 -0.30351 0.881416 0.361922 0.0333734 0.763548 0.452207 -0.46098 0.0548717 -0.569979 0.136433 -0.810253 0.997936
0 27 13 0.936743 -0.292566 -0.192137 0.271246 -0.130743 -0.801676 0.583285 -0.269135 -0.324681 -0.521268 -0.789216 0.924117
0 28 11 0.747031 0.65821 0.0932968 -0.170379 -0.663743 0.730603 0.160202 -0.360621 0.0372838 -0.181601 0.982665 0.917019
0 29 0 1 0 0 0 0 1 0 0 0 0 1 0
0 30 0 1 0 0 0 0 1 0 0 0 0 1 0
0 31 14 0.355708 0.716609 0.599953 -0.358366 0.933874 -0.247286 -0.258318 -0.215067 -0.0367528 0.652167 -0.757184 0.908471
0 32 13 -0.98754 0.0465895 0.150312 0.00395173 0.122087 0.829502 0.544996 -0.316231 -0.0992929 0.556557 -0.824855 0.948674
0 33 0 1 0 0 0 0 1 0 0 0 0 1 0
0 34 16 0.166039 0.139955 -0.976137 0.644378 0.884248 -0.4593 0.0845563 -0.355647 -0.436505 -0.877187 -0.200017 0.676973
0 35 0 1 0 0 0 0 1 0 0 0 0 1 0
0 36 14 0.63036 -0.53413 0.563339 -0.68056 -0.149943 0.628232 0.76344 -0.730573 -0.761685 -0.565711 0.315923 -0.0556893
0 37 0 1 0 0 0 0 1 0 0 0 0 1 0
0 38 14 -0.451516 0.0582658 -0.890359 0.139041 -0.225157 0.958132 0.176882 0.0779286 0.863387 0.280336 -0.419493 0.987216
0 39 13 0.171229 0.940233 0.294351 -0.0560996 0.897749 -0.0258232 -0.43975 0.210622 -0.405867 0.339551 -0.848515 0.975957
0 40 13 -0.0598074 0.811138 0.581788 0.296168 0.953088 -0.12685 0.274832 -0.319158 0.296727 0.570933 -0.765499 0.900235
0 41 16 -0.0225975 0.998902 -0.0410389 -0.307892 -0.963598 -0.0327005 -0.26535 -0.123105 -0.2664 0.0335488 0.963278 0.943423
0 42 22 0.711428 -0.279967 0.644584 -0.951859 0.350229 0.936447 0.0201862 -0.0226993 -0.60927 0.211391 0.764267 0.305693
0 43 20 0.118152 0.380064 -0.917383 0.281375 0.858283 0.425531 0.286834 -0.164991 0.49939 -0.821264 -0.275925 0.945307
0 44 0 1 0 0 0 0 1 0 0 0 0 1 0
0 45 20 0.918495 -0.306154 0.250273 -0.635502 0.303161 0.951551 0.0514202 -0.0660966 -0.25389 0.0286436 0.966809 0.769265
0 46 29 0.83045 -0.21864 0.512396 -0.937755 0.308941 0.946122 -0.0969955 0.147749 -0.463582 0.23885 0.853254 0.314302
0 47 11 0.969141 -0.213031 0.124029 -0.0158873 0.209373 0.976935 0.0419628 0.0708199 -0.130107 -0.0146996 0.991391 0.997363
0 48 15 0.666397 -0.666831 0.333543 -0.654667 0.153532 0.560491 0.813804 -0.246922 -0.729618 -0.491107 0.47589 0.714451
0 49 16 0.81909 -0.157041 0.551751 -0.453488 0.335985 0.910904 -0.239515 0.329096 -0.464979 0.381565 0.798876 0.828278
0 50 14 -0.787262 0.577713 0.215561 0.316431 0.605481 0.658122 0.447513 -0.233611 0.116668 0.482828 -0.867909 0.919401
0 51 0 1 0 0 0 0 1 0 0 0 0 1 0
0 52 19 -0.475849 0.0431332 0.878468 0.215512 0.506078 -0.803462 0.313583 0.0338092 0.719342 0.593792 0.360498 0.975916
0 53 0 1 0 0 0 0 1 0 0 0 0 1 0
0 54 12 -0.822682 -0.183281 0.538147 -0.146958 -0.194329 0.980247 0.036774 -0.0581671 -0.534257 -0.0743244 -0.842048 0.987431
0 55 0 1 0 0 0 0 1 0 0 0 0 1 0
0 56 11 -0.384994 -0.256771 0.886481 -0.750188 -0.372757 0.921951 0.105158 -0.0210666 -0.844293 -0.289957 -0.450659 0.660889
0 57 18 -0.370342 0.863163 -0.343215 -0.00202146 -0.6037 -0.504471 -0.617297 0.248632 -0.70597 -0.0214121 0.707918 0.968596
0 58 11 0.846002 0.284925 -0.450665 -0.333662 -0.503186 0.147163 -0.851555 0.00535913 -0.176308 0.947186 0.267871 0.942677
0 59 0 1 0 0 0 0 1 0 0 0 0 1 0
0 60 0 1 0 0 0 0 1 0 0 0 0 1 0
0 61 12 -0.474413 -0.850573 0.226845 -0.482299 -0.25325 0.378669 0.89021 -0.612966 -0.843088 0.364879 -0.395053 0.625828
0 62 13 -0.554653 -0.656022 -0.511854 0.268355 -0.705652 0.696822 -0.128433 0.106949 0.440926 0.289956 -0.849417 0.957365
0 63 0 1 0 0 0 0 1 0 0 0 0 1 0
0 64 14 0.495256 -0.464132 0.734372 0.00985913 -0.729971 -0.68065 0.0621092 0.151803 0.471024 -0.566831 -0.675899 0.988362
0 65 0 1 0 0 0 0 1 0 0 0 0 1 0
0 66 0 1 0 0 0 0 1 0 0 0 0 1 0
0 67 0 1 0 0 0 0 1 0 0 0 0 1 0
0 68 11 0.517922 -0.846439 0.123683 0.120462 0.855419 0.513118 -0.0704808 0.210461 -0.00380628 0.142305 0.989816 0.970152
0 69 16 -0.339586 0.90047 -0.271726 0.163662 0.80606 0.129734 -0.57744 0.313858 -0.484715 -0.415118 -0.769888 0.935258
0 70 13 0.688822 -0.615505 -0.382986 0.108559 -0.722901 -0.543704 -0.42638 0.102345 0.0542086 0.570561 -0.819464 0.988808
0 71 13 -0.47069 -0.0436942 0.881216 0.364303 -0.488201 0.844839 -0.218876 0.0211484 -0.734922 -0.533233 -0.418989 0.93104
0 72 10 0.706961 0.51803 -0.48151 -0.375403 -0.155973 0.778251 0.608275 -0.31842 0.68984 -0.354924 0.630991 0.870449
0 73 0 1 0 0 0 0 1 0 0 0 0 1 0
0 74 13 -0.323596 -0.93502 -0.144997 -0.0189415 -0.941624 0.303183 0.146369 -0.138059 -0.0928977 0.183897 -0.978546 0.990243
0 75 23 0.808209 -0.368204 0.45959 -0.842782 0.513859 0.822155 -0.244968 0.405443 -0.287656 0.434151 0.853679 0.354026
0 76 19 0.886261 -0.317833 0.336932 -0.902049 0.425032 0.847156 -0.318865 0.343875 -0.184088 0.425805 0.88589 0.260877
0 77 0 1 0 0 0 0 1 0 0 0 0 1 0
0 78 16 0.507157 -0.201467 0.837975 -0.749756 0.695987 0.6692 -0.260334 0.068541 -0.508324 0.71525 0.479608 0.658155
0 79 10 -0.139855 0.67518 -0.724273 0.294001 -0.859252 -0.446254 -0.250087 -0.2113 -0.492064 0.587357 0.642561 0.932157
0 80 0 1 0 0 0 0 1 0 0 0 0 1 0
0 81 11 -0.752115 0.639585 -0.158914 0.173681 0.301505 0.548356 0.78 -0.530305 0.586018 0.538737 -0.605265 0.829826
0 82 0 1 0 0 0 0 1 0 0 0 0 1 0
0 83 13 -0.756125 -0.4143 -0.506588 0.203066 -0.34376 0.91014 -0.231245 0.227341 0.556871 -0.00070565 -0.830599 0.952408
0 84 11 0.537456 -0.704943 -0.462814 0.428226 0.725025 0.666557 -0.173322 0.367478 0.430674 -0.242399 0.869346 -0.82558
0 85 11 0.925347 -0.325348 -0.194632 0.956114 0.345935 0.934638 0.0823482 0.263116 0.155119 -0.143531 0.977414 0.128906
0 86 18 0.405313 -0.295522 0.865094 -0.988129 0.303332 0.936172 0.177686 -0.136882 -0.862387 0.190392 0.469084 0.0697502
0 87 24 0.312702 -0.0666596 0.947509 -0.678728 0.298885 0.953768 -0.0315397 -0.0445947 -0.901601 0.293058 0.318169 0.733035
0 88 49 0.933909 -0.207336 0.291248 -0.800178 0.202552 0.978151 0.0468368 0.0729063 -0.294596 0.0152517 0.9555 -0.595315
0 89 95 0.991987 -0.0422243 0.119076 -0.294299 0.0511203 0.996045 -0.0726705 0.177729 -0.115537 0.0781754 0.990222 -0.939043
0 90 71 0.999884 0.0143688 -0.00506603 0.0159509 -0.0152206 0.956846 -0.290196 0.335975 0.000677657 0.29024 0.956954 -0.941736
0 91 21 0.995216 0.0770759 0.0600423 0.0143833 -0.0718278 0.993777 -0.0851408 -0.147102 -0.066231 0.0804208 0.994558 -0.989017
0 92 15 0.941958 0.0875254 0.324121 -0.263123 0.319476 0.0630735 -0.945493 0.657619 -0.103198 0.994163 0.0314503 0.705906
0 93 10 0.957383 0.288775 0.00525592 -0.19723 -0.28857 0.957147 -0.0244381 -0.407725 -0.0120878 0.02188 0.999688 0.89155
0 94 21 0.964236 -0.191689 0.183043 -0.472329 0.257523 0.840942 -0.475919 0.783697 -0.0626998 0.506036 0.86023 -0.403391
0 95 0 1 0 0 0 0 1 0 0 0 0 1 0
0 96 17 0.851772 0.104914 0.5133 -0.753504 -0.240075 0.948987 0.204418 -0.116457 -0.465669 -0.297348 0.833508 -0.647047
0 97 12 0.6849 -0.690063 -0.233934 0.211607 -0.466945 -0.662145 0.586112 -0.302075 -0.559353 -0.292193 -0.775724 0.929502
0 98 12 -0.731814 0.603128 -0.317307 0.183506 0.626142 0.778861 0.0363475 0.145341 0.269061 -0.17208 -0.947626 0.972215
0 99 19 -0.441038 0.22515 0.868788 -0.434053 0.66209 -0.571902 0.484319 -0.0299847 0.605906 0.788819 0.103161 0.900388
0 100 12 -0.775039 0.569402 0.274037 0.272275 0.557532 0.820291 -0.127595 -0.0826855 -0.297443 0.0538929 -0.953217 0.95866
0 101 10 0.753771 -0.571626 0.32415 -0.318822 -0.650674 -0.718251 0.246455 -0.18193 0.0919412 -0.396686 -0.913338 0.93019
0 102 0 1 0 0 0 0 1 0 0 0 0 1 0
0 103 0 1 0 0 0 0 1 0 0 0 0 1 0
0 104 0 1 0 0 0 0 1 0 0 0 0 1 0
0 105 19 -0.999837 0.0165406 -0.00718318 0.185434 0.014256 0.968945 0.246864 -0.0677988 0.0110434 0.246722 -0.969023 0.980315
0 106 0 1 0 0 0 0 1 0 0 0 0 1 0
0 107 12 0.825383 -0.209882 -0.524111 0.681131 0.19172 0.977364 -0.0894644 0.323558 0.531024 -0.0266399 0.846938 -0.656789
0 108 10 0.989873 0.078887 0.118015 -0.0273839 -0.0704181 0.994747 -0.0742921 0.451506 -0.123256 0.0652293 0.990229 -0.891848
0 109 13 -0.713476 -0.662983 -0.226726 -0.100911 0.684961 -0.591795 -0.424978 -0.222794 0.147578 -0.45851 0.87635 0.969629
0 110 12 0.920339 0.267899 0.284968 0.243852 -0.388507 0.710286 0.586989 0.238222 -0.045155 -0.650941 0.757784 0.940099
0 111 16 -0.0500904 0.970909 0.23415 0.2498 -0.890568 0.0627012 -0.450507 -0.242535 -0.452083 -0.231092 0.86152 0.937431
0 112 0 1 0 0 0 0 1 0 0 0 0 1 0
0 113 0 1 0 0 0 0 1 0 0 0 0 1 0
0 114 0 1 0 0 0 0 1 0 0 0 0 1 0
0 115 12 0.543542 -0.581907 -0.604934 0.374162 -0.702227 -0.710047 0.0520578 0.0426746 -0.459825 0.396506 -0.794572 0.926381
0 116 10 0.775936 -0.614321 -0.143293 -0.0439597 0.432114 0.352141 0.830225 -0.905825 -0.459565 -0.70612 0.538696 -0.421366
0 117 12 -0.866434 -0.152106 -0.475559 0.242382 -0.300132 0.919842 0.252611 -0.204524 0.399015 0.361601 -0.842634 0.948378
0 118 11 0.869911 -0.444159 -0.214424 0.0269295 -0.486511 -0.844164 -0.225152 -0.0749277 -0.0810058 0.300182 -0.950436 0.996825
0 119 11 0.655025 -0.708969 0.261353 -0.271633 -0.755572 -0.611244 0.235566 0.000598431 -0.00725808 -0.351773 -0.936057 0.962401
0 120 14 0.075352 0.986775 0.143516 -0.247354 0.794712 0.0275036 -0.606363 0.369735 -0.602291 0.159745 -0.78213 0.895607
0 121 11 -0.443334 0.825919 0.348301 -0.29637 -0.868432 -0.299535 -0.395101 0.579358 -0.221993 -0.477637 0.850048 -0.759282
0 122 0 1 0 0 0 0 1 0 0 0 0 1 0
0 123 12 0.840326 -0.53728 -0.0719919 0.0310036 0.510328 0.82888 -0.229178 0.224417 0.182805 0.155845 0.970719 -0.974
0 124 11 0.426198 0.90444 0.0185032 -0.0503671 -0.888953 0.414934 0.193886 -0.0228787 0.16768 -0.0990822 0.98085 0.998469
0 125 0 1 0 0 0 0 1 0 0 0 0 1 0
0 126 15 0.978818 -0.204693 -0.00396143 -0.114312 0.203112 0.973324 -0.106707 0.0764294 0.0256979 0.103642 0.994283 -0.990501
0 127 0 1 0 0 0 0 1 0 0 0 0 1 0
0 128 20 0.991024 0.133574 0.00545157 -0.180941 -0.133409 0.990773 -0.0239013 0.581692 -0.00859387 0.0229595 0.999699 -0.793029
0 129 25 0.965418 0.060161 0.253671 -0.707209 -0.106837 0.978853 0.174452 0.704982 -0.237812 -0.19552 0.951429 -0.0534388
0 130 14 0.993279 0.0411694 0.108175 -0.279703 0.00762402 -0.955845 0.293772 -0.236537 0.115493 -0.290973 -0.949735 0.930493
0 131 0 1 0 0 0 0 1 0 0 0 0 1 0
0 132 13 0.0996201 -0.882855 0.458959 -0.515316 -0.920455 0.0934322 0.379517 -0.0890019 -0.37794 -0.460259 -0.80332 0.852366
0 133 13 0.951156 0.303838 -0.0546313 0.278059 -0.308243 0.924983 -0.222246 0.577187 -0.0169939 0.228231 0.973459 -0.767814
0 134 15 -0.259581 0.513347 0.817981 -0.508434 0.862633 0.504035 -0.042571 0.161206 -0.434145 0.694567 -0.573668 0.845877
0 135 12 0.213628 -0.277843 -0.936571 0.886845 -0.190928 -0.95209 0.238897 -0.11806 -0.958076 0.127782 -0.256441 0.44673
0 136 11 -0.899894 0.1962 0.389482 -0.236496 0.140581 0.975917 -0.166804 0.249193 -0.412829 -0.0953519 -0.905804 0.939134
0 137 15 0.0774481 0.156191 0.984686 -0.939044 0.583786 0.793526 -0.171785 0.0946568 -0.808205 0.58815 -0.0297247 0.330509
0 138 12 -0.624295 -0.549561 0.555192 -0.415502 -0.347036 0.831828 0.433161 -0.256731 -0.699872 0.0777488 -0.710024 0.872609
0 139 14 0.937314 -0.213067 -0.275763 0.466876 0.165391 0.968502 -0.186147 0.341484 0.306738 0.128869 0.943029 0.81573
0 140 59 0.99616 -0.00197869 0.0875249 -0.73448 -0.0192683 0.970275 0.241237 -0.64833 -0.0854006 -0.241997 0.966511 -0.200515
0 141 104 0.993401 -0.0367281 0.108651 -0.977674 0.0204922 0.988934 0.146935 0.18496 -0.112846 -0.143739 0.983161 -0.0997135
0 142 42 0.946294 -0.0539604 0.318773 -0.884336 0.098068 0.987428 -0.123973 0.418994 -0.308075 0.148576 0.939689 0.205896
0 143 18 0.885567 -0.237795 0.399029 -0.804142 0.232861 0.970557 0.0615989 0.178847 -0.401928 0.0383682 0.914867 0.566894
0 144 13 -0.650211 0.325085 -0.686691 0.554593 0.418602 0.90756 0.033282 0.0585308 0.634033 -0.26581 -0.726187 0.83006
0 145 0 1 0 0 0 0 1 0 0 0 0 1 0
0 146 10 -0.815618 0.514024 0.265606 0.0686818 -0.522492 -0.851534 0.043504 -0.247889 0.248535 -0.103294 0.9631 0.966351
0 147 0 1 0 0 0 0 1 0 0 0 0 1 0
0 148 16 -0.0686244 0.0382513 0.996909 0.12942 0.940788 0.334997 0.0519075 0.248013 -0.331976 0.941443 -0.0589753 0.960073
0 149 12 -0.427534 -0.700245 -0.571727 0.265099 -0.817769 0.56915 -0.085565 0.0215402 0.385315 0.430959 -0.81597 0.963981
0 150 10 0.833726 -0.514284 -0.201029 0.252471 -0.531835 -0.649995 -0.542824 0.171929 0.148498 0.559481 -0.815432 0.952207
0 151 0 1 0 0 0 0 1 0 0 0 0 1 0
0 152 16 0.31098 -0.934457 0.173438 0.104522 -0.872601 -0.353042 -0.337533 0.263291 0.376641 -0.0463757 -0.925198 0.959038
0 153 14 0.345149 -0.338237 -0.875482 0.17624 -0.0429397 0.926137 -0.374736 0.674454 0.937565 0.166932 0.305131 0.716974
0 154 13 0.0550952 0.15143 -0.986931 0.504222 -0.580922 -0.799058 -0.155034 -0.427385 -0.812092 0.581872 0.0439449 0.750401
0 155 0 1 0 0 0 0 1 0 0 0 0 1 0
0 156 0 1 0 0 0 0 1 0 0 0 0 1 0
0 157 0 1 0 0 0 0 1 0 0 0 0 1 0
0 158 10 -0.513889 -0.85697 0.0390055 0.210989 0.825666 -0.506433 -0.2486 0.143697 0.232796 -0.0955472 0.967821 0.966868
0 159 0 1 0 0 0 0 1 0 0 0 0 1 0
0 160 13 0.662576 -0.521594 -0.537524 0.191463 -0.746519 -0.401588 -0.530506 0.187507 0.0608454 0.752772 -0.655463 0.963422
1 2 89 0.961736 0.0585491 -0.26765 0.965379 -0.0695356 0.997074 -0.0317469 0.0504907 0.265008 0.0491433 0.962993 -0.25592
1 3 15 -0.552702 -0.68285 -0.477741 0.341672 -0.56193 0.728699 -0.39145 0.215072 0.61543 0.0521019 -0.786467 0.914879
1 4 14 0.2606 0.86725 -0.424222 0.317904 0.796074 -0.441626 -0.413802 0.0911279 -0.546218 -0.229876 -0.805483 0.943733
1 5 0 1 0 0 0 0 1 0 0 0 0 1 0
1 6 14 -0.989391 0.0494117 -0.136619 0.063091 -0.00502302 0.928188 0.372078 -0.194727 0.145193 0.368817 -0.918092 0.978826
1 7 11 0.394769 0.918566 0.0198702 0.111386 0.717571 -0.294737 -0.631049 0.373521 -0.573803 0.263377 -0.775489 0.92091
1 8 10 0.728357 0.33819 -0.595922 0.147205 0.656907 -0.0973244 0.747664 -0.0629282 0.194855 -0.936032 -0.293047 0.987102
1 9 0 1 0 0 0 0 1 0 0 0 0 1 0
1 10 14 -0.450992 -0.568018 0.688449 -0.488567 -0.00167953 0.771886 0.635759 -0.00663684 -0.892526 0.285566 -0.349069 0.872501
1 11 0 1 0 0 0 0 1 0 0 0 0 1 0
1 12 0 1 0 0 0 0 1 0 0 0 0 1 0
1 13 12 -0.691997 -0.325294 -0.644456 0.423893 0.039391 0.874378 -0.483645 0.502722 0.720825 -0.360067 -0.592253 0.753383
1 14 0 1 0 0 0 0 1 0 0 0 0 1 0
1 15 11 -0.521342 0.593903 -0.612765 0.45628 0.852972 0.341359 -0.394859 0.00501791 -0.0253345 -0.728528 -0.684548 0.889822
1 16 0 1 0 0 0 0 1 0 0 0 0 1 0
1 17 0 1 0 0 0 0 1 0 0 0 0 1 0
1 18 0 1 0 0 0 0 1 0 0 0 0 1 0
1 19 0 1 0 0 0 0 1 0 0 0 0 1 0
1 20 14 0.53793 0.842952 -0.00800841 0.0188012 0.829642 -0.531072 -0.172208 -0.223706 -0.149416 0.0859916 -0.985028 0.974475
1 21 12 0.575668 0.559526 -0.59627 0.601706 0.155837 -0.790927 -0.591735 0.277822 -0.802696 0.247722 -0.542506 0.748843
1 22 10 -0.419884 0.90001 0.116962 -0.0359548 0.907478 0.41825 0.0393832 -0.159277 -0.0134742 0.122677 -0.992355 0.986579
1 23 13 -0.871327 -0.25662 0.418254 -0.0980419 -0.351171 0.921437 -0.166229 0.00795565 -0.342737 -0.291718 -0.89299 0.99515
1 24 12 0.989074 0.0341723 0.143401 -0.0606617 -0.0177938 -0.937975 0.346246 -0.0878963 0.146339 -0.345015 -0.927119 0.994281
1 25 0 1 0 0 0 0 1 0 0 0 0 1 0
1 26 14 -0.95925 0.0313739 0.280811 0.061821 -0.0839923 0.917233 -0.389396 0.169854 -0.269786 -0.397114 -0.87722 0.983528
1 27 12 -0.659766 0.0597089 0.749095 0.211114 -0.674549 0.392284 -0.625378 0.101198 -0.331199 -0.917904 -0.218539 0.972209
1 28 14 0.24196 0.773513 0.585776 0.0153067 -0.695322 -0.282844 0.660702 -0.34027 0.676745 -0.567166 0.469403 0.940203
1 29 0 1 0 0 0 0 1 0 0 0 0 1 0
1 30 10 0.266515 0.585206 0.765835 -0.431455 0.814275 -0.561832 0.145947 -0.0960453 0.51568 0.584703 -0.626256 0.897007
1 31 12 -0.556279 -0.51789 0.64988 -0.357236 -0.696777 0.716846 -0.025166 -0.213994 -0.452831 -0.466821 -0.75962 0.909169
1 32 0 1 0 0 0 0 1 0 0 0 0 1 0
1 33 10 0.823067 -0.562257 0.0801693 -0.0530602 -0.565427 -0.79794 0.208768 -0.378922 -0.0534113 -0.21716 -0.974674 0.923906
1 34 11 0.717382 -0.645319 0.262537 0.0504414 0.665359 0.746343 0.0164262 -0.0355459 -0.206543 0.162898 0.964782 0.998094
1 35 0 1 0 0 0 0 1 0 0 0 0 1 0
1 36 13 -0.525706 -0.297504 0.796947 -0.317143 -0.0324947 0.94319 0.330662 -0.408469 -0.850046 0.147934 -0.505508 0.855905
1 37 0 1 0 0 0 0 1 0 0 0 0 1 0
1 38 0 1 0 0 0 0 1 0 0 0 0 1 0
1 39 0 1 0 0 0 0 1 0 0 0 0 1 0
1 40 0 1 0 0 0 0 1 0 0 0 0 1 0
1 41 11 -0.73369 0.672678 0.095934 -0.298153 0.207117 0.355867 -0.911296 -0.124523 -0.647149 -0.648739 -0.400419 0.946361
1 42 16 0.00357932 0.276055 0.961135 -0.787482 0.523242 0.818551 -0.23705 0.0387473 -0.852177 0.503755 -0.141514 0.615118
1 43 10 -0.467655 0.84842 0.247956 0.281166 -0.772948 -0.256448 -0.580333 -0.164297 -0.428778 -0.463053 0.775714 0.94549
1 44 0 1 0 0 0 0 1 0 0 0 0 1 0
1 45 16 0.550131 -0.310773 0.775098 -0.672242 0.351519 0.928114 0.122632 -0.145269 -0.75749 0.204998 0.619827 0.725939
1 46 15 0.921961 -0.293188 0.253038 -0.8404 0.333832 0.932847 -0.135475 -0.033266 -0.196326 0.209375 0.957924 0.540945
1 47 16 -0.362031 -0.783065 0.505711 -0.183577 -0.121957 0.577637 0.807132 -0.390517 -0.924154 0.230532 -0.304623 0.902106
1 48 0 1 0 0 0 0 1 0 0 0 0 1 0
1 49 11 -0.0882926 -0.638671 -0.764398 0.398499 -0.919176 -0.243459 0.309586 -0.206267 -0.383823 0.72995 -0.565555 0.893673
1 50 10 -0.652381 -0.74861 0.118247 -0.187942 0.757163 -0.650608 0.0584196 -0.298852 0.033199 0.127644 0.991264 -0.93561
1 51 10 0.780227 -0.245941 0.575116 -0.137762 -0.311372 -0.950152 0.0160992 -0.282393 0.542488 -0.191636 -0.817913 0.949356
1 52 0 1 0 0 0 0 1 0 0 0 0 1 0
1 53 12 0.217324 0.360813 0.906964 -0.102609 -0.157213 -0.904102 0.397345 -0.815821 0.963356 -0.228939 -0.139759 0.569128
1 54 0 1 0 0 0 0 1 0 0 0 0 1 0
1 55 11 -0.721933 0.68367 -0.106808 0.0104239 -0.512511 -0.632009 -0.581289 0.890629 -0.464913 -0.364911 0.806657 -0.45461
1 56 0 1 0 0 0 0 1 0 0 0 0 1 0
1 57 0 1 0 0 0 0 1 0 0 0 0 1 0
1 58 17 0.263082 -0.13579 0.95517 -0.361668 -0.718991 -0.68775 0.100259 -0.148987 0.643304 -0.713135 -0.278567 0.920325
1 59 0 1 0 0 0 0 1 0 0 0 0 1 0
1 60 14 0.804836 -0.529428 0.268224 -0.0315687 -0.363609 -0.797048 -0.482186 0.396939 0.46907 0.290552 -0.833998 0.917302
1 61 12 0.603086 -0.570939 -0.557061 0.147091 -0.731566 -0.674254 -0.100957 -0.0953081 -0.31796 0.468412 -0.824313 0.98452
1 62 10 0.0711615 -0.930504 -0.359302 0.160075 0.972568 0.144706 -0.182132 0.0387938 0.221468 -0.336484 0.915276 0.986342
1 63 0 1 0 0 0 0 1 0 0 0 0 1 0
1 64 14 0.680409 -0.0430905 0.731565 0.00870947 -0.129138 0.975598 0.177572 0.166639 -0.721365 -0.215294 0.658241 0.985979
1 65 0 1 0 0 0 0 1 0 0 0 0 1 0
1 66 13 -0.192101 -0.963478 0.186569 -0.151028 -0.541591 0.26262 0.798568 0.140702 -0.818399 0.0523616 -0.57226 0.978465
1 67 0 1 0 0 0 0 1 0 0 0 0 1 0
1 68 12 -0.14354 -0.98962 -0.00702006 0.166131 -0.803331 0.120657 -0.583182 0.291778 0.577975 -0.0780706 -0.812311 0.941948
1 69 0 1 0 0 0 0 1 0 0 0 0 1 0
1 70 12 -0.668673 0.740821 -0.0637226 0.108535 0.682445 0.645482 0.342962 0.102328 0.295205 0.185842 -0.937186 0.988812
1 71 12 0.998235 0.00339069 -0.0592913 -0.0893039 0.0114516 0.968643 0.248194 -0.0836808 0.0582736 -0.248435 0.966894 0.992483
1 72 0 1 0 0 0 0 1 0 0 0 0 1 0
1 73 14 0.0716181 -0.980171 0.18476 -0.120283 -0.670513 0.0898247 0.73644 -0.491155 -0.738433 -0.176626 -0.650784 0.862728
1 74 11 0.120117 0.982089 -0.145163 0.0764478 0.916949 -0.0537098 0.395374 -0.127499 0.380496 -0.180598 -0.906977 0.988888
1 75 15 0.286478 0.110263 0.951721 -0.718521 0.873252 0.378618 -0.306723 -0.0293586 -0.394159 0.918962 0.0121785 0.694885
1 76 12 0.318264 -0.661054 0.679496 -0.40974 0.260479 0.750158 0.607794 -0.377757 -0.911515 -0.0164446 0.410939 0.830309
1 77 0 1 0 0 0 0 1 0 0 0 0 1 0
1 78 0 1 0 0 0 0 1 0 0 0 0 1 0
1 79 0 1 0 0 0 0 1 0 0 0 0 1 0
1 80 10 -0.494514 -0.651708 -0.575094 0.343874 -0.104908 -0.612068 0.783816 -0.935333 -0.862815 0.44794 0.234306 0.0830778
1 81 0 1 0 0 0 0 1 0 0 0 0 1 0
1 82 12 -0.948202 -0.277504 -0.154612 -0.113577 0.130837 0.102354 -0.986106 0.144184 0.289474 -0.955257 -0.0607444 0.983011
1 83 0 1 0 0 0 0 1 0 0 0 0 1 0
1 84 0 1 0 0 0 0 1 0 0 0 0 1 0
1 85 12 0.183496 0.887721 0.422234 -0.166597 0.549846 -0.448738 0.704489 -0.342721 0.814861 0.102893 -0.570451 0.924547
1 86 17 0.30937 -0.366843 0.877335 -0.842079 0.422489 0.879563 0.218795 -0.235878 -0.851935 0.302976 0.427098 0.485041
1 87 14 0.323005 -0.945312 -0.045303 0.0653161 -0.749571 -0.284759 0.597542 -0.276117 -0.577764 -0.159051 -0.800557 0.958902
1 88 14 0.996119 -0.0710444 0.0519579 0.481327 0.0777859 0.986809 -0.141975 0.142929 -0.041186 0.145466 0.988506 -0.86481
1 89 50 0.939141 -0.123331 0.320631 -0.837201 0.152799 0.985892 -0.0683308 -0.0777999 -0.307681 0.113164 0.944736 -0.541334
1 90 77 0.973247 -0.0473336 0.224833 -0.614195 0.10872 0.956939 -0.26916 0.0767096 -0.202412 0.286403 0.936484 -0.785417
1 91 40 0.965259 -0.0489356 0.256671 -0.456821 0.172475 0.857231 -0.485188 0.64249 -0.196283 0.512602 0.83589 -0.615241
1 92 21 0.970409 0.00723827 0.241359 -0.402019 0.112961 0.869823 -0.480257 0.852224 -0.213416 0.49331 0.843267 -0.334805
1 93 18 0.99914 0.0147797 0.0387436 -0.554007 -0.00413147 0.965157 -0.261639 0.821791 -0.0412606 0.261254 0.964388 0.133174
1 94 37 0.978539 -0.202611 0.0375536 -0.0272066 0.202406 0.910901 -0.359571 0.77344 0.0386454 0.359455 0.932362 -0.633286
1 95 60 0.960775 -0.212292 -0.17845 0.546937 0.155698 0.945379 -0.286387 0.570051 0.2295 0.247369 0.941349 -0.613108
1 96 35 0.859208 -0.157033 -0.486931 0.97225 0.150289 0.987211 -0.0531808 0.179373 0.489055 -0.0274869 0.87182 -0.150181
1 97 0 1 0 0 0 0 1 0 0 0 0 1 0
1 98 15 -0.226556 -0.952143 -0.205172 -0.113727 0.234266 -0.257735 0.937386 -0.99345 -0.945406 0.164306 0.281446 -0.0111054
1 99 0 1 0 0 0 0 1 0 0 0 0 1 0
1 100 0 1 0 0 0 0 1 0 0 0 0 1 0
1 101 0 1 0 0 0 0 1 0 0 0 0 1 0
1 102 0 1 0 0 0 0 1 0 0 0 0 1 0
1 103 12 -0.84985 -0.482647 -0.211679 0.164505 -0.504851 0.630262 0.589827 -0.137919 -0.151265 0.60813 -0.779292 0.976687
1 104 0 1 0 0 0 0 1 0 0 0 0 1 0
1 105 0 1 0 0 0 0 1 0 0 0 0 1 0
1 106 0 1 0 0 0 0 1 0 0 0 0 1 0
1 107 0 1 0 0 0 0 1 0 0 0 0 1 0
1 108 11 -0.761021 -0.643394 -0.0830135 0.42651 0.644574 -0.764389 0.0152796 -0.336586 -0.0732854 -0.0418803 0.996431 0.839523
1 109 17 0.982056 -0.10701 0.155292 -0.10082 0.101642 0.993929 0.0421289 -0.222803 -0.158857 -0.0255888 0.98697 0.969636
1 110 12 -0.925346 -0.16169 -0.342917 0.243837 -0.308872 0.84602 0.434567 0.238212 0.219849 0.508042 -0.832802 0.940106
1 111 12 0.390664 -0.919681 0.0396105 0.0874854 0.740369 0.288343 -0.607217 -0.261355 0.547024 0.266544 0.793548 0.96127
1 112 0 1 0 0 0 0 1 0 0 0 0 1 0
1 113 0 1 0 0 0 0 1 0 0 0 0 1 0
1 114 10 0.895412 0.1729 0.410296 -0.490926 0.0616134 -0.960772 0.27041 -0.0768459 0.440955 -0.216849 -0.870939 0.867806
1 115 12 0.944762 -0.323192 -0.0545124 -0.00273423 -0.20601 -0.714913 0.668176 -0.248676 -0.254921 -0.620038 -0.742003 0.968583
1 116 10 0.745411 -0.388141 -0.541949 0.481954 -0.281351 -0.920224 0.272082 -0.182904 -0.604321 -0.0503353 -0.795149 0.856894
1 117 0 1 0 0 0 0 1 0 0 0 0 1 0
1 118 0 1 0 0 0 0 1 0 0 0 0 1 0
1 119 13 -0.842997 -0.0702249 -0.533314 0.389781 -0.346961 0.828621 0.439323 -0.374099 0.411064 0.555387 -0.722891 0.841499
1 120 0 1 0 0 0 0 1 0 0 0 0 1 0
1 121 0 1 0 0 0 0 1 0 0 0 0 1 0
1 122 12 -0.885992 -0.418539 0.199609 -0.0456178 -0.368744 0.89694 0.243981 -0.151613 -0.281153 0.14256 -0.949015 0.987387
1 123 0 1 0 0 0 0 1 0 0 0 0 1 0
1 124 11 0.47539 0.0197661 0.879553 -0.47539 -0.81161 0.395704 0.429775 0.81161 -0.339548 -0.918165 0.204156 0.339548
1 125 0 1 0 0 0 0 1 0 0 0 0 1 0
1 126 16 0.37529 -0.871356 -0.316063 -0.0685665 -0.91844 -0.303589 -0.253579 0.364344 0.125004 0.385451 -0.914222 0.928737
1 127 0 1 0 0 0 0 1 0 0 0 0 1 0
1 128 15 0.200374 -0.203129 0.958431 -0.383997 -0.840758 -0.537876 0.0617758 -0.173359 0.502968 -0.818186 -0.278558 0.906914
1 129 11 0.946493 0.0928222 -0.309086 0.188028 0.0273642 -0.977378 -0.209722 0.0630897 -0.321561 0.190043 -0.927622 0.980135
1 130 0 1 0 0 0 0 1 0 0 0 0 1 0
1 131 0 1 0 0 0 0 1 0 0 0 0 1 0
1 132 10 -0.323836 0.581505 0.746313 -0.502328 0.772065 0.618358 -0.146797 0.122631 -0.546852 0.528664 -0.649206 0.855937
1 133 0 1 0 0 0 0 1 0 0 0 0 1 0
1 134 0 1 0 0 0 0 1 0 0 0 0 1 0
1 135 13 0.854857 0.0309382 -0.51794 0.302878 -0.22194 -0.880489 -0.418905 0.121564 -0.469 0.473056 -0.745826 0.945244
1 136 0 1 0 0 0 0 1 0 0 0 0 1 0
1 137 0 1 0 0 0 0 1 0 0 0 0 1 0
1 138 10 0.581958 -0.781239 0.225809 -0.285192 -0.723156 -0.62417 -0.295732 0.111488 0.371981 0.00880819 -0.928199 0.951964
1 139 11 0.808861 0.448918 0.379758 -0.356608 0.0856921 0.548955 -0.831447 0.494396 -0.581722 0.705068 0.40556 0.792719
1 140 12 0.927772 -0.296102 0.227074 -0.345794 0.223065 0.927936 0.298624 -0.931403 -0.299134 -0.226403 0.926963 -0.113645
1 141 22 0.964555 -0.115244 0.237388 -0.954689 0.0797917 0.984858 0.153906 -0.0523546 -0.25153 -0.129509 0.959145 0.292965
1 142 26 0.929201 -0.137263 0.34314 -0.930908 0.173961 0.981626 -0.0784054 0.179553 -0.326073 0.132547 0.936006 -0.318074
1 143 17 0.63951 -0.217105 0.73749 -0.776716 0.3039 0.952554 0.0168911 0.0102057 -0.706167 0.213321 0.675146 0.629769
1 144 11 -0.539828 -0.436356 -0.719847 0.176405 0.13613 0.798643 -0.586207 0.256539 0.830695 -0.414444 -0.371728 0.950299
1 145 0 1 0 0 0 0 1 0 0 0 0 1 0
1 146 18 -0.0985252 0.626651 -0.773047 0.326598 0.601591 0.656312 0.455349 0.134608 0.792705 -0.420195 -0.441651 0.935529
1 147 0 1 0 0 0 0 1 0 0 0 0 1 0
1 148 13 -0.752489 0.497282 -0.431824 0.504868 0.133245 0.757053 0.639622 -0.331876 0.644986 0.42377 -0.635934 0.796848
1 149 10 0.45982 -0.493027 -0.738573 0.388151 0.33277 -0.675441 0.65806 -0.245409 -0.823304 -0.548364 -0.146517 0.88832
1 150 16 -0.2517 -0.679555 0.689095 -0.491934 -0.578963 0.676288 0.455452 -0.124947 -0.775532 -0.284323 -0.563659 0.86162
1 151 0 1 0 0 0 0 1 0 0 0 0 1 0
1 152 0 1 0 0 0 0 1 0 0 0 0 1 0
1 153 10 -0.514843 0.762348 0.392126 0.0491067 0.811275 0.58109 -0.0645553 0.17949 -0.277074 0.284886 -0.917643 0.982533
1 154 12 -0.309801 0.487392 0.816378 -0.67521 -0.882678 0.171723 -0.437482 0.736911 -0.353416 -0.856131 0.37701 0.0324626
1 155 10 -0.781075 0.604575 -0.156239 0.242855 0.406194 0.681961 0.608224 -0.366368 0.474266 0.411605 -0.778237 0.898218
1 156 0 1 0 0 0 0 1 0 0 0 0 1 0
1 157 0 1 0 0 0 0 1 0 0 0 0 1 0
1 158 0 1 0 0 0 0 1 0 0 0 0 1 0
1 159 10 0.784002 -0.486531 -0.385522 0.346153 0.617449 0.547169 0.565121 -0.293442 -0.0640033 -0.681097 0.72939 0.891106
1 160 11 -0.613146 -0.788335 0.0507853 0.2138 -0.674721 0.489176 -0.552683 0.183737 0.410857 -0.373142 -0.831843 0.959443
2 3 65 0.984656 0.0656645 -0.161683 0.985338 -0.0648445 0.997842 0.0103492 0.0531345 0.162014 0.000293894 0.986788 0.16213
2 4 0 1 0 0 0 0 1 0 0 0 0 1 0
2 5 13 0.460825 0.881058 0.106669 0.286528 0.875536 -0.43166 -0.21704 0.302168 -0.14518 0.193409 -0.970317 0.909173
2 6 10 0.484317 0.677877 0.553101 0.194267 -0.87482 0.38338 0.296159 0.179862 -0.0112883 -0.627298 0.778697 0.964318
2 7 0 1 0 0 0 0 1 0 0 0 0 1 0
2 8 11 -0.724326 -0.68072 -0.109418 0.134402 0.658061 -0.729925 0.184836 0.0962552 -0.205689 0.0618777 0.976659 0.986241
2 9 18 -0.928309 0.262295 -0.263523 0.204717 0.215215 0.957017 0.194424 -0.027375 0.303192 0.123771 -0.944857 0.978438
2 10 15 0.9686 0.238896 0.0688712 0.378865 -0.1585 0.806746 -0.569244 0.164281 -0.191552 0.540454 0.819279 0.910754
2 11 15 -0.198662 0.831541 -0.518722 0.195345 0.911955 -0.0370235 -0.408615 0.147842 -0.358985 -0.554228 -0.750973 0.969527
2 12 15 -0.196878 -0.978159 -0.0666662 0.0723305 0.952755 -0.206919 0.222357 0.174743 -0.231295 -0.0197394 0.972683 -0.981954
2 13 15 -0.978592 -0.136267 -0.154234 -0.114562 0.00320687 0.739221 -0.673455 0.301985 0.205783 -0.659532 -0.722959 0.946404
2 14 11 0.218255 -0.455913 0.862849 -0.66914 -0.356388 0.785861 0.505381 -0.676125 -0.908489 -0.417811 0.00903565 0.308394
2 15 10 -0.0702362 -0.996393 0.0476133 -0.126538 0.955744 -0.0808875 -0.282862 0.00585012 0.285693 0.025639 0.957978 0.991945
2 16 0 1 0 0 0 0 1 0 0 0 0 1 0
2 17 11 0.770585 0.637336 -0.00135192 -0.0770402 0.635406 -0.768082 0.0794304 0.324408 0.0495855 -0.0620669 -0.996839 0.942775
2 18 11 -0.896352 -0.443287 -0.00705344 0.1683 -0.427146 0.867755 -0.254062 0.0708797 0.118743 -0.224716 -0.967162 0.983184
2 19 0 1 0 0 0 0 1 0 0 0 0 1 0
2 20 12 0.579384 -0.695458 -0.425032 0.0184636 0.702855 0.690352 -0.171489 -0.223674 0.412685 -0.199378 0.888785 0.974489
2 21 0 1 0 0 0 0 1 0 0 0 0 1 0
2 22 21 0.378385 0.371594 0.847787 -0.326803 0.925004 -0.185953 -0.331344 -0.139388 0.0345231 0.909582 -0.414088 0.934757
2 23 13 0.712509 0.609976 0.346787 -0.0683063 -0.588015 0.788746 -0.179216 0.0528748 -0.382844 -0.076223 0.920663 0.996262
2 24 11 -0.582526 -0.790914 0.187398 -0.0606647 0.769985 -0.610817 -0.184463 -0.0878869 0.26036 0.0368395 0.964809 0.994281
2 25 0 1 0 0 0 0 1 0 0 0 0 1 0
2 26 21 -0.622998 -0.684352 -0.378862 0.153111 0.777239 -0.596166 -0.201211 0.113799 -0.0881651 -0.41982 0.903315 0.981635
2 27 21 0.199192 -0.503796 -0.840543 0.27601 -0.976767 -0.171256 -0.128829 -0.209426 -0.079044 0.846676 -0.526204 0.938061
2 28 10 0.939694 0.321333 -0.117134 0.0651198 0.336107 -0.804219 0.490168 -0.314513 0.0633063 -0.499977 -0.863722 0.947017
2 29 13 0.462132 0.815199 -0.34912 0.157265 -0.0715007 0.42665 0.901586 -0.384621 0.883924 -0.391689 0.255456 0.909579
2 30 0 1 0 0 0 0 1 0 0 0 0 1 0
2 31 17 0.928475 -0.226105 0.294636 -0.358368 -0.177593 -0.96704 -0.182469 -0.215059 0.326182 0.117093 -0.938027 0.908472
2 32 26 0.548289 -0.079813 0.832471 -0.0798129 0.752357 -0.387569 -0.532681 -0.38757 0.365155 0.918379 -0.152452 0.918379
2 33 16 0.511488 -0.836019 0.198627 -0.0996562 0.850928 0.460622 -0.252485 -0.0610541 0.11959 0.298161 0.946994 0.993147
2 34 10 -0.300638 -0.948124 0.103337 0.273738 0.941114 -0.312483 -0.129071 -0.363674 0.154666 0.0584487 0.986236 0.890398
2 35 0 1 0 0 0 0 1 0 0 0 0 1 0
2 36 15 0.696455 -0.0385209 0.716566 -0.9909 0.514148 0.723385 -0.460831 -0.0200705 -0.500601 0.689369 0.523611 -0.133096
2 37 17 -0.759574 -0.164752 -0.629208 0.464102 -0.565347 0.645565 0.513447 -0.31517 0.321604 0.745722 -0.583497 0.827815
2 38 12 0.523059 0.795153 -0.306824 0.206809 0.664634 -0.605903 -0.437199 0.26405 -0.533546 0.0247551 -0.845408 0.942076
2 39 19 0.44264 -0.456269 0.771938 -0.206797 0.88057 0.383722 -0.278125 -0.107225 -0.16931 0.802855 0.571627 0.972491
2 40 13 -0.820145 -0.251429 -0.513951 0.296184 0.205035 0.709459 -0.674262 -0.319213 0.534156 -0.658371 -0.530307 0.90021
2 41 0 1 0 0 0 0 1 0 0 0 0 1 0
2 42 19 -0.654679 -0.642447 0.398318 -0.238839 -0.530578 0.765874 0.363214 -0.0943644 -0.538406 0.0264497 -0.84227 0.966463
2 43 19 -0.269157 -0.725425 -0.633492 0.281172 -0.962691 0.221735 0.155113 -0.164309 0.0279444 0.651607 -0.758042 0.945487
2 44 10 0.989385 0.145204 -0.00579881 0.0511945 -0.14521 0.986299 -0.0782781 -0.396242 -0.00564694 0.0782892 0.996915 0.916718
2 45 15 -0.646824 0.415508 -0.639509 0.416341 -0.0305265 0.823769 0.566103 -0.259824 0.762028 0.385691 -0.52015 0.871293
2 46 14 -0.648977 0.37623 0.661271 -0.425286 0.692251 0.652584 0.308094 -0.163334 -0.31562 0.657712 -0.683958 0.890199
2 47 20 -0.728386 0.325654 0.602829 -0.355638 0.415916 0.909333 0.0113133 -0.349329 -0.544488 0.258967 -0.79779 0.866886
2 48 0 1 0 0 0 0 1 0 0 0 0 1 0
2 49 14 0.111107 -0.894629 -0.432775 0.2366 0.0347337 0.438701 -0.897962 0.127371 0.993201 0.0847382 0.0798167 0.963222
2 50 18 0.996347 0.0320376 -0.0791577 0.166925 0.00928659 -0.962109 -0.272506 0.148485 -0.0848888 0.270776 -0.958892 0.974725
2 51 0 1 0 0 0 0 1 0 0 0 0 1 0
2 52 0 1 0 0 0 0 1 0 0 0 0 1 0
2 53 21 -0.944656 0.287036 -0.158857 -0.0371175 0.314668 0.655819 -0.686211 0.28602 -0.0927857 -0.698221 -0.709844 0.957505
2 54 10 0.382894 -0.74935 0.540247 -0.227738 -0.923507 -0.32502 0.203706 0.111102 0.0229439 -0.57692 -0.816478 0.967363
2 55 14 0.25015 0.965942 0.066183 -0.770479 -0.559569 0.200019 -0.804286 0.490059 -0.790131 0.164158 0.590546 -0.407682
2 56 10 -0.0128316 0.955957 -0.293225 0.165914 -0.992521 0.0234268 0.119808 0.390619 0.1214 0.292569 0.948507 0.905478
2 57 14 0.957961 -0.229533 -0.172119 0.0038013 -0.28537 -0.824156 -0.489215 0.250634 -0.0295619 0.517767 -0.855011 0.968074
2 58 19 0.981651 -0.18317 0.0530047 -0.329146 -0.1835 -0.831857 0.523777 0.00558822 -0.0518476 -0.523893 -0.850205 0.944262
2 59 16 0.580526 -0.162237 -0.797915 0.972715 0.0291383 0.98346 -0.178764 0.0545289 0.81372 0.0805272 0.575652 -0.225504
2 60 13 0.103704 0.573997 -0.812264 -0.330541 0.234727 0.779475 0.580794 0.27587 0.966514 -0.250891 -0.0538981 0.902573
2 61 0 1 0 0 0 0 1 0 0 0 0 1 0
2 62 19 -0.596902 -0.714083 -0.365778 0.0725033 -0.722914 0.67643 -0.140845 0.202908 0.347998 0.180356 -0.919983 0.97651
2 63 32 -0.222108 -0.916601 0.332431 -0.00861845 0.95862 -0.143011 0.246163 0.2191 -0.178092 0.37335 0.910436 0.975664
2 64 15 0.954319 -0.252501 0.159744 0.00879146 0.0769654 0.724337 0.685136 0.166199 -0.288706 -0.641544 0.710683 0.986053
2 65 12 0.762888 0.33724 0.551608 -0.054459 -0.331722 0.936492 -0.113768 0.355867 -0.554944 -0.0961883 0.826308 0.932949
2 66 14 -0.534453 0.824117 0.187594 -0.00851545 0.824352 0.55726 -0.0995258 0.316161 -0.186559 0.101452 -0.977191 0.948667
2 67 22 0.807976 0.335563 0.484327 0.0702219 -0.576185 0.621884 0.53035 0.260385 -0.123229 -0.707572 0.695814 0.962948
2 68 13 0.474286 -0.749929 -0.461151 -0.0691703 0.85746 0.512221 0.048904 0.0553246 0.199537 -0.418613 0.885973 0.99607
2 69 11 0.369753 0.926364 -0.0716408 -0.259682 -0.923922 0.374739 0.0770661 0.00542427 0.0982378 0.037695 0.994449 0.965679
2 70 15 0.955846 -0.22173 -0.192857 0.108702 -0.00756869 -0.67463 0.738117 0.102322 -0.29377 -0.704067 -0.646521 0.988794
2 71 0 1 0 0 0 0 1 0 0 0 0 1 0
2 72 20 0.945186 0.274189 0.177323 0.0257368 0.250437 -0.957188 0.145164 0.174888 0.209533 -0.0927991 -0.973388 0.984252
2 73 14 -0.228565 -0.86407 0.448488 -0.205986 -0.889394 0.372677 0.264746 -0.0522649 -0.3959 -0.338371 -0.853679 0.977158
2 74 10 0.687734 0.354018 0.633793 -0.0130965 -0.725448 0.368022 0.581623 -0.301622 -0.027345 -0.859785 0.509923 0.953338
2 75 12 0.535052 -0.751166 -0.386613 0.0965854 -0.828649 -0.55574 -0.0670377 0.341585 -0.1645 0.356236 -0.919802 0.934875
2 76 10 0.933451 -0.347903 -0.0873656 -0.0210756 -0.344376 -0.937328 0.0531184 0.357132 -0.10037 -0.0194969 -0.994759 0.933816
2 77 16 -0.0797912 -0.756142 -0.649525 0.242968 -0.996726 0.0690829 0.0420207 -0.213241 0.0130974 0.650751 -0.759178 0.946306
2 78 11 0.879265 0.441314 -0.179263 0.0955953 0.459931 -0.884481 0.0784704 0.0145093 -0.123925 -0.151445 -0.980667 0.995315
2 79 10 -0.308407 0.950542 -0.0368034 -0.0240686 -0.946053 -0.302451 0.116223 -0.00402751 0.0993434 0.0706618 0.992541 0.999702
2 80 10 0.565093 0.813489 0.137499 -0.0544075 0.745137 -0.57478 0.338228 -0.163635 0.354177 -0.0886748 -0.930965 0.98502
2 81 0 1 0 0 0 0 1 0 0 0 0 1 0
2 82 14 -0.684547 -0.564654 -0.461044 0.174639 0.400687 0.236893 -0.88506 0.344683 0.608971 -0.790599 0.0640859 0.922331
2 83 11 -0.135639 -0.0374018 0.990052 -0.430681 -0.145066 0.989267 0.0174977 -0.0451655 -0.98008 -0.14125 -0.139609 0.901373
2 84 15 0.985384 -0.0077746 0.170169 -0.124648 -0.0955752 0.801678 0.590066 -0.306486 -0.141008 -0.597706 0.789218 0.943679
2 85 0 1 0 0 0 0 1 0 0 0 0 1 0
2 86 10 0.180851 -0.892426 -0.413364 0.466617 0.680938 -0.18965 0.707359 -0.760838 -0.70966 -0.409401 0.573388 -0.450992
2 87 12 0.866331 0.443936 -0.22889 0.55646 -0.42171 0.89569 0.141068 -0.115948 0.267639 -0.0256866 0.963177 -0.822745
2 88 0 1 0 0 0 0 1 0 0 0 0 1 0
2 89 16 0.836894 -0.200127 0.509468 -0.758954 0.313755 0.93807 -0.146912 0.0184432 -0.448515 0.282797 0.847856 0.650883
2 90 14 0.951779 -0.253594 0.172643 -0.391876 0.289945 0.927457 -0.236127 -0.0453362 -0.100239 0.274798 0.956263 -0.9189
2 91 12 0.952962 -0.30298 -0.00812993 -0.0816401 0.258135 0.825382 -0.502106 0.310444 0.158838 0.476389 0.864768 0.94708
2 92 12 0.988532 0.101277 0.11202 0.0356929 -0.0629573 0.950627 -0.303883 0.541534 -0.137265 0.293346 0.946101 -0.839921
2 93 17 0.865743 -0.485376 -0.122067 -0.131301 0.487554 0.872991 -0.0133733 -0.386165 0.113055 -0.0479365 0.992432 0.913037
2 94 62 0.926052 -0.276111 0.257276 -0.628973 0.340373 0.905519 -0.25334 0.630498 -0.163019 0.322176 0.932538 -0.454823
2 95 174 0.959989 -0.264939 0.0907122 -0.225548 0.276329 0.948746 -0.153373 0.463739 -0.0454285 0.172302 0.983996 -0.856781
2 96 105 0.944748 -0.194964 -0.263514 0.763686 0.207889 0.977909 0.0218035 -0.0218837 0.253442 -0.0753807 0.964409 -0.645217
2 97 28 0.973105 0.0476985 -0.22537 0.579027 -0.0496091 0.998765 -0.00281891 -0.170358 0.224958 0.0139235 0.974269 -0.797311
2 98 27 -0.399396 -0.641938 0.654522 -0.299003 -0.528742 0.744526 0.407568 -0.265639 -0.748942 -0.183292 -0.63678 0.916533
2 99 15 -0.128927 0.939041 -0.318717 -0.195938 -0.856904 -0.267255 -0.440784 -0.210754 -0.499093 0.21628 0.839124 0.957701
2 100 21 0.820342 0.220734 -0.527556 0.273062 0.407923 -0.872398 0.269295 -0.0821729 -0.400796 -0.436116 -0.805708 0.95848
2 101 11 -0.752906 -0.641952 -0.145017 -0.307139 0.577076 -0.749893 0.323489 0.133078 -0.316412 0.15987 0.935054 0.942314
2 102 16 -0.845902 -0.518144 -0.1264 -0.455776 0.0483925 -0.310586 0.949313 -0.259663 -0.531138 0.796909 0.2878 0.851377
2 103 11 0.391229 0.195799 -0.899223 -0.371686 -0.0665889 0.980567 0.18454 0.250455 0.917881 -0.0123191 0.396664 0.893936
2 104 0 1 0 0 0 0 1 0 0 0 0 1 0
2 105 21 0.537316 0.78366 -0.311718 0.306958 0.738693 -0.615646 -0.274432 -0.0127839 -0.406969 -0.0828072 -0.909681 0.951637
2 106 14 -0.616838 0.690775 0.37728 -0.248617 0.786802 0.52819 0.319308 -0.390192 0.0212944 0.493806 -0.869311 0.886532
2 107 12 0.126795 -0.856991 0.49949 -0.135409 0.923961 0.28523 0.254832 -0.193601 -0.360858 0.429198 0.827992 0.971691
2 108 16 0.679098 0.592311 0.433583 -0.179954 -0.733067 0.516714 0.442288 -0.152107 0.0379336 -0.618203 0.785103 0.971844
2 109 17 -0.917666 0.382179 0.108754 -0.100826 0.369772 0.721176 0.58581 -0.222805 0.145454 0.577792 -0.803119 0.969635
2 110 22 -0.906778 0.109115 -0.407244 0.243879 0.33749 0.766793 -0.546011 0.238232 0.252694 -0.632552 -0.732136 0.94009
2 111 31 -0.855269 0.439891 -0.273881 0.661994 -0.398784 -0.22125 0.889955 -0.154811 0.330887 0.87037 0.36465 0.733347
