0 1 19 0.999935 0.00967799 -0.00598386 0.875061 -0.00963674 0.99993 0.00688432 -0.342056 0.00605006 -0.00682621 0.999958 0.34244
0 2 296 0.999908 0.01075 -0.00823538 0.83871 -0.0106985 0.999923 0.00627153 -0.30157 0.00830217 -0.00618285 0.999946 0.453455
0 3 510 0.998391 0.00716723 -0.0562417 0.973746 -0.00697652 0.999969 0.00358651 -0.045102 0.0562657 -0.00318837 0.998411 0.223125
0 4 454 0.995673 0.0311905 -0.0875315 0.971633 -0.0307978 0.999509 0.00583428 -0.0889577 0.0876705 -0.00311327 0.996145 0.219127
0 5 335 0.993765 0.0516691 -0.0988045 0.976689 -0.0524348 0.998611 -0.0051665 -0.0767252 0.0984003 0.0103151 0.995093 0.200479
0 6 195 0.989126 0.0534233 -0.137028 0.971568 -0.0544231 0.998512 -0.00355783 0.0371832 0.136634 0.0109766 0.990561 0.233823
0 7 140 0.98881 0.0529916 -0.139451 0.969605 -0.05522 0.9984 -0.0121566 -0.111865 0.138584 0.0197211 0.990154 0.217606
0 8 108 0.979661 0.0748259 -0.186185 0.996604 -0.079114 0.996742 -0.0156985 -0.0632319 0.184403 0.030109 0.982389 0.0527445
0 9 98 0.96311 0.105253 -0.247671 0.998344 -0.117371 0.992484 -0.0346401 0.0297191 0.242163 0.0624315 0.968225 -0.0492506
0 10 46 0.995747 0.0197455 0.0899907 0.447838 -0.0154054 0.998696 -0.0486708 0.162155 -0.0908344 0.0470775 0.994753 0.879288
0 11 73 0.869281 0.196308 -0.453667 0.999523 -0.196398 0.979375 0.0474676 0.0302813 0.453628 0.0478365 0.889906 -0.00614015
0 12 24 0.9907 0.108056 0.0826939 0.20135 -0.110612 0.993498 0.0269633 0.134703 -0.0792427 -0.0358595 0.99621 -0.970213
0 13 34 -0.669824 -0.228758 0.706403 -0.423364 0.0348485 0.940626 0.337651 -0.065735 -0.741702 0.250784 -0.622082 0.903572
0 14 14 0.972744 0.203763 -0.110677 0.105 -0.198033 0.978319 0.0606276 0.0917699 0.120631 -0.0370574 0.992005 -0.990229
0 15 15 0.916774 -0.386724 -0.0998466 0.159193 0.385232 0.922171 -0.034607 0.14029 0.105459 -0.00673729 0.994401 -0.977229
0 16 26 0.45201 -0.823505 0.342822 -0.449399 0.83456 0.526116 0.163438 -0.294797 -0.314956 0.21223 0.925074 -0.843288
0 17 12 0.983343 -0.179056 0.0312448 0.318796 0.17996 0.983247 -0.0289834 0.00612367 -0.0255317 0.0341235 0.999091 0.947804
0 18 13 0.963155 -0.141788 0.228535 -0.383136 0.0834402 0.965348 0.247267 -0.154894 -0.255675 -0.219088 0.941611 -0.910612
0 19 34 -0.523836 -0.0963046 -0.846357 0.480291 -0.00634501 -0.99312 0.116931 0.213679 -0.851795 0.0666231 0.519621 0.850683
0 20 33 0.869964 0.430829 -0.239893 0.956056 -0.452266 0.890986 -0.0399864 -0.168662 0.196514 0.143282 0.969976 -0.239811
0 21 34 0.376291 -0.792979 0.479154 -0.245592 -0.719886 -0.5758 -0.38758 0.367556 0.58324 -0.199093 -0.787523 0.896988
0 22 31 0.450259 0.614418 -0.647887 0.646458 0.10726 0.683127 0.72238 -0.539717 0.886432 -0.394751 0.241681 0.539257
0 23 25 -0.416777 0.844193 0.337098 -0.635953 -0.882774 -0.464339 0.0714071 -0.172191 0.216809 -0.267821 0.938757 -0.752272
0 24 39 0.0838432 0.855094 0.511649 -0.394964 0.933661 0.11201 -0.340194 0.156245 -0.348207 0.50623 -0.788976 0.905313
0 25 31 0.604146 0.788099 0.117933 -0.0628039 0.632641 -0.564339 0.530364 -0.300595 0.484534 -0.245808 -0.839527 0.951682
0 26 24 0.774495 0.490765 0.399134 -0.774377 -0.489213 0.864693 -0.113917 0.31794 -0.401035 -0.107033 0.909788 -0.547041
0 27 19 0.794425 0.60021 0.0929347 0.241203 -0.604543 0.796151 0.0258964 -0.347863 -0.0584468 -0.0767558 0.995335 0.905987
0 28 26 0.362481 0.931436 -0.0321757 0.360735 -0.929899 0.363763 0.0544422 -0.356359 0.0624137 0.0101859 0.997998 -0.861904
0 29 20 -0.644808 -0.658461 0.388139 -0.473251 0.609252 -0.749414 -0.259211 0.060396 0.461557 0.0693331 0.884397 -0.878855
0 30 12 0.936643 -0.0245497 -0.349423 -0.15683 0.0852523 0.983523 0.159422 -0.215344 0.339751 -0.179111 0.923303 0.963863
0 31 20 0.939677 0.0690572 -0.335019 -0.0832653 -0.0969573 0.993013 -0.0672616 0.360594 0.328033 0.0956867 0.939808 -0.928999
0 32 24 -0.799341 -0.600877 -0.00113289 0.157982 -0.479799 0.637135 0.603202 -0.386673 -0.361728 0.482708 -0.797588 0.908585
0 33 17 0.984007 0.118819 0.13271 -0.439882 -0.108615 0.990723 -0.0816689 0.173787 -0.141183 0.0659485 0.987785 -0.88108
0 34 12 -0.977607 0.169831 0.124265 -0.301219 -0.197791 -0.943175 -0.26702 0.0436616 0.0718555 -0.285619 0.955646 -0.952555
0 35 34 -0.743909 -0.53301 -0.403113 0.321918 -0.666873 0.552932 0.499547 -0.0885624 -0.0433695 0.640442 -0.766781 0.942616
0 36 16 0.986907 -0.0532177 0.152255 -0.463096 0.0473234 0.997993 0.0420814 0.133096 -0.154189 -0.0343252 0.987445 -0.876257
0 37 15 -0.773502 0.457216 -0.438916 -0.00697557 -0.359022 -0.886786 -0.291055 0.27958 -0.5223 -0.0675516 0.850082 0.960097
0 38 32 -0.516788 0.693831 -0.501526 0.339453 0.852596 0.36406 -0.374887 0.0412838 -0.0775234 -0.621336 -0.779699 0.939717
0 39 32 0.761766 -0.540545 0.357105 -0.241067 -0.396634 -0.82496 -0.402644 0.258216 0.512245 0.165081 -0.842825 0.935527
0 40 38 -0.43417 -0.464633 0.771759 -0.476171 -0.240217 0.885414 0.397918 -0.0812978 -0.868212 -0.0126256 -0.496033 0.875586
0 41 20 -0.131546 0.989661 -0.0571519 0.443624 -0.976327 -0.119356 0.180388 0.217242 0.171702 0.0795283 0.981934 -0.869485
0 42 33 0.460036 0.881845 0.103518 -0.246332 0.800306 -0.36133 -0.478488 0.256687 -0.384548 0.302968 -0.871971 0.934576
0 43 19 -0.52265 -0.736079 0.430144 -0.0330328 0.748771 -0.63757 -0.181235 -0.049096 0.407651 0.227357 0.884381 0.998248
0 44 31 -0.655871 0.745424 0.119064 -0.158827 0.708801 0.662393 -0.242563 0.00419286 -0.259679 -0.0746973 -0.962802 0.987298
0 45 46 0.157112 -0.372367 0.914691 -0.456145 0.650452 -0.657912 -0.379558 0.168585 0.74312 0.654595 0.138841 0.873791
0 46 33 -0.0220783 -0.926259 -0.376241 -0.199184 -0.845251 0.218272 -0.487758 0.294878 0.533913 0.307249 -0.78774 0.934544
0 47 12 -0.657077 0.752997 -0.0352883 -0.364259 -0.746027 -0.656284 -0.112846 -0.00423212 -0.108132 -0.0478225 0.992986 0.931288
0 48 36 -0.805617 0.358915 -0.47134 0.47824 0.299493 -0.439719 -0.84673 0.109488 -0.511161 -0.823303 0.246753 0.871377
0 49 22 0.0216667 -0.860967 -0.508199 0.395308 -0.957741 -0.163702 0.236504 0.124021 -0.286815 0.481599 -0.82813 0.910138
0 50 22 -0.483003 0.741133 0.466293 -0.396624 0.7996 0.590359 -0.110071 0.164796 -0.356858 0.319684 -0.877756 0.903068
0 51 10 0.923877 -0.382292 0.0174104 0.376294 0.378728 0.919898 0.101749 0.0727897 -0.0549138 -0.08741 0.994658 0.923636
0 52 27 -0.162894 0.0206952 -0.986426 0.47051 0.259155 0.965573 -0.0225381 0.140336 0.952 -0.259308 -0.16265 0.871163
0 53 21 -0.866612 0.424952 -0.261535 -0.0109868 0.34141 0.887217 0.3103 0.0790532 0.3639 0.179619 -0.913955 0.99681
0 54 32 0.54839 -0.718967 0.427029 -0.404308 -0.389338 -0.671462 -0.63052 0.190421 0.740057 0.179512 -0.648144 0.894581
0 55 12 0.872821 0.486022 0.0443484 -0.00950681 -0.425343 0.802101 -0.419187 -0.0936221 -0.239306 0.347012 0.906816 0.995562
0 56 13 -0.881514 0.470199 -0.0429677 0.0366561 -0.458704 -0.87441 -0.158108 -0.0514061 -0.111914 -0.119665 0.986487 0.998005
0 57 40 0.509481 -0.625243 0.591186 -0.544078 0.310601 0.774348 0.551282 -0.373379 -0.802469 -0.0972448 0.588716 0.751377
0 58 11 0.620226 -0.742666 0.252523 -0.232855 0.77355 0.632484 -0.0398057 -0.132998 -0.130155 0.220028 0.966772 0.963374
0 59 32 -0.367205 -0.279506 -0.887151 0.311803 -0.571134 0.820559 -0.022125 0.0361772 0.734144 0.498557 -0.460948 0.949458
0 60 20 -0.846433 0.457934 -0.271748 0.204638 0.295412 0.828422 0.475867 -0.285472 0.443037 0.322512 -0.836483 0.936285
0 61 26 0.974848 -0.101983 -0.19817 0.123594 -0.041294 -0.956419 0.289063 -0.350667 -0.219013 -0.273609 -0.936574 0.928309
0 62 22 0.825927 -0.248565 -0.506024 0.111873 0.358876 0.924024 0.131862 0.100121 0.434802 -0.290508 0.85238 0.988666
0 63 10 0.994138 0.0237362 -0.105482 -0.011548 -0.0081436 0.989272 0.145861 -0.0153848 0.107812 -0.144147 0.983666 -0.999815
0 64 0 1 0 0 0 0 1 0 0 0 0 1 0
0 65 16 0.63402 -0.471082 0.61327 0.076963 0.282205 0.879292 0.383673 0.0691302 -0.719986 -0.0701885 0.69043 0.994634
0 66 33 0.788509 0.585732 -0.187538 0.267553 0.450528 -0.757677 -0.472175 0.0981039 -0.418662 0.287824 -0.861324 0.958536
0 67 12 -0.919897 -0.379627 0.0983526 0.0133816 0.311271 -0.859369 -0.405704 -0.222488 0.238537 -0.342591 0.908697 0.974843
0 68 13 0.709968 0.690425 -0.138774 0.363354 -0.565981 0.676662 0.47095 -0.284174 0.419059 -0.255816 0.871176 -0.887254
0 69 40 0.990172 0.117798 -0.0753882 -0.44163 -0.120458 0.992211 -0.0317421 0.269641 0.0710618 0.0405112 0.996649 -0.85572
0 70 18 0.513554 0.827774 -0.225949 0.250699 -0.847059 0.531105 0.0204697 0.337517 0.136947 0.18088 0.973924 -0.907322
0 71 19 0.9118 -0.318384 -0.25933 -0.235902 0.259185 0.936062 -0.237931 0.194093 0.318502 0.149731 0.936022 0.952197
0 72 19 -0.00602259 0.927396 0.374032 -0.0787237 -0.98031 -0.0793019 0.180841 -0.308088 0.197372 -0.365579 0.909613 -0.948095
0 73 31 0.469577 -0.668949 -0.576199 0.267461 -0.454379 -0.742669 0.491916 -0.294705 -0.756992 0.0308203 -0.652697 0.917395
0 74 23 0.863145 0.484783 0.1413 -0.250759 0.504734 -0.836579 -0.213024 -0.162407 0.0149383 0.25519 -0.966776 0.954329
0 75 35 0.69427 0.45894 -0.554404 0.359413 0.152877 -0.84677 -0.509518 0.28459 -0.703291 0.268988 -0.658048 0.888724
0 76 29 -0.606021 -0.764267 -0.220533 0.165671 -0.795097 0.573766 0.196503 0.164109 -0.0236463 0.29443 -0.95538 0.972431
0 77 29 -0.597151 0.700518 -0.39075 0.236061 -0.801279 -0.543365 0.250411 -0.248622 -0.0369022 0.462633 0.885782 0.939395
0 78 14 0.398348 -0.869655 -0.29158 -0.0480767 0.895313 0.299573 0.329653 -0.298328 -0.199335 -0.392372 0.897948 -0.953252
0 79 34 -0.8487 0.331134 0.412382 -0.107543 0.501309 0.752132 0.427769 -0.432891 -0.168517 0.569779 -0.804335 0.895008
0 80 18 0.963993 0.261229 -0.0497617 0.381014 -0.260999 0.965274 0.011184 -0.06698 0.0509552 0.00220645 0.998699 0.92214
0 81 21 -0.494963 -0.560903 -0.663626 0.495008 -0.648724 0.746647 -0.147225 0.202986 0.578073 0.35764 -0.733434 0.844845
0 82 25 0.198937 0.841019 0.503101 0.0587903 -0.762022 -0.190057 0.619032 0.168175 0.616236 -0.506522 0.603066 0.984003
0 83 10 0.880915 -0.359588 -0.30771 0.137626 0.381418 0.924328 0.0117648 0.0341313 0.280194 -0.12773 0.951407 -0.989896
0 84 35 -0.689142 0.716726 0.106717 0.0748552 0.713117 0.644657 0.275465 -0.122738 0.128637 0.265936 -0.955369 0.989612
0 85 27 0.592087 -0.582844 -0.556531 0.265649 -0.694999 -0.718885 0.0134719 0.145124 -0.407933 0.378812 -0.830718 0.953084
0 86 14 0.817118 -0.552192 0.165539 -0.182512 0.518039 0.829341 0.209355 -0.197843 -0.252893 -0.0853119 0.963726 -0.963093
0 87 31 -0.553423 0.452513 -0.699253 0.171737 0.381543 0.884008 0.270103 -0.188223 0.74037 -0.117314 -0.661883 0.966995
0 88 29 -0.0198481 -0.80041 0.599124 -0.456941 -0.97831 0.139132 0.153466 0.11972 -0.206194 -0.583083 -0.78581 0.881403
0 89 14 -0.397334 -0.91759 -0.0124001 0.213033 0.915704 -0.395561 -0.0708349 -0.290537 0.0600924 -0.0395 0.997411 -0.932848
0 90 12 0.931733 -0.21162 -0.295112 0.239084 0.188475 0.976435 -0.105128 -0.210142 0.310405 0.0423303 0.949661 0.947987
0 91 21 0.71392 -0.660222 0.233289 -0.0634701 -0.69718 -0.70125 0.148958 -0.204379 0.0652484 -0.268989 -0.960931 0.976832
0 92 28 -0.379412 -0.0600326 0.923278 -0.58837 0.166988 0.977062 0.132152 -0.111709 -0.910034 0.204317 -0.360684 0.800838
0 93 29 -0.736081 0.259075 0.625352 -0.0186223 0.476459 0.854529 0.206803 -0.195515 -0.480804 0.450178 -0.752441 0.980524
0 94 15 -0.862575 0.0985705 0.496235 -0.715934 -0.174925 -0.978451 -0.109705 -0.00975448 0.474728 -0.181433 0.861229 -0.6981
0 95 33 -0.748631 -0.621436 -0.231017 -0.0154651 -0.609988 0.782132 -0.127217 0.0346048 0.259743 0.0456794 -0.964597 0.999281
0 96 39 0.719474 0.418707 0.554114 -0.466845 0.524769 0.194887 -0.828635 0.460874 -0.454945 0.886963 -0.0795088 0.754753
0 97 31 -0.259706 0.816593 0.515489 -0.326474 0.955094 0.138351 0.262019 -0.0198546 0.142644 0.560388 -0.815854 0.944998
0 98 34 0.827941 -0.507511 0.238633 -0.351042 0.559309 0.716072 -0.417629 0.00467485 0.0410731 0.479242 0.876721 0.936348
0 99 14 -0.831272 0.553461 0.0516559 0.455399 -0.555711 -0.829639 -0.0537101 0.202809 0.0131293 -0.0733534 0.99722 -0.86688
0 100 13 0.993924 0.0829069 0.0724012 0.0559624 -0.0754946 0.992147 -0.0997214 0.306864 -0.0801003 0.0936496 0.992378 -0.950107
0 101 14 -0.195808 -0.802068 -0.564223 0.269565 0.538657 -0.568759 0.621581 -0.668566 -0.819456 -0.182212 0.543406 -0.693075
0 102 12 0.944706 0.0270971 -0.326797 0.0221943 -0.0659277 0.991926 -0.108336 0.239941 0.321223 0.123891 0.938865 -0.970534
0 103 17 -0.72274 -0.690577 0.0273872 -0.00933162 0.578434 -0.62611 -0.522877 0.341277 0.378235 -0.362063 0.851968 -0.939916
0 104 16 -0.905106 -0.399057 0.146751 -0.460374 0.308523 -0.853898 -0.419133 0.247762 0.292569 -0.334084 0.895986 -0.852449
0 105 25 -0.798306 -0.582526 0.152871 -0.00690197 -0.560866 0.81157 0.163657 -0.000860182 -0.219401 0.0449085 -0.974601 0.999976
0 106 20 0.927967 0.281732 0.243936 -0.720987 -0.289995 0.957026 -0.00212926 0.253109 -0.234053 -0.0687643 0.969789 0.645069
0 107 50 -0.696742 0.0555178 0.71517 -0.436376 -0.164086 0.958231 -0.234244 0.201878 -0.698302 -0.280557 -0.65853 0.876824
0 108 26 -0.642111 0.737194 0.210331 -0.0399028 0.671837 0.673277 -0.308761 0.186935 -0.369228 -0.0569508 -0.927592 0.981562
0 109 16 -0.142592 0.95813 -0.248305 0.168282 -0.969041 -0.186227 -0.162108 0.179534 -0.201561 0.217502 0.955021 0.969252
0 110 40 -0.604857 -0.732583 -0.312202 -0.10531 0.22657 0.217531 -0.949393 0.251468 0.763423 -0.644982 0.0344061 0.962119
0 111 24 -0.664225 0.541712 -0.515124 0.00935938 0.548041 0.821534 0.157266 -0.0923895 0.508385 -0.177849 -0.842564 0.995679
0 112 25 -0.498757 -0.827045 0.259301 -0.350561 -0.73291 0.562134 0.383208 -0.269806 -0.462693 0.00108339 -0.886518 0.896834
0 113 24 -0.421873 0.703365 0.572102 -0.464997 0.734805 0.634888 -0.238705 0.273885 -0.531117 0.319681 -0.784678 0.841882
0 114 18 0.976632 0.204786 0.0652062 -0.451441 -0.211483 0.969746 0.121934 -0.00827555 -0.0382631 -0.132875 0.990394 0.892263
0 115 30 -0.513438 0.850168 -0.116601 -0.10007 0.66427 0.479784 0.573196 -0.243852 0.543256 0.216846 -0.81108 0.964636
0 116 13 -0.0440384 -0.998226 -0.0400612 -0.380569 0.979025 -0.0351372 -0.200689 -0.0604688 0.198926 -0.0480589 0.978836 0.922773
0 117 43 -0.923096 -0.0457001 -0.381845 0.165398 -0.201244 0.903516 0.378364 -0.235294 0.327712 0.42611 -0.843229 0.957748
0 118 23 -0.98233 0.0432367 0.182093 0.159799 0.0625017 0.992878 0.101424 -0.00038466 -0.176411 0.111013 -0.978036 0.98715
0 119 22 0.899427 0.220816 -0.377189 -0.0743408 -0.216856 0.974735 0.0535317 0.291078 0.37948 0.0336478 0.924588 -0.953807
0 120 31 -0.882295 -0.470509 -0.013309 0.113172 -0.465201 0.867337 0.176956 0.0169624 -0.071716 0.162319 -0.984129 0.993431
0 121 55 -0.667686 -0.000509414 0.744443 -0.395656 0.169186 0.973729 0.152408 -0.0886174 -0.724963 0.22771 -0.650059 0.914113
0 122 21 0.852042 0.217975 -0.475932 0.133858 -0.244681 0.969585 0.00602318 0.291772 0.46277 0.11132 0.879461 -0.947075
0 123 21 0.809079 0.266902 -0.523598 0.171122 -0.247339 0.962824 0.1086 0.0563442 0.533119 0.0416399 0.845015 -0.983637
0 124 40 0.931666 0.245339 -0.267968 -0.391607 -0.245135 0.968865 0.034766 0.217321 0.268154 0.033298 0.9628 -0.8941
0 125 41 0.859939 0.336149 -0.38407 -0.0576453 -0.355397 0.934454 0.0221213 0.316915 0.366331 0.117474 0.923039 -0.946701
0 126 54 0.840647 0.361885 -0.40293 -0.0122101 -0.384359 0.922792 0.0268868 0.325964 0.38155 0.132267 0.914836 -0.945303
0 127 57 0.910069 0.370192 -0.186368 -0.345729 -0.409652 0.871719 -0.26887 0.702592 0.0629266 0.321036 0.944974 -0.621962
0 128 61 0.84112 0.408412 -0.354565 -0.00863012 -0.436136 0.899879 0.00191348 0.374827 0.319847 0.153029 0.935029 -0.927055
0 129 71 0.905975 0.35634 -0.228541 -0.126678 -0.38283 0.920081 -0.0830185 0.446535 0.180693 0.162705 0.969988 -0.885753
0 130 58 0.941813 0.276134 -0.19167 -0.120205 -0.298174 0.949555 -0.0971453 0.395435 0.155177 0.148644 0.97664 -0.910594
0 131 91 0.947679 0.264187 -0.179194 -0.0646682 -0.28367 0.954387 -0.0931474 0.370218 0.146412 0.139106 0.979394 -0.926691
0 132 76 0.968186 0.23905 -0.0739712 -0.143225 -0.246926 0.960593 -0.127626 0.397429 0.0405473 0.141831 0.98906 -0.906386
0 133 58 0.969764 0.218061 -0.10958 0.00114313 -0.227636 0.970112 -0.0840473 0.317773 0.0879773 0.10645 0.990418 -0.948166
0 134 83 0.964565 0.22329 -0.140552 0.103845 -0.233853 0.970193 -0.0635483 0.31689 0.122173 0.094165 0.988032 -0.94276
0 135 90 0.967632 0.210835 -0.138697 0.185506 -0.208861 0.977521 0.0288037 0.227886 0.141652 0.00109703 0.989916 -0.955853
0 136 62 0.962133 0.21211 -0.171201 0.32288 -0.208202 0.97724 0.0406803 0.214536 0.175933 -0.00349549 0.984396 -0.921804
0 137 55 0.976393 0.191634 -0.0996665 0.340801 -0.186928 0.980851 0.0546711 0.148113 0.108235 -0.03475 0.993518 -0.928395
0 138 32 0.946172 0.0175963 0.323185 -0.324357 -0.0574863 0.991782 0.114301 0.0457942 -0.318517 -0.126727 0.939408 -0.944825
0 139 57 0.99661 0.0324704 0.0755866 0.320171 -0.0366461 0.997839 0.054529 0.163833 -0.0736527 -0.0571141 0.995647 -0.933086
0 140 45 0.94988 -0.076598 0.303085 -0.00403389 -0.043588 0.927595 0.371036 -0.345189 -0.309561 -0.36565 0.877765 -0.938525
0 141 61 0.953714 -0.203203 0.221671 0.172186 0.178699 0.97584 0.125709 0.203654 -0.24186 -0.0802782 0.966985 -0.963783
0 142 57 0.945935 -0.276973 0.168795 0.159456 0.249719 0.953991 0.165955 0.123113 -0.206994 -0.114832 0.97158 -0.979498
0 143 36 0.952679 -0.302628 0.028611 0.289285 0.288099 0.928928 0.232578 -0.0715836 -0.0969624 -0.21333 0.972157 -0.954563
0 144 82 0.983369 -0.13496 -0.12154 0.471776 0.140319 0.989429 0.0366268 0.267251 0.115312 -0.0530719 0.991911 -0.84024
0 145 140 0.989188 0.0486052 -0.138365 0.386376 -0.0385294 0.99647 0.0745912 0.108072 0.141502 -0.0684536 0.987568 -0.915988
0 146 188 0.973821 0.10071 -0.203791 0.598509 -0.0939657 0.994667 0.0425314 0.153311 0.206988 -0.0222686 0.97809 -0.786309
0 147 214 0.945916 0.183803 -0.267319 0.728436 -0.162753 0.98168 0.0990762 0.0808485 0.280632 -0.0502109 0.958501 -0.680327
0 148 197 0.932024 0.217035 -0.290221 0.840435 -0.183395 0.973189 0.138817 -0.0992722 0.312568 -0.0761555 0.946838 -0.532742
0 149 139 0.890137 0.278309 -0.360833 0.9409 -0.235355 0.958825 0.15894 -0.193505 0.39021 -0.056555 0.918987 -0.277963
0 150 60 0.905628 0.316916 -0.281784 0.927544 -0.291698 0.947837 0.128521 -0.2812 0.307815 -0.0341966 0.950831 -0.246147
0 151 81 0.896183 0.305838 -0.321433 0.959205 -0.28865 0.952081 0.101106 -0.246131 0.336953 0.00217214 0.941519 -0.139087
0 152 82 0.86067 0.317202 -0.398285 0.969138 -0.327874 0.943738 0.0430938 -0.245741 0.389546 0.0934977 0.916249 -0.0195718
0 153 58 0.647121 -0.00390433 -0.762378 0.422857 -0.698395 0.397994 -0.594849 0.0541282 0.305745 0.91738 0.254824 0.904579
0 154 31 0.948861 0.29302 0.117479 0.833559 -0.285963 0.955427 -0.0733796 -0.137358 -0.133745 0.0360323 0.990361 -0.535081
0 155 55 0.787543 0.446301 -0.424961 0.908568 -0.394048 0.89488 0.209564 -0.413547 0.473818 0.00241438 0.88062 0.0590122
0 156 33 0.928331 0.35078 0.123101 0.464446 -0.347691 0.936458 -0.0464529 -0.0366844 -0.131573 0.000322664 0.991306 -0.884841
0 157 40 0.369195 0.880554 -0.297186 0.278556 0.666165 -0.473718 -0.576035 0.353933 -0.648012 0.0146937 -0.761488 0.892826
0 158 62 0.830545 0.327479 -0.450502 0.969556 -0.272868 0.9444 0.183444 -0.221914 0.485528 -0.029431 0.873725 0.103513
0 159 65 0.720528 0.392489 -0.571657 0.949921 -0.254882 0.91659 0.308055 -0.276871 0.644883 -0.0762572 0.760467 0.144889
0 160 57 0.804715 0.378013 -0.457755 0.949075 -0.264027 0.918503 0.294349 -0.262973 0.531717 -0.116008 0.838939 0.173497
0 161 28 0.955807 0.278397 0.0944905 -0.423825 -0.289052 0.948566 0.129119 0.143444 -0.0536843 -0.150725 0.987117 0.894313
0 162 60 0.841784 0.330193 -0.42705 0.983141 -0.258907 0.941134 0.217334 -0.177517 0.473674 -0.0723822 0.877721 0.0438394
0 163 65 0.862881 0.310698 -0.398626 0.983178 -0.238645 0.945732 0.220544 -0.181919 0.445516 -0.0951732 0.890201 -0.0162968
0 164 55 0.968818 0.238403 -0.0674991 0.989179 -0.230707 0.967323 0.10517 -0.04365 0.0903663 -0.0863185 0.992161 -0.140072
0 165 79 0.896236 0.269936 -0.351988 0.96524 -0.215228 0.958485 0.187036 -0.144592 0.387863 -0.091871 0.917127 -0.217725
0 166 83 0.888849 0.260695 -0.37681 0.94351 -0.198088 0.960177 0.197031 -0.1026 0.413169 -0.100489 0.905093 -0.31506
0 167 106 0.910585 0.26941 -0.313453 0.877399 -0.21316 0.955843 0.202306 -0.121727 0.354115 -0.117402 0.927804 -0.464062
0 168 120 0.93394 0.223696 -0.278776 0.812706 -0.170963 0.964516 0.201197 -0.0779183 0.313891 -0.140245 0.939044 -0.57744
0 169 183 0.968932 0.156149 -0.191803 0.731655 -0.131965 0.982286 0.133042 0.0140026 0.20918 -0.103597 0.972374 -0.681531
0 170 157 0.984345 0.0901671 -0.151443 0.561268 -0.067454 0.986543 0.148939 0.0787296 0.162834 -0.136392 0.977181 -0.823881
0 171 182 0.993978 0.0496803 -0.0976746 0.323241 -0.0320214 0.984104 0.174683 0.0433832 0.1048 -0.170503 0.979768 -0.945322
0 172 185 0.985997 0.0993406 -0.133946 0.325812 -0.072521 0.978708 0.192018 0.0124807 0.150169 -0.179615 0.972208 -0.945352
1 2 521 0.999828 0.00445426 -0.0179803 0.904532 -0.00437652 0.999981 0.00436067 -0.301 0.0179994 -0.00428123 0.999829 0.302027
1 3 498 0.999795 -0.00782927 -0.0186794 0.966613 0.00780337 0.999968 -0.00145894 -0.0502356 0.0186903 0.00131288 0.999824 0.251267
1 4 474 0.99681 0.0286619 -0.0744837 0.963045 -0.028341 0.999584 0.00536249 -0.150962 0.0746064 -0.00323444 0.997208 0.223057
1 5 351 0.993235 0.0443893 -0.107306 0.985842 -0.0458446 0.998887 -0.0111323 -0.0516364 0.106692 0.0159764 0.994164 0.15953
1 6 212 0.988313 0.0531201 -0.142884 0.980662 -0.0512845 0.998548 0.0165012 -0.0670201 0.143553 -0.00898061 0.989602 0.183878
1 7 162 0.986631 0.0405141 -0.157854 0.97052 -0.0451488 0.998645 -0.0258846 -0.078734 0.156592 0.0326655 0.987123 0.227796
1 8 116 0.976079 0.0713445 -0.205377 0.997801 -0.0775639 0.996736 -0.0223826 -0.0486293 0.203109 0.037777 0.978427 0.0450298
1 9 87 0.981289 0.0920953 -0.169086 0.986695 -0.0977391 0.994889 -0.0253462 0.0100479 0.165888 0.0413982 0.985275 -0.162272
1 10 58 0.982203 0.0812826 -0.169322 0.942198 -0.0898017 0.99502 -0.0432648 0.229462 0.164962 0.0577003 0.984611 -0.244151
1 11 84 0.905906 0.179851 -0.383391 0.993118 -0.178917 0.983113 0.0384251 0.0478606 0.383828 0.0337858 0.922787 -0.106895
1 12 66 0.810259 0.243951 -0.532887 0.999998 -0.248481 0.966478 0.0646279 0.0016408 0.53079 0.0800471 0.843715 -0.00122757
1 13 28 0.865894 -0.474989 -0.156884 -0.0360298 -0.459183 -0.879159 0.127399 -0.134669 -0.198439 -0.0382756 -0.979366 0.990235
1 14 25 0.99261 0.116219 -0.0349039 0.128742 -0.115917 0.993203 0.0105589 0.163318 0.0358938 -0.0064349 0.999335 -0.978137
1 15 12 0.962311 0.0324221 -0.270012 -0.11981 -0.0590678 0.994084 -0.0911488 0.23571 0.26546 0.103662 0.958533 -0.96441
1 16 49 -0.0718751 -0.48371 -0.872272 0.449399 -0.193887 0.864628 -0.463494 0.294797 0.978387 0.135809 -0.15593 0.843288
1 17 0 1 0 0 0 0 1 0 0 0 0 1 0
1 18 20 0.763153 0.626074 0.160092 0.225923 -0.644797 0.754156 0.124439 -0.267433 -0.0428265 -0.198193 0.979227 -0.936717
1 19 24 0.984528 0.0037605 0.17519 -0.639752 -0.00706426 0.999809 0.0182384 0.308681 -0.175088 -0.0191938 0.984366 -0.70387
1 20 21 0.458201 -0.840015 -0.290564 0.483527 0.695008 0.542374 -0.47201 0.0568978 0.55409 0.0143314 0.832333 0.873478
1 21 22 0.614695 -0.745252 -0.258361 0.246257 0.759132 0.470026 0.450328 -0.368055 -0.214171 -0.472944 0.854666 -0.896601
1 22 13 0.134728 -0.813823 0.565279 0.251026 0.960516 0.247411 0.127265 -0.185779 -0.243428 0.525813 0.815023 0.949985
1 23 14 0.762409 -0.64141 0.0855906 -0.335951 0.637477 0.721755 -0.269616 0.159834 0.111159 0.260119 0.959157 0.928219
1 24 28 -0.793253 -0.0369313 -0.607771 0.432168 0.17232 0.943736 -0.282256 0.244297 0.583999 -0.328632 -0.742258 0.868072
1 25 26 -0.0871235 0.967293 -0.238232 0.311404 0.879168 -0.0378032 -0.475011 0.263767 -0.46848 -0.250831 -0.847119 0.912937
1 26 32 0.233421 -0.786701 -0.571503 0.382776 -0.903991 0.0409478 -0.425586 0.00287452 0.358211 0.615974 -0.701613 0.923837
1 27 34 0.385701 0.778343 0.495395 -0.304954 0.852066 -0.094563 -0.514822 0.181396 -0.353862 0.620677 -0.699673 0.934932
1 28 38 -0.968869 0.0734467 0.236427 -0.193571 0.0246666 0.978867 -0.203005 0.191022 -0.246341 -0.190853 -0.950206 0.96231
1 29 55 -0.888391 0.126888 -0.441203 0.372837 -0.0920108 0.892333 0.441901 -0.192554 0.449772 0.433177 -0.781065 0.907698
1 30 41 0.383835 -0.0903335 -0.918973 0.44473 0.427404 0.89956 0.0900922 -0.125192 0.818533 -0.427354 0.383891 0.886872
1 31 22 -0.986213 0.020023 -0.164265 0.227741 0.042238 -0.929314 -0.366866 -0.0907897 -0.16 -0.368746 0.915656 0.96948
1 32 12 -0.401436 -0.853937 -0.33112 0.252857 0.912549 -0.342081 -0.224133 0.0541845 0.0781255 -0.392139 0.916583 -0.965985
1 33 0 1 0 0 0 0 1 0 0 0 0 1 0
1 34 32 0.293729 0.909556 0.293991 -0.102302 0.953314 -0.256182 -0.159882 -0.0285049 -0.0701066 0.327228 -0.942341 0.994345
1 35 17 -0.970303 -0.241427 -0.0150378 0.280402 0.241327 -0.961897 -0.128515 -0.134915 0.0165622 -0.128328 0.991594 -0.950354
1 36 35 0.885555 -0.0645508 -0.460028 0.120671 0.0211317 -0.983675 0.178707 -0.190768 -0.464054 -0.167976 -0.869734 0.97419
1 37 22 0.68888 -0.716206 0.111779 -0.359146 0.649421 0.678294 0.343759 -0.0250094 -0.322021 -0.164217 0.932381 0.932946
1 38 16 -0.866309 0.486222 0.114441 0.332383 -0.379301 -0.789411 0.48266 0.057346 0.325021 0.374726 0.868298 0.941399
1 39 33 -0.74494 0.362677 0.559937 -0.241067 0.229746 0.927446 -0.295061 0.258216 -0.626323 -0.0911595 -0.774215 0.935527
1 40 15 0.49806 0.842355 -0.205848 -0.155848 -0.86299 0.458304 -0.212615 -0.023713 -0.0847568 0.28354 0.955207 0.987496
1 41 34 0.912659 -0.121733 -0.390174 0.0861086 -0.209273 -0.95917 -0.190255 -0.0796972 -0.351083 0.255291 -0.90087 0.993093
1 42 20 -0.350069 -0.922133 -0.164691 -0.104313 0.883145 -0.383513 0.270133 -0.183479 -0.31226 -0.0508808 0.948633 0.977473
1 43 42 -0.192937 -0.975033 -0.109934 0.0137295 -0.960286 0.210648 -0.182968 -0.00913988 0.201557 0.0702669 -0.976953 0.999864
1 44 31 -0.615664 0.788008 -0.00136684 -0.115154 0.626682 0.490672 0.605402 -0.156553 0.477732 0.371867 -0.795919 0.980934
1 45 17 -0.427366 -0.742892 -0.515238 0.448175 0.85446 -0.518104 0.0382878 -0.162978 -0.29539 -0.423887 0.856192 -0.878964
1 46 37 0.142758 0.657756 0.739579 -0.327446 0.706849 -0.590801 0.388997 0.00964716 0.692809 0.467238 -0.549276 0.944821
1 47 26 -0.912644 -0.407722 -0.0290643 -0.292764 -0.4079 0.913027 0.000225356 -0.022729 0.0264446 0.012061 -0.999578 0.955915
1 48 23 0.50993 -0.826656 -0.23793 -0.144426 -0.692777 -0.558615 0.456079 -0.19452 -0.509932 -0.067736 -0.857544 0.970208
1 49 0 1 0 0 0 0 1 0 0 0 0 1 0
1 50 22 -0.498359 -0.426279 0.754934 -0.655432 0.102101 0.835855 0.539372 -0.332943 -0.860938 0.34588 -0.373032 0.677907
1 51 16 0.734064 0.598724 -0.320437 0.344021 -0.677349 0.611872 -0.408426 0.0726593 -0.0484682 0.516858 0.854698 0.936146
1 52 19 -0.702318 0.698265 -0.138476 0.376407 -0.636815 -0.703211 -0.316164 0.362666 -0.318144 -0.133864 0.938544 -0.85252
1 53 13 0.756211 0.386132 -0.52825 0.0195272 -0.381424 0.916098 0.123612 0.0707395 0.531659 0.10801 0.840043 0.997304
1 54 35 -0.195085 0.504774 0.840919 -0.424532 -0.18878 0.822035 -0.537234 0.273765 -0.962447 -0.263555 -0.0650751 0.863032
1 55 33 0.87619 0.423348 -0.230365 0.0531909 0.377475 -0.899956 -0.218155 -0.0506764 -0.299674 0.104188 -0.948336 0.997298
1 56 24 -0.369204 0.649246 -0.664957 0.034729 0.852186 0.521966 0.0364739 -0.0530394 0.370766 -0.553201 -0.74599 0.997988
1 57 29 -0.926692 -0.180168 -0.329819 -0.138295 -0.205525 0.97769 0.0433855 -0.0836226 0.314644 0.107991 -0.943047 0.986854
1 58 30 -0.893393 -0.443307 0.072991 0.0284965 -0.427163 0.888478 0.167743 -0.0108885 -0.139213 0.118682 -0.983125 0.999535
1 59 25 0.997279 0.0417914 -0.0607303 -0.0333483 0.0254123 -0.968184 -0.248946 0.131503 -0.0692019 0.246725 -0.966611 0.990755
1 60 33 -0.701488 -0.571774 0.425428 0.204638 -0.0756821 0.653329 0.753282 -0.285472 -0.708652 0.496221 -0.501576 0.936285
1 61 15 0.925118 0.0548422 -0.375698 -0.123594 -0.0407246 0.998137 0.045422 0.350667 0.37749 -0.0267205 0.925628 -0.928309
1 62 11 0.993253 -0.0917124 -0.0709801 -0.026408 0.0997543 0.987801 0.119578 -0.0543814 0.0591474 -0.125852 0.990284 -0.998171
1 63 15 -0.796842 0.586308 0.145897 -0.286337 -0.55385 -0.805333 0.2114 -0.00366434 0.241441 0.0876472 0.966449 -0.958122
1 64 11 0.952765 0.274538 -0.129874 -0.0752219 -0.256688 0.956476 0.138798 0.147325 0.162327 -0.098905 0.981768 -0.986224
1 65 14 0.911197 -0.394507 -0.118677 -0.229501 0.406289 0.908214 0.100378 -0.103405 0.0681845 -0.139682 0.987846 -0.9678
1 66 33 -0.984642 -0.152685 0.084666 0.0836096 -0.0666401 0.776915 0.626069 -0.21606 -0.16137 0.610811 -0.775158 0.972794
1 67 47 -0.971811 0.215876 0.094766 0.0130577 0.233191 0.820972 0.521178 -0.222247 0.0347094 0.528585 -0.848171 0.974903
1 68 15 0.662741 0.713426 0.227593 0.0517352 -0.747789 0.646661 0.150468 0.309874 -0.0398277 -0.269912 0.962061 0.949369
1 69 73 -0.135091 0.271819 -0.952819 0.44163 -0.588069 0.751954 0.297893 -0.269641 0.797449 0.600566 0.058266 0.85572
1 70 39 -0.52725 -0.694453 -0.489635 0.304513 -0.622744 0.707853 -0.333367 0.0946235 0.578098 0.12915 -0.805682 0.947797
1 71 11 0.88312 -0.448823 0.136589 -0.345228 0.458489 0.763966 -0.454031 0.257067 0.0994302 0.463589 0.880454 -0.902626
1 72 34 -0.934069 0.205742 0.291864 0.111235 0.107793 0.941664 -0.318826 0.0470325 -0.340434 -0.266345 -0.901757 0.992681
1 73 32 0.945277 0.317949 0.0732083 0.153626 0.271051 -0.890173 0.366229 -0.342695 0.18161 -0.326345 -0.92764 0.926801
1 74 12 0.365573 0.882251 0.296629 0.268335 -0.911907 0.403341 -0.0757814 -0.12328 -0.186501 -0.242794 0.951981 0.955405
1 75 15 -0.205714 0.963883 0.169149 -0.163458 -0.957353 -0.162384 -0.238971 0.161428 -0.202873 -0.211095 0.956181 -0.973254
1 76 30 -0.997395 0.0373598 0.0617012 0.266512 0.0560189 0.940077 0.336328 -0.123948 -0.0454388 0.338908 -0.939721 0.955828
1 77 32 0.743463 -0.668762 0.00448034 0.0693814 -0.593673 -0.663041 -0.455992 0.369083 0.307921 0.336353 -0.889973 0.926803
1 78 15 0.0529834 0.998512 0.0128814 -0.0827699 -0.953515 0.0467553 0.297696 -0.312908 0.296651 -0.0280555 0.954574 -0.94617
1 79 40 -0.81668 0.42002 0.395749 -0.0763301 0.304876 0.896274 -0.322092 0.133063 -0.489985 -0.142392 -0.860023 0.988164
1 80 12 0.531047 0.835602 -0.140567 0.225472 -0.824102 0.547911 0.143696 -0.00141099 0.197091 0.0395325 0.979588 0.974249
1 81 13 -0.0693414 -0.99737 -0.0210739 0.0759273 0.99197 -0.0666954 -0.107459 0.267057 0.105771 -0.0283561 0.993986 0.960685
1 82 33 0.640187 0.766204 -0.055603 -0.0222806 0.729591 -0.629065 -0.26828 0.0696139 -0.240535 0.131182 -0.961735 0.997325
1 83 13 0.677216 -0.692699 -0.248088 0.150995 0.698023 0.711468 -0.0811019 0.140886 0.232686 -0.118248 0.965337 0.978443
1 84 24 -0.867428 0.0396944 -0.495976 0.105841 0.0274105 -0.991487 -0.127291 0.117977 -0.496807 -0.12401 0.858956 0.98736
1 85 22 0.0579403 0.991401 0.11733 0.266127 -0.927063 0.0970373 -0.362131 0.145311 -0.370402 -0.0877899 0.924713 0.952922
1 86 17 0.54316 0.764809 0.346473 -0.168777 -0.788591 0.606361 -0.102228 -0.11331 -0.288273 -0.217699 0.932473 0.97912
1 87 24 -0.681525 -0.0836112 -0.727003 0.369407 -0.0225944 0.995382 -0.093296 -0.0239907 0.731446 -0.0471574 -0.680267 0.928958
1 88 13 0.888703 -0.361608 -0.281861 -0.354512 0.33374 0.931743 -0.143085 0.25534 0.314363 0.0330923 0.948726 -0.899512
1 89 30 -0.839819 -0.389765 -0.377872 -0.0167056 -0.533316 0.722353 0.440204 -0.385693 0.101381 0.571217 -0.814514 0.922476
1 90 28 -0.352769 -0.921479 -0.162578 -0.21184 -0.896394 0.382642 -0.223746 -0.0541528 0.268387 0.0668031 -0.960992 0.975803
1 91 22 -0.141822 -0.913994 -0.380132 0.364413 -0.980417 0.0766895 0.181386 -0.0688716 -0.136634 0.398413 -0.906972 0.928687
1 92 14 -0.60887 0.617307 0.498205 -0.376588 -0.733538 -0.677224 -0.0573557 0.219167 0.30199 -0.400375 0.86516 -0.900082
1 93 12 -0.988253 0.0905505 -0.123113 0.377918 -0.0786149 -0.992019 -0.09858 0.033783 -0.131057 -0.0877434 0.987484 -0.925223
1 94 30 -0.625848 -0.130075 -0.769022 0.976341 0.50627 -0.817792 -0.273691 0.215411 -0.593299 -0.560622 0.577667 -0.0188716
1 95 40 -0.292005 0.561183 0.774472 -0.353782 0.714904 0.665982 -0.213025 0.076923 -0.63533 0.491469 -0.595662 0.932159
1 96 12 0.114752 -0.935776 -0.333399 0.244677 0.923383 0.224241 -0.311576 0.0182131 0.366327 -0.272101 0.889812 -0.969433
1 97 36 -0.675882 0.399762 0.619172 -0.326474 0.638891 0.736627 0.221811 -0.0198546 -0.367427 0.545501 -0.753277 0.944998
1 98 26 0.559737 0.796509 0.228621 -0.216254 0.766467 -0.6025 0.222535 -0.349151 0.314996 0.0506693 -0.94774 0.911772
1 99 19 -0.669114 0.742505 0.0311972 0.00975031 0.167197 0.191308 -0.967185 0.895902 -0.724108 -0.641941 -0.252151 0.444144
1 100 27 -0.227308 -0.926527 0.299797 -0.273355 -0.841108 0.341947 0.419057 -0.0137621 -0.490783 -0.156907 -0.857037 0.961815
1 101 39 -0.699639 0.0894369 -0.708877 0.53747 -0.062709 0.98062 0.185614 -0.139087 0.711739 0.174316 -0.680471 0.831733
1 102 32 -0.777208 -0.583611 0.235257 -0.129145 -0.529063 0.80848 0.257783 -0.063521 -0.340646 0.0758855 -0.937124 0.989589
1 103 23 0.839374 -0.431426 0.33064 -0.494453 -0.541573 -0.715684 0.441016 -0.209251 0.0463684 -0.549243 -0.834375 0.843641
1 104 15 -0.968499 0.246992 0.0316964 0.267455 -0.238118 -0.881331 -0.408112 -0.258 -0.0728654 -0.402804 0.912381 0.928388
1 105 24 -0.872215 0.0356731 0.487819 -0.267287 0.162536 0.9618 0.220278 -0.125456 -0.461327 0.271419 -0.844695 0.955415
1 106 18 0.216408 -0.946062 -0.241109 0.410148 0.960675 0.250359 -0.120101 -0.0745586 0.173987 -0.205636 0.963038 -0.908966
1 107 23 0.158679 -0.966825 0.200174 -0.169152 -0.95827 -0.101983 0.267055 -0.145545 -0.237781 -0.234196 -0.942662 0.974784
1 108 11 0.603691 -0.70943 -0.363684 -0.0287865 0.648646 0.702315 -0.293279 0.158286 0.463482 -0.0588519 0.88415 -0.986974
1 109 18 0.317825 -0.946644 0.0534129 -0.174703 0.828046 0.249683 -0.501994 0.514855 0.461874 0.203775 0.86322 -0.839287
1 110 16 -0.527658 0.782402 0.330792 -0.179009 -0.833037 -0.552807 -0.0212864 -0.163251 0.16621 -0.286794 0.943463 -0.970209
1 111 13 -0.963578 0.195805 -0.18215 -0.386047 -0.196971 -0.980338 -0.0118486 -0.146458 -0.180889 0.0244612 0.983199 0.910779
1 112 26 0.98034 0.0406969 -0.193072 0.422665 -0.0145354 0.990735 0.135028 0.33629 0.196779 -0.129567 0.971849 -0.841584
1 113 17 0.153429 -0.90451 -0.397897 0.332071 0.982663 0.0972469 0.15785 -0.202494 -0.104083 -0.415217 0.903748 -0.921263
1 114 10 -0.989925 0.0209639 -0.140036 0.30269 0.0149219 -0.968027 -0.250401 0.0722285 -0.140808 -0.249968 0.957961 -0.950348
1 115 36 -0.873506 0.486767 0.00672758 0.0822632 0.476589 0.852259 0.215679 -0.126126 0.0992519 0.191603 -0.976441 0.988597
1 116 26 0.0447902 0.953784 -0.297135 0.0336033 0.908176 0.0850361 0.409859 -0.187046 0.416184 -0.288209 -0.862396 0.981776
1 117 36 -0.424214 0.63858 0.642073 -0.209832 0.833174 0.55301 0.000472384 -0.167589 -0.354771 0.53516 -0.766643 0.963268
1 118 23 0.872662 0.246268 -0.42168 -0.0381792 -0.164496 0.961302 0.220995 -0.194839 0.459786 -0.12349 0.879402 0.980092
1 119 33 0.143298 -0.886181 -0.440623 0.180603 -0.935776 -0.266252 0.231156 0.0746289 -0.322163 0.3792 -0.867421 0.980721
1 120 43 -0.577493 0.552665 -0.600885 0.21869 0.120605 0.785699 0.606738 -0.374102 0.807438 0.277917 -0.520391 0.901234
1 121 21 0.859584 0.257732 -0.441237 0.107242 -0.264199 0.963275 0.0479692 0.225416 0.437396 0.0753406 0.896108 -0.968342
1 122 18 -0.483617 0.874467 -0.0377106 -0.15323 -0.872416 -0.48507 -0.0599874 -0.279874 -0.0707492 0.00388837 0.997487 0.94773
1 123 20 0.692038 0.339213 -0.637195 0.520955 -0.297222 0.938314 0.176712 -0.0189369 0.657832 0.0670971 0.75017 -0.853374
1 124 64 0.86939 -0.077774 0.487968 -0.99517 0.052941 0.996512 0.064505 -0.0213816 -0.491283 -0.0302465 0.870475 -0.0958127
1 125 32 0.78039 0.37303 -0.501837 0.234054 -0.401551 0.914178 0.0550958 0.288634 0.479321 0.158517 0.863206 -0.92839
1 126 69 0.775499 0.246789 0.581116 -0.9185 -0.04351 0.939139 -0.34077 0.393063 -0.629847 0.238983 0.73904 0.0431271
1 127 35 0.839479 0.406306 -0.36082 -0.0667384 -0.432469 0.901603 0.00908505 0.383044 0.329007 0.148417 0.932591 -0.921316
1 128 56 0.871065 0.37899 -0.31243 -0.0942042 -0.419251 0.905092 -0.0709719 0.466158 0.255881 0.192808 0.947286 -0.879672
1 129 57 0.903692 0.336567 -0.264694 -0.072976 -0.369535 0.925315 -0.0850607 0.442182 0.216297 0.174683 0.960574 -0.893952
1 130 65 0.939838 0.278454 -0.197907 -0.106855 -0.303453 0.946562 -0.109257 0.410349 0.156908 0.162739 0.974113 -0.905647
1 131 78 0.953187 0.251955 -0.167192 -0.088987 -0.269893 0.958224 -0.0946824 0.363214 0.136352 0.135374 0.981367 -0.927447
1 132 85 0.968783 0.227798 -0.0978127 -0.102024 -0.238633 0.963801 -0.118919 0.376546 0.0671823 0.138549 0.988074 -0.920763
1 133 70 0.971535 0.208343 -0.11275 0.0021286 -0.220139 0.969821 -0.104812 0.346169 0.0875107 0.126649 0.98808 -0.93817
1 134 84 0.963942 0.211392 -0.161646 0.137825 -0.225717 0.971233 -0.0758885 0.329401 0.140953 0.109638 0.983927 -0.934077
1 135 91 0.966177 0.201515 -0.160918 0.216778 -0.201922 0.979302 0.0139931 0.243712 0.160407 0.018973 0.986869 -0.94531
1 136 78 0.964339 0.208021 -0.163636 0.304529 -0.201124 0.977857 0.0578338 0.175372 0.172043 -0.0228605 0.984824 -0.936219
1 137 50 0.981391 0.180606 -0.0652243 0.275973 -0.176766 0.982389 0.0605455 0.130498 0.0750105 -0.0478894 0.996032 -0.952265
1 138 42 0.993987 0.107945 -0.0183824 0.332835 -0.106862 0.992904 0.0521787 0.127905 0.0238844 -0.0499006 0.998469 -0.93427
1 139 50 0.997075 0.03341 0.0687359 0.329347 -0.0361235 0.998601 0.0386191 0.183175 -0.0673494 -0.0409891 0.996887 -0.926271
1 140 53 0.981833 -0.0626771 0.179095 0.227098 0.0522037 0.996672 0.0626105 0.231542 -0.182423 -0.0521236 0.981838 -0.945946
1 141 65 0.974462 -0.181284 0.132516 0.345222 0.182808 0.983148 0.000681778 0.399339 -0.130406 0.0235605 0.991181 -0.849323
1 142 59 0.941309 -0.290058 0.172639 0.143908 0.260443 0.949464 0.17518 0.0938805 -0.214727 -0.119936 0.969282 -0.985128
1 143 41 0.95251 -0.289059 0.0957576 0.149527 0.272972 0.949911 0.152168 0.0934807 -0.134947 -0.118802 0.983705 -0.984329
1 144 60 0.980177 -0.150024 -0.129407 0.471776 0.154985 0.987488 0.0291067 0.267251 0.123421 -0.0485858 0.991164 -0.84024
1 145 150 0.987007 0.0429564 -0.154827 0.421356 -0.0297459 0.995794 0.0866537 0.0583041 0.157898 -0.0809224 0.984134 -0.905019
1 146 164 0.981799 0.088512 -0.168036 0.496185 -0.0815309 0.995514 0.0480131 0.129375 0.171532 -0.0334391 0.984611 -0.858524
1 147 198 0.952259 0.18897 -0.239778 0.65364 -0.162941 0.978778 0.124275 -0.0120781 0.258174 -0.079272 0.962841 -0.756709
1 148 196 0.926738 0.210227 -0.311386 0.864213 -0.175242 0.974989 0.136696 -0.0985338 0.332335 -0.0721131 0.9404 -0.493383
1 149 149 0.89122 0.270997 -0.363714 0.932114 -0.226144 0.960596 0.161597 -0.210364 0.393175 -0.0617667 0.917387 -0.294807
1 150 59 0.912769 0.306137 -0.270431 0.936066 -0.286584 0.95171 0.110079 -0.251477 0.291071 -0.0229759 0.956425 -0.246049
1 151 90 0.895451 0.300607 -0.328333 0.956668 -0.282237 0.953748 0.103474 -0.262287 0.344252 1.11909e-05 0.938877 -0.126461
1 152 76 0.8862 0.311426 -0.343021 0.955423 -0.316401 0.947653 0.0429389 -0.279858 0.338438 0.0704799 0.938346 -0.0940523
1 153 61 0.572022 -0.377454 -0.728231 0.422119 -0.802507 -0.441148 -0.40171 0.0525897 -0.169631 0.814197 -0.555255 0.905014
1 154 54 0.876281 0.358015 -0.322423 0.956672 -0.354811 0.932249 0.0708549 -0.288515 0.325946 0.0523103 0.94394 -0.0392202
1 155 32 0.947977 0.317641 -0.0210846 0.921649 -0.318179 0.947522 -0.031057 -0.200075 0.0101131 0.03615 0.999295 -0.332465
1 156 72 0.711775 0.472401 -0.519821 0.881164 -0.378996 0.881376 0.282027 -0.44332 0.591387 -0.00372975 0.806379 0.16437
1 157 27 0.905714 0.332094 0.263432 -0.196457 0.355809 -0.933394 -0.0466388 -0.162652 0.230398 0.135973 -0.96355 0.966928
1 158 56 0.778948 0.338466 -0.527901 0.947008 -0.266155 0.940688 0.210399 -0.242247 0.567804 -0.0233867 0.822832 0.21093
