0 1 20 0.999932 0.00895063 -0.00745845 0.931911 -0.00891304 0.999947 0.005058 -0.128795 0.00750333 -0.00499118 0.999959 0.339048
0 2 666 0.999657 0.0104646 -0.0239978 0.895834 -0.0103887 0.999941 0.00328772 -0.123185 0.0240308 -0.00303729 0.999707 0.426975
0 3 677 0.998098 0.0099117 -0.0608383 0.982046 -0.00956213 0.999936 0.00603425 -0.0612004 0.0608942 -0.00544103 0.998129 0.178436
0 4 613 0.99334 0.0345183 -0.109931 0.975142 -0.0346701 0.999399 0.00053083 -0.030198 0.109883 0.00328401 0.993939 0.219514
0 5 515 0.996161 0.0435791 -0.0759219 0.952069 -0.0456819 0.998613 -0.0261834 0.059448 0.0746755 0.0295511 0.99677 0.300051
0 6 423 0.985475 0.0646523 -0.157034 0.978418 -0.0619606 0.997837 0.0219815 -0.0676225 0.158115 -0.0119323 0.987349 0.195259
0 7 292 0.98094 0.059508 -0.184975 0.96876 -0.0607972 0.998149 -0.00130044 -0.128589 0.184556 0.0125216 0.982742 0.212058
0 8 243 0.976513 0.0781681 -0.200777 0.996687 -0.0813529 0.996656 -0.00764758 -0.0763092 0.199508 0.0238018 0.979607 0.0281516
0 9 196 0.970467 0.108357 -0.21553 0.995245 -0.111767 0.993728 -0.00365812 -0.0435491 0.213782 0.0276392 0.97649 -0.0871205
0 10 29 0.973785 0.159602 0.162079 0.0298944 -0.168529 0.984766 0.0428253 -0.0028346 -0.152775 -0.0690177 0.985848 -0.999549
0 11 144 0.894635 0.193504 -0.402721 0.997208 -0.19067 0.980502 0.0475555 0.0351486 0.404071 0.0342418 0.914087 -0.0658812
0 12 108 0.869665 0.232743 -0.435332 0.990799 -0.235778 0.970625 0.0479122 0.0443879 0.433696 0.0609744 0.898994 -0.127852
0 13 29 0.998934 -0.0410158 0.0211718 0.259671 0.0414488 0.998932 -0.0204369 0.34464 -0.0203109 0.0212927 0.999567 -0.902106
0 14 55 0.998894 0.0428619 -0.0193387 -0.358856 -0.0411355 0.995764 0.0822313 -0.209887 0.0227814 -0.0813448 0.996426 -0.909489
0 15 28 0.981469 0.189846 0.0260274 0.46558 -0.191129 0.979609 0.0619289 0.0641978 -0.0137398 -0.0657559 0.997741 -0.882674
0 16 61 0.485051 -0.87044 -0.0840236 0.449399 0.764818 0.468846 -0.441856 0.294797 0.424003 0.15006 0.893142 0.843288
0 17 51 -0.538662 0.757538 -0.368754 0.451509 0.306736 -0.231313 -0.923259 0.122043 -0.784702 -0.610434 -0.107764 0.883881
0 18 19 0.293064 -0.933543 0.206425 -0.0224958 0.714281 0.0702616 -0.696323 -0.383556 0.635543 0.351513 0.687403 0.923244
0 19 51 0.423282 -0.374617 0.824921 -0.539088 0.350616 0.907298 0.232119 -0.347941 -0.835404 0.190978 0.51539 0.767021
0 20 25 -0.996145 0.0100737 -0.0871467 0.167679 0.0183531 0.995333 -0.0947333 -0.181817 0.0857857 -0.0959674 -0.991681 0.96893
0 21 20 0.688379 0.55689 -0.464767 0.195546 0.70254 -0.671309 0.236181 -0.373764 -0.180475 -0.489099 -0.853352 0.906676
0 22 19 0.169524 0.977711 0.123862 0.0929653 0.982657 -0.158107 -0.0968932 -0.164536 -0.0751502 0.13814 -0.987558 0.98198
0 23 0 1 0 0 0 0 1 0 0 0 0 1 0
0 24 29 0.482808 0.850224 -0.209796 -0.118583 0.806551 -0.3384 0.484727 -0.397555 0.341131 -0.403241 -0.849132 0.909884
0 25 19 0.936333 0.349202 -0.0365757 0.412934 -0.337301 0.923538 0.182498 -0.280264 0.0975077 -0.158542 0.982526 -0.866566
0 26 37 0.498552 -0.832766 0.24072 -0.0326815 -0.663468 -0.54529 -0.512318 0.319759 0.557903 0.0957069 -0.824369 0.946935
0 27 35 0.102577 -0.364369 -0.925588 0.594972 -0.619439 0.704661 -0.346047 0.131693 0.778314 0.608842 -0.153422 0.792884
0 28 18 0.94294 0.327437 0.0604099 0.36491 -0.329555 0.943691 0.0289945 0.254992 -0.0475144 -0.0472485 0.997752 -0.895444
0 29 13 0.852697 0.521252 0.034712 -0.464389 -0.50841 0.81274 0.284558 -0.228915 0.120115 -0.26029 0.95803 -0.855535
0 30 25 0.665524 -0.678255 0.311524 -0.487261 0.721092 0.692012 -0.0338428 -0.128565 -0.192625 0.247161 0.949635 -0.86374
0 31 20 0.780668 0.417888 0.464679 -0.193695 0.21757 -0.878771 0.424764 -0.255579 0.58585 -0.2305 -0.776949 0.947186
0 32 26 -0.424534 -0.351938 -0.834213 0.351846 -0.267124 0.929036 -0.256001 0.121133 0.86511 0.114157 -0.488418 0.928187
0 33 10 -0.528857 -0.559498 -0.638179 0.455135 0.719582 -0.694297 0.0123811 -0.122269 -0.450013 -0.452674 0.769789 -0.881988
0 34 33 0.098438 0.953356 0.285345 -0.278444 0.889824 -0.212706 0.403694 -0.371923 0.445559 0.214168 -0.869258 0.885518
0 35 39 0.1303 0.815343 0.564126 -0.284349 0.90647 0.132536 -0.400931 0.246124 -0.401663 0.563605 -0.721815 0.92659
0 36 32 -0.363715 0.678511 -0.638228 0.407049 -0.866837 -0.497378 -0.0347748 0.188353 -0.341035 0.540591 0.769062 0.893775
0 37 0 1 0 0 0 0 1 0 0 0 0 1 0
0 38 38 0.883224 0.453009 -0.121234 -0.14102 -0.468146 0.836592 -0.284523 0.348072 -0.0274677 0.308053 0.950973 0.9268
0 39 21 0.501588 0.805016 0.316795 -0.208656 -0.639263 0.591628 -0.491241 0.126604 -0.582882 0.0438854 0.811371 0.96976
0 40 30 0.96361 0.0781951 0.25562 -0.744156 -0.115341 0.984287 0.133702 -0.0517569 -0.241149 -0.15832 0.957487 0.665998
0 41 11 -0.906234 0.390181 -0.162781 0.0907665 -0.402614 -0.913965 0.050686 -0.0985525 -0.129 0.111472 0.985359 0.990984
0 42 22 0.538476 -0.749272 -0.385533 0.197261 -0.837234 -0.42399 -0.345358 0.220977 0.0953053 0.508748 -0.855624 0.955122
0 43 35 0.441956 0.874073 -0.201669 -0.0958962 0.82301 -0.305675 0.478767 -0.218332 0.356832 -0.37757 -0.854466 0.971151
0 44 21 -0.774758 -0.278844 -0.567446 -0.22803 -0.01832 -0.887215 0.460992 0.138652 -0.631992 0.367553 0.682269 0.963731
0 45 19 0.460757 -0.273173 -0.84444 -0.218977 0.869994 -0.0491628 0.490605 0.0207046 -0.175535 -0.960708 0.215007 0.97551
0 46 22 0.862158 -0.252981 0.438959 -0.162177 -0.292241 -0.956068 0.0229872 -0.0997585 0.413859 -0.1481 -0.898213 0.981706
0 47 0 1 0 0 0 0 1 0 0 0 0 1 0
0 48 17 0.73517 -0.380275 0.561174 0.277493 0.137023 0.894107 0.426376 0.0701039 -0.66389 -0.236565 0.709427 0.958167
0 49 20 -0.324991 -0.184422 -0.927561 0.244217 0.286437 0.915538 -0.282391 0.14088 0.901296 -0.357462 -0.244716 0.959433
0 50 10 0.687787 0.590108 -0.422754 0.150124 -0.724187 0.597915 -0.343585 0.323567 0.0500189 0.542467 0.838587 -0.93422
0 51 18 0.240536 0.732621 0.636717 -0.364745 0.903531 -0.408676 0.128899 0.129513 0.354646 0.544289 -0.760247 0.922056
0 52 16 0.744588 -0.451771 -0.491418 0.362925 0.434826 0.886823 -0.156435 -0.158026 0.506473 -0.0972023 0.856759 -0.918321
0 53 18 0.901134 -0.357456 0.245321 -0.11496 -0.370237 -0.928915 0.00646851 0.225364 0.22557 -0.0966559 -0.96942 0.967468
0 54 21 0.656933 0.736898 0.159438 -0.215947 0.673598 -0.478653 -0.563167 0.348826 -0.338681 0.47736 -0.810816 0.911969
0 55 16 -0.135239 -0.833838 -0.535186 0.477688 0.986561 -0.0633356 -0.15062 -0.248393 0.0916961 -0.548363 0.831198 -0.842683
0 56 10 -0.917972 -0.33287 0.215699 0.0584518 0.200616 -0.85876 -0.471469 0.201992 0.342171 -0.389523 0.855097 -0.977641
0 57 23 0.724358 0.489446 -0.485538 0.278512 0.363793 -0.869593 -0.333861 0.111815 -0.585627 0.0651995 -0.807954 0.953902
0 58 31 -0.470693 0.408987 0.781779 -0.406843 -0.475562 0.628737 -0.615248 0.34918 -0.743162 -0.661377 -0.101444 0.844128
0 59 35 0.662526 0.704958 -0.253167 0.0347709 0.688844 -0.706179 -0.163725 0.0425922 -0.2942 -0.06592 -0.953468 0.998487
0 60 13 -0.00956644 -0.987717 -0.155958 0.104482 0.778456 0.0905362 -0.621135 -0.10947 0.627626 -0.127349 0.768029 0.988484
0 61 26 0.0863344 0.853138 -0.514492 0.201217 0.778437 0.264525 0.569265 -0.304082 0.621758 -0.449647 -0.641276 0.931153
0 62 11 -0.48525 0.868815 0.0984542 -0.294894 -0.855641 -0.495017 0.151117 0.0615217 0.18003 -0.0109117 0.983601 0.953547
0 63 0 1 0 0 0 0 1 0 0 0 0 1 0
0 64 22 0.549405 -0.831014 0.0870098 -0.136625 -0.770345 -0.463441 0.43794 -0.256178 -0.323611 -0.307634 -0.894783 0.956925
0 65 16 0.899868 0.352142 -0.25736 0.284999 0.255707 -0.903948 -0.342769 0.146944 -0.353344 0.242638 -0.903479 0.947197
0 66 33 -0.471021 0.79348 -0.385394 0.440261 0.746628 0.125943 -0.653211 0.224332 -0.469772 -0.595422 -0.651756 0.869394
0 67 20 -0.14943 0.983726 0.0997686 0.0692579 0.976478 0.162681 -0.141511 -0.197581 -0.155438 0.076276 -0.984896 0.977837
0 68 26 0.0637493 -0.904003 -0.422747 0.35078 -0.730895 -0.330724 0.597004 -0.244031 -0.679506 0.270925 -0.681815 0.904103
0 69 28 0.929712 0.220593 0.294913 0.00813622 0.112956 -0.932973 0.341763 -0.176306 0.350537 -0.284429 -0.892314 0.984302
0 70 48 -0.361334 -0.311464 -0.878879 0.474453 -0.744615 0.663716 0.070921 -0.105842 0.561236 0.680052 -0.471744 0.873895
0 71 41 0.339295 -0.909185 0.241375 -0.148168 -0.853035 -0.189225 0.486339 -0.143095 -0.396497 -0.370914 -0.83977 0.978555
0 72 32 0.757922 -0.302213 0.578119 -0.0655678 0.0516546 -0.855631 -0.515003 -0.0818046 0.650297 0.420195 -0.63289 0.994489
0 73 27 0.156923 0.914831 0.372101 -0.104713 0.959573 -0.0520942 -0.276597 -0.157023 -0.233655 0.400462 -0.886022 0.982028
0 74 24 0.93493 -0.143784 -0.324394 0.0845842 -0.118084 -0.988188 0.0976755 -0.20854 -0.334606 -0.0530142 -0.940866 0.974349
0 75 14 0.834289 0.548828 0.0524401 0.160779 -0.55114 0.832704 0.0533791 0.262021 -0.0143711 -0.0734354 0.997196 0.951575
0 76 27 0.91946 -0.178869 0.350141 0.110608 -0.215672 -0.974042 0.0687617 -0.153133 0.328753 -0.138739 -0.93417 0.981996
0 77 22 0.385002 0.92239 -0.0311534 0.0772166 0.831362 -0.36127 -0.422281 0.265664 -0.400762 0.136679 -0.90593 0.960968
0 78 16 0.176965 0.916988 0.357513 -0.156025 0.905089 -0.294322 0.3069 -0.343114 0.386648 0.269271 -0.882041 0.926244
0 79 25 -0.877462 -0.273127 0.394287 0.00221802 -0.373055 0.905308 -0.203096 0.313458 -0.30148 -0.325299 -0.896265 0.949599
0 80 31 0.785756 -0.543018 -0.296174 0.204318 -0.414584 -0.817713 0.39933 0.041359 -0.459029 -0.190987 -0.86765 0.97803
0 81 18 -0.256751 -0.965858 -0.0346083 -0.0164102 0.958153 -0.259066 0.121772 -0.374767 -0.126581 -0.00189493 0.991955 -0.926974
0 82 26 -0.888565 -0.431334 0.156217 0.0162791 -0.408534 0.898916 0.158271 -0.108764 -0.208694 0.0768141 -0.97496 0.993934
0 83 15 0.914623 -0.399761 0.0604596 -0.0669208 0.403472 0.892863 -0.200017 0.271827 0.025977 0.207334 0.977925 0.960017
0 84 10 0.305923 -0.84705 -0.434647 0.230154 0.797901 0.47717 -0.368323 0.242154 0.519389 -0.234127 0.821839 -0.942545
0 85 24 0.214694 -0.90229 -0.373871 0.197713 -0.824167 0.0380355 -0.565068 0.594999 0.524076 0.429449 -0.735471 0.779029
0 86 21 -0.849548 -0.357542 0.387854 -0.370696 0.175993 -0.885237 -0.430561 -0.00840465 0.497287 -0.297523 0.814976 0.928716
0 87 29 -0.394293 -0.918721 -0.0220076 -0.0801607 -0.899366 0.390687 -0.196225 0.231969 0.188874 -0.0575773 -0.980312 0.969415
0 88 52 -0.1269 0.215638 0.968193 -0.42443 -0.986441 -0.129845 -0.100372 -0.0641872 0.104071 -0.967802 0.229191 0.903183
0 89 38 -0.270499 0.229555 0.934952 -0.391136 -0.892471 0.304377 -0.332941 -0.0623698 -0.361006 -0.924478 0.122537 0.918217
0 90 33 0.519667 -0.85398 -0.0257786 -0.0685378 -0.494012 -0.324961 0.806444 -0.50949 -0.697064 -0.406347 -0.590748 0.857743
0 91 35 0.261061 -0.870532 0.417158 -0.421718 -0.916455 -0.0877556 0.390396 -0.0502808 -0.303244 -0.484224 -0.820713 0.905332
0 92 19 0.426821 0.904286 -0.00948743 0.395785 -0.789757 0.377833 0.483246 -0.0707982 0.440577 -0.198767 0.875433 0.91561
0 93 12 0.507976 0.610581 0.607579 0.267204 -0.734044 0.67593 -0.0655592 -0.219079 -0.450709 -0.412687 0.791549 0.938406
0 94 0 1 0 0 0 0 1 0 0 0 0 1 0
0 95 12 0.709613 0.697397 -0.100435 0.199228 -0.670323 0.624294 -0.401154 0.367129 -0.217063 0.351988 0.910488 -0.908584
0 96 20 0.818177 -0.4524 -0.354852 0.438539 0.381865 0.888954 -0.252864 0.06164 0.429843 0.071382 0.900077 -0.896596
0 97 12 -0.820671 0.409763 0.398238 0.0171609 -0.424631 -0.903707 0.0547981 -0.0735331 0.382345 -0.124133 0.915644 0.997145
0 98 47 -0.0246089 0.923966 -0.381682 0.454723 0.754221 -0.233436 -0.613725 0.325418 -0.656159 -0.302976 -0.69113 0.829053
0 99 23 0.775295 -0.625172 -0.0898715 0.0886674 -0.46645 -0.662684 0.585896 -0.38716 -0.425842 -0.412321 -0.805388 0.917739
0 100 37 0.857592 0.44457 0.258638 -0.177795 0.509264 -0.804384 -0.305968 0.0481365 0.0720202 0.394111 -0.916237 0.98289
0 101 28 0.80681 0.548338 -0.219962 0.265116 -0.588898 0.716447 -0.374035 0.4409 -0.0475068 0.431311 0.900952 -0.857508
0 102 25 -0.063693 -0.873788 -0.482118 -0.240288 0.997757 -0.0457882 -0.0488283 0.353468 0.0205903 -0.484146 0.874745 0.904059
0 103 17 0.791308 0.463723 -0.398488 0.28745 -0.453485 0.882284 0.126199 -0.00298771 0.410101 0.080846 0.90845 -0.957791
0 104 60 -0.685899 0.0251856 -0.727261 0.485595 0.305817 0.91684 -0.256673 0.0614638 0.660317 -0.39846 -0.636562 0.87202
0 105 26 0.945396 -0.325661 0.0131092 -0.35066 0.325678 0.942346 -0.0769254 0.198975 0.0126983 0.0769943 0.996951 -0.915121
0 106 55 -0.356577 -0.615962 -0.702456 0.358875 -0.0292758 0.758877 -0.650575 0.527394 0.933807 -0.211415 -0.288631 0.770107
0 107 46 0.999397 -0.0303826 -0.0168312 -0.90562 0.029356 0.997873 -0.0582064 -0.168928 0.0185639 0.0576771 0.998163 0.388993
0 108 22 0.561936 0.820221 -0.107076 -0.200547 -0.805929 0.572046 0.152449 -0.0939107 0.186294 0.000629366 0.982494 -0.975173
0 109 20 0.759359 0.55344 -0.342167 0.118343 -0.47813 0.831286 0.283471 -0.271155 0.441323 -0.051656 0.89586 -0.955233
0 110 56 0.0636142 0.377233 -0.923931 0.645066 -0.341821 0.878042 0.334962 -0.353955 0.937609 0.294511 0.184802 0.677205
0 111 34 0.340542 0.57978 0.740194 -0.240737 -0.0905161 0.803807 -0.587963 0.261231 -0.935862 0.133226 0.326209 0.934775
0 112 23 0.760025 0.311122 0.570583 -0.278225 -0.321675 0.942964 -0.0856948 0.0318005 -0.564701 -0.118412 0.816756 0.959989
0 113 43 0.84122 -0.131118 -0.524554 0.155203 0.0843932 -0.926421 0.36691 -0.310473 -0.534066 -0.35292 -0.768258 0.937827
0 114 28 0.995804 0.0818845 0.040865 -0.174307 -0.0800197 0.995761 -0.0453552 -0.219851 -0.0444057 0.0418949 0.998135 -0.959835
0 115 35 0.655725 0.212506 -0.724477 0.412748 -0.00879835 0.961657 0.274113 -0.288464 0.754949 -0.173369 0.632452 0.863961
0 116 45 0.999246 0.0365782 -0.0129939 -0.693442 -0.0370945 0.998428 -0.042009 0.229032 0.0114369 0.0424594 0.999033 -0.683142
0 117 40 0.923745 -0.0779606 -0.37499 0.235643 0.0798954 0.996749 -0.0104116 -0.3258 0.374583 -0.0203423 0.92697 0.915602
0 118 80 0.730305 0.0880906 -0.677418 0.935235 -0.11176 0.993697 0.00873404 -0.0556068 0.673917 0.0693296 0.735547 0.349633
0 119 68 0.976035 -0.12539 0.177859 -0.960219 0.112406 0.990329 0.0813279 -0.0950965 -0.186336 -0.0593863 0.98069 -0.262556
0 120 64 0.510945 -0.0265456 0.859203 -0.918156 0.134679 0.989651 -0.0495144 0.0206509 -0.848997 0.141016 0.509233 0.39568
0 121 30 0.890447 0.015018 -0.454839 0.0354954 -0.0283885 0.999342 -0.0225803 0.198428 0.454201 0.0330188 0.890287 -0.979472
0 122 64 -0.861324 -0.308257 0.403855 -0.15323 -0.0785035 0.866106 0.493658 -0.279874 -0.501954 0.393495 -0.770197 0.94773
0 123 58 -0.881375 0.381102 0.279177 -0.239695 0.472329 0.722365 0.505069 -0.276049 -0.00918493 0.577019 -0.816679 0.930776
0 124 27 0.902021 -0.312869 -0.29744 -0.0826354 0.249836 0.940242 -0.231357 -0.124152 0.352051 0.134378 0.926284 0.988816
0 125 18 0.893845 0.288965 -0.342842 -0.227869 -0.290671 0.955637 0.0476342 -0.282488 0.341397 0.0570768 0.938184 0.931813
0 126 15 0.982644 -0.163902 -0.0868753 0.0189643 0.17126 0.981523 0.0853438 -0.0433996 0.0712821 -0.0987408 0.992557 0.998878
0 127 32 0.825275 -0.246678 -0.508006 -0.068243 -0.402283 -0.888125 -0.222268 -0.0772506 -0.396344 0.387794 -0.832182 0.994673
0 128 17 -0.253204 0.924315 -0.285534 -0.190682 -0.965884 -0.258131 0.0209122 -0.2667 -0.0543758 0.281088 0.95814 0.944728
0 129 12 0.122871 0.981879 -0.144277 -0.0760416 -0.978334 0.0954311 -0.183726 -0.297916 -0.166628 0.163726 0.972332 0.951559
0 130 11 -0.686315 -0.653979 -0.31825 -0.10108 0.726636 -0.597792 -0.338594 0.203613 0.0311859 -0.463634 0.885478 -0.97382
0 131 55 -0.837077 -0.326244 -0.439166 0.478072 0.520298 -0.722844 -0.454738 -0.0745498 -0.169093 -0.609148 0.77482 0.875151
0 132 59 0.275691 -0.151725 -0.949197 0.490494 0.947501 0.209286 0.241745 -0.196466 0.161975 -0.966012 0.201458 0.849009
0 133 40 0.833504 0.520549 0.185205 -0.108043 0.300656 -0.708549 0.638408 -0.29828 0.463549 -0.476433 -0.747084 0.948344
0 134 12 -0.933013 0.310977 -0.181053 0.282372 0.188354 0.850765 0.490634 -0.33789 0.30661 0.423666 -0.852348 0.897829
0 135 31 0.361522 0.880575 0.306413 -0.484148 -0.93234 0.339085 0.125555 0.253061 0.00666077 -0.331071 0.943582 -0.837593
0 136 15 0.94571 0.324956 0.00596318 0.302876 -0.318417 0.930047 -0.183363 -0.102099 -0.065131 0.17151 0.983027 0.947545
0 137 28 0.600002 0.76591 -0.23104 0.437504 -0.798696 0.589975 -0.118383 -0.0879531 0.045637 0.25556 0.965715 0.894905
0 138 17 0.89945 0.21002 0.383252 -0.48108 -0.263923 0.960019 0.093314 -0.0465022 -0.348331 -0.18508 0.918918 -0.875443
0 139 14 0.939665 0.138114 -0.312976 0.0766678 -0.130868 0.990416 0.0441502 -0.226726 0.316074 -0.00052771 0.948734 0.970936
0 140 23 0.979617 0.00152077 -0.200868 0.477886 0.0305391 0.98722 0.156411 -0.202852 0.198538 -0.159357 0.967051 0.854679
0 141 28 0.949855 -0.236872 0.204124 0.181457 0.165633 0.934839 0.314074 -0.164191 -0.265218 -0.264515 0.927195 -0.969595
0 142 28 0.93798 -0.275 0.211113 0.0610543 0.240809 0.954865 0.173907 0.0930261 -0.249408 -0.112284 0.961867 -0.99379
0 143 32 0.644057 -0.401724 0.651006 -0.349402 -0.740109 -0.112003 0.663094 -0.320693 -0.193466 -0.908886 -0.369456 0.880383
0 144 24 0.995153 -0.0979578 0.00867946 -0.187429 0.0973412 0.993742 0.0547786 0.212841 -0.0139911 -0.0536682 0.998461 -0.958942
0 145 167 0.960664 0.07079 -0.268538 0.681697 -0.051836 0.99568 0.0770361 0.0891359 0.272831 -0.0600859 0.960184 -0.726185
0 146 225 0.969792 0.112007 -0.216698 0.628347 -0.0987488 0.992569 0.0711055 0.0660976 0.223052 -0.0475589 0.973646 -0.77512
0 147 237 0.955637 0.184545 -0.229569 0.635361 -0.161364 0.98004 0.116115 0.02386 0.246415 -0.0739191 0.966341 -0.771846
0 148 277 0.915364 0.224407 -0.334291 0.902656 -0.185112 0.971881 0.14554 -0.108731 0.357551 -0.071341 0.931165 -0.416402
0 149 257 0.900327 0.282634 -0.330951 0.894966 -0.237351 0.956263 0.170957 -0.253724 0.364795 -0.0753655 0.928033 -0.36696
0 150 90 0.900453 0.323653 -0.290574 0.949046 -0.300925 0.94593 0.121085 -0.255241 0.314052 -0.0215901 0.94916 -0.184836
0 151 139 0.905483 0.288191 -0.311523 0.981782 -0.283926 0.956966 0.060021 -0.172184 0.315414 0.0341016 0.948341 -0.0803602
0 152 123 0.875758 0.320806 -0.360737 0.957577 -0.324132 0.944522 0.0530777 -0.278555 0.357751 0.0704431 0.931156 -0.0738448
0 153 35 0.954356 0.229861 0.190705 -0.846905 -0.2138 0.971623 -0.101187 -0.148203 -0.208552 0.0557961 0.976418 0.510674
0 154 102 0.837026 0.388054 -0.385748 0.948187 -0.374448 0.9203 0.113295 -0.317374 0.398969 0.0496118 0.915622 0.0146891
0 155 89 0.775954 0.428441 -0.462961 0.939915 -0.398301 0.901909 0.16708 -0.336749 0.489133 0.054751 0.870489 0.0562049
0 156 109 0.847749 0.438187 -0.298854 0.913704 -0.410476 0.898853 0.153536 -0.399104 0.335904 -0.00748783 0.941867 -0.0765553
0 157 78 0.869482 0.395266 -0.296253 0.9416 -0.359565 0.917674 0.169077 -0.328283 0.338694 -0.0404874 0.940025 -0.0749607
0 158 106 0.853005 0.33237 -0.402383 0.9639 -0.277496 0.941815 0.189683 -0.255615 0.442016 -0.0501414 0.895605 0.0745547
0 159 114 0.866468 0.319319 -0.383756 0.964104 -0.254317 0.943798 0.21111 -0.219672 0.429599 -0.0853241 0.89898 0.149157
0 160 119 0.787846 0.38707 -0.479036 0.947257 -0.263539 0.91489 0.305817 -0.27453 0.556638 -0.114692 0.8228 0.16534
0 161 114 0.770561 0.343457 -0.53691 0.961579 -0.231242 0.935641 0.26665 -0.201924 0.593938 -0.0813145 0.800391 0.185988
0 162 108 0.837416 0.359446 -0.411743 0.966575 -0.269166 0.926857 0.261697 -0.256374 0.475693 -0.108322 0.872916 0.00244559
0 163 148 0.882724 0.314466 -0.349155 0.970211 -0.240779 0.940796 0.238598 -0.23268 0.403515 -0.126547 0.90618 -0.0674645
0 164 109 0.845467 0.274217 -0.458247 0.992731 -0.224833 0.961118 0.16032 -0.119549 0.484392 -0.0325162 0.874247 0.0138699
0 165 100 0.878297 0.277853 -0.389091 0.967821 -0.213141 0.956003 0.201566 -0.161978 0.427978 -0.094103 0.898877 -0.192576
0 166 165 0.898921 0.24977 -0.359938 0.93395 -0.192154 0.963105 0.188432 -0.086216 0.393722 -0.100222 0.91375 -0.34685
0 167 141 0.915459 0.26318 -0.30442 0.877464 -0.213839 0.958994 0.186018 -0.0860998 0.340893 -0.105195 0.934198 -0.471852
0 168 158 0.929059 0.231328 -0.288682 0.826873 -0.17509 0.962395 0.2077 -0.0980901 0.325873 -0.14242 0.934625 -0.553769
0 169 207 0.964082 0.1609 -0.211323 0.75746 -0.134733 0.981921 0.132958 0.0113361 0.228896 -0.0997103 0.968331 -0.652783
0 170 146 0.99269 0.0752297 -0.0943795 0.416278 -0.0599032 0.985964 0.155843 0.0566902 0.104779 -0.149051 0.983263 -0.907469
0 171 213 0.991533 0.0533525 -0.118385 0.389556 -0.0333316 0.985719 0.165065 0.0773133 0.125501 -0.159721 0.979152 -0.917752
0 172 198 0.97908 0.104585 -0.174538 0.440599 -0.0730568 0.981282 0.178179 0.0573132 0.189906 -0.161701 0.968395 -0.895873
1 2 676 0.999789 0.00118526 -0.0205277 0.892226 -0.00113183 0.999996 0.00261429 -0.228109 0.0205308 -0.0025905 0.999786 0.389742
1 3 689 0.999592 -0.00143233 -0.0285099 0.945442 0.00171388 0.99995 0.00985364 -0.23542 0.0284944 -0.00989848 0.999545 0.225206
1 4 648 0.995364 0.0285713 -0.091838 0.981028 -0.0285673 0.999591 0.00135841 -0.0846954 0.0918392 0.00127145 0.995773 0.174387
1 5 538 0.995243 0.0424356 -0.0876936 0.978415 -0.043284 0.999032 -0.00779451 -0.091821 0.087278 0.0115532 0.996117 0.185132
1 6 431 0.990979 0.0485595 -0.124909 0.979616 -0.0480951 0.99882 0.00673248 -0.0271785 0.125089 -0.000664209 0.992145 0.199034
1 7 304 0.985275 0.0495002 -0.163653 0.975676 -0.0525342 0.998517 -0.014261 -0.108986 0.162704 0.0226484 0.986415 0.190208
1 8 264 0.978268 0.073098 -0.194031 0.996945 -0.0763044 0.997043 -0.00909327 -0.0774702 0.192793 0.0237011 0.980953 0.00997968
1 9 216 0.967452 0.110286 -0.227759 0.995302 -0.11366 0.993518 -0.00171181 -0.0550362 0.226094 0.0275431 0.973716 -0.0796524
1 10 28 0.979405 0.10866 0.170171 -0.219266 -0.113657 0.993321 0.0198765 -0.0146512 -0.166874 -0.0388083 0.985214 0.975555
1 11 152 0.908329 0.18195 -0.376607 0.990753 -0.180376 0.982793 0.0397698 0.050083 0.377363 0.031807 0.925519 -0.126095
1 12 128 0.841986 0.26029 -0.472555 0.992879 -0.246933 0.964713 0.0913978 -0.0363899 0.47967 0.0397338 0.876549 -0.113436
1 13 48 0.98163 0.14032 0.129278 -0.922283 -0.144705 0.989156 0.0251282 -0.0189691 -0.12435 -0.0433738 0.99129 -0.386049
1 14 76 0.845632 0.294338 -0.445277 0.971081 -0.282056 0.954645 0.0953855 -0.0302795 0.453157 0.044932 0.890298 -0.236823
1 15 63 0.726726 0.298694 -0.618588 0.996735 -0.273504 0.951875 0.138309 -0.0617171 0.630131 0.0686737 0.773446 -0.0520641
1 16 83 -0.654088 -0.246486 0.715132 -0.104469 -0.0246989 0.951874 0.305494 -0.187196 -0.756015 0.182157 -0.628697 0.976752
1 17 39 -0.44455 -0.692793 -0.567814 0.462229 -0.82675 0.561312 -0.0375848 0.129917 0.34476 0.452732 -0.822298 0.877192
1 18 58 0.761413 -0.218657 -0.610278 0.323048 0.107494 -0.885781 0.451483 -0.334736 -0.639293 -0.409366 -0.650941 0.885207
1 19 25 0.731949 -0.6711 0.117793 0.340809 0.673577 0.686638 -0.273537 0.266514 0.10269 0.279558 0.954622 -0.901565
1 20 21 0.822547 0.515861 0.239381 0.730911 -0.543841 0.8366 0.0658603 -0.565853 -0.166291 -0.184358 0.968689 0.38155
1 21 11 0.476313 -0.828602 -0.294183 0.140784 0.716395 0.559702 -0.416548 0.40235 0.509807 -0.0123443 0.8602 -0.904596
1 22 27 0.392591 0.885577 -0.248245 0.104008 0.612813 -0.453147 -0.647393 0.432973 -0.685808 0.102033 -0.720594 0.895387
1 23 11 0.861906 0.383788 0.3314 0.16644 -0.339132 0.922179 -0.185942 -0.204602 -0.376972 0.0478763 0.924986 0.964591
1 24 45 -0.644699 0.128553 -0.753549 0.461248 -0.439977 0.743715 0.503298 -0.274477 0.625126 0.65602 -0.422912 0.843749
1 25 12 0.872127 -0.419237 0.252261 -0.422316 0.392368 0.907278 0.15131 -0.186867 -0.292305 -0.0329825 0.955756 -0.886978
1 26 41 -0.381252 0.397488 0.834656 -0.330054 0.0681637 0.912476 -0.403413 0.286493 -0.921955 -0.0969086 -0.374977 0.899437
1 27 26 -0.800401 -0.47766 -0.362213 0.4802 -0.555142 0.818632 0.147174 0.0752162 0.22622 0.318878 -0.920403 0.873928
1 28 19 0.873294 0.418522 -0.249393 0.333599 -0.457132 0.880941 -0.122366 0.256097 0.168488 0.220867 0.96064 -0.907263
1 29 11 -0.813436 0.33957 0.472244 -0.46519 -0.281263 -0.940298 0.191655 -0.229763 0.50913 0.0230741 0.86038 -0.854873
1 30 20 -0.173747 -0.962679 -0.207513 0.44388 0.98067 -0.14988 -0.125783 -0.0447007 0.0899861 -0.225357 0.970112 -0.894971
1 31 16 0.900419 0.318275 -0.296558 -0.466605 -0.280354 0.945809 0.163851 -0.182961 0.332637 -0.0643933 0.940854 0.865335
1 32 10 0.385005 0.914264 -0.126067 -0.292707 -0.841315 0.403831 0.359317 -0.113443 0.379421 -0.032277 0.924661 0.949449
1 33 23 0.498786 0.439245 0.747179 -0.180313 0.531367 -0.83603 0.136759 0.121033 0.684735 0.328812 -0.650401 0.976134
1 34 19 -0.569154 0.814377 -0.113373 0.278444 -0.818696 -0.548522 0.169887 0.371923 0.0761649 0.18951 0.97892 -0.885518
1 35 17 -0.807251 -0.59013 -0.00965718 -0.258192 0.590208 -0.807136 -0.0136023 0.073784 0.000232448 -0.0166802 0.999861 0.963272
1 36 31 0.969544 -0.150258 0.19341 -0.597145 0.181499 0.971026 -0.155459 0.0769651 -0.164447 0.185828 0.968723 -0.798433
1 37 21 0.964238 -0.123127 0.234702 0.329274 0.183528 0.949065 -0.25611 0.263079 -0.191213 0.290025 0.937722 0.906845
1 38 13 0.225322 0.951252 0.210595 -0.135977 -0.973026 0.20873 0.0982437 0.34295 0.0494969 -0.227051 0.972624 0.92946
1 39 11 -0.898719 -0.352988 -0.260199 0.00199164 0.430219 -0.824651 -0.367236 -0.165957 -0.0849434 -0.441984 0.892992 0.986131
1 40 14 0.973362 0.100804 -0.205925 -0.180721 -0.103939 0.994574 -0.00443767 -0.0448743 0.20436 0.0257231 0.978558 0.98251
1 41 21 0.609638 -0.767842 -0.196875 0.0860229 0.777655 0.62747 -0.0391581 -0.16223 0.1536 -0.129229 0.979646 0.982996
1 42 0 1 0 0 0 0 1 0 0 0 0 1 0
1 43 32 -0.368139 0.830857 -0.417312 -0.0958962 0.75503 0.529075 0.387311 -0.218332 0.542589 -0.172499 -0.822095 0.971151
1 44 31 -0.123471 -0.988417 -0.0882449 -0.0136992 -0.955081 0.0942228 0.280966 -0.251262 -0.269397 0.118972 -0.955652 0.967822
1 45 16 -0.970879 0.116459 0.209359 -0.2717 -0.146233 -0.980291 -0.132836 0.181382 0.189763 -0.159583 0.968774 0.945135
1 46 14 0.926917 -0.056804 -0.370943 -0.161261 0.0749469 0.996585 0.0346671 -0.0991542 0.367707 -0.0599346 0.928008 0.981918
1 47 10 0.744103 0.660634 0.099364 0.366601 -0.662327 0.748958 -0.0196002 -0.0135049 -0.087368 -0.0512269 0.994858 0.93028
1 48 15 -0.942984 0.237155 -0.233535 0.394749 -0.147494 -0.926739 -0.345543 0.149151 -0.298374 -0.291397 0.908879 -0.906602
1 49 33 -0.769487 0.607255 -0.197816 -0.00181268 0.617064 0.786772 0.0149085 -0.00185818 0.164689 -0.110593 -0.980126 0.999997
1 50 40 0.530279 -0.509051 -0.67799 0.359029 0.482515 0.838746 -0.252359 0.308591 0.697125 -0.19332 0.690394 0.880835
1 51 23 -0.603913 -0.755024 -0.255398 -0.28423 -0.604965 0.642831 -0.469879 0.181703 0.518947 -0.12926 -0.844977 0.941381
1 52 12 -0.209286 -0.977829 -0.00705827 -0.25339 0.976575 -0.209376 0.0496245 0.238957 -0.0500021 0.00349276 0.998743 0.937386
1 53 22 -0.799443 0.488658 0.349433 -0.164122 0.277406 0.816225 -0.506777 0.232964 -0.532857 -0.308205 -0.788082 0.958536
1 54 22 -0.560878 0.739144 0.372937 -0.152324 0.637854 0.672973 -0.3745 0.299931 -0.527786 0.027831 -0.848921 0.941721
1 55 33 -0.0177095 -0.767371 -0.640959 -0.146206 0.832486 0.343734 -0.434528 0.561138 0.553763 -0.541285 0.632738 0.814707
1 56 0 1 0 0 0 0 1 0 0 0 0 1 0
1 57 32 0.0829086 -0.837178 0.540609 -0.419408 -0.844454 0.229037 0.48419 -0.264578 -0.529173 -0.496663 -0.687969 0.868386
1 58 23 -0.219999 -0.924392 0.311608 -0.320025 -0.759812 0.362713 0.539561 -0.176496 -0.61179 -0.118061 -0.78216 0.930824
1 59 22 0.432475 0.901623 0.00649347 0.0818709 -0.892834 0.427233 0.142546 -0.283898 0.125748 -0.067445 0.989767 0.955353
1 60 18 -0.709921 0.633242 0.308246 0.136113 -0.704045 -0.626775 -0.333876 0.010304 -0.0182233 -0.454045 0.890792 0.99064
1 61 17 0.94111 -0.314749 -0.123467 0.461906 0.317557 0.948234 0.00324072 -0.192228 0.116055 -0.0422576 0.992343 -0.865847
1 62 36 -0.694455 0.452372 0.559546 -0.287108 0.717769 0.489992 0.494687 -0.145363 -0.0503911 0.745163 -0.664976 0.946804
1 63 19 0.545536 -0.789376 -0.28156 -0.290811 0.837724 0.523502 0.155451 -0.29942 0.0246874 -0.320674 0.946868 0.908722
1 64 23 0.737438 -0.63949 -0.21734 -0.140203 -0.563236 -0.759844 0.324658 -0.240747 -0.372761 -0.117001 -0.920522 0.960408
1 65 21 0.774462 0.58096 0.250388 0.000930803 0.629304 -0.747966 -0.211005 -0.0739094 0.0646963 0.320985 -0.944872 0.997265
1 66 18 -0.80114 0.598468 -0.00308933 0.226408 0.552255 0.737268 -0.389167 0.212221 -0.230627 -0.313484 -0.921162 0.950632
1 67 15 -0.983962 0.0734852 0.16254 0.104408 -0.0229611 -0.955799 0.293124 -0.300434 0.176896 0.28469 0.942157 0.948071
1 68 17 0.291121 -0.956289 -0.0275707 0.35078 0.741077 0.243642 -0.625654 -0.244031 0.605024 0.161709 0.779613 0.904103
1 69 35 0.126048 0.873191 0.470796 -0.234736 -0.65496 0.429694 -0.621603 0.295499 -0.745077 -0.230001 0.626067 0.926056
1 70 36 0.0328343 -0.840695 -0.540513 0.474053 -0.925515 -0.229722 0.30108 -0.105155 -0.377284 0.490368 -0.785619 0.874195
1 71 31 -0.054481 -0.94194 -0.331332 0.12962 -0.785904 -0.164239 0.596138 -0.22315 -0.615944 0.292873 -0.731326 0.966128
1 72 12 0.848028 0.47434 0.236328 -0.0778243 -0.476179 0.877747 -0.0530499 -0.154122 -0.2326 -0.0675467 0.970224 0.984982
1 73 13 -0.0749693 0.997153 0.0080568 -0.0761927 -0.952939 -0.0740205 0.293986 -0.199438 0.293746 0.0143623 0.955776 0.976944
1 74 18 0.889903 -0.217762 -0.400816 0.0891676 -0.173115 -0.974182 0.144915 -0.225285 -0.422025 -0.0595734 -0.904625 0.970204
1 75 10 -0.38508 -0.904073 0.185378 0.0732421 0.808889 -0.427342 -0.403828 -0.234063 0.44431 -0.005556 0.895856 0.969459
1 76 32 0.60074 -0.760665 0.245967 -0.0232296 -0.703535 -0.356905 0.614539 -0.186199 -0.379671 -0.542225 -0.749561 0.982237
1 77 38 0.623278 0.530662 0.574388 0.0689709 -0.329695 0.84436 -0.422325 0.299107 -0.709102 0.0738527 0.701228 0.951724
1 78 16 -0.28756 0.946224 0.148218 0.0672261 0.940965 0.30797 -0.1405 -0.131208 -0.178591 0.0990654 -0.978924 0.989073
1 79 21 0.0892282 0.98372 -0.15599 0.00205264 0.853464 -0.156251 -0.497177 0.314268 -0.513456 -0.0887694 -0.853512 0.949332
1 80 19 -0.467698 -0.805266 0.364424 0.00686128 -0.779696 0.57007 0.259027 -0.0943216 -0.416333 -0.162994 -0.894483 0.995518
1 81 17 0.892531 -0.344263 -0.291327 0.00808837 0.448718 0.742604 0.497184 -0.0649614 0.0451783 -0.574476 0.817274 0.997855
1 82 26 -0.615937 0.772283 0.155565 -0.123599 0.749858 0.635272 -0.184777 -0.154861 -0.241526 0.00284116 -0.97039 0.980174
1 83 0 1 0 0 0 0 1 0 0 0 0 1 0
1 84 37 -0.750531 -0.615011 0.241792 -0.147981 -0.659817 0.677119 -0.325809 0.250068 0.0366542 -0.404069 -0.913994 0.956853
1 85 24 -0.137847 -0.989755 -0.0371919 0.0617757 -0.891341 0.107593 0.440381 -0.0876716 -0.431868 0.093856 -0.89704 0.994232
1 86 10 0.360206 -0.929009 -0.0848195 0.0471545 0.836503 0.361904 -0.411447 0.367776 0.412934 0.0772538 0.907479 -0.928718
1 87 17 0.878844 -0.345878 -0.328637 0.171962 0.303906 0.936816 -0.173255 -0.123232 0.367797 0.0523898 0.928429 0.977365
1 88 14 -0.936937 0.261918 -0.231403 0.42668 -0.314499 -0.920633 0.231353 0.0653313 -0.152442 0.289539 0.944949 -0.90204
1 89 18 0.737907 0.652708 0.171658 0.44937 -0.674421 0.70352 0.224092 -0.0574093 0.0255018 -0.281128 0.959331 0.891499
1 90 0 1 0 0 0 0 1 0 0 0 0 1 0
1 91 24 -0.461283 -0.435954 0.772763 -0.421718 -0.614169 0.785458 0.0765018 -0.0502808 -0.640324 -0.439318 -0.630068 0.905332
1 92 11 0.682208 -0.719787 0.128444 0.420607 0.72344 0.689967 0.0240805 0.0218439 -0.105955 0.0764936 0.991424 0.90698
1 93 19 0.802355 0.0421151 0.595359 -0.560742 -0.15049 -0.951003 0.270086 -0.312323 0.577563 -0.3063 -0.756705 0.766827
1 94 21 -0.899595 0.0241918 -0.436056 -0.0646269 -0.205854 0.8571 0.472232 -0.255164 0.385168 0.514581 -0.766063 0.964736
1 95 20 0.962318 0.0948088 0.254863 -0.561092 -0.0756657 0.993596 -0.0839162 -0.331028 -0.261187 0.0614697 0.963329 0.758681
1 96 39 0.643469 -0.638485 0.422238 -0.421762 -0.592636 -0.764661 -0.253132 -0.0559036 0.48449 -0.0873513 -0.870425 0.904982
1 97 48 0.828205 0.150495 -0.539841 0.195871 0.0709642 -0.983678 -0.165355 0.101913 -0.555915 0.0986381 -0.825366 0.97532
1 98 21 0.88418 -0.466186 -0.0299429 -0.320932 0.466849 0.879513 0.0922416 -0.215294 -0.0166666 -0.095537 0.995286 -0.922308
1 99 42 0.163348 -0.798378 0.579578 -0.449977 -0.851534 0.182567 0.491486 -0.219339 -0.498204 -0.573814 -0.650024 0.865685
1 100 53 0.316327 -0.025443 0.948309 -0.51523 -0.336328 0.931699 0.137186 0.0346738 -0.887029 -0.362339 0.286165 0.856351
1 101 16 0.937611 -0.18294 0.295666 -0.364612 0.076428 0.938028 0.338027 -0.0496201 -0.339181 -0.294341 0.893487 -0.929837
1 102 26 0.00648701 0.845685 0.533643 0.379766 -0.966318 0.142597 -0.214232 0.280762 -0.257269 -0.514279 0.818125 0.881448
1 103 45 -0.322877 -0.804981 0.49775 -0.35753 -0.854573 0.473992 0.21222 -0.100547 -0.406763 -0.356843 -0.840956 0.928473
1 104 43 -0.253302 0.85819 0.446485 -0.38335 0.949886 0.133249 0.282774 -0.0278107 0.18318 0.495737 -0.848935 0.923184
1 105 64 0.0676282 -0.238656 0.968746 -0.613486 -0.183878 0.951355 0.247208 -0.0732127 -0.98062 -0.194849 0.0204549 0.786305
1 106 14 0.0832827 -0.996117 0.028554 -0.272621 0.985645 0.0865623 0.144948 -0.0756798 -0.146857 0.0160724 0.989027 0.95914
1 107 19 0.778318 -0.358351 -0.515563 -0.131234 0.36221 0.926983 -0.0975061 -0.166958 0.512859 -0.110851 0.851286 0.977191
1 108 60 0.846614 0.380175 -0.37244 0.115794 0.0957798 -0.797215 -0.596049 0.232794 -0.523517 0.468952 -0.711347 0.965608
1 109 28 -0.69306 0.700188 0.171477 -0.270184 -0.706429 -0.612281 -0.355064 0.213225 -0.14362 -0.367217 0.918981 0.938901
1 110 52 0.928545 0.148548 -0.340202 0.0115858 -0.332413 -0.0752156 -0.94013 0.450012 -0.165243 0.986041 -0.0204618 0.892947
1 111 34 -0.154988 0.815362 0.557821 -0.136607 0.571108 0.534681 -0.622858 0.254506 -0.806111 0.222041 -0.548529 0.957374
1 112 20 0.885327 0.248854 -0.392768 -0.0493407 -0.229961 0.968523 0.0952979 0.195074 0.40412 0.00595164 0.914687 0.979547
1 113 41 0.987444 -0.0106541 -0.157612 0.838901 0.0099505 0.999937 -0.00525268 -0.152445 0.157658 0.00361841 0.987487 0.522499
1 114 43 -0.83902 0.327319 0.434636 -0.277383 0.0871038 0.869314 -0.486524 0.253275 -0.537083 -0.370345 -0.757883 0.926774
1 115 22 0.92452 -0.200722 -0.323997 -0.221139 0.20334 0.978759 -0.0261331 0.0598331 0.32236 -0.041721 0.945697 -0.973405
1 116 40 0.967004 0.197112 -0.161403 -0.440658 -0.200846 0.979598 -0.00699181 0.290071 0.156732 0.0391783 0.986864 -0.849517
1 117 55 0.99875 -0.0376098 -0.0329158 -0.777171 0.0361599 0.998395 -0.0435876 0.172112 0.0345023 0.0423429 0.998507 -0.605296
1 118 58 0.905393 -0.0273104 -0.423695 0.131667 -0.0478815 0.984995 -0.165808 0.327256 0.421866 0.170409 0.8905 0.935718
1 119 42 0.969044 0.0148175 -0.246442 -0.452553 -0.0137301 0.999887 0.00613055 0.159449 0.246505 -0.00255711 0.969138 -0.877367
1 120 28 0.826094 0.24063 -0.509575 -0.170326 -0.288282 0.957424 -0.0152346 -0.105114 0.484214 0.159486 0.860291 0.979765
1 121 27 0.871085 0.029275 -0.49026 -0.00225375 -0.0155014 0.999363 0.0321328 -0.147933 0.490888 -0.0203907 0.870984 -0.988995
1 122 48 0.191215 0.9751 0.112322 -0.15323 0.970204 -0.205111 0.128972 -0.279874 0.148799 0.0843136 -0.985266 0.94773
1 123 45 -0.894057 0.317978 0.315519 -0.237618 0.43307 0.793612 0.427353 -0.275814 -0.114511 0.51872 -0.847241 0.931377
1 124 31 0.97065 0.135788 0.198495 -0.0950609 0.220202 -0.833639 -0.506515 0.182955 0.0966946 0.535357 -0.839072 0.978515
1 125 29 0.893026 0.44953 -0.0206704 -0.419996 -0.440629 0.864168 -0.243022 0.181871 -0.091383 0.226133 0.9698 0.889115
1 126 21 -0.943321 -0.322238 -0.0794245 0.0189643 -0.331716 0.923019 0.194938 -0.0433996 0.0104939 0.210235 -0.977594 0.998878
1 127 11 -0.563449 -0.701069 -0.437066 -0.153642 0.818726 -0.403075 -0.408924 -0.273206 0.110514 -0.588245 0.801096 0.949607
1 128 36 0.930379 0.3659 -0.0226315 -0.195337 0.349473 -0.866573 0.356257 -0.274386 0.110743 -0.339363 -0.934114 0.941571
1 129 40 0.860738 0.500506 -0.0928672 -0.0760416 0.487949 -0.759235 0.430661 -0.297916 0.14504 -0.416001 -0.897723 0.951559
1 130 23 0.716776 0.462515 -0.521835 0.168497 0.392214 -0.886174 -0.246704 -0.107632 -0.576541 -0.0278397 -0.816594 0.979808
1 131 47 0.489461 0.428184 -0.759662 0.48599 0.425275 -0.877736 -0.220726 -0.0728274 -0.761294 -0.215029 -0.611714 0.870925
1 132 39 -0.017157 0.993155 -0.115537 0.165036 0.827804 -0.0506973 -0.558722 0.147376 -0.560755 -0.105228 -0.821268 0.975215
1 133 45 -0.457417 -0.212498 -0.86349 0.468346 -0.839093 0.424652 0.33999 -0.245771 0.294436 0.880065 -0.372549 0.848675
1 134 26 0.955165 0.212766 -0.20589 0.0708318 0.2956 -0.724687 0.622455 -0.541346 -0.0167683 -0.655408 -0.755089 0.837811
1 135 23 0.952197 0.228759 -0.202462 0.283808 -0.198669 0.967175 0.158437 -0.0304812 0.23206 -0.11064 0.966389 -0.958397
1 136 38 0.205611 0.0440454 0.977642 -0.561958 0.134019 -0.990842 0.016454 -0.23719 0.969414 0.12764 -0.209631 0.792429
1 137 33 0.960514 0.156086 0.230324 -0.436034 -0.175169 0.982407 0.0647445 0.0890721 -0.216166 -0.102534 0.970958 -0.895511
1 138 24 -0.855385 -0.495616 0.150604 0.261918 -0.509289 0.857756 -0.069851 0.0109318 -0.094562 -0.13645 -0.986123 0.965028
1 139 11 0.327866 -0.615848 -0.716404 -0.32953 0.758099 0.624008 -0.189473 -0.0660847 0.563728 -0.480984 0.671465 0.941829
1 140 24 0.947974 0.305763 0.088627 -0.174111 0.307399 -0.951567 -0.00509844 -0.190505 0.0827756 0.032077 -0.996052 0.966123
1 141 24 0.949743 -0.220136 0.222548 0.161765 0.159985 0.952437 0.259363 -0.0706033 -0.269058 -0.210724 0.939789 -0.9843
1 142 19 0.95026 -0.267518 0.159501 0.191214 0.247983 0.959699 0.132219 0.174411 -0.188444 -0.086089 0.978303 -0.965928
1 143 31 -0.798065 -0.233138 0.555642 -0.341858 0.165634 0.801723 0.574287 -0.281606 -0.579359 0.550352 -0.601212 0.896566
1 144 16 0.807718 -0.462265 -0.365925 0.0799691 0.54144 0.827229 0.150118 0.154919 0.23331 -0.31938 0.918457 0.984685
1 145 159 0.996147 0.0329817 -0.08126 0.224664 -0.0271618 0.997055 0.0717145 0.109494 0.083386 -0.069231 0.99411 -0.968265
1 146 221 0.984475 0.08183 -0.155285 0.465578 -0.0759488 0.996165 0.043446 0.144531 0.158245 -0.0309778 0.986914 -0.873125
1 147 236 0.946273 0.18197 -0.267311 0.71678 -0.158256 0.981483 0.107918 0.0380446 0.281999 -0.0598159 0.957548 -0.696261
1 148 313 0.931775 0.209919 -0.296191 0.829078 -0.175037 0.97455 0.14005 -0.115359 0.318053 -0.0786505 0.944805 -0.547104
1 149 262 0.871581 0.277975 -0.403828 0.959439 -0.229841 0.959269 0.164246 -0.19305 0.433036 -0.0503373 0.89997 -0.205445
1 150 91 0.919808 0.285366 -0.269295 0.930011 -0.269326 0.958295 0.0955706 -0.213182 0.285337 -0.0153784 0.958304 -0.299388
1 151 140 0.906725 0.294864 -0.301505 0.94738 -0.276998 0.955502 0.101432 -0.27076 0.317997 -0.00845475 0.948054 -0.170762
1 152 128 0.856912 0.305902 -0.414879 0.968058 -0.315952 0.947652 0.0461479 -0.248925 0.407278 0.0915373 0.908705 -0.0299945
1 153 25 0.976019 0.176444 0.127495 -0.784787 -0.159602 0.978304 -0.13209 0.302508 -0.148036 0.108574 0.983004 -0.540924
1 154 111 0.833616 0.374773 -0.405746 0.95697 -0.367579 0.924716 0.0989268 -0.289579 0.412274 0.0666765 0.908617 0.018758
1 155 91 0.809814 0.39641 -0.432505 0.948363 -0.380752 0.915968 0.126611 -0.312293 0.446351 0.0621459 0.892697 0.0555074
1 156 103 0.747071 0.421299 -0.514191 0.931494 -0.38117 0.905214 0.187875 -0.334151 0.544605 0.0556383 0.836845 0.143746
1 157 94 0.769276 0.406727 -0.492736 0.92921 -0.33767 0.913514 0.226874 -0.324712 0.542397 -0.00814705 0.840083 0.176438
1 158 119 0.870182 0.320052 -0.374633 0.967236 -0.273102 0.94613 0.173937 -0.249552 0.410121 -0.0490434 0.910712 0.0466805
1 159 124 0.766716 0.371228 -0.523772 0.948137 -0.253074 0.924566 0.284836 -0.273725 0.590001 -0.0858357 0.802827 0.161589
1 160 130 0.796946 0.363976 -0.482077 0.953761 -0.252481 0.925733 0.281552 -0.240273 0.548753 -0.102667 0.829656 0.18058
1 161 125 0.812132 0.306288 -0.496617 0.974759 -0.227472 0.949998 0.213919 -0.140261 0.537306 -0.0607644 0.841196 0.173702
1 162 104 0.843535 0.339443 -0.416207 0.97629 -0.261079 0.936389 0.234551 -0.215951 0.469348 -0.0891888 0.878498 0.0149585
