0 1 149 0.999822 0.0111251 -0.0152498 0.984564 -0.0110497 0.999926 0.00501673 -0.0533 0.0153044 -0.00484733 0.999871 0.166713
0 2 538 0.999598 0.0129492 -0.0252252 0.906086 -0.0127355 0.999882 0.00861403 -0.231464 0.0253338 -0.00828931 0.999645 0.354166
0 3 544 0.999254 0.0043954 -0.0383658 0.967313 -0.00429995 0.999987 0.00257008 -0.0396316 0.0383766 -0.00240319 0.99926 0.25047
0 4 451 0.993588 0.0376171 -0.106618 0.974289 -0.0370041 0.999285 0.00772261 -0.0934061 0.106832 -0.00372779 0.99427 0.205029
0 5 354 0.994567 0.0477574 -0.092499 0.977018 -0.0488809 0.998755 -0.00991718 -0.0435759 0.0919102 0.0143847 0.995663 0.208656
0 6 229 0.989656 0.0610569 -0.12982 0.982675 -0.0591117 0.998075 0.0187885 -0.061894 0.130717 -0.0109203 0.99136 0.174697
0 7 162 0.991119 0.055796 -0.120703 0.967227 -0.0575073 0.998287 -0.0107382 -0.125365 0.119897 0.0175841 0.992631 0.220805
0 8 126 0.977135 0.0811099 -0.196543 0.994202 -0.0825851 0.996584 0.00069229 -0.101318 0.195928 0.015555 0.980495 0.0360258
0 9 101 0.970452 0.113294 -0.213042 0.993514 -0.115458 0.99331 0.0022997 -0.0559276 0.211877 0.0223656 0.97704 -0.0990008
0 10 18 0.961724 0.174467 0.2113 0.199236 -0.176487 0.984258 -0.009412 0.0198328 -0.209616 -0.0282399 0.977376 0.979751
0 11 64 0.888544 0.193826 -0.415837 0.997956 -0.192761 0.980213 0.0450033 0.0369886 0.416332 0.0401699 0.908325 -0.0521126
0 12 55 0.77371 0.237716 -0.587251 0.998843 -0.26226 0.963962 0.0446759 0.0345669 0.576708 0.119446 0.808171 0.0334285
0 13 0 1 0 0 0 0 1 0 0 0 0 1 0
0 14 30 0.897793 0.425362 0.114173 -0.416047 -0.431318 0.901611 0.0326031 0.36161 -0.0890715 -0.0785156 0.992926 -0.834352
0 15 35 -0.304897 0.71306 -0.631335 0.420618 0.905533 0.422407 0.0397681 0.179909 0.295037 -0.55957 -0.77449 0.889221
0 16 32 0.912433 0.127174 -0.388963 0.449399 -0.161523 -0.761393 -0.627846 0.294797 -0.375999 0.635694 -0.674179 0.843288
0 17 18 -0.741686 0.528294 -0.413288 0.0944933 0.451006 0.848869 0.275709 -0.0492063 0.496483 0.0180942 -0.867858 0.994309
0 18 20 0.940977 -0.338451 -0.00357814 0.355925 0.336586 0.934573 0.115252 -0.198233 -0.0356633 -0.109654 0.99333 -0.913247
0 19 26 -0.786904 0.384076 -0.482978 0.340217 0.0846765 0.842494 0.53201 -0.159518 0.611238 0.377744 -0.695484 0.926718
0 20 18 0.974085 0.0499837 -0.22059 0.189799 0.1492 -0.874992 0.460574 -0.505536 -0.169994 -0.48155 -0.859774 0.841671
0 21 14 0.968182 -0.0312769 0.248286 -0.245437 0.0281296 0.999473 0.0162146 0.0849237 -0.248663 -0.00871449 0.968551 -0.965686
0 22 15 0.790806 -0.533021 -0.300857 0.31662 0.527278 0.842883 -0.107358 0.148987 0.310811 -0.0737363 0.947607 -0.936779
0 23 14 0.795485 0.1729 -0.580783 0.00257829 -0.168865 0.983715 0.0615624 0.256018 0.581969 0.049102 0.811727 0.966668
0 24 0 1 0 0 0 0 1 0 0 0 0 1 0
0 25 34 0.514579 0.263858 -0.815835 0.451505 -0.0393086 -0.943215 -0.329849 0.0204359 -0.856541 0.201803 -0.474987 0.892034
0 26 0 1 0 0 0 0 1 0 0 0 0 1 0
0 27 10 0.874739 0.147772 -0.461514 0.503078 -0.248872 0.954172 -0.166187 -0.0352133 0.415806 0.260228 0.871428 -0.863523
0 28 17 -0.420273 -0.756835 -0.500571 -0.00719982 -0.290267 0.634802 -0.71608 0.246789 0.859718 -0.155649 -0.486474 0.969042
0 29 29 -0.238942 0.0779946 -0.967896 0.445324 -0.962434 -0.151387 0.225395 -0.0229276 -0.128947 0.985393 0.111237 0.895076
0 30 0 1 0 0 0 0 1 0 0 0 0 1 0
0 31 11 -0.520105 -0.726517 -0.449069 -0.35302 0.851713 -0.401877 -0.336273 0.0882431 0.0638378 -0.557375 0.827803 0.931445
0 32 11 -0.364165 -0.902302 0.230728 -0.277136 0.850207 -0.423207 -0.313119 0.344621 0.380173 0.0821398 0.921261 -0.896901
0 33 18 0.888862 -0.172709 -0.424378 -0.130237 -0.346975 -0.858632 -0.377305 0.180944 -0.29922 0.48262 -0.823131 0.974832
0 34 11 -0.583876 -0.738812 0.33652 -0.35905 0.725586 -0.660832 -0.1919 0.184505 0.364161 0.132128 0.921916 -0.914899
0 35 0 1 0 0 0 0 1 0 0 0 0 1 0
0 36 22 -0.829826 -0.547233 -0.109199 0.27906 -0.556762 0.825088 0.0961539 0.0012938 0.0374799 0.140589 -0.989358 0.960273
0 37 13 -0.39181 0.919744 -0.0235753 -0.194567 -0.907254 -0.381977 0.176024 -0.0294686 0.152892 0.0903569 0.984103 0.980446
0 38 20 0.264564 0.658039 0.704975 -0.253624 0.651942 -0.660713 0.372062 -0.2157 0.710617 0.361169 -0.603805 0.942947
0 39 16 -0.0920677 0.738997 0.667388 -0.276637 -0.991979 -0.126363 0.00307518 -0.158279 0.0866054 -0.661752 0.744704 0.94785
0 40 0 1 0 0 0 0 1 0 0 0 0 1 0
0 41 21 -0.546276 -0.521205 0.655689 -0.504868 -0.590222 0.794975 0.140189 0.0262062 -0.594323 -0.31042 -0.741902 0.862799
0 42 0 1 0 0 0 0 1 0 0 0 0 1 0
0 43 10 0.936728 -0.349862 -0.0117102 -0.00626531 0.335098 0.886519 0.319049 -0.0740702 -0.101242 -0.302787 0.947666 0.997233
0 44 0 1 0 0 0 0 1 0 0 0 0 1 0
0 45 17 0.585381 -0.725449 -0.362013 0.13925 -0.800894 -0.586853 -0.119047 -0.0965447 -0.126086 0.359622 -0.92454 0.98554
0 46 0 1 0 0 0 0 1 0 0 0 0 1 0
0 47 0 1 0 0 0 0 1 0 0 0 0 1 0
0 48 0 1 0 0 0 0 1 0 0 0 0 1 0
0 49 12 -0.725311 0.608796 -0.321388 -0.132026 -0.511178 -0.788976 -0.340903 -0.153842 -0.461108 -0.0829746 0.883456 0.979235
0 50 0 1 0 0 0 0 1 0 0 0 0 1 0
0 51 23 -0.561989 0.583727 -0.58603 0.240309 0.418041 0.811795 0.407713 -0.152473 0.71373 -0.0158544 -0.700242 0.958647
0 52 22 0.428526 -0.89881 0.0922264 -0.378261 0.785232 0.31998 -0.530116 0.34667 0.446963 0.299587 0.842895 0.858335
0 53 0 1 0 0 0 0 1 0 0 0 0 1 0
0 54 14 -0.683437 0.638724 -0.353477 0.419899 0.624806 0.762213 0.169256 -0.159758 0.377533 -0.105179 -0.920003 0.893399
0 55 10 -0.168861 0.958425 -0.230018 -0.417863 -0.942371 -0.0886035 0.322625 0.0678285 0.288832 0.27124 0.918153 0.905974
0 56 18 -0.463282 -0.870814 0.164479 -0.0119934 -0.172452 0.270636 0.94711 -0.232866 -0.86927 0.410414 -0.275554 0.972435
0 57 0 1 0 0 0 0 1 0 0 0 0 1 0
0 58 20 -0.76213 0.625975 -0.165265 0.165462 0.554458 0.762864 0.332587 -0.0116111 0.334266 0.161842 -0.928479 0.986148
0 59 20 0.705906 -0.274213 -0.653073 0.396199 -0.401334 -0.914578 -0.0497873 -0.0470427 -0.583634 0.297245 -0.755657 0.916959
0 60 16 0.957602 0.196735 -0.210459 0.0364029 0.16658 -0.974138 -0.152664 0.0536082 -0.23505 0.111133 -0.965609 0.997898
0 61 10 0.745763 0.65759 -0.106831 0.0321569 -0.665667 0.729028 -0.159392 -0.20055 -0.0269316 0.189982 0.981418 0.979156
0 62 21 -0.141588 -0.20373 -0.968735 0.127486 -0.265021 0.950673 -0.161197 0.0621119 0.953791 0.233912 -0.188596 0.989894
0 63 0 1 0 0 0 0 1 0 0 0 0 1 0
0 64 11 0.266166 -0.876165 -0.401859 0.421093 0.95963 0.280176 0.0247364 0.162479 0.0909179 -0.39222 0.915368 -0.892346
0 65 10 -0.579481 -0.533591 -0.616022 0.187379 0.356438 -0.845676 0.39722 -0.0381886 -0.732908 0.0106075 0.680245 0.981545
0 66 0 1 0 0 0 0 1 0 0 0 0 1 0
0 67 0 1 0 0 0 0 1 0 0 0 0 1 0
0 68 0 1 0 0 0 0 1 0 0 0 0 1 0
0 69 12 0.519204 0.854206 -0.0275609 -0.114205 -0.701024 0.4441 0.55798 -0.0367475 0.488869 -0.270384 0.829397 -0.992777
0 70 15 -0.444615 0.770173 0.457331 0.000301526 0.805652 0.566992 -0.171598 -0.0439223 -0.391463 0.292154 -0.872584 0.999035
0 71 30 -0.759111 -0.404225 0.510248 0.0475533 -0.0121964 0.792531 0.609709 -0.192711 -0.650847 0.456614 -0.606549 0.980103
0 72 25 0.973854 0.191799 0.121742 0.0514139 0.203824 -0.501044 -0.841077 0.275467 -0.10032 0.8439 -0.527037 0.959935
0 73 0 1 0 0 0 0 1 0 0 0 0 1 0
0 74 0 1 0 0 0 0 1 0 0 0 0 1 0
0 75 11 -0.660685 -0.747536 -0.0684526 -0.0992329 0.749841 -0.661479 -0.0135832 -0.31643 -0.035126 -0.0603028 0.997562 -0.943411
0 76 0 1 0 0 0 0 1 0 0 0 0 1 0
0 77 0 1 0 0 0 0 1 0 0 0 0 1 0
0 78 12 -0.504075 -0.578156 0.641595 0.139955 0.552129 -0.786971 -0.275373 0.232105 0.664126 0.215435 0.715909 0.962569
0 79 11 0.467953 0.846774 0.25297 0.0130452 -0.77541 0.256078 0.577203 0.22468 0.42398 -0.46626 0.77643 0.974345
0 80 14 0.0689681 -0.972438 0.222728 0.0400407 0.977249 0.0209691 -0.211055 0.175846 0.200567 0.232217 0.95176 0.983603
0 81 10 0.338669 -0.940615 -0.0233614 -0.0270234 0.880901 0.308248 0.359162 -0.328226 -0.330632 -0.142216 0.932983 -0.944213
0 82 19 -0.603004 0.737329 0.304519 0.426184 -0.76779 -0.432808 -0.472415 0.278737 -0.216527 -0.518675 0.827099 0.860623
0 83 16 -0.596838 -0.756222 0.268164 -0.295083 -0.770824 0.63319 0.0700128 0.147886 -0.222744 -0.164921 -0.960826 0.943957
0 84 11 0.264069 -0.937921 0.224884 -0.344132 0.964199 0.250851 -0.085983 -0.0831654 0.0242328 0.239538 0.970584 -0.935231
0 85 18 0.0994766 -0.991718 -0.081241 -0.113337 0.747614 0.128371 -0.651609 0.901478 0.656641 0.0040829 0.754192 -0.417723
0 86 0 1 0 0 0 0 1 0 0 0 0 1 0
0 87 19 -0.143134 0.986012 0.0853954 0.00580638 0.844395 0.166671 -0.509134 0.121669 -0.516246 -0.000766988 -0.85644 0.992554
0 88 17 -0.961026 0.143357 -0.236383 0.0993042 0.216147 0.922723 -0.319161 -0.0194072 0.172362 -0.357815 -0.917747 0.994868
0 89 10 0.1689 0.774122 0.610089 0.256779 -0.829216 0.446202 -0.336607 -0.308023 -0.532798 -0.449043 0.717278 0.916071
0 90 0 1 0 0 0 0 1 0 0 0 0 1 0
0 91 0 1 0 0 0 0 1 0 0 0 0 1 0
0 92 16 -0.224921 0.831427 0.508074 -0.118009 -0.970815 -0.146674 -0.189752 -0.224761 -0.083244 -0.535925 0.840152 0.967242
0 93 14 -0.896272 -0.398769 0.19411 -0.315271 0.349211 -0.90434 -0.245398 0.252737 0.273399 -0.152158 0.94979 -0.914729
0 94 0 1 0 0 0 0 1 0 0 0 0 1 0
0 95 32 -0.0539197 -0.965892 -0.253269 0.258292 -0.589926 -0.173829 0.788524 -0.354566 -0.805655 0.191927 -0.560432 0.898648
0 96 12 -0.443768 0.864435 0.236266 -0.0992101 -0.896105 -0.425678 -0.125674 -0.228975 -0.00806363 -0.267489 0.963527 -0.968364
0 97 10 -0.0198972 -0.932269 0.361218 0.187962 0.988943 0.0347519 0.144166 -0.320301 -0.146955 0.360092 0.92127 0.928481
0 98 18 0.286609 -0.817402 -0.49971 0.132395 0.810284 0.485116 -0.32879 0.0358612 0.51117 -0.310672 0.801366 0.990548
0 99 0 1 0 0 0 0 1 0 0 0 0 1 0
0 100 23 0.475697 -0.450301 0.755606 -0.670389 0.416792 0.871859 0.257187 -0.385868 -0.774594 0.192588 0.602423 0.633786
0 101 26 -0.039479 -0.698478 0.714542 -0.482189 -0.799127 0.451367 0.397068 -0.136584 -0.599864 -0.555334 -0.575993 0.865355
0 102 10 -0.944789 0.322237 -0.0594773 0.404016 -0.299058 -0.922131 -0.245436 0.0956221 -0.133934 -0.214098 0.967586 -0.90974
0 103 14 0.441727 0.803033 0.400018 -0.0473235 0.768282 -0.568836 0.293544 -0.304251 0.463271 0.17766 -0.868226 0.951416
0 104 11 0.929151 0.0490299 -0.366436 0.100747 -0.0270931 0.997532 0.0647734 -0.272816 0.368708 -0.0502564 0.928186 0.956777
0 105 19 0.157887 0.886977 0.433985 -0.126212 0.829709 -0.357461 0.428724 -0.343898 0.535401 0.292391 -0.792372 0.930486
0 106 22 0.0881299 -0.968241 0.233971 -0.242147 -0.893304 0.0271015 0.448635 -0.136735 -0.440728 -0.248545 -0.862545 0.960556
0 107 0 1 0 0 0 0 1 0 0 0 0 1 0
0 108 0 1 0 0 0 0 1 0 0 0 0 1 0
0 109 0 1 0 0 0 0 1 0 0 0 0 1 0
0 110 23 -0.412124 -0.573196 0.708237 -0.414729 -0.762987 0.641979 0.075589 -0.328225 -0.498001 -0.509224 -0.701916 0.848686
0 111 10 -0.957943 -0.124473 0.258555 -0.258372 0.111624 -0.991697 -0.0638528 -0.0638899 0.264357 -0.0323064 0.963884 -0.96393
0 112 11 -0.183046 0.947407 -0.262514 0.243017 -0.982856 -0.170354 0.0705221 0.216307 0.022093 0.270922 0.962348 0.945597
0 113 17 -0.0909972 -0.198263 0.975916 -0.981521 -0.465133 -0.858057 -0.21769 0.163257 0.880551 -0.47374 -0.014138 -0.0998218
0 114 20 -0.20121 0.873424 0.443447 -0.259245 0.848067 0.381879 -0.367356 0.226 -0.490201 0.302157 -0.81756 0.938997
0 115 23 0.360541 -0.92233 0.138986 -0.25022 -0.629056 -0.35046 -0.693877 0.253705 0.688693 0.162742 -0.706553 0.934358
0 116 19 -0.303778 0.647438 0.698958 -0.262622 0.692036 0.654177 -0.305187 0.216838 -0.654832 0.390995 -0.646775 0.940218
0 117 12 0.945126 0.316673 -0.0803485 -0.49883 -0.316478 0.948473 0.015481 -0.126558 0.0811108 0.0107971 0.996647 0.85741
0 118 17 0.993731 -0.110848 0.0145203 -0.855847 0.109341 0.990751 0.0803572 -0.197845 -0.0232934 -0.0782658 0.99666 -0.477894
0 119 34 -0.518718 0.798285 0.30606 -0.0297826 0.766147 0.592903 -0.247962 0.371954 -0.379408 0.105865 -0.919153 0.927773
0 120 24 -0.886281 -0.175788 0.42849 -0.131952 0.00699983 0.919981 0.3919 -0.21445 -0.463094 0.350333 -0.814132 0.967781
0 121 23 -0.795337 0.582732 -0.166922 0.281585 0.483161 0.775725 0.405964 -0.358785 0.366054 0.242228 -0.898515 0.889934
0 122 27 -0.997279 0.0148923 0.0721975 0.0207409 0.0358745 0.95363 0.298835 -0.166543 -0.0643994 0.300612 -0.95157 0.985816
0 123 23 0.924397 0.196421 -0.32697 -0.343893 -0.198834 0.979678 0.0263858 0.200338 0.325508 0.040622 0.944666 -0.917389
0 124 18 0.816239 0.280618 -0.504982 0.145518 -0.273944 0.957588 0.0893358 0.153521 0.508634 0.0654171 0.858494 -0.977372
0 125 27 0.882868 0.313177 -0.349949 -0.145757 -0.326042 0.94507 0.0232115 0.295522 0.337996 0.0936052 0.936481 -0.944151
0 126 30 0.935481 0.317146 -0.155865 -0.452185 -0.341055 0.925751 -0.163297 0.541223 0.0925032 0.20592 0.974187 -0.708948
0 127 29 0.772606 0.428683 -0.468307 0.175859 -0.453102 0.888993 0.0662527 0.29918 0.444723 0.161004 0.881078 -0.937851
0 128 38 0.832688 0.406091 -0.376458 0.0343536 -0.443679 0.896064 -0.0147758 0.403617 0.331331 0.17933 0.926316 -0.914283
0 129 43 0.885512 0.374061 -0.275586 -0.0372684 -0.409776 0.90833 -0.0837889 0.456202 0.218981 0.187125 0.957618 -0.889096
0 130 46 0.940251 0.285165 -0.186033 -0.123948 -0.300054 0.952224 -0.0569013 0.335904 0.160919 0.109321 0.980894 -0.933705
0 131 51 0.953085 0.25487 -0.16331 -0.0954086 -0.270403 0.959344 -0.0808817 0.345329 0.136056 0.121247 0.983254 -0.933619
0 132 56 0.969506 0.231128 -0.0814775 -0.130953 -0.23764 0.967877 -0.0821098 0.317982 0.0598823 0.0989683 0.993287 -0.939009
0 133 48 0.975301 0.20902 -0.0714087 -0.0735796 -0.216595 0.968396 -0.123676 0.383815 0.0433011 0.136088 0.98975 -0.920474
0 134 59 0.960735 0.222617 -0.165619 0.151244 -0.23602 0.969507 -0.0659558 0.319229 0.145885 0.102455 0.983982 -0.935531
0 135 57 0.972901 0.198675 -0.118289 0.141367 -0.195884 0.980006 0.0348957 0.213232 0.122857 -0.0107792 0.992366 -0.96672
0 136 59 0.942899 0.234381 -0.236656 0.448439 -0.228888 0.972125 0.0508304 0.193417 0.241973 0.00623974 0.970263 -0.872635
0 137 40 0.980047 0.191241 -0.0541754 0.259738 -0.187649 0.980077 0.0650958 0.130146 0.0655451 -0.0536309 0.996407 -0.956869
0 138 48 0.993732 0.107979 -0.0289269 0.353623 -0.107584 0.994084 0.0148918 0.206301 0.0303638 -0.0116864 0.999471 -0.912355
0 139 52 0.996508 0.0382096 0.0742353 0.325211 -0.0431996 0.996829 0.0668189 0.137391 -0.0714468 -0.0697925 0.995 -0.935608
0 140 34 0.984677 -0.0550589 0.165466 0.259957 0.035714 0.992408 0.117692 0.139977 -0.17069 -0.109979 0.979168 -0.955421
0 141 51 0.950606 -0.207761 0.230616 0.152718 0.172025 0.971052 0.165728 0.125626 -0.258372 -0.117871 0.958828 -0.980253
0 142 47 0.943217 -0.276742 0.183726 0.128683 0.252941 0.956888 0.14278 0.169666 -0.215319 -0.0882007 0.972553 -0.977064
0 143 39 0.958791 -0.260158 0.114185 0.11335 0.251734 0.964222 0.0831036 0.259556 -0.131719 -0.0509348 0.989978 -0.959053
0 144 81 0.986287 -0.164489 -0.013507 0.218179 0.165038 0.982387 0.0876203 0.155202 -0.00114343 -0.0886479 0.996062 -0.963489
0 145 145 0.987494 0.0513542 -0.149057 0.416006 -0.0388181 0.995553 0.0858277 0.0755328 0.152801 -0.0789682 0.985097 -0.90622
0 146 171 0.978913 0.101509 -0.17727 0.528023 -0.0928432 0.994074 0.0565343 0.114321 0.181958 -0.0388839 0.982537 -0.8415
0 147 183 0.962207 0.176623 -0.207273 0.579554 -0.157459 0.981852 0.105702 0.0654953 0.222181 -0.0690705 0.972556 -0.812298
0 148 186 0.919184 0.220781 -0.326122 0.898267 -0.184531 0.973004 0.138607 -0.0888738 0.34792 -0.0672259 0.935111 -0.43037
0 149 132 0.909198 0.266978 -0.319503 0.901918 -0.23313 0.962223 0.140628 -0.146538 0.344978 -0.0533726 0.937092 -0.406289
0 150 58 0.896733 0.322779 -0.302792 0.933332 -0.295378 0.945986 0.133653 -0.276989 0.329577 -0.0304131 0.943639 -0.228405
0 151 56 0.902864 0.302608 -0.305393 0.952775 -0.283794 0.953077 0.105379 -0.273098 0.322952 -0.00847447 0.946377 -0.132808
0 152 57 0.839033 0.331414 -0.431495 0.953169 -0.330942 0.94036 0.0787421 -0.299791 0.431857 0.0767325 0.898672 0.0399136
0 153 45 0.351739 0.423692 -0.834725 0.763153 -0.396364 0.875236 0.277234 -0.357162 0.848042 0.233341 0.47579 0.538547
0 154 45 0.878068 0.385205 -0.283926 0.93499 -0.372529 0.922651 0.0996868 -0.340723 0.300365 0.018239 0.95365 -0.0984974
0 155 38 0.729745 0.370524 -0.574617 0.944394 -0.389915 0.915895 0.0954066 -0.230732 0.561639 0.154429 0.812843 0.23427
0 156 41 0.770531 0.46212 -0.439007 0.893473 -0.400251 0.886814 0.230997 -0.429345 0.496066 -0.00227711 0.868282 0.131792
0 157 50 0.743984 0.410888 -0.526933 0.923861 -0.337737 0.911678 0.234045 -0.313385 0.57656 0.00383907 0.817046 0.219706
0 158 44 0.946753 0.221419 -0.233737 0.998726 -0.208274 0.974808 0.0798186 -0.0476051 0.245522 -0.0268872 0.969018 -0.0167335
0 159 21 0.96106 0.263068 0.0846082 0.407502 -0.271297 0.956434 0.10785 -0.0540916 -0.0525504 -0.126604 0.99056 -0.911601
0 160 49 0.755794 0.400945 -0.517705 0.933913 -0.255212 0.908466 0.330993 -0.290724 0.603028 -0.118038 0.788939 0.208052
0 161 42 0.788228 0.377177 -0.486246 0.945442 -0.243167 0.916748 0.316929 -0.298479 0.565303 -0.131573 0.814323 0.130576
0 162 47 0.846239 0.319293 -0.426535 0.986945 -0.253134 0.945362 0.205461 -0.155887 0.468832 -0.0658984 0.880826 0.0404871
0 163 49 0.83363 0.3323 -0.441179 0.971546 -0.235589 0.936389 0.26014 -0.2337 0.499559 -0.112924 0.858888 0.038501
0 164 52 0.844462 0.275127 -0.459553 0.991501 -0.223162 0.960701 0.16508 -0.129032 0.486911 -0.036849 0.872674 0.0166533
0 165 64 0.90589 0.286241 -0.312137 0.933981 -0.220913 0.948178 0.228377 -0.246554 0.361333 -0.137929 0.922179 -0.258634
0 166 87 0.895603 0.245518 -0.370967 0.942677 -0.193927 0.965975 0.171128 -0.0424802 0.40036 -0.0813223 0.912742 -0.330991
0 167 102 0.894369 0.270259 -0.35646 0.919163 -0.215862 0.95869 0.185251 -0.0739991 0.3918 -0.0887362 0.915761 -0.386864
0 168 122 0.930924 0.220279 -0.291302 0.832046 -0.170738 0.967592 0.186049 -0.034473 0.322844 -0.123461 0.938365 -0.553635
0 169 139 0.980009 0.147063 -0.133993 0.60863 -0.128242 0.981857 0.13968 -0.00879697 0.152104 -0.119704 0.981089 -0.793405
0 170 166 0.98836 0.0887179 -0.123587 0.500366 -0.069258 0.985686 0.153707 0.0692971 0.135455 -0.143358 0.980357 -0.863036
0 171 178 0.985409 0.0572904 -0.160273 0.494675 -0.0328421 0.987953 0.151226 0.114808 0.167006 -0.143756 0.97542 -0.861461
0 172 182 0.986649 0.100593 -0.128084 0.302731 -0.0735819 0.976938 0.200443 -0.0170929 0.145293 -0.188342 0.971297 -0.952923
1 2 505 0.999918 0.00327037 -0.0123639 0.855946 -0.0032442 0.999992 0.00213551 -0.248905 0.0123708 -0.00209522 0.999921 0.453214
1 3 555 0.999634 -0.00502054 -0.0265964 0.964878 0.00507399 0.999985 0.00194272 -0.109137 0.0265863 -0.00207696 0.999644 0.238955
1 4 476 0.997302 0.0214398 -0.0702042 0.9592 -0.0216326 0.999764 -0.0019876 -0.0765307 0.070145 0.00350094 0.997531 0.272173
1 5 379 0.994443 0.042914 -0.0961281 0.981488 -0.0441159 0.998972 -0.0104117 -0.0673906 0.0955825 0.0145946 0.995315 0.179275
1 6 256 0.989526 0.0533039 -0.134151 0.981822 -0.0519807 0.998559 0.0133497 -0.0579389 0.13467 -0.0062366 0.990871 0.180743
1 7 176 0.982813 0.0480794 -0.178234 0.974285 -0.0510124 0.998627 -0.0119071 -0.111886 0.177417 0.0207946 0.983916 0.195574
1 8 119 0.984246 0.0678036 -0.163286 0.996862 -0.0708289 0.997407 -0.0127712 -0.0790845 0.161997 0.0241353 0.986496 0.00338607
1 9 110 0.969156 0.101044 -0.224781 0.995465 -0.109199 0.993727 -0.0241157 0.00240704 0.220934 0.0479177 0.974111 -0.0950955
1 10 35 0.992373 0.039509 0.116766 0.200314 -0.0397468 0.99921 -0.000291785 0.0184118 -0.116685 -0.0043515 0.993159 0.979559
1 11 79 0.889649 0.182517 -0.418584 0.99794 -0.186379 0.981955 0.0320396 0.0497894 0.416879 0.0495114 0.907613 -0.0404581
1 12 44 0.852512 0.245581 -0.461425 0.993753 -0.241192 0.967981 0.0695644 -0.000913625 0.463734 0.0519875 0.884448 -0.111602
1 13 36 -0.51598 0.549504 -0.657123 0.359147 0.27624 0.832886 0.479575 -0.209793 0.810837 0.0659277 -0.581547 0.909396
1 14 36 -0.130762 0.918478 -0.373229 0.416047 0.92834 0.245568 0.27907 -0.36161 0.347973 -0.309992 -0.884771 0.834352
1 15 18 0.979432 0.189936 0.0680916 0.420618 -0.195906 0.975953 0.0955882 0.179909 -0.0482986 -0.106962 0.993089 0.889221
1 16 31 0.676319 0.453166 -0.580718 0.449399 0.173494 -0.864186 -0.472316 0.294797 -0.715886 0.218686 -0.663087 0.843288
1 17 0 1 0 0 0 0 1 0 0 0 0 1 0
1 18 12 0.865657 -0.419666 0.272981 -0.323048 0.392825 0.907412 0.149308 0.334736 -0.310365 -0.0220157 0.950362 -0.885207
1 19 27 0.314661 0.592724 -0.741395 0.450517 0.321801 -0.801428 -0.504141 0.149426 -0.892991 -0.0799481 -0.442917 0.880174
1 20 19 0.704659 0.55581 -0.441056 0.289358 0.494841 -0.830444 -0.25592 0.0172165 -0.508516 -0.0379157 -0.860218 0.957066
1 21 15 0.0781912 -0.996938 -0.000300447 0.246257 0.991115 0.0777669 -0.107908 -0.368055 0.107601 0.00813969 0.994161 -0.896601
1 22 17 0.791439 0.277902 -0.544422 0.47836 0.213526 -0.960257 -0.179758 0.0625423 -0.57274 0.0260192 -0.819324 0.875934
1 23 13 -0.311614 0.903896 0.293034 -0.469107 -0.936505 -0.239964 -0.255687 -0.075988 -0.160797 -0.354103 0.921279 -0.879866
1 24 28 0.668094 -0.685141 -0.290227 -0.00736494 -0.674825 -0.722244 0.151578 -0.0681746 -0.313467 0.0945837 -0.944877 0.997646
1 25 0 1 0 0 0 0 1 0 0 0 0 1 0
1 26 0 1 0 0 0 0 1 0 0 0 0 1 0
1 27 13 0.683348 0.533868 -0.498017 0.477053 0.498965 -0.839465 -0.215249 0.0760844 -0.532982 -0.101403 -0.840028 0.875575
1 28 13 -0.414832 0.796113 0.440589 -0.48456 -0.891774 -0.45189 -0.0231082 0.0516486 0.180701 -0.402492 0.897412 -0.873232
1 29 19 0.56773 0.556829 0.60632 -0.425426 -0.121052 0.784989 -0.607568 0.803925 -0.814266 0.271538 0.513067 -0.415592
1 30 0 1 0 0 0 0 1 0 0 0 0 1 0
1 31 25 0.417024 0.860065 0.293902 -0.279021 0.848859 -0.25298 -0.464155 0.130722 -0.324852 0.443045 -0.835573 0.951346
1 32 17 0.610772 0.633731 -0.474702 0.300066 0.650117 -0.743597 -0.15624 -0.124657 -0.452001 -0.213185 -0.866168 0.945738
1 33 0 1 0 0 0 0 1 0 0 0 0 1 0
1 34 23 -0.196718 0.921235 -0.335602 0.301219 0.978268 0.161545 -0.129982 -0.0436616 -0.0655295 -0.353879 -0.932993 0.952555
1 35 22 0.253821 -0.896902 -0.362134 0.308526 -0.846139 -0.387287 0.366138 -0.0488417 -0.46864 0.213482 -0.857206 0.949961
1 36 22 0.824279 -0.0967073 -0.557864 0.324555 -0.218628 -0.963249 -0.156054 0.0868894 -0.522271 0.250597 -0.815129 0.941868
1 37 12 0.348456 0.894559 0.279899 -0.210068 -0.937295 0.330135 0.111758 -0.0541389 0.00756968 -0.30129 0.953502 0.976187
1 38 0 1 0 0 0 0 1 0 0 0 0 1 0
1 39 18 0.737389 -0.329428 -0.58969 -0.0419662 -0.35793 -0.930931 0.0724815 -0.158742 -0.572838 0.15762 -0.804371 0.986428
1 40 0 1 0 0 0 0 1 0 0 0 0 1 0
1 41 21 0.0513326 0.0290919 0.998258 -0.496462 0.177996 0.983305 -0.0378091 0.0428313 -0.982691 0.179627 0.0452974 0.867001
1 42 14 -0.754792 -0.55442 -0.350583 0.130196 0.619313 -0.778452 -0.102296 -0.240484 -0.216197 -0.294333 0.930928 0.961882
1 43 0 1 0 0 0 0 1 0 0 0 0 1 0
1 44 18 0.939339 -0.0812541 -0.333227 0.057223 -0.256222 -0.812109 -0.524242 0.028631 -0.22802 0.577821 -0.783664 0.997951
1 45 15 -0.902733 -0.38343 0.195075 -0.389435 0.314426 -0.897542 -0.309119 0.276384 0.293613 -0.217715 0.930802 -0.878608
1 46 22 0.360928 -0.855356 0.371615 -0.39741 -0.90329 -0.419739 -0.0888108 -0.0741576 0.231946 -0.303621 -0.924129 0.91464
1 47 0 1 0 0 0 0 1 0 0 0 0 1 0
1 48 10 -0.680614 -0.596997 -0.424686 -0.0590692 0.731168 -0.516742 -0.445389 0.0290591 0.046443 -0.613655 0.788207 0.997831
1 49 11 0.14816 0.985268 0.0854087 -0.2114 -0.897055 0.0975317 0.431022 -0.111825 0.416343 -0.140477 0.89829 0.970982
1 50 16 -0.0332472 0.980311 0.194639 -0.207596 -0.992388 -0.0092751 -0.1228 0.410246 -0.118577 -0.19724 0.973158 -0.888033
1 51 18 -0.83772 0.537757 -0.0950952 0.0601601 0.54469 0.810288 -0.216206 0.19218 -0.0392118 -0.232918 -0.971706 0.979514
1 52 22 -0.955135 -0.0783024 0.285633 -0.257311 -0.0197886 0.979135 0.202245 -0.135291 -0.295509 0.187519 -0.936755 0.956811
1 53 20 0.0960227 -0.986677 -0.131329 -0.103806 -0.840867 -0.151012 0.519749 -0.333061 -0.532656 0.0605227 -0.844165 0.937174
1 54 23 -0.627381 -0.677068 0.384672 -0.302064 -0.750945 0.395299 -0.52898 0.217119 0.206095 -0.62074 -0.756444 0.928233
1 55 18 0.851422 -0.324708 0.41188 -0.285918 -0.475863 -0.148053 0.866968 -0.25274 -0.220531 -0.934155 -0.280572 0.924323
1 56 0 1 0 0 0 0 1 0 0 0 0 1 0
1 57 30 -0.947574 0.114557 0.298294 -0.111574 -0.114554 0.749685 -0.651805 0.172534 -0.298296 -0.651805 -0.697259 0.978664
1 58 10 0.456139 0.832588 -0.314219 0.149502 -0.88785 0.449777 -0.0970786 0.0171872 0.0605019 0.323261 0.944374 0.988612
1 59 30 -0.644628 0.24199 -0.725186 0.396199 0.423817 0.902591 -0.0755479 -0.0470427 0.636265 -0.356047 -0.684395 0.916959
1 60 19 -0.175405 -0.960856 -0.21445 0.179699 -0.959498 0.215621 -0.181303 0.107736 0.220446 0.173963 -0.959761 0.977804
1 61 20 -0.841148 0.484809 -0.239646 0.287251 0.511717 0.856868 -0.0626421 0.0930303 0.174975 -0.175322 -0.968837 0.953327
1 62 0 1 0 0 0 0 1 0 0 0 0 1 0
1 63 23 -0.94514 0.0348864 -0.324799 0.0663807 -0.106937 0.906455 0.408539 -0.156159 0.308668 0.420859 -0.852996 0.985499
1 64 11 -0.996407 0.0104226 -0.0840489 0.114503 0.0148411 0.998531 -0.0521182 0.165653 0.0833822 -0.0531784 -0.995098 0.979514
1 65 11 -0.841334 -0.441378 0.311998 -0.0740309 0.445934 -0.892998 -0.0608023 -0.138318 0.30545 0.0879754 0.948135 0.987617
1 66 11 -0.26903 0.931721 -0.243963 0.143835 -0.887126 -0.338345 -0.313897 -0.102176 -0.375008 0.131978 0.917579 0.984313
1 67 0 1 0 0 0 0 1 0 0 0 0 1 0
1 68 17 0.395166 -0.822596 -0.408876 0.29927 -0.851441 -0.495062 0.173098 -0.11616 -0.344808 0.279731 -0.896023 0.947072
1 69 18 0.0333493 -0.469493 -0.882306 0.456685 -0.502153 -0.771152 0.391366 -0.267082 -0.864136 0.430001 -0.261475 0.848591
1 70 21 -0.391298 -0.488283 -0.780042 0.498795 -0.262336 0.871643 -0.414026 0.265212 0.88208 0.0426259 -0.469166 0.825146
1 71 22 -0.595171 -0.803452 0.0153906 0.0475533 -0.651005 0.493294 0.576935 -0.192711 -0.471131 0.333355 -0.816645 0.980103
1 72 25 -0.41014 0.41044 0.814447 -0.46163 0.046544 -0.882429 0.468138 -0.271698 0.910834 0.22991 0.342816 0.844439
1 73 0 1 0 0 0 0 1 0 0 0 0 1 0
1 74 0 1 0 0 0 0 1 0 0 0 0 1 0
1 75 23 0.26718 0.914635 -0.303411 0.195385 0.824482 -0.379959 -0.419359 0.0422151 -0.498844 -0.138113 -0.855617 0.979818
1 76 13 0.872068 0.367929 -0.322685 0.0280946 0.218296 -0.882591 -0.416388 0.0697463 -0.438001 0.292678 -0.849997 0.997169
1 77 0 1 0 0 0 0 1 0 0 0 0 1 0
1 78 18 -0.703503 -0.633733 -0.32166 0.419447 -0.704721 0.563509 0.431075 -0.140789 -0.0919277 0.529943 -0.843036 0.896796
1 79 21 -0.690852 0.517169 -0.505232 0.420193 0.473365 0.851752 0.224598 -0.161405 0.546488 -0.0839949 -0.833244 0.892965
1 80 15 -0.420218 -0.907085 -0.0247816 -0.0130757 -0.889582 0.406414 0.208499 0.117071 -0.179054 0.10966 -0.977709 0.993037
1 81 11 -0.398867 -0.894802 0.200585 0.0187964 0.91683 -0.393458 0.0679311 0.325805 0.018137 0.210998 0.977318 0.94525
1 82 18 0.0592856 0.953476 -0.295583 0.1442 0.647553 -0.262083 -0.715533 0.437661 -0.759711 -0.148985 -0.632963 0.887502
1 83 0 1 0 0 0 0 1 0 0 0 0 1 0
1 84 0 1 0 0 0 0 1 0 0 0 0 1 0
1 85 19 0.012034 0.659855 -0.751296 0.0202916 -0.276216 -0.719922 -0.636724 0.111519 -0.96102 0.215183 0.173599 0.993555
1 86 24 0.105171 -0.975367 0.193905 -0.041414 -0.986167 -0.127413 -0.106023 -0.119986 0.128118 -0.180072 -0.975274 0.991911
1 87 14 -0.862268 0.504253 0.0471385 0.15881 0.493698 0.857661 -0.143805 -0.0698078 -0.112943 -0.100727 -0.988483 0.984838
1 88 18 -0.540936 0.417498 -0.730126 0.148701 -0.0395424 0.854514 0.517921 -0.260503 0.840133 0.309033 -0.445729 0.953953
1 89 23 0.465288 -0.711069 -0.52715 0.254008 -0.626426 -0.685281 0.371457 -0.300433 -0.625378 0.157386 -0.764285 0.919358
1 90 0 1 0 0 0 0 1 0 0 0 0 1 0
1 91 14 0.98884 -0.101088 0.109438 -0.031017 -0.122403 -0.970012 0.209987 -0.227619 0.0849285 -0.221039 -0.97156 0.973256
1 92 15 -0.173872 -0.279654 -0.944226 -0.0653867 0.43469 -0.882157 0.181227 -0.260564 -0.883636 -0.378935 0.274945 0.96324
1 93 16 -0.913976 -0.161365 0.372301 -0.401912 -0.267788 0.929214 -0.254657 0.157501 -0.304855 -0.332448 -0.892492 0.902031
1 94 16 -0.0782857 0.747258 -0.659906 0.268286 0.794128 0.446912 0.411862 -0.212024 0.602687 -0.491807 -0.628406 0.939717
1 95 14 -0.902038 0.14099 -0.407983 0.256476 -0.121985 0.823367 0.554243 -0.31658 0.414062 0.549716 -0.72551 0.913234
1 96 0 1 0 0 0 0 1 0 0 0 0 1 0
1 97 20 -0.864559 0.398748 -0.30584 0.246674 0.274688 0.884611 0.376842 -0.172824 0.420814 0.241792 -0.87433 0.953564
1 98 0 1 0 0 0 0 1 0 0 0 0 1 0
1 99 12 0.756631 -0.556392 -0.34342 -0.484126 0.626195 0.767754 0.13577 -0.261396 0.188121 -0.317776 0.929316 0.835041
1 100 26 0.13422 -0.862622 0.487718 -0.515573 0.904845 0.307354 0.2946 -0.243957 -0.40403 0.401768 0.821792 0.821383
1 101 0 1 0 0 0 0 1 0 0 0 0 1 0
1 102 0 1 0 0 0 0 1 0 0 0 0 1 0
1 103 18 -0.955301 -0.295636 -6.9004e-05 -0.339294 0.289164 -0.93434 -0.208307 0.330343 0.0615186 -0.199016 0.978063 0.880768
1 104 30 -0.978574 0.132348 0.157722 0.000824554 0.127296 0.990985 -0.0417585 -0.0528196 -0.161826 -0.0207865 -0.9866 0.998604
1 105 12 -0.721498 -0.620231 -0.307822 -0.0114984 0.682006 -0.713362 -0.161188 -0.108932 -0.119614 -0.326233 0.937691 0.993983
1 106 13 -0.900343 -0.431236 -0.0584708 -0.389347 0.405776 -0.78334 -0.470876 -0.00569526 0.157256 -0.447676 0.88026 0.921074
1 107 22 0.813922 -0.269122 0.514883 -0.223915 -0.410177 -0.893821 0.181216 -0.166004 0.411445 -0.358689 -0.837888 0.960367
1 108 24 0.132449 0.320735 -0.937863 0.457934 0.0871253 0.938769 0.333349 -0.354859 0.987353 -0.125863 0.0963946 0.81509
1 109 22 0.991808 -0.121484 -0.0394872 0.00877639 -0.09583 -0.912001 0.398836 -0.366749 -0.0844647 -0.391785 -0.916172 0.930279
1 110 11 -0.189485 -0.873148 -0.44912 0.224116 0.975441 -0.219708 0.0156001 0.124143 -0.112297 -0.435134 0.893335 -0.966623
1 111 10 0.209667 0.953095 -0.218286 0.316842 -0.919435 0.268141 0.287646 -0.226024 0.332686 0.14039 0.932529 -0.921154
1 112 13 0.87761 0.185796 -0.441906 0.604747 -0.17166 0.982509 0.0721776 0.176192 0.447587 0.0125136 0.894153 -0.776683
1 113 26 -0.316679 0.79867 0.511704 -0.430182 0.571749 0.591176 -0.568871 0.35753 -0.756847 0.112416 -0.643852 0.828924
1 114 19 0.965169 0.0100321 -0.261433 0.185843 -0.0209614 0.999017 -0.0390502 -0.355883 0.260785 0.04317 0.964431 0.915865
1 115 20 0.56164 -0.797298 0.22108 -0.309179 -0.783497 -0.598379 -0.167557 0.129432 0.265882 -0.0791088 -0.960754 0.942155
1 116 13 0.929729 0.258375 -0.262388 0.327307 -0.248631 0.966045 0.0702845 -0.307454 0.271638 -0.000107645 0.962399 0.8935
1 117 27 0.731237 -0.513625 -0.448866 0.276738 0.441927 0.857987 -0.261839 0.174021 0.519608 -0.00689971 0.854377 0.945057
1 118 15 0.952196 0.0197944 -0.304846 -0.323164 -0.00863978 0.999244 0.0378969 -0.103775 0.305365 -0.0334514 0.951648 -0.940636
1 119 30 0.11001 -0.947106 -0.301476 -0.0297826 -0.765587 0.112689 -0.633385 0.371954 0.633856 0.300485 -0.712696 0.927773
1 120 10 -0.992005 -0.0700009 0.105007 -0.214776 0.0225286 -0.916926 -0.398421 -0.211602 0.124174 -0.39287 0.911172 0.953465
1 121 12 -0.262939 0.964637 -0.0183925 -0.125715 -0.964765 -0.263067 -0.00489412 -0.123216 -0.00955951 0.0164576 0.999819 0.984385
1 122 49 0.384881 -0.216043 0.897325 -0.895265 -0.00429118 0.971789 0.235811 -0.141568 -0.922956 -0.09461 0.373097 0.422444
1 123 23 0.85887 0.287851 -0.423656 0.0439426 -0.327136 0.944737 -0.0212991 -0.390732 0.394113 0.156886 0.905573 0.919455
1 124 24 0.546399 0.203811 -0.812348 0.850495 -0.259717 0.963357 0.067008 0.161808 0.796238 0.174367 0.57931 -0.500477
1 125 16 0.713842 0.442055 -0.543154 0.377161 -0.455435 0.882219 0.119452 0.188882 0.531986 0.162101 0.831092 -0.906682
1 126 20 0.876779 0.32765 -0.352001 -0.134339 -0.342626 0.939241 0.0208391 0.30329 0.337441 0.102333 0.935768 -0.943381
1 127 31 0.364883 0.419209 -0.831339 0.89312 -0.303329 0.89771 0.319543 -0.194191 0.880257 0.135573 0.454718 -0.405742
1 128 28 0.839782 0.397234 -0.370097 0.0251655 -0.435044 0.900165 -0.0209849 0.398553 0.324813 0.178632 0.928756 -0.9168
1 129 34 0.913302 0.352197 -0.204539 -0.161515 -0.37331 0.924699 -0.0746497 0.421986 0.162846 0.144534 0.976008 -0.892099
1 130 37 0.922855 0.292514 -0.250548 -0.0150122 -0.302995 0.952986 -0.00342733 0.252868 0.237766 0.0790778 0.968098 -0.967384
1 131 39 0.953187 0.246721 -0.174822 -0.0775699 -0.265064 0.959982 -0.0904251 0.354105 0.145516 0.132531 0.980439 -0.931983
1 132 46 0.969104 0.230799 -0.0870016 -0.121117 -0.24184 0.958461 -0.151214 0.429897 0.0484876 0.167582 0.984665 -0.894717
1 133 45 0.977668 0.200002 0.0645345 -0.32094 -0.180956 0.957307 -0.225428 0.534633 -0.106865 0.208716 0.97212 -0.78177
1 134 56 0.960379 0.206557 -0.187101 0.179356 -0.228023 0.968365 -0.101368 0.368564 0.160244 0.140015 0.977097 -0.912136
1 135 64 0.947327 0.210018 -0.241792 0.37184 -0.21251 0.977027 0.0160317 0.234784 0.239604 0.036196 0.970196 -0.898116
1 136 43 0.972239 0.19686 -0.12648 0.236235 -0.193386 0.980335 0.0393029 0.214295 0.131729 -0.0137525 0.99119 -0.947771
1 137 46 0.98515 0.163028 -0.0538672 0.24817 -0.16126 0.986266 0.0357053 0.17871 0.0589483 -0.0264884 0.99791 -0.952089
1 138 53 0.991897 0.120184 0.0411861 0.227033 -0.11887 0.992362 -0.0329915 0.274813 -0.0448365 0.0278284 0.998607 -0.934309
1 139 39 0.99544 0.0297994 0.0906131 0.290171 -0.0365657 0.996591 0.0739535 0.11798 -0.0881004 -0.0769296 0.993137 -0.949675
1 140 44 0.981274 -0.0527647 0.185251 0.222471 0.0400451 0.996619 0.0717463 0.209838 -0.18841 -0.0629844 0.980069 -0.95209
1 141 44 0.951859 -0.204714 0.228161 0.161797 0.175916 0.974353 0.140324 0.161389 -0.251035 -0.0934311 0.963458 -0.973538
1 142 43 0.940701 -0.289475 0.176876 0.136916 0.268019 0.953825 0.135588 0.182156 -0.207958 -0.0801413 0.974849 -0.97369
1 143 39 0.960559 -0.266242 0.0802664 0.194121 0.238396 0.937036 0.255209 -0.159678 -0.14316 -0.226008 0.963549 -0.967895
1 144 78 0.98521 -0.171013 0.010751 0.159461 0.169366 0.981401 0.090378 0.137397 -0.0260069 -0.0872205 0.99585 -0.977596
1 145 137 0.988733 0.0435073 -0.143225 0.3934 -0.0343563 0.997244 0.0657574 0.121119 0.145691 -0.0600959 0.987503 -0.911354
1 146 155 0.982891 0.0890222 -0.161244 0.475158 -0.0821993 0.995434 0.0485152 0.129424 0.164827 -0.034431 0.985721 -0.87033
1 147 191 0.948641 0.180416 -0.259867 0.69918 -0.158848 0.982029 0.101915 0.0614565 0.273584 -0.0554018 0.960251 -0.712299
1 148 175 0.918063 0.213089 -0.334296 0.902414 -0.176856 0.974838 0.135695 -0.0896567 0.3548 -0.0654543 0.932648 -0.421439
1 149 147 0.899196 0.272428 -0.342389 0.910141 -0.229856 0.959957 0.160152 -0.222261 0.372308 -0.0653078 0.925808 -0.349634
1 150 64 0.906947 0.306775 -0.28868 0.928491 -0.283604 0.951399 0.120035 -0.261859 0.311473 -0.0269946 0.949871 -0.263314
1 151 76 0.863633 0.294699 -0.409012 0.981682 -0.286104 0.95454 0.0836497 -0.190493 0.41507 0.0447772 0.908687 -0.00374546
1 152 66 0.853877 0.314924 -0.414388 0.963536 -0.321116 0.945338 0.0567491 -0.266159 0.409608 0.08461 0.908329 -0.0275138
1 153 22 0.426197 -0.793357 -0.434674 0.423656 0.834653 0.530164 -0.149267 0.0533338 0.34887 -0.299184 0.888132 0.904252
1 154 45 0.86827 0.372156 -0.328036 0.947137 -0.362118 0.927414 0.0936675 -0.316497 0.339084 0.0374594 0.94001 -0.0525496
1 155 41 0.816899 0.394371 -0.420889 0.948395 -0.379238 0.917058 0.12322 -0.313155 0.434574 0.0589587 0.898704 0.0498016
1 156 47 0.761198 0.440732 -0.475744 0.914828 -0.388036 0.897306 0.210406 -0.382052 0.519621 0.0244453 0.854047 0.130865
1 157 48 0.785264 0.392957 -0.478482 0.939563 -0.334633 0.919555 0.206007 -0.30329 0.520943 -0.00165395 0.85359 0.158861
1 158 43 0.740393 0.357803 -0.569029 0.930718 -0.266446 0.933428 0.240249 -0.266769 0.617109 -0.0262635 0.786439 0.250197
1 159 54 0.791206 0.338232 -0.509502 0.965392 -0.250543 0.939282 0.234471 -0.208948 0.557872 -0.0578628 0.827907 0.156072
1 160 43 0.802467 0.362884 -0.473668 0.959029 -0.255208 0.926277 0.277271 -0.236106 0.539365 -0.101617 0.835918 0.156577
1 161 63 0.797022 0.343845 -0.496514 0.962106 -0.231695 0.933287 0.274394 -0.236582 0.557739 -0.103659 0.823518 0.135575
1 162 49 0.813865 0.364387 -0.452599 0.95829 -0.256384 0.924204 0.283045 -0.279394 0.521432 -0.114321 0.8456 0.0601582
1 163 47 0.861666 0.309387 -0.402258 0.97597 -0.228377 0.94427 0.237063 -0.216672 0.453184 -0.112403 0.884302 -0.0231245
1 164 59 0.874793 0.266965 -0.40431 0.985344 -0.215298 0.961775 0.169223 -0.149745 0.434031 -0.0609879 0.898831 -0.0816909
1 165 76 0.906091 0.253853 -0.338465 0.956483 -0.205159 0.963274 0.173244 -0.12832 0.370013 -0.0875358 0.924894 -0.262057
1 166 94 0.950444 0.207662 -0.231373 0.806448 -0.179062 0.97402 0.138643 0.0324621 0.254153 -0.0903426 0.962935 -0.590413
1 167 94 0.909624 0.248207 -0.333132 0.902936 -0.205739 0.965798 0.157814 -0.0198516 0.360909 -0.0750134 0.929579 -0.429317
1 168 124 0.937271 0.219598 -0.270738 0.793826 -0.167765 0.964935 0.201882 -0.0922288 0.305577 -0.143797 0.941246 -0.601111
1 169 153 0.977344 0.144612 -0.15455 0.646787 -0.123737 0.982797 0.137112 -0.0110941 0.171719 -0.114882 0.978425 -0.76259
1 170 168 0.993549 0.0668435 -0.0916125 0.398248 -0.0524786 0.987124 0.151102 0.0617478 0.100533 -0.14532 0.984264 -0.915197
1 171 177 0.993322 0.0391031 -0.10855 0.347435 -0.0201274 0.985119 0.170689 0.0417455 0.113609 -0.167365 0.979327 -0.936774
1 172 199 0.988375 0.0796086 -0.129531 0.294715 -0.0570113 0.983854 0.169649 0.0701823 0.140945 -0.160292 0.976955 -0.953005
2 3 535 0.999945 -0.00897216 -0.00547726 0.997664 0.00897112 0.99996 -0.000212895 0.00226727 0.00547895 0.000163746 0.999985 0.0682708
2 4 529 0.995879 0.0233497 -0.0876347 0.992165 -0.024184 0.999672 -0.00847034 0.0892487 0.0874081 0.0105548 0.996117 0.0874252
2 5 390 0.995681 0.0397788 -0.0838906 0.997708 -0.0411508 0.999045 -0.0146886 -0.00031729 0.0832262 0.0180773 0.996367 0.0676722
2 6 305 0.990695 0.0512695 -0.126077 0.995274 -0.0502815 0.998674 0.0110085 -0.0176446 0.126474 -0.00456677 0.991959 0.0954935
2 7 196 0.990792 0.0431405 -0.128334 0.977726 -0.0464957 0.998648 -0.023263 -0.0776255 0.127156 0.0290157 0.991458 0.195004
2 8 137 0.985295 0.0646576 -0.158158 0.998106 -0.0682204 0.997522 -0.0171967 -0.0553071 0.156655 0.0277334 0.987264 -0.0269247
2 9 110 0.976712 0.105412 -0.186876 0.984906 -0.109122 0.993981 -0.00965007 -0.0207745 0.184734 0.0298177 0.982336 -0.17184
2 10 19 0.98703 0.0633467 0.147509 -0.234007 -0.0671164 0.99753 0.0207147 -0.169998 -0.145833 -0.0303463 0.988844 0.957257
2 11 89 0.89067 0.188696 -0.413644 0.995922 -0.185124 0.981487 0.0491183 0.0325084 0.415254 0.0328274 0.909113 -0.0841533
2 12 52 0.877119 0.243294 -0.414089 0.979776 -0.236474 0.969216 0.0685577 0.0143734 0.418021 0.0377878 0.907651 -0.199578
2 13 33 0.822998 0.263247 -0.503364 0.98252 -0.274609 0.960088 0.0531174 0.0158561 0.497257 0.0945127 0.86244 -0.185478
2 14 15 0.989192 0.146438 -0.00746395 -0.404749 -0.146089 0.988638 0.035387 0.0794453 0.0125611 -0.0339141 0.999346 -0.91097
2 15 21 -0.482814 -0.857171 -0.179301 -0.0987457 -0.836738 0.391136 0.383252 -0.267186 -0.258382 0.335067 -0.906073 0.958572
2 16 20 0.405861 0.911795 0.0625029 0.449253 -0.839751 0.399034 -0.368226 0.29403 -0.360687 0.0969614 0.927633 0.843634
2 17 14 0.626229 0.779546 0.0120043 0.347837 -0.770674 0.616627 0.160723 -0.268089 0.117889 -0.109901 0.986927 -0.898408
2 18 14 -0.692748 0.511096 0.508804 0.0381681 -0.569416 -0.820587 0.0490121 -0.0301785 0.442568 -0.255768 0.859486 0.998816
2 19 12 0.284965 0.860949 0.42138 0.211535 -0.936164 0.155551 0.31528 -0.236246 0.205894 -0.484324 0.850316 0.948388
2 20 23 -0.636347 0.755827 0.154232 0.13044 0.747483 0.653568 -0.11882 0.0136459 -0.190609 0.0396754 -0.980864 0.991362
2 21 12 0.982213 -0.0896498 0.164986 -0.255017 0.0884704 0.995973 0.0144987 0.0604715 -0.165621 0.000355561 0.986189 -0.965044
2 22 12 0.605663 0.723097 0.332119 -0.318387 -0.736931 0.667172 -0.108691 0.18161 -0.300174 -0.178919 0.936954 -0.930402
2 23 16 -0.814378 -0.233517 -0.531279 0.29722 -0.251216 0.967104 -0.0399992 0.0131753 0.523143 0.100891 -0.846252 0.954718
2 24 0 1 0 0 0 0 1 0 0 0 0 1 0
