0 1 24 0.999969 0.00784861 8.09057e-06 0.373508 -0.00784857 0.99996 0.00418855 -0.0613847 2.4784e-05 -0.00418848 0.999991 0.925594
0 2 483 0.999355 0.0135247 -0.0332683 0.920734 -0.0134324 0.999905 0.00299545 -0.0869924 0.0333056 -0.00254664 0.999442 0.380371
0 3 469 0.998285 0.00546573 -0.0582876 0.975128 -0.00582825 0.999965 -0.00605124 0.0628232 0.0582525 0.00638057 0.998281 0.212551
0 4 437 0.994102 0.0376461 -0.101709 0.969388 -0.0374059 0.999291 0.00426934 -0.0661454 0.101798 -0.000439636 0.994805 0.236456
0 5 315 0.987612 0.0566783 -0.146321 0.972228 -0.0601936 0.997992 -0.0197058 0.00405757 0.14491 0.0282693 0.989041 0.233999
0 6 215 0.990126 0.0615939 -0.12592 0.974777 -0.0587571 0.99793 0.026123 -0.096421 0.127268 -0.0184664 0.991696 0.201278
0 7 155 0.987405 0.0564358 -0.147807 0.96827 -0.0588989 0.998188 -0.0123372 -0.108725 0.146843 0.0208875 0.988939 0.225017
0 8 124 0.986031 0.068403 -0.151871 0.998374 -0.0723701 0.997162 -0.0207425 -0.0489378 0.150021 0.0314436 0.988183 0.0292156
0 9 97 0.96234 0.11216 -0.247634 0.998728 -0.118774 0.99285 -0.0118862 -0.0244107 0.24453 0.0408511 0.968781 -0.0441105
0 10 39 -0.935876 -0.293899 0.194317 0.104748 -0.258226 0.947376 0.189206 0.0204417 -0.239699 0.126895 -0.962519 0.994289
0 11 80 0.899052 0.198323 -0.39035 0.995485 -0.188874 0.979986 0.0628835 0.00941275 0.395009 0.0171914 0.918516 -0.0944532
0 12 36 0.982465 0.18132 0.0434333 0.219181 -0.183309 0.981918 0.0472675 0.211338 -0.0340774 -0.0544004 0.997938 -0.952521
0 13 57 0.0396951 0.993276 0.108749 0.000591948 0.821108 0.0295929 -0.570006 0.217509 -0.569392 0.111921 -0.814412 0.976058
0 14 30 0.983631 0.176867 0.034469 0.597615 -0.178964 0.98119 0.0723712 0.0800057 -0.0210206 -0.0773553 0.996782 0.797782
0 15 38 -0.883684 -0.413558 0.219254 -0.0479793 -0.319476 0.875218 0.363221 -0.0481076 -0.342108 0.250926 -0.905538 0.997689
0 16 42 -0.888526 0.457055 -0.0402721 0.324223 0.456967 0.873617 -0.167256 0.0164801 -0.0412626 -0.167014 -0.985091 0.945837
0 17 29 0.483549 -0.850944 0.20512 -0.114854 0.874888 0.462514 -0.143709 -0.19817 0.0274176 0.248947 0.968129 0.973415
0 18 13 0.185632 -0.91792 0.350661 0.241917 0.969114 0.112063 -0.219682 -0.128926 0.162354 0.38061 0.910372 0.961694
0 19 46 0.664887 -0.0465928 -0.74549 0.409077 -0.145028 -0.987112 -0.0676537 -0.118674 -0.732729 0.153099 -0.663075 0.90475
0 20 20 0.954447 -0.280416 -0.101975 -0.0943854 0.245307 0.931993 -0.266858 0.244303 0.169872 0.229687 0.958325 -0.965095
0 21 36 0.74736 0.65452 -0.114261 0.368247 -0.663837 0.742776 -0.0872027 0.273624 0.0277943 0.141022 0.989616 -0.888552
0 22 23 0.995885 -0.0814939 0.0396445 -0.54398 0.0822349 0.996461 -0.017432 0.0806368 -0.0380835 0.0206205 0.999062 -0.835215
0 23 30 -0.848478 -0.420449 -0.321417 0.398455 -0.496085 0.843412 0.206293 -0.0296789 0.184351 0.334485 -0.924194 0.916708
0 24 16 0.823645 -0.566631 0.0232208 0.17626 0.557512 0.816531 0.149861 -0.142597 -0.103876 -0.110486 0.988434 -0.97396
0 25 58 -0.0895132 0.57366 0.814188 -0.498032 0.356711 0.781707 -0.511557 0.29108 -0.929916 0.244639 -0.274604 0.816845
0 26 30 0.837807 -0.217938 -0.500582 0.113448 -0.240204 -0.970506 0.0205072 0.0780635 -0.490287 0.103061 -0.865446 0.990472
0 27 17 -0.244726 -0.966547 0.0767904 -0.0749324 0.914701 -0.256416 -0.312367 0.0039035 0.321608 -0.00620413 0.946853 0.997181
0 28 12 -0.754221 -0.653171 -0.0672176 0.169579 0.600328 -0.644466 -0.473571 0.27564 0.266004 -0.39753 0.878187 -0.946185
0 29 29 -0.506067 -0.789941 0.346251 -0.200988 -0.775847 0.592305 0.217342 -0.0862016 -0.376773 -0.158648 -0.912619 0.975793
0 30 19 0.917942 -0.350839 -0.185187 -0.00176185 0.342669 0.936418 -0.0754949 -0.347722 0.199899 0.00584194 0.979799 -0.937596
0 31 44 0.230117 0.753486 0.615878 -0.343037 0.946461 -0.0260498 -0.321766 0.298401 -0.226403 0.656948 -0.719139 0.890664
0 32 54 -0.18889 -0.86906 0.457226 -0.374573 -0.542398 0.480472 0.689167 -0.367919 -0.818612 -0.117821 -0.562132 0.851076
0 33 28 0.958376 0.258003 -0.122269 -0.0183261 0.252811 -0.965865 -0.0564989 -0.0262207 -0.132672 0.0232364 -0.990888 0.999488
0 34 28 -0.731456 0.351398 -0.584373 -0.118783 -0.207102 -0.930993 -0.300601 -0.0482397 -0.649678 -0.0988514 0.753755 0.991748
0 35 33 0.947702 -0.237563 -0.21313 0.0396521 -0.269309 -0.953604 -0.134583 0.0379837 -0.17127 0.184943 -0.96771 0.998491
0 36 19 0.952421 0.160048 -0.259381 0.434876 -0.214132 0.956985 -0.195773 0.178349 0.216891 0.242001 0.945724 -0.882652
0 37 39 0.792613 0.597417 -0.121891 0.0432821 0.509193 -0.75853 -0.406637 0.32769 -0.33539 0.26024 -0.905422 0.943793
0 38 28 -0.808003 -0.589101 0.00960181 0.140753 0.588429 -0.806046 0.0635697 -0.347401 -0.0297095 0.0570145 0.997931 -0.927093
0 39 48 -0.343234 0.539083 0.769142 -0.379464 0.351987 0.833039 -0.426791 0.249629 -0.870802 0.124239 -0.475678 0.890894
0 40 37 0.0435722 0.987826 -0.149334 0.210427 0.947852 -0.0881119 -0.306289 0.184758 -0.315719 -0.128201 -0.940152 0.959992
0 41 30 0.660394 0.478781 -0.578487 -0.103504 -0.232935 0.862985 0.448328 0.000761665 0.713877 -0.161324 0.681435 0.994629
0 42 21 -0.78178 -0.622406 0.0378231 -0.0781335 0.560153 -0.727646 -0.39593 0.122214 0.273951 -0.288343 0.917502 -0.989424
0 43 16 0.31812 0.946479 0.0545646 -0.0162656 -0.946152 0.313316 0.0814217 -0.126947 0.0599679 -0.0775283 0.995185 0.991776
0 44 38 0.592479 0.694356 0.408457 -0.11318 0.802803 -0.551018 -0.227788 -0.105723 0.0669012 0.46287 -0.883898 0.987934
0 45 40 -0.0144515 -0.998579 0.0513011 -0.130033 -0.987853 0.00631964 -0.155265 0.314358 0.15472 -0.0529218 -0.98654 0.940357
0 46 24 0.750467 -0.186956 -0.633914 0.142982 -0.18387 -0.98035 0.0714505 0.0575112 -0.634815 0.0629366 -0.770096 0.988053
0 47 18 -0.835727 -0.534669 -0.125261 -0.00349242 0.515374 -0.842411 0.157268 -0.302316 -0.189607 0.0668766 0.97958 -0.953201
0 48 15 0.72789 -0.601707 -0.328824 -0.013772 0.654975 0.752047 0.0737098 -0.206806 0.202939 -0.269024 0.94151 -0.978285
0 49 20 -0.872254 0.486938 0.0454342 0.297621 -0.487068 -0.856592 -0.170339 0.309507 -0.044026 -0.170708 0.984338 -0.903121
0 50 13 -0.872801 -0.459675 -0.164063 0.181227 0.486102 -0.848892 -0.207575 0.0026717 -0.0438546 -0.260924 0.964363 -0.983438
0 51 36 -0.615777 0.403548 0.676733 -0.414006 0.405764 0.898653 -0.166667 0.167656 -0.675406 0.171965 -0.717115 0.894701
0 52 32 -0.617359 0.484259 0.619969 -0.460423 0.435352 0.866712 -0.243471 0.23851 -0.655238 0.119595 -0.745896 0.855058
0 53 16 -0.391374 -0.912919 -0.115779 0.368047 0.919032 -0.39418 0.00145973 -0.0298257 -0.0469704 -0.105833 0.993274 -0.929329
0 54 38 -0.983626 -0.132468 -0.122199 -6.34154e-05 -0.158403 0.958848 0.235626 -0.166903 0.0859573 0.251124 -0.964131 0.985973
0 55 41 -0.352974 0.865343 -0.355797 0.0960564 0.935433 0.318527 -0.153314 -0.107506 -0.0193386 -0.38694 -0.921902 0.989553
0 56 39 0.741623 -0.667757 0.0639973 -0.182635 -0.608314 -0.709668 -0.355423 0.301508 0.282753 0.22466 -0.932512 0.935808
0 57 25 0.919197 0.368253 -0.139525 -0.178803 -0.352075 0.927214 0.127742 -0.216795 0.17641 -0.0682965 0.981944 -0.959703
0 58 26 0.621421 -0.760942 -0.186558 0.367579 0.684194 0.64308 -0.343988 -0.114093 0.381726 0.0861192 0.920255 0.922967
0 59 23 0.738538 0.663836 0.117826 -0.396199 -0.672802 0.714359 0.192428 0.0470427 0.0435705 -0.221389 0.974212 -0.916959
0 60 21 0.64853 -0.7541 -0.103649 0.169913 0.756297 0.653773 -0.0243976 0.0606295 0.086161 -0.0625668 0.994315 -0.983592
0 61 26 -0.22542 -0.938446 -0.261733 -0.0492486 0.925478 -0.122316 -0.35851 0.0930304 0.304428 -0.323043 0.896084 0.994445
0 62 31 -0.325154 0.943654 0.0615759 0.296339 -0.941944 -0.328957 0.0673044 0.264975 0.0837679 -0.0361167 0.995831 -0.91759
0 63 29 0.822668 0.351596 -0.446763 -0.0563066 -0.314821 0.936081 0.156972 -0.288931 0.473397 0.0115142 0.880774 0.955693
0 64 17 0.935758 0.302327 -0.181534 -0.195345 -0.301554 0.952894 0.0325224 -0.154809 0.182815 0.0243093 0.982847 -0.968439
0 65 14 -0.77866 -0.154158 0.608214 0.253232 0.0787593 -0.985695 -0.149003 -0.11855 0.622483 -0.0681204 0.779663 0.960114
0 66 47 -0.049658 -0.883955 0.464928 -0.553267 0.928743 -0.212097 -0.304058 0.0259829 0.367383 0.4167 0.831499 0.832598
0 67 25 -0.843933 0.534849 -0.0413893 -0.372992 -0.536442 -0.84105 0.0697442 -0.270169 0.00249213 0.0810624 0.996706 -0.887629
0 68 19 0.618353 0.781562 0.0824598 0.324473 -0.781908 0.622379 -0.035562 -0.270157 -0.0791152 -0.042486 0.99596 0.906494
0 69 22 0.424594 -0.894974 -0.136899 -0.0562033 0.905334 0.421271 0.0538612 0.0564202 0.00946711 -0.146808 0.98912 -0.996824
0 70 28 -0.169701 -0.960895 -0.218821 0.23061 0.972562 -0.199148 0.120263 0.0451797 -0.159138 -0.192408 0.968326 0.971997
0 71 34 0.568517 0.734213 -0.371106 0.241994 0.638507 -0.678248 -0.363715 0.0508005 -0.518746 -0.0301761 -0.854396 0.968947
0 72 13 -0.503076 -0.85057 0.153118 0.122286 0.769883 -0.521558 -0.367773 -0.0296236 0.392677 -0.0671349 0.917223 0.992053
0 73 14 -0.460237 -0.835393 0.300499 -0.249948 0.785917 -0.540809 -0.299767 -0.0915367 0.412936 0.0982039 0.90545 -0.963923
0 74 22 0.907073 -0.393809 -0.14877 0.415788 0.404567 0.91317 0.0494603 -0.155423 0.116375 -0.105052 0.987634 0.896083
0 75 50 -0.545708 -0.69079 -0.474353 0.40417 -0.837374 0.470969 0.277475 -0.125672 0.0317287 0.548632 -0.835462 0.906009
0 76 17 0.987599 0.12826 0.0905413 0.409621 -0.114913 0.983494 -0.139769 -0.129835 -0.106974 0.127631 0.986036 0.902969
0 77 19 0.725042 0.640342 0.253528 0.126298 -0.665577 0.746087 0.0190138 -0.134931 -0.176979 -0.182528 0.967141 0.982773
0 78 52 0.0442003 -0.25515 -0.965891 0.802644 -0.211247 -0.947361 0.240588 -0.32932 -0.976433 0.193408 -0.0957733 0.497304
0 79 56 -0.634551 -0.261798 0.727191 -0.301004 0.133833 0.889451 0.436997 -0.309065 -0.761206 0.374619 -0.529364 0.902151
0 80 40 -0.887353 -0.28153 -0.365164 0.540998 0.298341 -0.954398 0.0108387 -0.145929 -0.351563 -0.0993258 0.93088 -0.828267
0 81 20 -0.166972 -0.979167 0.115548 -0.0469373 0.978187 -0.179203 -0.105057 -0.309342 0.123574 0.0954864 0.987731 -0.949792
0 82 11 -0.401805 -0.869682 0.286716 0.169821 0.859188 -0.466354 -0.2105 0.177324 0.316779 0.161762 0.934604 0.96939
0 83 54 0.647031 0.545461 -0.532751 0.392225 0.0604351 -0.733214 -0.677307 0.461362 -0.760065 0.406042 -0.507377 0.795805
0 84 40 0.0391486 0.99885 0.0276897 -0.117406 0.893989 -0.0473908 0.445575 -0.171457 0.446375 0.00731066 -0.894816 0.978171
0 85 48 0.650595 -0.516011 -0.557188 0.0545078 -0.412573 -0.856142 0.311135 -0.238938 -0.637581 0.027458 -0.769894 0.969504
0 86 46 -0.611805 -0.784949 -0.0977242 -0.0282343 -0.749576 0.535859 0.388576 -0.235084 -0.252646 0.310985 -0.91622 0.971565
0 87 17 0.960961 -0.124078 0.247301 -0.380395 0.0673643 0.971834 0.225832 -0.0342264 -0.268357 -0.200357 0.942254 -0.924191
0 88 42 -0.0571577 0.957349 -0.283223 0.363552 0.98186 0.00253313 -0.189588 0.0547258 -0.180785 -0.288922 -0.940128 0.929965
0 89 33 0.685247 -0.299888 -0.663704 0.429188 -0.316207 -0.943426 0.0998069 -0.140374 -0.656087 0.141475 -0.741306 0.89224
0 90 19 -0.3144 -0.910172 0.269704 -0.330592 0.851884 -0.395874 -0.342896 0.200202 0.418863 0.12195 0.899823 -0.922295
0 91 40 0.520305 0.849066 0.0914843 0.0217722 0.837495 -0.486378 -0.249075 -0.0642583 -0.166985 0.206213 -0.964154 0.997696
0 92 53 0.124557 0.906208 -0.40407 0.397336 0.744833 -0.354448 -0.565323 0.226958 -0.655522 -0.23055 -0.719123 0.889165
0 93 35 -0.183404 -0.477193 -0.859447 0.74103 -0.462441 -0.729618 0.503791 -0.519456 -0.867474 0.489841 -0.0868584 0.425488
0 94 21 -0.894819 0.424712 0.137545 0.505181 -0.442792 -0.805112 -0.394626 -0.215932 -0.056863 -0.414022 0.908489 0.835563
0 95 27 -0.203293 -0.966066 -0.159339 0.413771 0.936588 -0.144428 -0.319287 -0.055639 0.285439 -0.214144 0.934167 -0.908679
0 96 19 0.406612 -0.875738 0.260287 -0.371833 -0.793922 -0.479674 -0.373632 0.383485 0.452057 -0.0547242 -0.890309 0.845387
0 97 23 0.828858 -0.521476 -0.202626 -0.380952 0.470362 0.845643 -0.252286 0.238995 0.302911 0.113802 0.9462 -0.893173
0 98 27 -0.993195 0.082051 0.0826526 0.316007 -0.0999476 -0.964803 -0.24324 0.0146081 0.0597854 -0.249845 0.966438 -0.948645
0 99 20 0.992663 0.0147063 -0.12002 0.09646 -0.0156997 0.99985 -0.0073356 0.0670028 0.119894 0.00916606 0.992744 -0.993079
0 100 25 -0.578012 -0.79221 0.195718 -0.341912 0.78562 -0.605094 -0.12908 0.0705126 0.220686 0.0791502 0.972128 -0.937083
0 101 15 0.907448 0.348085 -0.235319 0.144689 -0.320411 0.935591 0.148346 0.0262802 0.2718 -0.0592175 0.96053 -0.989128
0 102 17 -0.932598 -0.291085 0.213379 -0.180746 0.197853 -0.906788 -0.372276 0.10593 0.301853 -0.304966 0.903261 -0.977809
0 103 10 -0.968043 0.23001 -0.0999412 0.202859 -0.203942 -0.953937 -0.220026 0.037524 -0.145946 -0.192613 0.970361 -0.978489
0 104 16 -0.303149 0.921499 0.242777 0.0310917 -0.837461 -0.379186 0.393544 -0.184773 0.454708 -0.0840137 0.886669 -0.982289
0 105 36 0.366747 -0.846241 0.386488 -0.465378 -0.642356 -0.530852 -0.552788 0.17751 0.67296 -0.04553 -0.738277 0.867129
0 106 31 0.118115 -0.982707 -0.142605 -0.163207 -0.893171 -0.167895 0.4172 -0.150414 -0.433928 0.0780928 -0.897557 0.975058
0 107 29 0.630737 0.775929 -0.0102626 0.0438619 0.742968 -0.600022 0.296601 -0.325256 0.223983 -0.194702 -0.954946 0.944608
0 108 33 -0.36555 -0.88478 -0.28903 0.245988 -0.670752 0.465694 -0.577253 0.472808 0.645341 -0.0171476 -0.763702 0.846134
0 109 60 0.750324 -0.598546 -0.280636 0.20771 -0.562527 -0.355101 -0.746637 0.334899 0.347243 0.718085 -0.603139 0.919075
0 110 21 -0.327963 -0.944407 0.0231423 0.0220326 0.863442 -0.309605 -0.398261 0.37147 0.383285 -0.110633 0.91698 -0.928184
0 111 22 -0.951899 -0.251994 -0.174318 0.456105 0.293965 -0.911542 -0.287532 -0.195185 -0.0864424 -0.324945 0.941774 -0.868257
0 112 28 -0.496199 0.846324 -0.193707 0.176969 0.866529 0.46888 -0.171112 -0.0444965 -0.0539904 -0.252758 -0.966022 0.98321
0 113 44 -0.51827 0.397244 0.757359 -0.389282 0.584736 0.810833 -0.0251497 -0.003809 -0.624083 0.429821 -0.652514 0.921111
0 114 16 0.724979 -0.635037 -0.26671 -0.065824 0.626552 0.768869 -0.127566 0.0601092 0.286074 -0.0746255 0.955297 -0.996019
0 115 66 0.42854 0.859922 0.277285 -0.275917 0.553625 -0.00738005 -0.832733 0.378642 -0.714039 0.510372 -0.479237 0.883459
0 116 29 -0.915305 -0.393105 -0.0876645 0.322539 0.401209 -0.90901 -0.112836 -0.148427 -0.0353316 -0.138451 0.989739 -0.934847
0 117 36 0.175239 0.984198 0.025391 -0.291827 -0.980281 0.176818 -0.0882342 0.309579 -0.0913295 -0.0094282 0.995776 -0.904985
0 118 50 -0.550356 0.831839 -0.0717745 -0.0369767 0.738599 0.525142 0.422727 -0.145981 0.389333 0.179638 -0.90341 0.988596
0 119 23 -0.984933 0.0769458 0.154876 -0.184432 -0.108518 -0.97229 -0.207067 -0.0979941 0.134651 -0.220754 0.96599 0.977948
0 120 47 -0.517891 -0.705817 0.483334 -0.162935 -0.591018 0.703699 0.394343 -0.197831 -0.618455 -0.0814326 -0.781589 0.9666
0 121 56 -0.976884 0.113172 -0.181356 -0.137408 0.0796187 0.979949 0.182652 -0.220528 0.19839 0.16399 -0.966307 0.965653
0 122 33 0.9188 0.207662 0.335683 -0.315213 0.186676 -0.977913 0.0940093 -0.152303 0.347791 -0.0237118 -0.937272 0.93672
0 123 48 -0.25431 0.917662 0.305324 -0.247064 0.95927 0.199195 0.200308 -0.245801 0.122997 0.343828 -0.930943 0.937305
0 124 20 -0.252168 0.965573 -0.0638751 0.0406573 -0.953745 -0.236831 0.185153 0.0275501 0.163651 0.10761 0.980632 -0.998793
0 125 37 -0.77634 0.597649 0.200281 -0.264463 0.630231 0.730858 0.26202 -0.13659 0.0102191 0.32964 -0.944051 0.954674
0 126 25 -0.634249 -0.613295 -0.470741 -0.144005 0.747927 -0.64092 -0.172704 -0.301784 -0.195789 -0.461618 0.865203 0.942438
0 127 30 0.832079 0.391145 -0.393257 -0.0728516 -0.300474 0.913836 0.273166 -0.197428 0.46622 -0.109132 0.877912 -0.977607
0 128 22 -0.692475 0.684588 -0.227634 -0.268068 -0.67305 -0.726638 -0.13784 -0.0711732 -0.259771 0.0577583 0.963941 0.960767
0 129 21 -0.881495 -0.408224 -0.237317 0.35261 0.42862 -0.902625 -0.0394149 -0.116678 -0.198118 -0.136463 0.970632 -0.928468
0 130 34 0.92771 0.201325 -0.314359 0.449202 -0.217576 0.975893 -0.0171019 0.00859935 0.303338 0.0842627 0.94915 -0.893389
0 131 55 -0.529369 -0.814188 -0.238466 0.213581 -0.82922 0.437129 0.3483 -0.165299 -0.179341 0.38212 -0.906544 0.962839
0 132 28 0.156535 0.919931 -0.359477 0.161816 -0.974972 0.202105 0.0926497 -0.169215 0.157884 0.335977 0.928543 0.972205
0 133 32 0.465016 -0.831776 0.303163 -0.312718 -0.696367 -0.555111 -0.45489 0.360485 0.546656 0.000418211 -0.837357 0.878782
0 134 28 0.982584 0.158371 -0.0971924 -0.00420709 -0.155927 0.987241 0.0322941 0.0993795 0.101067 -0.0165768 0.994742 -0.995041
0 135 35 0.978888 0.203535 -0.0187369 -0.0389885 -0.200312 0.973526 0.110104 0.0603661 0.0406508 -0.104026 0.993743 -0.997415
0 136 15 -0.864623 -0.493951 -0.0918633 0.103834 0.49305 -0.869342 0.0338558 0.00479157 -0.0965838 -0.0160206 0.995196 0.994583
0 137 60 0.701649 -0.0449425 -0.711104 0.852358 -0.330539 0.863593 -0.380724 0.507901 0.631216 0.502182 0.591084 0.124587
0 138 25 0.807324 0.524647 -0.270136 0.315797 -0.519016 0.849127 0.0980152 -0.340012 0.280803 0.0610747 0.95782 -0.885813
0 139 50 -0.661398 -0.569288 0.488328 -0.446096 -0.450789 0.822079 0.347816 -0.222809 -0.599451 0.00991151 -0.80035 0.866807
0 140 67 -0.754875 0.251911 -0.605561 0.42304 -0.0542725 0.896138 0.440444 -0.268905 0.653619 0.365346 -0.662801 0.86529
0 141 45 0.785165 -0.46808 -0.405484 -0.0241643 -0.385187 -0.881817 0.272083 -0.232004 -0.484919 -0.0574424 -0.872671 0.972415
0 142 43 0.950535 -0.253312 0.179768 0.142406 0.236601 0.965434 0.109351 0.234178 -0.201254 -0.0614089 0.977612 -0.961707
0 143 55 0.867346 0.49113 0.080641 -0.0156465 0.465924 -0.744259 -0.478531 0.289862 -0.175003 0.452625 -0.87436 0.95694
0 144 28 0.983866 -0.177244 0.0243499 0.122953 0.174319 0.980336 0.0924837 0.15196 -0.0402633 -0.0867469 0.995416 -0.980709
0 145 89 0.989132 0.0525788 -0.137306 0.381959 -0.0392386 0.994401 0.0981183 0.0427675 0.141696 -0.0916642 0.985657 -0.923189
0 146 102 0.98279 0.0978435 -0.156687 0.478548 -0.091085 0.994599 0.0497657 0.140446 0.16071 -0.0346374 0.986394 -0.866757
0 147 156 0.950175 0.19262 -0.245082 0.677569 -0.168794 0.978924 0.114966 0.0334649 0.262061 -0.0678695 0.962662 -0.734697
0 148 178 0.939679 0.214144 -0.266732 0.791921 -0.180428 0.972788 0.14536 -0.136636 0.290601 -0.0884654 0.952746 -0.595141
0 149 173 0.872963 0.283887 -0.396667 0.965994 -0.239276 0.957855 0.158935 -0.175029 0.425069 -0.0438318 0.904099 -0.190319
0 150 96 0.913117 0.32236 -0.249604 0.940001 -0.301877 0.946078 0.117501 -0.284124 0.274022 -0.0319421 0.961193 -0.18887
0 151 85 0.891747 0.302156 -0.336882 0.964489 -0.286254 0.953209 0.0972201 -0.232217 0.350495 0.00973816 0.936514 -0.12584
0 152 85 0.881302 0.309522 -0.357075 0.968248 -0.320389 0.946812 0.0299649 -0.242299 0.347358 0.087995 0.933595 -0.0615397
0 153 37 0.921419 0.353946 0.160338 0.271826 -0.339295 0.933994 -0.111958 -0.00443671 -0.189382 0.0487579 0.980692 -0.962336
0 154 67 0.785984 0.4028 -0.469023 0.951234 -0.380877 0.913048 0.145861 -0.308229 0.486993 0.0639956 0.871058 0.0121604
0 155 53 -0.840599 -0.115763 -0.529143 0.301009 -0.0898815 0.993163 -0.0744921 -0.00259602 0.534148 -0.0150578 -0.845257 0.953618
0 156 58 0.880813 0.381571 -0.280308 0.93437 -0.368882 0.924196 0.0989284 -0.351774 0.296808 0.0162633 0.954799 0.0566387
0 157 69 0.732259 0.437698 -0.521744 0.920082 -0.357472 0.899121 0.252578 -0.339954 0.579664 0.00155621 0.814854 0.194627
0 158 30 0.970399 0.235386 -0.054036 0.290695 -0.233545 0.971593 0.0382558 0.0417635 0.0615059 -0.0245035 0.997806 0.955904
0 159 67 0.923556 0.370941 -0.0971941 0.829593 -0.345026 0.914451 0.211509 -0.423245 0.167337 -0.161806 0.972531 -0.364196
0 160 71 0.876238 0.344853 -0.336578 0.968326 -0.26899 0.929557 0.252129 -0.249525 0.399815 -0.130389 0.907274 -0.00904042
0 161 62 0.813854 0.335637 -0.474332 0.972023 -0.23928 0.937465 0.252795 -0.202881 0.529516 -0.09224 0.84327 0.118369
0 162 66 0.802177 0.346681 -0.486132 0.975388 -0.255398 0.935158 0.245463 -0.202255 0.539708 -0.0727472 0.838703 0.087818
0 163 83 0.86668 0.314603 -0.387157 0.978545 -0.240068 0.943326 0.229136 -0.20417 0.437302 -0.105644 0.893088 -0.0276532
0 164 71 0.907317 0.278952 -0.314583 0.965385 -0.231241 0.95596 0.180743 -0.198519 0.351147 -0.0912463 0.931864 -0.169178
0 165 69 0.850001 0.271535 -0.451405 0.970289 -0.191562 0.957575 0.215298 -0.176177 0.490715 -0.0965311 0.865956 -0.165836
0 166 77 0.895452 0.246901 -0.370412 0.943856 -0.19413 0.965387 0.174187 -0.0521366 0.400598 -0.0840677 0.912389 -0.326218
0 167 97 0.919424 0.268671 -0.287186 0.866022 -0.216829 0.955551 0.199769 -0.124741 0.328093 -0.121403 0.936812 -0.484196
0 168 99 0.935081 0.222756 -0.275688 0.828295 -0.174052 0.966171 0.190314 -0.0484123 0.308755 -0.129975 0.942219 -0.558197
0 169 131 0.968916 0.158351 -0.190069 0.730014 -0.132571 0.98102 0.141506 -0.0112388 0.208869 -0.11191 0.971519 -0.68334
0 170 96 0.982881 0.0923185 -0.159442 0.58283 -0.0683238 0.986335 0.149915 0.0766574 0.171103 -0.136455 0.975758 -0.80897
0 171 93 0.986006 0.0527185 -0.158158 0.496382 -0.0298604 0.98919 0.143566 0.138309 0.164017 -0.136834 0.976921 -0.857015
0 172 113 0.97649 0.109234 -0.185834 0.473207 -0.0761475 0.981316 0.176692 0.0636275 0.201663 -0.158387 0.966564 -0.878651
1 2 487 0.999576 0.00334612 -0.0289206 0.907185 -0.00322772 0.999986 0.00413974 -0.20148 0.0289341 -0.00404464 0.999573 0.369352
1 3 458 0.999769 -0.00579108 -0.0207174 0.951881 0.00586944 0.999976 0.00372359 -0.164022 0.0206954 -0.00384433 0.999778 0.258881
1 4 439 0.993284 0.0279314 -0.112284 0.9846 -0.028346 0.999596 -0.00209724 -0.0355445 0.11218 0.00526595 0.993674 0.171173
1 5 306 0.994219 0.0432205 -0.0982836 0.981325 -0.0448392 0.998892 -0.0143197 -0.0355813 0.0975558 0.0186438 0.995055 0.189035
1 6 224 0.992625 0.0520369 -0.10949 0.96064 -0.0516977 0.998645 0.00593649 -0.0279093 0.109651 -0.000232301 0.99397 0.276391
1 7 179 0.985275 0.0501664 -0.163454 0.973609 -0.0540975 0.998342 -0.0196856 -0.0921145 0.162196 0.0282382 0.986355 0.208808
1 8 135 0.976151 0.0736643 -0.204213 0.996277 -0.0775523 0.996927 -0.0110904 -0.0789645 0.202769 0.0266631 0.978864 0.0345903
1 9 100 0.972941 0.103775 -0.206438 0.99666 -0.109177 0.99391 -0.0149144 -0.0256579 0.203633 0.037049 0.978346 -0.077525
1 10 54 0.946245 0.252714 0.201883 -0.577839 -0.274051 0.957916 0.0853972 0.125682 -0.171806 -0.136133 0.97568 -0.806416
1 11 86 0.904211 0.190411 -0.382291 0.992908 -0.180751 0.981611 0.0613973 0.00601093 0.386952 0.0135836 0.922 -0.118734
1 12 78 0.871734 0.192483 -0.450589 0.981727 -0.226383 0.97379 -0.0219874 0.159032 0.434547 0.121173 0.892461 -0.104501
1 13 38 0.984358 0.176011 0.00772723 0.0914936 -0.176112 0.984249 0.0154339 0.156536 -0.004889 -0.0165533 0.999851 -0.983425
1 14 36 0.972476 0.22346 0.0659938 -0.825439 -0.226476 0.973096 0.0423501 0.189582 -0.0547548 -0.0561305 0.996921 -0.531703
1 15 26 0.186933 -0.979306 -0.0775577 -0.108211 0.98237 0.186176 0.0169474 -0.229743 -0.00215731 -0.0793584 0.996844 -0.967217
1 16 17 -0.335685 0.901492 0.273181 -0.349256 -0.882807 -0.402242 0.242598 0.147497 0.328585 -0.15973 0.93087 -0.925346
1 17 23 0.799151 0.137153 0.585275 0.197752 -0.226356 0.970619 0.0816179 -0.191498 -0.556885 -0.197706 0.806717 0.961365
1 18 16 0.000719508 -0.975752 0.218877 -0.325739 0.994437 0.0237522 0.102618 0.186622 -0.105329 0.217586 0.970341 -0.926858
1 19 20 0.218063 -0.921965 0.320044 0.336212 0.975026 0.219959 -0.0306923 -0.21419 -0.0420993 0.318744 0.946905 0.917106
1 20 32 0.999034 -0.0150373 0.0412952 0.0188827 -0.0303611 -0.915516 0.401135 -0.259529 0.0317744 -0.402001 -0.915088 0.965551
1 21 52 0.705135 -0.626656 0.331794 -0.368247 -0.705774 -0.665362 0.243261 -0.273624 0.068322 -0.405704 -0.911447 0.888552
1 22 17 0.623388 0.774668 0.10619 -0.284974 -0.762037 0.632339 -0.139452 0.192289 -0.175177 0.00601164 0.984519 -0.93905
1 23 0 1 0 0 0 0 1 0 0 0 0 1 0
1 24 51 0.570438 0.82123 -0.0134611 -0.144931 0.660804 -0.468614 -0.586293 0.242289 -0.487789 0.325548 -0.809987 0.959318
1 25 16 -0.866511 0.238742 -0.438361 -0.0316484 -0.25531 -0.966614 -0.0217669 -0.146149 -0.428923 0.0930568 0.898535 0.988756
1 26 17 -0.0786957 0.972202 -0.220523 -0.209398 -0.995895 -0.0865933 -0.0263622 -0.124953 -0.0447252 0.217543 0.975025 -0.969814
1 27 37 0.74047 0.522822 -0.422329 0.344757 0.439186 -0.852064 -0.284787 0.246202 -0.508744 0.0253956 -0.860543 0.90583
1 28 19 -0.172643 0.981468 0.0831583 0.0979008 -0.901772 -0.191456 0.387495 -0.183471 0.396235 -0.00809162 0.918114 -0.978138
1 29 26 -0.722769 0.556986 -0.409111 0.0396537 -0.332486 -0.799218 -0.500703 0.00151533 -0.605853 -0.225869 0.76284 0.999212
1 30 50 0.175535 -0.574806 0.799241 -0.339887 -0.854978 0.313469 0.41322 -0.14762 -0.488058 -0.755867 -0.436422 0.928808
1 31 32 0.142209 -0.905876 -0.398955 0.22349 -0.986484 -0.0965604 -0.132383 0.0688273 0.0813991 0.412389 -0.907364 0.972273
1 32 18 -0.243448 0.967992 -0.0610331 0.240267 -0.946951 -0.223602 0.230838 0.114643 0.209802 0.113993 0.971076 -0.963913
1 33 13 -0.244576 0.96963 0.000959402 0.032036 -0.95772 -0.241417 -0.156495 0.347377 -0.15151 -0.0391936 0.987678 -0.937178
1 34 36 0.898054 0.425137 -0.112951 0.170439 -0.2693 0.73439 0.623016 -0.71306 0.347817 -0.529085 0.774011 -0.68007
1 35 45 -0.356259 -0.779563 0.515133 -0.441344 -0.710324 0.584129 0.392726 -0.181922 -0.607058 -0.225999 -0.761843 0.878704
1 36 40 0.192184 0.871617 -0.450942 0.30655 0.896478 -0.342867 -0.280658 0.173583 -0.39924 -0.350322 -0.84728 0.935893
1 37 36 0.722135 0.345325 -0.599393 0.227938 0.156302 -0.92553 -0.344912 0.0288008 -0.673863 0.155387 -0.722332 0.973249
1 38 23 -0.632576 0.722283 0.279562 -0.105122 -0.712764 -0.684126 0.154724 0.0010034 0.30301 -0.101387 0.947579 0.994459
1 39 21 -0.04196 -0.855489 -0.516119 -0.251077 0.90892 0.181807 -0.375248 0.0303439 0.414855 -0.484856 0.769942 0.967491
1 40 36 -0.938729 -0.344126 0.0190998 0.127003 -0.337735 0.929516 0.148103 0.101463 -0.0687196 0.132578 -0.988788 0.986699
1 41 47 0.488446 -0.871433 0.0449924 -0.294966 -0.854949 -0.467615 0.224497 0.00895166 -0.174595 -0.148121 -0.973435 0.955466
1 42 53 -0.776164 0.630491 0.00710511 0.0911491 0.482355 0.600984 -0.637301 0.275807 -0.406082 -0.491223 -0.770583 0.956881
1 43 57 -0.0977857 -0.989982 -0.101847 -0.0400111 -0.750269 0.00609514 0.661105 -0.199659 -0.653861 0.141059 -0.743349 0.979048
1 44 50 -0.294064 0.543764 0.786032 -0.360816 0.458925 0.80172 -0.382928 0.158996 -0.8384 0.248124 -0.485304 0.918984
1 45 43 0.170911 0.971435 0.164632 -0.130033 0.880987 -0.0758505 -0.467021 0.314358 -0.441193 0.224857 -0.868785 0.940357
1 46 15 -0.942228 0.29199 -0.164162 0.23093 -0.300301 -0.95344 0.0277618 -0.0214248 -0.148412 0.075456 0.986043 -0.972734
1 47 16 -0.970559 -0.235701 -0.0496079 0.00332655 0.221875 -0.955029 0.1967 0.303733 -0.0937393 0.179902 0.979208 0.952751
1 48 45 0.480749 0.340252 0.808152 -0.359585 -0.694821 -0.414388 0.587799 -0.275265 0.534888 -0.844104 0.0371975 0.891587
1 49 13 -0.917471 0.0705178 -0.391501 -0.210444 0.0398035 -0.96295 -0.266726 -0.0283977 -0.395805 -0.260297 0.880672 0.977193
1 50 12 0.974908 0.105368 -0.196091 -0.19267 -0.103221 0.994433 0.0211661 -0.112664 0.19723 -0.000394151 0.980357 0.974774
1 51 17 0.523899 -0.746282 -0.410601 -0.163363 0.831958 0.551719 0.0587534 0.253242 0.18269 -0.372384 0.90992 0.95351
1 52 19 -0.920283 -0.391014 -0.0136593 -0.168629 0.390002 -0.913992 -0.111879 0.114319 0.0312617 -0.108287 0.993628 -0.979028
1 53 15 -0.904645 -0.313873 -0.288274 0.309894 0.337757 -0.94055 -0.0358581 -0.0600013 -0.259881 -0.129805 0.956876 -0.948876
1 54 16 -0.797318 0.420406 -0.433063 -0.347847 -0.414709 -0.902911 -0.112995 0.236168 -0.438521 0.0895023 0.894253 0.907319
1 55 31 0.77967 0.581288 -0.23285 0.0942357 0.615449 -0.779925 0.113749 -0.178923 -0.115485 -0.231994 -0.965838 0.97934
1 56 18 0.93559 -0.320109 -0.149001 -0.118736 0.334162 0.939045 0.0808148 0.0324694 0.114049 -0.1254 0.985529 0.992395
1 57 17 -0.440667 -0.897397 0.0221782 -0.120018 0.890306 -0.440077 -0.116996 0.182112 0.114752 -0.0318107 0.992885 0.975926
1 58 29 0.615625 0.751689 0.236581 -0.368978 -0.787265 0.599957 0.142355 0.119149 -0.0349314 -0.273889 0.961127 -0.921769
1 59 61 0.623606 -0.209483 -0.753149 0.396199 -0.37061 -0.927501 -0.0488867 -0.0470427 -0.688305 0.30961 -0.656031 0.916959
1 60 22 -0.946747 0.164438 0.276823 -0.122603 -0.24581 -0.924432 -0.291551 -0.132819 0.207962 -0.344071 0.915624 0.983528
1 61 32 0.146624 -0.712595 -0.686083 -0.0492486 0.613889 0.609407 -0.50176 0.0930304 0.775655 -0.347609 0.526808 0.994445
1 62 20 -0.857575 -0.491784 0.150714 -0.275864 0.502928 -0.863143 0.0452408 0.0553258 0.107839 0.114595 0.987542 0.959603
1 63 12 -0.951171 0.2978 0.0811742 0.0638219 -0.308651 -0.91519 -0.259155 0.252992 -0.00288653 -0.271555 0.962419 -0.965361
1 64 72 -0.124521 0.733266 -0.668442 0.204829 0.306322 -0.612367 -0.728816 0.378631 -0.943748 -0.295512 -0.148363 0.902598
1 65 36 0.0822023 0.923273 -0.375246 0.269805 0.952194 -0.183917 -0.243929 0.061962 -0.294227 -0.337255 -0.894254 0.960919
1 66 20 0.928849 -0.368594 0.037134 -0.052091 0.365613 0.928241 0.0685301 -0.259414 -0.059729 -0.0500774 0.996958 0.96436
1 67 71 0.651993 0.442674 -0.615585 0.372992 0.0529914 -0.836495 -0.545407 0.270169 -0.756371 0.322981 -0.568847 0.887629
1 68 60 0.534883 -0.494852 -0.684851 0.307218 -0.056923 -0.829809 0.555136 -0.241019 -0.843006 -0.257949 -0.472019 0.920612
1 69 25 0.677873 0.73509 -0.0114554 0.163178 -0.709067 0.657833 0.253927 -0.26924 0.194195 -0.164007 0.967156 -0.949148
1 70 44 -0.781525 -0.520846 -0.34342 0.229652 0.289869 -0.790592 0.539388 0.0455426 -0.552444 0.321999 0.768845 0.972207
1 71 19 0.310728 -0.949266 0.0483847 0.241994 0.933261 0.314348 0.173806 0.0508005 -0.180198 -0.00885107 0.98359 0.968947
1 72 41 0.10196 0.99453 0.0226735 0.315026 -0.866461 0.0999811 -0.489132 0.00170311 -0.488723 0.030226 0.871915 0.949081
1 73 15 -0.0185097 -0.997563 0.0672769 -0.101325 0.942188 -0.0399199 -0.332699 0.186514 0.334574 0.0572293 0.94063 -0.977213
1 74 26 -0.731047 -0.675103 0.0990273 0.270587 0.479213 -0.611307 -0.629808 0.176254 0.485722 -0.412964 0.770412 0.946423
1 75 15 0.439816 -0.823677 0.357935 -0.441354 0.863593 0.497279 0.0831875 0.106619 -0.246513 0.272523 0.930033 -0.890977
1 76 31 -0.0188202 0.970605 0.23994 0.222255 -0.999778 -0.0160049 -0.0136767 0.297772 -0.0094345 -0.240145 0.970691 -0.928404
1 77 17 0.358923 0.867242 0.345059 -0.346543 -0.933094 0.324458 0.15512 -0.178219 0.0225701 -0.377648 0.925674 -0.920949
1 78 24 0.744827 -0.608295 0.274244 -0.135706 0.431221 0.75246 0.497848 0.00334566 -0.509196 -0.252551 0.822762 0.990743
1 79 25 0.565888 -0.810806 -0.149544 0.256582 0.796338 0.584492 -0.155615 0.249942 0.213581 -0.0310263 0.976433 -0.933646
1 80 36 -0.376802 0.919147 -0.114843 0.109717 0.915743 0.350976 -0.195527 -0.00774139 -0.139411 -0.178841 -0.973951 0.993933
1 81 0 1 0 0 0 0 1 0 0 0 0 1 0
1 82 23 0.110822 -0.993745 0.0137754 -0.210142 0.993822 0.110893 0.00454924 -0.224854 -0.00604838 0.0131861 0.999895 -0.951462
1 83 30 0.83987 0.435998 0.323302 -0.229256 0.388052 -0.898778 0.203996 0.0305877 0.379519 -0.045872 -0.924046 0.972885
1 84 34 -0.612518 0.652743 -0.445812 0.433122 0.625564 0.745063 0.231411 -0.381021 0.48321 -0.13714 -0.864697 0.81684
1 85 22 0.803406 0.583148 -0.120323 0.318429 -0.56054 0.808882 0.177497 -0.338765 0.200834 -0.0751564 0.976738 -0.885348
1 86 26 0.506026 -0.500887 -0.702175 0.619806 0.651173 0.755712 -0.0698056 0.080215 0.565607 -0.421914 0.708574 -0.780645
1 87 22 -0.728655 -0.684814 -0.00952937 0.411671 0.671936 -0.712122 -0.203431 -0.108788 0.132527 -0.154634 0.979043 -0.904816
1 88 18 -0.780324 0.600486 0.174672 -0.183203 -0.613285 -0.789439 -0.0258413 -0.00565392 0.122376 -0.127288 0.984287 0.983059
1 89 33 -0.356013 0.763407 -0.538948 0.15295 0.829952 0.523355 0.193078 -0.0969152 0.429458 -0.378563 -0.819912 0.98347
1 90 38 0.947953 0.252452 -0.194043 -0.0664013 0.192059 -0.939415 -0.283925 0.076675 -0.253965 0.23188 -0.939007 0.994843
1 91 20 0.963163 0.157294 -0.218119 0.213915 -0.150318 0.987456 0.0483194 -0.249717 0.222983 -0.0137522 0.974725 0.944395
1 92 25 -0.94059 -0.294709 0.168631 0.310617 0.189649 -0.867939 -0.459037 0.16676 0.281644 -0.399785 0.872266 0.935793
1 93 25 -0.876118 0.417356 0.241312 0.326636 -0.458084 -0.87669 -0.146878 0.0728728 0.150256 -0.239223 0.959268 -0.942337
1 94 30 -0.806963 -0.433221 -0.401411 0.241077 -0.59034 0.611911 0.526368 -0.139857 0.0175945 0.661728 -0.749537 0.960376
1 95 17 0.386677 0.920538 0.0555953 -0.390156 -0.907211 0.368863 0.202258 0.186617 0.165679 -0.128645 0.977753 -0.901639
1 96 29 0.753103 0.130439 -0.644842 0.480755 0.178681 -0.98386 0.00966307 -0.119686 -0.633174 -0.122498 -0.764255 0.868648
1 97 27 0.174947 -0.978339 -0.110665 -0.34945 0.981755 0.164836 0.0947911 0.221502 -0.0744963 -0.125229 0.989327 -0.910396
1 98 41 -0.733033 0.454442 -0.506108 0.596773 0.296965 0.883223 0.362944 -0.320379 0.611944 0.115753 -0.782385 0.735676
1 99 32 -0.717956 0.493864 -0.490548 0.633613 -0.275029 0.446123 0.851665 -0.722317 0.639452 0.746373 -0.184469 0.277113
1 100 51 -0.800751 0.247585 0.545436 -0.321589 0.178243 0.96782 -0.177636 -0.00303788 -0.571863 -0.045022 -0.819113 0.946875
1 101 26 -0.613803 -0.786219 0.0714527 -0.00610866 0.771303 -0.616525 -0.158076 -0.275257 0.168335 -0.0419161 0.984838 -0.961351
1 102 27 0.174467 -0.874266 -0.453011 0.434979 0.954118 0.263803 -0.141655 0.0946824 0.24335 -0.407512 0.880179 -0.895449
1 103 19 0.965905 -0.245914 -0.080955 -0.264387 0.258831 0.924262 0.280619 -0.24149 0.00581552 -0.292005 0.956399 -0.933693
1 104 17 -0.105177 0.871952 0.478161 -0.43817 -0.989063 -0.141719 0.0408775 0.00331515 0.103408 -0.468632 0.87732 -0.898886
1 105 29 -0.980797 -0.120498 0.153356 -0.162471 -0.0408077 0.895693 0.442796 -0.215273 -0.190716 0.428035 -0.88341 0.962944
1 106 44 0.286558 0.801888 -0.524272 0.184241 0.919916 -0.383174 -0.0832653 -0.139338 -0.267657 -0.458425 -0.84747 0.972954
1 107 46 0.674346 0.639283 0.36956 -0.40854 0.707546 -0.416215 -0.571089 0.229595 -0.211272 0.646593 -0.732996 0.883392
1 108 28 0.752081 -0.62159 0.219091 -0.403749 -0.472392 -0.740208 -0.478474 0.27563 0.459587 0.256355 -0.85033 0.872362
1 109 38 -0.770756 0.603112 -0.205405 -0.211224 0.633357 0.760317 -0.144141 0.0429739 0.06924 -0.241192 -0.968004 0.976493
1 110 34 -0.91051 0.347109 0.224693 -0.209326 0.349144 0.936525 -0.0319439 0.109514 -0.221519 0.0493649 -0.973906 0.971694
1 111 38 -0.473388 0.747756 0.46558 -0.430744 0.764137 0.085683 0.639338 -0.245242 0.438176 0.658422 -0.611949 0.868513
1 112 21 -0.769593 0.543467 0.335216 -0.164642 -0.584814 -0.810673 -0.0283262 -0.119716 0.256356 -0.217839 0.941715 0.979061
1 113 27 0.844581 0.514789 -0.147224 -0.138291 -0.531543 0.839198 -0.114934 0.133563 0.0643834 0.175327 0.982403 -0.981344
1 114 21 0.301528 -0.952256 -0.0478499 -0.0833161 0.945634 0.305093 -0.112667 0.562081 0.121886 -0.0112764 0.99248 -0.822875
1 115 38 0.0251501 0.825098 0.564429 -0.34287 -0.859996 0.305718 -0.408587 0.0143619 -0.509681 -0.475131 0.71727 0.939273
1 116 32 -0.0896938 0.995108 -0.0414179 0.268595 -0.975684 -0.0794408 0.204277 -0.299916 0.199987 0.0587331 0.978037 -0.915373
1 117 41 0.650045 -0.706738 -0.279216 0.00113892 -0.60824 -0.704171 0.366315 -0.300319 -0.455505 -0.0682909 -0.88761 0.953838
1 118 53 0.687332 0.718245 -0.108167 -0.125847 0.56078 -0.619389 -0.549439 0.241353 -0.461629 0.316989 -0.828503 0.962243
1 119 23 0.905467 0.415563 -0.086237 -0.340545 -0.42375 0.896572 -0.128821 -0.106125 0.0237845 0.153186 0.987911 0.93422
1 120 20 0.308126 0.94138 -0.137337 0.226853 -0.921228 0.331282 0.203939 -0.249601 0.237482 0.0636794 0.969303 -0.941402
1 121 30 0.898231 -0.217317 -0.382039 0.204703 0.314881 0.924601 0.21439 -0.290291 0.306643 -0.312869 0.898934 -0.934788
1 122 19 -0.113699 0.986705 -0.11613 -0.160431 -0.982022 -0.129342 -0.137493 -0.24043 -0.150686 0.0984091 0.983671 0.957317
1 123 24 0.177723 -0.963323 -0.201055 -0.312708 0.913139 0.237599 -0.331245 -0.120163 0.366866 -0.124721 0.921875 0.942218
1 124 51 0.414629 -0.867242 0.275633 -0.332392 -0.790752 -0.493268 -0.362489 0.108655 0.450327 -0.0676592 -0.890296 0.936862
1 125 37 -0.723522 0.674789 0.145519 -0.254426 0.676146 0.650288 0.346342 -0.165863 0.139079 0.348978 -0.926753 0.952763
1 126 22 -0.630912 -0.577148 -0.518508 -0.284707 0.721894 -0.681565 -0.119742 -0.165949 -0.284288 -0.449854 0.846647 0.944141
1 127 18 -0.461719 -0.812644 -0.355564 -0.216563 0.880002 -0.469998 -0.0685442 -0.194082 -0.111413 -0.344545 0.932135 0.956782
1 128 20 -0.285788 0.958293 0.000441962 -0.263285 -0.94349 -0.281292 -0.17522 -0.343859 -0.167787 -0.0504926 0.984529 0.901356
1 129 46 -0.79973 0.586726 -0.12722 0.00188753 0.555735 0.803645 0.212871 -0.19855 0.227136 0.0995383 -0.968763 0.980089
1 130 56 0.788856 0.303164 -0.5346 0.220136 0.611902 -0.468517 0.637234 -0.352655 -0.0572828 -0.829809 -0.5551 0.909492
1 131 42 0.0117355 0.824441 0.565826 -0.028393 0.747956 0.368321 -0.552178 -0.0200044 -0.663644 0.429694 -0.612323 0.999397
1 132 20 0.887764 0.373573 -0.268921 0.209557 -0.345734 0.926869 0.146227 0.0116239 0.303881 -0.03684 0.951998 -0.977727
1 133 12 -0.863618 -0.21911 0.454042 -0.0418386 0.064077 -0.941018 -0.332235 0.333479 0.500057 -0.257831 0.82672 -0.941829
1 134 30 0.974968 0.199773 0.097613 -0.367781 -0.198526 0.979839 -0.0224236 0.223674 -0.100125 0.00248352 0.994972 -0.902611
1 135 42 0.666226 0.64412 0.375835 -0.123592 -0.67337 0.73617 -0.0680227 0.172408 -0.320493 -0.207757 0.924187 0.977241
1 136 45 -0.792396 0.421546 0.440918 -0.0640285 0.363827 0.906768 -0.213077 0.12265 -0.489632 -0.00842386 -0.871888 0.990382
1 137 42 -0.336872 -0.828852 0.446679 -0.299388 -0.909562 0.409084 0.0731266 0.0168496 -0.24334 -0.381648 -0.891701 0.953983
1 138 63 0.358089 0.849996 0.386367 -0.317263 0.793071 -0.0585075 -0.606313 0.34083 -0.492758 0.52353 -0.695058 0.884974
1 139 18 -0.964743 0.230509 0.127028 -0.240952 -0.244291 -0.963862 -0.106268 -0.117805 0.0979414 -0.133553 0.98619 -0.963361
1 140 53 0.686085 -0.718417 0.114736 -0.166266 -0.687958 -0.589357 0.423522 -0.207435 -0.236646 -0.369505 -0.89859 0.964016
1 141 33 0.928371 -0.319511 0.189843 -0.154654 0.302398 0.946347 0.11394 -0.249034 -0.216062 -0.0483708 0.975181 0.956067
1 142 41 0.965472 -0.244005 0.0912408 0.356328 0.23834 0.968748 0.0687073 0.300195 -0.105154 -0.0445886 0.993456 -0.884824
1 143 28 0.917945 -0.318983 0.235851 -0.17369 0.223255 0.906822 0.357536 -0.371996 -0.327923 -0.275543 0.903627 -0.911839
1 144 50 0.982432 -0.186621 -0.000560365 0.174976 0.186408 0.981154 0.0508828 0.24391 -0.00894601 -0.0500934 0.998704 -0.953882
1 145 80 0.990998 0.0455957 -0.125875 0.347783 -0.0349423 0.995718 0.0855833 0.0672713 0.129238 -0.0804145 0.988348 -0.935158
1 146 116 0.979189 0.0838435 -0.184822 0.533007 -0.0762625 0.995943 0.0477647 0.122888 0.188077 -0.0326757 0.981611 -0.837139
1 147 165 0.964851 0.174826 -0.196211 0.534574 -0.154365 0.98127 0.115246 0.0166988 0.212684 -0.0809072 0.973766 -0.844957
1 148 193 0.920242 0.217758 -0.325171 0.883374 -0.177175 0.972686 0.149973 -0.14374 0.348947 -0.0803997 0.933687 -0.446082
1 149 181 0.90381 0.265016 -0.335998 0.90668 -0.224068 0.962 0.156044 -0.214044 0.364584 -0.0657473 0.928847 -0.363479
1 150 108 0.904384 0.305897 -0.297517 0.936174 -0.281065 0.951635 0.124067 -0.272165 0.321079 -0.0285826 0.946621 -0.222495
1 151 92 0.90866 0.287377 -0.302907 0.957773 -0.274228 0.957805 0.086069 -0.235382 0.31486 0.00485819 0.949126 -0.165123
1 152 95 0.878767 0.295936 -0.374421 0.970845 -0.309335 0.950616 0.0253419 -0.235053 0.36343 0.0935518 0.926912 -0.0470067
1 153 33 0.666107 0.646075 -0.372678 0.373463 -0.711631 0.700141 -0.0581718 0.125302 0.223343 0.303958 0.926136 -0.919143
1 154 62 0.852831 0.375481 -0.362897 0.9483 -0.363496 0.925809 0.103675 -0.316243 0.374901 0.043494 0.926044 -0.026799
1 155 57 0.86207 0.384294 -0.330382 0.944801 -0.37381 0.922367 0.0974931 -0.32746 0.3422 0.0394544 0.938798 0.0109868
