0 1 819 0.999965 0.00796748 0.00260458 0.00442846 -0.00797747 0.999961 0.00384585 -0.111023 -0.00257384 -0.00386649 0.999989 0.993808
0 2 7126 0.999533 0.0106006 -0.0286638 0.920322 -0.0105342 0.999941 0.00246869 -0.0731166 0.0286883 -0.00216559 0.999586 0.384267
0 3 6787 0.999043 0.00580941 -0.0433495 0.955919 -0.00573125 0.999982 0.00192727 -0.0338139 0.0433599 -0.00167698 0.999058 0.291676
0 4 5992 0.991999 0.0388068 -0.12013 0.972216 -0.0389136 0.999242 0.00145749 -0.0406827 0.120095 0.00322884 0.992757 0.230525
0 5 4666 0.991222 0.0538731 -0.120731 0.979703 -0.0547593 0.998491 -0.00403269 -0.0699691 0.120332 0.0106085 0.992677 0.187846
0 6 3653 0.990965 0.0558069 -0.121959 0.982218 -0.0548473 0.998432 0.0112142 -0.028074 0.122393 -0.00442372 0.992472 0.185634
0 7 2440 0.981265 0.0568621 -0.18408 0.973231 -0.0603305 0.99809 -0.0132921 -0.0921607 0.182973 0.0241488 0.982821 0.210544
0 8 1722 0.978025 0.0812828 -0.19199 0.994648 -0.0834311 0.996509 -0.00311834 -0.088935 0.191066 0.0190677 0.981392 0.0525839
0 9 1265 0.956474 0.127237 -0.262618 0.996948 -0.129828 0.991508 0.00753643 -0.0641737 0.261346 0.0268868 0.964871 -0.0444608
0 10 785 0.977094 0.127916 -0.170073 0.967807 -0.124137 0.991726 0.032719 0.00853046 0.172851 -0.0108572 0.984888 -0.251548
0 11 606 0.920301 0.175609 -0.349582 0.989585 -0.176013 0.983903 0.0308865 0.0749286 0.349379 0.0331062 0.936396 -0.122914
0 12 451 0.988376 0.148461 0.0327524 0.439339 -0.149684 0.987976 0.0387041 0.166181 -0.0266125 -0.0431567 0.998714 -0.882817
0 13 215 0.994204 0.106094 0.0174096 -0.307728 -0.106179 0.994339 0.00403084 0.136851 -0.0168834 -0.005856 0.99984 -0.941581
0 14 179 0.997361 0.0583835 -0.0431598 -0.253804 -0.0577808 0.998215 0.0150837 0.107229 0.0439634 -0.0125501 0.998954 -0.961294
0 15 128 0.995925 0.0900475 0.00496724 -0.297132 -0.0901724 0.995179 0.0385694 0.0984687 -0.00147021 -0.0388602 0.999244 -0.949746
0 16 79 0.965088 0.259973 0.0319141 -0.23932 -0.260829 0.965024 0.0263954 0.266158 -0.0239358 -0.033798 0.999142 -0.933748
0 17 0 1 0 0 0 0 1 0 0 0 0 1 0
0 18 0 1 0 0 0 0 1 0 0 0 0 1 0
0 19 0 1 0 0 0 0 1 0 0 0 0 1 0
0 20 0 1 0 0 0 0 1 0 0 0 0 1 0
0 21 0 1 0 0 0 0 1 0 0 0 0 1 0
0 22 0 1 0 0 0 0 1 0 0 0 0 1 0
0 23 0 1 0 0 0 0 1 0 0 0 0 1 0
0 24 0 1 0 0 0 0 1 0 0 0 0 1 0
0 25 0 1 0 0 0 0 1 0 0 0 0 1 0
0 26 0 1 0 0 0 0 1 0 0 0 0 1 0
0 27 0 1 0 0 0 0 1 0 0 0 0 1 0
0 28 0 1 0 0 0 0 1 0 0 0 0 1 0
0 29 0 1 0 0 0 0 1 0 0 0 0 1 0
0 30 0 1 0 0 0 0 1 0 0 0 0 1 0
0 31 11 0.955544 -0.233923 0.179485 0.310921 0.261508 0.953562 -0.149443 0.225993 -0.136192 0.189737 0.972343 0.923177
0 32 15 0.950645 -0.262709 0.165099 0.307093 0.292165 0.937053 -0.191238 0.0666736 -0.104466 0.230036 0.967559 0.949341
0 33 0 1 0 0 0 0 1 0 0 0 0 1 0
0 34 0 1 0 0 0 0 1 0 0 0 0 1 0
0 35 0 1 0 0 0 0 1 0 0 0 0 1 0
0 36 0 1 0 0 0 0 1 0 0 0 0 1 0
0 37 0 1 0 0 0 0 1 0 0 0 0 1 0
0 38 0 1 0 0 0 0 1 0 0 0 0 1 0
0 39 0 1 0 0 0 0 1 0 0 0 0 1 0
0 40 0 1 0 0 0 0 1 0 0 0 0 1 0
0 41 0 1 0 0 0 0 1 0 0 0 0 1 0
0 42 0 1 0 0 0 0 1 0 0 0 0 1 0
0 43 0 1 0 0 0 0 1 0 0 0 0 1 0
0 44 0 1 0 0 0 0 1 0 0 0 0 1 0
0 45 0 1 0 0 0 0 1 0 0 0 0 1 0
0 46 0 1 0 0 0 0 1 0 0 0 0 1 0
0 47 0 1 0 0 0 0 1 0 0 0 0 1 0
0 48 0 1 0 0 0 0 1 0 0 0 0 1 0
0 49 0 1 0 0 0 0 1 0 0 0 0 1 0
0 50 0 1 0 0 0 0 1 0 0 0 0 1 0
0 51 0 1 0 0 0 0 1 0 0 0 0 1 0
0 52 0 1 0 0 0 0 1 0 0 0 0 1 0
0 53 0 1 0 0 0 0 1 0 0 0 0 1 0
0 54 0 1 0 0 0 0 1 0 0 0 0 1 0
0 55 0 1 0 0 0 0 1 0 0 0 0 1 0
0 56 0 1 0 0 0 0 1 0 0 0 0 1 0
0 57 0 1 0 0 0 0 1 0 0 0 0 1 0
0 58 0 1 0 0 0 0 1 0 0 0 0 1 0
0 59 0 1 0 0 0 0 1 0 0 0 0 1 0
0 60 0 1 0 0 0 0 1 0 0 0 0 1 0
0 61 0 1 0 0 0 0 1 0 0 0 0 1 0
0 62 0 1 0 0 0 0 1 0 0 0 0 1 0
0 63 0 1 0 0 0 0 1 0 0 0 0 1 0
0 64 0 1 0 0 0 0 1 0 0 0 0 1 0
0 65 0 1 0 0 0 0 1 0 0 0 0 1 0
0 66 0 1 0 0 0 0 1 0 0 0 0 1 0
0 67 0 1 0 0 0 0 1 0 0 0 0 1 0
0 68 0 1 0 0 0 0 1 0 0 0 0 1 0
0 69 0 1 0 0 0 0 1 0 0 0 0 1 0
0 70 0 1 0 0 0 0 1 0 0 0 0 1 0
0 71 0 1 0 0 0 0 1 0 0 0 0 1 0
0 72 23 0.235313 0.823643 -0.515985 0.294138 0.957464 -0.287671 -0.0225474 0.0379029 -0.167005 -0.488731 -0.856301 0.955011
0 73 0 1 0 0 0 0 1 0 0 0 0 1 0
0 74 0 1 0 0 0 0 1 0 0 0 0 1 0
0 75 0 1 0 0 0 0 1 0 0 0 0 1 0
0 76 0 1 0 0 0 0 1 0 0 0 0 1 0
0 77 23 -0.999048 0.0432173 -0.00600799 0.0176286 0.0402081 0.858387 -0.511424 0.301288 -0.0169452 -0.511178 -0.859308 0.95337
0 78 0 1 0 0 0 0 1 0 0 0 0 1 0
0 79 0 1 0 0 0 0 1 0 0 0 0 1 0
0 80 0 1 0 0 0 0 1 0 0 0 0 1 0
0 81 30 0.600474 -0.18442 0.778088 0.294142 0.654819 0.671886 -0.346095 0.0135745 -0.458959 0.717327 0.524212 0.955665
0 82 0 1 0 0 0 0 1 0 0 0 0 1 0
0 83 11 -0.875123 0.0342478 0.482687 -0.0787086 -0.192693 0.890332 -0.412528 0.261565 -0.44388 -0.454023 -0.77255 0.961971
0 84 11 0.956795 -0.145326 -0.251841 -0.149922 -0.145469 -0.989196 0.0181566 0.240783 -0.251758 0.0192628 -0.967598 0.95893
0 85 0 1 0 0 0 0 1 0 0 0 0 1 0
0 86 11 0.937144 0.145366 -0.317222 0.056427 -0.227554 0.943788 -0.239757 -0.0517763 0.264537 0.296872 0.917544 0.997063
0 87 14 0.991103 0.123025 -0.0507967 0.0114238 0.13253 -0.947428 0.29123 -0.0815143 -0.0122976 -0.295371 -0.955303 0.996607
0 88 16 -0.75963 -0.489532 0.428161 0.0501606 0.466998 -0.868772 -0.164764 0.125901 0.452632 0.0747904 0.888556 -0.990774
0 89 0 1 0 0 0 0 1 0 0 0 0 1 0
0 90 0 1 0 0 0 0 1 0 0 0 0 1 0
0 91 0 1 0 0 0 0 1 0 0 0 0 1 0
0 92 0 1 0 0 0 0 1 0 0 0 0 1 0
0 93 0 1 0 0 0 0 1 0 0 0 0 1 0
0 94 0 1 0 0 0 0 1 0 0 0 0 1 0
0 95 0 1 0 0 0 0 1 0 0 0 0 1 0
0 96 0 1 0 0 0 0 1 0 0 0 0 1 0
0 97 0 1 0 0 0 0 1 0 0 0 0 1 0
0 98 0 1 0 0 0 0 1 0 0 0 0 1 0
0 99 0 1 0 0 0 0 1 0 0 0 0 1 0
0 100 0 1 0 0 0 0 1 0 0 0 0 1 0
0 101 0 1 0 0 0 0 1 0 0 0 0 1 0
0 102 0 1 0 0 0 0 1 0 0 0 0 1 0
0 103 0 1 0 0 0 0 1 0 0 0 0 1 0
0 104 0 1 0 0 0 0 1 0 0 0 0 1 0
0 105 0 1 0 0 0 0 1 0 0 0 0 1 0
0 106 0 1 0 0 0 0 1 0 0 0 0 1 0
0 107 0 1 0 0 0 0 1 0 0 0 0 1 0
0 108 0 1 0 0 0 0 1 0 0 0 0 1 0
0 109 10 0.890626 0.436815 -0.126404 0.351649 -0.430932 0.899498 0.0721113 0.0823206 0.145199 -0.00975266 0.989354 0.932505
0 110 0 1 0 0 0 0 1 0 0 0 0 1 0
0 111 0 1 0 0 0 0 1 0 0 0 0 1 0
0 112 0 1 0 0 0 0 1 0 0 0 0 1 0
0 113 0 1 0 0 0 0 1 0 0 0 0 1 0
0 114 0 1 0 0 0 0 1 0 0 0 0 1 0
0 115 0 1 0 0 0 0 1 0 0 0 0 1 0
0 116 0 1 0 0 0 0 1 0 0 0 0 1 0
0 117 0 1 0 0 0 0 1 0 0 0 0 1 0
0 118 0 1 0 0 0 0 1 0 0 0 0 1 0
0 119 0 1 0 0 0 0 1 0 0 0 0 1 0
0 120 0 1 0 0 0 0 1 0 0 0 0 1 0
0 121 52 0.858112 0.187582 -0.477972 0.289076 -0.182506 0.981519 0.0575443 0.103969 0.479933 0.0378534 0.876488 -0.951643
0 122 133 0.649154 0.237587 0.7226 -0.871926 0.191967 0.868048 -0.457865 0.347627 -0.736035 0.435941 0.517888 0.344821
0 123 106 0.772277 0.217543 -0.596877 0.370532 -0.209092 0.974235 0.0845418 0.0960123 0.59989 0.0595127 0.797866 -0.923844
0 124 118 0.779175 0.298678 -0.55107 0.27994 -0.286394 0.951676 0.110863 0.118469 0.557553 0.0714414 0.827062 -0.95268
0 125 114 0.796074 0.233217 -0.558459 0.322702 -0.214021 0.971627 0.100675 0.0904559 0.566093 0.0393772 0.8234 -0.942168
0 126 139 0.779428 0.305096 -0.547182 0.297853 -0.276874 0.951234 0.135995 0.0465868 0.56199 0.0455022 0.825892 -0.953474
0 127 98 0.809779 0.259698 -0.526131 0.21507 -0.201408 0.96526 0.16646 -0.0106587 0.551083 -0.0288292 0.833952 -0.97654
0 128 41 -0.287877 -0.957439 -0.0209295 -0.0975504 -0.947862 0.281743 0.148923 0.10884 -0.136688 0.0627098 -0.988627 0.989261
0 129 0 1 0 0 0 0 1 0 0 0 0 1 0
0 130 80 0.934282 0.216007 -0.283651 0.0160848 -0.209846 0.976334 0.0523182 0.122262 0.288239 0.010643 0.957499 -0.992368
0 131 191 0.95541 0.255419 -0.148167 -0.119031 -0.237227 0.962727 0.129924 -0.0288587 0.175829 -0.0889815 0.980391 -0.992471
0 132 157 0.968379 0.214294 -0.127754 -0.0511686 -0.223084 0.973022 -0.0588405 0.268753 0.111698 0.0854796 0.990059 -0.961849
0 133 127 0.865755 0.492537 0.0887483 -0.152788 -0.189866 0.487315 -0.852335 0.966858 -0.463055 0.721063 0.515411 0.204551
0 134 251 0.963826 0.212819 -0.16046 0.137467 -0.236932 0.959862 -0.150094 0.467448 0.122077 0.182683 0.975564 -0.873267
0 135 532 0.975346 0.197838 -0.0977759 0.103318 -0.195427 0.980137 0.033744 0.218502 0.10251 -0.013804 0.994636 -0.970352
0 136 496 0.971174 0.220682 -0.0901158 0.18094 -0.213411 0.973368 0.0837276 0.141065 0.106193 -0.0620823 0.992406 -0.973325
0 137 218 0.944848 0.175158 -0.276735 0.603531 -0.208863 0.973103 -0.0971929 0.387365 0.252268 0.149632 0.956018 -0.696921
0 138 125 0.815226 -0.0500379 0.576977 -0.542833 0.464109 0.652374 -0.599175 0.83709 -0.346424 0.756243 0.555056 0.0679194
0 139 127 0.994142 0.0141256 0.107157 0.254753 -0.0203052 0.998179 0.0567983 0.172848 -0.10616 -0.0586414 0.992618 -0.951433
0 140 231 0.985028 -0.0484716 0.165438 0.258542 0.0390181 0.99744 0.0599228 0.240898 -0.167919 -0.0525706 0.984398 -0.935481
0 141 274 0.942484 -0.229904 0.242627 0.114105 0.217555 0.973014 0.0768995 0.308307 -0.253759 -0.0196919 0.967067 -0.944419
0 142 338 0.949287 -0.271477 0.1586 0.184612 0.242744 0.953422 0.17906 0.0917658 -0.199823 -0.13148 0.970971 -0.978518
0 143 664 0.950429 -0.280781 0.13359 0.0726465 0.264812 0.956096 0.12552 0.162004 -0.162969 -0.0839218 0.983056 -0.984112
0 144 1243 0.986291 -0.164872 0.00686166 0.171257 0.163508 0.982045 0.0940892 0.140041 -0.0222511 -0.0916774 0.99554 -0.975223
0 145 2225 0.98704 0.0446815 -0.154125 0.423368 -0.0359759 0.99762 0.058819 0.149221 0.156387 -0.052512 0.986299 -0.893584
0 146 2482 0.981633 0.0951781 -0.165339 0.501295 -0.0854372 0.994216 0.0650763 0.0879368 0.170576 -0.049755 0.984088 -0.860796
0 147 2643 0.965591 0.18933 -0.178291 0.487988 -0.165148 0.975992 0.142005 -0.0718558 0.200896 -0.107675 0.973677 -0.869888
0 148 2757 0.922887 0.220666 -0.315572 0.885411 -0.184698 0.972763 0.140065 -0.0997768 0.337884 -0.0709783 0.938507 -0.453974
0 149 2373 0.897936 0.273474 -0.344853 0.930159 -0.232339 0.959991 0.15632 -0.196688 0.373805 -0.0602426 0.925549 -0.310029
0 150 1622 0.89955 0.319301 -0.298089 0.938077 -0.293062 0.947185 0.13021 -0.277546 0.323922 -0.0297718 0.945615 -0.207315
0 151 1182 0.906529 0.291286 -0.305545 0.970147 -0.282594 0.95643 0.0733625 -0.199991 0.313602 0.0198398 0.949347 -0.137177
0 152 673 0.864019 0.306803 -0.399179 0.973533 -0.321324 0.946432 0.0319113 -0.227848 0.387586 0.100694 0.916318 -0.0178491
0 153 286 0.856364 0.395918 -0.331496 0.922374 -0.385902 0.917256 0.0985988 -0.372605 0.343104 0.0434886 0.93829 -0.101942
0 154 240 0.741557 0.401005 -0.537855 0.951421 -0.379863 0.911783 0.156064 -0.297534 0.552989 0.0885808 0.828466 0.0791946
0 155 178 0.948452 0.307363 0.0772476 0.308554 -0.303925 0.95121 -0.0531932 -0.310252 -0.0898283 0.0269737 0.995592 0.899188
0 156 301 0.807959 0.399778 -0.432875 0.947147 -0.381762 0.91475 0.132253 -0.295549 0.448844 0.0584005 0.8917 0.124751
0 157 384 0.827446 0.394377 -0.399749 0.935298 -0.345549 0.918731 0.191129 -0.320451 0.442638 -0.0200166 0.896477 0.150094
0 158 405 0.751539 0.393198 -0.529702 0.920218 -0.286564 0.917827 0.274727 -0.322554 0.594197 -0.0546743 0.802459 0.221716
0 159 362 0.658433 0.404297 -0.634831 0.939308 -0.246596 0.912799 0.325559 -0.273327 0.711095 -0.0578117 0.700715 0.207346
0 160 455 0.777959 0.389062 -0.493367 0.949138 -0.261951 0.914561 0.308156 -0.268993 0.571106 -0.110494 0.813406 0.163648
0 161 506 0.725686 0.352477 -0.590881 0.958498 -0.227352 0.933412 0.277585 -0.200047 0.649378 -0.0671012 0.7575 0.203133
0 162 504 0.864972 0.338167 -0.370765 0.971283 -0.263431 0.934838 0.238078 -0.237437 0.427115 -0.10826 0.897693 -0.0152763
0 163 635 0.859787 0.304795 -0.409716 0.982651 -0.230768 0.947647 0.220707 -0.182962 0.455536 -0.0952115 0.885111 0.0303707
0 164 693 0.85076 0.289853 -0.438398 0.983458 -0.224973 0.954725 0.194646 -0.179316 0.474968 -0.0669695 0.877451 -0.0256216
0 165 844 0.921506 0.24409 -0.302071 0.946459 -0.205164 0.966375 0.155007 -0.0870614 0.329749 -0.0808658 0.940599 -0.310863
0 166 909 0.925182 0.237715 -0.295854 0.881294 -0.193379 0.966025 0.171463 -0.053341 0.326562 -0.101423 0.939718 -0.469549
0 167 1275 0.935811 0.248539 -0.249972 0.8013 -0.208915 0.962221 0.174599 -0.0585607 0.283923 -0.111169 0.952381 -0.59539
0 168 1630 0.946902 0.208429 -0.244815 0.776315 -0.167049 0.969508 0.179301 -0.0187489 0.274722 -0.128884 0.952847 -0.630066
0 169 2218 0.978723 0.151854 -0.137989 0.61915 -0.13164 0.980575 0.14541 -0.0257834 0.15739 -0.124151 0.979701 -0.78485
0 170 2245 0.993462 0.0702486 -0.0899921 0.402949 -0.0565552 0.987581 0.146577 0.089423 0.0991714 -0.14053 0.985097 -0.910843
0 171 2620 0.993579 0.0372457 -0.106833 0.342468 -0.0226017 0.990568 0.135145 0.173303 0.110858 -0.131862 0.98505 -0.923408
0 172 2798 0.985061 0.0959228 -0.143014 0.351019 -0.0691968 0.980981 0.181349 0.0430215 0.15769 -0.168744 0.972964 -0.93538
1 2 5644 0.999904 0.000996481 -0.0138122 0.923755 -0.00103705 0.999995 -0.00292999 -0.0326049 0.0138092 0.00294403 0.9999 0.381594
1 3 6840 0.999943 -0.00399279 -0.0098979 0.941467 0.00401344 0.99999 0.00206757 -0.13262 0.00988955 -0.00210718 0.999949 0.309923
1 4 6148 0.995426 0.032746 -0.0897429 0.96474 -0.0312949 0.999356 0.0175292 -0.24632 0.0902591 -0.0146405 0.995811 0.0927541
1 5 4784 0.993441 0.046318 -0.104547 0.982792 -0.0469069 0.998894 -0.00317985 -0.104118 0.104284 0.00806296 0.994515 0.152578
1 6 3753 0.991661 0.0560281 -0.116057 0.97635 -0.0531359 0.998198 0.0278684 -0.134766 0.11741 -0.0214692 0.992851 0.169053
1 7 2465 0.981852 0.0526169 -0.182205 0.974772 -0.0546476 0.998487 -0.00613916 -0.12801 0.181607 0.0159848 0.983241 0.182847
1 8 1725 0.981391 0.0730721 -0.177572 0.99628 -0.0761347 0.997042 -0.0104857 -0.0841299 0.176281 0.0238099 0.984052 0.0186863
1 9 1304 0.967382 0.107765 -0.229255 0.997404 -0.113061 0.993537 -0.0100529 -0.0376508 0.22669 0.0356448 0.973314 -0.0613745
1 10 786 0.954789 0.149766 -0.256805 0.977907 -0.14043 0.988593 0.0544284 -0.0447307 0.262027 -0.0159046 0.964929 -0.204198
1 11 691 0.892613 0.183841 -0.411637 0.996813 -0.181453 0.982358 0.0452596 0.0321608 0.412695 0.0342935 0.910223 -0.0730007
1 12 465 0.849508 0.257002 -0.460744 0.991934 -0.244582 0.965656 0.087686 -0.0305339 0.467456 0.0381997 0.883191 -0.123024
1 13 277 0.987436 0.135968 0.0805205 -0.821552 -0.138998 0.989733 0.0332753 -0.191321 -0.0751695 -0.0440494 0.996197 -0.537075
1 14 236 0.752316 0.658772 -0.00625469 0.0756451 0.250508 -0.294835 -0.922127 0.343307 -0.609316 0.692164 -0.386837 0.936172
1 15 131 -0.120835 0.343571 -0.93132 0.867071 -0.1379 0.923288 0.3585 -0.204565 0.983048 0.171749 -0.0641874 0.454248
1 16 96 0.887862 0.231879 -0.397407 0.9778 -0.276698 0.959173 -0.0585237 0.145828 0.367612 0.161923 0.915774 0.150473
1 17 0 1 0 0 0 0 1 0 0 0 0 1 0
1 18 16 0.994717 0.0968032 0.0341515 -0.321288 -0.0975297 0.995026 0.020286 0.178874 -0.0320179 -0.0235096 0.999211 -0.929935
1 19 0 1 0 0 0 0 1 0 0 0 0 1 0
1 20 0 1 0 0 0 0 1 0 0 0 0 1 0
1 21 0 1 0 0 0 0 1 0 0 0 0 1 0
1 22 0 1 0 0 0 0 1 0 0 0 0 1 0
1 23 0 1 0 0 0 0 1 0 0 0 0 1 0
1 24 0 1 0 0 0 0 1 0 0 0 0 1 0
1 25 0 1 0 0 0 0 1 0 0 0 0 1 0
1 26 0 1 0 0 0 0 1 0 0 0 0 1 0
1 27 0 1 0 0 0 0 1 0 0 0 0 1 0
1 28 0 1 0 0 0 0 1 0 0 0 0 1 0
1 29 0 1 0 0 0 0 1 0 0 0 0 1 0
1 30 0 1 0 0 0 0 1 0 0 0 0 1 0
1 31 11 0.851293 -0.449135 0.271252 0.310948 0.502152 0.847299 -0.173 0.227281 -0.152131 0.283484 0.946833 0.922851
1 32 0 1 0 0 0 0 1 0 0 0 0 1 0
1 33 0 1 0 0 0 0 1 0 0 0 0 1 0
1 34 0 1 0 0 0 0 1 0 0 0 0 1 0
1 35 0 1 0 0 0 0 1 0 0 0 0 1 0
1 36 0 1 0 0 0 0 1 0 0 0 0 1 0
1 37 17 -0.715931 0.221962 -0.661948 -0.271261 -0.255545 -0.965634 -0.0474083 0.0506256 -0.649722 0.135216 0.748049 0.961173
1 38 0 1 0 0 0 0 1 0 0 0 0 1 0
1 39 0 1 0 0 0 0 1 0 0 0 0 1 0
1 40 0 1 0 0 0 0 1 0 0 0 0 1 0
1 41 0 1 0 0 0 0 1 0 0 0 0 1 0
1 42 0 1 0 0 0 0 1 0 0 0 0 1 0
1 43 0 1 0 0 0 0 1 0 0 0 0 1 0
1 44 0 1 0 0 0 0 1 0 0 0 0 1 0
1 45 0 1 0 0 0 0 1 0 0 0 0 1 0
1 46 0 1 0 0 0 0 1 0 0 0 0 1 0
1 47 0 1 0 0 0 0 1 0 0 0 0 1 0
1 48 0 1 0 0 0 0 1 0 0 0 0 1 0
1 49 0 1 0 0 0 0 1 0 0 0 0 1 0
1 50 0 1 0 0 0 0 1 0 0 0 0 1 0
1 51 0 1 0 0 0 0 1 0 0 0 0 1 0
1 52 0 1 0 0 0 0 1 0 0 0 0 1 0
1 53 0 1 0 0 0 0 1 0 0 0 0 1 0
1 54 0 1 0 0 0 0 1 0 0 0 0 1 0
1 55 10 -0.861144 0.168047 -0.479782 -0.450024 -0.413125 -0.781314 0.467843 0.268522 -0.296241 0.60109 0.742248 0.851689
1 56 21 -0.101116 0.961363 0.256039 -0.089549 0.979883 0.0517272 0.192755 -0.0222444 0.172063 0.270379 -0.947254 0.995734
1 57 0 1 0 0 0 0 1 0 0 0 0 1 0
1 58 16 -0.80934 -0.100249 0.578723 -0.154941 -0.207216 0.970703 -0.121641 0.000694136 -0.549574 -0.218369 -0.806402 0.987923
1 59 0 1 0 0 0 0 1 0 0 0 0 1 0
1 60 0 1 0 0 0 0 1 0 0 0 0 1 0
1 61 0 1 0 0 0 0 1 0 0 0 0 1 0
1 62 0 1 0 0 0 0 1 0 0 0 0 1 0
1 63 0 1 0 0 0 0 1 0 0 0 0 1 0
1 64 0 1 0 0 0 0 1 0 0 0 0 1 0
1 65 0 1 0 0 0 0 1 0 0 0 0 1 0
1 66 0 1 0 0 0 0 1 0 0 0 0 1 0
1 67 0 1 0 0 0 0 1 0 0 0 0 1 0
1 68 0 1 0 0 0 0 1 0 0 0 0 1 0
1 69 15 0.770637 0.605758 -0.197927 0.0412182 0.636803 -0.743926 0.202622 -0.0358474 -0.0245032 -0.282189 -0.959046 0.998507
1 70 21 -0.986746 -0.0909359 -0.134397 0.17401 -0.052562 0.962687 -0.265463 0.0426193 0.153522 -0.25488 -0.954708 0.983821
1 71 32 -0.900564 0.248511 -0.356688 0.256237 0.359895 0.886427 -0.291071 0.0683188 0.243844 -0.390498 -0.887722 0.964197
1 72 0 1 0 0 0 0 1 0 0 0 0 1 0
1 73 0 1 0 0 0 0 1 0 0 0 0 1 0
1 74 0 1 0 0 0 0 1 0 0 0 0 1 0
1 75 0 1 0 0 0 0 1 0 0 0 0 1 0
1 76 0 1 0 0 0 0 1 0 0 0 0 1 0
1 77 25 -0.321202 -0.923193 0.211056 0.0176286 -0.906045 0.234739 -0.352107 0.301288 0.27552 -0.304324 -0.911853 0.95337
1 78 0 1 0 0 0 0 1 0 0 0 0 1 0
1 79 0 1 0 0 0 0 1 0 0 0 0 1 0
1 80 0 1 0 0 0 0 1 0 0 0 0 1 0
1 81 30 0.881337 0.070319 0.467226 0.350628 0.0724516 0.957055 -0.280706 -0.0142026 -0.4669 0.281248 0.838393 0.936407
1 82 0 1 0 0 0 0 1 0 0 0 0 1 0
1 83 0 1 0 0 0 0 1 0 0 0 0 1 0
1 84 12 0.627959 0.520404 -0.57866 -0.150205 -0.439551 0.850757 0.288109 0.240177 0.642232 0.0734297 0.762985 0.959038
1 85 23 0.0823566 -0.771349 0.631061 0.0928942 0.524722 -0.504776 -0.685469 -0.051966 0.847281 0.387584 0.363172 0.994319
1 86 22 0.88608 0.411656 0.213077 -0.19995 -0.391921 0.910794 -0.129815 -0.0542579 -0.247509 0.0315173 0.968373 0.978303
1 87 38 -0.649632 0.726585 0.223723 -0.0323276 0.706661 0.68563 -0.174764 -0.0743203 -0.280372 0.0445637 -0.958856 0.99671
1 88 11 -0.92268 0.109738 0.36962 -0.0327849 -0.0648798 -0.989162 0.131717 -0.12433 0.380068 0.0975519 0.9198 0.991699
1 89 23 -0.593242 -0.769532 0.236401 0.0171605 0.788578 -0.614556 -0.0215857 -0.126072 0.161892 0.173615 0.971416 0.991873
1 90 22 -0.69368 -0.578098 0.429664 -0.0673627 0.521552 -0.814557 -0.253929 -0.168339 0.496782 0.0479472 0.86655 0.983425
1 91 0 1 0 0 0 0 1 0 0 0 0 1 0
1 92 0 1 0 0 0 0 1 0 0 0 0 1 0
1 93 0 1 0 0 0 0 1 0 0 0 0 1 0
1 94 0 1 0 0 0 0 1 0 0 0 0 1 0
1 95 0 1 0 0 0 0 1 0 0 0 0 1 0
1 96 0 1 0 0 0 0 1 0 0 0 0 1 0
1 97 0 1 0 0 0 0 1 0 0 0 0 1 0
1 98 0 1 0 0 0 0 1 0 0 0 0 1 0
1 99 0 1 0 0 0 0 1 0 0 0 0 1 0
1 100 0 1 0 0 0 0 1 0 0 0 0 1 0
1 101 0 1 0 0 0 0 1 0 0 0 0 1 0
1 102 0 1 0 0 0 0 1 0 0 0 0 1 0
1 103 0 1 0 0 0 0 1 0 0 0 0 1 0
1 104 0 1 0 0 0 0 1 0 0 0 0 1 0
1 105 0 1 0 0 0 0 1 0 0 0 0 1 0
1 106 0 1 0 0 0 0 1 0 0 0 0 1 0
1 107 0 1 0 0 0 0 1 0 0 0 0 1 0
1 108 0 1 0 0 0 0 1 0 0 0 0 1 0
1 109 10 0.215879 0.975003 0.0525899 0.352238 -0.867058 0.166655 0.469506 0.0821654 0.449005 -0.146955 0.881362 0.932297
1 110 14 0.97098 -0.23915 -0.00227437 0.3467 0.230112 0.936789 -0.26358 0.0597198 0.0651658 0.255407 0.964635 0.936073
1 111 0 1 0 0 0 0 1 0 0 0 0 1 0
1 112 0 1 0 0 0 0 1 0 0 0 0 1 0
1 113 0 1 0 0 0 0 1 0 0 0 0 1 0
1 114 0 1 0 0 0 0 1 0 0 0 0 1 0
1 115 0 1 0 0 0 0 1 0 0 0 0 1 0
1 116 0 1 0 0 0 0 1 0 0 0 0 1 0
1 117 0 1 0 0 0 0 1 0 0 0 0 1 0
1 118 0 1 0 0 0 0 1 0 0 0 0 1 0
1 119 0 1 0 0 0 0 1 0 0 0 0 1 0
1 120 11 0.750829 0.316517 -0.579717 -0.199142 -0.297162 0.945731 0.131482 0.246751 0.589873 0.0735498 0.80414 0.948397
1 121 0 1 0 0 0 0 1 0 0 0 0 1 0
1 122 85 0.835992 0.177955 -0.519086 0.327918 -0.176723 0.982868 0.0523385 0.115929 0.519507 0.0479797 0.853118 -0.937566
1 123 191 0.969558 0.177954 0.168194 -0.83472 -0.132493 0.958926 -0.250811 0.441975 -0.205918 0.220892 0.953312 -0.328483
1 124 89 0.793014 0.117874 -0.597691 0.379689 -0.102658 0.992929 0.0596143 0.144911 0.600492 0.0140828 0.799507 -0.913694
1 125 72 0.790146 0.247323 -0.560804 0.330399 -0.230714 0.967692 0.101702 0.0928888 0.567839 0.0490256 0.821679 -0.939259
1 126 102 0.761066 0.334917 -0.555526 0.339319 -0.317986 0.93907 0.130512 0.094463 0.565388 0.0773217 0.821193 -0.935916
1 127 122 0.963507 0.266563 0.0244512 -0.3192 0.190817 -0.619901 -0.761125 0.385139 -0.187731 0.738016 -0.648144 0.865898
1 128 79 0.981667 0.150934 0.116401 -0.405912 0.157576 -0.299054 -0.941136 0.606383 -0.107239 0.942224 -0.317355 0.683765
1 129 0 1 0 0 0 0 1 0 0 0 0 1 0
1 130 81 0.928019 0.249984 -0.276205 0.0162645 -0.271845 0.961368 -0.0432676 0.303518 0.254718 0.115238 0.960124 -0.952687
1 131 180 0.940727 0.19439 -0.277931 0.0927465 -0.231595 0.966835 -0.107671 0.365613 0.247783 0.165656 0.954548 -0.926135
1 132 164 0.967204 0.222135 -0.123178 -0.05765 -0.230112 0.971628 -0.0546573 0.25875 0.107542 0.0812096 0.990878 -0.964222
1 133 152 0.984563 0.171971 -0.0325693 -0.161207 -0.171414 0.985012 0.0192023 0.0988571 0.0353834 -0.013323 0.999285 -0.981957
1 134 303 0.967562 0.217495 -0.128532 0.0773442 -0.226559 0.972115 -0.0605294 0.304522 0.111783 0.087686 0.989856 -0.94936
1 135 458 0.972413 0.210683 -0.100125 0.104667 -0.228767 0.945228 -0.23283 0.68151 0.0455874 0.249313 0.967349 -0.724285
1 136 542 0.975818 0.19504 -0.0986845 0.175839 -0.190901 0.980342 0.0498714 0.192678 0.106471 -0.0298264 0.993868 -0.965379
1 137 272 0.971454 0.173068 0.162247 -0.206644 -0.189192 0.97783 0.0897453 0.0727857 -0.143118 -0.117879 0.982661 -0.975705
1 138 137 0.992585 0.113848 0.0425951 0.223527 -0.115822 0.992151 0.0471424 0.131037 -0.0368937 -0.0517262 0.99798 -0.965849
1 139 120 0.988485 0.00496002 0.151238 0.174788 -0.00963801 0.999497 0.030214 0.213818 -0.151012 -0.0313237 0.988036 -0.961109
1 140 233 0.975454 -0.0772371 0.206212 0.170771 0.067457 0.996257 0.0540551 0.25641 -0.209615 -0.0388178 0.977013 -0.951363
1 141 294 0.947499 -0.210629 0.240586 0.131498 0.174008 0.970875 0.164688 0.118376 -0.268267 -0.114178 0.956554 -0.984223
1 142 426 0.947918 -0.274827 0.161001 0.180158 0.249759 0.95504 0.159747 0.118976 -0.197665 -0.111216 0.97394 -0.976416
1 143 659 0.940533 -0.298256 0.162608 -0.0108659 0.284332 0.953111 0.10361 0.212006 -0.185886 -0.0512144 0.981236 -0.977208
1 144 1439 0.984331 -0.17517 0.0202166 0.133011 0.172634 0.980689 0.0919075 0.136636 -0.0359257 -0.0869773 0.995562 -0.981651
1 145 2246 0.988218 0.034665 -0.149076 0.402151 -0.027017 0.998228 0.0530257 0.153322 0.150649 -0.0483734 0.987403 -0.902645
1 146 2553 0.985563 0.0759038 -0.15134 0.445293 -0.072091 0.996931 0.0305313 0.185419 0.153193 -0.0191803 0.98801 -0.875976
1 147 2845 0.947914 0.176458 -0.265181 0.707582 -0.156208 0.983069 0.0957787 0.0782265 0.277592 -0.0493666 0.95943 -0.702288
1 148 2871 0.958204 0.20229 -0.202294 0.590951 -0.177354 0.974874 0.134786 -0.119774 0.224477 -0.093275 0.970005 -0.797766
1 149 2493 0.893012 0.2828 -0.350078 0.897545 -0.2299 0.955402 0.185344 -0.301197 0.38688 -0.0850315 0.918201 -0.322014
1 150 1832 0.921475 0.295304 -0.252346 0.925023 -0.279849 0.955238 0.0959466 -0.218481 0.269384 -0.0177935 0.962868 -0.310802
1 151 1328 0.916788 0.282146 -0.282655 0.955452 -0.272407 0.959328 0.074052 -0.220294 0.292052 0.00910702 0.956359 -0.196422
1 152 725 0.869677 0.299835 -0.392123 0.971934 -0.312953 0.949238 0.0317403 -0.232761 0.381735 0.0951123 0.919365 -0.0341554
1 153 267 0.863814 0.362156 -0.35024 0.946305 -0.363963 0.929265 0.0632218 -0.32011 0.348362 0.0728627 0.934524 -0.0451197
1 154 210 0.927469 0.288979 0.23726 -0.601823 -0.269084 0.956456 -0.113079 0.0900559 -0.259606 0.0410342 0.964842 0.793536
1 155 270 0.882624 0.231042 0.409384 -0.701062 -0.192961 0.972198 -0.132656 0.030024 -0.428651 0.0380901 0.902667 0.712468
1 156 312 0.820209 0.371484 -0.435037 0.956825 -0.364437 0.925493 0.103189 -0.257645 0.440956 0.0739071 0.89448 0.134555
1 157 180 0.96405 0.265411 -0.0128322 0.250888 -0.264868 0.9637 0.0335778 -0.186919 0.0212783 -0.0289718 0.999354 0.949798
1 158 240 0.970124 0.239293 -0.0399681 0.211625 -0.23583 0.968806 0.0761563 -0.160888 0.056945 -0.0644554 0.996295 0.964018
1 159 374 0.825919 0.322767 -0.462254 0.975402 -0.250249 0.944589 0.212429 -0.189732 0.505206 -0.0597708 0.860927 0.112214
1 160 437 0.729082 0.403041 -0.55317 0.936963 -0.249388 0.909101 0.333678 -0.282223 0.637373 -0.105324 0.763323 0.206034
1 161 459 0.788075 0.354706 -0.503112 0.966668 -0.240739 0.929795 0.278434 -0.237381 0.566553 -0.098308 0.81814 0.0959319
1 162 551 0.793255 0.338192 -0.506333 0.980579 -0.252058 0.93936 0.23253 -0.179166 0.554269 -0.05683 0.830395 0.0797739
1 163 766 0.862927 0.313271 -0.396507 0.976013 -0.235912 0.943643 0.232129 -0.208694 0.446881 -0.10677 0.888199 -0.0620182
1 164 788 0.896391 0.269932 -0.351595 0.970564 -0.217199 0.958925 0.18245 -0.197588 0.386402 -0.0871803 0.918201 -0.137708
1 165 886 0.900438 0.257377 -0.35067 0.961328 -0.202684 0.961553 0.185295 -0.1508 0.384878 -0.0957711 0.917985 -0.230453
1 166 1018 0.871813 0.254995 -0.418234 0.957425 -0.19016 0.96304 0.19077 -0.087047 0.451422 -0.0867839 0.88808 -0.275244
1 167 1297 0.91622 0.252073 -0.311448 0.87437 -0.205798 0.963002 0.173996 -0.0627956 0.343784 -0.095323 0.934198 -0.48118
1 168 1754 0.946269 0.194481 -0.258363 0.788814 -0.158336 0.975268 0.154213 0.0454346 0.281964 -0.105019 0.95366 -0.61295
1 169 2431 0.960113 0.146452 -0.238192 0.797894 -0.122906 0.986197 0.110945 0.0592423 0.251153 -0.0772446 0.96486 -0.599879
1 170 2485 0.992614 0.073085 -0.0968307 0.415745 -0.0566101 0.98498 0.163123 0.0202376 0.107298 -0.156436 0.981843 -0.909256
1 171 2706 0.997682 0.030612 -0.0607771 0.204295 -0.0200012 0.98557 0.16808 0.0496081 0.0650454 -0.166475 0.983898 -0.977652
1 172 2819 0.985854 0.0827318 -0.145765 0.345119 -0.0576721 0.984022 0.168447 0.0766006 0.157372 -0.157657 0.974873 -0.935428
2 3 738 0.999732 -0.0104848 0.020662 0.349999 0.01048 0.999945 0.000337483 0.132768 -0.0206644 -0.000120853 0.999786 -0.927293
2 4 6631 0.995902 0.0307287 -0.0850642 0.996544 -0.03035 0.999523 0.00574156 -0.0829018 0.0852 -0.00313633 0.996359 -0.00521493
2 5 5246 0.997603 0.0362898 -0.0589096 0.995524 -0.0374658 0.999118 -0.0189832 0.0429566 0.0581687 0.0211448 0.998083 0.0841813
2 6 4124 0.994994 0.0396978 -0.0917113 0.994199 -0.0396345 0.999211 0.00251262 0.0261786 0.0917387 0.00113489 0.995782 0.104324
2 7 2803 0.989706 0.0401482 -0.13737 0.985248 -0.0454748 0.998322 -0.0358586 -0.0187611 0.1357 0.0417364 0.989871 0.1701
2 8 1800 0.987081 0.0652694 -0.146325 0.997593 -0.0681611 0.997564 -0.0148309 -0.066701 0.145001 0.024613 0.989125 -0.0189386
2 9 1438 0.978061 0.105203 -0.179805 0.983065 -0.107002 0.994259 -0.000307787 -0.0499568 0.178741 0.0195406 0.983702 -0.176315
2 10 861 0.964204 0.148993 -0.219343 0.966509 -0.142024 0.988733 0.0472934 -0.0207022 0.223918 -0.0144484 0.974501 -0.255795
2 11 627 0.924007 0.183591 -0.335417 0.977748 -0.178206 0.982868 0.0470538 0.0496911 0.338309 0.0162952 0.940894 -0.203814
2 12 490 0.945797 0.198595 -0.25696 0.918138 -0.197676 0.979818 0.029676 0.110523 0.257668 0.0227274 0.965966 -0.380535
2 13 229 0.99835 0.0568767 0.00784223 -0.314783 -0.0568547 0.998378 -0.00299817 0.0924695 -0.00800003 0.00254736 0.999965 -0.944649
2 14 174 0.992187 0.122169 -0.0253037 -0.263175 -0.121327 0.99208 0.0325062 0.121483 0.0290745 -0.0291822 0.999151 -0.957069
2 15 133 -0.511339 0.491379 -0.705039 0.677764 0.277651 0.870868 0.405584 -0.273573 0.813291 0.0116362 -0.58174 0.682491
2 16 69 0.998607 0.0522007 -0.0076687 -0.291201 -0.0523769 0.998316 -0.0249219 0.239353 0.00635485 0.0252889 0.99966 -0.926235
2 17 55 0.38363 0.922416 -0.0444725 0.20756 0.80456 -0.357478 -0.474228 -0.0335653 -0.453333 0.146147 -0.879278 0.977646
2 18 57 0.625964 0.69381 -0.356086 0.315171 0.245034 -0.608463 -0.754805 0.20026 -0.740356 0.385228 -0.550883 0.927666
2 19 0 1 0 0 0 0 1 0 0 0 0 1 0
2 20 0 1 0 0 0 0 1 0 0 0 0 1 0
2 21 0 1 0 0 0 0 1 0 0 0 0 1 0
2 22 0 1 0 0 0 0 1 0 0 0 0 1 0
2 23 0 1 0 0 0 0 1 0 0 0 0 1 0
2 24 0 1 0 0 0 0 1 0 0 0 0 1 0
2 25 0 1 0 0 0 0 1 0 0 0 0 1 0
2 26 0 1 0 0 0 0 1 0 0 0 0 1 0
2 27 0 1 0 0 0 0 1 0 0 0 0 1 0
2 28 0 1 0 0 0 0 1 0 0 0 0 1 0
2 29 0 1 0 0 0 0 1 0 0 0 0 1 0
2 30 0 1 0 0 0 0 1 0 0 0 0 1 0
2 31 0 1 0 0 0 0 1 0 0 0 0 1 0
2 32 0 1 0 0 0 0 1 0 0 0 0 1 0
2 33 0 1 0 0 0 0 1 0 0 0 0 1 0
2 34 0 1 0 0 0 0 1 0 0 0 0 1 0
2 35 0 1 0 0 0 0 1 0 0 0 0 1 0
2 36 0 1 0 0 0 0 1 0 0 0 0 1 0
2 37 43 -0.705482 0.644778 0.294206 -0.271261 -0.644705 -0.756262 0.111462 0.0506256 0.294365 -0.111042 0.94922 0.961173
2 38 0 1 0 0 0 0 1 0 0 0 0 1 0
2 39 0 1 0 0 0 0 1 0 0 0 0 1 0
2 40 0 1 0 0 0 0 1 0 0 0 0 1 0
2 41 0 1 0 0 0 0 1 0 0 0 0 1 0
2 42 0 1 0 0 0 0 1 0 0 0 0 1 0
2 43 0 1 0 0 0 0 1 0 0 0 0 1 0
2 44 0 1 0 0 0 0 1 0 0 0 0 1 0
2 45 0 1 0 0 0 0 1 0 0 0 0 1 0
2 46 15 -0.48848 0.872487 0.0123983 0.0213474 0.85764 0.482688 -0.177387 -0.294396 -0.160752 -0.0760166 -0.984063 0.955445
2 47 0 1 0 0 0 0 1 0 0 0 0 1 0
2 48 0 1 0 0 0 0 1 0 0 0 0 1 0
2 49 0 1 0 0 0 0 1 0 0 0 0 1 0
2 50 0 1 0 0 0 0 1 0 0 0 0 1 0
2 51 0 1 0 0 0 0 1 0 0 0 0 1 0
2 52 0 1 0 0 0 0 1 0 0 0 0 1 0
2 53 0 1 0 0 0 0 1 0 0 0 0 1 0
2 54 0 1 0 0 0 0 1 0 0 0 0 1 0
2 55 0 1 0 0 0 0 1 0 0 0 0 1 0
2 56 0 1 0 0 0 0 1 0 0 0 0 1 0
2 57 0 1 0 0 0 0 1 0 0 0 0 1 0
2 58 20 0.828724 0.537022 -0.157558 -0.225267 0.512631 -0.841345 -0.171312 0.0449264 -0.224559 0.0612014 -0.972537 0.973261
2 59 14 -0.555378 -0.797887 0.234375 0.17071 0.785087 -0.595995 -0.168606 -0.0649708 0.274214 0.0903646 0.957414 -0.983177
2 60 0 1 0 0 0 0 1 0 0 0 0 1 0
2 61 0 1 0 0 0 0 1 0 0 0 0 1 0
2 62 0 1 0 0 0 0 1 0 0 0 0 1 0
2 63 0 1 0 0 0 0 1 0 0 0 0 1 0
2 64 0 1 0 0 0 0 1 0 0 0 0 1 0
2 65 0 1 0 0 0 0 1 0 0 0 0 1 0
2 66 0 1 0 0 0 0 1 0 0 0 0 1 0
2 67 0 1 0 0 0 0 1 0 0 0 0 1 0
2 68 0 1 0 0 0 0 1 0 0 0 0 1 0
2 69 0 1 0 0 0 0 1 0 0 0 0 1 0
2 70 0 1 0 0 0 0 1 0 0 0 0 1 0
2 71 0 1 0 0 0 0 1 0 0 0 0 1 0
2 72 0 1 0 0 0 0 1 0 0 0 0 1 0
2 73 0 1 0 0 0 0 1 0 0 0 0 1 0
2 74 0 1 0 0 0 0 1 0 0 0 0 1 0
2 75 0 1 0 0 0 0 1 0 0 0 0 1 0
2 76 0 1 0 0 0 0 1 0 0 0 0 1 0
2 77 0 1 0 0 0 0 1 0 0 0 0 1 0
2 78 0 1 0 0 0 0 1 0 0 0 0 1 0
2 79 0 1 0 0 0 0 1 0 0 0 0 1 0
2 80 0 1 0 0 0 0 1 0 0 0 0 1 0
2 81 0 1 0 0 0 0 1 0 0 0 0 1 0
2 82 0 1 0 0 0 0 1 0 0 0 0 1 0
2 83 11 0.85016 -0.317528 -0.420004 0.0784336 0.325015 0.944059 -0.0558326 -0.275038 0.414237 -0.089041 0.905803 -0.958229
2 84 0 1 0 0 0 0 1 0 0 0 0 1 0
2 85 19 -0.967072 -0.162994 0.195461 -0.144916 -0.24404 0.81184 -0.530434 0.250653 -0.0722254 -0.560668 -0.824885 0.957169
2 86 0 1 0 0 0 0 1 0 0 0 0 1 0
2 87 57 -0.167714 0.586822 0.792157 -0.0864407 0.902849 0.414118 -0.115626 -0.109433 -0.395898 0.695806 -0.599265 0.990228
2 88 19 -0.726993 0.637319 0.255549 -0.0337751 0.571332 0.767887 -0.289706 -0.125353 -0.380868 -0.0646108 -0.922369 0.991537
2 89 0 1 0 0 0 0 1 0 0 0 0 1 0
2 90 0 1 0 0 0 0 1 0 0 0 0 1 0
2 91 0 1 0 0 0 0 1 0 0 0 0 1 0
2 92 0 1 0 0 0 0 1 0 0 0 0 1 0
2 93 0 1 0 0 0 0 1 0 0 0 0 1 0
2 94 0 1 0 0 0 0 1 0 0 0 0 1 0
2 95 0 1 0 0 0 0 1 0 0 0 0 1 0
2 96 0 1 0 0 0 0 1 0 0 0 0 1 0
2 97 0 1 0 0 0 0 1 0 0 0 0 1 0
2 98 0 1 0 0 0 0 1 0 0 0 0 1 0
2 99 0 1 0 0 0 0 1 0 0 0 0 1 0
2 100 0 1 0 0 0 0 1 0 0 0 0 1 0
2 101 0 1 0 0 0 0 1 0 0 0 0 1 0
2 102 0 1 0 0 0 0 1 0 0 0 0 1 0
2 103 0 1 0 0 0 0 1 0 0 0 0 1 0
2 104 0 1 0 0 0 0 1 0 0 0 0 1 0
2 105 0 1 0 0 0 0 1 0 0 0 0 1 0
2 106 0 1 0 0 0 0 1 0 0 0 0 1 0
2 107 0 1 0 0 0 0 1 0 0 0 0 1 0
2 108 0 1 0 0 0 0 1 0 0 0 0 1 0
2 109 12 0.910878 -0.408681 0.0572893 -0.351589 0.406951 0.866499 -0.289084 -0.0827455 0.0685017 0.286634 0.955588 -0.93249
2 110 11 0.947607 -0.318981 0.0171191 0.3467 0.310708 0.907935 -0.281274 0.0597198 0.074178 0.271857 0.959475 0.936073
2 111 0 1 0 0 0 0 1 0 0 0 0 1 0
2 112 0 1 0 0 0 0 1 0 0 0 0 1 0
2 113 0 1 0 0 0 0 1 0 0 0 0 1 0
2 114 0 1 0 0 0 0 1 0 0 0 0 1 0
2 115 0 1 0 0 0 0 1 0 0 0 0 1 0
2 116 0 1 0 0 0 0 1 0 0 0 0 1 0
2 117 0 1 0 0 0 0 1 0 0 0 0 1 0
2 118 0 1 0 0 0 0 1 0 0 0 0 1 0
2 119 0 1 0 0 0 0 1 0 0 0 0 1 0
2 120 0 1 0 0 0 0 1 0 0 0 0 1 0
2 121 27 0.611813 0.551127 -0.5674 0.195729 -0.490722 0.827048 0.274195 -0.274219 0.620384 0.11068 0.77645 -0.941538
2 122 67 0.827359 0.235298 -0.510012 0.33991 -0.229501 0.970384 0.0753897 0.0763655 0.512647 0.0546742 0.856857 -0.937352
2 123 37 0.798183 -0.0038068 -0.602403 0.388704 0.00881968 0.999947 0.00536704 0.249833 0.602351 -0.00959688 0.798174 -0.886844
2 124 71 0.785346 0.231965 -0.573955 0.331125 -0.203536 0.972352 0.114478 0.00875191 0.584641 0.0269156 0.810846 -0.943546
2 125 52 0.712134 0.555419 -0.42939 -0.0705582 -0.523948 0.82757 0.20151 -0.125263 0.467273 0.0814759 0.880351 -0.989611
2 126 107 -0.682861 -0.662949 -0.30692 0.113798 -0.718048 0.686457 0.114819 0.0850371 0.134568 0.298789 -0.944784 0.989858
2 127 64 0.772356 0.339774 -0.536675 0.284337 -0.300822 0.939808 0.162072 0.0595035 0.559439 0.0362661 0.828078 -0.956876
2 128 38 0.342676 -0.868814 -0.357401 -0.0683832 0.895117 0.417446 -0.156541 0.102179 0.2852 -0.266273 0.920738 0.992413
2 129 0 1 0 0 0 0 1 0 0 0 0 1 0
2 130 0 1 0 0 0 0 1 0 0 0 0 1 0
2 131 168 0.952443 0.226031 -0.20436 -0.0306189 -0.217297 0.973971 0.0645212 0.0803195 0.213624 -0.0170461 0.976767 -0.996299
2 132 77 0.978373 0.172471 -0.114189 -0.0919128 -0.168615 0.984757 0.0426808 0.0629802 0.11981 -0.0225037 0.992542 -0.993773
2 133 83 0.979875 0.199519 -0.00604034 -0.206461 -0.199525 0.979893 -0.000341034 0.14674 0.00585084 0.00153937 0.999982 -0.967389
2 134 265 0.972107 0.223608 -0.0707656 -0.0350199 -0.231427 0.963495 -0.134609 0.445752 0.0380826 0.147231 0.988369 -0.894471
2 135 351 0.981628 0.189293 -0.0239495 -0.0574022 -0.187215 0.97978 0.0705811 0.139492 0.0368258 -0.0648007 0.997218 -0.988558
2 136 491 0.956237 0.220563 -0.192255 0.346787 -0.21401 0.975311 0.0544741 0.184893 0.199524 -0.0109456 0.979832 -0.91954
2 137 174 0.973798 0.185932 0.130948 -0.151242 -0.20014 0.974101 0.105224 0.046647 -0.107992 -0.128674 0.985789 -0.987395
2 138 86 0.983251 0.140992 0.11549 0.0827586 -0.16119 0.968457 0.190025 -0.147397 -0.0850552 -0.205459 0.974963 -0.985609
2 139 138 0.995004 0.0243937 0.0968087 0.260647 -0.02803 0.998945 0.0363812 0.19431 -0.0958191 -0.038913 0.994638 -0.945678
2 140 313 0.963381 -0.0902234 0.252501 0.0607116 0.0668203 0.992762 0.0997897 0.183528 -0.259677 -0.0792633 0.962437 -0.981138
2 141 313 0.949021 -0.19725 0.24587 0.115295 0.166897 0.976139 0.138916 0.161634 -0.267405 -0.0907996 0.959297 -0.980093
2 142 499 0.939038 -0.288587 0.186883 0.0942448 0.253472 0.948338 0.190807 0.0594744 -0.232293 -0.131806 0.963674 -0.993771
2 143 704 0.936658 -0.310957 0.161174 -0.034051 0.305754 0.950416 0.0567806 0.319917 -0.170839 -0.00390448 0.985291 -0.946834
2 144 1323 0.984921 -0.172616 0.0115852 0.126097 0.171374 0.982622 0.0713065 0.186394 -0.0236925 -0.0682459 0.997387 -0.974349
2 145 2250 0.989336 0.0351604 -0.14134 0.360934 -0.0253519 0.997182 0.0706086 0.110867 0.143425 -0.0662724 0.98744 -0.925978
2 146 2568 0.983228 0.0822593 -0.162777 0.457092 -0.0756129 0.996047 0.0466245 0.141866 0.165968 -0.0335345 0.985561 -0.878032
2 147 2893 0.955397 0.171148 -0.240677 0.62206 -0.154047 0.98411 0.0883011 0.116792 0.251965 -0.0472871 0.96658 -0.77421
2 148 3041 0.963195 0.198426 -0.181333 0.477559 -0.17645 0.975641 0.130349 -0.0850936 0.202781 -0.0935549 0.974745 -0.874469
2 149 2632 0.91664 0.275969 -0.289157 0.798967 -0.239049 0.958269 0.156768 -0.212475 0.320353 -0.0745775 0.944358 -0.562589
2 150 1908 0.93557 0.279933 -0.215281 0.880403 -0.269277 0.959903 0.07795 -0.153161 0.22847 -0.0149574 0.973436 -0.448813
2 151 1467 0.918308 0.269654 -0.289821 0.968793 -0.267113 0.962414 0.0490878 -0.140587 0.292165 0.0323373 0.955821 -0.204145
2 152 806 0.871302 0.300039 -0.388341 0.971357 -0.312154 0.949451 0.0331981 -0.228752 0.378672 0.0922966 0.920917 -0.0643255
2 153 322 0.835433 0.360887 -0.414503 0.948701 -0.357481 0.929678 0.0889194 -0.314731 0.417444 0.0738904 0.905694 -0.0301798
2 154 211 0.932321 0.26247 0.248769 -0.619713 -0.241743 0.963963 -0.111064 0.0226766 -0.268955 0.0434088 0.962174 0.784501
2 155 311 0.641896 0.42803 -0.636208 0.939045 -0.379754 0.898257 0.221183 -0.31761 0.666151 0.099626 0.739133 0.1316
2 156 298 0.383621 0.410285 -0.827346 0.908773 -0.343799 0.894942 0.284395 -0.281915 0.85711 0.17534 0.484374 0.307662
2 157 364 0.625081 0.356535 -0.694375 0.953735 -0.310673 0.929727 0.19771 -0.1995 0.71607 0.0921386 0.69192 0.224923
2 158 406 0.740095 0.377831 -0.556331 0.939689 -0.276269 0.925042 0.260716 -0.29269 0.613136 -0.0392577 0.789001 0.17697
2 159 392 0.667421 0.389252 -0.634848 0.9467 -0.234685 0.919014 0.316759 -0.266041 0.706733 -0.0624222 0.704721 0.181608
2 160 485 0.802401 0.367213 -0.470433 0.960781 -0.255185 0.923698 0.285765 -0.249968 0.539475 -0.109251 0.834884 0.120064
2 161 497 0.778472 0.365344 -0.510397 0.961066 -0.237724 0.924184 0.29895 -0.26313 0.580921 -0.11139 0.806302 0.0843493
2 162 187 0.967161 0.25183 0.0343769 0.474016 -0.254165 0.958368 0.130121 -0.0570633 -0.000177262 -0.134586 0.990902 -0.878665
2 163 660 0.890797 0.321875 -0.320743 0.951715 -0.246955 0.935448 0.252885 -0.278304 0.381436 -0.14606 0.912783 -0.12956
2 164 875 0.878283 0.261692 -0.40017 0.986124 -0.216296 0.96385 0.155591 -0.120085 0.426421 -0.0500977 0.903137 -0.114622
2 165 926 0.926143 0.243002 -0.288461 0.923265 -0.20273 0.965645 0.162576 -0.105605 0.318057 -0.0920891 0.943589 -0.369363
2 166 1064 0.937353 0.214906 -0.274199 0.837493 -0.177819 0.971954 0.153902 -0.00493301 0.299584 -0.0955026 0.949278 -0.546426
2 167 1398 0.885254 0.264764 -0.382395 0.927951 -0.207692 0.960668 0.184337 -0.0718592 0.416161 -0.0837647 0.905425 -0.365709
2 168 1880 0.961611 0.205322 -0.182063 0.586915 -0.167725 0.964865 0.202245 -0.099788 0.217191 -0.163945 0.962263 -0.803476
2 169 2457 0.984378 0.141668 -0.104542 0.502382 -0.126084 0.981652 0.143047 -0.0180242 0.122889 -0.127631 0.984179 -0.864458
2 170 2482 0.994564 0.0621853 -0.0835236 0.344197 -0.0508153 0.989952 0.131956 0.127002 0.0908901 -0.126994 0.98773 -0.930268
2 171 2616 0.997631 0.039797 -0.0561049 0.172681 -0.028128 0.980353 0.195237 -0.0315466 0.0627724 -0.193196 0.97915 -0.984472
2 172 2787 0.992764 0.0844219 -0.0853988 0.138984 -0.0663012 0.978291 0.196346 -0.0139283 0.100121 -0.189263 0.976809 -0.990197
3 4 6889 0.997745 0.0299148 -0.0600882 0.954452 -0.0304274 0.999508 -0.00763411 0.231584 0.0598302 0.00944522 0.998164 0.188125
3 5 5768 0.994544 0.0509023 -0.0910594 0.997412 -0.0522779 0.998551 -0.0127841 -0.0148498 0.0902767 0.0174747 0.995763 0.0703438
3 6 4586 0.993176 0.0545815 -0.103063 0.997592 -0.0543061 0.998509 0.00547747 0.0203897 0.103208 0.000156835 0.99466 0.0662885
3 7 3117 0.987873 0.0572741 -0.144318 0.982202 -0.060081 0.998078 -0.0151631 -0.104393 0.143172 0.0236499 0.989415 0.156144
3 8 2117 0.992983 0.0643008 -0.0992513 0.995433 -0.0672864 0.997368 -0.0270293 -0.0258406 0.0972521 0.0335178 0.994695 -0.0918958
3 9 1614 0.975261 0.110138 -0.191667 0.985009 -0.113009 0.993586 -0.0040775 -0.0385864 0.189989 0.0256368 0.981452 -0.168131
3 10 923 0.958174 0.139218 -0.250042 0.974398 -0.14 0.990042 0.0147477 0.063978 0.249605 0.0208751 0.968123 -0.215534
3 11 765 0.917234 0.18095 -0.354878 0.980072 -0.181421 0.982876 0.0322518 0.0819728 0.354637 0.0347999 0.934356 -0.180942
3 12 484 0.827603 0.249975 -0.50258 0.986068 -0.253335 0.965327 0.0629689 0.0328254 0.500894 0.075208 0.862235 -0.163072
3 13 309 0.983898 0.178607 -0.00657366 -0.046475 -0.178423 0.983702 0.022258 0.1012 0.010442 -0.0207267 0.999731 -0.99378
3 14 249 -0.253114 0.291393 -0.922509 0.827072 -0.192918 0.919206 0.343282 -0.188721 0.948006 0.264858 -0.176449 0.529467
3 15 120 0.994623 0.102888 -0.0117886 -0.264217 -0.102794 0.994668 0.00831256 0.283228 0.012581 -0.00705607 0.999896 -0.921939
3 16 78 0.995065 0.097934 -0.0159377 -0.289333 -0.0982215 0.994995 -0.0183891 0.250685 0.014057 0.0198638 0.999704 -0.92382
3 17 41 0.768739 0.638772 -0.0317906 0.11363 0.13349 -0.208866 -0.968791 0.429968 -0.625476 0.740503 -0.245833 0.895665
