0 1 483 0.999917 0.0121188 0.00432894 -0.238245 -0.0121372 0.999917 0.00423473 0.156092 -0.00427726 -0.00428692 0.999982 0.958579
0 2 5133 0.999962 0.00725376 -0.00491673 0.602232 -0.00725694 0.999973 -0.000630027 -0.0262867 0.00491203 0.000665683 0.999988 0.797888
0 3 6852 0.999674 -0.0013175 -0.0254938 0.954329 0.00138275 0.999996 0.00254191 -0.06441 0.0254904 -0.00257633 0.999672 0.291733
0 4 6166 0.991922 0.0375494 -0.121164 0.97674 -0.0386395 0.999231 -0.00665939 0.0349341 0.120821 0.0112873 0.99261 0.211562
0 5 4938 0.990084 0.0571802 -0.128313 0.981561 -0.0575677 0.998341 0.000690057 -0.0873093 0.12814 0.00670347 0.991733 0.170045
0 6 3838 0.988512 0.0558576 -0.14044 0.980175 -0.0555492 0.998437 0.00611813 -0.00227098 0.140562 0.00175347 0.99007 0.198122
0 7 2690 0.981876 0.0660107 -0.177655 0.973389 -0.0677469 0.997696 -0.00371788 -0.126151 0.177001 0.0156861 0.984086 0.191312
0 8 1916 0.979479 0.0829107 -0.183703 0.995521 -0.0854046 0.99633 -0.00569197 -0.0869011 0.182556 0.0212642 0.982965 0.0372197
0 9 1493 0.963494 0.127019 -0.235679 0.993047 -0.127533 0.991748 0.0131253 -0.0770215 0.235402 0.0174107 0.971742 -0.0890297
0 10 1076 0.961147 0.135894 -0.240268 0.981802 -0.135401 0.990616 0.0186364 0.0435695 0.240546 0.0146204 0.970528 -0.184841
0 11 959 0.891829 0.212992 -0.399093 0.995707 -0.19755 0.977025 0.0799768 -0.0229625 0.406958 0.00751492 0.913416 -0.0896669
0 12 678 0.833983 0.27046 -0.480962 0.995268 -0.254425 0.961934 0.0997567 -0.0439028 0.489634 0.0391732 0.871048 -0.0866846
0 13 412 0.483236 0.31925 -0.815207 0.981852 -0.305568 0.93409 0.184673 -0.121297 0.820434 0.159861 0.548938 0.145786
0 14 313 0.978665 0.189885 -0.0784775 0.481522 -0.187405 0.981551 0.0379061 0.142765 0.0842275 -0.0223902 0.996195 -0.864728
0 15 151 0.995358 0.0958107 0.00907495 -0.310259 -0.0961729 0.993745 0.056758 -0.0556691 -0.00358016 -0.0573673 0.998347 -0.949021
0 16 130 -0.691818 0.458569 -0.557766 0.608434 0.165617 0.852631 0.495572 -0.317119 0.702822 0.25047 -0.665812 0.727491
0 17 0 1 0 0 0 0 1 0 0 0 0 1 0
0 18 60 0.80545 0.187428 -0.562247 0.373421 -0.453853 -0.415029 -0.788523 0.371803 -0.38114 0.890293 -0.24922 0.849894
0 19 31 0.973874 0.207746 0.09171 0.331089 -0.213566 0.97515 0.058919 -0.177132 -0.0771909 -0.0769658 0.994041 0.926825
0 20 0 1 0 0 0 0 1 0 0 0 0 1 0
0 21 0 1 0 0 0 0 1 0 0 0 0 1 0
0 22 0 1 0 0 0 0 1 0 0 0 0 1 0
0 23 0 1 0 0 0 0 1 0 0 0 0 1 0
0 24 0 1 0 0 0 0 1 0 0 0 0 1 0
0 25 0 1 0 0 0 0 1 0 0 0 0 1 0
0 26 0 1 0 0 0 0 1 0 0 0 0 1 0
0 27 16 -0.66306 0.181999 0.726105 0.408336 -0.00288478 -0.970608 0.24065 -0.0435009 0.748561 0.15747 0.644096 0.911795
0 28 27 0.964616 -0.2287 0.131196 0.350504 0.224083 0.97333 0.0491386 0.266071 -0.138935 -0.018001 0.990138 0.897972
0 29 12 0.795291 -0.508453 0.330134 -0.331439 0.571441 0.810566 -0.128212 -0.273766 -0.202405 0.290618 0.935186 -0.902884
0 30 0 1 0 0 0 0 1 0 0 0 0 1 0
0 31 11 0.955544 -0.233923 0.179485 0.310921 0.261508 0.953562 -0.149443 0.225993 -0.136192 0.189737 0.972343 0.923177
0 32 17 0.957823 -0.24108 0.156384 0.286391 0.269672 0.942086 -0.199377 0.187126 -0.0992616 0.233141 0.967364 0.939662
0 33 0 1 0 0 0 0 1 0 0 0 0 1 0
0 34 0 1 0 0 0 0 1 0 0 0 0 1 0
0 35 0 1 0 0 0 0 1 0 0 0 0 1 0
0 36 46 0.883634 -0.156041 -0.441409 -0.478685 0.107828 0.985306 -0.132456 -0.203462 0.455592 0.0694464 0.887476 0.854087
0 37 0 1 0 0 0 0 1 0 0 0 0 1 0
0 38 0 1 0 0 0 0 1 0 0 0 0 1 0
0 39 0 1 0 0 0 0 1 0 0 0 0 1 0
0 40 0 1 0 0 0 0 1 0 0 0 0 1 0
0 41 0 1 0 0 0 0 1 0 0 0 0 1 0
0 42 10 0.913521 0.294644 -0.280471 0.164996 -0.266399 0.954374 0.134915 0.223836 0.307427 -0.0485305 0.950333 0.960559
0 43 23 -0.654256 0.712973 -0.252226 0.302593 0.756043 0.608389 -0.241374 -0.10358 -0.0186417 -0.348614 -0.937081 0.947475
0 44 0 1 0 0 0 0 1 0 0 0 0 1 0
0 45 0 1 0 0 0 0 1 0 0 0 0 1 0
0 46 11 0.403836 0.844957 -0.350662 -0.0245275 -0.903294 0.428972 -0.00661649 0.295327 0.144833 0.319423 0.936479 -0.955081
0 47 0 1 0 0 0 0 1 0 0 0 0 1 0
0 48 0 1 0 0 0 0 1 0 0 0 0 1 0
0 49 0 1 0 0 0 0 1 0 0 0 0 1 0
0 50 0 1 0 0 0 0 1 0 0 0 0 1 0
0 51 0 1 0 0 0 0 1 0 0 0 0 1 0
0 52 14 0.115897 0.956443 0.267927 -0.064184 0.961803 -0.175416 0.210152 -0.031081 0.247997 0.233337 -0.94024 0.997454
0 53 0 1 0 0 0 0 1 0 0 0 0 1 0
0 54 47 0.118851 -0.970616 -0.209236 -0.333377 0.9857 0.0899843 0.142475 0.139402 -0.11946 -0.223177 0.96743 0.932431
0 55 61 0.528633 -0.553466 0.643601 -0.407669 -0.733904 -0.67899 0.0189066 -0.00782211 0.426535 -0.482336 -0.765127 0.913096
0 56 0 1 0 0 0 0 1 0 0 0 0 1 0
0 57 0 1 0 0 0 0 1 0 0 0 0 1 0
0 58 0 1 0 0 0 0 1 0 0 0 0 1 0
0 59 0 1 0 0 0 0 1 0 0 0 0 1 0
0 60 0 1 0 0 0 0 1 0 0 0 0 1 0
0 61 0 1 0 0 0 0 1 0 0 0 0 1 0
0 62 0 1 0 0 0 0 1 0 0 0 0 1 0
0 63 0 1 0 0 0 0 1 0 0 0 0 1 0
0 64 0 1 0 0 0 0 1 0 0 0 0 1 0
0 65 14 -0.251296 0.967442 -0.0300972 0.0853186 -0.849624 -0.205583 0.48567 0.047988 0.46367 0.147618 0.873624 0.995197
0 66 0 1 0 0 0 0 1 0 0 0 0 1 0
0 67 32 0.354551 -0.79622 0.490232 -0.271877 0.414868 0.603817 0.680654 -0.232312 -0.837961 -0.0379455 0.54441 0.93387
0 68 20 0.35267 -0.927864 0.121211 -0.0556393 -0.66047 -0.155064 0.734666 -0.306481 -0.662875 -0.339151 -0.667513 0.950249
0 69 21 0.684537 -0.556088 -0.471355 -0.322934 0.689491 0.703823 0.170984 -0.0661663 0.236668 -0.44204 0.86521 0.944106
0 70 72 -0.31891 0.252364 0.913569 -0.152578 0.430036 0.897498 -0.0978067 0.0101187 -0.84461 0.361676 -0.394747 0.98824
0 71 28 0.288196 0.687389 -0.666663 0.235701 0.81499 -0.541583 -0.206103 0.0574421 -0.502727 -0.483926 -0.716297 0.970126
0 72 164 -0.358381 -0.610763 0.706068 -0.0998165 -0.549832 0.749306 0.369086 -0.244207 -0.754485 -0.255945 -0.604354 0.964572
0 73 0 1 0 0 0 0 1 0 0 0 0 1 0
0 74 48 -0.395971 0.888688 0.231171 0.117367 0.871911 0.284901 0.398249 -0.505629 0.288058 0.359255 -0.88767 0.85473
0 75 0 1 0 0 0 0 1 0 0 0 0 1 0
0 76 0 1 0 0 0 0 1 0 0 0 0 1 0
0 77 29 -0.293204 -0.923594 0.246993 0.00421332 0.930989 -0.217062 0.293503 -0.0764682 -0.217465 0.316004 0.923499 -0.997063
0 78 0 1 0 0 0 0 1 0 0 0 0 1 0
0 79 0 1 0 0 0 0 1 0 0 0 0 1 0
0 80 0 1 0 0 0 0 1 0 0 0 0 1 0
0 81 30 0.600474 -0.18442 0.778088 0.294142 0.654819 0.671886 -0.346095 0.0135745 -0.458959 0.717327 0.524212 0.955665
0 82 0 1 0 0 0 0 1 0 0 0 0 1 0
0 83 25 0.820453 0.518625 -0.240594 0.225565 0.440018 -0.841508 -0.313446 0.241931 -0.365022 0.151302 -0.918622 0.943711
0 84 11 0.956795 -0.145326 -0.251841 -0.149922 -0.145469 -0.989196 0.0181566 0.240783 -0.251758 0.0192628 -0.967598 0.95893
0 85 0 1 0 0 0 0 1 0 0 0 0 1 0
0 86 73 -0.953706 -0.288247 0.0857837 0.0656936 0.299985 -0.931997 0.203449 -0.054432 0.0213067 0.219764 0.97532 0.996354
0 87 19 -0.626466 -0.746925 0.222807 0.000677905 0.768971 -0.638968 0.0200751 -0.0720624 0.127372 0.183909 0.974656 0.9974
0 88 21 -0.571787 -0.752021 0.32791 0.072438 0.714967 -0.652788 -0.250378 -0.23376 0.402345 0.0912815 0.910926 0.969592
0 89 0 1 0 0 0 0 1 0 0 0 0 1 0
0 90 0 1 0 0 0 0 1 0 0 0 0 1 0
0 91 0 1 0 0 0 0 1 0 0 0 0 1 0
0 92 0 1 0 0 0 0 1 0 0 0 0 1 0
0 93 0 1 0 0 0 0 1 0 0 0 0 1 0
0 94 0 1 0 0 0 0 1 0 0 0 0 1 0
0 95 0 1 0 0 0 0 1 0 0 0 0 1 0
0 96 0 1 0 0 0 0 1 0 0 0 0 1 0
0 97 0 1 0 0 0 0 1 0 0 0 0 1 0
0 98 0 1 0 0 0 0 1 0 0 0 0 1 0
0 99 0 1 0 0 0 0 1 0 0 0 0 1 0
0 100 22 -0.891769 -0.432333 0.133551 0.363107 -0.43703 0.899423 -0.00658523 -0.0409064 -0.117272 -0.0642381 -0.99102 0.930849
0 101 0 1 0 0 0 0 1 0 0 0 0 1 0
0 102 0 1 0 0 0 0 1 0 0 0 0 1 0
0 103 0 1 0 0 0 0 1 0 0 0 0 1 0
0 104 58 -0.761244 -0.452938 -0.464063 -0.0622099 -0.593176 0.775525 0.216108 -0.229632 0.262009 0.439782 -0.859036 0.971287
0 105 0 1 0 0 0 0 1 0 0 0 0 1 0
0 106 0 1 0 0 0 0 1 0 0 0 0 1 0
0 107 0 1 0 0 0 0 1 0 0 0 0 1 0
0 108 0 1 0 0 0 0 1 0 0 0 0 1 0
0 109 11 -0.560332 -0.357083 0.747342 0.351218 0.56926 -0.821441 0.0343242 0.0813075 0.60164 0.444665 0.663553 0.932757
0 110 14 0.980753 0.169368 -0.0971486 0.3467 -0.17833 0.979618 -0.0924542 0.0597198 0.0795096 0.107999 0.990966 0.936073
0 111 0 1 0 0 0 0 1 0 0 0 0 1 0
0 112 20 -0.237726 0.816602 -0.525972 0.38831 0.842549 -0.0960808 -0.529981 0.141191 -0.48332 -0.569148 -0.665186 0.910648
0 113 0 1 0 0 0 0 1 0 0 0 0 1 0
0 114 0 1 0 0 0 0 1 0 0 0 0 1 0
0 115 0 1 0 0 0 0 1 0 0 0 0 1 0
0 116 0 1 0 0 0 0 1 0 0 0 0 1 0
0 117 0 1 0 0 0 0 1 0 0 0 0 1 0
0 118 11 0.850049 0.221341 -0.477938 0.126476 -0.209222 0.974651 0.0792608 -0.242552 0.483366 0.0326193 0.87481 -0.961859
0 119 0 1 0 0 0 0 1 0 0 0 0 1 0
0 120 159 0.953194 0.0850792 -0.290143 -0.442009 -0.0947505 0.995312 -0.0194224 0.191507 0.287131 0.0460045 0.956786 -0.876329
0 121 227 0.898682 0.17975 -0.400075 -0.0350141 -0.182887 0.982655 0.030682 0.196436 0.398651 0.0455952 0.915969 -0.979891
0 122 318 0.948432 0.211752 0.235877 -0.837868 -0.121309 0.929959 -0.347073 0.521262 -0.292849 0.300561 0.907691 -0.162059
0 123 465 0.979651 0.187477 0.0716691 -0.821714 -0.180287 0.97889 -0.0962908 0.300504 -0.0882085 0.0814104 0.99277 -0.484235
0 124 465 0.869428 0.292129 -0.398442 -0.109766 -0.309673 0.950606 0.0212343 0.307055 0.384964 0.104925 0.916948 -0.94534
0 125 518 0.929509 0.294758 -0.221654 -0.381448 -0.307733 0.951126 -0.0256645 0.343996 0.203256 0.0920656 0.974788 -0.858
0 126 491 0.882742 0.377095 -0.280297 -0.238755 -0.391003 0.920364 0.0068159 0.340933 0.260546 0.10358 0.959889 -0.909264
0 127 601 0.843718 0.423708 -0.329564 -0.116299 -0.448988 0.893538 -0.000667931 0.404141 0.294195 0.148534 0.944133 -0.907273
0 128 680 0.88652 0.398772 -0.234655 -0.208441 -0.440543 0.882506 -0.164632 0.58899 0.141434 0.249326 0.958036 -0.780797
0 129 592 0.907309 0.331584 -0.258538 -0.0765801 -0.416284 0.794891 -0.441424 0.862893 0.0591399 0.508134 0.859245 -0.499551
0 130 507 0.922258 0.313806 -0.225756 -0.0478752 -0.340436 0.935977 -0.0897222 0.40109 0.183147 0.159603 0.970043 -0.914787
0 131 553 0.954823 0.268337 -0.127705 -0.152406 -0.276736 0.959483 -0.0530087 0.298139 0.108306 0.0859544 0.990395 -0.942277
0 132 669 0.969259 0.229818 -0.0878733 -0.120101 -0.236567 0.968631 -0.0760901 0.305731 0.0676299 0.0945389 0.993221 -0.944513
0 133 719 0.972015 0.210895 -0.103493 -0.0142045 -0.222577 0.967681 -0.118546 0.373132 0.0751478 0.138264 0.98754 -0.92767
0 134 930 0.965696 0.216516 -0.14336 0.107201 -0.227514 0.971591 -0.0651811 0.317861 0.125174 0.0955615 0.987522 -0.942058
0 135 1066 0.975799 0.20079 -0.0866026 0.0783137 -0.19708 0.979135 0.0495326 0.187294 0.0947413 -0.0312661 0.995011 -0.979177
0 136 965 0.972387 0.211068 -0.0995702 0.190779 -0.20588 0.976742 0.0598971 0.182492 0.109897 -0.0377437 0.993226 -0.964521
0 137 899 0.969829 0.199816 -0.139661 0.413114 -0.194502 0.979583 0.0508555 0.150096 0.146971 -0.0221568 0.988893 -0.898225
0 138 561 0.979676 0.128099 -0.154355 0.564562 -0.12677 0.99176 0.0184634 0.183986 0.155448 0.0014794 0.987843 -0.804624
0 139 593 0.99419 0.0303179 0.10328 0.272766 -0.0354671 0.998199 0.0483908 0.177301 -0.101627 -0.0517727 0.993474 -0.945602
0 140 564 0.984084 -0.039917 0.173161 0.251009 0.0266932 0.996593 0.0780352 0.202975 -0.175686 -0.072171 0.981797 -0.946465
0 141 545 0.952458 -0.216951 0.213907 0.183544 0.181855 0.968135 0.172173 0.117339 -0.244444 -0.125087 0.961561 -0.975983
0 142 730 0.951392 -0.266555 0.154278 0.193629 0.235987 0.952809 0.190958 0.0655823 -0.197898 -0.145268 0.969399 -0.97888
0 143 1152 0.952004 -0.286423 0.107933 0.124725 0.274796 0.9551 0.110772 0.200305 -0.134814 -0.0757964 0.987968 -0.971762
0 144 1792 0.987401 -0.156778 -0.0214231 0.245093 0.158216 0.980284 0.11837 0.0731627 0.00244295 -0.120268 0.992738 -0.966735
0 145 2652 0.9909 0.0485269 -0.12555 0.35206 -0.0382652 0.995824 0.0828929 0.0826076 0.129048 -0.0773344 0.988618 -0.932325
0 146 2969 0.971552 0.106244 -0.211659 0.615079 -0.0996015 0.994148 0.0418342 0.152088 0.214864 -0.0195626 0.976448 -0.773658
0 147 3114 0.967029 0.182219 -0.177908 0.500098 -0.162283 0.979305 0.120937 0.00563501 0.196264 -0.0880777 0.976587 -0.865951
0 148 3121 0.920197 0.231535 -0.315641 0.868246 -0.187704 0.968563 0.16326 -0.174413 0.343519 -0.0909839 0.934728 -0.464467
0 149 2729 0.880043 0.289773 -0.37624 0.94297 -0.240957 0.955166 0.172041 -0.223144 0.409224 -0.0607462 0.91041 -0.247012
0 150 2013 0.88572 0.324858 -0.331614 0.945366 -0.292383 0.945238 0.145042 -0.292538 0.360572 -0.0315086 0.932199 -0.14389
0 151 1497 0.911549 0.299493 -0.281751 0.948385 -0.284542 0.954085 0.0935847 -0.254544 0.296842 -0.00513707 0.954913 -0.189136
0 152 1048 0.856524 0.321037 -0.404106 0.959864 -0.323797 0.943984 0.0636328 -0.280407 0.401898 0.0763454 0.912496 -0.00582085
0 153 455 0.854617 0.362923 -0.371371 0.952338 -0.366883 0.928148 0.062746 -0.304147 0.36746 0.0826261 0.926362 -0.02339
0 154 368 0.793253 0.387141 -0.469969 0.959107 -0.377085 0.918367 0.120038 -0.280852 0.478076 0.0819977 0.874483 0.0351493
0 155 321 0.817616 0.414966 -0.399133 0.938014 -0.389963 0.909125 0.146359 -0.34585 0.423596 0.0359817 0.905136 0.0227656
0 156 254 0.958997 0.270894 0.0833121 -0.500152 -0.268347 0.962466 -0.0406015 -0.101329 -0.0911838 0.0165802 0.995696 0.859989
0 157 491 0.807338 0.391861 -0.441192 0.939792 -0.344827 0.920023 0.186151 -0.292152 0.478852 0.001848 0.877894 0.17731
0 158 432 0.793085 0.349277 -0.499021 0.942458 -0.276218 0.936409 0.216428 -0.257569 0.542881 -0.0338067 0.839129 0.213146
0 159 473 0.76808 0.358404 -0.530659 0.956771 -0.260498 0.93191 0.25236 -0.221873 0.584973 -0.0555966 0.809145 0.188048
0 160 516 0.794408 0.400372 -0.456748 0.935904 -0.269476 0.906255 0.325707 -0.3156 0.544334 -0.135661 0.827826 0.156461
0 161 586 0.791006 0.332018 -0.513881 0.972244 -0.234095 0.94027 0.24717 -0.180608 0.565251 -0.0752161 0.821483 0.148736
0 162 636 0.828852 0.349427 -0.436926 0.97302 -0.262007 0.93247 0.248703 -0.225215 0.494324 -0.0916602 0.864432 0.0501102
0 163 866 0.862565 0.319155 -0.392583 0.976506 -0.240044 0.941199 0.237746 -0.214117 0.445377 -0.110834 0.888457 -0.0243007
0 164 1075 0.869874 0.281462 -0.405091 0.982356 -0.223018 0.95691 0.185975 -0.178271 0.439981 -0.0714321 0.895162 -0.0565414
0 165 1238 0.914211 0.246651 -0.321529 0.962696 -0.205833 0.966095 0.155861 -0.0905685 0.349071 -0.0763086 0.933984 -0.254976
0 166 1461 0.894325 0.251294 -0.37018 0.940147 -0.194413 0.963443 0.18434 -0.0740543 0.402971 -0.0928924 0.910486 -0.332625
0 167 1612 0.913922 0.269338 -0.303651 0.862763 -0.214867 0.95573 0.201029 -0.12315 0.344353 -0.11848 0.931334 -0.490382
0 168 2058 0.958589 0.209353 -0.193074 0.666645 -0.173462 0.966887 0.187191 -0.0509269 0.22587 -0.145948 0.963162 -0.743633
0 169 2612 0.970668 0.15672 -0.182327 0.719272 -0.131686 0.98104 0.142195 -0.0147884 0.201155 -0.114014 0.972902 -0.694571
0 170 2681 0.990813 0.083223 -0.106599 0.452507 -0.0650579 0.984347 0.163793 0.0298421 0.118562 -0.155353 0.980718 -0.891261
0 171 3058 0.994164 0.0380078 -0.100959 0.33162 -0.0222385 0.987983 0.152956 0.110502 0.105559 -0.149818 0.983062 -0.936919
0 172 3185 0.982524 0.0940914 -0.160604 0.400223 -0.065548 0.982459 0.174581 0.0634418 0.174214 -0.161002 0.971457 -0.914219
1 2 7376 0.999691 0.00641891 -0.0240058 0.917677 -0.00638346 0.999978 0.00155294 -0.146556 0.0240153 -0.00139922 0.999711 0.36931
1 3 7093 0.997969 0.00131977 -0.0636948 0.988962 -0.0011444 0.999995 0.00278975 -0.0649758 0.0636982 -0.00271119 0.997966 0.133161
1 4 6346 0.99454 0.0287822 -0.100306 0.97181 -0.027589 0.999531 0.013263 -0.190033 0.10064 -0.0104233 0.994868 0.139541
1 5 5029 0.992235 0.0429359 -0.116729 0.988542 -0.0448165 0.998904 -0.0135333 -0.0336509 0.11602 0.0186596 0.993072 0.147146
1 6 3951 0.992217 0.0447212 -0.116211 0.979704 -0.0447389 0.998996 0.00245712 -0.00570664 0.116204 0.00276116 0.993222 0.200371
1 7 2688 0.985399 0.0457221 -0.164008 0.974923 -0.0500403 0.998498 -0.022293 -0.0852353 0.162742 0.0301745 0.986207 0.205573
1 8 1886 0.984996 0.0573368 -0.162775 0.99979 -0.0638441 0.997345 -0.0350271 -0.0132401 0.160335 0.0448938 0.986041 0.0156216
1 9 1606 0.959929 0.110487 -0.257545 0.997578 -0.118576 0.992815 -0.0160406 -0.0163466 0.253923 0.0459365 0.966133 -0.0676122
1 10 1009 0.962866 0.12146 -0.241114 0.981333 -0.124967 0.992161 0.000753643 0.0778935 0.239315 0.0294055 0.970497 -0.175836
1 11 1065 0.942791 0.166807 -0.288652 0.981199 -0.159 0.985988 0.0504609 0.0245886 0.293025 -0.00167836 0.956103 -0.191426
1 12 747 0.891647 0.238662 -0.384715 0.979781 -0.231354 0.970633 0.065939 0.00520378 0.389154 0.0302108 0.920677 -0.200006
1 13 380 0.834209 0.253793 -0.489576 0.991812 -0.271478 0.961771 0.0359941 0.0268819 0.479995 0.102882 0.871218 -0.124845
1 14 348 0.895858 0.20752 -0.392905 0.942299 -0.21939 0.975522 0.0150108 0.131228 0.386402 0.0727518 0.919457 -0.307981
1 15 202 0.884684 0.251258 -0.392689 0.933577 -0.236431 0.967784 0.086574 0.0179398 0.40179 0.0162533 0.915588 -0.357927
1 16 150 0.719874 0.257084 -0.644739 0.997906 -0.309126 0.950419 0.0338215 0.018866 0.621468 0.174958 0.763654 0.0618728
1 17 0 1 0 0 0 0 1 0 0 0 0 1 0
1 18 39 0.994701 0.0971375 0.0336667 -0.311283 -0.0977684 0.995053 0.017623 0.222138 -0.0317883 -0.0208212 0.999278 -0.92399
1 19 27 0.996031 0.067207 0.0583591 0.327662 -0.0683511 0.997502 0.0178322 -0.198056 -0.0570149 -0.0217504 0.998136 0.923803
1 20 0 1 0 0 0 0 1 0 0 0 0 1 0
1 21 0 1 0 0 0 0 1 0 0 0 0 1 0
1 22 11 0.437986 0.898654 0.024276 0.260186 -0.894146 0.432674 0.115313 0.108225 0.0931231 -0.0722119 0.993032 0.959474
1 23 0 1 0 0 0 0 1 0 0 0 0 1 0
1 24 0 1 0 0 0 0 1 0 0 0 0 1 0
1 25 0 1 0 0 0 0 1 0 0 0 0 1 0
1 26 0 1 0 0 0 0 1 0 0 0 0 1 0
1 27 25 0.537148 0.843439 0.00914902 0.426531 -0.672204 0.434598 -0.599389 -0.173064 -0.509524 0.31581 0.800406 0.887761
1 28 32 0.673876 0.33758 -0.657214 0.351487 0.388451 -0.918533 -0.0735079 0.268403 -0.628488 -0.205761 -0.750111 0.896893
1 29 13 0.896595 -0.359207 0.259013 -0.33557 0.399723 0.908187 -0.124171 -0.254476 -0.190629 0.214865 0.957859 -0.906992
1 30 0 1 0 0 0 0 1 0 0 0 0 1 0
1 31 0 1 0 0 0 0 1 0 0 0 0 1 0
1 32 0 1 0 0 0 0 1 0 0 0 0 1 0
1 33 0 1 0 0 0 0 1 0 0 0 0 1 0
1 34 0 1 0 0 0 0 1 0 0 0 0 1 0
1 35 0 1 0 0 0 0 1 0 0 0 0 1 0
1 36 0 1 0 0 0 0 1 0 0 0 0 1 0
1 37 35 0.0615957 0.9961 -0.0631679 0.269048 -0.961975 0.0423742 -0.26983 -0.0510224 -0.266101 0.0773864 0.960834 -0.961774
1 38 0 1 0 0 0 0 1 0 0 0 0 1 0
1 39 0 1 0 0 0 0 1 0 0 0 0 1 0
1 40 0 1 0 0 0 0 1 0 0 0 0 1 0
1 41 0 1 0 0 0 0 1 0 0 0 0 1 0
1 42 0 1 0 0 0 0 1 0 0 0 0 1 0
1 43 0 1 0 0 0 0 1 0 0 0 0 1 0
1 44 0 1 0 0 0 0 1 0 0 0 0 1 0
1 45 0 1 0 0 0 0 1 0 0 0 0 1 0
1 46 23 0.941793 0.33169 0.0548432 -0.221146 -0.336115 0.925433 0.174932 0.110556 0.00726941 -0.183183 0.983052 -0.968954
1 47 0 1 0 0 0 0 1 0 0 0 0 1 0
1 48 0 1 0 0 0 0 1 0 0 0 0 1 0
1 49 0 1 0 0 0 0 1 0 0 0 0 1 0
1 50 0 1 0 0 0 0 1 0 0 0 0 1 0
1 51 13 -0.985389 -0.121851 -0.119001 -0.10688 -0.148459 0.956936 0.249464 -0.0713279 0.0834785 0.263486 -0.961044 0.99171
1 52 0 1 0 0 0 0 1 0 0 0 0 1 0
1 53 16 0.00219255 0.986886 0.161404 -0.31331 0.990724 -0.0240735 0.133737 -0.01913 0.135868 0.159614 -0.977785 0.949458
1 54 0 1 0 0 0 0 1 0 0 0 0 1 0
1 55 50 0.0179791 -0.822746 0.568125 -0.395045 -0.986622 -0.106682 -0.123272 0.00159374 0.162031 -0.558308 -0.813657 0.91866
1 56 27 -0.677322 0.639559 -0.363592 -0.139124 -0.689744 -0.723963 0.0114463 0.026861 -0.255906 0.258538 0.931488 0.989911
1 57 0 1 0 0 0 0 1 0 0 0 0 1 0
1 58 16 -0.80934 -0.100249 0.578723 -0.154941 -0.207216 0.970703 -0.121641 0.000694136 -0.549574 -0.218369 -0.806402 0.987923
1 59 0 1 0 0 0 0 1 0 0 0 0 1 0
1 60 28 0.64745 -0.535304 0.542455 0.195724 0.593317 0.800775 0.0820632 0.231665 -0.478314 0.268716 0.836067 0.952903
1 61 29 0.686337 -0.666551 -0.290949 0.299878 0.639379 0.743649 -0.195398 0.306034 0.346606 -0.0519178 0.936573 0.903558
1 62 0 1 0 0 0 0 1 0 0 0 0 1 0
1 63 0 1 0 0 0 0 1 0 0 0 0 1 0
1 64 0 1 0 0 0 0 1 0 0 0 0 1 0
1 65 0 1 0 0 0 0 1 0 0 0 0 1 0
1 66 32 0.867116 -0.438362 -0.236534 -0.251631 0.453199 0.891359 0.00946339 -0.117462 0.206688 -0.115403 0.971577 -0.960669
1 67 17 0.839917 -0.440512 -0.316998 0.221561 -0.265455 -0.842917 0.468 -0.0635878 -0.473363 -0.308933 -0.824917 0.973071
1 68 19 -0.820435 -0.471993 0.32266 -0.0221986 0.440916 -0.881593 -0.168483 -0.216072 0.363977 0.00403663 0.931399 0.976125
1 69 15 0.770637 0.605758 -0.197927 0.0412182 0.636803 -0.743926 0.202622 -0.0358474 -0.0245032 -0.282189 -0.959046 0.998507
1 70 22 0.7986 -0.49353 0.34448 -0.230223 0.562299 0.815899 -0.134641 -0.063603 -0.214611 0.301225 0.929089 -0.971057
1 71 23 0.827476 0.455714 -0.328036 0.224979 0.519532 -0.843 0.139417 0.0605548 -0.213 -0.285789 -0.934321 0.97248
1 72 36 0.521209 0.844627 0.122252 0.297143 -0.850342 0.526141 -0.00971008 0.0400746 -0.0725233 -0.0988952 0.992452 0.953992
1 73 0 1 0 0 0 0 1 0 0 0 0 1 0
1 74 22 -0.845355 0.391017 -0.363979 0.28606 0.468441 0.870105 -0.15323 -0.0596027 0.256784 -0.300036 -0.918716 0.956356
1 75 0 1 0 0 0 0 1 0 0 0 0 1 0
1 76 0 1 0 0 0 0 1 0 0 0 0 1 0
1 77 37 0.435661 -0.885197 0.163174 0.022306 -0.875728 -0.458745 -0.150509 0.295867 0.208085 -0.0773253 -0.975049 0.954969
1 78 22 -0.873659 -0.459269 0.160599 -0.0233932 -0.477974 0.748514 -0.459638 0.288681 0.090887 -0.478329 -0.873465 0.95714
1 79 18 0.659948 -0.744469 0.101166 -0.0723479 0.729834 0.667209 0.148911 0.307397 -0.178358 -0.0244397 0.983662 0.948827
1 80 10 0.366981 -0.90598 0.21101 -0.0183682 0.867583 0.415181 0.273725 0.113486 -0.335597 0.0826167 0.938376 -0.99337
1 81 18 -0.226191 -0.915216 -0.333493 0.0433674 0.970032 -0.180445 -0.162722 0.15099 0.0887489 -0.360305 0.928603 -0.987584
1 82 0 1 0 0 0 0 1 0 0 0 0 1 0
1 83 38 0.865231 0.260747 -0.428235 0.313383 0.21003 -0.96407 -0.162653 0.130806 -0.45526 0.0507904 -0.888909 0.940575
1 84 45 -0.750086 0.41322 -0.516353 0.272271 0.208601 0.888739 0.408201 -0.16931 0.62758 0.198474 -0.752829 0.947208
1 85 35 -0.102439 0.980625 0.166973 -0.152296 0.781843 0.18315 -0.595968 0.247309 -0.615002 0.0694963 -0.785457 0.956893
1 86 36 0.979321 0.197008 -0.0460252 0.021782 -0.202152 0.94383 -0.261379 -0.0438109 -0.00805359 0.265278 0.964138 0.998802
1 87 33 -0.163622 -0.807946 0.566084 -0.0156723 0.963563 -0.253962 -0.0839587 -0.0798387 0.211598 0.53172 0.820061 0.996685
1 88 23 0.405514 -0.910541 -0.0804599 -0.0094531 0.753793 0.382895 -0.534029 -0.14507 0.517063 0.155906 0.841629 0.989376
1 89 25 -0.958838 0.283817 -0.00880161 0.0253048 -0.283037 -0.952799 0.10984 -0.12454 0.0227882 0.10781 0.99391 0.991892
1 90 22 -0.69368 -0.578098 0.429664 -0.0673627 0.521552 -0.814557 -0.253929 -0.168339 0.496782 0.0479472 0.86655 0.983425
1 91 0 1 0 0 0 0 1 0 0 0 0 1 0
1 92 34 0.371476 0.928348 -0.0132704 0.102167 0.780979 -0.320172 -0.536248 0.0973511 -0.502074 0.18884 -0.843956 0.989992
1 93 0 1 0 0 0 0 1 0 0 0 0 1 0
1 94 0 1 0 0 0 0 1 0 0 0 0 1 0
1 95 0 1 0 0 0 0 1 0 0 0 0 1 0
1 96 0 1 0 0 0 0 1 0 0 0 0 1 0
1 97 19 -0.938393 0.120224 0.323983 -0.325891 -0.0200306 -0.954879 0.29632 -0.0674316 0.344989 0.271575 0.898459 -0.942999
1 98 0 1 0 0 0 0 1 0 0 0 0 1 0
1 99 0 1 0 0 0 0 1 0 0 0 0 1 0
1 100 13 -0.818311 0.553402 -0.155285 0.371858 0.566853 0.732319 -0.377341 -0.0577415 -0.0951027 -0.396806 -0.912962 0.926492
1 101 0 1 0 0 0 0 1 0 0 0 0 1 0
1 102 0 1 0 0 0 0 1 0 0 0 0 1 0
1 103 0 1 0 0 0 0 1 0 0 0 0 1 0
1 104 22 -0.836296 -0.36751 0.406873 -0.250669 -0.0830507 0.818441 0.568556 -0.327139 -0.541952 0.44169 -0.714981 0.911123
1 105 0 1 0 0 0 0 1 0 0 0 0 1 0
1 106 0 1 0 0 0 0 1 0 0 0 0 1 0
1 107 0 1 0 0 0 0 1 0 0 0 0 1 0
1 108 0 1 0 0 0 0 1 0 0 0 0 1 0
1 109 16 -0.924545 0.124504 0.360159 0.358943 -0.0049901 -0.948995 0.31525 0.0820768 0.38104 0.289666 0.878011 0.929744
1 110 0 1 0 0 0 0 1 0 0 0 0 1 0
1 111 0 1 0 0 0 0 1 0 0 0 0 1 0
1 112 0 1 0 0 0 0 1 0 0 0 0 1 0
1 113 0 1 0 0 0 0 1 0 0 0 0 1 0
1 114 0 1 0 0 0 0 1 0 0 0 0 1 0
1 115 0 1 0 0 0 0 1 0 0 0 0 1 0
1 116 17 0.866325 0.12983 -0.482313 0.13051 -0.113659 0.991536 0.0627519 -0.260371 0.486378 0.00045563 0.873749 -0.956647
1 117 12 0.618334 -0.753783 -0.22243 0.377729 0.781283 0.620242 0.0699807 -0.22394 0.0852104 -0.217052 0.972434 -0.898427
1 118 33 -0.524507 -0.572229 -0.630434 0.179592 -0.214354 0.805363 -0.552669 0.262775 0.823981 -0.154743 -0.545077 0.947996
1 119 0 1 0 0 0 0 1 0 0 0 0 1 0
1 120 112 0.788802 0.18439 -0.586338 0.572156 -0.18973 0.980401 0.0530688 0.0796085 0.584631 0.0693851 0.808327 -0.816272
1 121 261 0.540031 -0.00502891 0.84163 -0.936857 0.113322 0.991311 -0.0667896 0.0583185 -0.833981 0.131444 0.535909 0.344816
1 122 314 0.896427 0.160398 0.413147 -0.92086 -0.0272273 0.950381 -0.309895 0.387497 -0.442353 0.26655 0.856315 -0.0431671
1 123 423 0.85267 0.307007 -0.42273 -0.0397747 -0.328861 0.944114 0.0223289 0.307054 0.40596 0.11998 0.905981 -0.950861
1 124 488 0.419265 0.409834 -0.810094 0.885496 -0.254896 0.909556 0.328231 -0.302854 0.871346 0.0688737 0.485811 -0.352386
1 125 513 0.920819 0.306002 -0.241775 -0.341264 -0.319505 0.947418 -0.0177626 0.33766 0.223626 0.0936044 0.97017 -0.877225
1 126 539 0.956333 0.291967 0.0135283 -0.653798 -0.285842 0.943924 -0.165231 0.463014 -0.0610117 0.154149 0.986162 -0.598471
1 127 573 0.8716 0.411615 -0.266245 -0.22193 -0.439532 0.896685 -0.0526086 0.459935 0.217084 0.162877 0.962469 -0.859772
1 128 602 0.921066 0.372193 -0.114499 -0.355437 -0.383784 0.817851 -0.428753 0.811091 -0.0659357 0.438853 0.896136 -0.464537
1 129 595 0.899261 0.367021 -0.23796 -0.0996293 -0.401257 0.90875 -0.114743 0.487454 0.174133 0.198666 0.964474 -0.867446
1 130 479 0.921598 0.29922 -0.247234 -0.0158772 -0.370955 0.866455 -0.334138 0.727614 0.114236 0.399654 0.90952 -0.685803
1 131 506 0.96256 0.246602 -0.11254 -0.182684 -0.255867 0.963652 -0.0768511 0.32631 0.0894973 0.102769 0.990671 -0.927442
1 132 666 0.96975 0.228265 -0.0864853 -0.124655 -0.235475 0.968151 -0.085065 0.315735 0.0643135 0.102857 0.992615 -0.940623
1 133 730 0.969642 0.202405 -0.137211 0.0447836 -0.219004 0.968428 -0.119095 0.364654 0.108773 0.14553 0.983356 -0.930065
1 134 911 0.964908 0.212481 -0.154284 0.126319 -0.225178 0.971806 -0.0699119 0.319019 0.13508 0.1022 0.98555 -0.939293
1 135 1046 0.980716 0.180949 -0.0738534 0.0482724 -0.178935 0.983304 0.0330838 0.209815 0.0786068 -0.0192308 0.99672 -0.976549
1 136 1008 0.978062 0.1986 -0.0628724 0.115654 -0.194075 0.978384 0.0714138 0.154674 0.0756962 -0.0576452 0.995463 -0.981173
1 137 972 0.983506 0.171105 -0.0586485 0.257809 -0.169835 0.985129 0.0260285 0.198858 0.0622299 -0.0156386 0.997939 -0.94551
1 138 597 0.995155 0.0947005 -0.0264228 0.342478 -0.0945411 0.995495 0.00722016 0.214318 0.0269875 -0.00468714 0.999625 -0.914755
1 139 616 0.994412 0.0240327 0.102799 0.266885 -0.0264062 0.999414 0.0217898 0.219722 -0.102215 -0.0243826 0.994463 -0.938347
1 140 580 0.977002 -0.0696153 0.201546 0.183996 0.0510566 0.994084 0.095864 0.175864 -0.207027 -0.0833691 0.974777 -0.967066
1 141 610 0.951912 -0.207543 0.225364 0.165844 0.179425 0.9739 0.139014 0.164568 -0.248333 -0.0918933 0.964306 -0.972324
1 142 789 0.939332 -0.28533 0.190374 0.10882 0.253891 0.951555 0.173445 0.0928679 -0.230641 -0.114588 0.966268 -0.989714
1 143 1251 0.953176 -0.286841 0.0958003 0.149594 0.270212 0.950059 0.15612 0.0847359 -0.135798 -0.122923 0.983081 -0.98511
1 144 1871 0.984409 -0.173095 0.0312544 0.109243 0.169367 0.980752 0.097163 0.123561 -0.0474712 -0.0903547 0.994778 -0.986306
1 145 2684 0.991796 0.0423178 -0.120622 0.334193 -0.0320044 0.995764 0.0861925 0.0637326 0.123759 -0.0816249 0.98895 -0.940348
1 146 3050 0.975384 0.090067 -0.20128 0.582451 -0.0861997 0.995887 0.0279149 0.184531 0.202966 -0.00987743 0.979136 -0.791643
1 147 3194 0.955126 0.185284 -0.231095 0.636816 -0.1611 0.979662 0.119623 0.00170531 0.24856 -0.0770258 0.965549 -0.771014
1 148 3253 0.960907 0.197291 -0.194254 0.557644 -0.175182 0.976538 0.125237 -0.077518 0.214405 -0.0863107 0.972924 -0.826453
1 149 2793 0.887985 0.279409 -0.365259 0.92998 -0.231825 0.957931 0.16919 -0.236236 0.397166 -0.0655617 0.915402 -0.281656
1 150 2164 0.886152 0.307896 -0.346316 0.954944 -0.281459 0.95132 0.125585 -0.243982 0.368124 -0.0138143 0.929674 -0.168984
1 151 1668 0.901331 0.284975 -0.326176 0.970985 -0.275813 0.958275 0.0750696 -0.198855 0.33396 0.022301 0.942323 -0.132836
1 152 1025 0.899214 0.290612 -0.327044 0.971513 -0.304804 0.952379 0.00821962 -0.222931 0.313859 0.0922934 0.944973 -0.0803951
1 153 546 0.849339 0.35941 -0.386584 0.949378 -0.360354 0.929964 0.0728838 -0.3136 0.385704 0.0774041 0.91937 -0.018365
1 154 437 0.775945 0.383289 -0.500998 0.957077 -0.3724 0.919395 0.126611 -0.283336 0.509144 0.0883279 0.856137 0.0610323
1 155 396 0.818723 0.373424 -0.436173 0.96114 -0.371491 0.923715 0.0935153 -0.267419 0.43782 0.0854712 0.894991 0.0685387
1 156 475 0.78273 0.422204 -0.45725 0.929567 -0.385271 0.905713 0.17678 -0.351229 0.488774 0.0377936 0.871591 0.111999
1 157 412 0.824624 0.361107 -0.435427 0.95309 -0.322889 0.932497 0.16184 -0.260631 0.464476 0.0071374 0.885557 0.153922
1 158 431 0.849737 0.357495 -0.387484 0.938031 -0.292039 0.93109 0.218598 -0.326982 0.43893 -0.0725901 0.895584 0.114809
1 159 512 0.815392 0.317445 -0.484111 0.973584 -0.243522 0.946746 0.210641 -0.179411 0.525197 -0.0538633 0.849274 0.141229
1 160 571 0.788538 0.364356 -0.495431 0.955886 -0.251371 0.926185 0.281059 -0.23293 0.561266 -0.0970892 0.821921 0.178955
1 161 576 0.784142 0.324405 -0.529039 0.972364 -0.225253 0.943134 0.244457 -0.177363 0.578257 -0.0725211 0.812625 0.151823
1 162 669 0.873748 0.325226 -0.361653 0.975014 -0.258414 0.940344 0.221304 -0.216433 0.412052 -0.0999072 0.905666 -0.0500546
1 163 991 0.855294 0.305982 -0.418148 0.982753 -0.230406 0.947431 0.222008 -0.184779 0.464097 -0.0935386 0.880832 -0.00731182
1 164 1210 0.91798 0.257199 -0.30193 0.968524 -0.217225 0.962945 0.159841 -0.168333 0.331853 -0.0811443 0.939834 -0.18337
1 165 1420 0.907966 0.251269 -0.335353 0.952745 -0.203758 0.964035 0.170645 -0.121998 0.366169 -0.0866093 0.926509 -0.278196
1 166 1590 0.92751 0.238301 -0.287991 0.868825 -0.19047 0.964216 0.184416 -0.097381 0.321631 -0.116194 0.939709 -0.485448
1 167 1720 0.916483 0.242474 -0.318221 0.887605 -0.199023 0.966324 0.163117 -0.0356262 0.347057 -0.0861609 0.933878 -0.459225
1 168 2145 0.954643 0.201426 -0.219282 0.710689 -0.16428 0.97053 0.176307 -0.0215896 0.248333 -0.132287 0.959599 -0.703175
1 169 2744 0.978341 0.149725 -0.142939 0.625165 -0.128709 0.980812 0.146433 -0.0419718 0.162121 -0.124864 0.978839 -0.779363
1 170 2828 0.994036 0.061745 -0.0898916 0.392016 -0.048836 0.989043 0.139319 0.0958843 0.0975088 -0.134098 0.986159 -0.914948
1 171 3110 0.992472 0.0388478 -0.116146 0.369602 -0.0183201 0.98478 0.172837 0.0342984 0.121093 -0.169408 0.978078 -0.928557
1 172 3217 0.991521 0.0885579 -0.095102 0.19818 -0.0683194 0.977777 0.198205 -0.0259865 0.110541 -0.190027 0.975536 -0.979821
2 3 7565 0.999773 -0.00723477 -0.0200439 0.998231 0.00726568 0.999973 0.00146954 -0.0250951 0.0200327 -0.00161484 0.999798 -0.053908
2 4 6682 0.998629 0.0195092 -0.0485671 0.997504 -0.0196665 0.999803 -0.00276271 0.0109601 0.0485036 0.00371407 0.998816 -0.0697567
2 5 5500 0.993865 0.0483214 -0.0994824 0.993522 -0.0489908 0.99879 -0.00429537 -0.0692758 0.0991545 0.00914274 0.99503 0.0900866
2 6 4332 0.991313 0.0500824 -0.121612 0.993284 -0.0506358 0.998716 -0.00146308 0.0527855 0.121382 0.00760829 0.992577 0.102954
2 7 3025 0.990386 0.0380768 -0.132987 0.985465 -0.0424562 0.99864 -0.0302513 -0.0441085 0.131654 0.0356066 0.990656 0.164049
2 8 2024 0.986116 0.0574856 -0.155793 0.999569 -0.0636202 0.997372 -0.0346764 -0.00444649 0.15339 0.0441065 0.987181 -0.0290157
2 9 1681 0.973721 0.108203 -0.200398 0.984848 -0.110623 0.993862 -0.00088438 -0.0409404 0.199072 0.0230297 0.979714 -0.168521
2 10 1164 0.939006 0.158084 -0.305412 0.982687 -0.148795 0.987413 0.0536172 -0.0256836 0.310044 -0.00490318 0.95071 -0.183486
2 11 1125 0.883936 0.193454 -0.425715 0.996598 -0.189125 0.980528 0.0528826 0.0264026 0.427656 0.0337684 0.903311 -0.0780741
2 12 714 0.89611 0.194809 -0.398794 0.971704 -0.210762 0.977529 0.00392519 0.132383 0.390598 0.0805334 0.917032 -0.195617
2 13 453 0.0918873 0.328677 -0.939962 0.917245 -0.187745 0.932744 0.3078 -0.202995 0.97791 0.14819 0.147415 0.342716
2 14 342 0.784101 0.264422 -0.561486 0.993463 -0.277912 0.958519 0.0633003 0.0300669 0.554933 0.10641 0.825061 -0.110125
2 15 204 -0.231931 0.296509 -0.92644 0.839257 -0.146329 0.930937 0.334581 -0.177171 0.961663 0.213164 -0.172525 0.51406
2 16 102 0.922717 0.379429 0.0680234 -0.206745 -0.383661 0.92107 0.0665973 0.183633 -0.0373853 -0.0875484 0.995458 -0.961007
2 17 55 0.38363 0.922416 -0.0444725 0.20756 0.80456 -0.357478 -0.474228 -0.0335653 -0.453333 0.146147 -0.879278 0.977646
2 18 93 0.975101 0.134156 0.176578 -0.98734 -0.145575 0.987909 0.0533284 -0.10718 -0.167288 -0.0777059 0.982841 0.116926
2 19 24 0.965537 0.240284 0.100006 0.317535 -0.246839 0.967248 0.0591744 -0.124103 -0.0825123 -0.0818205 0.993226 0.94009
2 20 0 1 0 0 0 0 1 0 0 0 0 1 0
2 21 0 1 0 0 0 0 1 0 0 0 0 1 0
2 22 0 1 0 0 0 0 1 0 0 0 0 1 0
2 23 0 1 0 0 0 0 1 0 0 0 0 1 0
2 24 0 1 0 0 0 0 1 0 0 0 0 1 0
2 25 0 1 0 0 0 0 1 0 0 0 0 1 0
2 26 0 1 0 0 0 0 1 0 0 0 0 1 0
2 27 0 1 0 0 0 0 1 0 0 0 0 1 0
2 28 30 0.966323 -0.237605 0.0988088 0.360084 0.241887 0.969718 -0.0337176 0.26571 -0.0878052 0.0564826 0.994535 0.89428
2 29 18 0.855535 -0.43573 0.279642 0.330012 0.484607 0.864054 -0.136257 0.281764 -0.182255 0.25209 0.950386 0.900945
2 30 0 1 0 0 0 0 1 0 0 0 0 1 0
2 31 0 1 0 0 0 0 1 0 0 0 0 1 0
2 32 17 0.989282 -0.114036 0.0911923 0.28669 0.127899 0.978062 -0.164425 0.182573 -0.0704414 0.174326 0.982165 0.940466
2 33 30 0.753046 0.654011 -0.0720515 0.294667 -0.643359 0.754845 0.127666 0.17636 0.137883 -0.0497832 0.989197 0.939185
2 34 11 0.922792 -0.332249 0.195106 0.302635 0.36597 0.914188 -0.174142 0.210334 -0.120505 0.2321 0.965199 0.929608
2 35 0 1 0 0 0 0 1 0 0 0 0 1 0
2 36 0 1 0 0 0 0 1 0 0 0 0 1 0
2 37 41 0.354952 0.934666 0.0202186 -0.267732 -0.898947 0.347166 -0.267151 0.0524529 -0.256716 0.0766503 0.963443 0.962064
2 38 0 1 0 0 0 0 1 0 0 0 0 1 0
2 39 0 1 0 0 0 0 1 0 0 0 0 1 0
2 40 0 1 0 0 0 0 1 0 0 0 0 1 0
2 41 0 1 0 0 0 0 1 0 0 0 0 1 0
2 42 11 0.793017 -0.609197 0.00147551 0.168524 0.594447 0.773282 -0.220608 0.208809 0.133253 0.175823 0.975361 0.963327
2 43 0 1 0 0 0 0 1 0 0 0 0 1 0
2 44 0 1 0 0 0 0 1 0 0 0 0 1 0
2 45 0 1 0 0 0 0 1 0 0 0 0 1 0
2 46 44 0.167335 -0.86559 -0.471967 0.221928 -0.901386 -0.328245 0.282417 -0.115257 -0.399378 0.378166 -0.835157 0.968227
2 47 0 1 0 0 0 0 1 0 0 0 0 1 0
2 48 0 1 0 0 0 0 1 0 0 0 0 1 0
2 49 0 1 0 0 0 0 1 0 0 0 0 1 0
2 50 0 1 0 0 0 0 1 0 0 0 0 1 0
2 51 0 1 0 0 0 0 1 0 0 0 0 1 0
2 52 0 1 0 0 0 0 1 0 0 0 0 1 0
2 53 0 1 0 0 0 0 1 0 0 0 0 1 0
2 54 57 -0.764779 -0.503009 0.402611 -0.402218 -0.548365 0.836233 0.0031155 -0.086682 -0.338244 -0.218395 -0.915366 0.911431
2 55 35 0.810239 -0.0879097 0.579469 -0.405955 -0.195297 -0.97268 0.12551 -0.00600707 0.552605 -0.214861 -0.805272 0.913874
2 56 42 0.246367 -0.96162 0.120792 -0.171649 -0.967596 -0.251163 -0.0259912 -0.042746 0.0553322 -0.110474 -0.992338 0.98423
2 57 0 1 0 0 0 0 1 0 0 0 0 1 0
2 58 13 0.0152608 -0.999103 0.0395006 -0.16421 0.904183 -0.00307624 -0.427133 0.00615674 0.426872 0.0422342 0.903325 0.986406
2 59 16 0.0417242 -0.998916 -0.020627 0.196257 0.925913 0.0464158 -0.374875 -0.0678321 0.375426 -0.00345741 0.926846 -0.978203
2 60 0 1 0 0 0 0 1 0 0 0 0 1 0
2 61 0 1 0 0 0 0 1 0 0 0 0 1 0
2 62 0 1 0 0 0 0 1 0 0 0 0 1 0
2 63 0 1 0 0 0 0 1 0 0 0 0 1 0
2 64 10 -0.240543 0.936678 -0.254508 0.132388 -0.861908 -0.0855404 0.499797 -0.0697046 0.446378 0.339585 0.827906 -0.988744
2 65 0 1 0 0 0 0 1 0 0 0 0 1 0
2 66 0 1 0 0 0 0 1 0 0 0 0 1 0
2 67 24 0.680583 -0.730381 -0.0578901 -0.264226 0.632664 0.625698 -0.456331 -0.0824637 0.369517 0.273946 0.887925 -0.960929
2 68 0 1 0 0 0 0 1 0 0 0 0 1 0
2 69 0 1 0 0 0 0 1 0 0 0 0 1 0
2 70 0 1 0 0 0 0 1 0 0 0 0 1 0
2 71 12 0.794039 0.603447 0.0731722 0.100008 -0.602667 0.765809 0.224343 -0.0173575 0.0793432 -0.222235 0.971759 -0.994835
2 72 30 -0.699645 -0.505007 -0.505435 0.32466 0.417326 -0.863035 0.284623 -0.0762798 -0.579944 -0.0117962 0.814571 -0.94275
2 73 0 1 0 0 0 0 1 0 0 0 0 1 0
2 74 44 0.781721 -0.434323 -0.447522 0.244826 -0.239932 -0.871833 0.427013 -0.117894 -0.575626 -0.22643 -0.785738 0.962373
2 75 0 1 0 0 0 0 1 0 0 0 0 1 0
2 76 0 1 0 0 0 0 1 0 0 0 0 1 0
2 77 15 0.62918 -0.759836 0.163653 0.0137887 0.749195 0.648935 0.132629 0.296558 -0.206976 0.0391605 0.977562 0.954915
2 78 0 1 0 0 0 0 1 0 0 0 0 1 0
2 79 0 1 0 0 0 0 1 0 0 0 0 1 0
2 80 12 0.899433 0.13931 0.414261 -0.00343232 -0.0406809 0.97041 -0.23801 0.167469 -0.435161 0.197221 0.878487 -0.985871
2 81 45 0.31975 0.862409 0.392442 -0.0497251 0.929124 -0.204208 -0.308267 -0.0591125 -0.185713 0.463195 -0.86658 0.997012
2 82 0 1 0 0 0 0 1 0 0 0 0 1 0
2 83 11 0.85016 -0.317528 -0.420004 0.0784336 0.325015 0.944059 -0.0558326 -0.275038 0.414237 -0.089041 0.905803 -0.958229
2 84 13 0.216591 -0.954922 0.203007 -0.14886 -0.961876 -0.173167 0.211678 0.240838 -0.166981 -0.241115 -0.956023 0.959082
2 85 23 -0.28833 -0.910344 0.296884 -0.155171 0.950934 -0.308564 -0.0226245 0.245473 0.112204 0.275794 0.954645 0.956904
2 86 70 -0.553299 0.724078 -0.411789 0.272913 -0.634578 -0.686644 -0.354726 0.537034 -0.539602 0.0650427 0.839404 -0.798194
2 87 57 -0.167714 0.586822 0.792157 -0.0864407 0.902849 0.414118 -0.115626 -0.109433 -0.395898 0.695806 -0.599265 0.990228
2 88 19 -0.726993 0.637319 0.255549 -0.0337751 0.571332 0.767887 -0.289706 -0.125353 -0.380868 -0.0646108 -0.922369 0.991537
2 89 0 1 0 0 0 0 1 0 0 0 0 1 0
2 90 21 0.852536 0.238932 -0.464859 0.130828 0.322237 -0.94053 0.107552 0.25269 -0.411516 -0.241486 -0.878828 0.958661
2 91 0 1 0 0 0 0 1 0 0 0 0 1 0
2 92 18 0.223525 0.91795 -0.327725 -0.0714069 0.938591 -0.293381 -0.181589 -0.0656586 -0.262838 -0.26701 -0.927158 0.995284
2 93 0 1 0 0 0 0 1 0 0 0 0 1 0
2 94 0 1 0 0 0 0 1 0 0 0 0 1 0
2 95 0 1 0 0 0 0 1 0 0 0 0 1 0
2 96 0 1 0 0 0 0 1 0 0 0 0 1 0
2 97 18 -0.753502 0.640195 -0.149616 0.32743 0.605282 0.586677 -0.538 0.0923433 -0.256649 -0.495944 -0.829561 0.940352
2 98 0 1 0 0 0 0 1 0 0 0 0 1 0
2 99 0 1 0 0 0 0 1 0 0 0 0 1 0
2 100 18 -0.436165 0.761335 0.479718 -0.411665 -0.678486 -0.628423 0.380449 0.0641134 0.591115 -0.159543 0.790651 -0.909077
2 101 0 1 0 0 0 0 1 0 0 0 0 1 0
2 102 0 1 0 0 0 0 1 0 0 0 0 1 0
2 103 0 1 0 0 0 0 1 0 0 0 0 1 0
2 104 21 0.925093 -0.365161 0.104218 -0.331727 0.338063 0.916941 0.211974 0.0652827 -0.172966 -0.160863 0.971703 0.941114
2 105 16 0.951938 0.290613 0.0967382 0.314206 -0.286519 0.956545 -0.0541199 -0.0952968 -0.108262 0.0238014 0.993837 -0.94456
2 106 33 0.999779 0.00152645 0.0209671 0.429718 -0.00451706 0.989663 0.143339 -0.152586 -0.0205316 -0.143402 0.989452 -0.889977
2 107 0 1 0 0 0 0 1 0 0 0 0 1 0
2 108 0 1 0 0 0 0 1 0 0 0 0 1 0
2 109 19 0.0747502 0.980099 0.183899 0.345834 -0.895787 -0.0150323 0.444229 0.0924037 0.438153 -0.197941 0.876836 0.933735
2 110 45 0.957525 0.286849 0.0293991 0.179603 0.282221 -0.953195 0.108492 0.0417853 0.059144 -0.0955871 -0.993662 0.982851
2 111 19 0.939556 0.299082 0.166687 -0.300058 -0.299192 0.953864 -0.0250487 0.12938 -0.166488 -0.0263367 0.985692 0.945106
2 112 18 0.923075 -0.374486 0.0877104 0.387584 0.384578 0.895265 -0.224945 0.141951 0.00571486 0.241373 0.970416 0.91084
2 113 33 0.892772 0.243925 0.378759 -0.0732704 -0.25654 0.966372 -0.0176638 0.118344 -0.370331 -0.0813972 0.925327 0.990266
2 114 28 -0.428677 0.902345 0.0448173 -0.11957 0.882455 0.42883 -0.193335 -0.218416 -0.193674 -0.0433293 -0.980109 0.968503
2 115 0 1 0 0 0 0 1 0 0 0 0 1 0
2 116 69 0.670159 -0.72746 -0.147271 -0.17659 0.736027 0.625781 0.258192 -0.395978 -0.0956651 -0.281425 0.954803 0.90112
2 117 50 -0.952104 0.0857032 -0.293518 0.0628931 0.204893 0.891353 -0.404363 0.0440023 0.226973 -0.445135 -0.866221 0.99705
2 118 29 0.823097 0.197321 -0.532518 0.44889 -0.222956 0.974688 0.0165483 0.200389 0.522304 0.105107 0.846257 -0.870829
2 119 0 1 0 0 0 0 1 0 0 0 0 1 0
2 120 193 0.363809 0.26426 0.893202 -0.78515 0.382468 0.83197 -0.401926 0.194541 -0.84933 0.487845 0.201607 0.587956
2 121 227 0.933143 0.113877 -0.340992 -0.257604 -0.111776 0.993397 0.0258742 0.146242 0.341687 0.0139703 0.93971 -0.95512
