0 1 37 0.999983 0.00511647 0.00280778 0.0754496 -0.00513026 0.999975 0.00492454 -0.328706 -0.00278251 -0.00493886 0.999984 0.941414
0 2 265 0.999949 0.00700884 -0.0072242 0.702591 -0.00696914 0.999961 0.00550504 -0.274177 0.00726249 -0.00545441 0.999959 0.656652
0 3 342 0.999628 -6.75256e-05 -0.0272737 0.909953 0.000230641 0.999982 0.00597759 -0.108541 0.0272728 -0.00598166 0.99961 0.400255
0 4 304 0.994805 0.0369588 -0.0948487 0.971367 -0.0372776 0.999304 -0.00159074 -0.0098738 0.0947239 0.00511822 0.99549 0.237377
0 5 233 0.993072 0.0499487 -0.10636 0.985975 -0.0507659 0.998698 -0.00498824 -0.067902 0.105972 0.0103531 0.994315 0.152453
0 6 170 0.991362 0.0543971 -0.119341 0.964394 -0.0539663 0.998519 0.00684096 -0.0149497 0.119536 -0.000341486 0.99283 0.264048
0 7 97 0.985814 0.0540474 -0.158901 0.962762 -0.0570134 0.998273 -0.0141632 -0.106291 0.157861 0.0230218 0.987193 0.248578
0 8 75 0.975828 0.0811447 -0.202917 0.99452 -0.0855822 0.996244 -0.0131761 -0.0689773 0.201086 0.0302237 0.979107 0.0785598
0 9 27 0.988474 0.02682 0.148998 -0.302054 -0.022406 0.999261 -0.0312249 -0.220463 -0.149725 0.0275266 0.988344 0.927448
0 10 25 0.987214 0.0322016 0.156117 0.0757601 -0.0384248 0.998576 0.0370088 -0.316686 -0.154703 -0.0425343 0.987045 0.9455
0 11 32 0.952295 0.170652 -0.253007 0.96638 -0.164621 0.985331 0.0449839 0.0603423 0.256972 -0.00118772 0.966418 -0.249935
0 12 29 0.816936 0.251368 -0.519066 0.997251 -0.25182 0.965161 0.0710691 0.00651107 0.518847 0.0726523 0.851774 -0.07381
0 13 0 1 0 0 0 0 1 0 0 0 0 1 0
0 14 0 1 0 0 0 0 1 0 0 0 0 1 0
0 15 0 1 0 0 0 0 1 0 0 0 0 1 0
0 16 0 1 0 0 0 0 1 0 0 0 0 1 0
0 17 0 1 0 0 0 0 1 0 0 0 0 1 0
0 18 0 1 0 0 0 0 1 0 0 0 0 1 0
0 19 0 1 0 0 0 0 1 0 0 0 0 1 0
0 20 0 1 0 0 0 0 1 0 0 0 0 1 0
0 21 0 1 0 0 0 0 1 0 0 0 0 1 0
0 22 0 1 0 0 0 0 1 0 0 0 0 1 0
0 23 0 1 0 0 0 0 1 0 0 0 0 1 0
0 24 0 1 0 0 0 0 1 0 0 0 0 1 0
0 25 0 1 0 0 0 0 1 0 0 0 0 1 0
0 26 0 1 0 0 0 0 1 0 0 0 0 1 0
0 27 0 1 0 0 0 0 1 0 0 0 0 1 0
0 28 0 1 0 0 0 0 1 0 0 0 0 1 0
0 29 0 1 0 0 0 0 1 0 0 0 0 1 0
0 30 0 1 0 0 0 0 1 0 0 0 0 1 0
0 31 0 1 0 0 0 0 1 0 0 0 0 1 0
0 32 0 1 0 0 0 0 1 0 0 0 0 1 0
0 33 0 1 0 0 0 0 1 0 0 0 0 1 0
0 34 0 1 0 0 0 0 1 0 0 0 0 1 0
0 35 0 1 0 0 0 0 1 0 0 0 0 1 0
0 36 0 1 0 0 0 0 1 0 0 0 0 1 0
0 37 0 1 0 0 0 0 1 0 0 0 0 1 0
0 38 0 1 0 0 0 0 1 0 0 0 0 1 0
0 39 0 1 0 0 0 0 1 0 0 0 0 1 0
0 40 0 1 0 0 0 0 1 0 0 0 0 1 0
0 41 0 1 0 0 0 0 1 0 0 0 0 1 0
0 42 0 1 0 0 0 0 1 0 0 0 0 1 0
0 43 0 1 0 0 0 0 1 0 0 0 0 1 0
0 44 0 1 0 0 0 0 1 0 0 0 0 1 0
0 45 0 1 0 0 0 0 1 0 0 0 0 1 0
0 46 0 1 0 0 0 0 1 0 0 0 0 1 0
0 47 0 1 0 0 0 0 1 0 0 0 0 1 0
0 48 0 1 0 0 0 0 1 0 0 0 0 1 0
0 49 0 1 0 0 0 0 1 0 0 0 0 1 0
0 50 0 1 0 0 0 0 1 0 0 0 0 1 0
0 51 0 1 0 0 0 0 1 0 0 0 0 1 0
0 52 0 1 0 0 0 0 1 0 0 0 0 1 0
0 53 0 1 0 0 0 0 1 0 0 0 0 1 0
0 54 0 1 0 0 0 0 1 0 0 0 0 1 0
0 55 0 1 0 0 0 0 1 0 0 0 0 1 0
0 56 0 1 0 0 0 0 1 0 0 0 0 1 0
0 57 0 1 0 0 0 0 1 0 0 0 0 1 0
0 58 0 1 0 0 0 0 1 0 0 0 0 1 0
0 59 0 1 0 0 0 0 1 0 0 0 0 1 0
0 60 0 1 0 0 0 0 1 0 0 0 0 1 0
0 61 0 1 0 0 0 0 1 0 0 0 0 1 0
0 62 0 1 0 0 0 0 1 0 0 0 0 1 0
0 63 0 1 0 0 0 0 1 0 0 0 0 1 0
0 64 0 1 0 0 0 0 1 0 0 0 0 1 0
0 65 0 1 0 0 0 0 1 0 0 0 0 1 0
0 66 0 1 0 0 0 0 1 0 0 0 0 1 0
0 67 0 1 0 0 0 0 1 0 0 0 0 1 0
0 68 0 1 0 0 0 0 1 0 0 0 0 1 0
0 69 0 1 0 0 0 0 1 0 0 0 0 1 0
0 70 0 1 0 0 0 0 1 0 0 0 0 1 0
0 71 0 1 0 0 0 0 1 0 0 0 0 1 0
0 72 0 1 0 0 0 0 1 0 0 0 0 1 0
0 73 0 1 0 0 0 0 1 0 0 0 0 1 0
0 74 0 1 0 0 0 0 1 0 0 0 0 1 0
0 75 0 1 0 0 0 0 1 0 0 0 0 1 0
0 76 0 1 0 0 0 0 1 0 0 0 0 1 0
0 77 0 1 0 0 0 0 1 0 0 0 0 1 0
0 78 0 1 0 0 0 0 1 0 0 0 0 1 0
0 79 0 1 0 0 0 0 1 0 0 0 0 1 0
0 80 0 1 0 0 0 0 1 0 0 0 0 1 0
0 81 0 1 0 0 0 0 1 0 0 0 0 1 0
0 82 0 1 0 0 0 0 1 0 0 0 0 1 0
0 83 0 1 0 0 0 0 1 0 0 0 0 1 0
0 84 0 1 0 0 0 0 1 0 0 0 0 1 0
0 85 0 1 0 0 0 0 1 0 0 0 0 1 0
0 86 0 1 0 0 0 0 1 0 0 0 0 1 0
0 87 0 1 0 0 0 0 1 0 0 0 0 1 0
0 88 0 1 0 0 0 0 1 0 0 0 0 1 0
0 89 0 1 0 0 0 0 1 0 0 0 0 1 0
0 90 0 1 0 0 0 0 1 0 0 0 0 1 0
0 91 0 1 0 0 0 0 1 0 0 0 0 1 0
0 92 0 1 0 0 0 0 1 0 0 0 0 1 0
0 93 0 1 0 0 0 0 1 0 0 0 0 1 0
0 94 0 1 0 0 0 0 1 0 0 0 0 1 0
0 95 0 1 0 0 0 0 1 0 0 0 0 1 0
0 96 0 1 0 0 0 0 1 0 0 0 0 1 0
0 97 0 1 0 0 0 0 1 0 0 0 0 1 0
0 98 0 1 0 0 0 0 1 0 0 0 0 1 0
0 99 0 1 0 0 0 0 1 0 0 0 0 1 0
0 100 0 1 0 0 0 0 1 0 0 0 0 1 0
0 101 0 1 0 0 0 0 1 0 0 0 0 1 0
0 102 0 1 0 0 0 0 1 0 0 0 0 1 0
0 103 0 1 0 0 0 0 1 0 0 0 0 1 0
0 104 0 1 0 0 0 0 1 0 0 0 0 1 0
0 105 0 1 0 0 0 0 1 0 0 0 0 1 0
0 106 0 1 0 0 0 0 1 0 0 0 0 1 0
0 107 0 1 0 0 0 0 1 0 0 0 0 1 0
0 108 0 1 0 0 0 0 1 0 0 0 0 1 0
0 109 0 1 0 0 0 0 1 0 0 0 0 1 0
0 110 0 1 0 0 0 0 1 0 0 0 0 1 0
0 111 0 1 0 0 0 0 1 0 0 0 0 1 0
0 112 0 1 0 0 0 0 1 0 0 0 0 1 0
0 113 0 1 0 0 0 0 1 0 0 0 0 1 0
0 114 0 1 0 0 0 0 1 0 0 0 0 1 0
0 115 0 1 0 0 0 0 1 0 0 0 0 1 0
0 116 0 1 0 0 0 0 1 0 0 0 0 1 0
0 117 0 1 0 0 0 0 1 0 0 0 0 1 0
0 118 0 1 0 0 0 0 1 0 0 0 0 1 0
0 119 0 1 0 0 0 0 1 0 0 0 0 1 0
0 120 0 1 0 0 0 0 1 0 0 0 0 1 0
0 121 0 1 0 0 0 0 1 0 0 0 0 1 0
0 122 0 1 0 0 0 0 1 0 0 0 0 1 0
0 123 0 1 0 0 0 0 1 0 0 0 0 1 0
0 124 0 1 0 0 0 0 1 0 0 0 0 1 0
0 125 0 1 0 0 0 0 1 0 0 0 0 1 0
0 126 0 1 0 0 0 0 1 0 0 0 0 1 0
0 127 0 1 0 0 0 0 1 0 0 0 0 1 0
0 128 0 1 0 0 0 0 1 0 0 0 0 1 0
0 129 0 1 0 0 0 0 1 0 0 0 0 1 0
0 130 0 1 0 0 0 0 1 0 0 0 0 1 0
0 131 19 0.945366 0.236368 -0.224529 0.00871028 -0.259407 0.962538 -0.0789272 0.337323 0.197462 0.13286 0.971266 -0.941349
0 132 28 0.968546 0.201694 -0.145734 -0.0269894 -0.225829 0.958429 -0.174402 0.460901 0.1045 0.201827 0.97383 -0.887041
0 133 41 0.970295 0.192972 -0.145906 0.0536004 -0.215515 0.963482 -0.158922 0.436042 0.109911 0.185646 0.97645 -0.898329
0 134 36 0.959096 0.222832 -0.174584 0.162788 -0.236128 0.969915 -0.0592309 0.303961 0.156133 0.0980323 0.982859 -0.938673
0 135 33 0.9661 0.204415 -0.157689 0.206886 -0.198667 0.97871 0.0515608 0.17639 0.164872 -0.0184852 0.986142 -0.962333
0 136 21 0.954967 0.0281273 0.295377 -0.672271 -0.102261 0.965705 0.238656 -0.224577 -0.278535 -0.258114 0.925092 -0.70542
0 137 0 1 0 0 0 0 1 0 0 0 0 1 0
0 138 22 0.988165 0.0901532 -0.124106 0.492746 -0.107547 0.984084 -0.141462 0.464887 0.109377 0.153135 0.982134 -0.735582
0 139 26 0.99602 0.0448468 0.0770247 0.319426 -0.0480312 0.998045 0.0399992 0.184481 -0.0750803 -0.0435396 0.996227 -0.929481
0 140 19 0.991196 -0.0583648 0.118844 0.349451 0.049779 0.996017 0.073976 0.230256 -0.122688 -0.0674088 0.990153 -0.908221
0 141 0 1 0 0 0 0 1 0 0 0 0 1 0
0 142 0 1 0 0 0 0 1 0 0 0 0 1 0
0 143 29 0.956298 -0.27041 0.111231 0.122189 0.255026 0.957454 0.135072 0.136145 -0.143023 -0.100803 0.984573 -0.983125
0 144 81 0.987897 -0.151265 -0.0343156 0.276159 0.154522 0.979 0.13297 0.0401984 0.0134812 -0.136663 0.990526 -0.960271
0 145 102 0.988134 0.0470159 -0.146223 0.397212 -0.0339882 0.99533 0.0903515 0.0597406 0.149788 -0.0843095 0.985117 -0.91578
0 146 84 0.987232 0.0937759 -0.128757 0.402733 -0.0841007 0.993349 0.0786394 0.046024 0.135275 -0.0668068 0.988553 -0.91416
0 147 58 0.937215 0.186564 -0.294655 0.771154 -0.161646 0.981031 0.106999 0.0516219 0.309028 -0.0526516 0.949594 -0.634552
0 148 60 0.923278 0.218765 -0.315752 0.864006 -0.1802 0.972593 0.146935 -0.120506 0.339242 -0.0787638 0.937396 -0.488848
0 149 40 0.845938 0.279892 -0.453926 0.986898 -0.23436 0.959713 0.155007 -0.139679 0.479024 -0.0247446 0.877453 -0.0807533
0 150 0 1 0 0 0 0 1 0 0 0 0 1 0
0 151 26 0.906426 0.287891 -0.309049 0.966399 -0.27857 0.95749 0.0749065 -0.193619 0.317477 0.0181948 0.948092 -0.169069
0 152 0 1 0 0 0 0 1 0 0 0 0 1 0
0 153 0 1 0 0 0 0 1 0 0 0 0 1 0
0 154 0 1 0 0 0 0 1 0 0 0 0 1 0
0 155 0 1 0 0 0 0 1 0 0 0 0 1 0
0 156 0 1 0 0 0 0 1 0 0 0 0 1 0
0 157 0 1 0 0 0 0 1 0 0 0 0 1 0
0 158 0 1 0 0 0 0 1 0 0 0 0 1 0
0 159 0 1 0 0 0 0 1 0 0 0 0 1 0
0 160 0 1 0 0 0 0 1 0 0 0 0 1 0
0 161 0 1 0 0 0 0 1 0 0 0 0 1 0
0 162 0 1 0 0 0 0 1 0 0 0 0 1 0
0 163 0 1 0 0 0 0 1 0 0 0 0 1 0
0 164 16 0.98318 0.180799 0.0258807 0.363429 -0.182416 0.979095 0.0899803 0.0490036 -0.00907135 -0.0931879 0.995607 -0.930332
0 165 21 0.981491 0.191502 0.00165465 0.367783 -0.190345 0.97454 0.118497 0.0191902 0.0210798 -0.116619 0.992953 -0.929713
0 166 36 0.854983 0.27361 -0.440615 0.962466 -0.198298 0.957434 0.209756 -0.112787 0.479251 -0.0919645 0.872846 -0.246855
0 167 29 0.849389 0.282779 -0.445617 0.943054 -0.212546 0.956128 0.201604 -0.093035 0.483077 -0.0765263 0.872227 -0.319365
0 168 31 0.874418 0.260989 -0.408997 0.928577 -0.177458 0.956623 0.231044 -0.122842 0.451556 -0.12945 0.882803 -0.350221
0 169 55 0.980103 0.150868 -0.128983 0.589482 -0.130364 0.979297 0.154863 -0.0545779 0.149677 -0.134967 0.97948 -0.805936
0 170 89 0.991215 0.082518 -0.10336 0.436135 -0.0643509 0.983653 0.168183 0.0205024 0.115549 -0.160054 0.980322 -0.899648
0 171 121 0.993067 0.0505612 -0.106124 0.346491 -0.0298072 0.981576 0.188734 0.000216645 0.113711 -0.184262 0.976277 -0.938053
0 172 121 0.984004 0.0934572 -0.151666 0.372506 -0.0666728 0.98267 0.172955 0.073838 0.165202 -0.160076 0.973182 -0.925088
1 2 382 0.999773 0.00533348 -0.0206316 0.927965 -0.00529565 0.999984 0.001888 -0.210551 0.0206414 -0.00177831 0.999785 0.307489
1 3 384 0.998982 -0.000597847 -0.0451079 0.979295 0.000714906 0.999996 0.00257902 -0.0922506 0.0451062 -0.00260864 0.998979 0.180195
1 4 343 0.996436 0.0271303 -0.0798718 0.959031 -0.0268717 0.99963 0.00431105 -0.129737 0.0799591 -0.00214939 0.996796 0.251848
1 5 270 0.990205 0.0447726 -0.132246 0.995086 -0.0470305 0.998795 -0.0139979 -0.0202585 0.131459 0.0200803 0.991118 0.0969244
1 6 196 0.989776 0.0489514 -0.133968 0.983814 -0.0479091 0.998791 0.0109946 -0.0385462 0.134345 -0.00446392 0.990925 0.174996
1 7 110 0.979751 0.050666 -0.193705 0.976478 -0.0535487 0.998518 -0.00967194 -0.113489 0.192928 0.0198488 0.981012 0.183333
1 8 82 0.986732 0.0643987 -0.149038 0.995743 -0.0665399 0.997739 -0.00942018 -0.0917099 0.148094 0.0192122 0.988787 -0.00919387
1 9 54 0.998223 0.0569618 -0.0175116 0.987773 -0.0576303 0.997521 -0.0403919 -0.0108164 0.0151673 0.0413293 0.99903 0.155525
1 10 41 0.959059 0.131887 -0.250624 0.981518 -0.131625 0.991138 0.0178839 0.0368062 0.250762 0.0158368 0.967919 -0.187795
1 11 47 0.901866 0.179429 -0.392992 0.995109 -0.178454 0.983161 0.0393532 0.0443766 0.393435 0.0346399 0.9187 -0.0882485
1 12 32 0.850747 0.241431 -0.466841 0.995116 -0.242252 0.968396 0.0593473 0.0161161 0.466416 0.0626038 0.882347 -0.0973926
1 13 0 1 0 0 0 0 1 0 0 0 0 1 0
1 14 0 1 0 0 0 0 1 0 0 0 0 1 0
1 15 0 1 0 0 0 0 1 0 0 0 0 1 0
1 16 0 1 0 0 0 0 1 0 0 0 0 1 0
1 17 0 1 0 0 0 0 1 0 0 0 0 1 0
1 18 0 1 0 0 0 0 1 0 0 0 0 1 0
1 19 0 1 0 0 0 0 1 0 0 0 0 1 0
1 20 0 1 0 0 0 0 1 0 0 0 0 1 0
1 21 0 1 0 0 0 0 1 0 0 0 0 1 0
1 22 0 1 0 0 0 0 1 0 0 0 0 1 0
1 23 0 1 0 0 0 0 1 0 0 0 0 1 0
1 24 0 1 0 0 0 0 1 0 0 0 0 1 0
1 25 0 1 0 0 0 0 1 0 0 0 0 1 0
1 26 0 1 0 0 0 0 1 0 0 0 0 1 0
1 27 0 1 0 0 0 0 1 0 0 0 0 1 0
1 28 0 1 0 0 0 0 1 0 0 0 0 1 0
1 29 0 1 0 0 0 0 1 0 0 0 0 1 0
1 30 0 1 0 0 0 0 1 0 0 0 0 1 0
1 31 0 1 0 0 0 0 1 0 0 0 0 1 0
1 32 0 1 0 0 0 0 1 0 0 0 0 1 0
1 33 0 1 0 0 0 0 1 0 0 0 0 1 0
1 34 0 1 0 0 0 0 1 0 0 0 0 1 0
1 35 0 1 0 0 0 0 1 0 0 0 0 1 0
1 36 0 1 0 0 0 0 1 0 0 0 0 1 0
1 37 0 1 0 0 0 0 1 0 0 0 0 1 0
1 38 0 1 0 0 0 0 1 0 0 0 0 1 0
1 39 0 1 0 0 0 0 1 0 0 0 0 1 0
1 40 0 1 0 0 0 0 1 0 0 0 0 1 0
1 41 0 1 0 0 0 0 1 0 0 0 0 1 0
1 42 0 1 0 0 0 0 1 0 0 0 0 1 0
1 43 0 1 0 0 0 0 1 0 0 0 0 1 0
1 44 0 1 0 0 0 0 1 0 0 0 0 1 0
1 45 0 1 0 0 0 0 1 0 0 0 0 1 0
1 46 0 1 0 0 0 0 1 0 0 0 0 1 0
1 47 0 1 0 0 0 0 1 0 0 0 0 1 0
1 48 0 1 0 0 0 0 1 0 0 0 0 1 0
1 49 0 1 0 0 0 0 1 0 0 0 0 1 0
1 50 0 1 0 0 0 0 1 0 0 0 0 1 0
1 51 0 1 0 0 0 0 1 0 0 0 0 1 0
1 52 0 1 0 0 0 0 1 0 0 0 0 1 0
1 53 0 1 0 0 0 0 1 0 0 0 0 1 0
1 54 0 1 0 0 0 0 1 0 0 0 0 1 0
1 55 0 1 0 0 0 0 1 0 0 0 0 1 0
1 56 0 1 0 0 0 0 1 0 0 0 0 1 0
1 57 0 1 0 0 0 0 1 0 0 0 0 1 0
1 58 0 1 0 0 0 0 1 0 0 0 0 1 0
1 59 0 1 0 0 0 0 1 0 0 0 0 1 0
1 60 0 1 0 0 0 0 1 0 0 0 0 1 0
1 61 0 1 0 0 0 0 1 0 0 0 0 1 0
1 62 0 1 0 0 0 0 1 0 0 0 0 1 0
1 63 0 1 0 0 0 0 1 0 0 0 0 1 0
1 64 0 1 0 0 0 0 1 0 0 0 0 1 0
1 65 0 1 0 0 0 0 1 0 0 0 0 1 0
1 66 0 1 0 0 0 0 1 0 0 0 0 1 0
1 67 0 1 0 0 0 0 1 0 0 0 0 1 0
1 68 0 1 0 0 0 0 1 0 0 0 0 1 0
1 69 0 1 0 0 0 0 1 0 0 0 0 1 0
1 70 0 1 0 0 0 0 1 0 0 0 0 1 0
1 71 0 1 0 0 0 0 1 0 0 0 0 1 0
1 72 0 1 0 0 0 0 1 0 0 0 0 1 0
1 73 0 1 0 0 0 0 1 0 0 0 0 1 0
1 74 0 1 0 0 0 0 1 0 0 0 0 1 0
1 75 0 1 0 0 0 0 1 0 0 0 0 1 0
1 76 0 1 0 0 0 0 1 0 0 0 0 1 0
1 77 0 1 0 0 0 0 1 0 0 0 0 1 0
1 78 0 1 0 0 0 0 1 0 0 0 0 1 0
1 79 0 1 0 0 0 0 1 0 0 0 0 1 0
1 80 0 1 0 0 0 0 1 0 0 0 0 1 0
1 81 0 1 0 0 0 0 1 0 0 0 0 1 0
1 82 0 1 0 0 0 0 1 0 0 0 0 1 0
1 83 0 1 0 0 0 0 1 0 0 0 0 1 0
1 84 0 1 0 0 0 0 1 0 0 0 0 1 0
1 85 0 1 0 0 0 0 1 0 0 0 0 1 0
1 86 0 1 0 0 0 0 1 0 0 0 0 1 0
1 87 0 1 0 0 0 0 1 0 0 0 0 1 0
1 88 0 1 0 0 0 0 1 0 0 0 0 1 0
1 89 0 1 0 0 0 0 1 0 0 0 0 1 0
1 90 0 1 0 0 0 0 1 0 0 0 0 1 0
1 91 0 1 0 0 0 0 1 0 0 0 0 1 0
1 92 0 1 0 0 0 0 1 0 0 0 0 1 0
1 93 0 1 0 0 0 0 1 0 0 0 0 1 0
1 94 0 1 0 0 0 0 1 0 0 0 0 1 0
1 95 0 1 0 0 0 0 1 0 0 0 0 1 0
1 96 0 1 0 0 0 0 1 0 0 0 0 1 0
1 97 0 1 0 0 0 0 1 0 0 0 0 1 0
1 98 0 1 0 0 0 0 1 0 0 0 0 1 0
1 99 0 1 0 0 0 0 1 0 0 0 0 1 0
1 100 0 1 0 0 0 0 1 0 0 0 0 1 0
1 101 0 1 0 0 0 0 1 0 0 0 0 1 0
1 102 0 1 0 0 0 0 1 0 0 0 0 1 0
1 103 0 1 0 0 0 0 1 0 0 0 0 1 0
1 104 0 1 0 0 0 0 1 0 0 0 0 1 0
1 105 0 1 0 0 0 0 1 0 0 0 0 1 0
1 106 0 1 0 0 0 0 1 0 0 0 0 1 0
1 107 0 1 0 0 0 0 1 0 0 0 0 1 0
1 108 0 1 0 0 0 0 1 0 0 0 0 1 0
1 109 0 1 0 0 0 0 1 0 0 0 0 1 0
1 110 0 1 0 0 0 0 1 0 0 0 0 1 0
1 111 0 1 0 0 0 0 1 0 0 0 0 1 0
1 112 0 1 0 0 0 0 1 0 0 0 0 1 0
1 113 0 1 0 0 0 0 1 0 0 0 0 1 0
1 114 0 1 0 0 0 0 1 0 0 0 0 1 0
1 115 0 1 0 0 0 0 1 0 0 0 0 1 0
1 116 0 1 0 0 0 0 1 0 0 0 0 1 0
1 117 0 1 0 0 0 0 1 0 0 0 0 1 0
1 118 0 1 0 0 0 0 1 0 0 0 0 1 0
1 119 0 1 0 0 0 0 1 0 0 0 0 1 0
1 120 0 1 0 0 0 0 1 0 0 0 0 1 0
1 121 0 1 0 0 0 0 1 0 0 0 0 1 0
1 122 0 1 0 0 0 0 1 0 0 0 0 1 0
1 123 0 1 0 0 0 0 1 0 0 0 0 1 0
1 124 0 1 0 0 0 0 1 0 0 0 0 1 0
1 125 0 1 0 0 0 0 1 0 0 0 0 1 0
1 126 0 1 0 0 0 0 1 0 0 0 0 1 0
1 127 0 1 0 0 0 0 1 0 0 0 0 1 0
1 128 0 1 0 0 0 0 1 0 0 0 0 1 0
1 129 0 1 0 0 0 0 1 0 0 0 0 1 0
1 130 0 1 0 0 0 0 1 0 0 0 0 1 0
1 131 27 0.940626 0.246909 -0.232934 0.0201085 -0.252499 0.967579 0.00599386 0.193555 0.226862 0.0531777 0.972474 -0.980883
1 132 48 0.937328 0.342384 0.0647258 -0.257409 -0.209595 0.702391 -0.680233 0.957819 -0.278364 0.624035 0.730133 -0.127759
1 133 41 0.979062 0.191014 -0.0703586 -0.0820316 -0.19558 0.978533 -0.0649773 0.267332 0.0564366 0.0773776 0.995403 -0.960106
1 134 41 0.969853 0.195988 -0.144826 0.0990769 -0.203209 0.978446 -0.0367276 0.24903 0.134506 0.0650502 0.988775 -0.963415
1 135 42 0.949324 0.217807 -0.226593 0.332894 -0.232555 0.971751 -0.0402284 0.341016 0.21143 0.0908851 0.973158 -0.879141
1 136 24 0.987584 0.146333 0.0571364 -0.171576 -0.150292 0.985976 0.0725443 0.137753 -0.0457195 -0.0802307 0.995727 -0.975493
1 137 27 0.973057 0.200177 -0.114409 0.36081 -0.191005 0.977789 0.0862906 0.0775496 0.129141 -0.062113 0.989679 -0.929409
1 138 28 0.979051 0.133756 0.153519 0.0212387 -0.157886 0.974801 0.157589 -0.101651 -0.128572 -0.178526 0.975499 -0.994593
1 139 20 0.994238 0.0330353 0.101982 0.284167 -0.0537295 0.976778 0.207407 -0.130591 -0.0927618 -0.211691 0.972925 -0.94984
1 140 19 0.707095 -0.21949 0.672191 -0.758822 0.0709664 0.967834 0.241375 -0.0716017 -0.703549 -0.122972 0.699927 -0.64735
1 141 0 1 0 0 0 0 1 0 0 0 0 1 0
1 142 0 1 0 0 0 0 1 0 0 0 0 1 0
1 143 15 0.946859 -0.267063 0.179264 -0.030611 0.255831 0.963106 0.083528 0.242083 -0.194957 -0.033228 0.980249 -0.969772
1 144 62 0.987663 -0.150262 -0.0440881 0.288468 0.154038 0.982912 0.100779 0.106443 0.0281914 -0.106327 0.993931 -0.951555
1 145 103 0.989666 0.0474321 -0.135317 0.373167 -0.0362794 0.995828 0.0837275 0.0743492 0.138724 -0.0779531 0.987258 -0.92478
1 146 93 0.978015 0.0902414 -0.188 0.539141 -0.0827433 0.995444 0.0473729 0.12588 0.191419 -0.0307757 0.981026 -0.832755
1 147 86 0.940365 0.189195 -0.282701 0.734999 -0.158804 0.979106 0.127018 -0.0216851 0.300825 -0.0745496 0.950761 -0.677721
1 148 91 0.952624 0.210039 -0.219981 0.655958 -0.182729 0.973414 0.138114 -0.127959 0.243141 -0.0913737 0.965678 -0.743872
1 149 45 0.958054 0.23747 -0.160441 0.338858 -0.222697 0.969241 0.104774 -0.0390858 0.180387 -0.064649 0.981469 -0.940025
1 150 23 0.735691 0.37797 -0.562047 0.927939 -0.287255 0.925605 0.246455 -0.343336 0.613386 -0.0198641 0.789533 0.145087
1 151 29 0.904424 0.288203 -0.314572 0.961098 -0.275943 0.957507 0.0838787 -0.218589 0.325379 0.0109422 0.94552 -0.168848
1 152 0 1 0 0 0 0 1 0 0 0 0 1 0
1 153 0 1 0 0 0 0 1 0 0 0 0 1 0
1 154 0 1 0 0 0 0 1 0 0 0 0 1 0
1 155 0 1 0 0 0 0 1 0 0 0 0 1 0
1 156 0 1 0 0 0 0 1 0 0 0 0 1 0
1 157 0 1 0 0 0 0 1 0 0 0 0 1 0
1 158 0 1 0 0 0 0 1 0 0 0 0 1 0
1 159 0 1 0 0 0 0 1 0 0 0 0 1 0
1 160 0 1 0 0 0 0 1 0 0 0 0 1 0
1 161 0 1 0 0 0 0 1 0 0 0 0 1 0
1 162 0 1 0 0 0 0 1 0 0 0 0 1 0
1 163 21 0.836681 0.298395 -0.459265 0.986029 -0.219857 0.951009 0.21736 -0.16508 0.501625 -0.0808882 0.861295 0.022258
1 164 0 1 0 0 0 0 1 0 0 0 0 1 0
1 165 30 0.910887 0.25866 -0.321528 0.931117 -0.207816 0.960686 0.184104 -0.148515 0.356508 -0.10088 0.92883 -0.333113
1 166 34 0.881463 0.254292 -0.397943 0.9418 -0.188614 0.962089 0.197002 -0.10161 0.432952 -0.0985924 0.896009 -0.320451
1 167 39 -0.119946 -0.80365 0.582889 -0.286483 -0.451157 0.567125 0.689077 -0.323764 -0.884348 -0.180322 -0.430596 0.901723
1 168 37 0.94624 0.206396 -0.24906 0.75778 -0.163399 0.969507 0.18264 -0.0372502 0.279162 -0.132125 0.951111 -0.651447
1 169 79 0.975111 0.142439 -0.169912 0.669138 -0.119516 0.983153 0.138298 -0.0183865 0.186748 -0.114549 0.975707 -0.742911
1 170 106 0.985136 0.0866544 -0.148316 0.544925 -0.0612885 0.983919 0.167773 0.0110192 0.160469 -0.156189 0.974605 -0.838413
1 171 130 0.988904 0.0399414 -0.143089 0.440338 -0.0196845 0.989916 0.14028 0.135351 0.147249 -0.135906 0.979718 -0.887571
1 172 123 0.987263 0.0935087 -0.12872 0.296367 -0.0682239 0.979711 0.188445 0.0126933 0.143729 -0.177263 0.973612 -0.95499
2 3 52 0.999932 -0.00766852 0.00882358 0.877342 0.00766813 0.999971 7.84764e-05 0.0333964 -0.00882392 -1.08107e-05 0.999961 -0.478702
2 4 366 0.997003 0.0215406 -0.0742975 0.994013 -0.0221717 0.999725 -0.00768028 0.105954 0.0741116 0.00930456 0.997207 -0.026666
2 5 279 0.996914 0.0380916 -0.0686332 0.994503 -0.0389338 0.999182 -0.0109742 -0.0380571 0.068159 0.0136124 0.997582 0.0975462
2 6 211 0.992222 0.0439413 -0.116466 0.983208 -0.0436839 0.999034 0.00476338 0.00454583 0.116563 0.000361345 0.993183 0.182433
2 7 130 0.985866 0.0497683 -0.159974 0.982896 -0.0533679 0.998408 -0.0182811 -0.083739 0.15881 0.0265602 0.986952 0.164024
2 8 92 0.979349 0.0683103 -0.190288 0.997693 -0.0718469 0.997347 -0.0117403 -0.0677206 0.188981 0.0251695 0.981658 -0.00475741
2 9 57 0.975658 0.109353 -0.19009 0.988059 -0.112678 0.993609 -0.00673543 -0.0283072 0.188138 0.0279903 0.981744 -0.151457
2 10 19 0.991071 0.0725718 0.111858 0.704036 -0.0753472 0.996941 0.0207818 0.129908 -0.110007 -0.0290244 0.993507 -0.698181
2 11 42 0.878515 0.195851 -0.435723 0.997903 -0.191953 0.979947 0.0534532 0.0227158 0.437454 0.0366788 0.898492 -0.0606066
2 12 24 0.897451 0.220816 -0.381866 0.970921 -0.222726 0.974068 0.0398141 0.0672313 0.380755 0.0493203 0.92336 -0.229766
2 13 18 0.97892 0.201211 -0.0350536 0.291978 -0.200321 0.979349 0.0273199 0.124551 0.0398268 -0.0197221 0.999012 -0.948281
2 14 0 1 0 0 0 0 1 0 0 0 0 1 0
2 15 0 1 0 0 0 0 1 0 0 0 0 1 0
2 16 0 1 0 0 0 0 1 0 0 0 0 1 0
2 17 0 1 0 0 0 0 1 0 0 0 0 1 0
2 18 0 1 0 0 0 0 1 0 0 0 0 1 0
2 19 0 1 0 0 0 0 1 0 0 0 0 1 0
2 20 0 1 0 0 0 0 1 0 0 0 0 1 0
2 21 0 1 0 0 0 0 1 0 0 0 0 1 0
2 22 0 1 0 0 0 0 1 0 0 0 0 1 0
2 23 0 1 0 0 0 0 1 0 0 0 0 1 0
2 24 0 1 0 0 0 0 1 0 0 0 0 1 0
2 25 0 1 0 0 0 0 1 0 0 0 0 1 0
2 26 0 1 0 0 0 0 1 0 0 0 0 1 0
2 27 0 1 0 0 0 0 1 0 0 0 0 1 0
2 28 0 1 0 0 0 0 1 0 0 0 0 1 0
2 29 0 1 0 0 0 0 1 0 0 0 0 1 0
2 30 0 1 0 0 0 0 1 0 0 0 0 1 0
2 31 0 1 0 0 0 0 1 0 0 0 0 1 0
2 32 0 1 0 0 0 0 1 0 0 0 0 1 0
2 33 0 1 0 0 0 0 1 0 0 0 0 1 0
2 34 0 1 0 0 0 0 1 0 0 0 0 1 0
2 35 0 1 0 0 0 0 1 0 0 0 0 1 0
2 36 0 1 0 0 0 0 1 0 0 0 0 1 0
2 37 0 1 0 0 0 0 1 0 0 0 0 1 0
2 38 0 1 0 0 0 0 1 0 0 0 0 1 0
2 39 0 1 0 0 0 0 1 0 0 0 0 1 0
2 40 0 1 0 0 0 0 1 0 0 0 0 1 0
2 41 0 1 0 0 0 0 1 0 0 0 0 1 0
2 42 0 1 0 0 0 0 1 0 0 0 0 1 0
2 43 0 1 0 0 0 0 1 0 0 0 0 1 0
2 44 0 1 0 0 0 0 1 0 0 0 0 1 0
2 45 0 1 0 0 0 0 1 0 0 0 0 1 0
2 46 0 1 0 0 0 0 1 0 0 0 0 1 0
2 47 0 1 0 0 0 0 1 0 0 0 0 1 0
2 48 0 1 0 0 0 0 1 0 0 0 0 1 0
2 49 0 1 0 0 0 0 1 0 0 0 0 1 0
2 50 0 1 0 0 0 0 1 0 0 0 0 1 0
2 51 0 1 0 0 0 0 1 0 0 0 0 1 0
2 52 0 1 0 0 0 0 1 0 0 0 0 1 0
2 53 0 1 0 0 0 0 1 0 0 0 0 1 0
2 54 0 1 0 0 0 0 1 0 0 0 0 1 0
2 55 0 1 0 0 0 0 1 0 0 0 0 1 0
2 56 0 1 0 0 0 0 1 0 0 0 0 1 0
2 57 0 1 0 0 0 0 1 0 0 0 0 1 0
2 58 0 1 0 0 0 0 1 0 0 0 0 1 0
2 59 0 1 0 0 0 0 1 0 0 0 0 1 0
2 60 0 1 0 0 0 0 1 0 0 0 0 1 0
2 61 0 1 0 0 0 0 1 0 0 0 0 1 0
2 62 0 1 0 0 0 0 1 0 0 0 0 1 0
2 63 0 1 0 0 0 0 1 0 0 0 0 1 0
2 64 0 1 0 0 0 0 1 0 0 0 0 1 0
2 65 0 1 0 0 0 0 1 0 0 0 0 1 0
2 66 0 1 0 0 0 0 1 0 0 0 0 1 0
2 67 0 1 0 0 0 0 1 0 0 0 0 1 0
2 68 0 1 0 0 0 0 1 0 0 0 0 1 0
2 69 0 1 0 0 0 0 1 0 0 0 0 1 0
2 70 0 1 0 0 0 0 1 0 0 0 0 1 0
2 71 0 1 0 0 0 0 1 0 0 0 0 1 0
2 72 0 1 0 0 0 0 1 0 0 0 0 1 0
2 73 0 1 0 0 0 0 1 0 0 0 0 1 0
2 74 0 1 0 0 0 0 1 0 0 0 0 1 0
2 75 0 1 0 0 0 0 1 0 0 0 0 1 0
2 76 0 1 0 0 0 0 1 0 0 0 0 1 0
2 77 0 1 0 0 0 0 1 0 0 0 0 1 0
2 78 0 1 0 0 0 0 1 0 0 0 0 1 0
2 79 0 1 0 0 0 0 1 0 0 0 0 1 0
2 80 0 1 0 0 0 0 1 0 0 0 0 1 0
2 81 0 1 0 0 0 0 1 0 0 0 0 1 0
2 82 0 1 0 0 0 0 1 0 0 0 0 1 0
2 83 0 1 0 0 0 0 1 0 0 0 0 1 0
2 84 0 1 0 0 0 0 1 0 0 0 0 1 0
2 85 0 1 0 0 0 0 1 0 0 0 0 1 0
2 86 0 1 0 0 0 0 1 0 0 0 0 1 0
2 87 0 1 0 0 0 0 1 0 0 0 0 1 0
2 88 0 1 0 0 0 0 1 0 0 0 0 1 0
2 89 0 1 0 0 0 0 1 0 0 0 0 1 0
2 90 0 1 0 0 0 0 1 0 0 0 0 1 0
2 91 0 1 0 0 0 0 1 0 0 0 0 1 0
2 92 0 1 0 0 0 0 1 0 0 0 0 1 0
2 93 0 1 0 0 0 0 1 0 0 0 0 1 0
2 94 0 1 0 0 0 0 1 0 0 0 0 1 0
2 95 0 1 0 0 0 0 1 0 0 0 0 1 0
2 96 0 1 0 0 0 0 1 0 0 0 0 1 0
2 97 0 1 0 0 0 0 1 0 0 0 0 1 0
2 98 0 1 0 0 0 0 1 0 0 0 0 1 0
2 99 0 1 0 0 0 0 1 0 0 0 0 1 0
2 100 0 1 0 0 0 0 1 0 0 0 0 1 0
2 101 0 1 0 0 0 0 1 0 0 0 0 1 0
2 102 0 1 0 0 0 0 1 0 0 0 0 1 0
2 103 0 1 0 0 0 0 1 0 0 0 0 1 0
2 104 0 1 0 0 0 0 1 0 0 0 0 1 0
2 105 0 1 0 0 0 0 1 0 0 0 0 1 0
2 106 0 1 0 0 0 0 1 0 0 0 0 1 0
2 107 0 1 0 0 0 0 1 0 0 0 0 1 0
2 108 0 1 0 0 0 0 1 0 0 0 0 1 0
2 109 0 1 0 0 0 0 1 0 0 0 0 1 0
2 110 0 1 0 0 0 0 1 0 0 0 0 1 0
2 111 0 1 0 0 0 0 1 0 0 0 0 1 0
2 112 0 1 0 0 0 0 1 0 0 0 0 1 0
2 113 0 1 0 0 0 0 1 0 0 0 0 1 0
2 114 0 1 0 0 0 0 1 0 0 0 0 1 0
2 115 0 1 0 0 0 0 1 0 0 0 0 1 0
2 116 0 1 0 0 0 0 1 0 0 0 0 1 0
2 117 0 1 0 0 0 0 1 0 0 0 0 1 0
2 118 0 1 0 0 0 0 1 0 0 0 0 1 0
2 119 0 1 0 0 0 0 1 0 0 0 0 1 0
2 120 0 1 0 0 0 0 1 0 0 0 0 1 0
2 121 0 1 0 0 0 0 1 0 0 0 0 1 0
2 122 0 1 0 0 0 0 1 0 0 0 0 1 0
2 123 0 1 0 0 0 0 1 0 0 0 0 1 0
2 124 0 1 0 0 0 0 1 0 0 0 0 1 0
2 125 0 1 0 0 0 0 1 0 0 0 0 1 0
2 126 0 1 0 0 0 0 1 0 0 0 0 1 0
2 127 0 1 0 0 0 0 1 0 0 0 0 1 0
2 128 0 1 0 0 0 0 1 0 0 0 0 1 0
2 129 0 1 0 0 0 0 1 0 0 0 0 1 0
2 130 0 1 0 0 0 0 1 0 0 0 0 1 0
2 131 20 0.945878 0.300474 -0.122595 -0.14532 -0.317258 0.935664 -0.154533 0.471808 0.0682747 0.185064 0.980352 -0.869643
2 132 37 0.971784 0.227576 -0.0620086 -0.168337 -0.233454 0.96554 -0.115031 0.37094 0.0336936 0.126261 0.991425 -0.913272
2 133 38 0.978158 0.189527 -0.0853658 -0.0613225 -0.199064 0.972338 -0.1222 0.369519 0.059844 0.136525 0.988827 -0.927198
2 134 39 0.96777 0.21416 -0.132504 0.0726459 -0.224554 0.972012 -0.0690578 0.319847 0.114006 0.0965862 0.988774 -0.94468
2 135 38 0.964716 0.196024 -0.175777 0.222147 -0.202877 0.978963 -0.0217209 0.308377 0.167821 0.0566155 0.98419 -0.924962
2 136 27 0.966044 0.202306 -0.160721 0.281254 -0.200411 0.979309 0.0280874 0.234838 0.163077 0.00507648 0.9866 -0.930456
2 137 23 0.975833 0.198164 -0.0920929 0.307251 -0.19135 0.978433 0.0778056 0.101035 0.105525 -0.0583033 0.992706 -0.94625
2 138 22 0.994543 0.0955483 0.0419012 0.201262 -0.094527 0.99519 -0.0257159 0.279518 -0.0441567 0.0216148 0.998791 -0.93881
2 139 35 0.990048 0.0240834 0.138656 0.185186 -0.0311909 0.998296 0.0493177 0.173202 -0.137232 -0.0531517 0.989112 -0.96732
2 140 18 0.979224 -0.079008 0.186757 0.202851 0.0393168 0.977472 0.207372 -0.0282655 -0.198934 -0.195721 0.96027 -0.978802
2 141 0 1 0 0 0 0 1 0 0 0 0 1 0
2 142 0 1 0 0 0 0 1 0 0 0 0 1 0
2 143 21 0.946774 -0.281087 0.156871 -0.00601757 0.271582 0.959126 0.0794973 0.257181 -0.172805 -0.0326626 0.984414 -0.966345
2 144 74 0.986457 -0.163331 0.0150002 0.122087 0.160988 0.981672 0.101991 0.109624 -0.0313836 -0.0981952 0.994672 -0.986447
2 145 128 0.988172 0.0423653 -0.147382 0.378396 -0.029822 0.995823 0.0862997 0.0694966 0.150423 -0.0808837 0.985307 -0.923031
2 146 99 0.986165 0.0814093 -0.144399 0.404943 -0.0757333 0.99614 0.0443879 0.150946 0.147455 -0.032838 0.988524 -0.901796
2 147 74 0.964876 0.189514 -0.181929 0.468567 -0.165438 0.976293 0.139581 -0.0527827 0.204068 -0.10458 0.973355 -0.881849
2 148 78 0.941637 0.204726 -0.267222 0.755568 -0.17715 0.976369 0.123781 -0.0355508 0.286248 -0.069218 0.955652 -0.654104
2 149 53 0.930713 0.268435 -0.248426 0.691902 -0.237973 0.960233 0.146021 -0.18329 0.277744 -0.0767848 0.957582 -0.698338
2 150 0 1 0 0 0 0 1 0 0 0 0 1 0
2 151 31 0.918656 0.281609 -0.277071 0.947604 -0.272433 0.959483 0.0719206 -0.19741 0.286098 0.00941296 0.958154 -0.251151
2 152 13 0.968739 0.218043 0.118328 -0.458085 -0.204674 0.971998 -0.115452 0.338551 -0.140188 0.0876242 0.98624 -0.821913
2 153 0 1 0 0 0 0 1 0 0 0 0 1 0
2 154 0 1 0 0 0 0 1 0 0 0 0 1 0
2 155 0 1 0 0 0 0 1 0 0 0 0 1 0
2 156 16 0.943801 0.330158 0.0153461 0.320633 -0.330014 0.94391 -0.0111865 -0.304567 -0.0181787 0.00549344 0.99982 0.896902
2 157 0 1 0 0 0 0 1 0 0 0 0 1 0
2 158 0 1 0 0 0 0 1 0 0 0 0 1 0
2 159 0 1 0 0 0 0 1 0 0 0 0 1 0
2 160 0 1 0 0 0 0 1 0 0 0 0 1 0
2 161 0 1 0 0 0 0 1 0 0 0 0 1 0
2 162 0 1 0 0 0 0 1 0 0 0 0 1 0
2 163 0 1 0 0 0 0 1 0 0 0 0 1 0
2 164 21 0.906136 0.257173 -0.335826 0.969204 -0.217127 0.964159 0.152489 -0.127337 0.363006 -0.0652586 0.929499 -0.210782
2 165 20 0.977124 0.210659 0.0291778 0.33989 -0.212659 0.969215 0.124092 -0.0275309 -0.00213853 -0.127458 0.991842 -0.940062
2 166 26 0.885573 0.257427 -0.386643 0.922451 -0.1932 0.961098 0.197391 -0.0967992 0.422416 -0.100105 0.900857 -0.373783
2 167 35 0.984418 0.139244 -0.10739 0.286483 -0.133114 0.98914 0.0623155 0.323764 0.114901 -0.0470494 0.992262 -0.901723
2 168 37 0.941857 0.193852 -0.274456 0.788383 -0.16486 0.978331 0.125255 0.141687 0.29279 -0.0727254 0.953407 -0.598646
2 169 74 0.976446 0.141949 -0.162493 0.620149 -0.119055 0.98255 0.142905 -0.0230492 0.179943 -0.120193 0.976306 -0.784146
2 170 105 0.992247 0.0711305 -0.101911 0.397842 -0.0565465 0.988612 0.139459 0.107221 0.11067 -0.132615 0.98497 -0.911167
2 171 135 0.997472 0.0268509 -0.065789 0.187155 -0.0164087 0.987872 0.154403 0.100912 0.0691369 -0.152933 0.985815 -0.977133
2 172 131 0.990198 0.0789207 -0.115238 0.223239 -0.0583658 0.983375 0.171948 0.0695486 0.126892 -0.163537 0.978342 -0.972279
3 4 376 0.99497 0.0348519 -0.0939112 0.997979 -0.0346799 0.999392 0.00346325 -0.0545928 0.0939749 -0.000188998 0.995575 -0.0325047
3 5 272 0.997692 0.0426074 -0.052871 0.973539 -0.0439128 0.998752 -0.023779 0.118817 0.0517918 0.0260458 0.998318 0.195201
3 6 222 0.992376 0.0591811 -0.108105 0.993413 -0.0586499 0.998246 0.00808979 -0.0048414 0.108394 -0.00168778 0.994107 0.114487
3 7 135 0.986592 0.0547769 -0.153742 0.984942 -0.0593241 0.997922 -0.0251427 -0.0609784 0.152046 0.0339262 0.987791 0.161774
3 8 92 0.981035 0.0759716 -0.178324 0.997222 -0.0795771 0.996742 -0.0131437 -0.0610162 0.176745 0.027085 0.983884 -0.0427237
3 9 42 0.994414 0.0802186 -0.0685921 0.918431 -0.0827101 0.995984 -0.0342857 0.0922116 0.0655662 0.0397674 0.997055 -0.384683
3 10 45 0.960313 0.143762 -0.239024 0.956308 -0.144386 0.989408 0.0149903 0.0738379 0.238647 0.0201164 0.970898 -0.282885
3 11 42 0.912326 0.187798 -0.36386 0.979202 -0.186827 0.981649 0.038212 0.0714073 0.364359 0.0331173 0.930669 -0.189906
3 12 21 0.921867 0.217259 -0.320873 0.935321 -0.218599 0.975279 0.0323155 0.104677 0.319962 0.0403521 0.946571 -0.337961
3 13 0 1 0 0 0 0 1 0 0 0 0 1 0
3 14 0 1 0 0 0 0 1 0 0 0 0 1 0
3 15 0 1 0 0 0 0 1 0 0 0 0 1 0
3 16 0 1 0 0 0 0 1 0 0 0 0 1 0
3 17 0 1 0 0 0 0 1 0 0 0 0 1 0
3 18 0 1 0 0 0 0 1 0 0 0 0 1 0
3 19 0 1 0 0 0 0 1 0 0 0 0 1 0
3 20 0 1 0 0 0 0 1 0 0 0 0 1 0
3 21 0 1 0 0 0 0 1 0 0 0 0 1 0
3 22 0 1 0 0 0 0 1 0 0 0 0 1 0
3 23 0 1 0 0 0 0 1 0 0 0 0 1 0
3 24 0 1 0 0 0 0 1 0 0 0 0 1 0
3 25 0 1 0 0 0 0 1 0 0 0 0 1 0
3 26 0 1 0 0 0 0 1 0 0 0 0 1 0
3 27 0 1 0 0 0 0 1 0 0 0 0 1 0
3 28 0 1 0 0 0 0 1 0 0 0 0 1 0
3 29 0 1 0 0 0 0 1 0 0 0 0 1 0
3 30 0 1 0 0 0 0 1 0 0 0 0 1 0
3 31 0 1 0 0 0 0 1 0 0 0 0 1 0
3 32 0 1 0 0 0 0 1 0 0 0 0 1 0
3 33 0 1 0 0 0 0 1 0 0 0 0 1 0
3 34 0 1 0 0 0 0 1 0 0 0 0 1 0
3 35 0 1 0 0 0 0 1 0 0 0 0 1 0
3 36 0 1 0 0 0 0 1 0 0 0 0 1 0
3 37 0 1 0 0 0 0 1 0 0 0 0 1 0
3 38 0 1 0 0 0 0 1 0 0 0 0 1 0
3 39 0 1 0 0 0 0 1 0 0 0 0 1 0
3 40 0 1 0 0 0 0 1 0 0 0 0 1 0
3 41 0 1 0 0 0 0 1 0 0 0 0 1 0
3 42 0 1 0 0 0 0 1 0 0 0 0 1 0
3 43 0 1 0 0 0 0 1 0 0 0 0 1 0
3 44 0 1 0 0 0 0 1 0 0 0 0 1 0
3 45 0 1 0 0 0 0 1 0 0 0 0 1 0
3 46 0 1 0 0 0 0 1 0 0 0 0 1 0
3 47 0 1 0 0 0 0 1 0 0 0 0 1 0
3 48 0 1 0 0 0 0 1 0 0 0 0 1 0
3 49 0 1 0 0 0 0 1 0 0 0 0 1 0
3 50 0 1 0 0 0 0 1 0 0 0 0 1 0
3 51 0 1 0 0 0 0 1 0 0 0 0 1 0
3 52 0 1 0 0 0 0 1 0 0 0 0 1 0
3 53 0 1 0 0 0 0 1 0 0 0 0 1 0
3 54 0 1 0 0 0 0 1 0 0 0 0 1 0
3 55 0 1 0 0 0 0 1 0 0 0 0 1 0
3 56 0 1 0 0 0 0 1 0 0 0 0 1 0
3 57 0 1 0 0 0 0 1 0 0 0 0 1 0
3 58 0 1 0 0 0 0 1 0 0 0 0 1 0
3 59 0 1 0 0 0 0 1 0 0 0 0 1 0
3 60 0 1 0 0 0 0 1 0 0 0 0 1 0
3 61 0 1 0 0 0 0 1 0 0 0 0 1 0
3 62 0 1 0 0 0 0 1 0 0 0 0 1 0
3 63 0 1 0 0 0 0 1 0 0 0 0 1 0
3 64 0 1 0 0 0 0 1 0 0 0 0 1 0
3 65 0 1 0 0 0 0 1 0 0 0 0 1 0
3 66 0 1 0 0 0 0 1 0 0 0 0 1 0
3 67 0 1 0 0 0 0 1 0 0 0 0 1 0
3 68 0 1 0 0 0 0 1 0 0 0 0 1 0
3 69 0 1 0 0 0 0 1 0 0 0 0 1 0
3 70 0 1 0 0 0 0 1 0 0 0 0 1 0
3 71 0 1 0 0 0 0 1 0 0 0 0 1 0
3 72 0 1 0 0 0 0 1 0 0 0 0 1 0
3 73 0 1 0 0 0 0 1 0 0 0 0 1 0
3 74 0 1 0 0 0 0 1 0 0 0 0 1 0
3 75 0 1 0 0 0 0 1 0 0 0 0 1 0
3 76 0 1 0 0 0 0 1 0 0 0 0 1 0
3 77 0 1 0 0 0 0 1 0 0 0 0 1 0
3 78 0 1 0 0 0 0 1 0 0 0 0 1 0
3 79 0 1 0 0 0 0 1 0 0 0 0 1 0
3 80 0 1 0 0 0 0 1 0 0 0 0 1 0
3 81 0 1 0 0 0 0 1 0 0 0 0 1 0
3 82 0 1 0 0 0 0 1 0 0 0 0 1 0
3 83 0 1 0 0 0 0 1 0 0 0 0 1 0
3 84 0 1 0 0 0 0 1 0 0 0 0 1 0
3 85 0 1 0 0 0 0 1 0 0 0 0 1 0
3 86 0 1 0 0 0 0 1 0 0 0 0 1 0
3 87 0 1 0 0 0 0 1 0 0 0 0 1 0
3 88 0 1 0 0 0 0 1 0 0 0 0 1 0
3 89 0 1 0 0 0 0 1 0 0 0 0 1 0
3 90 0 1 0 0 0 0 1 0 0 0 0 1 0
3 91 0 1 0 0 0 0 1 0 0 0 0 1 0
3 92 0 1 0 0 0 0 1 0 0 0 0 1 0
3 93 0 1 0 0 0 0 1 0 0 0 0 1 0
3 94 0 1 0 0 0 0 1 0 0 0 0 1 0
3 95 0 1 0 0 0 0 1 0 0 0 0 1 0
3 96 0 1 0 0 0 0 1 0 0 0 0 1 0
3 97 0 1 0 0 0 0 1 0 0 0 0 1 0
3 98 0 1 0 0 0 0 1 0 0 0 0 1 0
3 99 0 1 0 0 0 0 1 0 0 0 0 1 0
3 100 0 1 0 0 0 0 1 0 0 0 0 1 0
3 101 0 1 0 0 0 0 1 0 0 0 0 1 0
3 102 0 1 0 0 0 0 1 0 0 0 0 1 0
3 103 0 1 0 0 0 0 1 0 0 0 0 1 0
3 104 0 1 0 0 0 0 1 0 0 0 0 1 0
3 105 0 1 0 0 0 0 1 0 0 0 0 1 0
3 106 0 1 0 0 0 0 1 0 0 0 0 1 0
3 107 0 1 0 0 0 0 1 0 0 0 0 1 0
3 108 0 1 0 0 0 0 1 0 0 0 0 1 0
3 109 0 1 0 0 0 0 1 0 0 0 0 1 0
3 110 0 1 0 0 0 0 1 0 0 0 0 1 0
3 111 0 1 0 0 0 0 1 0 0 0 0 1 0
3 112 0 1 0 0 0 0 1 0 0 0 0 1 0
3 113 0 1 0 0 0 0 1 0 0 0 0 1 0
3 114 0 1 0 0 0 0 1 0 0 0 0 1 0
3 115 0 1 0 0 0 0 1 0 0 0 0 1 0
3 116 0 1 0 0 0 0 1 0 0 0 0 1 0
3 117 0 1 0 0 0 0 1 0 0 0 0 1 0
3 118 0 1 0 0 0 0 1 0 0 0 0 1 0
3 119 0 1 0 0 0 0 1 0 0 0 0 1 0
3 120 0 1 0 0 0 0 1 0 0 0 0 1 0
3 121 0 1 0 0 0 0 1 0 0 0 0 1 0
3 122 0 1 0 0 0 0 1 0 0 0 0 1 0
3 123 0 1 0 0 0 0 1 0 0 0 0 1 0
3 124 0 1 0 0 0 0 1 0 0 0 0 1 0
3 125 0 1 0 0 0 0 1 0 0 0 0 1 0
3 126 0 1 0 0 0 0 1 0 0 0 0 1 0
3 127 0 1 0 0 0 0 1 0 0 0 0 1 0
3 128 0 1 0 0 0 0 1 0 0 0 0 1 0
3 129 0 1 0 0 0 0 1 0 0 0 0 1 0
3 130 0 1 0 0 0 0 1 0 0 0 0 1 0
3 131 0 1 0 0 0 0 1 0 0 0 0 1 0
3 132 30 0.968343 0.237258 -0.0775898 -0.168041 -0.244097 0.965042 -0.0954496 0.341666 0.0522312 0.111367 0.992406 -0.924676
3 133 25 0.969014 0.235712 -0.0738399 -0.0941365 -0.245565 0.951561 -0.185012 0.494764 0.0266535 0.197412 0.979958 -0.863914
3 134 24 0.968505 0.212758 -0.129353 0.0338554 -0.210971 0.977105 0.0275207 0.141662 0.132247 0.000635846 0.991217 -0.989336
3 135 35 0.977333 0.18594 -0.101226 0.0516399 -0.18792 0.98213 -0.0103002 0.295169 0.097502 0.0290891 0.99481 -0.954049
3 136 25 0.98382 0.175966 -0.0336815 -0.037628 -0.168848 0.97352 0.154111 -0.0129619 0.0599078 -0.14593 0.987479 -0.999208
3 137 26 0.977665 0.203879 0.0510338 0.000702367 -0.20811 0.973019 0.099617 0.0692395 -0.0293471 -0.108013 0.993716 -0.9976
3 138 16 0.965231 0.0503163 0.25651 -0.253852 -0.0795392 0.991302 0.10485 0.0548176 -0.249004 -0.121607 0.960838 -0.965688
3 139 29 0.987755 0.0268658 0.153684 0.117498 -0.0290758 0.999503 0.0121499 0.24545 -0.153281 -0.0164696 0.988045 -0.962262
3 140 19 0.873474 -0.168244 0.456877 -0.445185 0.104491 0.981309 0.161596 0.0913933 -0.475525 -0.0934107 0.874729 -0.890762
3 141 18 0.933267 -0.206916 0.293596 -0.0391655 0.163699 0.972598 0.165095 0.105514 -0.319712 -0.106016 0.941565 -0.993646
3 142 16 0.92215 -0.295236 0.249948 -0.0841141 0.274131 0.954641 0.116244 0.221215 -0.27293 -0.0386758 0.961256 -0.971591
3 143 22 0.945712 -0.273089 0.176213 -0.103833 0.258624 0.960699 0.100855 0.195931 -0.19683 -0.0498071 0.979172 -0.975105
3 144 61 0.986727 -0.162028 0.010777 0.0809617 0.160544 0.983351 0.0851245 0.13999 -0.0243902 -0.0822645 0.996312 -0.986837
3 145 104 0.996232 0.0405775 -0.076644 0.142393 -0.0345567 0.99633 0.0783108 0.0994383 0.0795404 -0.0753672 0.993978 -0.984803
3 146 95 0.982028 0.0972777 -0.161734 0.392329 -0.0919928 0.994961 0.0398679 0.168318 0.164797 -0.0242731 0.986029 -0.904294
3 147 69 0.963909 0.181634 -0.19465 0.437686 -0.162597 0.980563 0.109815 0.0584006 0.210812 -0.0742026 0.974706 -0.897229
3 148 77 0.937339 0.21471 -0.274399 0.735216 -0.188417 0.974834 0.119155 -0.000475709 0.293077 -0.0599868 0.954205 -0.677833
3 149 41 0.921711 0.260455 -0.287425 0.79826 -0.233818 0.964335 0.124044 -0.0672918 0.309481 -0.0471274 0.949737 -0.598542
3 150 0 1 0 0 0 0 1 0 0 0 0 1 0
3 151 25 0.905237 0.292843 -0.307877 0.950198 -0.281138 0.95609 0.082783 -0.204281 0.318601 0.0116178 0.947818 -0.235355
3 152 0 1 0 0 0 0 1 0 0 0 0 1 0
3 153 0 1 0 0 0 0 1 0 0 0 0 1 0
3 154 0 1 0 0 0 0 1 0 0 0 0 1 0
3 155 0 1 0 0 0 0 1 0 0 0 0 1 0
3 156 0 1 0 0 0 0 1 0 0 0 0 1 0
3 157 0 1 0 0 0 0 1 0 0 0 0 1 0
3 158 0 1 0 0 0 0 1 0 0 0 0 1 0
3 159 0 1 0 0 0 0 1 0 0 0 0 1 0
3 160 0 1 0 0 0 0 1 0 0 0 0 1 0
3 161 0 1 0 0 0 0 1 0 0 0 0 1 0
3 162 0 1 0 0 0 0 1 0 0 0 0 1 0
3 163 0 1 0 0 0 0 1 0 0 0 0 1 0
3 164 0 1 0 0 0 0 1 0 0 0 0 1 0
3 165 21 0.910428 0.237828 -0.338465 0.927192 -0.213036 0.970923 0.109195 0.0491022 0.354593 -0.0273092 0.934622 -0.371355
3 166 26 0.898351 0.247601 -0.362849 0.899416 -0.199032 0.965786 0.166265 -0.0225107 0.391601 -0.0771453 0.916895 -0.436514
3 167 34 0.750043 0.304601 -0.587073 0.987718 -0.270175 0.951305 0.148407 0.0340341 0.60369 0.0473012 0.795815 -0.152494
3 168 38 0.931873 0.219299 -0.289001 0.773088 -0.170599 0.967933 0.184393 -0.0270551 0.320171 -0.122527 0.939403 -0.633722
3 169 73 0.986588 0.138885 -0.0857643 0.399641 -0.126488 0.982584 0.136126 0.00630491 0.103176 -0.123452 0.986972 -0.91665
3 170 114 0.993434 0.0827579 -0.0789974 0.274573 -0.0694923 0.984994 0.15798 0.0557891 0.0908861 -0.151453 0.984277 -0.959946
3 171 135 0.995234 0.0411243 -0.0884164 0.196404 -0.0267887 0.98714 0.1576 0.0870549 0.0937605 -0.15448 0.983537 -0.976651
3 172 132 0.969794 0.107125 -0.219143 0.452879 -0.0813962 0.98903 0.123265 0.212097 0.229944 -0.101704 0.967875 -0.865977
4 5 338 0.999779 0.0191208 -0.00873808 0.978333 -0.0192444 0.999713 -0.0142846 0.0262666 0.00846244 0.0144496 0.99986 0.205365
4 6 245 0.998841 0.0265463 -0.0401507 0.988908 -0.0258932 0.999525 0.0167004 -0.0715538 0.040575 -0.0156414 0.999054 0.13016
4 7 158 0.994181 0.0231125 -0.105216 0.975191 -0.0255386 0.999437 -0.0217692 -0.0838187 0.104654 0.0243296 0.994211 0.204881
4 8 127 0.998796 0.0385487 -0.0303243 0.983328 -0.0389003 0.999182 -0.0110885 -0.0981656 0.029872 0.0122547 0.999479 -0.153068
4 9 80 0.977554 0.0827226 -0.193764 0.990039 -0.0916332 0.995088 -0.0374694 0.0499848 0.189712 0.0543835 0.980332 -0.131624
4 10 59 0.971096 0.101409 -0.216074 0.965983 -0.106832 0.994185 -0.0135372 0.132039 0.213445 0.0362296 0.976283 -0.222358
4 11 46 0.905332 0.172112 -0.388268 0.9878 -0.170308 0.984605 0.0393476 0.0569342 0.389063 0.0305025 0.920706 -0.144949
4 12 25 0.928302 0.193763 -0.317351 0.951305 -0.198384 0.979959 0.0180211 0.116422 0.314483 0.0462283 0.948137 -0.285419
4 13 0 1 0 0 0 0 1 0 0 0 0 1 0
4 14 14 0.981182 0.185898 0.0521844 -0.545137 -0.187803 0.981608 0.0342917 0.218925 -0.0448499 -0.0434468 0.998049 -0.809257
4 15 17 0.99652 -0.00248907 -0.0833135 0.49772 0.000898826 0.999817 -0.0191196 0.318854 0.0833458 0.0189782 0.99634 -0.806602
4 16 0 1 0 0 0 0 1 0 0 0 0 1 0
4 17 0 1 0 0 0 0 1 0 0 0 0 1 0
4 18 0 1 0 0 0 0 1 0 0 0 0 1 0
4 19 0 1 0 0 0 0 1 0 0 0 0 1 0
4 20 0 1 0 0 0 0 1 0 0 0 0 1 0
4 21 0 1 0 0 0 0 1 0 0 0 0 1 0
4 22 0 1 0 0 0 0 1 0 0 0 0 1 0
4 23 0 1 0 0 0 0 1 0 0 0 0 1 0
4 24 0 1 0 0 0 0 1 0 0 0 0 1 0
4 25 0 1 0 0 0 0 1 0 0 0 0 1 0
4 26 0 1 0 0 0 0 1 0 0 0 0 1 0
4 27 0 1 0 0 0 0 1 0 0 0 0 1 0
4 28 0 1 0 0 0 0 1 0 0 0 0 1 0
4 29 0 1 0 0 0 0 1 0 0 0 0 1 0
4 30 0 1 0 0 0 0 1 0 0 0 0 1 0
4 31 0 1 0 0 0 0 1 0 0 0 0 1 0
4 32 0 1 0 0 0 0 1 0 0 0 0 1 0
4 33 0 1 0 0 0 0 1 0 0 0 0 1 0
4 34 0 1 0 0 0 0 1 0 0 0 0 1 0
4 35 0 1 0 0 0 0 1 0 0 0 0 1 0
4 36 0 1 0 0 0 0 1 0 0 0 0 1 0
4 37 0 1 0 0 0 0 1 0 0 0 0 1 0
4 38 0 1 0 0 0 0 1 0 0 0 0 1 0
4 39 0 1 0 0 0 0 1 0 0 0 0 1 0
4 40 0 1 0 0 0 0 1 0 0 0 0 1 0
4 41 0 1 0 0 0 0 1 0 0 0 0 1 0
4 42 0 1 0 0 0 0 1 0 0 0 0 1 0
4 43 0 1 0 0 0 0 1 0 0 0 0 1 0
4 44 0 1 0 0 0 0 1 0 0 0 0 1 0
4 45 0 1 0 0 0 0 1 0 0 0 0 1 0
4 46 0 1 0 0 0 0 1 0 0 0 0 1 0
4 47 0 1 0 0 0 0 1 0 0 0 0 1 0
4 48 0 1 0 0 0 0 1 0 0 0 0 1 0
4 49 0 1 0 0 0 0 1 0 0 0 0 1 0
4 50 0 1 0 0 0 0 1 0 0 0 0 1 0
4 51 0 1 0 0 0 0 1 0 0 0 0 1 0
4 52 0 1 0 0 0 0 1 0 0 0 0 1 0
4 53 0 1 0 0 0 0 1 0 0 0 0 1 0
4 54 0 1 0 0 0 0 1 0 0 0 0 1 0
4 55 0 1 0 0 0 0 1 0 0 0 0 1 0
4 56 0 1 0 0 0 0 1 0 0 0 0 1 0
4 57 0 1 0 0 0 0 1 0 0 0 0 1 0
4 58 0 1 0 0 0 0 1 0 0 0 0 1 0
4 59 0 1 0 0 0 0 1 0 0 0 0 1 0
4 60 0 1 0 0 0 0 1 0 0 0 0 1 0
4 61 0 1 0 0 0 0 1 0 0 0 0 1 0
4 62 0 1 0 0 0 0 1 0 0 0 0 1 0
4 63 0 1 0 0 0 0 1 0 0 0 0 1 0
4 64 0 1 0 0 0 0 1 0 0 0 0 1 0
4 65 0 1 0 0 0 0 1 0 0 0 0 1 0
4 66 0 1 0 0 0 0 1 0 0 0 0 1 0
4 67 0 1 0 0 0 0 1 0 0 0 0 1 0
4 68 0 1 0 0 0 0 1 0 0 0 0 1 0
4 69 0 1 0 0 0 0 1 0 0 0 0 1 0
4 70 0 1 0 0 0 0 1 0 0 0 0 1 0
4 71 0 1 0 0 0 0 1 0 0 0 0 1 0
4 72 0 1 0 0 0 0 1 0 0 0 0 1 0
4 73 0 1 0 0 0 0 1 0 0 0 0 1 0
4 74 0 1 0 0 0 0 1 0 0 0 0 1 0
4 75 0 1 0 0 0 0 1 0 0 0 0 1 0
4 76 0 1 0 0 0 0 1 0 0 0 0 1 0
4 77 0 1 0 0 0 0 1 0 0 0 0 1 0
4 78 0 1 0 0 0 0 1 0 0 0 0 1 0
4 79 0 1 0 0 0 0 1 0 0 0 0 1 0
4 80 0 1 0 0 0 0 1 0 0 0 0 1 0
4 81 0 1 0 0 0 0 1 0 0 0 0 1 0
4 82 0 1 0 0 0 0 1 0 0 0 0 1 0
4 83 0 1 0 0 0 0 1 0 0 0 0 1 0
4 84 0 1 0 0 0 0 1 0 0 0 0 1 0
4 85 0 1 0 0 0 0 1 0 0 0 0 1 0
4 86 0 1 0 0 0 0 1 0 0 0 0 1 0
4 87 0 1 0 0 0 0 1 0 0 0 0 1 0
4 88 0 1 0 0 0 0 1 0 0 0 0 1 0
4 89 0 1 0 0 0 0 1 0 0 0 0 1 0
4 90 0 1 0 0 0 0 1 0 0 0 0 1 0
4 91 0 1 0 0 0 0 1 0 0 0 0 1 0
4 92 0 1 0 0 0 0 1 0 0 0 0 1 0
4 93 0 1 0 0 0 0 1 0 0 0 0 1 0
4 94 0 1 0 0 0 0 1 0 0 0 0 1 0
4 95 0 1 0 0 0 0 1 0 0 0 0 1 0
4 96 0 1 0 0 0 0 1 0 0 0 0 1 0
4 97 0 1 0 0 0 0 1 0 0 0 0 1 0
4 98 0 1 0 0 0 0 1 0 0 0 0 1 0
4 99 0 1 0 0 0 0 1 0 0 0 0 1 0
4 100 0 1 0 0 0 0 1 0 0 0 0 1 0
4 101 0 1 0 0 0 0 1 0 0 0 0 1 0
4 102 0 1 0 0 0 0 1 0 0 0 0 1 0
4 103 0 1 0 0 0 0 1 0 0 0 0 1 0
4 104 0 1 0 0 0 0 1 0 0 0 0 1 0
4 105 0 1 0 0 0 0 1 0 0 0 0 1 0
4 106 0 1 0 0 0 0 1 0 0 0 0 1 0
4 107 0 1 0 0 0 0 1 0 0 0 0 1 0
4 108 0 1 0 0 0 0 1 0 0 0 0 1 0
4 109 0 1 0 0 0 0 1 0 0 0 0 1 0
4 110 0 1 0 0 0 0 1 0 0 0 0 1 0
4 111 0 1 0 0 0 0 1 0 0 0 0 1 0
4 112 0 1 0 0 0 0 1 0 0 0 0 1 0
4 113 0 1 0 0 0 0 1 0 0 0 0 1 0
4 114 0 1 0 0 0 0 1 0 0 0 0 1 0
4 115 0 1 0 0 0 0 1 0 0 0 0 1 0
4 116 0 1 0 0 0 0 1 0 0 0 0 1 0
4 117 0 1 0 0 0 0 1 0 0 0 0 1 0
4 118 0 1 0 0 0 0 1 0 0 0 0 1 0
