0 1 39 0.999958 0.00882594 0.00256254 0.0131907 -0.00883501 0.999955 0.00354877 -0.0882445 -0.0025311 -0.00357126 0.99999 0.996012
0 2 619 0.999833 0.0118283 -0.0139012 0.825543 -0.0117522 0.999916 0.00554153 -0.205821 0.0139656 -0.00537724 0.999888 0.525467
0 3 578 0.999303 0.000102892 -0.0373296 0.961988 0.000293101 0.999944 0.0106024 -0.16176 0.0373286 -0.010606 0.999247 0.220029
0 4 483 0.993921 0.0347063 -0.104479 0.963661 -0.0332406 0.999323 0.0157383 -0.172749 0.104955 -0.0121696 0.994403 0.203753
0 5 334 0.993289 0.0520046 -0.103307 0.978417 -0.052513 0.998618 -0.00220566 -0.0910983 0.10305 0.00761583 0.994647 0.185475
0 6 191 0.982207 0.0637514 -0.176652 0.987781 -0.0613575 0.997935 0.018987 -0.0504397 0.177497 -0.00781022 0.98409 0.14746
0 7 135 0.981231 0.062967 -0.182264 0.969895 -0.0646832 0.9979 -0.00348053 -0.123632 0.181662 0.0152046 0.983244 0.209806
0 8 87 0.986758 0.0789435 -0.141689 0.992331 -0.0790506 0.996859 0.00488197 -0.123608 0.14163 0.00638329 0.989899 -0.00029879
0 9 59 0.962245 0.109149 -0.24934 0.999295 -0.11994 0.992373 -0.028457 0.0122516 0.244332 0.0572886 0.967998 -0.035488
0 10 11 0.990618 0.0792818 0.111309 0.136105 -0.082373 0.996326 0.0234458 -0.330824 -0.109041 -0.0323946 0.993509 0.933826
0 11 43 0.904801 0.215621 -0.367209 0.992629 -0.194943 0.976396 0.0929914 -0.0474943 0.378592 -0.012554 0.925479 -0.111502
0 12 0 1 0 0 0 0 1 0 0 0 0 1 0
0 13 14 0.59499 -0.642065 -0.483465 0.278711 -0.771944 -0.62401 -0.1213 -0.134876 -0.223804 0.445381 -0.866919 0.950857
0 14 0 1 0 0 0 0 1 0 0 0 0 1 0
0 15 0 1 0 0 0 0 1 0 0 0 0 1 0
0 16 0 1 0 0 0 0 1 0 0 0 0 1 0
0 17 13 -0.0188889 -0.971122 0.237836 0.231345 -0.856512 -0.106998 -0.504915 0.225383 0.515782 -0.213247 -0.829756 0.946405
0 18 0 1 0 0 0 0 1 0 0 0 0 1 0
0 19 16 0.508569 -0.435021 0.743044 -0.459171 -0.827225 -0.00745649 0.561821 -0.203666 -0.238863 -0.90039 -0.363652 0.864686
0 20 0 1 0 0 0 0 1 0 0 0 0 1 0
0 21 0 1 0 0 0 0 1 0 0 0 0 1 0
0 22 0 1 0 0 0 0 1 0 0 0 0 1 0
0 23 0 1 0 0 0 0 1 0 0 0 0 1 0
0 24 0 1 0 0 0 0 1 0 0 0 0 1 0
0 25 0 1 0 0 0 0 1 0 0 0 0 1 0
0 26 0 1 0 0 0 0 1 0 0 0 0 1 0
0 27 0 1 0 0 0 0 1 0 0 0 0 1 0
0 28 0 1 0 0 0 0 1 0 0 0 0 1 0
0 29 0 1 0 0 0 0 1 0 0 0 0 1 0
0 30 0 1 0 0 0 0 1 0 0 0 0 1 0
0 31 0 1 0 0 0 0 1 0 0 0 0 1 0
0 32 0 1 0 0 0 0 1 0 0 0 0 1 0
0 33 0 1 0 0 0 0 1 0 0 0 0 1 0
0 34 0 1 0 0 0 0 1 0 0 0 0 1 0
0 35 0 1 0 0 0 0 1 0 0 0 0 1 0
0 36 0 1 0 0 0 0 1 0 0 0 0 1 0
0 37 0 1 0 0 0 0 1 0 0 0 0 1 0
0 38 0 1 0 0 0 0 1 0 0 0 0 1 0
0 39 0 1 0 0 0 0 1 0 0 0 0 1 0
0 40 0 1 0 0 0 0 1 0 0 0 0 1 0
0 41 0 1 0 0 0 0 1 0 0 0 0 1 0
0 42 0 1 0 0 0 0 1 0 0 0 0 1 0
0 43 0 1 0 0 0 0 1 0 0 0 0 1 0
0 44 0 1 0 0 0 0 1 0 0 0 0 1 0
0 45 0 1 0 0 0 0 1 0 0 0 0 1 0
0 46 0 1 0 0 0 0 1 0 0 0 0 1 0
0 47 0 1 0 0 0 0 1 0 0 0 0 1 0
0 48 0 1 0 0 0 0 1 0 0 0 0 1 0
0 49 0 1 0 0 0 0 1 0 0 0 0 1 0
0 50 0 1 0 0 0 0 1 0 0 0 0 1 0
0 51 0 1 0 0 0 0 1 0 0 0 0 1 0
0 52 0 1 0 0 0 0 1 0 0 0 0 1 0
0 53 0 1 0 0 0 0 1 0 0 0 0 1 0
0 54 0 1 0 0 0 0 1 0 0 0 0 1 0
0 55 0 1 0 0 0 0 1 0 0 0 0 1 0
0 56 0 1 0 0 0 0 1 0 0 0 0 1 0
0 57 0 1 0 0 0 0 1 0 0 0 0 1 0
0 58 0 1 0 0 0 0 1 0 0 0 0 1 0
0 59 0 1 0 0 0 0 1 0 0 0 0 1 0
0 60 0 1 0 0 0 0 1 0 0 0 0 1 0
0 61 0 1 0 0 0 0 1 0 0 0 0 1 0
0 62 0 1 0 0 0 0 1 0 0 0 0 1 0
0 63 0 1 0 0 0 0 1 0 0 0 0 1 0
0 64 0 1 0 0 0 0 1 0 0 0 0 1 0
0 65 0 1 0 0 0 0 1 0 0 0 0 1 0
0 66 0 1 0 0 0 0 1 0 0 0 0 1 0
0 67 0 1 0 0 0 0 1 0 0 0 0 1 0
0 68 18 0.758048 0.400083 0.515069 -0.128196 0.311995 -0.915969 0.252308 -0.213392 0.572732 -0.0305632 -0.819173 0.968519
0 69 0 1 0 0 0 0 1 0 0 0 0 1 0
0 70 0 1 0 0 0 0 1 0 0 0 0 1 0
0 71 0 1 0 0 0 0 1 0 0 0 0 1 0
0 72 0 1 0 0 0 0 1 0 0 0 0 1 0
0 73 0 1 0 0 0 0 1 0 0 0 0 1 0
0 74 0 1 0 0 0 0 1 0 0 0 0 1 0
0 75 0 1 0 0 0 0 1 0 0 0 0 1 0
0 76 0 1 0 0 0 0 1 0 0 0 0 1 0
0 77 0 1 0 0 0 0 1 0 0 0 0 1 0
0 78 0 1 0 0 0 0 1 0 0 0 0 1 0
0 79 0 1 0 0 0 0 1 0 0 0 0 1 0
0 80 0 1 0 0 0 0 1 0 0 0 0 1 0
0 81 0 1 0 0 0 0 1 0 0 0 0 1 0
0 82 0 1 0 0 0 0 1 0 0 0 0 1 0
0 83 0 1 0 0 0 0 1 0 0 0 0 1 0
0 84 0 1 0 0 0 0 1 0 0 0 0 1 0
0 85 0 1 0 0 0 0 1 0 0 0 0 1 0
0 86 0 1 0 0 0 0 1 0 0 0 0 1 0
0 87 0 1 0 0 0 0 1 0 0 0 0 1 0
0 88 0 1 0 0 0 0 1 0 0 0 0 1 0
0 89 0 1 0 0 0 0 1 0 0 0 0 1 0
0 90 0 1 0 0 0 0 1 0 0 0 0 1 0
0 91 0 1 0 0 0 0 1 0 0 0 0 1 0
0 92 0 1 0 0 0 0 1 0 0 0 0 1 0
0 93 0 1 0 0 0 0 1 0 0 0 0 1 0
0 94 18 -0.480532 -0.240628 0.843319 -0.187134 -0.805649 0.501001 -0.316113 0.0254337 -0.346438 -0.831322 -0.434609 0.982005
0 95 0 1 0 0 0 0 1 0 0 0 0 1 0
0 96 0 1 0 0 0 0 1 0 0 0 0 1 0
0 97 0 1 0 0 0 0 1 0 0 0 0 1 0
0 98 0 1 0 0 0 0 1 0 0 0 0 1 0
0 99 0 1 0 0 0 0 1 0 0 0 0 1 0
0 100 0 1 0 0 0 0 1 0 0 0 0 1 0
0 101 0 1 0 0 0 0 1 0 0 0 0 1 0
0 102 0 1 0 0 0 0 1 0 0 0 0 1 0
0 103 0 1 0 0 0 0 1 0 0 0 0 1 0
0 104 0 1 0 0 0 0 1 0 0 0 0 1 0
0 105 0 1 0 0 0 0 1 0 0 0 0 1 0
0 106 0 1 0 0 0 0 1 0 0 0 0 1 0
0 107 0 1 0 0 0 0 1 0 0 0 0 1 0
0 108 0 1 0 0 0 0 1 0 0 0 0 1 0
0 109 0 1 0 0 0 0 1 0 0 0 0 1 0
0 110 0 1 0 0 0 0 1 0 0 0 0 1 0
0 111 0 1 0 0 0 0 1 0 0 0 0 1 0
0 112 0 1 0 0 0 0 1 0 0 0 0 1 0
0 113 0 1 0 0 0 0 1 0 0 0 0 1 0
0 114 0 1 0 0 0 0 1 0 0 0 0 1 0
0 115 0 1 0 0 0 0 1 0 0 0 0 1 0
0 116 0 1 0 0 0 0 1 0 0 0 0 1 0
0 117 0 1 0 0 0 0 1 0 0 0 0 1 0
0 118 0 1 0 0 0 0 1 0 0 0 0 1 0
0 119 10 0.0626144 0.99338 0.0963102 -0.193877 -0.998038 0.0622503 0.00678327 0.297285 0.000743026 -0.0965459 0.995328 0.934897
0 120 17 0.704937 0.655874 -0.269987 -0.114384 0.561857 -0.284068 0.776931 -0.195451 0.432874 -0.699382 -0.568758 0.97402
0 121 0 1 0 0 0 0 1 0 0 0 0 1 0
0 122 0 1 0 0 0 0 1 0 0 0 0 1 0
0 123 16 0.37688 0.926257 0.00311003 -0.135158 0.762911 -0.30851 -0.568145 0.256687 -0.525289 0.216495 -0.822922 0.956997
0 124 0 1 0 0 0 0 1 0 0 0 0 1 0
0 125 0 1 0 0 0 0 1 0 0 0 0 1 0
0 126 0 1 0 0 0 0 1 0 0 0 0 1 0
0 127 0 1 0 0 0 0 1 0 0 0 0 1 0
0 128 0 1 0 0 0 0 1 0 0 0 0 1 0
0 129 0 1 0 0 0 0 1 0 0 0 0 1 0
0 130 0 1 0 0 0 0 1 0 0 0 0 1 0
0 131 0 1 0 0 0 0 1 0 0 0 0 1 0
0 132 0 1 0 0 0 0 1 0 0 0 0 1 0
0 133 0 1 0 0 0 0 1 0 0 0 0 1 0
0 134 0 1 0 0 0 0 1 0 0 0 0 1 0
0 135 0 1 0 0 0 0 1 0 0 0 0 1 0
0 136 0 1 0 0 0 0 1 0 0 0 0 1 0
0 137 0 1 0 0 0 0 1 0 0 0 0 1 0
0 138 19 -0.487208 0.864862 -0.121001 0.26393 0.801445 0.497849 0.331408 -0.224027 0.346863 0.0644893 -0.935696 0.938164
0 139 0 1 0 0 0 0 1 0 0 0 0 1 0
0 140 0 1 0 0 0 0 1 0 0 0 0 1 0
0 141 0 1 0 0 0 0 1 0 0 0 0 1 0
0 142 0 1 0 0 0 0 1 0 0 0 0 1 0
0 143 0 1 0 0 0 0 1 0 0 0 0 1 0
0 144 14 0.915684 0.351585 0.194709 -0.362476 -0.347441 0.936016 -0.0561992 -0.208526 -0.202009 -0.0161891 0.97925 0.908366
0 145 27 0.998066 0.0233471 -0.0576183 0.126691 -0.0187074 0.996636 0.0797893 0.0946484 0.0592874 -0.078557 0.995145 -0.987416
0 146 22 0.993678 0.094751 -0.0602156 0.200289 -0.088936 0.991701 0.0928464 -0.00182951 0.0685131 -0.0869041 0.993858 -0.979735
0 147 85 0.961085 0.187189 -0.203164 0.581118 -0.161757 0.977494 0.135429 -0.049158 0.223942 -0.0972958 0.969734 -0.812334
0 148 117 0.943665 0.222481 -0.244947 0.736823 -0.184875 0.968408 0.167353 -0.242706 0.274442 -0.11264 0.954984 -0.63102
0 149 113 0.885657 0.284932 -0.36664 0.943175 -0.239225 0.956731 0.165645 -0.209081 0.397973 -0.0589953 0.915498 -0.258274
0 150 52 0.937188 0.308064 -0.163629 0.870548 -0.29685 0.950704 0.0896727 -0.253456 0.183188 -0.0354668 0.982438 -0.421789
0 151 50 0.904266 0.284716 -0.318182 0.977818 -0.27929 0.958099 0.0635923 -0.16882 0.322955 0.0313605 0.945894 -0.123981
0 152 36 0.875973 0.326191 -0.355346 0.946916 -0.32398 0.943648 0.0675726 -0.314998 0.357363 0.0559333 0.932289 -0.0642353
0 153 20 0.930095 0.319733 0.180814 -0.319778 -0.299556 0.945129 -0.130373 -0.0285315 -0.212577 0.0670949 0.974838 0.947063
0 154 14 0.917748 0.319118 0.236436 0.120375 -0.303717 0.947506 -0.0999479 0.135955 -0.255919 0.0199175 0.966493 -0.983375
0 155 0 1 0 0 0 0 1 0 0 0 0 1 0
0 156 24 0.805953 0.40578 -0.431024 0.939554 -0.385787 0.912286 0.137488 -0.309108 0.449007 0.0554751 0.891804 0.147274
0 157 27 0.752886 0.453156 -0.477298 0.890989 -0.349269 0.889763 0.293824 -0.412159 0.55783 -0.0545102 0.828163 0.19043
0 158 12 0.960658 0.231164 0.153944 -0.00722679 -0.239407 0.970211 0.0370913 0.118728 -0.140784 -0.0724874 0.987383 -0.992901
0 159 21 0.830046 0.341084 -0.441232 0.961182 -0.261101 0.936777 0.23297 -0.225274 0.492798 -0.0781692 0.866625 0.159313
0 160 29 0.0158363 0.425738 -0.904708 0.807209 -0.0753713 0.902755 0.4235 -0.225208 0.99703 0.0614824 0.0463848 0.545615
0 161 18 0.978133 0.207266 0.0172014 0.473322 -0.207641 0.968498 0.137468 0.0224425 0.0118328 -0.138033 0.990357 -0.880604
0 162 42 0.794117 0.374805 -0.478435 0.961424 -0.261095 0.921246 0.288331 -0.26893 0.548824 -0.104052 0.829437 0.0578005
0 163 34 0.897818 0.311608 -0.311164 0.96491 -0.243343 0.939984 0.239194 -0.257793 0.367024 -0.139033 0.919763 -0.0499074
0 164 32 0.983214 0.152302 0.100468 -0.30684 -0.156219 0.987194 0.0322966 0.309271 -0.0942631 -0.0474495 0.994416 0.900111
0 165 35 0.874096 0.259792 -0.410445 0.98528 -0.208184 0.963784 0.166676 -0.095116 0.438881 -0.0602425 0.896524 -0.142043
0 166 46 0.952571 0.227598 -0.202007 0.778224 -0.195389 0.966335 0.167392 -0.0472049 0.233305 -0.119983 0.964973 -0.62621
0 167 39 0.971671 0.223706 -0.0762346 0.406657 -0.209616 0.964731 0.159235 -0.0260232 0.109168 -0.138744 0.984293 -0.91321
0 168 41 0.982966 0.178956 -0.0418721 0.158468 -0.168173 0.967692 0.187858 -0.0920811 0.0741377 -0.177617 0.981303 -0.983061
0 169 31 0.987943 0.13141 -0.081857 0.484097 -0.120652 0.984816 0.124822 0.0440345 0.0970169 -0.113441 0.988797 -0.873906
0 170 29 0.989825 0.0853868 -0.113824 0.472706 -0.0658468 0.984 0.165552 0.0283447 0.126139 -0.156373 0.97961 -0.880764
0 171 31 0.98704 0.0587129 -0.149345 0.495773 -0.0323741 0.984384 0.173032 0.0460381 0.157172 -0.165955 0.973528 -0.867231
0 172 42 0.981876 0.101794 -0.159867 0.39628 -0.0717717 0.980405 0.183453 0.0429554 0.175408 -0.168655 0.969942 -0.917124
1 2 594 0.999898 0.00387785 -0.0137668 0.892405 -0.00388299 0.999992 -0.000346657 -0.170116 0.0137653 0.000400077 0.999905 0.41794
1 3 633 0.999372 -0.00427438 -0.0351829 0.976296 0.00433662 0.999989 0.00169284 -0.0879281 0.0351753 -0.00184436 0.999379 0.197774
1 4 523 0.996038 0.0253528 -0.0852385 0.975497 -0.0260019 0.999641 -0.00651337 0.000505809 0.0850428 0.00870392 0.996339 0.220012
1 5 366 0.992273 0.0407272 -0.117203 0.991462 -0.0431192 0.998909 -0.0179453 -0.0100776 0.116344 0.0228604 0.992946 0.130003
1 6 219 0.985231 0.0553535 -0.162036 0.986098 -0.0536573 0.998449 0.0148295 -0.052784 0.162606 -0.00591605 0.986673 0.157556
1 7 166 0.985264 0.051489 -0.163106 0.973858 -0.053802 0.998504 -0.00979266 -0.125314 0.162357 0.0184238 0.98656 0.189466
1 8 113 0.983276 0.0711663 -0.167642 0.996233 -0.0738039 0.997227 -0.00954774 -0.0865242 0.166497 0.0217607 0.985802 0.00582314
1 9 79 0.980549 0.0912929 -0.173749 0.993943 -0.0976817 0.994808 -0.0285631 0.0135607 0.17024 0.0449796 0.984376 -0.10906
1 10 30 0.98341 0.0175091 0.180552 -0.94935 -0.0232962 0.999279 0.0299813 -0.283524 -0.179897 -0.0336901 0.983108 0.135458
1 11 46 0.910186 0.196922 -0.364394 0.993077 -0.183038 0.980419 0.0726335 -0.0194662 0.371562 0.000588045 0.928408 -0.115845
1 12 12 0.955011 0.245411 0.166513 -0.0867408 -0.257322 0.964824 0.053851 0.0528769 -0.14744 -0.0942757 0.984568 -0.994827
1 13 0 1 0 0 0 0 1 0 0 0 0 1 0
1 14 0 1 0 0 0 0 1 0 0 0 0 1 0
1 15 0 1 0 0 0 0 1 0 0 0 0 1 0
1 16 0 1 0 0 0 0 1 0 0 0 0 1 0
1 17 0 1 0 0 0 0 1 0 0 0 0 1 0
1 18 16 -0.3995 -0.885819 0.23606 -0.370508 -0.809534 0.220055 -0.544271 0.133623 0.430179 -0.408535 -0.805012 0.919168
1 19 0 1 0 0 0 0 1 0 0 0 0 1 0
1 20 0 1 0 0 0 0 1 0 0 0 0 1 0
1 21 0 1 0 0 0 0 1 0 0 0 0 1 0
1 22 0 1 0 0 0 0 1 0 0 0 0 1 0
1 23 0 1 0 0 0 0 1 0 0 0 0 1 0
1 24 0 1 0 0 0 0 1 0 0 0 0 1 0
1 25 0 1 0 0 0 0 1 0 0 0 0 1 0
1 26 0 1 0 0 0 0 1 0 0 0 0 1 0
1 27 0 1 0 0 0 0 1 0 0 0 0 1 0
1 28 0 1 0 0 0 0 1 0 0 0 0 1 0
1 29 0 1 0 0 0 0 1 0 0 0 0 1 0
1 30 0 1 0 0 0 0 1 0 0 0 0 1 0
1 31 0 1 0 0 0 0 1 0 0 0 0 1 0
1 32 0 1 0 0 0 0 1 0 0 0 0 1 0
1 33 0 1 0 0 0 0 1 0 0 0 0 1 0
1 34 0 1 0 0 0 0 1 0 0 0 0 1 0
1 35 0 1 0 0 0 0 1 0 0 0 0 1 0
1 36 0 1 0 0 0 0 1 0 0 0 0 1 0
1 37 0 1 0 0 0 0 1 0 0 0 0 1 0
1 38 0 1 0 0 0 0 1 0 0 0 0 1 0
1 39 0 1 0 0 0 0 1 0 0 0 0 1 0
1 40 0 1 0 0 0 0 1 0 0 0 0 1 0
1 41 0 1 0 0 0 0 1 0 0 0 0 1 0
1 42 0 1 0 0 0 0 1 0 0 0 0 1 0
1 43 13 0.834921 -0.00232817 -0.550365 0.401255 0.178773 -0.944619 0.2752 -0.21015 -0.520526 -0.328161 -0.788266 0.891533
1 44 0 1 0 0 0 0 1 0 0 0 0 1 0
1 45 0 1 0 0 0 0 1 0 0 0 0 1 0
1 46 0 1 0 0 0 0 1 0 0 0 0 1 0
1 47 0 1 0 0 0 0 1 0 0 0 0 1 0
1 48 0 1 0 0 0 0 1 0 0 0 0 1 0
1 49 0 1 0 0 0 0 1 0 0 0 0 1 0
1 50 0 1 0 0 0 0 1 0 0 0 0 1 0
1 51 0 1 0 0 0 0 1 0 0 0 0 1 0
1 52 0 1 0 0 0 0 1 0 0 0 0 1 0
1 53 0 1 0 0 0 0 1 0 0 0 0 1 0
1 54 0 1 0 0 0 0 1 0 0 0 0 1 0
1 55 0 1 0 0 0 0 1 0 0 0 0 1 0
1 56 0 1 0 0 0 0 1 0 0 0 0 1 0
1 57 0 1 0 0 0 0 1 0 0 0 0 1 0
1 58 0 1 0 0 0 0 1 0 0 0 0 1 0
1 59 0 1 0 0 0 0 1 0 0 0 0 1 0
1 60 0 1 0 0 0 0 1 0 0 0 0 1 0
1 61 0 1 0 0 0 0 1 0 0 0 0 1 0
1 62 0 1 0 0 0 0 1 0 0 0 0 1 0
1 63 0 1 0 0 0 0 1 0 0 0 0 1 0
1 64 0 1 0 0 0 0 1 0 0 0 0 1 0
1 65 0 1 0 0 0 0 1 0 0 0 0 1 0
1 66 0 1 0 0 0 0 1 0 0 0 0 1 0
1 67 0 1 0 0 0 0 1 0 0 0 0 1 0
1 68 16 -0.698197 -0.534403 0.476377 -0.128196 0.504676 -0.839361 -0.201928 -0.213392 0.507763 0.099431 0.85574 0.968519
1 69 15 -0.752582 -0.331831 -0.568778 0.139436 0.533184 -0.813962 -0.230612 -0.228721 -0.38644 -0.476817 0.789499 0.963454
1 70 0 1 0 0 0 0 1 0 0 0 0 1 0
1 71 0 1 0 0 0 0 1 0 0 0 0 1 0
1 72 0 1 0 0 0 0 1 0 0 0 0 1 0
1 73 0 1 0 0 0 0 1 0 0 0 0 1 0
1 74 0 1 0 0 0 0 1 0 0 0 0 1 0
1 75 0 1 0 0 0 0 1 0 0 0 0 1 0
1 76 0 1 0 0 0 0 1 0 0 0 0 1 0
1 77 0 1 0 0 0 0 1 0 0 0 0 1 0
1 78 0 1 0 0 0 0 1 0 0 0 0 1 0
1 79 0 1 0 0 0 0 1 0 0 0 0 1 0
1 80 0 1 0 0 0 0 1 0 0 0 0 1 0
1 81 0 1 0 0 0 0 1 0 0 0 0 1 0
1 82 0 1 0 0 0 0 1 0 0 0 0 1 0
1 83 0 1 0 0 0 0 1 0 0 0 0 1 0
1 84 0 1 0 0 0 0 1 0 0 0 0 1 0
1 85 0 1 0 0 0 0 1 0 0 0 0 1 0
1 86 0 1 0 0 0 0 1 0 0 0 0 1 0
1 87 0 1 0 0 0 0 1 0 0 0 0 1 0
1 88 0 1 0 0 0 0 1 0 0 0 0 1 0
1 89 0 1 0 0 0 0 1 0 0 0 0 1 0
1 90 0 1 0 0 0 0 1 0 0 0 0 1 0
1 91 0 1 0 0 0 0 1 0 0 0 0 1 0
1 92 0 1 0 0 0 0 1 0 0 0 0 1 0
1 93 0 1 0 0 0 0 1 0 0 0 0 1 0
1 94 0 1 0 0 0 0 1 0 0 0 0 1 0
1 95 0 1 0 0 0 0 1 0 0 0 0 1 0
1 96 0 1 0 0 0 0 1 0 0 0 0 1 0
1 97 0 1 0 0 0 0 1 0 0 0 0 1 0
1 98 0 1 0 0 0 0 1 0 0 0 0 1 0
1 99 0 1 0 0 0 0 1 0 0 0 0 1 0
1 100 0 1 0 0 0 0 1 0 0 0 0 1 0
1 101 0 1 0 0 0 0 1 0 0 0 0 1 0
1 102 0 1 0 0 0 0 1 0 0 0 0 1 0
1 103 0 1 0 0 0 0 1 0 0 0 0 1 0
1 104 0 1 0 0 0 0 1 0 0 0 0 1 0
1 105 0 1 0 0 0 0 1 0 0 0 0 1 0
1 106 0 1 0 0 0 0 1 0 0 0 0 1 0
1 107 0 1 0 0 0 0 1 0 0 0 0 1 0
1 108 0 1 0 0 0 0 1 0 0 0 0 1 0
1 109 0 1 0 0 0 0 1 0 0 0 0 1 0
1 110 0 1 0 0 0 0 1 0 0 0 0 1 0
1 111 0 1 0 0 0 0 1 0 0 0 0 1 0
1 112 0 1 0 0 0 0 1 0 0 0 0 1 0
1 113 0 1 0 0 0 0 1 0 0 0 0 1 0
1 114 0 1 0 0 0 0 1 0 0 0 0 1 0
1 115 0 1 0 0 0 0 1 0 0 0 0 1 0
1 116 0 1 0 0 0 0 1 0 0 0 0 1 0
1 117 0 1 0 0 0 0 1 0 0 0 0 1 0
1 118 0 1 0 0 0 0 1 0 0 0 0 1 0
1 119 17 -0.793768 -0.545434 0.269135 -0.198603 0.413146 -0.808266 -0.419542 0.290133 0.446366 -0.221827 0.86692 0.936152
1 120 0 1 0 0 0 0 1 0 0 0 0 1 0
1 121 0 1 0 0 0 0 1 0 0 0 0 1 0
1 122 0 1 0 0 0 0 1 0 0 0 0 1 0
1 123 0 1 0 0 0 0 1 0 0 0 0 1 0
1 124 0 1 0 0 0 0 1 0 0 0 0 1 0
1 125 11 0.737435 -0.672105 -0.066813 -0.427919 0.675091 0.736542 0.0419335 -0.243883 0.0210269 -0.0760281 0.996884 0.870291
1 126 0 1 0 0 0 0 1 0 0 0 0 1 0
1 127 0 1 0 0 0 0 1 0 0 0 0 1 0
1 128 0 1 0 0 0 0 1 0 0 0 0 1 0
1 129 0 1 0 0 0 0 1 0 0 0 0 1 0
1 130 0 1 0 0 0 0 1 0 0 0 0 1 0
1 131 0 1 0 0 0 0 1 0 0 0 0 1 0
1 132 0 1 0 0 0 0 1 0 0 0 0 1 0
1 133 0 1 0 0 0 0 1 0 0 0 0 1 0
1 134 0 1 0 0 0 0 1 0 0 0 0 1 0
1 135 0 1 0 0 0 0 1 0 0 0 0 1 0
1 136 0 1 0 0 0 0 1 0 0 0 0 1 0
1 137 0 1 0 0 0 0 1 0 0 0 0 1 0
1 138 0 1 0 0 0 0 1 0 0 0 0 1 0
1 139 0 1 0 0 0 0 1 0 0 0 0 1 0
1 140 0 1 0 0 0 0 1 0 0 0 0 1 0
1 141 0 1 0 0 0 0 1 0 0 0 0 1 0
1 142 12 0.24299 -0.911472 0.331926 -0.264537 0.962889 0.1852 -0.196331 0.265669 0.117478 0.367314 0.922648 0.92706
1 143 0 1 0 0 0 0 1 0 0 0 0 1 0
1 144 14 -0.0178172 0.894546 -0.446621 0.0548248 0.997298 -0.0159414 -0.0717147 -0.109851 -0.0712719 -0.446692 -0.891844 0.992435
1 145 26 0.997489 0.0196931 -0.0680329 0.164877 -0.0149166 0.997434 0.0700159 0.112722 0.0692372 -0.0688252 0.995223 -0.979852
1 146 39 0.993685 0.0742408 -0.0841342 0.265758 -0.0699524 0.996151 0.0528257 0.124439 0.0877322 -0.0466068 0.995053 -0.955975
1 147 92 0.958215 0.17589 -0.225579 0.619177 -0.151649 0.98103 0.120761 -0.00642894 0.24254 -0.0815067 0.966711 -0.785225
1 148 124 0.943001 0.204692 -0.262393 0.800137 -0.175922 0.975907 0.129064 -0.0830278 0.28249 -0.0755472 0.956291 -0.594043
1 149 131 0.924946 0.273957 -0.263482 0.845207 -0.243827 0.959423 0.141619 -0.192689 0.291588 -0.0667454 0.954212 -0.498494
1 150 59 0.851695 0.320041 -0.414957 0.93557 -0.270583 0.946697 0.174784 -0.298749 0.448777 -0.0365823 0.892895 -0.1883
1 151 66 0.881356 0.314975 -0.35214 0.947688 -0.286624 0.948983 0.131446 -0.305487 0.375577 -0.014919 0.926671 -0.092553
1 152 47 0.876304 0.313787 -0.365553 0.95644 -0.317716 0.946808 0.0511027 -0.285003 0.362143 0.0713604 0.929387 -0.0632167
1 153 33 0.795069 0.437646 -0.419917 0.884745 -0.385486 0.899143 0.207227 -0.466042 0.468257 -0.00288715 0.883587 -0.00553597
1 154 24 0.841296 0.407274 -0.355456 0.911777 -0.371085 0.913256 0.168103 -0.41068 0.393087 -0.00952017 0.919452 0.00206095
1 155 0 1 0 0 0 0 1 0 0 0 0 1 0
1 156 26 0.81788 0.393912 -0.419411 0.940058 -0.37524 0.917738 0.1302 -0.310702 0.436197 0.0508921 0.898411 0.140551
1 157 31 0.866111 0.396008 -0.305008 0.932463 -0.357052 0.917176 0.176922 -0.3608 0.349809 -0.0443306 0.935772 0.01833
1 158 16 0.983458 0.167193 0.0696901 -0.431427 -0.17084 0.984024 0.0501016 -0.0996085 -0.0602001 -0.0611787 0.99631 0.896632
1 159 30 0.803255 0.37075 -0.466183 0.94824 -0.267183 0.923781 0.274304 -0.284734 0.532349 -0.0957794 0.841089 0.1406
1 160 31 0.856457 0.375782 -0.353933 0.948532 -0.284182 0.915602 0.284453 -0.316134 0.430954 -0.14304 0.890965 0.0185976
1 161 29 0.720154 0.390452 -0.573521 0.951642 -0.235853 0.915161 0.326886 -0.273727 0.652497 -0.100142 0.751146 0.139467
1 162 37 0.823966 0.353243 -0.443056 0.970661 -0.261225 0.930659 0.256193 -0.238844 0.502833 -0.0953574 0.859108 0.027756
1 163 32 0.887241 0.0987788 0.450606 -0.834234 -0.179891 0.973559 0.140788 -0.0719507 -0.424785 -0.205973 0.881551 0.546696
1 164 48 0.846139 0.264259 -0.462835 0.994196 -0.218674 0.964093 0.150684 -0.107181 0.486035 -0.0262897 0.873544 -0.00925912
1 165 37 0.980259 0.19673 -0.019726 0.69569 -0.19197 0.970898 0.143193 -0.262027 0.0473223 -0.13658 0.989498 -0.668847
1 166 43 0.966925 0.204418 -0.152545 0.680387 -0.181055 0.97134 0.154007 -0.0246047 0.179655 -0.121294 0.976223 -0.73244
1 167 49 0.8935 0.256601 -0.36853 0.920329 -0.200156 0.9622 0.184687 -0.0842228 0.40199 -0.0912543 0.911085 -0.38197
1 168 50 0.908907 0.229904 -0.347898 0.887538 -0.162791 0.963714 0.211554 -0.104903 0.383911 -0.135648 0.913352 -0.448634
1 169 39 0.991017 0.122203 -0.0543354 0.36787 -0.114543 0.985289 0.126832 0.0239035 0.0690353 -0.119469 0.990435 -0.92957
1 170 32 0.992027 0.0719859 -0.103442 0.428398 -0.0563175 0.987514 0.147123 0.072882 0.112741 -0.140124 0.983694 -0.900646
1 171 32 0.985986 0.0496911 -0.159255 0.491833 -0.0242805 0.987189 0.157698 0.0803181 0.165051 -0.151622 0.974561 -0.866977
1 172 41 0.985291 0.0920095 -0.143999 0.348178 -0.0592729 0.974367 0.217015 -0.0988719 0.160275 -0.205288 0.965489 -0.9322
2 3 13 0.999899 -0.0119856 0.00761354 0.974877 0.0119862 0.999928 -3.52143e-05 -0.038049 -0.00761257 0.000126468 0.999971 0.219472
2 4 540 0.997715 0.0231926 -0.063462 0.998953 -0.0232474 0.99973 -0.000124644 -0.0193984 0.063442 0.00159968 0.997984 -0.0414413
2 5 389 0.994964 0.0414256 -0.0912702 0.997673 -0.0426207 0.999029 -0.0111829 -0.0242673 0.0907183 0.0150166 0.995763 0.0637178
2 6 244 0.989305 0.0591813 -0.133318 0.991817 -0.0568677 0.998159 0.0210985 -0.0699237 0.134321 -0.0132913 0.990849 0.106818
2 7 149 0.990085 0.0400163 -0.134647 0.984889 -0.0438061 0.99872 -0.0253011 -0.0619349 0.133462 0.0309486 0.990571 0.161735
2 8 96 0.986393 0.0595184 -0.153256 0.999675 -0.0650204 0.997398 -0.0311383 -0.013281 0.151004 0.0406793 0.987696 -0.0217539
2 9 63 0.971766 0.0984944 -0.214405 0.991655 -0.106047 0.994072 -0.0239852 0.0143358 0.210772 0.0460451 0.97645 -0.128122
2 10 15 0.992406 0.044104 0.114826 -0.864441 -0.0462074 0.998808 0.0157199 -0.154166 -0.113996 -0.0209063 0.993261 -0.478514
2 11 46 0.920388 0.197702 -0.337342 0.97791 -0.185377 0.980262 0.0687164 0.00132464 0.344269 -0.000710458 0.938871 -0.209021
2 12 0 1 0 0 0 0 1 0 0 0 0 1 0
2 13 0 1 0 0 0 0 1 0 0 0 0 1 0
2 14 0 1 0 0 0 0 1 0 0 0 0 1 0
2 15 0 1 0 0 0 0 1 0 0 0 0 1 0
2 16 0 1 0 0 0 0 1 0 0 0 0 1 0
2 17 0 1 0 0 0 0 1 0 0 0 0 1 0
2 18 0 1 0 0 0 0 1 0 0 0 0 1 0
2 19 0 1 0 0 0 0 1 0 0 0 0 1 0
2 20 0 1 0 0 0 0 1 0 0 0 0 1 0
2 21 0 1 0 0 0 0 1 0 0 0 0 1 0
2 22 0 1 0 0 0 0 1 0 0 0 0 1 0
2 23 0 1 0 0 0 0 1 0 0 0 0 1 0
2 24 0 1 0 0 0 0 1 0 0 0 0 1 0
2 25 0 1 0 0 0 0 1 0 0 0 0 1 0
2 26 0 1 0 0 0 0 1 0 0 0 0 1 0
2 27 0 1 0 0 0 0 1 0 0 0 0 1 0
2 28 0 1 0 0 0 0 1 0 0 0 0 1 0
2 29 0 1 0 0 0 0 1 0 0 0 0 1 0
2 30 0 1 0 0 0 0 1 0 0 0 0 1 0
2 31 0 1 0 0 0 0 1 0 0 0 0 1 0
2 32 0 1 0 0 0 0 1 0 0 0 0 1 0
2 33 0 1 0 0 0 0 1 0 0 0 0 1 0
2 34 0 1 0 0 0 0 1 0 0 0 0 1 0
2 35 0 1 0 0 0 0 1 0 0 0 0 1 0
2 36 0 1 0 0 0 0 1 0 0 0 0 1 0
2 37 0 1 0 0 0 0 1 0 0 0 0 1 0
2 38 0 1 0 0 0 0 1 0 0 0 0 1 0
2 39 0 1 0 0 0 0 1 0 0 0 0 1 0
2 40 0 1 0 0 0 0 1 0 0 0 0 1 0
2 41 0 1 0 0 0 0 1 0 0 0 0 1 0
2 42 0 1 0 0 0 0 1 0 0 0 0 1 0
2 43 16 -0.994802 -0.0131552 -0.100979 -0.0958962 -0.0427123 0.954081 0.296488 -0.218332 0.0924417 0.29926 -0.949683 0.971151
2 44 0 1 0 0 0 0 1 0 0 0 0 1 0
2 45 0 1 0 0 0 0 1 0 0 0 0 1 0
2 46 0 1 0 0 0 0 1 0 0 0 0 1 0
2 47 0 1 0 0 0 0 1 0 0 0 0 1 0
2 48 0 1 0 0 0 0 1 0 0 0 0 1 0
2 49 0 1 0 0 0 0 1 0 0 0 0 1 0
2 50 0 1 0 0 0 0 1 0 0 0 0 1 0
2 51 0 1 0 0 0 0 1 0 0 0 0 1 0
2 52 0 1 0 0 0 0 1 0 0 0 0 1 0
2 53 0 1 0 0 0 0 1 0 0 0 0 1 0
2 54 0 1 0 0 0 0 1 0 0 0 0 1 0
2 55 0 1 0 0 0 0 1 0 0 0 0 1 0
2 56 0 1 0 0 0 0 1 0 0 0 0 1 0
2 57 0 1 0 0 0 0 1 0 0 0 0 1 0
2 58 0 1 0 0 0 0 1 0 0 0 0 1 0
2 59 0 1 0 0 0 0 1 0 0 0 0 1 0
2 60 0 1 0 0 0 0 1 0 0 0 0 1 0
2 61 0 1 0 0 0 0 1 0 0 0 0 1 0
2 62 0 1 0 0 0 0 1 0 0 0 0 1 0
2 63 0 1 0 0 0 0 1 0 0 0 0 1 0
2 64 0 1 0 0 0 0 1 0 0 0 0 1 0
2 65 0 1 0 0 0 0 1 0 0 0 0 1 0
2 66 0 1 0 0 0 0 1 0 0 0 0 1 0
2 67 0 1 0 0 0 0 1 0 0 0 0 1 0
2 68 0 1 0 0 0 0 1 0 0 0 0 1 0
2 69 0 1 0 0 0 0 1 0 0 0 0 1 0
2 70 0 1 0 0 0 0 1 0 0 0 0 1 0
2 71 0 1 0 0 0 0 1 0 0 0 0 1 0
2 72 0 1 0 0 0 0 1 0 0 0 0 1 0
2 73 0 1 0 0 0 0 1 0 0 0 0 1 0
2 74 0 1 0 0 0 0 1 0 0 0 0 1 0
2 75 0 1 0 0 0 0 1 0 0 0 0 1 0
2 76 0 1 0 0 0 0 1 0 0 0 0 1 0
2 77 0 1 0 0 0 0 1 0 0 0 0 1 0
2 78 0 1 0 0 0 0 1 0 0 0 0 1 0
2 79 0 1 0 0 0 0 1 0 0 0 0 1 0
2 80 0 1 0 0 0 0 1 0 0 0 0 1 0
2 81 0 1 0 0 0 0 1 0 0 0 0 1 0
2 82 0 1 0 0 0 0 1 0 0 0 0 1 0
2 83 0 1 0 0 0 0 1 0 0 0 0 1 0
2 84 0 1 0 0 0 0 1 0 0 0 0 1 0
2 85 0 1 0 0 0 0 1 0 0 0 0 1 0
2 86 0 1 0 0 0 0 1 0 0 0 0 1 0
2 87 0 1 0 0 0 0 1 0 0 0 0 1 0
2 88 0 1 0 0 0 0 1 0 0 0 0 1 0
2 89 0 1 0 0 0 0 1 0 0 0 0 1 0
2 90 0 1 0 0 0 0 1 0 0 0 0 1 0
2 91 0 1 0 0 0 0 1 0 0 0 0 1 0
2 92 0 1 0 0 0 0 1 0 0 0 0 1 0
2 93 0 1 0 0 0 0 1 0 0 0 0 1 0
2 94 0 1 0 0 0 0 1 0 0 0 0 1 0
2 95 0 1 0 0 0 0 1 0 0 0 0 1 0
2 96 0 1 0 0 0 0 1 0 0 0 0 1 0
2 97 0 1 0 0 0 0 1 0 0 0 0 1 0
2 98 0 1 0 0 0 0 1 0 0 0 0 1 0
2 99 0 1 0 0 0 0 1 0 0 0 0 1 0
2 100 0 1 0 0 0 0 1 0 0 0 0 1 0
2 101 0 1 0 0 0 0 1 0 0 0 0 1 0
2 102 0 1 0 0 0 0 1 0 0 0 0 1 0
2 103 0 1 0 0 0 0 1 0 0 0 0 1 0
2 104 0 1 0 0 0 0 1 0 0 0 0 1 0
2 105 0 1 0 0 0 0 1 0 0 0 0 1 0
2 106 0 1 0 0 0 0 1 0 0 0 0 1 0
2 107 0 1 0 0 0 0 1 0 0 0 0 1 0
2 108 0 1 0 0 0 0 1 0 0 0 0 1 0
2 109 0 1 0 0 0 0 1 0 0 0 0 1 0
2 110 0 1 0 0 0 0 1 0 0 0 0 1 0
2 111 0 1 0 0 0 0 1 0 0 0 0 1 0
2 112 0 1 0 0 0 0 1 0 0 0 0 1 0
2 113 0 1 0 0 0 0 1 0 0 0 0 1 0
2 114 0 1 0 0 0 0 1 0 0 0 0 1 0
2 115 0 1 0 0 0 0 1 0 0 0 0 1 0
2 116 0 1 0 0 0 0 1 0 0 0 0 1 0
2 117 0 1 0 0 0 0 1 0 0 0 0 1 0
2 118 0 1 0 0 0 0 1 0 0 0 0 1 0
2 119 0 1 0 0 0 0 1 0 0 0 0 1 0
2 120 0 1 0 0 0 0 1 0 0 0 0 1 0
2 121 0 1 0 0 0 0 1 0 0 0 0 1 0
2 122 0 1 0 0 0 0 1 0 0 0 0 1 0
2 123 20 0.868423 0.18661 -0.459367 0.0159763 0.0485558 -0.954027 -0.295762 -0.0502892 -0.493441 0.234542 -0.83756 0.998607
2 124 0 1 0 0 0 0 1 0 0 0 0 1 0
2 125 0 1 0 0 0 0 1 0 0 0 0 1 0
2 126 0 1 0 0 0 0 1 0 0 0 0 1 0
2 127 0 1 0 0 0 0 1 0 0 0 0 1 0
2 128 0 1 0 0 0 0 1 0 0 0 0 1 0
2 129 0 1 0 0 0 0 1 0 0 0 0 1 0
2 130 0 1 0 0 0 0 1 0 0 0 0 1 0
2 131 0 1 0 0 0 0 1 0 0 0 0 1 0
2 132 0 1 0 0 0 0 1 0 0 0 0 1 0
2 133 0 1 0 0 0 0 1 0 0 0 0 1 0
2 134 0 1 0 0 0 0 1 0 0 0 0 1 0
2 135 0 1 0 0 0 0 1 0 0 0 0 1 0
2 136 0 1 0 0 0 0 1 0 0 0 0 1 0
2 137 11 -0.608884 0.73644 0.294814 -0.0307845 -0.78127 -0.492357 -0.383669 0.0722514 -0.137396 -0.463939 0.875147 0.996911
2 138 0 1 0 0 0 0 1 0 0 0 0 1 0
2 139 16 0.619601 0.693095 -0.368393 0.438505 0.697836 -0.701282 -0.145701 0.0798599 -0.359332 -0.166802 -0.918182 0.895174
2 140 0 1 0 0 0 0 1 0 0 0 0 1 0
2 141 0 1 0 0 0 0 1 0 0 0 0 1 0
2 142 0 1 0 0 0 0 1 0 0 0 0 1 0
2 143 0 1 0 0 0 0 1 0 0 0 0 1 0
2 144 16 -0.709629 -0.320959 -0.627226 0.0544957 -0.444407 0.894696 0.0449662 -0.109718 0.546744 0.310653 -0.777538 0.992468
2 145 27 0.997879 0.0478522 -0.0441352 0.107665 -0.0427451 0.992993 0.110172 0.00375652 0.0490979 -0.108051 0.992932 -0.99418
2 146 33 0.985317 0.083195 -0.149091 0.435279 -0.0799424 0.996415 0.0276889 0.207852 0.15086 -0.0153636 0.988436 -0.875973
2 147 74 0.938376 0.18367 -0.292772 0.722319 -0.164281 0.982325 0.0897157 0.110346 0.304075 -0.0360902 0.951964 -0.6827
2 148 127 0.920483 0.213693 -0.327179 0.852951 -0.177533 0.974528 0.137031 -0.075268 0.348128 -0.06805 0.934974 -0.516536
2 149 119 0.931751 0.270264 -0.242482 0.725203 -0.241242 0.959889 0.142879 -0.186452 0.271371 -0.0746311 0.959577 -0.66281
2 150 55 0.888712 0.312488 -0.335473 0.960071 -0.287927 0.949848 0.122011 -0.234918 0.356775 -0.011841 0.934115 -0.151914
2 151 55 0.923763 0.283322 -0.257665 0.942486 -0.273945 0.959018 0.0723844 -0.212022 0.267614 0.00372009 0.963519 -0.258393
2 152 38 0.912929 0.301845 -0.274682 0.946982 -0.307874 0.951173 0.0219882 -0.268235 0.267907 0.0644937 0.961284 -0.176847
2 153 28 0.837502 0.36765 -0.404257 0.942818 -0.361815 0.927505 0.0939423 -0.332919 0.409488 0.067589 0.909808 -0.016098
2 154 24 0.959652 0.250159 -0.128409 0.992937 -0.2614 0.961948 -0.0795379 -0.0301429 0.103625 0.109895 0.988527 -0.114746
2 155 21 0.848333 0.406744 -0.338956 0.932219 -0.385959 0.913311 0.129993 -0.361564 0.362447 0.0205459 0.931778 -0.0154871
2 156 0 1 0 0 0 0 1 0 0 0 0 1 0
2 157 28 0.789111 0.408239 -0.45896 0.930108 -0.339343 0.91255 0.228254 -0.340781 0.512006 -0.024373 0.858636 0.136995
2 158 11 0.971842 0.206741 0.113056 0.245453 -0.212994 0.975959 0.0462259 -0.129053 -0.100781 -0.0690045 0.992513 0.96078
2 159 13 0.963553 0.266789 0.0197276 0.622273 -0.267194 0.956143 0.119988 -0.104771 0.0131491 -0.120886 0.992579 -0.775757
2 160 28 0.775085 0.436657 -0.456699 0.904426 -0.268244 0.881818 0.387869 -0.408951 0.572091 -0.178125 0.800614 0.121546
2 161 25 0.860712 0.331204 -0.386624 0.967328 -0.244503 0.935053 0.2567 -0.25313 0.446534 -0.126414 0.885792 0.0141948
2 162 37 0.85302 0.313987 -0.416856 0.988254 -0.250073 0.94701 0.201584 -0.152741 0.458061 -0.0677109 0.886338 -0.00483905
2 163 37 0.886206 0.300007 -0.353037 0.975549 -0.234619 0.947696 0.216394 -0.188961 0.399492 -0.108941 0.910241 -0.112238
2 164 32 0.983459 0.167807 0.0681854 0.0531718 -0.171695 0.983568 0.0558156 0.149358 -0.0576987 -0.0665994 0.99611 0.987353
2 165 31 0.91874 0.269712 -0.288397 0.889273 -0.218822 0.95573 0.196714 -0.174225 0.328686 -0.117621 0.937086 -0.422893
2 166 39 0.904613 0.250758 -0.344669 0.893708 -0.188134 0.960505 0.205025 -0.12625 0.382467 -0.120624 0.916061 -0.43052
2 167 38 0.910525 0.270475 -0.31271 0.873638 -0.214635 0.955656 0.201626 -0.122043 0.353378 -0.116467 0.928202 -0.471022
2 168 42 0.93812 0.216744 -0.270098 0.765532 -0.165025 0.96547 0.201582 -0.083561 0.304463 -0.144535 0.941495 -0.637949
2 169 32 0.991706 0.125757 -0.026536 0.279891 -0.121087 0.983399 0.135145 0.00605363 0.0430908 -0.130811 0.99047 -0.960013
2 170 33 0.980744 0.091083 -0.172755 0.577085 -0.0646005 0.986087 0.153161 0.058894 0.184301 -0.139052 0.972984 -0.814558
2 171 31 0.989909 0.049239 -0.132873 0.389729 -0.0230635 0.981169 0.191771 -0.0191114 0.139813 -0.186771 0.972404 -0.920731
2 172 41 0.993476 0.0845309 -0.0765503 0.104224 -0.0682288 0.978435 0.194961 -0.00455014 0.0913797 -0.188466 0.977819 -0.994543
3 4 621 0.997145 0.0331161 -0.0678602 0.992614 -0.0335395 0.999424 -0.00510959 0.11287 0.0676519 0.007371 0.997682 0.0444683
3 5 471 0.995917 0.0498637 -0.0752504 0.996545 -0.0506899 0.998673 -0.00910813 -0.0489402 0.0746964 0.0128854 0.997123 0.0671047
3 6 271 0.990312 0.0602213 -0.125122 0.99283 -0.0591433 0.998174 0.012316 -0.0261058 0.125635 -0.0047965 0.992065 0.116649
3 7 195 0.984912 0.0619043 -0.161604 0.985871 -0.0642368 0.997892 -0.00924318 -0.112959 0.160691 0.0194846 0.986812 0.123685
3 8 107 0.978947 0.0759715 -0.18945 0.999692 -0.0824804 0.996235 -0.0267008 -0.0245236 0.186708 0.0417645 0.981527 0.00380975
3 9 72 0.981841 0.10752 -0.156291 0.989404 -0.112108 0.993478 -0.0208155 0.00746427 0.153033 0.037959 0.987492 -0.144995
3 10 35 0.903676 0.168191 -0.393804 0.989737 -0.171372 0.984826 0.0273589 0.0380899 0.39243 0.0427636 0.918787 -0.137729
3 11 36 0.97019 0.177934 -0.164535 0.929959 -0.170425 0.983615 0.0587973 0.0378554 0.172301 -0.0290038 0.984617 -0.36571
3 12 19 0.970918 0.239211 0.00986824 0.453525 -0.239223 0.967674 0.079872 -0.108353 0.00955701 -0.0799098 0.996756 -0.884632
3 13 0 1 0 0 0 0 1 0 0 0 0 1 0
3 14 10 0.840251 -0.521851 -0.147137 -0.216676 0.496858 0.849728 -0.176338 0.10407 0.217049 0.0750617 0.973271 -0.970681
3 15 0 1 0 0 0 0 1 0 0 0 0 1 0
3 16 0 1 0 0 0 0 1 0 0 0 0 1 0
3 17 0 1 0 0 0 0 1 0 0 0 0 1 0
3 18 0 1 0 0 0 0 1 0 0 0 0 1 0
3 19 0 1 0 0 0 0 1 0 0 0 0 1 0
3 20 0 1 0 0 0 0 1 0 0 0 0 1 0
3 21 0 1 0 0 0 0 1 0 0 0 0 1 0
3 22 0 1 0 0 0 0 1 0 0 0 0 1 0
3 23 0 1 0 0 0 0 1 0 0 0 0 1 0
3 24 0 1 0 0 0 0 1 0 0 0 0 1 0
3 25 0 1 0 0 0 0 1 0 0 0 0 1 0
3 26 0 1 0 0 0 0 1 0 0 0 0 1 0
3 27 18 -0.973185 -0.175674 -0.148492 0.397535 -0.124431 0.944998 -0.302483 0.169981 0.193463 -0.275895 -0.941517 0.901705
3 28 0 1 0 0 0 0 1 0 0 0 0 1 0
3 29 0 1 0 0 0 0 1 0 0 0 0 1 0
3 30 0 1 0 0 0 0 1 0 0 0 0 1 0
3 31 0 1 0 0 0 0 1 0 0 0 0 1 0
3 32 0 1 0 0 0 0 1 0 0 0 0 1 0
3 33 0 1 0 0 0 0 1 0 0 0 0 1 0
3 34 0 1 0 0 0 0 1 0 0 0 0 1 0
3 35 0 1 0 0 0 0 1 0 0 0 0 1 0
3 36 0 1 0 0 0 0 1 0 0 0 0 1 0
3 37 0 1 0 0 0 0 1 0 0 0 0 1 0
3 38 0 1 0 0 0 0 1 0 0 0 0 1 0
3 39 0 1 0 0 0 0 1 0 0 0 0 1 0
3 40 0 1 0 0 0 0 1 0 0 0 0 1 0
3 41 0 1 0 0 0 0 1 0 0 0 0 1 0
3 42 0 1 0 0 0 0 1 0 0 0 0 1 0
3 43 0 1 0 0 0 0 1 0 0 0 0 1 0
3 44 0 1 0 0 0 0 1 0 0 0 0 1 0
3 45 0 1 0 0 0 0 1 0 0 0 0 1 0
3 46 0 1 0 0 0 0 1 0 0 0 0 1 0
3 47 0 1 0 0 0 0 1 0 0 0 0 1 0
3 48 0 1 0 0 0 0 1 0 0 0 0 1 0
3 49 0 1 0 0 0 0 1 0 0 0 0 1 0
3 50 0 1 0 0 0 0 1 0 0 0 0 1 0
3 51 0 1 0 0 0 0 1 0 0 0 0 1 0
3 52 0 1 0 0 0 0 1 0 0 0 0 1 0
3 53 0 1 0 0 0 0 1 0 0 0 0 1 0
3 54 0 1 0 0 0 0 1 0 0 0 0 1 0
3 55 0 1 0 0 0 0 1 0 0 0 0 1 0
3 56 0 1 0 0 0 0 1 0 0 0 0 1 0
3 57 0 1 0 0 0 0 1 0 0 0 0 1 0
3 58 0 1 0 0 0 0 1 0 0 0 0 1 0
3 59 0 1 0 0 0 0 1 0 0 0 0 1 0
3 60 0 1 0 0 0 0 1 0 0 0 0 1 0
3 61 0 1 0 0 0 0 1 0 0 0 0 1 0
3 62 0 1 0 0 0 0 1 0 0 0 0 1 0
3 63 0 1 0 0 0 0 1 0 0 0 0 1 0
3 64 0 1 0 0 0 0 1 0 0 0 0 1 0
3 65 0 1 0 0 0 0 1 0 0 0 0 1 0
3 66 0 1 0 0 0 0 1 0 0 0 0 1 0
3 67 0 1 0 0 0 0 1 0 0 0 0 1 0
3 68 0 1 0 0 0 0 1 0 0 0 0 1 0
3 69 0 1 0 0 0 0 1 0 0 0 0 1 0
3 70 0 1 0 0 0 0 1 0 0 0 0 1 0
3 71 0 1 0 0 0 0 1 0 0 0 0 1 0
3 72 0 1 0 0 0 0 1 0 0 0 0 1 0
3 73 0 1 0 0 0 0 1 0 0 0 0 1 0
3 74 0 1 0 0 0 0 1 0 0 0 0 1 0
3 75 0 1 0 0 0 0 1 0 0 0 0 1 0
3 76 0 1 0 0 0 0 1 0 0 0 0 1 0
3 77 0 1 0 0 0 0 1 0 0 0 0 1 0
3 78 0 1 0 0 0 0 1 0 0 0 0 1 0
3 79 0 1 0 0 0 0 1 0 0 0 0 1 0
3 80 0 1 0 0 0 0 1 0 0 0 0 1 0
3 81 0 1 0 0 0 0 1 0 0 0 0 1 0
3 82 0 1 0 0 0 0 1 0 0 0 0 1 0
3 83 0 1 0 0 0 0 1 0 0 0 0 1 0
3 84 0 1 0 0 0 0 1 0 0 0 0 1 0
3 85 0 1 0 0 0 0 1 0 0 0 0 1 0
3 86 0 1 0 0 0 0 1 0 0 0 0 1 0
3 87 0 1 0 0 0 0 1 0 0 0 0 1 0
3 88 0 1 0 0 0 0 1 0 0 0 0 1 0
3 89 0 1 0 0 0 0 1 0 0 0 0 1 0
3 90 0 1 0 0 0 0 1 0 0 0 0 1 0
3 91 0 1 0 0 0 0 1 0 0 0 0 1 0
3 92 0 1 0 0 0 0 1 0 0 0 0 1 0
3 93 0 1 0 0 0 0 1 0 0 0 0 1 0
3 94 0 1 0 0 0 0 1 0 0 0 0 1 0
3 95 0 1 0 0 0 0 1 0 0 0 0 1 0
3 96 0 1 0 0 0 0 1 0 0 0 0 1 0
3 97 0 1 0 0 0 0 1 0 0 0 0 1 0
3 98 0 1 0 0 0 0 1 0 0 0 0 1 0
3 99 0 1 0 0 0 0 1 0 0 0 0 1 0
3 100 0 1 0 0 0 0 1 0 0 0 0 1 0
3 101 0 1 0 0 0 0 1 0 0 0 0 1 0
3 102 0 1 0 0 0 0 1 0 0 0 0 1 0
3 103 0 1 0 0 0 0 1 0 0 0 0 1 0
3 104 0 1 0 0 0 0 1 0 0 0 0 1 0
3 105 0 1 0 0 0 0 1 0 0 0 0 1 0
3 106 0 1 0 0 0 0 1 0 0 0 0 1 0
3 107 0 1 0 0 0 0 1 0 0 0 0 1 0
3 108 0 1 0 0 0 0 1 0 0 0 0 1 0
3 109 0 1 0 0 0 0 1 0 0 0 0 1 0
3 110 0 1 0 0 0 0 1 0 0 0 0 1 0
3 111 0 1 0 0 0 0 1 0 0 0 0 1 0
3 112 0 1 0 0 0 0 1 0 0 0 0 1 0
3 113 0 1 0 0 0 0 1 0 0 0 0 1 0
3 114 0 1 0 0 0 0 1 0 0 0 0 1 0
3 115 13 -0.38381 -0.921318 0.0621528 -0.168132 -0.916447 0.3718 -0.147952 -0.114313 0.113202 -0.113745 -0.98704 0.979114
3 116 0 1 0 0 0 0 1 0 0 0 0 1 0
3 117 0 1 0 0 0 0 1 0 0 0 0 1 0
3 118 0 1 0 0 0 0 1 0 0 0 0 1 0
3 119 0 1 0 0 0 0 1 0 0 0 0 1 0
3 120 0 1 0 0 0 0 1 0 0 0 0 1 0
3 121 0 1 0 0 0 0 1 0 0 0 0 1 0
3 122 0 1 0 0 0 0 1 0 0 0 0 1 0
3 123 20 0.703635 -0.0147702 -0.710408 0.30794 0.249099 -0.931208 0.266084 -0.116462 -0.665468 -0.364188 -0.651551 0.944251
3 124 0 1 0 0 0 0 1 0 0 0 0 1 0
3 125 0 1 0 0 0 0 1 0 0 0 0 1 0
3 126 0 1 0 0 0 0 1 0 0 0 0 1 0
3 127 0 1 0 0 0 0 1 0 0 0 0 1 0
3 128 0 1 0 0 0 0 1 0 0 0 0 1 0
3 129 0 1 0 0 0 0 1 0 0 0 0 1 0
3 130 0 1 0 0 0 0 1 0 0 0 0 1 0
3 131 0 1 0 0 0 0 1 0 0 0 0 1 0
3 132 0 1 0 0 0 0 1 0 0 0 0 1 0
3 133 0 1 0 0 0 0 1 0 0 0 0 1 0
3 134 0 1 0 0 0 0 1 0 0 0 0 1 0
3 135 0 1 0 0 0 0 1 0 0 0 0 1 0
3 136 0 1 0 0 0 0 1 0 0 0 0 1 0
3 137 0 1 0 0 0 0 1 0 0 0 0 1 0
3 138 15 -0.819459 0.235081 -0.522708 0.448366 0.137237 0.965962 0.219281 0.0974985 0.556464 0.107957 -0.823828 0.888517
3 139 10 0.940149 0.33783 0.0446147 0.353503 -0.3402 0.922989 0.179878 0.0740733 0.0195894 -0.18429 0.982677 -0.932496
3 140 0 1 0 0 0 0 1 0 0 0 0 1 0
3 141 0 1 0 0 0 0 1 0 0 0 0 1 0
3 142 0 1 0 0 0 0 1 0 0 0 0 1 0
3 143 11 0.938593 0.345003 0.00392431 0.255239 -0.333998 0.905685 0.261111 -0.249016 0.0865299 -0.246388 0.965301 -0.934261
3 144 17 0.921158 0.34703 0.176179 0.0544202 0.318897 -0.932516 0.169466 -0.109631 0.2231 -0.0999218 -0.969661 0.992481
3 145 30 0.992324 0.0529579 -0.111755 0.236389 -0.0438722 0.995646 0.0822502 0.0868666 0.115624 -0.0767159 0.990326 -0.967768
3 146 26 0.993245 0.0864473 -0.0774002 0.134296 -0.0830847 0.995496 0.045664 0.1659 0.0809991 -0.0389248 0.995954 -0.976955
3 147 76 0.96602 0.183567 -0.181958 0.396429 -0.16412 0.979496 0.116841 0.037623 0.199675 -0.0830077 0.97634 -0.917294
3 148 137 0.929121 0.219126 -0.297854 0.77207 -0.186902 0.973328 0.13304 -0.0559781 0.319063 -0.0679407 0.945295 -0.633068
3 149 144 0.891172 0.281339 -0.355894 0.888321 -0.239143 0.957967 0.158463 -0.176346 0.385516 -0.0561082 0.920994 -0.424014
3 150 55 0.939289 0.299632 -0.1672 0.867824 -0.292303 0.953945 0.0674391 -0.141089 0.179707 -0.0144718 0.983614 -0.476419
3 151 57 0.920956 0.284948 -0.265792 0.956639 -0.281859 0.958123 0.0505487 -0.142304 0.269065 0.0283626 0.962704 -0.254147
3 152 49 0.889736 0.316831 -0.328616 0.957771 -0.324967 0.945202 0.0314491 -0.251212 0.320573 0.0788081 0.94394 -0.139883
3 153 22 0.936757 0.349913 0.00689733 0.72391 -0.346987 0.931134 -0.112203 0.0589647 -0.0456836 0.102714 0.993661 0.68737
3 154 27 0.916205 0.335448 -0.219185 0.970141 -0.341489 0.939823 0.0108938 -0.236713 0.20965 0.0648684 0.975622 -0.0528565
3 155 11 0.892817 0.414449 0.176379 0.207198 -0.409357 0.909977 -0.0660929 0.00164155 -0.187893 -0.0131931 0.982101 -0.978298
3 156 27 0.805485 0.408023 -0.429781 0.948955 -0.387785 0.911302 0.13839 -0.302619 0.448126 0.055191 0.892265 0.0889186
3 157 13 0.961668 0.259722 0.0879767 -0.33937 -0.261873 0.965006 0.0136585 -0.0964995 -0.0813507 -0.0361736 0.996029 0.93569
3 158 0 1 0 0 0 0 1 0 0 0 0 1 0
3 159 12 0.934268 0.352026 0.0567607 0.14032 -0.355273 0.932571 0.0639786 -0.00775393 -0.0304113 -0.0799387 0.996336 0.990076
3 160 33 0.85455 0.323895 -0.406002 0.986574 -0.258143 0.943203 0.20912 -0.126758 0.450674 -0.0738967 0.889625 0.102977
3 161 30 0.82921 0.278332 -0.484708 0.994363 -0.224528 0.960023 0.16716 -0.049848 0.511857 -0.0297796 0.858554 0.093585
3 162 32 0.847154 0.341815 -0.406807 0.98004 -0.268646 0.936086 0.227096 -0.195739 0.458432 -0.0830982 0.884836 -0.0347645
3 163 33 0.898283 0.299244 -0.321778 0.975955 -0.243727 0.948618 0.201793 -0.170559 0.36563 -0.102841 0.925061 -0.135726
3 164 22 0.984094 0.175423 0.028048 -0.329768 -0.177257 0.980105 0.0892983 0.0621583 -0.0118251 -0.0928496 0.99561 -0.942013
3 165 27 0.980338 0.196742 -0.0151879 0.24695 -0.19421 0.975616 0.102252 0.146002 0.0349349 -0.0972918 0.994643 -0.957966
3 166 29 0.976574 0.193853 -0.0934009 0.375592 -0.180034 0.973821 0.138781 0.0767104 0.117859 -0.118715 0.985909 -0.923605
3 167 34 0.966502 0.233274 -0.107038 0.392287 -0.213691 0.962377 0.16783 -0.0487124 0.142161 -0.139335 0.979988 -0.918552
3 168 45 0.96898 0.1932 -0.154114 0.455147 -0.165401 0.970313 0.176449 -0.00988876 0.183629 -0.145485 0.97217 -0.890362
3 169 35 0.991471 0.129635 -0.0134072 0.112815 -0.127043 0.984311 0.122442 0.0715935 0.0290696 -0.119694 0.992385 -0.991033
3 170 32 0.989284 0.091692 -0.113619 0.379903 -0.0731208 0.984725 0.158021 0.0530441 0.126372 -0.148019 0.980877 -0.923504
3 171 34 0.997645 0.048271 -0.0487198 0.0945448 -0.0382366 0.981197 0.189181 -0.0073574 0.0569357 -0.186873 0.980733 -0.995493
3 172 33 0.97812 0.104061 -0.180146 0.377575 -0.0638014 0.974229 0.216349 -0.082354 0.198017 -0.200122 0.959552 -0.922309
4 5 589 0.999664 0.0201162 -0.0163479 0.997642 -0.0202901 0.999739 -0.0105431 -0.026079 0.0161315 0.0108712 0.999811 0.0634796
4 6 352 0.9988 0.0245854 -0.0423547 0.988386 -0.0242538 0.999671 0.00832362 -0.00265615 0.0425454 -0.00728637 0.999068 0.151941
4 7 217 0.996315 0.0260052 -0.0817284 0.981972 -0.027216 0.999535 -0.0137364 -0.118905 0.0813332 0.0159101 0.99656 0.146942
4 8 142 0.99505 0.046585 -0.0877786 0.993579 -0.0478081 0.998786 -0.0118825 -0.0761711 0.0871185 0.0160203 0.996069 -0.0836604
4 9 93 0.988518 0.0762233 -0.130472 0.982534 -0.0785659 0.996826 -0.0128949 -0.0194828 0.129075 0.0229975 0.991368 -0.185058
4 10 28 0.98721 -0.0145522 0.158757 -0.837462 0.010217 0.999553 0.0280893 -0.27865 -0.159095 -0.0261081 0.986918 -0.470118
4 11 43 0.94548 0.153677 -0.287144 0.965229 -0.151557 0.988001 0.0297365 0.0905175 0.288269 0.0154035 0.957426 -0.245233
4 12 25 0.94565 0.220938 -0.238607 0.937139 -0.212664 0.975268 0.0602176 0.0268431 0.246011 -0.00620166 0.969247 -0.347923
4 13 10 0.993146 -0.116539 0.00888044 0.337435 0.116199 0.992704 0.0321849 0.184293 -0.0125664 -0.0309324 0.999442 0.923133
4 14 0 1 0 0 0 0 1 0 0 0 0 1 0
4 15 0 1 0 0 0 0 1 0 0 0 0 1 0
4 16 0 1 0 0 0 0 1 0 0 0 0 1 0
4 17 0 1 0 0 0 0 1 0 0 0 0 1 0
4 18 0 1 0 0 0 0 1 0 0 0 0 1 0
4 19 0 1 0 0 0 0 1 0 0 0 0 1 0
4 20 0 1 0 0 0 0 1 0 0 0 0 1 0
4 21 0 1 0 0 0 0 1 0 0 0 0 1 0
4 22 0 1 0 0 0 0 1 0 0 0 0 1 0
4 23 0 1 0 0 0 0 1 0 0 0 0 1 0
4 24 0 1 0 0 0 0 1 0 0 0 0 1 0
4 25 0 1 0 0 0 0 1 0 0 0 0 1 0
4 26 0 1 0 0 0 0 1 0 0 0 0 1 0
4 27 0 1 0 0 0 0 1 0 0 0 0 1 0
4 28 0 1 0 0 0 0 1 0 0 0 0 1 0
4 29 0 1 0 0 0 0 1 0 0 0 0 1 0
4 30 0 1 0 0 0 0 1 0 0 0 0 1 0
4 31 0 1 0 0 0 0 1 0 0 0 0 1 0
4 32 0 1 0 0 0 0 1 0 0 0 0 1 0
4 33 0 1 0 0 0 0 1 0 0 0 0 1 0
4 34 0 1 0 0 0 0 1 0 0 0 0 1 0
4 35 0 1 0 0 0 0 1 0 0 0 0 1 0
4 36 21 0.491691 -0.590404 -0.64005 0.542422 0.0959131 -0.693846 0.713708 -0.537255 -0.865471 -0.412313 -0.28453 0.645861
4 37 0 1 0 0 0 0 1 0 0 0 0 1 0
4 38 0 1 0 0 0 0 1 0 0 0 0 1 0
4 39 0 1 0 0 0 0 1 0 0 0 0 1 0
4 40 0 1 0 0 0 0 1 0 0 0 0 1 0
4 41 0 1 0 0 0 0 1 0 0 0 0 1 0
4 42 0 1 0 0 0 0 1 0 0 0 0 1 0
4 43 0 1 0 0 0 0 1 0 0 0 0 1 0
4 44 0 1 0 0 0 0 1 0 0 0 0 1 0
