0 1 71 0.999857 0.00967601 -0.0138785 0.970162 -0.00967804 0.999953 -7.92199e-05 0.100649 0.0138771 0.000213526 0.999904 0.22058
0 2 597 0.999565 0.0116826 -0.0270692 0.899456 -0.011512 0.999913 0.0064491 -0.202136 0.0271422 -0.00613467 0.999613 0.387452
0 3 565 0.999681 0.00262693 -0.0251051 0.997565 -0.00268995 0.999993 -0.00247668 -0.0692571 0.0250984 0.00254342 0.999682 0.00826773
0 4 530 0.993979 0.0372276 -0.103053 0.98387 -0.0369567 0.999307 0.00453737 -0.0826415 0.103151 -0.00070154 0.994665 0.15865
0 5 429 0.991596 0.0558208 -0.116708 0.924808 -0.0567924 0.998373 -0.00501397 -0.0580933 0.116238 0.0115999 0.993154 0.375973
0 6 283 0.9864 0.080019 -0.143571 0.913503 -0.0716297 0.995459 0.0626876 -0.0961472 0.147936 -0.051551 0.987653 0.395307
0 7 198 0.995411 0.0560386 -0.0775609 0.93321 -0.0582295 0.997957 -0.0262784 -0.0636241 0.0759299 0.0306742 0.996641 -0.353655
0 8 169 0.956254 0.110186 -0.270992 0.97109 -0.108575 0.993867 0.0209794 -0.165089 0.271642 0.00936123 0.962353 0.172423
0 9 160 0.98239 0.142678 -0.120637 0.881442 -0.142108 0.989761 0.0133617 -0.125788 0.121308 0.00401701 0.992607 -0.455233
0 10 81 0.974751 0.207319 -0.0829407 0.777828 -0.215646 0.970398 -0.108743 0.0171206 0.057941 0.123883 0.990604 -0.628244
0 11 149 0.715442 0.352891 -0.603002 0.605276 -0.222838 0.933247 0.281768 -0.17845 0.662183 -0.0672172 0.746321 0.775755
0 12 109 0.763513 0.300226 -0.571762 0.990805 -0.324056 0.943943 0.0629207 -0.107181 0.558601 0.137242 0.818003 0.0825699
0 13 84 0.984615 0.147223 -0.0941161 0.528886 -0.156177 0.983039 -0.0961398 0.435263 0.0783658 0.109359 0.990908 -0.728578
0 14 66 0.944511 0.295411 -0.143637 0.508473 -0.279735 0.952588 0.119688 -0.138887 0.172184 -0.0728661 0.982366 0.849803
0 15 53 0.396664 0.828061 -0.396197 0.267952 0.917928 -0.361621 0.163213 0.082728 -0.00812252 -0.428421 -0.903543 0.959874
0 16 46 0.53608 0.743293 0.400167 -0.299924 -0.704204 0.655174 -0.273577 0.312586 -0.465526 -0.13514 0.874656 -0.901296
0 17 24 -0.743675 0.284909 0.604793 0.285505 -0.23539 -0.958305 0.161999 0.044943 0.625731 -0.0218878 0.779731 0.957323
0 18 51 0.0315405 -0.980842 -0.192235 0.181843 -0.989533 -0.0577404 0.132254 -0.152604 -0.14082 0.186051 -0.972396 0.971414
0 19 28 0.507489 0.761141 0.403881 0.246684 -0.71965 0.632185 -0.287134 -0.0160418 -0.473877 -0.144936 0.868582 0.968963
0 20 29 0.888788 0.427434 0.165397 0.21091 -0.403781 0.900995 -0.158648 0.0145885 -0.216834 0.0742199 0.973383 -0.977397
0 21 63 0.948975 -0.255328 -0.185077 0.819565 0.175535 0.915258 -0.362617 0.153908 0.261979 0.311627 0.913376 0.551929
0 22 40 0.619944 0.435161 -0.65292 0.613181 0.329597 -0.89957 -0.286599 0.107172 -0.712064 -0.0375253 -0.701111 0.782638
0 23 49 -0.762512 0.528399 0.373322 -0.134035 0.620153 0.761366 0.189029 -0.217021 -0.184352 0.375653 -0.90824 0.966921
0 24 25 0.267583 -0.854744 -0.444761 0.362506 0.962698 0.217933 0.160365 -0.270198 -0.0401428 -0.471082 0.881176 -0.891954
0 25 33 -0.592606 0.788209 0.165965 -0.468748 -0.805426 -0.58249 -0.109521 -0.0952294 0.0103474 -0.198575 0.980031 -0.878184
0 26 57 -0.342575 0.884032 -0.31801 0.251522 0.816478 0.447596 0.364722 -0.194345 0.464766 -0.134704 -0.875127 0.948139
0 27 35 0.129306 -0.897074 0.422539 0.116519 -0.40087 -0.437034 -0.805174 -0.0916157 0.906964 -0.0652689 -0.416121 0.988954
0 28 19 0.627817 -0.720665 0.294088 0.235034 0.639392 0.692962 0.33314 0.00963359 -0.443874 -0.0211137 0.89584 0.971939
0 29 45 -0.931393 0.328327 0.157193 -0.0308963 0.363909 0.850314 0.380179 -0.380102 -0.00884033 0.411299 -0.911457 0.924429
0 30 24 -0.163359 0.980616 -0.108198 -0.0996508 -0.94879 -0.126098 0.289651 -0.202444 0.270393 0.149974 0.950997 0.974211
0 31 21 -0.990316 -0.00316419 -0.138794 -0.198693 -0.00898976 -0.996181 0.0868537 0.0839055 -0.138539 0.0872604 0.986505 -0.976463
0 32 63 0.0190354 0.822954 -0.567789 0.482674 0.979398 -0.129539 -0.15492 0.0598167 -0.201043 -0.553142 -0.808465 0.873755
0 33 18 0.652234 0.75801 -0.00342171 0.146052 -0.757601 0.652018 0.0302283 -0.135944 0.0251443 -0.0171236 0.999537 -0.979892
0 34 41 -0.233775 0.837584 0.493764 -0.351982 0.968535 0.156017 0.193902 0.0697241 0.0853732 0.523557 -0.847702 0.933406
0 35 36 0.922582 -0.202826 -0.328184 0.428492 0.167346 0.976848 -0.133279 0.147267 0.347619 0.0680409 0.935164 -0.891463
0 36 49 -0.933247 0.239922 -0.267373 0.241851 0.213681 0.969039 0.12371 0.039655 0.288775 0.0583192 -0.955619 0.969503
0 37 19 0.675825 0.64958 0.348292 -0.351616 -0.668245 0.739374 -0.0823038 -0.0685628 -0.310981 -0.177122 0.933766 -0.93363
0 38 41 -0.733578 0.494899 0.465767 -0.251041 0.520461 0.849817 -0.0832493 -0.0745779 -0.437017 0.181344 -0.880983 0.965099
0 39 42 0.00095075 0.980004 -0.198978 0.231031 0.996313 0.0161425 0.0842655 -0.0280417 0.0857925 -0.198324 -0.976375 0.972542
0 40 22 -0.258078 0.952852 0.159587 0.0480439 -0.893505 -0.172571 -0.41457 -0.0297039 -0.367484 -0.249583 0.895915 0.998403
0 41 21 -0.953819 0.29078 -0.0753421 0.166967 -0.293022 -0.955888 0.0203854 0.0104578 -0.066091 0.0415208 0.996949 -0.985907
0 42 50 -0.419063 0.906043 -0.0589335 0.0644813 0.893291 0.423043 0.151875 -0.117494 0.162536 0.0110003 -0.986641 0.990978
0 43 61 -0.35909 -0.895577 -0.262671 0.354095 -0.763877 0.120319 0.634046 -0.368127 -0.536233 0.428328 -0.727317 0.859709
0 44 34 0.994222 -0.0745605 0.0772245 -0.346635 0.0461179 0.946318 0.319931 0.0924479 -0.0969331 -0.314521 0.944288 0.933433
0 45 25 0.703357 0.704251 0.0965358 0.16371 -0.700886 0.664442 0.259377 -0.0339401 0.118524 -0.250095 0.960939 0.985924
0 46 42 0.0497309 -0.98152 0.184783 -0.347826 -0.897991 0.0370451 0.438452 -0.0329669 -0.437195 -0.187738 -0.879554 0.936979
0 47 26 -0.621602 0.666808 -0.411069 0.579535 -0.782956 -0.545159 0.299635 -0.111314 -0.0242988 0.508103 0.860954 -0.807309
0 48 38 0.822464 0.478036 -0.308276 0.277197 0.440707 -0.878174 -0.185979 0.115882 -0.359624 0.0171014 -0.932941 0.953799
0 49 50 0.486047 0.806385 0.3369 -0.347296 0.792438 -0.569211 0.219181 -0.182106 0.368511 0.16044 -0.915674 0.919904
0 50 49 0.55405 -0.71282 -0.430018 0.204213 -0.755822 -0.647239 0.0990699 0.100022 -0.348944 0.270128 -0.897368 0.973803
0 51 67 -0.728282 -0.575119 0.372618 -0.250127 -0.511053 0.818068 0.263797 -0.0357722 -0.456542 0.00169117 -0.8897 0.967552
0 52 60 0.862403 0.100048 0.496238 -0.922956 0.0806417 0.940606 -0.329784 -0.377307 -0.499759 0.324424 0.803113 0.0761032
0 53 73 -0.620543 -0.282921 0.731356 -0.408659 -0.576495 0.796824 -0.1809 0.167984 -0.531582 -0.53388 -0.657566 0.897095
0 54 17 -0.893222 -0.449571 -0.00626646 -0.138246 0.42839 -0.855204 0.291732 0.0481861 -0.136514 0.257897 0.956479 -0.989225
0 55 44 -0.941916 -0.21924 -0.254416 -0.16795 -0.190023 0.972518 -0.134539 -0.0455218 0.276921 -0.0783796 -0.957691 0.984744
0 56 16 -0.813131 -0.57371 -0.0983573 0.120288 0.574938 -0.817994 0.0182194 0.0133489 -0.0909084 -0.0417346 0.994984 -0.992649
0 57 68 0.361767 -0.459499 -0.811163 0.0928962 0.398699 0.862768 -0.310918 -0.0100357 0.842712 -0.210929 0.495323 0.995625
0 58 51 -0.719334 -0.237694 -0.652733 0.300988 -0.171958 0.971322 -0.164205 -0.0321161 0.673044 -0.00587548 -0.739579 0.953087
0 59 46 0.184752 0.89856 0.398065 0.159124 -0.411757 -0.297003 0.861537 -0.0566523 0.892369 -0.323077 0.315117 0.985632
0 60 44 -0.139152 0.282523 0.949114 -0.883375 0.988342 -0.0201665 0.150906 -0.0152787 0.0617747 0.959049 -0.276423 0.468417
0 61 50 -0.266142 0.880828 -0.391549 0.65663 -0.962998 -0.260853 0.0677506 0.667879 -0.0424601 0.395092 0.91766 -0.350392
0 62 56 0.256676 -0.960583 -0.106755 0.12605 -0.963946 -0.246411 -0.100453 0.10604 0.0701883 0.12869 -0.989198 0.98634
0 63 46 -0.638687 -0.665351 0.386506 -0.180875 -0.585948 0.746127 0.316162 0.0475177 -0.498742 -0.0245434 -0.866403 0.982358
0 64 19 0.092134 0.991824 0.088303 -0.0183661 -0.911395 0.0482766 0.408691 0.0953394 0.401086 -0.118133 0.908391 0.995275
0 65 46 -0.345281 0.847919 0.402261 -0.0947033 0.882925 0.438789 -0.167058 -0.0234238 -0.318159 0.297484 -0.900154 0.99523
0 66 21 -0.218972 0.935111 0.278601 -0.232613 -0.927609 -0.288069 0.237818 -0.242985 0.302643 -0.206357 0.930497 -0.941727
0 67 101 0.133948 -0.990894 -0.0137018 0.265564 -0.300357 -0.0274182 -0.953433 0.0594595 0.944375 0.131826 -0.301294 0.962258
0 68 25 0.651695 0.645954 -0.39754 0.239186 -0.527405 0.7626 0.374546 0.0669382 0.545103 -0.0344252 0.837662 0.968664
0 69 54 0.231798 0.938555 0.255703 -0.215482 0.894725 -0.102547 -0.434684 0.156969 -0.381754 0.329543 -0.863519 0.963809
0 70 25 -0.481734 0.792436 0.374135 0.17174 -0.83056 -0.549033 0.0934539 -0.234007 0.279469 -0.265722 0.922653 0.956946
0 71 46 0.129262 0.920238 0.369397 0.165886 0.0296181 0.368773 -0.929048 -0.0652259 -0.991168 0.131031 0.0204125 0.983986
0 72 52 -0.830886 -0.535756 -0.150314 0.236906 -0.533066 0.688912 0.491163 -0.286609 -0.15959 0.488227 -0.858001 0.928295
0 73 57 -0.355846 -0.929303 -0.098845 0.258537 -0.789008 0.355428 -0.501137 0.0779197 0.50084 -0.100338 -0.859704 0.962854
0 74 56 0.60086 0.192237 0.775895 0.141487 -0.0638481 -0.956008 0.286306 -0.149229 0.796801 -0.221569 -0.562153 0.978628
0 75 55 -0.33919 -0.934399 -0.108847 0.135774 -0.812121 0.23246 0.535185 -0.177334 -0.474774 0.269926 -0.837693 0.97474
0 76 15 -0.628694 -0.776751 0.0374343 -0.0828498 0.753839 -0.620558 -0.21595 0.206536 0.190969 -0.107547 0.975687 -0.974925
0 77 54 0.901179 0.230068 0.367348 0.0952775 0.179824 -0.969575 0.166097 -0.115563 0.394385 -0.083625 -0.915132 0.98872
0 78 14 0.765274 -0.582211 0.274564 -0.119025 0.561756 0.812315 0.156764 -0.0739019 -0.314302 0.0342712 0.948704 -0.990137
0 79 30 0.723503 0.690131 -0.0162378 -0.0166445 -0.688942 0.723343 0.0462008 -0.147273 0.0436301 -0.0222395 0.9988 0.988956
0 80 23 0.93697 0.320599 0.138934 -0.122344 -0.271866 0.918699 -0.286497 0.309644 -0.21949 0.230668 0.947954 -0.942949
0 81 23 0.725567 -0.646223 -0.236532 0.191156 0.639659 0.76009 -0.114452 0.140858 0.253747 -0.0682571 0.964859 -0.9714
0 82 49 0.890519 0.419701 0.175579 -0.130262 0.402263 -0.906667 0.127041 0.0361454 0.212511 -0.0425034 -0.976234 0.990821
0 83 27 0.988061 0.152639 -0.0208918 0.167326 -0.15346 0.987087 -0.0459332 0.194539 0.0136108 0.0485908 0.998726 -0.966518
0 84 48 -0.141058 -0.984024 0.108627 -0.0604016 -0.978009 0.155535 0.138953 0.0882328 -0.153628 -0.0866379 -0.984323 0.994267
0 85 47 -0.846383 0.410489 0.339315 0.00178272 0.468039 0.877311 0.106136 -0.124153 -0.254117 0.248644 -0.934666 0.992261
0 86 50 -0.490597 -0.8712 -0.0180145 0.0220303 -0.68871 0.375001 0.620526 -0.200494 -0.533847 0.316835 -0.783979 0.979447
0 87 24 -0.842051 -0.523882 0.128443 -0.0252976 0.490962 -0.843013 -0.21974 0.113472 0.223397 -0.121971 0.967066 -0.993219
0 88 50 0.0202983 0.98523 -0.170029 0.289515 0.955437 -0.0692087 -0.286968 -0.131881 -0.294497 -0.156627 -0.94273 0.948045
0 89 39 0.645645 0.732954 -0.214294 0.0796019 0.694701 -0.680276 -0.2337 -0.00462935 -0.31707 0.0020171 -0.9484 0.996816
0 90 40 0.760424 0.297474 0.57729 -0.528514 0.241649 -0.954701 0.173645 -0.179443 0.602794 0.0074579 -0.797862 0.829743
0 91 51 0.380977 -0.711731 0.590166 -0.307145 -0.670595 -0.652141 -0.353574 -0.108263 0.636521 -0.261059 -0.725734 0.945485
0 92 53 -0.46292 0.801201 -0.379186 0.406262 0.752012 0.581443 0.310486 -0.237988 0.469237 -0.141422 -0.871675 0.882221
0 93 18 -0.917543 0.382471 -0.108772 -0.0991945 -0.377523 -0.923803 -0.0637552 0.136003 -0.124868 -0.0174342 0.99202 -0.98573
0 94 40 0.000291959 0.929781 -0.368112 0.311461 0.999288 0.0136148 0.035181 -0.238454 0.0377224 -0.36786 -0.929116 0.919854
0 95 26 0.257349 0.90851 0.329212 -0.415523 -0.886291 0.357668 -0.294214 0.218156 -0.385045 -0.216062 0.89725 -0.883034
0 96 30 -0.771059 -0.599965 0.213331 0.250594 0.62459 -0.777807 0.0700271 -0.161142 0.123917 0.18724 0.974467 0.954587
0 97 20 0.690379 0.708815 0.144767 -0.139837 -0.607988 0.676912 -0.414898 0.141151 -0.392081 0.19842 0.898277 -0.980062
0 98 58 0.0632738 -0.843246 -0.533791 0.360611 -0.995792 -0.0888705 0.0223535 0.0336746 -0.0662877 0.53013 -0.845321 0.932108
0 99 50 -0.881852 -0.225561 0.414077 -0.26124 -0.280277 0.956935 -0.0756289 0.0903181 -0.379186 -0.18275 -0.907095 0.961039
0 100 39 0.0337099 -0.000226693 -0.999432 0.98421 0.363217 -0.931621 0.0124623 -0.157745 -0.931095 -0.36343 -0.0313225 0.0802898
0 101 47 -0.728907 0.678388 -0.0921082 0.195944 0.662884 0.66573 -0.342619 0.10456 -0.17111 -0.310795 -0.934948 0.975025
0 102 25 0.866892 0.409541 -0.284209 0.230454 -0.433877 0.900607 -0.0256446 0.188526 0.245458 0.145543 0.958419 -0.954646
0 103 48 0.935208 0.220657 0.276942 -0.106793 0.118784 -0.932278 0.341684 -0.247958 0.333582 -0.286649 -0.898084 0.962867
0 104 23 -0.621858 0.766749 0.159339 -0.0782239 -0.773094 -0.633517 0.0313369 -0.0899606 0.124971 -0.103697 0.986726 0.992869
0 105 57 -0.737966 -0.631928 -0.236799 0.0758661 -0.664586 0.741476 0.092408 -0.040204 0.117186 0.225567 -0.967154 0.996307
0 106 63 -0.88652 0.462033 -0.0246612 -0.0147508 0.452745 0.877222 0.159696 -0.128886 0.0954184 0.130409 -0.986858 0.99155
0 107 16 0.236993 -0.965947 0.103827 0.0531866 0.927731 0.256738 0.270926 0.0996306 -0.288356 0.0321161 0.956984 -0.993602
0 108 90 0.834573 -0.210371 0.509149 -0.983711 0.42493 0.834016 -0.351926 0.145852 -0.350603 0.51006 0.78544 -0.105067
0 109 51 -0.1803 -0.976969 -0.11412 -0.252856 0.246614 -0.157215 0.956277 -0.28116 -0.952194 0.144273 0.26928 0.92575
0 110 60 -0.427014 -0.869195 0.249316 -0.29717 -0.854934 0.477884 0.201777 -0.118215 -0.294528 -0.126988 -0.947168 0.947478
0 111 39 0.758583 0.639983 0.122366 -0.440862 -0.635908 0.768106 -0.0750684 0.252567 -0.142032 -0.0208676 0.989642 0.861308
0 112 62 -0.533079 -0.733176 0.422231 -0.379683 -0.815455 0.578263 -0.0254204 -0.101185 -0.225523 -0.357861 -0.906132 0.919566
0 113 23 0.047794 -0.986201 0.158501 -0.00252627 0.989313 0.0686214 0.128652 0.123797 -0.137753 0.150658 0.978941 -0.992304
0 114 43 0.918012 -0.366602 -0.151183 -0.306429 0.333621 0.920083 -0.205291 0.0552371 0.214361 0.138022 0.966954 -0.950289
0 115 50 -0.449787 -0.851955 0.268076 -0.113609 -0.805513 0.516609 0.290284 -0.0319911 -0.385799 -0.085373 -0.918624 0.99301
0 116 23 0.951496 -0.120875 -0.282921 0.0868055 0.198323 0.944005 0.263669 0.0651536 0.235208 -0.30699 0.92219 0.994092
0 117 74 0.707882 -0.080222 -0.701761 0.94252 -0.0572778 0.983738 -0.170234 -0.00578277 0.704005 0.160701 0.691775 0.334099
0 118 70 0.67067 0.739447 -0.0584838 0.216018 -0.593167 0.581991 0.556273 -0.403064 0.445371 -0.338385 0.828939 0.889312
0 119 53 -0.501842 -0.272382 -0.820952 -0.0363721 -0.425548 0.904059 -0.0398222 -0.138053 0.753036 0.32937 -0.569606 0.989757
0 120 75 -0.840492 -0.0429349 0.54012 -0.186844 0.182024 0.916544 0.356109 -0.239922 -0.510334 0.397621 -0.762533 0.952642
0 121 38 0.884022 0.305845 -0.353502 -0.379582 -0.302702 0.950821 0.0656537 0.0257472 0.356197 0.0489663 0.933127 0.9248
0 122 75 -0.816249 -0.0109633 0.577597 -0.237697 0.17169 0.950041 0.260662 -0.169466 -0.551598 0.311932 -0.773587 0.956442
0 123 38 0.378643 0.831629 -0.406229 0.411141 -0.881104 0.458255 0.116865 0.296418 0.283345 0.31368 0.906267 -0.862032
0 124 81 -0.421328 -0.0405766 -0.906 -0.0131245 -0.559025 0.798258 0.224219 -0.288164 0.714124 0.600947 -0.359012 0.957491
0 125 30 0.749758 0.379906 -0.541788 0.277028 -0.392261 0.914568 0.0984677 0.129554 0.532911 0.138696 0.834727 -0.952088
0 126 107 0.818055 0.0673825 0.571179 -0.992792 -0.0995477 0.994713 0.0252271 0.032074 -0.56646 -0.0774967 0.820438 -0.115482
0 127 94 0.93483 0.325205 0.142603 -0.901864 -0.302261 0.939515 -0.161092 0.27164 -0.186366 0.10749 0.976583 -0.335935
0 128 127 0.945028 0.251741 -0.208682 -0.366108 -0.326376 0.76523 -0.554889 0.881083 0.0200013 0.592495 0.805326 -0.299431
0 129 94 0.89712 0.363369 -0.251274 -0.0926151 -0.390634 0.918105 -0.0670002 0.430543 0.20635 0.158263 0.965594 -0.897806
0 130 101 0.912795 0.313085 -0.262266 0.0111078 -0.334734 0.941412 -0.0411871 0.324436 0.234005 0.125385 0.964116 -0.945842
0 131 123 0.948159 0.274291 -0.160498 -0.0951233 -0.292691 0.950448 -0.104785 0.392571 0.123803 0.146329 0.981458 -0.914789
0 132 152 0.966809 0.228012 -0.115283 -0.0709939 -0.240739 0.964095 -0.112099 0.368757 0.0855839 0.136131 0.986987 -0.926811
0 133 120 0.974664 0.136834 -0.176938 0.113458 -0.163477 0.975688 -0.145975 0.398783 0.152662 0.171202 0.973337 -0.91
0 134 153 0.958526 0.206198 -0.196749 0.194018 -0.225834 0.970625 -0.0829856 0.33801 0.173858 0.123977 0.976936 -0.920927
0 135 144 0.960672 0.218474 -0.1714 0.23485 -0.221882 0.975073 -0.000745313 0.271738 0.166964 0.0387465 0.985201 -0.933276
0 136 153 0.940461 0.0330398 -0.338291 0.778101 0.0773367 0.94836 0.307622 0.013694 0.330986 -0.315469 0.889341 -0.627991
0 137 102 0.978347 0.187712 -0.0871807 0.314657 -0.186644 0.982217 0.0203163 0.213266 0.089444 -0.00360465 0.995985 -0.924937
0 138 127 0.77503 0.160275 -0.611261 0.854537 -0.370149 0.899132 -0.233563 -0.320352 0.51217 0.407277 0.75618 0.40883
0 139 61 0.978078 -0.0383181 0.204685 0.0478959 -0.0267421 0.951674 0.305944 -0.310729 -0.206516 -0.304711 0.929786 -0.949291
0 140 90 0.996757 -0.0790639 0.0149692 0.452019 0.0804681 0.978793 -0.188386 0.576251 0.000242745 0.18898 0.981981 -0.680892
0 141 101 0.964316 -0.180244 0.193925 0.24041 0.172335 0.983385 0.0570488 0.324309 -0.200986 -0.021593 0.979356 -0.914892
0 142 88 0.942491 -0.28293 0.177939 0.136136 0.254648 0.952679 0.166001 0.124694 -0.216485 -0.111143 0.969939 -0.982812
0 143 70 0.950142 -0.310721 0.0261293 0.278415 0.299004 0.931669 0.206373 0.0106934 -0.0884684 -0.188271 0.978124 -0.960401
0 144 122 0.988758 -0.149492 -0.00294813 0.201018 0.148909 0.982734 0.109815 0.110128 -0.0135193 -0.109019 0.993948 -0.973377
0 145 246 0.98568 0.054109 -0.159707 0.438976 -0.0402314 0.995229 0.0888849 0.0708471 0.163755 -0.0811869 0.983155 -0.895701
0 146 247 0.981025 0.0975015 -0.167581 0.498754 -0.0878554 0.994071 0.0640592 0.093585 0.172833 -0.0481208 0.983775 -0.861676
0 147 272 0.955928 0.178847 -0.23284 0.642332 -0.15551 0.981101 0.115144 0.0410931 0.249033 -0.0738601 0.965675 -0.765324
0 148 287 0.935654 0.244504 -0.254497 0.697835 -0.223911 0.968671 0.107431 -0.0573354 0.272791 -0.0435338 0.961088 -0.71396
0 149 220 0.897291 0.290442 -0.332435 0.873277 -0.249897 0.954987 0.159846 -0.236963 0.363897 -0.0603541 0.929482 -0.425718
0 150 114 0.930503 0.294371 -0.217969 0.807877 -0.287576 0.955683 0.0630133 -0.226721 0.226859 0.00404872 0.973919 0.543996
0 151 127 0.906043 0.410474 -0.102944 0.726696 -0.379834 0.896049 0.22983 -0.231548 0.186582 -0.169134 0.967771 0.64676
0 152 120 0.862138 0.307308 -0.40284 0.910501 -0.332373 0.943113 0.00812919 -0.31162 0.382421 0.126885 0.915235 0.271812
0 153 123 0.441555 0.745689 -0.498975 0.42059 -0.402148 0.661619 0.63288 -0.371435 0.802063 -0.0787894 0.592019 0.827732
0 154 54 0.887079 0.36242 0.285907 -0.146238 -0.336762 0.931693 -0.136161 -0.0172497 -0.315725 0.0245028 0.948534 0.989099
0 155 85 0.88397 0.310911 -0.349186 0.915008 -0.377603 0.915161 -0.141058 -0.324962 0.275705 0.256545 0.926375 0.23908
0 156 54 0.974004 0.201823 0.10288 -0.971026 -0.214256 0.968213 0.129066 -0.0504982 -0.0735615 -0.147754 0.986285 -0.233576
0 157 87 0.76467 0.63348 -0.118253 0.244665 -0.570191 0.750601 0.333886 -0.407967 0.300271 -0.187886 0.935166 0.879603
0 158 84 0.968424 0.0393973 -0.246177 0.766826 -0.0712557 0.989984 -0.121876 0.0174379 0.238909 0.135569 0.961532 0.641618
0 159 106 0.450225 0.543285 -0.708617 0.829052 0.361867 0.614492 0.701036 -0.472004 0.816303 -0.572049 0.0800631 0.299809
0 160 78 0.860676 0.504308 -0.0700717 0.651689 -0.496585 0.861833 0.103186 -0.756445 0.112428 -0.0540135 0.992191 -0.0556062
0 161 63 0.977651 0.184365 -0.101032 0.90571 -0.191795 0.978973 -0.0694808 -0.226265 0.0860975 0.0873053 0.992454 0.358461
0 162 100 0.849014 0.388788 -0.357796 0.915967 -0.307513 0.914259 0.263753 -0.335764 0.429663 -0.113903 0.895777 -0.219697
0 163 104 0.900283 0.317876 -0.297397 0.697995 -0.255844 0.939129 0.229305 -0.137066 0.352185 -0.130353 0.926809 0.702863
0 164 101 0.918991 0.370325 -0.135335 0.689814 -0.323655 0.904577 0.277467 -0.105063 0.225174 -0.211188 0.951155 0.716323
0 165 100 0.89723 0.263765 -0.354127 0.879636 -0.341397 0.923009 -0.177488 0.251831 0.280048 0.280145 0.9182 -0.403512
0 166 134 0.926187 0.270026 -0.263179 0.886212 -0.201784 0.944561 0.259013 -0.129218 0.318529 -0.186789 0.929327 0.444894
0 167 153 0.932911 0.285778 -0.219107 0.713882 -0.256302 0.954339 0.153449 -0.0574496 0.252954 -0.0869969 0.963559 -0.697905
0 168 181 0.942082 0.227733 -0.246208 0.751187 -0.180594 0.963056 0.199773 -0.088977 0.282607 -0.143739 0.948405 -0.654065
0 169 205 0.983332 0.159518 -0.0872442 0.496826 -0.14613 0.978904 0.142804 -0.0368266 0.108184 -0.127675 0.985898 -0.867069
0 170 233 0.98949 0.0861408 -0.116147 0.480607 -0.0665886 0.984409 0.162803 0.0391309 0.12836 -0.153358 0.979799 -0.876063
0 171 269 0.988373 0.0486289 -0.144059 0.45293 -0.0262607 0.987833 0.153283 0.110449 0.149761 -0.147718 0.977625 -0.884678
0 172 280 0.986871 0.0862805 -0.136531 0.321383 -0.0583178 0.978679 0.196942 -0.000823126 0.150613 -0.186394 0.970862 -0.946949
1 2 396 0.999894 0.00197282 -0.0144267 0.97899 -0.00198704 0.999998 -0.000971563 -0.203814 0.0144247 0.00100013 0.999895 -0.00626467
1 3 597 0.999573 -0.00645454 -0.0284913 0.982969 0.00658205 0.999969 0.0043841 -0.0935263 0.0284621 -0.00456976 0.999584 0.158194
1 4 561 0.996422 0.0286324 -0.0795174 0.891141 -0.0282513 0.999583 0.00591367 -0.103291 0.0796536 -0.00364604 0.996816 0.441814
1 5 422 0.99669 0.0409245 -0.0702457 0.957647 -0.0423933 0.99891 -0.0195474 0.0173367 0.0693692 0.0224607 0.997338 -0.287423
1 6 306 0.989508 0.0508254 -0.135244 0.986916 -0.0507441 0.998703 0.00405081 -0.0369669 0.135274 0.00285452 0.990804 0.156942
1 7 216 0.993876 0.0398119 -0.103082 0.977675 -0.0438706 0.998337 -0.0374093 0.00218995 0.101421 0.0417025 0.993969 -0.210114
1 8 153 0.994966 0.0875145 0.0488192 0.747282 -0.084103 0.994132 -0.0680327 0.0170983 -0.0544865 0.0635844 0.996488 -0.664287
1 9 158 0.991408 0.102558 -0.0811952 0.671232 -0.102907 0.994691 -0.000114944 -0.149781 0.0807523 0.00846954 0.996698 0.725957
1 10 41 0.972436 0.139671 0.186707 0.0755511 -0.134112 0.99007 -0.0421478 -0.330332 -0.190739 0.0159465 0.981511 0.940836
1 11 142 0.859559 0.252762 -0.444151 0.956864 -0.195805 0.965685 0.170625 -0.129475 0.472038 -0.0596949 0.879555 0.260093
1 12 116 0.866664 0.341199 -0.363972 0.657513 -0.27955 0.936397 0.212163 -0.0413982 0.413212 -0.0821257 0.906924 0.752305
1 13 32 0.956186 0.20719 0.206834 -0.0131606 -0.208545 0.97789 -0.0154749 0.196729 -0.205467 -0.0283374 0.978254 -0.980369
1 14 56 0.986101 0.160839 0.0416542 -0.457787 -0.158331 0.985693 -0.057794 0.223746 -0.0503538 0.0503956 0.997459 -0.860447
1 15 65 -0.920017 0.278227 0.275967 0.198228 0.288815 0.957382 -0.00237205 -0.0659714 -0.264866 0.0775213 -0.961164 0.977933
1 16 29 0.632347 -0.762941 -0.13438 -0.0893715 0.719332 0.642655 -0.263736 0.11834 0.287575 0.0701087 0.955189 0.988943
1 17 92 0.302886 0.886436 -0.349986 0.306974 -0.0827669 0.390315 0.916953 -0.61701 0.949426 -0.248765 0.191589 0.724614
1 18 68 0.990171 0.0695939 -0.121319 0.720524 -0.0692691 0.997574 0.00689755 -0.281346 0.121504 0.00157389 0.99259 0.633789
1 19 83 -0.568601 0.822312 -0.0222724 0.388082 0.679976 0.454599 -0.575302 0.151464 -0.462953 -0.342262 -0.817638 0.909093
1 20 52 0.725198 0.352101 -0.591704 0.402152 0.531022 -0.833039 0.155116 -0.00283394 -0.438296 -0.426698 -0.791091 0.915569
1 21 20 0.478384 -0.765568 -0.430179 0.237071 0.798531 0.58306 -0.14963 0.0375855 0.365372 -0.271931 0.890257 -0.970765
1 22 32 -0.715116 -0.466149 0.520879 -0.509839 0.526521 -0.849346 -0.0372422 -0.108625 0.459767 0.247621 0.852818 -0.853384
1 23 18 0.112144 0.963361 0.243637 -0.230241 -0.983502 0.142629 -0.111269 0.0593989 -0.141942 -0.227139 0.963463 -0.971319
1 24 20 -0.190965 0.947921 -0.254909 0.38453 -0.916794 -0.0794476 0.391378 0.0634705 0.350743 0.308438 0.88422 -0.920928
1 25 15 0.924933 0.374576 0.0647444 0.234768 -0.379518 0.900287 0.213187 0.0192169 0.0215663 -0.221756 0.974864 -0.971862
1 26 22 -0.11803 0.992789 0.0209714 -0.0289939 -0.984145 -0.114134 -0.135765 0.162838 -0.132392 -0.0366632 0.990519 -0.986227
1 27 56 0.86676 -0.239488 -0.437461 0.100406 -0.296009 -0.952986 -0.0647826 -0.0538393 -0.401379 0.185643 -0.896901 0.993489
1 28 22 0.595415 -0.713085 0.370122 0.0727595 0.746007 0.661725 0.0747922 -0.17285 -0.298252 0.231581 0.925968 0.982257
1 29 51 -0.716729 0.344989 0.606038 -0.240303 0.416102 0.908965 -0.025329 -0.139141 -0.559605 0.234019 -0.795033 0.960674
1 30 23 0.845155 0.5038 -0.178602 -0.128908 -0.521499 0.70387 -0.482291 -0.0336396 -0.117265 0.500752 0.857611 0.991086
1 31 65 0.0323958 0.979119 -0.200688 0.183701 0.970667 -0.0786823 -0.227187 0.0271658 -0.238234 -0.187441 -0.952948 0.982607
1 32 16 0.62026 0.737996 -0.26578 0.351787 -0.749882 0.657295 0.0750985 0.00110991 0.230118 0.152723 0.961104 -0.936079
1 33 23 0.936713 0.319181 -0.143847 0.0386369 -0.325751 0.94515 -0.0240579 0.0937726 0.128278 0.0693937 0.989307 -0.994844
1 34 63 0.731783 0.10973 -0.672647 0.885617 0.447104 0.667603 0.595319 -0.267493 0.514385 -0.736387 0.43948 0.379645
1 35 36 0.975666 0.125687 0.179661 -0.189862 -0.120549 0.99193 -0.0392821 0.00936357 -0.183148 0.0166683 0.982944 -0.981766
1 36 50 0.565118 -0.716823 0.40842 -0.345708 -0.591876 -0.697132 -0.404586 -0.0269433 0.574739 -0.0130949 -0.818232 0.937955
1 37 53 -0.926549 0.12301 0.355494 -0.0804106 0.182519 0.97334 0.138911 -0.105181 -0.328929 0.193593 -0.924299 0.991197
1 38 71 -0.407213 0.433308 -0.804004 0.845969 -0.0749234 -0.893177 -0.44342 0.389975 -0.910255 -0.120327 0.396178 0.363669
1 39 29 0.313236 0.946549 -0.0769938 0.125683 -0.948536 0.315801 0.0234529 -0.133003 0.046514 0.0656851 0.996756 -0.983114
1 40 68 0.537596 0.657684 -0.527677 0.877227 -0.692275 0.701542 0.169098 -0.446827 0.481401 0.274391 0.832444 0.175551
1 41 23 0.999798 0.00101097 0.0200701 -0.0994727 -0.000880532 0.999978 -0.00650706 -0.118971 -0.0200763 0.00648807 0.999777 0.987902
1 42 31 -0.372907 -0.924627 -0.0774902 -0.205091 0.927502 -0.369111 -0.0591329 0.143775 0.0260734 -0.0939234 0.995238 0.968125
1 43 47 -0.32317 0.700545 0.636237 -0.503816 -0.946322 -0.243507 -0.212555 0.469013 0.00602401 -0.670776 0.741636 -0.725393
1 44 67 -0.851453 -0.262942 0.453751 -0.338656 -0.372324 0.912415 -0.169924 0.194403 -0.369329 -0.313625 -0.874778 0.920608
1 45 56 -0.271554 0.936351 -0.222498 0.218575 0.919151 0.183777 -0.348407 -0.070605 -0.285341 -0.299121 -0.910553 0.973263
1 46 47 0.151548 -0.965548 0.211542 -0.331321 -0.981824 -0.171782 -0.0806968 0.149532 0.114256 -0.195468 -0.974032 0.931594
1 47 19 -0.0923549 -0.882848 -0.46049 -0.368385 0.995171 -0.0663989 -0.0722901 0.0232579 0.0332451 -0.464942 0.884717 0.929382
1 48 43 -0.898671 -0.331209 0.28756 -0.394179 -0.341121 0.939875 0.0164824 0.0250866 -0.27573 -0.0832807 -0.957621 0.918691
1 49 50 -0.792385 0.404289 0.456811 -0.305814 0.491293 0.866834 0.0850273 -0.167876 -0.361604 0.291803 -0.885491 0.937174
1 50 30 0.879552 0.0418873 0.473956 -0.487851 -0.161077 0.963513 0.213768 -0.166203 -0.447709 -0.264363 0.854207 -0.856959
1 51 72 -0.763609 0.471792 0.440809 -0.287859 0.368519 0.879044 -0.302449 0.128158 -0.530184 -0.0685061 -0.845111 0.949059
1 52 28 -0.491211 -0.805412 -0.331698 0.38521 0.828492 -0.549578 0.107544 -0.0699168 -0.268911 -0.221982 0.937236 -0.920177
1 53 63 -0.791203 0.275796 0.545834 -0.310743 0.0737757 0.929063 -0.362491 0.246501 -0.607087 -0.246535 -0.755424 0.917974
1 54 23 -0.171449 -0.981459 -0.0856938 0.0412094 0.974796 -0.156393 -0.159101 0.0979144 0.142749 -0.110812 0.983536 -0.994341
1 55 29 0.571736 -0.739002 -0.356361 -0.461693 0.782308 0.62193 -0.0346114 -0.00612744 0.24721 -0.258996 0.933707 0.887019
1 56 20 -0.769917 -0.599528 -0.218619 0.25546 0.605453 -0.794516 0.0465953 -0.0107514 -0.201631 -0.0964887 0.974697 -0.96676
1 57 59 -0.975309 -0.0130212 -0.22046 0.0236876 -0.00892707 0.999769 -0.0195571 -0.0304785 0.220664 -0.0171061 -0.9752 0.999255
1 58 28 0.953792 -0.202382 0.222086 -0.500216 0.221683 0.972919 -0.0654592 0.167246 -0.202824 0.111667 0.972827 -0.849596
1 59 31 -0.279815 0.953338 -0.113363 0.381876 -0.857759 -0.301289 -0.416504 -0.100154 -0.431224 -0.0193054 0.902038 0.918771
1 60 52 0.449483 -0.879731 0.155042 -0.123151 -0.82337 -0.340699 0.453857 0.00661788 -0.34645 -0.331658 -0.877482 0.992366
1 61 55 -0.0674225 0.997011 0.0377337 0.0942425 0.934417 0.0763566 -0.347899 0.0716434 -0.34974 0.0118028 -0.936772 0.992968
1 62 48 0.0396045 -0.920207 -0.389423 0.143948 -0.987538 0.0233626 -0.155639 0.0635215 0.152318 0.390734 -0.907814 0.987544
1 63 42 0.87364 -0.0513235 -0.483858 0.048995 -0.054953 -0.998467 0.00668717 -0.0761891 -0.483459 0.0207473 -0.875121 0.995889
1 64 36 0.495142 -0.867148 0.0537452 -0.396727 0.867366 0.496939 0.0269785 -0.23772 -0.0501025 0.0332585 0.99819 -0.886621
1 65 30 0.10696 -0.980222 -0.166504 0.0565065 0.22025 -0.139945 0.965353 0.0588642 -0.969562 -0.139926 0.200925 0.996665
1 66 42 0.24246 0.741068 0.626124 0.00361921 0.881553 -0.437752 0.176742 -0.0555835 0.405065 0.509109 -0.759428 0.998447
1 67 60 -0.559353 -0.771157 -0.30404 0.434474 -0.64712 0.635457 -0.421223 0.41336 0.518034 -0.0388625 -0.854477 0.800229
1 68 17 0.82935 -0.557858 0.0312014 0.0374689 0.54894 0.823954 0.140586 -0.0226428 -0.104135 -0.099467 0.989577 -0.999041
1 69 47 -0.747127 -0.595678 0.294903 -0.212699 -0.65256 0.741701 -0.155068 0.240694 -0.126359 -0.308297 -0.942861 0.947009
1 70 56 0.277318 0.883525 0.377463 -0.171145 0.0235472 0.386504 -0.921987 0.408672 -0.96049 0.264572 0.0863798 0.896491
1 71 26 -0.26621 0.944503 0.192477 0.204478 -0.930738 -0.199932 -0.306193 0.0259451 -0.250718 -0.260657 0.932308 0.978527
1 72 40 -0.000536092 0.97858 -0.205866 0.257861 0.995716 -0.0185136 -0.090597 -0.16091 -0.0924677 -0.205032 -0.974378 0.952689
1 73 19 0.100757 -0.982868 0.154333 0.163181 0.975902 0.0674574 -0.20752 -0.00621347 0.193554 0.171523 0.96598 0.986577
1 74 61 0.958544 -0.284253 0.0198605 0.135888 -0.281319 -0.932957 0.224612 -0.115649 -0.0453177 -0.220888 -0.974246 0.983951
1 75 29 0.584719 0.80545 0.0967147 -0.0811835 -0.775501 0.519982 0.358073 -0.323351 0.238121 -0.284375 0.928671 -0.94279
1 76 20 -0.0840144 0.971692 0.220808 0.161607 -0.987325 -0.0512304 -0.150218 -0.166195 -0.134653 -0.23063 0.96368 0.97276
1 77 48 0.797202 0.106006 -0.594333 0.325368 0.243901 -0.957098 0.156444 -0.242787 -0.552251 -0.269676 -0.788856 0.913888
1 78 57 -0.821303 -0.102658 -0.56118 0.201827 -0.243835 0.952467 0.182621 -0.0901911 0.515758 0.286823 -0.807296 0.97526
1 79 21 -0.309406 0.908849 -0.279752 -0.051284 -0.947656 -0.319086 0.0114733 -0.0665507 -0.0788374 0.268659 0.960004 0.996464
1 80 74 -0.405522 -0.600655 -0.689032 0.41026 0.546495 0.444928 -0.709494 0.526122 0.732731 -0.664268 0.147827 0.744905
1 81 28 0.717127 -0.664559 -0.209976 0.036065 0.690387 0.7186 0.0835467 -0.312956 0.095367 -0.204878 0.97413 -0.949083
1 82 19 0.638752 0.7248 0.258188 0.261191 -0.769401 0.599842 0.219574 0.255614 0.00427542 -0.338903 0.940812 0.930828
1 83 47 0.300238 0.876718 -0.375795 0.353006 0.900811 -0.390167 -0.190551 0.0233355 -0.313682 -0.28131 -0.9069 0.93533
1 84 26 0.72848 0.660828 -0.180622 -0.125726 -0.68503 0.699921 -0.202101 0.127226 -0.0071329 0.270958 0.962565 0.983873
1 85 23 0.848922 0.521151 0.0879361 -0.245295 -0.523458 0.806106 0.276016 -0.144539 0.0729602 -0.280347 0.957122 -0.958613
1 86 19 0.573527 -0.81227 0.106226 -0.30149 0.794379 0.519792 -0.31429 0.150735 0.200073 0.264638 0.943365 -0.941479
1 87 47 -0.0638843 -0.948027 -0.31171 0.268978 -0.829527 -0.1232 0.544707 -0.335779 -0.5548 0.29337 -0.778544 0.90272
1 88 15 -0.172198 -0.951797 0.25383 -0.206558 0.89008 -0.260736 -0.373865 0.174679 0.422026 0.16155 0.892074 -0.962716
1 89 14 0.167961 0.985794 0.000173898 -0.0137802 -0.984589 0.167747 0.0494401 0.0590287 0.0487085 -0.00847524 0.998777 -0.998161
1 90 46 -0.990998 0.0807117 0.10681 -0.0959391 0.0946273 0.986672 0.13238 -0.123499 -0.0947015 0.141296 -0.985427 0.987696
1 91 56 0.411821 -0.69217 0.59271 -0.425407 -0.522542 -0.712237 -0.468687 -0.0641658 0.746561 -0.116701 -0.655002 0.902724
1 92 23 0.699696 0.704843 0.116709 0.256198 -0.714404 0.691903 0.104391 -0.30188 -0.00717241 -0.156419 0.987665 0.918276
1 93 64 -0.789982 -0.612536 -0.026994 0.241544 -0.439069 0.534436 0.722217 -0.223527 -0.427957 0.58239 -0.69114 0.944295
1 94 48 -0.411139 -0.83242 -0.37154 0.308769 -0.889366 0.276877 0.363823 -0.192233 -0.199983 0.480017 -0.854161 0.931508
1 95 61 0.080946 0.987708 -0.133717 0.162801 0.965614 -0.110965 -0.235111 -0.0113676 -0.247059 -0.110087 -0.962727 0.986594
1 96 22 0.920871 0.368611 0.126975 -0.101737 -0.388621 0.893896 0.223437 -0.1832 -0.0311411 -0.255101 0.966413 -0.977797
1 97 23 0.213992 0.962868 -0.164597 -0.130593 -0.87597 0.263722 0.40389 -0.0419116 0.432301 0.0577522 0.899878 0.99055
1 98 59 -0.0476499 -0.415068 -0.908542 -0.0537704 0.0640752 0.906432 -0.417464 -1.19393e-05 0.996807 -0.0781071 -0.0165958 0.998553
1 99 46 -0.119713 -0.992324 -0.0310274 0.0355396 -0.899757 0.0952302 0.425875 -0.215089 -0.419651 0.0789 -0.90425 0.975948
1 100 29 -0.990721 -0.127041 -0.048303 -0.430812 0.135842 -0.93712 -0.321487 -0.04626 -0.00442352 -0.325065 0.945681 0.901255
1 101 24 -0.602162 0.763927 0.231982 -0.138292 -0.77411 -0.629761 0.0644527 0.253374 0.19533 -0.140769 0.970582 -0.957432
1 102 25 0.520843 0.836247 -0.171507 -0.00360552 -0.774388 0.547392 0.317309 0.0795856 0.35923 -0.0324555 0.932684 -0.996822
1 103 24 0.152042 0.904378 0.398728 0.316545 -0.791658 0.35296 -0.498695 0.134297 -0.591744 -0.239834 0.769622 0.939023
1 104 18 0.30408 0.950399 -0.0653968 0.0191967 -0.952603 0.302694 -0.0303871 -0.0664245 -0.00908466 0.0715373 0.997397 0.997607
1 105 58 -0.512259 -0.680066 0.524501 -0.408762 -0.784151 0.619447 0.0373239 0.0302992 -0.350283 -0.392169 -0.850591 0.912138
1 106 19 0.860722 0.395806 -0.320148 -0.201353 -0.384992 0.917558 0.0993388 -0.0190334 0.333073 0.0377513 0.942145 0.979334
1 107 37 -0.234621 -0.924624 0.30004 -0.468136 0.96497 -0.258813 -0.0430031 0.295634 0.117416 0.27944 0.952957 -0.832736
1 108 52 -0.954911 0.228291 -0.189809 0.22125 0.209564 0.971155 0.113755 -0.0856052 0.210304 0.068849 -0.975209 0.971453
1 109 22 0.162261 0.983312 -0.0822692 0.0582302 -0.981043 0.169713 0.09355 -0.131459 0.105951 0.0655301 0.99221 0.98961
1 110 21 0.753482 -0.543154 -0.370471 0.153698 0.473106 0.839206 -0.268148 0.240965 0.456547 0.0267728 0.889296 -0.958286
1 111 46 -0.956336 0.163868 0.242009 -0.194782 0.176406 0.983832 0.0309281 -0.0551754 -0.233028 0.0722695 -0.969781 0.979293
1 112 48 -0.730129 0.667597 -0.145689 0.750792 -0.680203 -0.730405 0.0619077 -0.0591583 -0.0650829 0.144299 0.987392 -0.657884
1 113 47 0.420073 -0.880383 -0.220146 -0.0535428 -0.903198 -0.382032 -0.195665 -0.0363702 0.0881573 0.281029 -0.955642 0.997903
1 114 26 0.916003 -0.291108 -0.276034 -0.0735061 0.244174 0.950507 -0.192135 0.131367 0.318304 0.108596 0.941748 -0.988605
1 115 59 -0.381304 -0.91122 -0.155836 -0.105314 -0.919649 0.391052 -0.0363796 -0.131857 0.0940897 0.129442 -0.987113 0.985658
1 116 86 0.498459 -0.227174 0.836618 -0.755937 -0.0704245 0.951254 0.300261 -0.284634 -0.864048 -0.208586 0.458163 0.589528
1 117 78 -0.693645 -0.580072 -0.427052 0.0467613 -0.566524 0.805483 -0.173918 0.00383419 0.444869 0.121298 -0.887344 0.998899
1 118 68 -0.743582 -0.0532386 -0.666522 0.442932 -0.276926 0.931835 0.234512 -0.306653 0.608604 0.358956 -0.707638 0.842482
1 119 57 -0.959641 -0.281092 -0.00868465 0.100206 -0.26426 0.890751 0.369771 -0.224316 -0.0962038 0.357142 -0.929082 0.969351
1 120 32 -0.485169 -0.865492 -0.12464 -0.125473 0.757501 -0.3448 -0.554352 -0.127536 0.436811 -0.363369 0.822897 0.983865
1 121 73 -0.713838 -0.299066 0.633242 -0.244381 -0.234849 0.954098 0.185859 -0.0836792 -0.659758 -0.0160433 -0.751307 0.966062
1 122 81 -0.794621 -0.127901 0.593481 -0.289495 -0.0598247 0.989295 0.133102 -0.0269228 -0.604151 0.070261 -0.793766 0.956801
1 123 32 0.807103 0.0958953 -0.582571 0.403131 -0.109219 0.993942 0.0122966 0.0912677 0.580221 0.053703 0.812687 -0.91058
1 124 73 -0.0329121 0.948328 0.315581 -0.291325 0.922956 -0.092317 0.37367 -0.336805 0.383495 0.303566 -0.872227 0.895372
1 125 47 0.77076 0.380147 -0.511289 0.267728 -0.402421 0.912627 0.0718995 0.213162 0.493949 0.150337 0.856396 -0.939619
1 126 84 0.986348 -0.157442 -0.0482701 -0.773551 0.129736 0.923474 -0.36106 0.090271 0.101422 0.349869 0.931292 -0.627271
1 127 91 -0.993969 -0.0984324 -0.0483342 0.0584554 -0.108853 0.832309 0.543518 -0.376113 -0.0132708 0.545502 -0.838005 0.924728
1 128 70 0.712852 0.466036 -0.524073 0.397617 -0.382986 0.884694 0.265779 -0.160415 0.587506 0.0112517 0.809141 -0.90342
1 129 105 0.8919 0.440001 0.104466 -0.528459 -0.450285 0.885456 0.114937 0.216307 -0.0419282 -0.149552 0.987865 -0.82094
1 130 99 0.944815 0.303223 -0.124021 -0.218031 -0.318863 0.938032 -0.135728 0.456655 0.07518 0.167784 0.982953 -0.862513
1 131 136 0.952238 0.263738 -0.153897 -0.108909 -0.282234 0.952562 -0.113886 0.400966 0.116561 0.151881 0.981502 -0.909596
1 132 142 0.969358 0.225332 -0.0978327 -0.104368 -0.235767 0.96523 -0.112894 0.363454 0.0689923 0.132501 0.988779 -0.925748
1 133 120 0.975582 0.190607 -0.10913 -0.00801566 -0.201296 0.974708 -0.0970819 0.324386 0.0878651 0.116679 0.989275 -0.945891
1 134 144 0.966912 0.215039 -0.137254 0.0919017 -0.226223 0.971433 -0.0717054 0.319444 0.117914 0.100383 0.987937 -0.943138
1 135 153 0.97192 0.212984 -0.100045 0.105131 -0.211126 0.977031 0.0289298 0.213383 0.103909 -0.0069953 0.994562 -0.971296
1 136 139 0.967289 0.204589 -0.149982 0.27737 -0.201315 0.978833 0.0368661 0.21779 0.15435 -0.0054666 0.988001 -0.935753
1 137 106 0.977067 0.181593 -0.111195 0.35181 -0.177702 0.983098 0.0440459 0.164933 0.117314 -0.0232762 0.992822 -0.921427
1 138 110 0.920778 0.229863 -0.315169 0.936605 -0.192368 0.970437 0.145762 0.0316095 0.339357 -0.0735863 0.937775 0.348958
1 139 75 0.976124 -0.0513983 0.211046 0.042179 -0.0140337 0.954648 0.297404 -0.297145 -0.216761 -0.293265 0.931134 -0.9539
1 140 62 0.97973 -0.00530363 0.200251 0.2085 -0.00936586 0.997343 0.0722373 0.224884 -0.200102 -0.0726486 0.977078 -0.951817
1 141 94 0.973321 -0.173046 0.150673 0.349372 0.172106 0.984888 0.0193577 0.378367 -0.151746 0.00709047 0.988394 -0.857192
1 142 92 0.945943 -0.28519 0.15446 0.203278 0.274236 0.957576 0.088563 0.296032 -0.173164 -0.0414172 0.984022 -0.933297
1 143 67 0.962944 -0.257363 0.0806415 0.205378 0.228113 0.936716 0.265569 -0.162831 -0.143886 -0.237333 0.960713 -0.965042
1 144 144 0.974263 -0.17288 -0.14465 0.458271 0.206935 0.940407 0.269838 -0.233755 0.0893807 -0.292826 0.951979 -0.857523
1 145 242 0.98933 0.0510401 -0.136461 0.383111 -0.0404819 0.996048 0.0790589 0.0785925 0.139957 -0.0726912 0.987486 -0.920353
1 146 243 0.985146 0.0945925 -0.143315 0.435326 -0.087464 0.994634 0.0552633 0.100283 0.147774 -0.0419075 0.988133 -0.89467
1 147 278 0.965376 0.181494 -0.187374 0.50653 -0.164454 0.981 0.102925 0.0464869 0.202494 -0.0685468 0.976882 -0.860968
1 148 310 0.912791 0.218058 -0.345345 0.985065 -0.152766 0.966456 0.20646 -0.1626 0.378781 -0.135698 0.915484 0.0566477
1 149 238 0.885521 0.266759 -0.380385 0.950148 -0.216672 0.961366 0.169789 -0.192597 0.410982 -0.0679327 0.909109 -0.245203
1 150 130 0.903035 0.305049 -0.302445 0.856734 -0.285243 0.952261 0.108789 -0.327033 0.321193 -0.0119702 0.946938 0.398818
1 151 149 0.911195 0.308266 -0.273304 0.822395 -0.284717 0.950681 0.123048 -0.296995 0.297757 -0.034306 0.954025 0.485243
1 152 78 0.966687 0.252709 0.0406732 0.395544 -0.249726 0.966016 -0.0667124 -0.00252099 -0.0561498 0.0543329 0.996943 -0.918443
1 153 56 0.955209 0.280348 0.0947642 0.33399 -0.276746 0.959668 -0.0494968 -0.308051 -0.104818 0.0210542 0.994268 0.890817
1 154 118 0.553815 0.525071 -0.646212 0.896138 -0.459572 0.839936 0.288618 -0.384248 0.694321 0.13714 0.706477 0.222013
