0 1 29 0.999874 0.0102072 -0.0121359 0.947312 -0.0101235 0.999925 0.00694232 -0.199469 0.0122059 -0.00681859 0.999902 0.250625
0 2 597 0.999545 0.0119875 -0.0276782 0.904168 -0.0117863 0.999903 0.0074227 -0.190628 0.0277645 -0.00709311 0.999589 0.382284
0 3 567 0.999542 0.00112034 -0.0302292 0.945473 -0.000975986 0.999988 0.00478962 -0.0915849 0.0302342 -0.00475792 0.999532 0.312558
0 4 530 0.992912 0.0383939 -0.11248 0.971633 -0.0380692 0.999262 0.00503333 -0.0683582 0.11259 -0.000715626 0.993641 0.226399
0 5 429 0.99303 0.0543296 -0.104592 0.982187 -0.0552339 0.998457 -0.00576777 -0.064908 0.104117 0.0115046 0.994498 0.17634
0 6 285 0.985415 0.0637429 -0.157776 0.979338 -0.0619071 0.997945 0.0165277 -0.046052 0.158505 -0.00651921 0.987337 0.196918
0 7 200 0.978367 0.064218 -0.196659 0.9789 -0.0659906 0.997817 -0.00246679 -0.116888 0.196072 0.0153911 0.980469 0.167608
0 8 167 0.978049 0.0753383 -0.194281 0.996808 -0.0805367 0.996571 -0.0189877 -0.0527389 0.192184 0.0342177 0.980762 0.0599348
0 9 161 0.980431 0.089103 -0.175544 0.9921 -0.095828 0.99494 -0.0301951 0.026875 0.171965 0.0464262 0.984008 -0.122537
0 10 47 0.993022 0.0375752 0.111782 0.360096 -0.03838 0.99925 0.00505564 -0.162515 -0.111509 -0.00931057 0.99372 0.918651
0 11 61 0.991845 0.0324782 0.12324 0.10116 -0.0352918 0.999162 0.0207155 0.390018 -0.122464 -0.0248959 0.992161 -0.915234
0 12 79 0.869447 0.487376 0.080791 0.36801 -0.493943 0.854579 0.16036 -0.29532 0.0091133 -0.179331 0.983747 -0.881677
0 13 73 0.980185 0.194776 0.0360396 0.523927 -0.193891 0.980661 -0.0266383 0.428238 -0.0405312 0.0191227 0.998995 -0.736283
0 14 36 0.969988 0.240729 0.0342408 0.281281 -0.24121 0.970415 0.010637 0.135123 -0.0306671 -0.018577 0.999357 -0.950064
0 15 28 0.995112 -0.0782782 0.0602107 0.401637 0.0551238 0.946145 0.319017 0.170004 -0.0819401 -0.314138 0.945834 0.899881
0 16 79 -0.600029 0.118813 0.791106 -0.49474 0.251014 0.966929 0.0451673 0.0571015 -0.759577 0.22568 -0.610009 0.867163
0 17 43 -0.558013 -0.767449 -0.315662 0.343019 0.778946 -0.353263 -0.51812 0.087541 0.286119 -0.535002 0.794927 0.93524
0 18 27 0.865176 -0.45753 0.205271 0.31014 0.499883 0.819396 -0.280548 0.0371771 -0.0398394 0.345335 0.937634 0.949964
0 19 53 -0.0721336 0.989315 -0.126696 0.315587 0.985291 0.0509514 -0.163111 0.0707144 -0.154913 -0.136598 -0.978439 0.946258
0 20 24 0.966975 0.236672 0.0945821 0.101529 -0.23182 0.970936 -0.0595243 0.0622926 -0.105921 0.0356325 0.993736 -0.99288
0 21 53 0.179301 -0.942116 0.283318 -0.302501 -0.786458 -0.310279 -0.534051 0.466692 0.591045 -0.127062 -0.796568 0.831079
0 22 55 0.578165 0.361972 -0.731233 0.424617 0.184851 -0.931014 -0.31471 0.0181475 -0.794705 0.0467854 -0.605191 0.905191
0 23 17 -0.772844 0.43803 0.459175 -0.404189 -0.485621 -0.874016 0.0164112 -0.0930548 0.408515 -0.210301 0.888194 -0.90993
0 24 42 -0.856437 -0.374128 -0.355729 0.318729 -0.414188 0.909273 0.040878 -0.081365 0.308161 0.182348 -0.933695 0.944347
0 25 61 0.10745 0.399837 -0.910266 0.456824 0.0813457 -0.916033 -0.392768 0.0644928 -0.990877 -0.0318432 -0.130953 0.887216
0 26 50 -0.871593 -0.0562067 0.486998 -0.0679244 0.0457897 0.979729 0.195026 -0.121955 -0.488088 0.192283 -0.851351 0.990209
0 27 18 -0.298568 0.948631 0.104674 -0.189069 -0.950394 -0.285501 -0.123451 0.160231 -0.0872245 -0.13634 0.986815 -0.968803
0 28 59 0.0988188 -0.942836 0.318268 -0.322483 -0.984804 -0.138559 -0.104697 0.189584 0.142811 -0.303085 -0.942202 0.927396
0 29 47 -0.976481 0.21289 0.0340987 -0.0829983 0.213274 0.930584 0.297535 -0.291814 0.0316105 0.297809 -0.954102 0.952867
0 30 20 -0.942465 -0.332467 -0.0350129 0.041873 0.332954 -0.924088 -0.187625 0.114427 0.0300243 -0.188488 0.981616 -0.992549
0 31 51 -0.926981 0.125183 0.353603 -0.206792 0.182318 0.974194 0.133064 -0.142728 -0.327821 0.187816 -0.925883 0.967918
0 32 64 -0.692874 0.134269 0.708447 -0.284283 0.400915 0.888376 0.223731 -0.150256 -0.599327 0.439045 -0.669363 0.946893
0 33 27 0.920744 0.389311 0.025837 -0.376371 -0.384459 0.893995 0.230138 0.182637 0.0664971 -0.221832 0.972815 -0.908289
0 34 21 0.983307 -0.0617337 -0.171164 0.327414 0.0730758 0.995473 0.06077 0.0192788 0.166637 -0.0722635 0.983367 -0.944684
0 35 26 -0.908081 -0.245085 -0.339592 -0.436322 0.286229 -0.955137 -0.0760611 -0.160191 -0.305715 -0.166271 0.937492 0.885416
0 36 45 0.834666 0.38646 -0.392405 0.0140862 0.4449 -0.893088 0.0667693 -0.116639 -0.324649 -0.230311 -0.917366 0.993074
0 37 48 -0.733929 -0.0474661 0.677565 -0.423691 0.120098 0.972769 0.198235 -0.104336 -0.668524 0.226864 -0.708243 0.899778
0 38 41 0.809359 0.48031 -0.337995 -0.0945544 0.538664 -0.836409 0.101293 -0.0607771 -0.23405 -0.264048 -0.935681 0.993663
0 39 20 0.907965 0.153428 0.389948 -0.00839501 -0.144123 0.988128 -0.0532072 -0.202266 -0.393482 -0.00789032 0.919298 0.979295
0 40 23 -0.970203 0.20691 -0.126071 0.23555 -0.167377 -0.948564 -0.268721 0.190418 -0.175188 -0.239612 0.954932 -0.953025
0 41 75 -0.66379 -0.127932 0.736896 -0.375836 -0.31641 0.940785 -0.121691 0.0920497 -0.677693 -0.313939 -0.664962 0.922103
0 42 52 0.549844 -0.811719 -0.196935 0.0804057 -0.689942 -0.574269 0.440676 -0.214292 -0.470799 -0.10643 -0.875798 0.973455
0 43 51 0.299073 -0.953893 0.0253693 0.0118918 -0.875299 -0.26365 0.40539 -0.122306 -0.38001 -0.143447 -0.913792 0.992421
0 44 36 0.889398 0.446455 -0.0982278 -0.46602 -0.445962 0.894609 0.0281514 0.216904 0.100444 0.018768 0.994766 0.857775
0 45 36 -0.735474 -0.479489 0.478714 0.105903 0.419045 -0.877102 -0.234721 0.0111837 0.532427 0.0279711 0.846013 0.994314
0 46 24 0.876658 -0.150104 -0.457099 -0.00488903 0.278616 0.93295 0.227986 0.136901 0.392228 -0.327221 0.8597 0.990573
0 47 53 -0.821589 0.496424 0.280276 -0.504792 -0.517598 -0.855622 -0.00179091 0.0697598 0.238922 -0.146542 0.959918 0.860418
0 48 39 -0.990368 0.126686 0.0558731 -0.0670516 0.11911 0.985268 -0.122717 0.112201 -0.0705965 -0.11488 -0.990868 0.991421
0 49 49 0.57689 0.786916 0.218999 -0.332888 0.756552 -0.615838 0.219936 -0.215034 0.307939 0.038805 -0.950614 0.918121
0 50 38 -0.637715 0.328859 0.696542 -0.129963 0.0258717 -0.894626 0.446067 -0.0797898 0.769837 0.302485 0.562008 0.988303
0 51 63 0.440804 -0.642287 0.627024 -0.332951 -0.807957 -0.588228 -0.0345457 -0.00282347 0.391021 -0.49138 -0.778234 0.94294
0 52 53 -0.480244 0.278036 0.831902 -0.681455 0.346143 0.931531 -0.111511 0.191197 -0.805947 0.234405 -0.543602 0.706444
0 53 64 -0.757206 -0.278935 0.590622 -0.425873 -0.42337 0.898159 -0.118605 0.138369 -0.497389 -0.33986 -0.798185 0.89414
0 54 22 0.316183 0.90068 -0.297998 0.438203 -0.940182 0.339478 0.0284943 -0.204746 0.126828 0.271163 0.954141 -0.875247
0 55 45 -0.441848 0.741549 0.504852 -0.371793 0.720601 0.628579 -0.292612 0.269645 -0.534326 0.234507 -0.812098 0.888291
0 56 47 -0.417536 0.762538 0.494165 -0.402876 0.787315 0.575112 -0.222219 0.225656 -0.453651 0.296279 -0.840488 0.887001
0 57 51 -0.0807737 0.988279 0.129535 -0.028031 0.9952 0.0871691 -0.0444778 0.0149628 -0.0552479 0.12532 -0.990577 0.999495
0 58 44 0.985822 -0.106161 -0.129945 0.173036 -0.11223 -0.992865 -0.0402887 -0.0627266 -0.124741 0.0543011 -0.990702 0.982916
0 59 60 -0.785999 0.218979 -0.578147 0.396199 0.0681425 0.960156 0.271028 -0.0470427 0.614461 0.173631 -0.769604 0.916959
0 60 18 0.990498 0.121407 -0.0646098 -0.157931 -0.112533 0.985535 0.126718 0.0907255 0.0790596 -0.118243 0.989832 0.983273
0 61 38 -0.730641 -0.614146 -0.29831 0.283973 0.649077 -0.760331 -0.0244319 -0.0205772 -0.21181 -0.211477 0.954156 0.958611
0 62 23 -0.88371 -0.454287 0.112601 0.0803782 0.458813 -0.888376 0.0166884 0.113718 0.0924509 0.0664106 0.9935 0.990256
0 63 22 0.917078 0.37511 0.135131 0.31857 -0.367445 0.926706 -0.0787429 0.0954307 -0.154764 0.0225602 0.987694 0.943083
0 64 53 0.77504 -0.102042 -0.623619 0.293951 -0.380945 -0.862835 -0.332258 0.234316 -0.504177 0.495078 -0.707604 0.926655
0 65 24 -0.77655 0.563874 0.281098 -0.192544 -0.56262 -0.821415 0.0934634 0.0916936 0.2836 -0.0855726 0.955117 0.976995
0 66 24 -0.507091 0.778899 0.369019 -0.34715 -0.757122 -0.607148 0.241117 -0.291706 0.411855 -0.157124 0.897601 -0.891288
0 67 45 0.542648 -0.839709 -0.0205268 0.164985 0.820251 0.53502 -0.202344 -0.00142826 0.180892 0.0929645 0.979099 0.986295
0 68 20 0.822356 0.439016 0.361933 -0.28376 -0.442535 0.893343 -0.0781108 0.0624301 -0.357623 -0.0959332 0.928926 -0.956861
0 69 61 0.0544387 0.907805 0.415844 -0.277335 0.735862 0.24503 -0.631243 0.354913 -0.67494 0.340367 -0.65468 0.892817
0 70 32 -0.729809 -0.68365 0.00110573 0.118009 0.682428 -0.728406 0.0609624 -0.359889 -0.0408715 0.0452455 0.998139 -0.925502
0 71 28 0.969946 -0.216914 0.110241 0.273059 0.228486 0.967742 -0.106156 -0.0179447 -0.0836577 0.128154 0.98822 0.96183
0 72 60 0.645219 0.46955 -0.602673 0.297591 0.644463 -0.758165 0.0992634 -0.229917 -0.410316 -0.452447 -0.79179 0.926595
0 73 54 0.0349022 -0.951273 -0.30637 0.181233 -0.988265 -0.0784674 0.131055 -0.116419 -0.148709 0.2982 -0.942848 0.976525
0 74 29 0.0071016 0.908032 0.418841 0.183823 -0.95696 -0.115355 0.26631 -0.113844 0.290133 -0.402705 0.868131 0.976345
0 75 51 -0.322096 -0.942992 0.0837825 -0.0240439 -0.908252 0.332767 0.253662 0.0506613 -0.267081 0.00560786 -0.963658 0.998426
0 76 43 -0.754996 -0.403234 -0.517091 0.503868 -0.502004 0.86277 0.0601679 -0.016517 0.421869 0.305008 -0.853813 0.863623
0 77 59 0.174585 -0.984375 0.0229537 0.0913503 -0.764464 -0.150201 -0.626924 0.195183 0.620576 0.091904 -0.778742 0.976503
0 78 18 0.902561 -0.294203 0.314369 0.146038 0.209651 0.938031 0.275944 -0.0681334 -0.376072 -0.183148 0.90831 0.98693
0 79 63 0.146073 -0.986753 -0.0705725 -0.00271441 -0.921456 -0.109755 -0.372656 0.248444 0.359974 0.119464 -0.925282 0.968642
0 80 48 0.44681 0.893393 -0.0470147 0.023355 0.832786 -0.434548 -0.34298 0.289337 -0.326846 0.114094 -0.938165 0.956942
0 81 20 0.90311 -0.374213 -0.210611 0.162257 0.346698 0.924819 -0.156555 0.149279 0.253362 0.0683679 0.964952 -0.975391
0 82 23 -0.753197 0.376464 0.539415 -0.477741 -0.371331 -0.920219 0.123734 -0.207528 0.542962 -0.107105 0.832899 -0.853637
0 83 22 0.989628 -0.111946 -0.0900218 -0.109017 0.122075 0.985689 0.11625 -0.18501 0.0757199 -0.126034 0.989132 -0.976671
0 84 45 0.191999 0.960501 0.201428 -0.104567 0.973264 -0.212721 0.0866447 -0.0426722 0.12607 0.179407 -0.975664 0.993602
0 85 54 -0.853478 0.364304 0.372636 -0.122588 0.434762 0.892008 0.123707 -0.0960504 -0.287327 0.267589 -0.919695 0.987799
0 86 43 -0.929585 -0.070191 0.361862 -0.00289262 0.0551511 0.944167 0.324819 -0.123697 -0.364458 0.321904 -0.873813 0.992316
0 87 47 0.362682 -0.610853 -0.70379 0.214182 -0.673761 -0.693623 0.254821 -0.103519 -0.643823 0.381767 -0.663134 0.971293
0 88 24 0.783557 -0.619506 0.0474376 0.398988 0.608505 0.749729 -0.260053 -0.117188 0.125539 0.232633 0.964428 0.909437
0 89 24 0.809782 -0.289851 -0.510137 0.420473 0.297499 0.95224 -0.068801 0.0959448 0.505715 -0.0960516 0.857337 -0.902218
0 90 23 -0.958836 -0.251319 -0.132179 0.515576 0.270068 -0.950918 -0.151058 0.0805454 -0.0877276 -0.180538 0.979648 -0.853049
0 91 48 0.682251 -0.482924 0.548925 -0.187429 -0.536863 -0.840571 -0.0722445 -0.155049 0.496299 -0.245409 -0.832744 0.969964
0 92 40 0.732497 -0.0503453 0.678906 -0.0413291 0.256168 0.944348 -0.206359 -0.200524 -0.630735 0.325071 0.704629 0.978817
0 93 48 -0.202281 -0.848399 -0.489184 0.353532 -0.840976 0.406446 -0.357157 0.269947 0.501838 0.339146 -0.7957 0.895625
0 94 43 0.554045 0.805032 0.212031 -0.48588 -0.8177 0.574048 -0.0428446 0.452609 -0.156207 -0.14964 0.976323 -0.747707
0 95 24 0.98993 0.0261405 0.139127 -0.161066 -0.0112907 0.994251 -0.106473 0.0908804 -0.14111 0.10383 0.984534 -0.98275
0 96 53 -0.34942 -0.848898 -0.396582 0.283856 -0.829342 0.0832555 0.552504 -0.166654 -0.436002 0.521958 -0.733118 0.944273
0 97 44 0.390003 -0.863897 0.318716 0.0545648 -0.916982 -0.395916 0.0489296 -0.17776 0.0839146 -0.311339 -0.946587 0.98256
0 98 26 0.903234 -0.375407 0.207938 -0.259977 0.415006 0.887449 -0.20051 -0.226725 -0.109261 0.267403 0.95737 0.93862
0 99 19 0.882091 -0.43953 0.169493 0.164074 0.467558 0.86077 -0.201157 0.0550804 -0.0574799 0.256687 0.964784 -0.984909
0 100 17 -0.949886 0.188393 0.24945 0.1591 -0.257396 -0.924192 -0.282164 -0.238108 0.177382 -0.332231 0.926368 0.958119
0 101 64 0.179013 -0.820455 0.542962 -0.374033 -0.935381 0.0291495 0.35244 -0.157198 -0.304988 -0.570968 -0.762219 0.913996
0 102 21 0.952569 0.214576 -0.2158 0.123131 -0.209941 0.976703 0.0444555 0.150429 0.220312 0.00295848 0.975425 -0.980923
0 103 48 0.995959 -0.0883962 0.0158609 -0.00329899 -0.0897743 -0.975108 0.202741 -0.191639 -0.00245547 -0.203346 -0.979104 0.98146
0 104 28 -0.651308 -0.675391 -0.345897 -0.0870166 0.667248 -0.726828 0.162791 -0.16339 -0.361356 -0.124772 0.924042 0.982716
0 105 60 0.430448 -0.840088 0.330101 -0.40387 -0.889545 -0.456839 -0.00267137 0.0598618 0.153047 -0.29249 -0.943942 0.912856
0 106 57 -0.949423 0.200879 0.241335 -0.0622162 0.266657 0.921646 0.281892 -0.148933 -0.165799 0.331989 -0.928598 0.986888
0 107 54 -0.575584 0.817452 0.0217944 0.0189293 0.812299 0.574619 -0.0999153 -0.0759813 -0.0941995 -0.0398061 -0.994757 0.99693
0 108 62 -0.917049 0.302947 -0.259315 0.29854 0.315281 0.948977 -0.00631701 0.0122977 0.24417 -0.0875499 -0.965772 0.954318
0 109 42 0.540399 0.332492 0.772928 -0.239196 -0.444215 0.892898 -0.0735227 -0.249198 -0.714592 -0.303614 0.63022 0.938448
0 110 56 0.62759 0.635256 0.450089 -0.300586 0.599668 -0.763124 0.240916 -0.241587 0.496517 0.118708 -0.859872 0.92265
0 111 35 0.856989 0.511426 -0.0633514 0.359879 -0.500347 0.855186 0.13531 -0.347625 0.123378 -0.0842618 0.988776 0.86582
0 112 24 -0.915971 0.379588 -0.130039 0.276643 -0.343946 -0.909692 -0.232727 0.194881 -0.206636 -0.168444 0.963809 -0.941005
0 113 43 -0.785965 0.432049 0.442259 -0.396548 0.539051 0.829179 0.147943 -0.10197 -0.302793 0.354678 -0.884602 0.912333
0 114 55 -0.195034 0.893435 0.404643 -0.228201 0.845508 0.362245 -0.392295 0.148507 -0.49707 0.265618 -0.826056 0.962221
0 115 50 0.0203905 -0.969068 0.245951 -0.207744 -0.999662 -0.0237351 -0.0106417 0.195547 0.0161502 -0.245651 -0.969224 0.958438
0 116 27 0.697828 0.662483 -0.27231 0.28431 -0.626432 0.748822 0.216447 -0.169412 0.347304 0.0195407 0.937549 -0.943646
0 117 21 0.706117 0.699545 -0.109704 -0.187838 -0.68356 0.71385 0.1522 0.00682005 0.184783 -0.0324818 0.982242 0.982176
0 118 63 -0.833558 0.408665 -0.371718 0.040548 0.23604 0.871831 0.42918 -0.206058 0.499466 0.270007 -0.823183 0.977699
0 119 24 -0.480666 -0.8348 -0.268458 0.0557812 0.869467 -0.493494 -0.0221796 0.254195 -0.113967 -0.244076 0.963036 -0.965543
0 120 71 -0.823947 0.135014 0.550347 -0.18017 0.320744 0.911768 0.25652 -0.218303 -0.467155 0.387879 -0.794554 0.959105
0 121 31 0.808678 0.296879 -0.507841 0.444697 -0.277118 0.953773 0.116288 0.00338799 0.518889 0.0466922 0.853566 -0.895674
0 122 34 -0.964615 -0.175031 0.197186 -0.15323 0.0522268 -0.859895 -0.507792 -0.279874 0.258439 -0.479525 0.838609 0.94773
0 123 69 0.914164 -0.368246 -0.169408 -0.27783 -0.322884 -0.914209 0.244885 -0.213858 -0.245052 -0.169166 -0.954637 0.936523
0 124 29 -0.995827 -0.0485677 0.0772666 -0.298036 0.0195958 -0.940679 -0.338731 -0.143541 0.0891345 -0.335803 0.937705 0.943701
0 125 47 0.791194 0.369658 -0.487202 0.196611 -0.379148 0.921561 0.0835024 0.225694 0.479853 0.118655 0.869288 -0.954152
0 126 107 0.86304 0.36555 0.348618 -0.651221 0.111075 0.535921 -0.836929 0.682905 -0.492771 0.761026 0.421919 0.330988
0 127 99 0.875947 0.277653 0.394494 -0.916835 -0.309725 0.950643 0.0186416 0.195255 -0.369847 -0.138514 0.91871 -0.348267
0 128 127 0.919219 0.369387 -0.136344 -0.354303 -0.393618 0.853212 -0.342191 0.753369 -0.0100709 0.368216 0.929686 -0.55399
0 129 92 0.886002 0.371677 -0.277231 -0.0344388 -0.401261 0.914205 -0.0567384 0.412175 0.232357 0.161512 0.959127 -0.910454
0 130 89 0.793145 0.383693 -0.47297 0.395912 -0.27369 0.91831 0.286008 -0.207572 0.544073 -0.097399 0.833366 -0.894521
0 131 123 0.949666 0.262302 -0.171268 -0.0784999 -0.280828 0.955105 -0.0943904 0.370826 0.13882 0.137736 0.980693 -0.925379
0 132 152 0.966664 0.230765 -0.110941 -0.0778593 -0.243208 0.96301 -0.116022 0.376523 0.080064 0.139136 0.987031 -0.92313
0 133 112 0.970098 0.224348 -0.0926188 -0.0272692 -0.229865 0.971734 -0.0538156 0.263968 0.0779273 0.0734962 0.994246 -0.964146
0 134 153 0.963411 0.219724 -0.153493 0.129322 -0.231441 0.97081 -0.0629521 0.313537 0.135181 0.0961734 0.986142 -0.940729
0 135 143 0.969541 0.213515 -0.120011 0.147589 -0.208429 0.976568 0.0535871 0.179816 0.12864 -0.0269411 0.991325 -0.972566
0 136 127 0.952109 0.231116 -0.200186 0.374363 -0.22703 0.972918 0.0434585 0.209543 0.204808 0.00407089 0.978794 -0.903296
0 137 103 0.974639 0.196006 -0.107987 0.356105 -0.190308 0.979836 0.0608612 0.133507 0.117738 -0.038767 0.992288 -0.92486
0 138 53 0.905379 0.225277 0.359915 -0.340587 -0.325142 0.912987 0.246451 -0.295831 -0.273078 -0.340155 0.899846 -0.89246
0 139 63 0.917136 -0.0396401 0.396598 -0.265884 -0.109967 0.931255 0.347378 -0.355299 -0.383104 -0.362206 0.849728 -0.896141
0 140 68 0.994608 0.0630117 0.0823624 0.408881 -0.0668832 0.99674 0.045121 0.201688 -0.0792508 -0.0503864 0.99558 -0.890022
0 141 100 0.949392 -0.207543 0.235757 0.140342 0.173346 0.972146 0.157743 0.138052 -0.261928 -0.108892 0.958924 -0.980431
0 142 87 0.939812 -0.297915 0.167331 0.146128 0.263601 0.943734 0.199704 0.05656 -0.217411 -0.143575 0.965463 -0.987648
0 143 67 0.952309 -0.247568 0.178377 -0.00634827 0.198156 0.946297 0.255454 -0.156202 -0.23204 -0.207925 0.950224 -0.987705
0 144 124 0.990206 -0.0748893 -0.117828 0.473367 0.101612 0.965349 0.240368 -0.22918 0.0957441 -0.249987 0.963504 -0.850529
0 145 247 0.986247 0.0517945 -0.156951 0.432991 -0.0399487 0.996175 0.0777129 0.0988121 0.160376 -0.0703742 0.984544 -0.895966
0 146 248 0.981252 0.0961318 -0.167043 0.500206 -0.0874525 0.994445 0.0585771 0.107497 0.171746 -0.0428706 0.984208 -0.859208
0 147 274 0.95325 0.18871 -0.236016 0.657254 -0.163819 0.979024 0.121139 0.00821055 0.253925 -0.0768118 0.964169 -0.753625
0 148 295 0.911506 0.220444 -0.347219 0.90506 -0.179666 0.972835 0.145986 -0.109765 0.369969 -0.0706833 0.926351 -0.410875
0 149 222 0.881346 0.286437 -0.375744 0.928 -0.233787 0.955479 0.180008 -0.247689 0.410577 -0.0708054 0.909073 -0.278327
0 150 90 0.945282 0.325221 -0.0259378 0.388222 -0.323555 0.944701 0.0534123 -0.1339 0.0418742 -0.0420974 0.998236 -0.911786
0 151 131 0.90562 0.306029 -0.293595 0.953231 -0.290406 0.95202 0.096554 -0.254095 0.309057 -0.00217936 0.951041 -0.163665
0 152 124 0.817532 0.368338 -0.442684 0.90532 -0.330876 0.929591 0.162423 -0.417493 0.471342 0.0136874 0.881845 0.0780728
0 153 60 0.866341 0.497477 0.044392 0.422857 -0.479624 0.853449 -0.203925 0.0541282 -0.139334 0.155377 0.97798 0.904579
0 154 56 0.8712 0.427454 0.241441 0.182986 -0.417835 0.903808 -0.0924405 -0.0798959 -0.25773 -0.0203483 0.966003 -0.979864
0 155 65 0.980001 0.198982 0.00211588 0.81015 -0.198011 0.976163 -0.0888662 -0.174681 -0.0197482 0.08667 0.996041 0.559592
0 156 87 0.783857 0.438556 -0.439586 0.920532 -0.392936 0.898496 0.195717 -0.377841 0.4808 0.0193149 0.876618 0.0992804
0 157 66 0.93932 0.309602 0.147731 -0.217046 -0.296101 0.949196 -0.106542 0.22609 -0.173211 0.0563335 0.983272 0.949618
0 158 54 0.998674 0.0296206 -0.0420994 0.386959 -0.0280659 0.998919 0.0370526 0.101045 0.0431514 -0.035822 0.998426 0.916544
0 159 78 0.89944 0.362899 0.243543 -0.507518 -0.372876 0.927865 -0.00550885 0.310504 -0.227974 -0.0858562 0.969875 -0.803749
0 160 39 0.990858 0.0961811 0.0946005 0.398196 -0.109069 0.983819 0.142142 -0.0308262 -0.0793984 -0.15116 0.985315 0.916782
0 161 44 0.975375 0.212018 0.0607541 0.345928 -0.218415 0.966801 0.132628 0.00779459 -0.0306176 -0.142632 0.989302 -0.938229
0 162 58 0.927077 0.360388 0.103191 0.366129 -0.371799 0.919124 0.130291 -0.249472 -0.0478898 -0.159156 0.986091 -0.896501
0 163 111 0.854822 0.387152 -0.345532 0.903545 -0.266074 0.89868 0.34868 -0.417348 0.445515 -0.206123 0.871223 -0.0970959
0 164 89 0.941397 0.33184 0.0604476 0.374408 -0.337202 0.930202 0.144976 -0.288595 -0.00811981 -0.156863 0.987587 -0.88121
0 165 100 0.925246 0.287355 -0.247684 0.874775 -0.227696 0.942851 0.243284 -0.31261 0.303437 -0.168701 0.937798 -0.370194
0 166 139 0.89657 0.255602 -0.361705 0.931666 -0.194146 0.960835 0.197746 -0.107234 0.398083 -0.107069 0.91108 -0.347131
0 167 157 0.928845 0.257235 -0.266603 0.833284 -0.211535 0.959048 0.18836 -0.0990443 0.304137 -0.118562 0.945221 -0.5439
0 168 180 0.942263 0.219569 -0.252844 0.770644 -0.172316 0.965321 0.196121 -0.0671173 0.287138 -0.141229 0.947421 -0.633722
0 169 216 0.970847 0.157756 -0.180467 0.705596 -0.132199 0.980432 0.145868 -0.0244334 0.199947 -0.117758 0.972705 -0.708193
0 170 237 0.985708 0.0868291 -0.14436 0.545705 -0.066528 0.987921 0.13995 0.107441 0.154768 -0.128345 0.979579 -0.831061
0 171 264 0.992518 0.0452016 -0.113422 0.365843 -0.0261726 0.986119 0.163966 0.0753796 0.119259 -0.159771 0.979924 -0.927619
0 172 274 0.981734 0.0977493 -0.163229 0.406447 -0.0693857 0.982786 0.171222 0.0798197 0.177156 -0.156769 0.971617 -0.910181
1 2 586 0.999826 0.00381074 -0.0182591 0.886827 -0.00373195 0.999984 0.00434756 -0.282162 0.0182754 -0.00427866 0.999824 0.365954
1 3 576 0.999726 -0.00687471 -0.0223646 0.958693 0.00689405 0.999976 0.000787823 -0.0984245 0.0223587 -0.00094179 0.99975 0.266873
1 4 560 0.996221 0.0252579 -0.0830953 0.9815 -0.0253675 0.999678 -0.000262401 -0.0690328 0.0830619 0.00236933 0.996542 0.178583
1 5 427 0.994636 0.0436629 -0.0937742 0.984478 -0.0447034 0.99896 -0.00902349 -0.0733143 0.0932827 0.0131671 0.995553 0.159463
1 6 306 0.991326 0.0504959 -0.121337 0.983143 -0.0491144 0.99869 0.0143509 -0.0613046 0.121902 -0.00826705 0.992508 0.172254
1 7 217 0.986255 0.044743 -0.159057 0.975043 -0.0499775 0.998327 -0.0290613 -0.0609698 0.15749 0.0366111 0.986842 0.21348
1 8 164 0.982909 0.0616215 -0.173474 0.998531 -0.0662067 0.99759 -0.0207645 -0.0541679 0.171776 0.0318947 0.98462 0.00102989
1 9 90 0.977891 0.0830789 0.191903 -0.317382 -0.0785591 0.996426 -0.0310558 -0.0663083 -0.193797 0.0152935 0.980922 0.945977
1 10 50 0.976095 0.106938 0.189214 -0.0439596 -0.114481 0.992991 0.0293641 -0.127498 -0.184748 -0.0503236 0.981497 0.990864
1 11 143 0.863166 0.220738 -0.454113 0.994969 -0.208394 0.974946 0.0777974 -0.00897235 0.459909 0.0274823 0.887541 -0.0997767
1 12 100 0.982699 0.176806 -0.0551551 0.751433 -0.175125 0.983959 0.034002 0.163305 0.0602821 -0.0237548 0.997899 -0.639281
1 13 35 0.959667 0.25445 0.119557 -0.0669355 -0.255175 0.966848 -0.00946421 -0.00753838 -0.118002 -0.0214255 0.992782 -0.997729
1 14 52 0.988276 0.145571 0.04605 -0.412955 -0.145948 0.98928 0.00492752 0.357696 -0.0448391 -0.0115907 0.998927 -0.837569
1 15 66 0.701725 0.342671 -0.624627 0.40862 0.0711613 -0.906061 -0.417121 0.174549 -0.708885 0.248255 -0.66019 0.895858
1 16 57 0.907471 -0.10284 0.407333 -0.0789068 0.191151 0.964474 -0.182351 0.0452634 -0.374109 0.24334 0.89489 0.995854
1 17 76 0.209601 0.872328 -0.441715 0.376142 0.820779 0.0885463 0.564341 -0.286598 0.531402 -0.480837 -0.697429 0.881124
1 18 36 -0.247785 0.887693 0.388078 0.415935 -0.948827 -0.141404 -0.282371 0.170114 -0.195783 -0.438186 0.877304 0.893342
1 19 28 0.928446 -0.339887 0.149882 -0.438239 0.290649 0.915954 0.27668 -0.148911 -0.231325 -0.213319 0.949202 -0.886438
1 20 44 -0.55588 -0.6802 -0.477835 0.332655 -0.737363 0.668875 -0.0943506 0.0917263 0.383789 0.29989 -0.873368 0.938577
1 21 21 0.547053 -0.70313 -0.454248 0.324426 0.729944 0.666319 -0.152319 0.027473 0.409774 -0.24825 0.877757 -0.945512
1 22 31 0.937338 -0.334796 -0.0964818 -0.408905 0.343182 0.934981 0.0896437 -0.0593397 0.0601963 -0.117137 0.99129 -0.910646
1 23 51 -0.822204 0.0439812 -0.567491 0.361643 0.199355 0.95611 -0.214734 0.0106059 0.53314 -0.289688 -0.794886 0.932256
1 24 27 -0.800171 -0.52158 0.29611 -0.296387 0.434791 -0.844518 -0.312643 0.233681 0.413139 -0.121421 0.902537 -0.926039
1 25 39 0.97896 -0.191909 0.0693437 -0.140789 -0.203908 -0.932865 0.296959 -0.319589 0.00769916 -0.304851 -0.952369 0.937039
1 26 22 0.346585 0.921674 0.174343 -0.204735 -0.91385 0.373691 -0.15885 0.226672 -0.211558 -0.104268 0.971788 -0.95221
1 27 59 -0.312222 -0.834109 -0.45473 0.378443 -0.852113 0.457511 -0.25414 0.232745 0.420025 0.308134 -0.8536 0.895885
1 28 32 0.935064 0.17877 -0.3061 0.321073 -0.132209 0.977091 0.166777 -0.187623 0.328902 -0.115478 0.937277 -0.928283
1 29 51 0.793977 0.260257 -0.549423 0.399829 0.0913266 -0.944539 -0.315444 0.127171 -0.601049 0.200278 -0.773711 0.907725
1 30 34 0.364265 -0.919014 0.150747 -0.393186 0.930073 0.3507 -0.109424 -0.0855497 0.0476957 0.180065 0.982498 -0.915471
1 31 33 -0.970573 -0.103075 0.217632 -0.343993 0.103479 -0.994586 -0.00957343 -0.0568592 0.21744 0.0132285 0.975984 -0.937249
1 32 31 -0.774525 -0.588375 -0.232217 0.542365 0.622545 -0.774071 -0.11512 -0.0112073 -0.112019 -0.233729 0.965827 -0.840068
1 33 22 0.926817 -0.150218 -0.344157 -0.0140679 0.185486 0.980024 0.071752 0.016163 0.326504 -0.130337 0.936166 -0.99977
1 34 18 -0.278698 -0.93187 -0.23226 -0.382086 0.952292 -0.23683 -0.192487 -0.120256 0.124367 -0.274825 0.953417 0.916269
1 35 69 -0.619315 -0.391166 0.680763 -0.453803 -0.128814 0.905929 0.40336 -0.147506 -0.774504 0.162115 -0.611443 0.878809
1 36 28 0.984092 -0.0457071 -0.171677 0.414496 0.0761071 0.981638 0.174912 0.191264 0.16053 -0.185196 0.969501 -0.889725
1 37 21 -0.378008 0.714317 0.588949 0.143428 -0.794819 -0.5766 0.189198 -0.0423208 0.474735 -0.39659 0.785712 0.988755
1 38 48 -0.839432 0.511562 0.183464 -0.0280771 0.380981 0.794659 -0.472621 0.271053 -0.387566 -0.326836 -0.861957 0.962155
1 39 53 -0.725787 0.657147 -0.203449 0.25987 0.634647 0.753744 0.170567 -0.253225 0.265437 -0.00532293 -0.964114 0.93185
1 40 37 0.364923 0.930859 -0.0182179 0.161599 -0.913268 0.361694 0.187401 -0.370781 0.181033 -0.051749 0.982115 -0.914553
1 41 70 0.51582 -0.453344 -0.726918 0.0997417 -0.449555 -0.865536 0.22079 -0.0944542 -0.729267 0.212902 -0.650263 0.99052
1 42 66 -0.854491 0.189127 -0.483814 -0.152538 -0.0639401 0.885993 0.45927 -0.0356373 0.515515 0.423377 -0.74498 0.987655
1 43 60 -0.48411 0.873644 -0.0488346 0.0449282 0.856382 0.461612 -0.231354 -0.0266962 -0.179578 -0.153822 -0.971643 0.998633
1 44 109 0.36024 0.3326 0.871553 -0.488651 -0.0788331 0.941793 -0.326821 0.249588 -0.929523 0.0490267 0.365491 0.836018
1 45 83 -0.795867 0.102155 -0.596791 0.27516 -0.105876 0.946997 0.303294 -0.0968711 0.596142 0.304567 -0.742868 0.956506
1 46 47 0.910378 -0.253463 -0.32706 0.0043496 -0.295704 -0.951421 -0.0857701 0.0849852 -0.289432 0.174796 -0.941103 0.996373
1 47 24 -0.629927 0.775359 0.044842 0.328884 -0.764643 -0.629266 0.139087 0.0865683 0.13606 0.0533264 0.989264 -0.940394
1 48 51 -0.896826 0.42043 0.13763 -0.102335 0.356629 0.871186 -0.337418 0.162399 -0.261762 -0.253522 -0.93124 0.981404
1 49 22 -0.768279 0.538349 -0.346307 -0.218824 -0.516656 -0.840912 -0.161037 0.00875246 -0.377908 0.0552002 0.924196 0.975725
1 50 43 -0.971748 -0.0582803 0.228711 -0.496804 0.0225214 -0.987508 -0.155949 -0.168484 0.234943 -0.146392 0.960922 -0.851351
1 51 69 -0.697174 0.381953 0.60668 -0.445295 0.345406 0.920515 -0.182609 0.155428 -0.628206 0.0822413 -0.773688 0.881791
1 52 54 -0.944967 -0.292808 -0.145948 0.196694 -0.287997 0.956133 -0.0535533 0.0636842 0.155226 -0.00857369 -0.987842 0.978395
1 53 61 -0.59786 -0.486071 0.637415 -0.364433 -0.564608 0.819806 0.0955855 -0.0323056 -0.569018 -0.302743 -0.764569 0.930669
1 54 54 -0.933388 -0.3553 -0.0504941 0.0415571 -0.357963 0.931764 0.0606561 -0.000381645 0.0254975 0.0746906 -0.996881 0.999136
1 55 48 -0.360582 0.858051 0.365689 -0.354893 0.851261 0.462986 -0.246977 0.309088 -0.381229 0.222242 -0.89737 0.882335
1 56 20 -0.480221 -0.780464 -0.40033 0.379303 0.772897 -0.592308 0.227598 -0.276979 -0.414751 -0.200117 0.887657 -0.882843
1 57 52 -0.994278 -0.100235 0.036926 -0.0556456 -0.0936758 0.984307 0.149548 -0.105352 -0.0513365 0.145234 -0.988065 0.992877
1 58 30 -0.491197 0.711196 -0.502917 0.0399361 -0.8573 -0.496902 0.134631 0.00710016 -0.154151 0.497281 0.853785 0.999177
1 59 74 0.481376 -0.324268 -0.814327 0.396199 -0.483443 -0.873183 0.0619251 -0.0470427 -0.731136 0.363871 -0.577094 0.916959
1 60 55 -0.786092 -0.219156 -0.577953 0.197567 -0.125517 0.97215 -0.197912 0.0324346 0.605231 -0.0830341 -0.791707 0.979753
1 61 54 0.750809 -0.503858 0.427099 0.0248205 -0.53805 -0.841601 -0.047002 0.0768552 0.38313 -0.194511 -0.902982 0.996733
1 62 34 -0.909337 -0.133333 0.394118 0.00329415 0.158585 -0.986825 0.0320482 0.0499794 0.384653 0.0916439 0.918501 0.998745
1 63 23 -0.986518 0.163581 0.00476096 0.153673 -0.163413 -0.986238 0.0251259 0.148908 0.00880555 0.0240091 0.999673 0.976837
1 64 33 0.690727 -0.72305 0.00974044 -0.332088 0.716869 0.686465 0.121919 -0.266571 -0.09484 -0.0772302 0.992492 -0.904797
1 65 42 0.867702 0.451757 0.207387 -0.226311 0.489743 -0.848373 -0.201034 0.081642 0.0851235 0.276004 -0.95738 0.970628
1 66 42 -0.962427 0.114635 -0.246155 0.289175 0.11766 0.993051 0.00243194 0.0386045 0.244724 -0.0266221 -0.969227 0.956498
1 67 82 0.714458 0.533946 -0.452163 0.164985 0.389212 -0.840323 -0.377322 -0.00142826 -0.581432 0.0935941 -0.808194 0.986295
1 68 45 0.453504 -0.863555 0.22047 -0.208332 -0.747012 -0.503217 -0.434449 0.317339 0.486115 0.0323304 -0.873296 0.925145
1 69 49 0.610468 0.742675 0.275251 -0.301598 0.75023 -0.430783 -0.501579 0.267762 -0.253936 0.512699 -0.820156 0.915064
1 70 31 0.260894 0.958843 0.112046 0.229893 -0.90782 0.204209 0.36628 -0.207523 0.328325 -0.197278 0.923734 0.950833
1 71 54 -0.524052 -0.827631 0.200987 0.0347211 -0.826964 0.550914 0.112353 -0.00669854 -0.203714 -0.107331 -0.973129 0.999375
1 72 37 -0.243538 -0.865177 -0.438357 0.285372 -0.929199 0.0785885 0.361127 -0.0581501 -0.277989 0.495269 -0.823062 0.956651
1 73 21 -0.182382 -0.959077 0.216581 0.164479 0.911875 -0.247374 -0.327553 -0.0368102 0.367725 0.137755 0.919675 0.985694
1 74 53 0.463884 -0.760085 -0.455063 0.241877 -0.877506 -0.464764 -0.118228 -0.120154 -0.121634 0.454165 -0.882576 0.962839
1 75 50 -0.282004 -0.955813 0.0830434 0.0442237 -0.846959 0.288677 0.446459 -0.270564 -0.450704 0.0555686 -0.890942 0.961686
1 76 22 -0.254915 0.905295 0.339793 -0.0555576 -0.956331 -0.288001 0.0498632 -0.192434 0.143002 -0.312244 0.939177 -0.979736
1 77 22 0.415263 0.902818 -0.111698 0.121915 -0.89173 0.428265 0.146309 -0.013577 0.179927 0.0388473 0.982913 0.992448
1 78 51 -0.751205 0.638119 0.168804 -0.0219722 0.542627 0.742623 -0.392514 0.250974 -0.375828 -0.203261 -0.904123 0.967744
1 79 66 0.671479 0.728799 -0.134046 0.00829724 0.552549 -0.612967 -0.564767 0.25803 -0.493767 0.305163 -0.814291 0.966101
1 80 18 0.142481 0.989792 0.00320803 -0.00793126 -0.885988 0.126092 0.446236 -0.343041 0.441276 -0.0664224 0.89491 -0.939287
1 81 17 0.690391 -0.712444 -0.125636 0.114987 0.667013 0.694111 -0.270748 -0.0121839 0.280098 0.103121 0.954417 -0.993292
1 82 27 0.438087 -0.895859 0.0742669 -0.471544 0.898864 0.435535 -0.0485116 -0.238882 0.0111137 0.0880081 0.996058 -0.848871
1 83 28 0.999979 0.00110425 0.0063325 -0.28174 -0.00105348 0.999967 -0.00801521 0.0229032 -0.00634115 0.00800837 0.999948 -0.959218
1 84 33 0.941975 0.230476 -0.244057 -0.225679 -0.246492 0.968445 -0.0368184 0.215992 0.22787 0.09484 0.969062 0.949956
1 85 57 -0.936921 -0.0483604 -0.346178 0.0228784 -0.109093 0.981368 0.158161 -0.0444583 0.33208 0.185949 -0.924741 0.998749
1 86 54 -0.720069 0.125814 0.682401 -0.432173 0.258859 0.961138 0.0959429 -0.0101306 -0.643811 0.245731 -0.724654 0.901734
1 87 18 -0.82488 -0.565219 0.0100289 0.0277096 0.540741 -0.794081 -0.277551 0.182588 0.164841 -0.223523 0.960659 -0.982799
1 88 48 0.177654 -0.932482 -0.314511 0.243154 -0.767306 -0.331365 0.549033 -0.381495 -0.616182 0.143788 -0.774367 0.891817
1 89 14 -0.227397 -0.970541 0.0796332 -0.0504846 0.944879 -0.239687 -0.223057 0.0820367 0.235573 0.024521 0.971547 -0.99535
1 90 27 0.849214 0.046365 -0.526009 0.405244 -0.0406468 0.998922 0.0224276 0.127402 0.526482 0.00233473 0.850183 -0.905288
1 91 46 0.933274 0.0678353 0.3527 -0.220387 0.0644836 -0.997692 0.0212586 -0.163925 0.353328 0.00290326 -0.935495 0.961539
1 92 44 0.784453 -0.583556 -0.209989 0.178955 -0.543249 -0.80989 0.221266 -0.266716 -0.29919 -0.0594966 -0.952337 0.947015
1 93 34 -0.857227 0.272019 0.437227 -0.186718 -0.383525 -0.903857 -0.189608 0.0627384 0.343614 -0.330225 0.879137 0.980408
1 94 22 -0.457755 0.630185 0.627158 0.256184 -0.844064 -0.529642 -0.0838743 -0.250647 0.279313 -0.567756 0.774363 0.933566
1 95 52 -0.225627 0.966112 0.125383 0.00622702 0.935592 0.250759 -0.248572 0.0316768 -0.271589 0.0612226 -0.960464 0.999479
1 96 49 0.667949 -0.593573 0.448904 -0.0383616 -0.469914 -0.804135 -0.364072 0.112481 0.577083 0.032235 -0.816049 0.992913
1 97 28 0.998538 -0.0392389 0.0371864 -0.242194 0.0431404 0.992918 -0.110695 0.187524 -0.0325795 0.112138 0.993158 -0.951933
1 98 72 -0.610209 0.653747 0.447505 -0.0700977 0.679466 0.722328 -0.128722 -0.0352536 -0.407397 0.225517 -0.884969 0.996917
1 99 23 -0.880237 -0.473366 -0.0332907 0.0772971 0.466567 -0.850523 -0.242747 0.0231971 0.0865937 -0.229207 0.969518 -0.996738
1 100 29 -0.924624 0.37882 0.0395598 -0.479983 -0.37752 -0.897746 -0.227005 -0.0303663 -0.0504794 -0.224829 0.97309 0.876752
1 101 21 0.544794 0.823536 0.158077 0.225665 -0.835394 0.549391 0.0169198 -0.299831 -0.0729119 -0.141274 0.987282 0.926918
1 102 69 -0.81564 -0.576731 0.0459652 -0.0191381 -0.56153 0.808263 0.177187 -0.063738 -0.139341 0.11871 -0.983103 0.997783
1 103 72 -0.551768 0.375607 0.744628 -0.46588 0.663353 0.738804 0.118874 -0.0991582 -0.505485 0.559542 -0.656809 0.879274
1 104 17 0.484675 0.874692 0.00217457 0.127771 -0.873853 0.484317 -0.0426423 -0.122027 -0.0383521 0.0187674 0.999088 0.984268
1 105 52 -0.94268 0.0420698 -0.331036 0.0697726 -0.0775029 0.937292 0.339818 -0.149596 0.324574 0.345996 -0.880306 0.986282
1 106 25 0.955194 0.205718 -0.2128 -0.0206103 -0.206549 0.97826 0.0185661 0.145478 0.211994 0.0262195 0.976919 -0.989147
1 107 45 0.716977 -0.48485 0.500863 -0.0354988 -0.614871 -0.778388 0.126674 -0.106201 0.328448 -0.398789 -0.856207 0.993711
1 108 68 -0.891715 0.33495 0.304391 -0.0557193 0.374419 0.923772 0.0803479 -0.0782538 -0.254275 0.185617 -0.949152 0.995375
1 109 74 -0.642979 0.362573 -0.674625 0.295957 0.162571 0.925384 0.342397 -0.223707 0.748431 0.11048 -0.653946 0.928636
1 110 55 0.625153 0.762386 -0.167184 -0.103798 0.78046 -0.612838 0.123744 -0.258721 -0.00811577 -0.207839 -0.978129 0.960359
1 111 18 -0.743935 -0.596553 -0.301138 -0.0608529 0.660975 -0.723207 -0.200209 0.145388 -0.0983499 -0.347988 0.932326 -0.987502
1 112 25 -0.826425 0.484839 0.286275 -0.125797 -0.523953 -0.848372 -0.0757457 -0.0526125 0.206143 -0.212593 0.955149 0.99066
1 113 52 -0.64184 -0.4713 0.604912 -0.404559 -0.462302 0.867184 0.185119 -0.104271 -0.611816 -0.160835 -0.774476 0.908548
1 114 33 0.954153 0.278756 -0.109027 -0.245137 -0.282375 0.959116 -0.0189796 0.0150811 0.0992785 0.0488958 0.993858 -0.969371
1 115 54 0.995699 -0.0657655 0.0652619 -0.498921 0.0594343 0.993738 0.0946188 -0.0935715 -0.0710759 -0.090333 0.993372 0.861581
1 116 35 0.794801 -0.4173 -0.440628 -0.0882203 0.508113 0.854596 0.107179 0.105548 0.331833 -0.309074 0.891269 0.990493
1 117 87 -0.344615 0.408207 -0.845345 0.350461 -0.114762 0.875432 0.46952 -0.290998 0.931703 0.258817 -0.25484 0.890223
1 118 33 -0.398104 0.915655 -0.055581 -0.178536 -0.911313 -0.401696 -0.0902734 0.245639 -0.104986 0.0147135 0.994365 0.952778
1 119 26 0.645806 0.463585 -0.606649 0.426043 -0.416483 0.879835 0.228981 0.082568 0.639903 0.104782 0.761278 -0.900927
1 120 34 0.865572 0.32653 -0.379687 -0.0992677 -0.366527 0.92971 -0.0360216 -0.33627 0.341237 0.170345 0.924413 0.936519
1 121 33 0.339616 0.938512 -0.0620992 -0.161009 -0.940342 0.33736 -0.0441071 -0.187693 -0.0204452 0.073374 0.997095 0.968941
1 122 85 0.587966 -0.790428 -0.171812 -0.15323 -0.680265 -0.598113 0.423675 -0.279874 -0.437648 -0.132229 -0.88937 0.94773
1 123 44 0.799965 0.229142 -0.554572 0.258673 -0.247853 0.96787 0.0423854 0.21692 0.546466 0.103546 0.831055 -0.941294
1 124 31 0.800764 -0.0559142 -0.596365 0.218222 0.0499995 0.998398 -0.0264718 0.260122 0.59689 -0.00862032 0.802277 -0.940593
1 125 47 0.780837 0.356195 -0.513244 0.266244 -0.365133 0.926814 0.0877116 0.231918 0.506924 0.118914 0.853749 -0.93559
1 126 45 0.773762 0.321896 -0.545595 0.295889 -0.295603 0.945225 0.13845 0.0655198 0.560277 0.0541524 0.826533 -0.952972
1 127 45 0.732964 0.487129 -0.474835 0.220202 -0.413217 0.873302 0.258063 -0.0769118 0.540384 0.0070592 0.841389 -0.972417
1 128 71 0.664286 0.530267 -0.526822 0.399916 -0.393779 0.847326 0.356338 -0.214673 0.635345 -0.0292585 0.771674 -0.891057
1 129 66 0.880893 0.388536 -0.270308 -0.0349833 -0.34689 0.918504 0.189782 0.0104144 0.322017 -0.0734105 0.943884 -0.999334
1 130 106 0.92743 0.168866 0.333702 -0.806916 -0.195225 0.979639 0.0468369 0.104812 -0.318999 -0.108585 0.941514 -0.581293
1 131 129 0.950097 0.268646 -0.15857 -0.0984204 -0.285158 0.954028 -0.0922775 0.364462 0.12649 0.13289 0.983026 -0.926003
1 132 139 0.965725 0.230944 -0.118489 -0.0666694 -0.242975 0.964899 -0.0996668 0.345548 0.0913122 0.125041 0.987941 -0.93603
1 133 118 0.969888 0.216561 -0.111437 -0.00047008 -0.22476 0.972104 -0.0670547 0.283255 0.0938073 0.0900822 0.991507 -0.959044
1 134 146 0.957726 0.220558 -0.1847 0.176128 -0.236395 0.96925 -0.0683573 0.314837 0.163943 0.10913 0.980415 -0.932661
1 135 150 0.975489 0.194082 -0.103694 0.109388 -0.189541 0.980491 0.0520828 0.175173 0.111779 -0.0311521 0.993245 -0.978442
1 136 141 0.962391 0.206065 -0.177031 0.324982 -0.200844 0.978489 0.0471221 0.196195 0.182933 -0.00979427 0.983077 -0.925146
1 137 106 0.978047 0.202179 -0.0504733 0.254528 -0.198487 0.977614 0.0698104 0.116627 0.0634576 -0.0582596 0.996283 -0.960007
1 138 77 0.985826 0.156952 -0.0592744 0.396706 -0.136371 0.955433 0.261824 -0.261529 0.0977265 -0.250029 0.963294 -0.879902
1 139 94 0.995533 0.0623149 0.0709335 0.331623 -0.063549 0.997862 0.0152734 0.220218 -0.0698301 -0.0197129 0.997364 -0.91735
1 140 79 0.997829 -0.058411 0.0304173 0.47849 0.0605919 0.995223 -0.0765477 0.453423 -0.0258008 0.0782246 0.996602 -0.751967
1 141 85 0.94416 -0.215968 0.248838 0.116217 0.194182 0.974857 0.109303 0.22351 -0.266188 -0.0548797 0.962358 -0.967748
1 142 92 0.946623 -0.281532 0.156985 0.186984 0.260767 0.955128 0.140465 0.161475 -0.189486 -0.0920306 0.977561 -0.969001
1 143 81 0.97266 -0.220558 0.0727065 0.212218 0.216872 0.974633 0.0552954 0.283818 -0.083058 -0.0380157 0.995819 -0.9351
1 144 148 0.98139 -0.107575 -0.159062 0.541942 0.144274 0.959721 0.241082 -0.209647 0.12672 -0.259544 0.957381 -0.813847
1 145 242 0.99008 0.0406578 -0.134497 0.368151 -0.0303976 0.99653 0.0774791 0.0894771 0.13718 -0.0726221 0.98788 -0.925451
1 146 245 0.982355 0.0847524 -0.16672 0.49293 -0.0769365 0.995637 0.0528048 0.113009 0.170468 -0.0390462 0.984589 -0.862699
1 147 282 0.957727 0.18063 -0.2239 0.613336 -0.156773 0.980287 0.120249 -0.00264131 0.241207 -0.0800646 0.967165 -0.789818
1 148 310 0.921117 0.21538 -0.324275 0.882725 -0.176675 0.973563 0.144778 -0.125479 0.346885 -0.076066 0.934818 -0.452826
1 149 237 0.895331 0.268351 -0.355486 0.93145 -0.226864 0.961592 0.15451 -0.194996 0.383296 -0.0576901 0.921822 -0.307208
1 150 133 0.90165 0.265204 -0.341605 0.991643 -0.285745 0.958251 -0.0102746 0.117602 0.324619 0.106876 0.939787 -0.0530538
1 151 121 0.952086 0.304721 0.0260267 0.436297 -0.305092 0.952251 0.0116576 -0.145978 -0.0212317 -0.0190396 0.999593 -0.887883
1 152 134 0.887425 0.296874 -0.352622 0.969497 -0.309573 0.950638 0.0212617 -0.222078 0.341528 0.0902941 0.935524 -0.103717
1 153 93 0.513506 0.857213 0.0386982 0.435311 -0.786532 0.488236 -0.378145 0.0602609 -0.343045 0.163742 0.924937 0.898261
1 154 48 0.967972 0.233466 0.0923248 0.339176 -0.213872 0.959416 -0.183792 -0.103035 -0.131487 0.15816 0.97862 0.935063
