0 1 330 0.999816 0.010167 -0.0162417 0.964546 -0.0100373 0.999917 0.00804698 -0.197146 0.0163222 -0.00788248 0.999836 0.175454
0 2 498 0.999666 0.0128409 -0.0224354 0.811637 -0.0125878 0.999856 0.0113891 -0.298863 0.0225784 -0.0111029 0.999683 0.501923
0 3 443 0.999722 -0.00116867 -0.0235587 0.954871 0.00121977 0.999997 0.00215493 -0.0494768 0.0235561 -0.00218306 0.99972 0.292872
0 4 359 0.995015 0.036852 -0.0926717 0.973369 -0.0366444 0.999321 0.00394087 -0.0640469 0.092754 -0.000525325 0.995689 0.220116
0 5 265 0.989344 0.0512779 -0.136267 0.983928 -0.0531754 0.998532 -0.0103191 -0.0325967 0.135538 0.0174551 0.990618 0.175564
0 6 159 0.986012 0.0634974 -0.154107 0.980216 -0.0618539 0.997966 0.0154409 -0.0451627 0.154774 -0.0056928 0.987933 0.192708
0 7 125 0.981887 0.0563989 -0.180876 0.979333 -0.0596434 0.998141 -0.0125449 -0.0938303 0.179833 0.0231058 0.983426 0.179174
0 8 94 0.978967 0.077371 -0.188776 0.996489 -0.0802332 0.996747 -0.00755577 -0.0788612 0.187578 0.022543 0.981991 0.028128
0 9 80 0.952985 0.117692 -0.279228 0.998962 -0.124793 0.992153 -0.00772914 -0.0301277 0.276127 0.0422116 0.960194 -0.034164
0 10 52 0.979891 0.15925 -0.120217 0.937645 -0.151934 0.986062 0.0678034 -0.0968419 0.12934 -0.0481748 0.990429 -0.333831
0 11 23 0.986405 0.148365 0.0706563 0.986641 -0.152626 0.986504 0.0592844 -0.0782136 -0.060907 -0.0692625 0.995737 0.142905
0 12 36 0.849252 0.265716 -0.456253 0.988932 -0.24911 0.963557 0.0974788 -0.03804 0.465527 0.0308729 0.884495 -0.143411
0 13 24 0.969419 0.242715 0.036293 0.394942 -0.243819 0.96936 0.0298918 0.100864 -0.0279258 -0.0378266 0.998894 -0.913152
0 14 19 -0.690288 -0.32972 -0.64404 0.495765 -0.626032 0.71845 0.303172 -0.0995623 0.362748 0.612466 -0.702353 0.862731
0 15 11 0.868505 -0.467948 0.163473 -0.436607 0.494443 0.841152 -0.219063 0.0578567 -0.0349954 0.271085 0.961919 -0.89779
0 16 20 -0.507125 -0.122646 -0.853101 0.428842 -0.452323 0.880427 0.142309 -0.104774 0.73364 0.458046 -0.501962 0.897283
0 17 14 0.862908 0.14131 -0.485201 0.301648 0.172911 -0.984719 0.0207245 -0.137716 -0.474859 -0.10178 -0.874157 0.943421
0 18 17 0.611142 0.452007 -0.649765 0.438853 0.527041 -0.844845 -0.092002 -0.0769907 -0.590537 -0.286226 -0.754547 0.895255
0 19 11 -0.901421 0.121945 0.415414 -0.0773764 -0.234934 -0.943732 -0.232759 -0.110494 0.363656 -0.307409 0.879349 0.99086
0 20 16 -0.753746 0.637304 0.160342 0.122748 0.655341 0.747104 0.111189 -0.111235 -0.0489307 0.188887 -0.980779 0.986184
0 21 0 1 0 0 0 0 1 0 0 0 0 1 0
0 22 14 -0.646323 -0.639671 -0.416038 -0.0242354 -0.75128 0.628888 0.200192 -0.153638 0.133584 0.44195 -0.887037 0.98783
0 23 0 1 0 0 0 0 1 0 0 0 0 1 0
0 24 0 1 0 0 0 0 1 0 0 0 0 1 0
0 25 0 1 0 0 0 0 1 0 0 0 0 1 0
0 26 0 1 0 0 0 0 1 0 0 0 0 1 0
0 27 10 -0.932189 0.320376 -0.168474 0.093178 -0.121445 -0.71527 -0.688215 -0.361423 -0.340992 -0.621086 0.705675 0.927734
0 28 12 -0.814738 0.575145 0.0735586 -0.13376 0.579321 0.802133 0.144811 -0.0839189 0.0242835 0.160597 -0.986721 0.987454
0 29 17 -0.253655 -0.936439 0.242366 -0.148654 -0.941923 0.182112 -0.282162 -0.0617171 0.22009 -0.299862 -0.928247 0.986962
0 30 0 1 0 0 0 0 1 0 0 0 0 1 0
0 31 10 0.948476 -0.313535 -0.0457114 -0.266491 0.29763 0.931103 -0.210866 -0.00472124 0.108676 0.186396 0.976446 0.963826
0 32 0 1 0 0 0 0 1 0 0 0 0 1 0
0 33 0 1 0 0 0 0 1 0 0 0 0 1 0
0 34 0 1 0 0 0 0 1 0 0 0 0 1 0
0 35 0 1 0 0 0 0 1 0 0 0 0 1 0
0 36 0 1 0 0 0 0 1 0 0 0 0 1 0
0 37 19 0.0225454 0.503084 0.863944 -0.439339 0.807653 -0.518483 0.280842 -0.213291 0.589227 0.691435 -0.418006 0.872633
0 38 0 1 0 0 0 0 1 0 0 0 0 1 0
0 39 0 1 0 0 0 0 1 0 0 0 0 1 0
0 40 0 1 0 0 0 0 1 0 0 0 0 1 0
0 41 0 1 0 0 0 0 1 0 0 0 0 1 0
0 42 0 1 0 0 0 0 1 0 0 0 0 1 0
0 43 0 1 0 0 0 0 1 0 0 0 0 1 0
0 44 14 0.961381 0.155692 -0.226951 -0.020114 0.199977 -0.96172 0.187362 -0.0988142 -0.189092 -0.225511 -0.955714 0.994903
0 45 12 -0.552693 0.782577 -0.286539 0.222457 0.823213 0.459106 -0.333979 -0.0450513 -0.129813 -0.42047 -0.897972 0.973901
0 46 22 -0.409917 0.515359 0.752577 -0.428215 0.895128 0.385823 0.223354 0.105117 -0.175254 0.76521 -0.619468 0.897543
0 47 0 1 0 0 0 0 1 0 0 0 0 1 0
0 48 0 1 0 0 0 0 1 0 0 0 0 1 0
0 49 0 1 0 0 0 0 1 0 0 0 0 1 0
0 50 0 1 0 0 0 0 1 0 0 0 0 1 0
0 51 0 1 0 0 0 0 1 0 0 0 0 1 0
0 52 0 1 0 0 0 0 1 0 0 0 0 1 0
0 53 20 -0.787216 -0.35263 0.505909 -0.298265 -0.0358002 0.845127 0.533366 -0.272215 -0.615637 0.401762 -0.677922 0.914843
0 54 19 -0.986724 -0.117993 -0.1116 -0.0465575 -0.0354845 0.827177 -0.56082 0.0614503 0.158485 -0.549415 -0.820382 0.997024
0 55 0 1 0 0 0 0 1 0 0 0 0 1 0
0 56 0 1 0 0 0 0 1 0 0 0 0 1 0
0 57 0 1 0 0 0 0 1 0 0 0 0 1 0
0 58 0 1 0 0 0 0 1 0 0 0 0 1 0
0 59 0 1 0 0 0 0 1 0 0 0 0 1 0
0 60 20 -0.636282 0.764983 -0.0997293 0.239312 0.738401 0.566472 -0.365886 0.126783 -0.223403 -0.306447 -0.925301 0.96263
0 61 15 0.140221 0.179996 -0.973622 -0.0373651 -0.936642 0.342914 -0.0714999 0.077589 0.320999 0.921961 0.216676 0.996285
0 62 13 0.395267 -0.37159 -0.840051 0.0408249 -0.66465 -0.746946 0.0176706 0.114002 -0.634039 0.551355 -0.54222 0.992641
0 63 0 1 0 0 0 0 1 0 0 0 0 1 0
0 64 0 1 0 0 0 0 1 0 0 0 0 1 0
0 65 0 1 0 0 0 0 1 0 0 0 0 1 0
0 66 0 1 0 0 0 0 1 0 0 0 0 1 0
0 67 0 1 0 0 0 0 1 0 0 0 0 1 0
0 68 0 1 0 0 0 0 1 0 0 0 0 1 0
0 69 0 1 0 0 0 0 1 0 0 0 0 1 0
0 70 0 1 0 0 0 0 1 0 0 0 0 1 0
0 71 0 1 0 0 0 0 1 0 0 0 0 1 0
0 72 0 1 0 0 0 0 1 0 0 0 0 1 0
0 73 0 1 0 0 0 0 1 0 0 0 0 1 0
0 74 20 0.36981 0.915023 -0.161163 0.229633 -0.486173 0.0427597 -0.872816 0.680379 -0.791755 0.401129 0.460672 0.695954
0 75 0 1 0 0 0 0 1 0 0 0 0 1 0
0 76 0 1 0 0 0 0 1 0 0 0 0 1 0
0 77 0 1 0 0 0 0 1 0 0 0 0 1 0
0 78 0 1 0 0 0 0 1 0 0 0 0 1 0
0 79 14 0.818214 0.563031 0.116288 0.104892 0.564579 -0.825077 0.0223351 -0.0540975 0.108522 0.0473787 -0.992964 0.993011
0 80 19 0.0208777 -0.292704 0.955975 -0.416893 0.381489 0.88617 0.262999 -0.225624 -0.924138 0.359203 0.130164 0.880508
0 81 0 1 0 0 0 0 1 0 0 0 0 1 0
0 82 0 1 0 0 0 0 1 0 0 0 0 1 0
0 83 0 1 0 0 0 0 1 0 0 0 0 1 0
0 84 0 1 0 0 0 0 1 0 0 0 0 1 0
0 85 13 0.297093 -0.927043 -0.228751 0.156894 0.924742 0.219664 0.310804 -0.340446 -0.237881 -0.303873 0.922537 -0.927082
0 86 0 1 0 0 0 0 1 0 0 0 0 1 0
0 87 0 1 0 0 0 0 1 0 0 0 0 1 0
0 88 10 -0.354307 0.823735 -0.442637 -0.112945 -0.89605 -0.434466 -0.0912875 0.0680034 -0.267507 0.364281 0.892042 0.991271
0 89 0 1 0 0 0 0 1 0 0 0 0 1 0
0 90 0 1 0 0 0 0 1 0 0 0 0 1 0
0 91 19 -0.0190046 0.832068 0.554348 -0.180031 0.988746 0.0979311 -0.113096 -0.199927 -0.148392 0.54596 -0.824565 0.963129
0 92 0 1 0 0 0 0 1 0 0 0 0 1 0
0 93 0 1 0 0 0 0 1 0 0 0 0 1 0
0 94 0 1 0 0 0 0 1 0 0 0 0 1 0
0 95 0 1 0 0 0 0 1 0 0 0 0 1 0
0 96 0 1 0 0 0 0 1 0 0 0 0 1 0
0 97 0 1 0 0 0 0 1 0 0 0 0 1 0
0 98 0 1 0 0 0 0 1 0 0 0 0 1 0
0 99 0 1 0 0 0 0 1 0 0 0 0 1 0
0 100 14 0.684469 0.573264 0.450412 -0.154092 0.71376 -0.652768 -0.253852 0.00655439 0.14849 0.49524 -0.855972 0.988035
0 101 0 1 0 0 0 0 1 0 0 0 0 1 0
0 102 12 -0.738141 -0.0231023 0.674251 -0.336407 0.271909 0.904458 0.328665 -0.170581 -0.617425 0.425936 -0.661336 0.926139
0 103 14 0.455021 -0.82883 0.32557 -0.307833 -0.855615 -0.305632 0.417746 -0.145919 -0.246736 -0.468646 -0.848229 0.940184
0 104 0 1 0 0 0 0 1 0 0 0 0 1 0
0 105 0 1 0 0 0 0 1 0 0 0 0 1 0
0 106 0 1 0 0 0 0 1 0 0 0 0 1 0
0 107 0 1 0 0 0 0 1 0 0 0 0 1 0
0 108 0 1 0 0 0 0 1 0 0 0 0 1 0
0 109 0 1 0 0 0 0 1 0 0 0 0 1 0
0 110 0 1 0 0 0 0 1 0 0 0 0 1 0
0 111 0 1 0 0 0 0 1 0 0 0 0 1 0
0 112 16 0.866518 0.499048 0.0098997 -0.16964 -0.494703 0.855995 0.150141 -0.0585114 0.0664535 -0.134997 0.988615 0.983768
0 113 0 1 0 0 0 0 1 0 0 0 0 1 0
0 114 13 -0.218283 -0.899038 -0.379584 0.21501 -0.939453 0.088299 0.331105 -0.393307 -0.264159 0.428876 -0.863878 0.893913
0 115 0 1 0 0 0 0 1 0 0 0 0 1 0
0 116 26 0.579758 -0.192891 0.791628 -0.449346 -0.811199 -0.0455407 0.582994 -0.371799 -0.0764028 -0.980163 -0.182875 0.812314
0 117 0 1 0 0 0 0 1 0 0 0 0 1 0
0 118 0 1 0 0 0 0 1 0 0 0 0 1 0
0 119 0 1 0 0 0 0 1 0 0 0 0 1 0
0 120 0 1 0 0 0 0 1 0 0 0 0 1 0
0 121 28 -0.748376 0.657637 -0.0862997 -0.366091 -0.524353 -0.66628 -0.530212 0.100754 -0.406187 -0.351547 0.843461 0.925109
0 122 16 0.709769 -0.649539 -0.272631 -0.384687 0.516636 0.743076 -0.425353 0.0267694 0.478869 0.161051 0.862987 0.922659
0 123 0 1 0 0 0 0 1 0 0 0 0 1 0
0 124 0 1 0 0 0 0 1 0 0 0 0 1 0
0 125 14 -0.763492 -0.645643 0.014972 -0.20053 -0.643556 0.758677 -0.10122 -0.0541201 0.0539928 -0.0869158 -0.994751 0.978191
0 126 10 -0.0628101 0.980387 -0.186807 -0.217062 -0.996363 -0.0723957 -0.0449344 -0.332728 -0.0575772 0.183306 0.981368 0.917701
0 127 0 1 0 0 0 0 1 0 0 0 0 1 0
0 128 15 0.607537 0.761827 0.224763 -0.261643 0.72942 -0.647122 0.221764 -0.10065 0.314395 0.029217 -0.948842 0.959902
0 129 0 1 0 0 0 0 1 0 0 0 0 1 0
0 130 25 0.91146 0.332203 0.242655 -0.0784582 0.288089 -0.936492 0.199969 -0.149738 0.293675 -0.112358 -0.949279 0.985608
0 131 15 0.858402 -0.511505 -0.0388369 -0.201064 0.474021 0.819876 -0.321104 0.0684887 0.196088 0.257227 0.946247 0.977181
0 132 33 0.953873 0.201809 -0.222259 0.113578 -0.241407 0.955725 -0.168265 0.45033 0.178461 0.214158 0.960358 -0.885609
0 133 33 0.980508 0.175771 0.0877925 -0.380918 -0.171672 0.983765 -0.052301 0.236076 -0.0955602 0.03621 0.994765 -0.893963
0 134 57 0.940597 0.21611 0.261866 -0.57333 -0.110737 0.924362 -0.365092 0.726883 -0.320959 0.314407 0.893383 -0.378065
0 135 44 0.99975 0.0154928 0.0161222 -0.174493 -0.0207245 0.912725 0.408049 -0.588122 -0.00839333 -0.408281 0.912818 -0.789725
0 136 34 0.227 0.692734 0.684537 -0.286649 0.417296 0.565907 -0.711064 0.462985 -0.879963 0.447066 -0.160614 0.838736
0 137 14 0.928508 0.110693 0.35443 -0.414927 -0.198965 0.954248 0.22321 -0.134044 -0.313506 -0.277772 0.908051 -0.899926
0 138 30 0.984071 0.17743 0.0111052 0.30227 -0.175501 0.959604 0.219906 -0.211422 0.0283615 -0.218352 0.975458 -0.92948
0 139 44 0.997165 0.0392689 0.0641856 0.340249 -0.0427241 0.99766 0.0533758 0.167305 -0.0619394 -0.0559667 0.99651 -0.925332
0 140 32 0.982494 -0.0420466 0.181487 0.235873 0.0228223 0.994025 0.106744 0.156762 -0.18489 -0.100733 0.977583 -0.959056
0 141 22 0.941746 -0.196238 0.273138 0.0798021 0.147625 0.970902 0.188561 0.0739795 -0.302193 -0.137255 0.943313 -0.994062
0 142 0 1 0 0 0 0 1 0 0 0 0 1 0
0 143 26 0.973335 -0.229291 -0.00666871 0.340236 0.229082 0.973128 -0.023321 0.427587 0.0118368 0.0211715 0.999706 -0.837502
0 144 55 0.991186 -0.123646 -0.0475676 0.303931 0.129353 0.980807 0.145896 0.00689542 0.0286151 -0.150763 0.988156 -0.952669
0 145 128 0.989351 0.0464984 -0.137919 0.380503 -0.0345341 0.99553 0.0879073 0.0679833 0.14139 -0.0822082 0.986535 -0.922277
0 146 127 0.983784 0.0957856 -0.151635 0.469113 -0.0885631 0.994622 0.0537036 0.125051 0.155964 -0.0394035 0.986977 -0.87424
0 147 93 0.976238 0.17802 -0.123561 0.304282 -0.162709 0.978773 0.124617 -0.0121316 0.143123 -0.101551 0.984481 -0.952505
0 148 74 0.947466 0.195386 -0.253243 0.770669 -0.171789 0.978702 0.112384 0.00427302 0.269808 -0.0629759 0.960853 -0.637221
0 149 45 0.892997 0.287678 -0.346118 0.921759 -0.24001 0.954961 0.174485 -0.25622 0.380725 -0.0727431 0.921823 -0.291054
0 150 33 0.863733 0.338096 -0.373706 0.919704 -0.288442 0.939744 0.18353 -0.333341 0.413238 -0.0507287 0.909209 -0.207435
0 151 19 0.966981 0.242634 0.0779472 0.188103 -0.241705 0.970116 -0.0212886 0.115942 -0.0807832 0.00174545 0.99673 -0.975282
0 152 32 0.941131 0.124495 0.314281 -0.956375 -0.102469 0.991035 -0.0857265 -0.0810711 -0.322136 0.048476 0.945451 0.280667
0 153 15 0.902909 0.426733 0.0515129 0.233882 -0.42397 0.903902 -0.0566554 0.0439744 -0.0707394 0.0293147 0.997064 -0.97127
0 154 15 0.992012 0.0540748 -0.113965 0.0953494 0.0562809 -0.998283 0.0162276 -0.0755741 -0.112891 -0.022512 -0.993352 0.992571
0 155 27 0.577099 -0.407468 -0.707762 0.364822 -0.668089 -0.733981 -0.122187 -0.0694787 -0.469696 0.543361 -0.695805 0.928481
0 156 10 0.706791 -0.704434 0.0649577 -0.133674 0.707027 0.700342 -0.0981507 -0.332334 0.0236481 0.115299 0.993049 0.933641
0 157 23 0.874814 -0.401003 0.271839 -0.229097 -0.27988 0.0396738 0.959215 -0.685719 -0.395433 -0.915217 -0.0775255 0.690872
0 158 12 -0.576573 -0.754584 0.313316 0.0428852 -0.585656 0.649081 0.485491 -0.193194 -0.569711 0.0964251 -0.816169 0.980223
0 159 25 0.345521 -0.465156 0.815012 -0.408627 -0.197272 0.813091 0.547693 -0.31856 -0.917441 -0.350019 0.189177 0.855303
0 160 0 1 0 0 0 0 1 0 0 0 0 1 0
0 161 0 1 0 0 0 0 1 0 0 0 0 1 0
0 162 10 0.919143 0.359761 0.160462 0.176771 -0.375961 0.922757 0.084689 -0.120585 -0.1176 -0.138169 0.983402 0.976837
0 163 35 0.568298 0.447042 -0.69079 0.899068 -0.170897 0.885357 0.432362 -0.339912 0.80488 -0.127656 0.579544 0.275931
0 164 14 0.973732 0.201642 0.105762 -0.937159 -0.210592 0.974165 0.081571 0.249491 -0.0865813 -0.101701 0.99104 -0.243898
0 165 26 0.977852 0.206185 0.0359748 0.338246 -0.209066 0.97034 0.121376 -0.0149884 -0.00988192 -0.126208 0.991955 -0.940938
0 166 49 0.861634 0.272601 -0.428107 0.971893 -0.201136 0.95785 0.205102 -0.109554 0.465973 -0.0906152 0.880146 -0.208378
0 167 36 0.934469 0.269869 -0.232247 0.775 -0.224491 0.952887 0.203984 -0.145599 0.276354 -0.138479 0.951027 -0.61496
0 168 39 0.983592 0.180181 -0.00903254 -0.0773639 -0.175607 0.967691 0.180931 -0.0263826 0.041341 -0.176376 0.983454 -0.996654
0 169 94 0.956324 0.170167 -0.237673 0.792443 -0.133244 0.97747 0.163705 -0.072483 0.260175 -0.124886 0.957451 -0.605624
0 170 128 0.986604 0.0766533 -0.144002 0.534415 -0.0575077 0.989486 0.132706 0.124544 0.152661 -0.122647 0.980639 -0.835996
0 171 150 0.992861 0.0521934 -0.107247 0.357293 -0.0309331 0.981085 0.191091 -0.00965038 0.115192 -0.186409 0.975696 -0.933942
0 172 132 0.984219 0.0896649 -0.152558 0.375061 -0.0623241 0.982524 0.175391 0.0583338 0.165618 -0.163115 0.972607 -0.925163
1 2 506 0.99947 0.00196405 -0.0324889 0.901683 -0.00187749 0.999995 0.00269453 -0.153072 0.032494 -0.0026321 0.999468 0.404396
1 3 461 0.999715 -0.00464387 -0.0234032 0.961254 0.00473325 0.999982 0.00376521 -0.141661 0.0233853 -0.00387491 0.999719 0.23648
1 4 390 0.996387 0.0235984 -0.0815893 0.960876 -0.0247455 0.999608 -0.0130773 0.0750071 0.0812487 0.0150491 0.99658 0.266631
1 5 266 0.990438 0.0460969 -0.130028 0.985731 -0.0482411 0.998746 -0.0133878 -0.0379889 0.129248 0.0195325 0.99142 0.163987
1 6 172 0.985024 0.0530653 -0.16405 0.98632 -0.0521165 0.99859 0.0100853 -0.0357681 0.164354 -0.00138455 0.9864 0.160916
1 7 124 0.986154 0.0477591 -0.158805 0.972071 -0.0504597 0.998641 -0.0130154 -0.116228 0.157967 0.0208484 0.987224 0.203883
1 8 95 0.972067 0.075077 -0.222371 0.996586 -0.0797416 0.996743 -0.0120595 -0.0694218 0.220741 0.0294549 0.974888 0.0446958
1 9 68 0.960174 0.112898 -0.255577 0.993373 -0.11613 0.993231 0.002463 -0.0524037 0.254125 0.0273151 0.966786 -0.102296
1 10 48 0.972032 0.150445 -0.180334 0.95205 -0.141976 0.988107 0.0590602 -0.0618041 0.187074 -0.0318053 0.981831 -0.299634
1 11 45 0.936942 0.188427 -0.294338 0.971869 -0.172304 0.981787 0.0800331 -0.031544 0.304057 -0.0242709 0.952344 -0.233399
1 12 35 0.851533 0.259133 -0.455787 0.986503 -0.241408 0.965473 0.0978959 -0.0423846 0.465418 0.026669 0.884689 -0.158165
1 13 37 0.838242 0.239816 -0.489733 0.982064 -0.259418 0.965339 0.0286855 0.0506628 0.479638 0.103 0.8714 -0.181612
1 14 20 0.819807 -0.160026 -0.549825 0.470352 0.0974612 0.985142 -0.141407 0.256628 0.564285 0.0623399 0.823223 -0.84434
1 15 17 0.922843 -0.376556 -0.08104 0.436607 0.38386 0.916486 0.112712 -0.0578567 0.0318297 -0.135124 0.990317 0.89779
1 16 21 -0.650746 0.0422134 -0.758121 0.431964 -0.258705 0.926385 0.273646 -0.137372 0.713864 0.374204 -0.59192 0.891368
1 17 0 1 0 0 0 0 1 0 0 0 0 1 0
1 18 0 1 0 0 0 0 1 0 0 0 0 1 0
1 19 21 0.587243 -0.575987 0.568669 -0.218779 -0.326806 -0.811485 -0.484448 0.265154 0.740502 0.0986441 -0.664775 0.939058
1 20 0 1 0 0 0 0 1 0 0 0 0 1 0
1 21 0 1 0 0 0 0 1 0 0 0 0 1 0
1 22 11 0.774978 -0.60733 0.17481 -0.119821 0.629412 0.766654 -0.126815 -0.12735 -0.0570004 0.208306 0.976401 0.984594
1 23 0 1 0 0 0 0 1 0 0 0 0 1 0
1 24 0 1 0 0 0 0 1 0 0 0 0 1 0
1 25 0 1 0 0 0 0 1 0 0 0 0 1 0
1 26 0 1 0 0 0 0 1 0 0 0 0 1 0
1 27 16 -0.611339 0.758027 -0.227285 0.0808262 0.560042 0.617328 0.552503 -0.370889 0.559121 0.210478 -0.801924 0.925153
1 28 0 1 0 0 0 0 1 0 0 0 0 1 0
1 29 12 -0.967856 -0.0941976 -0.233199 -0.148261 0.114502 -0.990581 -0.0750907 -0.0623131 -0.223929 -0.0993787 0.969526 0.986983
1 30 0 1 0 0 0 0 1 0 0 0 0 1 0
1 31 0 1 0 0 0 0 1 0 0 0 0 1 0
1 32 0 1 0 0 0 0 1 0 0 0 0 1 0
1 33 0 1 0 0 0 0 1 0 0 0 0 1 0
1 34 0 1 0 0 0 0 1 0 0 0 0 1 0
1 35 0 1 0 0 0 0 1 0 0 0 0 1 0
1 36 0 1 0 0 0 0 1 0 0 0 0 1 0
1 37 23 -0.179991 -0.731509 -0.657645 0.354165 -0.820476 0.480436 -0.309839 0.182433 0.542606 0.483814 -0.68666 0.917216
1 38 0 1 0 0 0 0 1 0 0 0 0 1 0
1 39 0 1 0 0 0 0 1 0 0 0 0 1 0
1 40 0 1 0 0 0 0 1 0 0 0 0 1 0
1 41 0 1 0 0 0 0 1 0 0 0 0 1 0
1 42 0 1 0 0 0 0 1 0 0 0 0 1 0
1 43 0 1 0 0 0 0 1 0 0 0 0 1 0
1 44 23 0.301374 -0.558996 -0.772462 0.225094 -0.272375 0.725902 -0.631568 0.210884 0.913776 0.400737 0.0665113 0.951242
1 45 0 1 0 0 0 0 1 0 0 0 0 1 0
1 46 11 0.278687 0.946682 0.16164 0.392218 -0.930744 0.307724 -0.197539 0.0536013 -0.236747 -0.0953941 0.966877 0.918309
1 47 0 1 0 0 0 0 1 0 0 0 0 1 0
1 48 0 1 0 0 0 0 1 0 0 0 0 1 0
1 49 0 1 0 0 0 0 1 0 0 0 0 1 0
1 50 0 1 0 0 0 0 1 0 0 0 0 1 0
1 51 0 1 0 0 0 0 1 0 0 0 0 1 0
1 52 18 -0.653954 0.262654 -0.709477 0.194833 0.0262554 -0.929354 -0.368255 0.140111 -0.756079 -0.25945 0.600859 0.970778
1 53 16 0.36089 0.82471 0.435445 -0.280197 0.426536 -0.561176 0.70933 -0.533252 0.829352 -0.0702574 -0.554291 0.798205
1 54 14 0.275658 0.940364 -0.199319 0.308653 -0.906762 0.323203 0.270781 -0.345536 0.319053 0.106092 0.94178 -0.886193
1 55 0 1 0 0 0 0 1 0 0 0 0 1 0
1 56 0 1 0 0 0 0 1 0 0 0 0 1 0
1 57 0 1 0 0 0 0 1 0 0 0 0 1 0
1 58 0 1 0 0 0 0 1 0 0 0 0 1 0
1 59 0 1 0 0 0 0 1 0 0 0 0 1 0
1 60 0 1 0 0 0 0 1 0 0 0 0 1 0
1 61 12 -0.817544 -0.126802 -0.561732 -0.0968314 0.373262 -0.859484 -0.349231 0.0308507 -0.438517 -0.495185 0.749997 0.994823
1 62 0 1 0 0 0 0 1 0 0 0 0 1 0
1 63 0 1 0 0 0 0 1 0 0 0 0 1 0
1 64 0 1 0 0 0 0 1 0 0 0 0 1 0
1 65 0 1 0 0 0 0 1 0 0 0 0 1 0
1 66 0 1 0 0 0 0 1 0 0 0 0 1 0
1 67 0 1 0 0 0 0 1 0 0 0 0 1 0
1 68 0 1 0 0 0 0 1 0 0 0 0 1 0
1 69 0 1 0 0 0 0 1 0 0 0 0 1 0
1 70 0 1 0 0 0 0 1 0 0 0 0 1 0
1 71 0 1 0 0 0 0 1 0 0 0 0 1 0
1 72 0 1 0 0 0 0 1 0 0 0 0 1 0
1 73 0 1 0 0 0 0 1 0 0 0 0 1 0
1 74 0 1 0 0 0 0 1 0 0 0 0 1 0
1 75 13 -0.195504 0.979118 0.0557318 -0.0994436 0.940902 0.203292 -0.27088 -0.216957 -0.276553 -0.000519842 -0.960999 0.971103
1 76 0 1 0 0 0 0 1 0 0 0 0 1 0
1 77 14 0.911232 0.102345 -0.398975 0.273337 0.166144 -0.977671 0.128669 -0.187574 -0.376898 -0.183535 -0.907889 0.943453
1 78 0 1 0 0 0 0 1 0 0 0 0 1 0
1 79 0 1 0 0 0 0 1 0 0 0 0 1 0
1 80 27 0.716525 0.592567 -0.368044 0.175518 0.687812 -0.688071 0.231242 -0.126061 -0.116214 -0.418836 -0.900595 0.976372
1 81 11 -0.939294 -0.18299 0.290243 -0.00860329 0.178127 -0.983053 -0.0433242 -0.127069 0.293252 0.0110061 0.955972 -0.991857
1 82 0 1 0 0 0 0 1 0 0 0 0 1 0
1 83 0 1 0 0 0 0 1 0 0 0 0 1 0
1 84 0 1 0 0 0 0 1 0 0 0 0 1 0
1 85 0 1 0 0 0 0 1 0 0 0 0 1 0
1 86 0 1 0 0 0 0 1 0 0 0 0 1 0
1 87 0 1 0 0 0 0 1 0 0 0 0 1 0
1 88 18 0.045987 -0.399742 -0.915473 0.321618 -0.249073 -0.892087 0.377019 -0.17857 -0.967392 0.210681 -0.140589 0.929879
1 89 0 1 0 0 0 0 1 0 0 0 0 1 0
1 90 0 1 0 0 0 0 1 0 0 0 0 1 0
1 91 17 -0.922337 -0.0161807 0.386047 -0.206605 0.105166 0.95089 0.291117 -0.21136 -0.371798 0.309107 -0.875339 0.955323
1 92 0 1 0 0 0 0 1 0 0 0 0 1 0
1 93 0 1 0 0 0 0 1 0 0 0 0 1 0
1 94 0 1 0 0 0 0 1 0 0 0 0 1 0
1 95 0 1 0 0 0 0 1 0 0 0 0 1 0
1 96 0 1 0 0 0 0 1 0 0 0 0 1 0
1 97 0 1 0 0 0 0 1 0 0 0 0 1 0
1 98 0 1 0 0 0 0 1 0 0 0 0 1 0
1 99 0 1 0 0 0 0 1 0 0 0 0 1 0
1 100 10 0.704127 0.699089 0.124419 -0.283063 -0.709421 0.700108 0.0810563 0.31199 -0.0304413 -0.14534 0.988913 -0.906939
1 101 13 0.5547 0.401855 0.728574 -0.2526 0.471062 -0.873464 0.123128 0.00140198 0.685863 0.274905 -0.673809 0.96757
1 102 0 1 0 0 0 0 1 0 0 0 0 1 0
1 103 0 1 0 0 0 0 1 0 0 0 0 1 0
1 104 0 1 0 0 0 0 1 0 0 0 0 1 0
1 105 18 0.775119 -0.252268 0.579268 -0.385344 -0.360558 -0.929497 0.0776712 -0.0694689 0.518834 -0.269064 -0.811429 0.920155
1 106 0 1 0 0 0 0 1 0 0 0 0 1 0
1 107 19 0.0119833 0.711903 -0.702175 0.527129 0.52141 0.594749 0.611887 -0.516587 0.853222 -0.373454 -0.364066 0.67474
1 108 0 1 0 0 0 0 1 0 0 0 0 1 0
1 109 0 1 0 0 0 0 1 0 0 0 0 1 0
1 110 0 1 0 0 0 0 1 0 0 0 0 1 0
1 111 0 1 0 0 0 0 1 0 0 0 0 1 0
1 112 12 0.474561 0.880023 -0.0187364 -0.257995 -0.836685 0.457597 0.300938 -0.140625 0.273406 -0.127137 0.95346 0.955857
1 113 0 1 0 0 0 0 1 0 0 0 0 1 0
1 114 19 -0.369052 0.135526 -0.919474 0.254635 -0.370502 0.88585 0.27928 -0.246369 0.852366 0.443736 -0.276712 0.935127
1 115 0 1 0 0 0 0 1 0 0 0 0 1 0
1 116 15 -0.581115 -0.51266 0.632048 -0.439865 -0.512203 0.833923 0.205476 -0.331952 -0.632419 -0.204331 -0.747192 0.834462
1 117 13 0.134785 -0.530231 0.837071 -0.283019 -0.959199 0.142074 0.244445 -0.134018 -0.248538 -0.835865 -0.489447 0.949705
1 118 0 1 0 0 0 0 1 0 0 0 0 1 0
1 119 12 -0.882248 0.32885 -0.336891 0.0278608 0.235394 0.927856 0.289263 -0.155969 0.407711 0.1759 -0.896008 0.987369
1 120 0 1 0 0 0 0 1 0 0 0 0 1 0
1 121 31 -0.828404 -0.0738953 0.555236 -0.359909 -0.52905 0.428834 -0.732262 0.0902406 -0.183993 -0.900356 -0.394342 0.928613
1 122 21 0.0941208 -0.831661 0.547249 -0.410101 -0.97041 0.0461369 0.237015 0.0756315 -0.222364 -0.553363 -0.80271 0.908899
1 123 0 1 0 0 0 0 1 0 0 0 0 1 0
1 124 0 1 0 0 0 0 1 0 0 0 0 1 0
1 125 18 -0.627331 0.475199 0.616961 -0.421433 0.632905 0.772717 0.0483766 -0.0610724 -0.453748 0.420826 -0.785505 0.904801
1 126 0 1 0 0 0 0 1 0 0 0 0 1 0
1 127 0 1 0 0 0 0 1 0 0 0 0 1 0
1 128 0 1 0 0 0 0 1 0 0 0 0 1 0
1 129 20 0.103396 0.761214 -0.640205 0.0923128 0.711673 0.393041 0.582271 -0.19302 0.69486 -0.515821 -0.501097 0.976843
1 130 15 0.728485 0.296895 -0.617384 0.610637 -0.265034 0.953176 0.145646 -0.00236066 0.631717 0.0575269 0.773062 -0.791907
1 131 14 0.22631 -0.898034 -0.377252 0.133612 -0.696784 -0.419889 0.581536 -0.211165 -0.680643 0.131256 -0.720761 0.968275
1 132 35 0.954127 0.211581 -0.211837 0.111356 -0.207372 0.977353 0.0421551 0.06916 0.215959 0.00370785 0.976395 -0.991371
1 133 32 0.979404 0.180644 0.0902006 -0.380141 -0.176352 0.98287 -0.0535417 0.236537 -0.0983275 0.0365319 0.994483 -0.894172
1 134 57 0.961414 0.208705 0.179235 -0.463108 -0.138534 0.930164 -0.340003 0.717879 -0.237679 0.302054 0.923186 -0.519789
1 135 43 0.992544 0.11083 -0.050732 -0.0206109 -0.101384 0.98171 0.161142 -0.0957831 0.0676635 -0.154797 0.985626 -0.995189
1 136 25 0.991171 0.0683344 0.113624 -0.328707 -0.0919075 0.971767 0.217304 -0.200436 -0.0955665 -0.225828 0.969468 -0.922918
1 137 25 0.967201 0.216977 0.132069 -0.108732 -0.234244 0.962985 0.133379 -0.0281908 -0.09824 -0.159941 0.982226 -0.993671
1 138 41 0.990954 0.119179 0.0616911 0.194218 -0.119534 0.992828 0.00209363 0.22494 -0.0609991 -0.00944891 0.998093 -0.95482
1 139 46 0.996749 -0.0137421 0.0793903 0.308028 0.00776583 0.997146 0.0751011 0.139658 -0.0801957 -0.0742404 0.994011 -0.941071
1 140 35 0.985817 -0.066096 0.15426 0.273699 0.0642645 0.997791 0.016835 0.321536 -0.155032 -0.00668279 0.987887 -0.906479
1 141 16 0.916484 -0.262304 0.302082 -0.01229 0.160358 0.932612 0.323297 -0.190956 -0.366527 -0.247855 0.896786 -0.981522
1 142 0 1 0 0 0 0 1 0 0 0 0 1 0
1 143 16 0.833788 -0.263473 0.48516 -0.592705 0.112899 0.941578 0.31731 -0.27363 -0.540418 -0.209795 0.814822 -0.757514
1 144 49 0.986871 -0.156653 -0.0393218 0.282537 0.160756 0.976233 0.145349 0.00315202 0.015618 -0.149762 0.988599 -0.959251
1 145 123 0.988645 0.0426215 -0.144096 0.390439 -0.0308647 0.996083 0.0828639 0.0690627 0.147063 -0.0774755 0.986088 -0.918035
1 146 124 0.978414 0.0853633 -0.188198 0.542208 -0.0800622 0.996154 0.035606 0.158735 0.190514 -0.0197699 0.981485 -0.825114
1 147 93 0.969163 0.173761 -0.17473 0.460129 -0.152094 0.979693 0.130648 -0.0432393 0.193883 -0.100044 0.97591 -0.886798
1 148 68 0.939625 0.215555 -0.265784 0.764753 -0.178081 0.97123 0.158116 -0.189984 0.29222 -0.101239 0.950978 -0.615678
1 149 39 0.92703 0.270994 -0.259186 0.774516 -0.238173 0.959379 0.151216 -0.231674 0.289636 -0.0784505 0.953917 -0.588602
1 150 21 0.970073 0.236983 0.0528835 -0.832828 -0.237956 0.971191 0.0128383 0.215029 -0.0483176 -0.0250381 0.998518 -0.510058
1 151 27 0.919585 0.384209 0.0821317 0.217582 -0.387559 0.921386 0.0290862 -0.180595 -0.0644998 -0.0585781 0.996197 -0.959189
1 152 30 0.908098 0.24732 -0.337923 0.997307 -0.284204 0.956653 -0.0635829 -0.0729594 0.30755 0.153779 0.939024 -0.0074418
1 153 10 0.755007 0.614106 0.229866 -0.177733 -0.615957 0.784433 -0.0725364 0.132194 -0.22486 -0.0868224 0.970515 -0.975159
1 154 0 1 0 0 0 0 1 0 0 0 0 1 0
1 155 15 -0.701923 0.609436 -0.368636 0.38886 0.524204 0.792419 0.311901 -0.243738 0.482197 0.0256896 -0.875686 0.88847
1 156 22 -0.00535742 0.919693 -0.392602 0.337844 0.997771 -0.0211984 -0.0632739 -0.125393 -0.0665151 -0.392066 -0.917529 0.932812
1 157 12 0.987246 0.118559 0.106253 -0.140264 -0.121966 0.99219 0.0261398 -0.176901 -0.102324 -0.0387657 0.993995 0.974183
1 158 22 0.852508 0.220999 0.473697 -0.188976 0.218164 -0.973956 0.061762 -0.160959 0.47501 0.0506911 -0.878519 0.9687
1 159 12 0.99668 0.0743273 -0.0332315 0.373534 -0.0712365 0.993735 0.0861133 -0.0428598 0.0394239 -0.0834601 0.995731 0.926626
1 160 24 0.0794258 -0.00704661 -0.996816 0.848856 -0.246985 0.968656 -0.0265272 0.143912 0.965759 0.248306 0.0751959 0.508658
1 161 0 1 0 0 0 0 1 0 0 0 0 1 0
1 162 15 0.960827 0.230188 0.154353 -0.344766 -0.247681 0.963076 0.105536 0.109454 -0.124361 -0.139633 0.982363 -0.932285
1 163 25 -0.58302 -0.0486708 0.810998 -0.240103 0.150473 0.974466 0.166655 -0.0652273 -0.798402 0.219196 -0.56081 0.968554
1 164 28 0.856116 0.202768 -0.475343 0.995712 -0.196949 0.97841 0.0626472 0.0433911 0.477783 0.0399853 0.877567 0.0816944
1 165 39 0.873577 0.221893 -0.43316 0.996402 -0.19897 0.975071 0.0982217 0.0216829 0.444156 0.000381602 0.895949 -0.0819314
1 166 39 0.900534 0.255328 -0.351917 0.919404 -0.192314 0.959837 0.204274 -0.12896 0.38994 -0.116277 0.91347 -0.371572
1 167 23 0.983819 0.179023 -0.00707911 0.00606708 -0.175577 0.971245 0.160799 -0.144728 0.0356621 -0.156954 0.986962 -0.989453
1 168 51 0.964816 0.202741 -0.167413 0.60772 -0.170183 0.966893 0.190146 -0.0669013 0.200421 -0.154965 0.967376 -0.791329
1 169 89 0.968787 0.159332 -0.18991 0.711971 -0.129302 0.978405 0.161261 -0.0769767 0.211503 -0.131672 0.968467 -0.697977
1 170 110 0.990331 0.0838225 -0.110537 0.451672 -0.0623923 0.980799 0.184771 -0.0451534 0.123903 -0.176087 0.976546 -0.891041
1 171 155 0.994243 0.0398828 -0.0994477 0.31738 -0.0216662 0.983803 0.177936 0.0223065 0.104934 -0.174757 0.979004 -0.948036
1 172 136 0.993139 0.0766556 -0.088306 0.168159 -0.0594082 0.981202 0.183612 0.0261442 0.100721 -0.177106 0.979024 -0.985413
2 3 489 0.999912 -0.00971555 -0.00908841 0.987907 0.00974231 0.999948 0.00290464 -0.0920831 0.00905972 -0.00299293 0.999954 0.124738
2 4 426 0.997561 0.0226884 -0.0660043 0.995548 -0.0230292 0.999725 -0.00440692 0.0435824 0.0658862 0.0059162 0.99781 0.083569
2 5 297 0.996555 0.0375004 -0.073971 0.997668 -0.0388507 0.999102 -0.0168997 0.0183178 0.0732709 0.0197153 0.997117 0.0657422
2 6 190 0.994358 0.0325998 -0.100945 0.974025 -0.0345034 0.999257 -0.0171688 0.129583 0.10031 0.0205549 0.994744 0.185696
2 7 141 0.972962 0.0547969 -0.224371 0.990069 -0.0586029 0.998228 -0.0103336 -0.0843919 0.223408 0.023203 0.974449 0.112434
2 8 106 0.987079 0.0639411 -0.146922 0.996874 -0.0667572 0.997667 -0.0143119 -0.0636874 0.145664 0.023935 0.989045 -0.046757
2 9 79 0.968079 0.103446 -0.2283 0.993459 -0.109198 0.993939 -0.0126747 -0.0152678 0.225606 0.0372001 0.973508 -0.113166
2 10 48 0.993655 0.0953382 0.0596683 0.605877 -0.0970256 0.994941 0.0260459 0.0885678 -0.0568833 -0.03167 0.997878 -0.790613
2 11 50 0.882116 0.196404 -0.428131 0.989657 -0.189301 0.980109 0.0595909 0.0229997 0.431319 0.0284793 0.90175 -0.141598
2 12 18 0.964659 0.253109 0.0732668 -0.204177 -0.258183 0.963497 0.0708165 0.196096 -0.052668 -0.0872301 0.994795 -0.959092
2 13 28 0.977139 0.159899 -0.140116 0.627485 -0.162792 0.986616 -0.00936235 0.223855 0.136743 0.031958 0.990091 -0.745756
2 14 17 0.968354 0.225392 -0.107183 0.430406 -0.219327 0.97345 0.0655077 0.0446986 0.119102 -0.0399266 0.992079 -0.901528
2 15 16 -0.180096 0.892297 -0.41397 0.436607 0.98037 0.197163 -0.00152835 -0.0578567 0.0802557 -0.406118 -0.910289 0.89779
2 16 27 -0.656393 0.0366305 -0.75353 0.431504 -0.264351 0.924327 0.275207 -0.137315 0.706588 0.37984 -0.597038 0.891599
2 17 19 0.910525 0.409789 -0.0549339 0.418201 -0.392744 0.898772 0.194838 -0.237593 0.129215 -0.15583 0.979296 0.876731
2 18 0 1 0 0 0 0 1 0 0 0 0 1 0
2 19 0 1 0 0 0 0 1 0 0 0 0 1 0
2 20 0 1 0 0 0 0 1 0 0 0 0 1 0
2 21 0 1 0 0 0 0 1 0 0 0 0 1 0
2 22 0 1 0 0 0 0 1 0 0 0 0 1 0
2 23 0 1 0 0 0 0 1 0 0 0 0 1 0
2 24 0 1 0 0 0 0 1 0 0 0 0 1 0
2 25 0 1 0 0 0 0 1 0 0 0 0 1 0
2 26 17 -0.91223 -0.275955 -0.302796 -0.206811 -0.336189 0.926627 0.168343 -0.104671 0.234124 0.255364 -0.93807 0.972766
2 27 0 1 0 0 0 0 1 0 0 0 0 1 0
2 28 0 1 0 0 0 0 1 0 0 0 0 1 0
2 29 0 1 0 0 0 0 1 0 0 0 0 1 0
2 30 15 -0.221631 -0.95774 0.183343 -0.0870478 -0.783271 0.286842 0.551551 -0.206162 -0.580832 -0.021366 -0.813743 0.974638
2 31 0 1 0 0 0 0 1 0 0 0 0 1 0
2 32 10 -0.239574 0.867417 -0.436109 -0.343213 -0.719338 -0.460265 -0.520298 -0.293298 -0.652041 0.18906 0.734234 0.89229
2 33 16 -0.718308 -0.452107 0.528804 -0.364827 -0.177499 0.854011 0.489038 -0.18559 -0.672702 0.257418 -0.693691 0.912391
2 34 13 0.764258 0.641435 0.0668606 -0.128257 0.631274 -0.722861 -0.281007 -0.0550588 -0.131916 0.256969 -0.957374 0.990211
2 35 0 1 0 0 0 0 1 0 0 0 0 1 0
2 36 0 1 0 0 0 0 1 0 0 0 0 1 0
2 37 0 1 0 0 0 0 1 0 0 0 0 1 0
2 38 0 1 0 0 0 0 1 0 0 0 0 1 0
2 39 0 1 0 0 0 0 1 0 0 0 0 1 0
2 40 0 1 0 0 0 0 1 0 0 0 0 1 0
2 41 0 1 0 0 0 0 1 0 0 0 0 1 0
2 42 0 1 0 0 0 0 1 0 0 0 0 1 0
2 43 0 1 0 0 0 0 1 0 0 0 0 1 0
2 44 0 1 0 0 0 0 1 0 0 0 0 1 0
2 45 0 1 0 0 0 0 1 0 0 0 0 1 0
2 46 0 1 0 0 0 0 1 0 0 0 0 1 0
2 47 0 1 0 0 0 0 1 0 0 0 0 1 0
2 48 0 1 0 0 0 0 1 0 0 0 0 1 0
2 49 0 1 0 0 0 0 1 0 0 0 0 1 0
2 50 0 1 0 0 0 0 1 0 0 0 0 1 0
2 51 0 1 0 0 0 0 1 0 0 0 0 1 0
2 52 0 1 0 0 0 0 1 0 0 0 0 1 0
2 53 0 1 0 0 0 0 1 0 0 0 0 1 0
2 54 0 1 0 0 0 0 1 0 0 0 0 1 0
2 55 0 1 0 0 0 0 1 0 0 0 0 1 0
2 56 0 1 0 0 0 0 1 0 0 0 0 1 0
2 57 0 1 0 0 0 0 1 0 0 0 0 1 0
2 58 0 1 0 0 0 0 1 0 0 0 0 1 0
2 59 0 1 0 0 0 0 1 0 0 0 0 1 0
2 60 12 -0.610216 0.714656 -0.34191 0.170968 -0.7479 -0.662006 -0.0489207 0.153378 -0.261308 0.225862 0.938459 0.973265
2 61 0 1 0 0 0 0 1 0 0 0 0 1 0
2 62 0 1 0 0 0 0 1 0 0 0 0 1 0
2 63 0 1 0 0 0 0 1 0 0 0 0 1 0
2 64 0 1 0 0 0 0 1 0 0 0 0 1 0
2 65 0 1 0 0 0 0 1 0 0 0 0 1 0
2 66 20 0.0668801 0.514874 0.854653 -0.480218 0.437019 0.75492 -0.488989 0.233005 -0.896962 0.406203 -0.174521 0.845636
2 67 0 1 0 0 0 0 1 0 0 0 0 1 0
2 68 0 1 0 0 0 0 1 0 0 0 0 1 0
2 69 0 1 0 0 0 0 1 0 0 0 0 1 0
2 70 0 1 0 0 0 0 1 0 0 0 0 1 0
2 71 12 0.645135 -0.525396 -0.554761 0.462647 -0.546333 -0.824782 0.145791 -0.107581 -0.534155 0.209029 -0.819137 0.879991
2 72 0 1 0 0 0 0 1 0 0 0 0 1 0
2 73 0 1 0 0 0 0 1 0 0 0 0 1 0
2 74 14 0.630139 -0.748686 0.205897 0.0480968 -0.704053 -0.439078 0.55814 -0.334702 -0.327467 -0.496668 -0.803795 0.941096
2 75 10 -0.842536 0.514325 0.160012 -0.100142 -0.530762 -0.843357 -0.0839085 -0.218024 0.091791 -0.155624 0.983542 0.970792
2 76 21 0.425194 0.445114 -0.788089 0.414738 0.675949 0.422888 0.603539 -0.157276 0.601916 -0.789329 -0.121065 0.896246
2 77 0 1 0 0 0 0 1 0 0 0 0 1 0
2 78 0 1 0 0 0 0 1 0 0 0 0 1 0
2 79 0 1 0 0 0 0 1 0 0 0 0 1 0
2 80 10 0.613556 0.5717 -0.54471 0.460767 -0.665156 0.745944 0.0336792 0.219735 0.425578 0.341653 0.837948 -0.85989
2 81 24 -0.746458 -0.255799 -0.614302 0.83623 0.0556318 -0.94392 0.325454 -0.299019 -0.663103 0.208763 0.718828 0.459683
2 82 0 1 0 0 0 0 1 0 0 0 0 1 0
2 83 11 -0.941313 0.282858 -0.184176 -0.428647 -0.26866 -0.958188 -0.0984797 -0.247647 -0.204331 -0.0432194 0.977947 0.868869
2 84 0 1 0 0 0 0 1 0 0 0 0 1 0
2 85 0 1 0 0 0 0 1 0 0 0 0 1 0
2 86 0 1 0 0 0 0 1 0 0 0 0 1 0
2 87 0 1 0 0 0 0 1 0 0 0 0 1 0
2 88 0 1 0 0 0 0 1 0 0 0 0 1 0
2 89 0 1 0 0 0 0 1 0 0 0 0 1 0
2 90 19 0.159319 0.96694 -0.199111 -0.0124127 0.980446 -0.178572 -0.0826937 -0.137829 -0.115515 -0.182042 -0.976482 0.990378
2 91 0 1 0 0 0 0 1 0 0 0 0 1 0
2 92 0 1 0 0 0 0 1 0 0 0 0 1 0
2 93 0 1 0 0 0 0 1 0 0 0 0 1 0
2 94 0 1 0 0 0 0 1 0 0 0 0 1 0
2 95 0 1 0 0 0 0 1 0 0 0 0 1 0
2 96 0 1 0 0 0 0 1 0 0 0 0 1 0
2 97 0 1 0 0 0 0 1 0 0 0 0 1 0
2 98 0 1 0 0 0 0 1 0 0 0 0 1 0
2 99 0 1 0 0 0 0 1 0 0 0 0 1 0
2 100 14 -0.625895 0.779072 -0.0360889 -0.0414291 0.756733 0.617843 0.213601 -0.147142 0.188708 0.106382 -0.976254 0.988247
2 101 0 1 0 0 0 0 1 0 0 0 0 1 0
2 102 12 -0.285242 -0.867822 0.406844 -0.322283 -0.77833 0.457442 0.430057 -0.13749 -0.55932 -0.193989 -0.805934 0.936606
2 103 12 0.916254 0.220832 0.334234 -0.307833 0.188338 -0.973842 0.127126 -0.145919 0.353564 -0.0535304 -0.933877 0.940184
2 104 0 1 0 0 0 0 1 0 0 0 0 1 0
2 105 21 0.165342 0.950077 -0.264604 -0.0777845 0.947041 -0.227836 -0.226285 0.00597442 -0.275274 -0.213177 -0.937433 0.996952
2 106 0 1 0 0 0 0 1 0 0 0 0 1 0
2 107 0 1 0 0 0 0 1 0 0 0 0 1 0
2 108 0 1 0 0 0 0 1 0 0 0 0 1 0
2 109 0 1 0 0 0 0 1 0 0 0 0 1 0
2 110 0 1 0 0 0 0 1 0 0 0 0 1 0
2 111 13 0.390673 -0.344348 0.853697 -0.146872 0.0645427 0.935362 0.347753 -0.0637722 -0.918264 -0.0807576 0.387646 0.987098
2 112 0 1 0 0 0 0 1 0 0 0 0 1 0
2 113 0 1 0 0 0 0 1 0 0 0 0 1 0
2 114 14 0.516607 0.727378 0.451707 -0.270731 -0.569439 0.685848 -0.453157 -0.0924748 -0.639419 -0.0231153 0.768511 0.958203
2 115 0 1 0 0 0 0 1 0 0 0 0 1 0
2 116 13 -0.171495 0.929703 0.325947 -0.273334 -0.984821 -0.170771 -0.0310657 -0.0944002 0.0267805 -0.326327 0.944877 0.957276
2 117 0 1 0 0 0 0 1 0 0 0 0 1 0
2 118 0 1 0 0 0 0 1 0 0 0 0 1 0
2 119 0 1 0 0 0 0 1 0 0 0 0 1 0
2 120 0 1 0 0 0 0 1 0 0 0 0 1 0
2 121 13 0.948307 0.0968498 -0.302215 -0.30852 -0.0921549 0.995299 0.0297911 -0.101595 0.303679 -0.000400541 0.952774 0.945777
2 122 0 1 0 0 0 0 1 0 0 0 0 1 0
2 123 0 1 0 0 0 0 1 0 0 0 0 1 0
2 124 0 1 0 0 0 0 1 0 0 0 0 1 0
2 125 0 1 0 0 0 0 1 0 0 0 0 1 0
2 126 0 1 0 0 0 0 1 0 0 0 0 1 0
2 127 0 1 0 0 0 0 1 0 0 0 0 1 0
2 128 14 0.481728 -0.0273561 0.875894 -0.317491 -0.390878 -0.901282 0.186828 -0.111912 0.784317 -0.432368 -0.444866 0.941634
2 129 0 1 0 0 0 0 1 0 0 0 0 1 0
2 130 0 1 0 0 0 0 1 0 0 0 0 1 0
2 131 10 0.779974 -0.59429 -0.196114 -0.159338 0.551566 0.800863 -0.233222 0.229071 0.295662 0.0737378 0.952442 -0.96028
2 132 25 0.971912 0.222265 -0.0773614 -0.1427 -0.229907 0.966944 -0.110285 0.362905 0.0502915 0.124973 0.990885 -0.920835
2 133 32 0.980826 0.17195 0.09173 -0.394616 -0.165235 0.983289 -0.0764215 0.274568 -0.103338 0.0597991 0.992847 -0.876864
2 134 34 0.957484 0.213941 0.193531 -0.506647 -0.166787 0.957888 -0.233737 0.572496 -0.235387 0.191521 0.952844 -0.644637
2 135 50 0.983409 0.179036 -0.0291868 -0.0514283 -0.175357 0.979448 0.0996589 0.0814866 0.0464295 -0.0928874 0.994593 -0.995347
2 136 36 0.967679 0.134956 0.213037 -0.511388 -0.161523 0.980424 0.112601 0.0566345 -0.193671 -0.143372 0.970534 -0.857482
2 137 32 0.959816 0.202042 -0.194762 0.482941 -0.197109 0.979367 0.0445911 0.154783 0.199753 -0.00440997 0.979836 -0.861864
2 138 36 0.98711 0.158482 0.0222817 0.252796 -0.15945 0.961932 0.221953 -0.212577 0.013742 -0.222645 0.974803 -0.943878
2 139 37 0.931595 -0.0380134 0.361505 -0.258781 -0.0617789 0.963491 0.260517 -0.233755 -0.35821 -0.26503 0.895234 -0.937225
2 140 34 0.976152 -0.0644024 0.207314 0.161201 0.0477397 0.995288 0.0844018 0.202409 -0.211773 -0.0724919 0.974627 -0.965942
2 141 20 0.930201 -0.236034 0.281093 0.0241879 0.187988 0.964113 0.187474 0.0807033 -0.315256 -0.121546 0.941191 -0.996445
2 142 12 -0.818703 0.424188 0.387028 -0.411055 -0.128897 -0.792569 0.596003 -0.555217 0.559563 0.438062 0.703555 -0.723027
2 143 25 0.805165 -0.194588 0.560218 -0.711856 0.0718274 0.969681 0.233579 -0.136229 -0.588685 -0.147831 0.79473 -0.688986
2 144 61 0.976101 -0.138423 -0.167528 0.498764 0.145445 0.988901 0.0303378 0.249188 0.161469 -0.0539788 0.9854 -0.830145
2 145 149 0.991293 0.0468225 -0.123069 0.318455 -0.0369397 0.995997 0.0813933 0.0875736 0.126387 -0.0761385 0.989055 -0.943884
2 146 135 0.986005 0.0860407 -0.142794 0.397989 -0.0807094 0.995821 0.0427277 0.156162 0.145874 -0.0306049 0.98883 -0.904001
2 147 104 0.963342 0.156316 -0.218032 0.551011 -0.143951 0.986992 0.0715904 0.180679 0.226387 -0.0375801 0.973312 -0.814703
2 148 73 0.940634 0.188353 -0.282368 0.798642 -0.169855 0.981455 0.0888525 0.0983932 0.293867 -0.0356162 0.955183 -0.593708
2 149 39 0.952454 0.227069 -0.203152 0.576973 -0.209418 0.972192 0.104814 -0.018672 0.221303 -0.0572866 0.973521 -0.81655
2 150 16 0.7604 -0.609956 0.223036 0.237049 0.60827 0.789214 0.0845486 -0.254291 -0.227594 0.0713752 0.971137 0.937627
2 151 42 0.918909 0.286775 -0.27086 0.945592 -0.27772 0.957956 0.0720604 -0.201079 0.280137 0.00900634 0.959918 -0.255781
2 152 41 0.830953 0.341491 -0.439205 0.937653 -0.324843 0.938715 0.115284 -0.347545 0.451657 0.0468776 0.890959 0.00439973
2 153 23 0.170885 -0.795924 -0.580779 0.236431 -0.669401 -0.526307 0.524313 -0.279719 -0.72298 0.299177 -0.62273 0.930515
2 154 0 1 0 0 0 0 1 0 0 0 0 1 0
2 155 0 1 0 0 0 0 1 0 0 0 0 1 0
2 156 0 1 0 0 0 0 1 0 0 0 0 1 0
2 157 25 0.08368 0.211346 -0.973823 0.869536 -0.303776 0.936145 0.177066 -0.0994728 0.949062 0.281007 0.142538 0.483748
2 158 16 -0.53694 -0.0171416 -0.843446 0.91071 0.124983 -0.990377 -0.0594369 -0.198576 -0.834311 -0.137331 0.533916 -0.36218
2 159 24 0.989439 -0.0620145 -0.131013 0.373534 0.0696794 0.996066 0.05475 -0.0428598 0.127103 -0.0633007 0.989868 0.926626
2 160 10 0.988915 0.123719 0.0820983 -0.142905 -0.135046 0.979269 0.150977 -0.140769 -0.0617176 -0.160391 0.985122 0.979675
2 161 0 1 0 0 0 0 1 0 0 0 0 1 0
2 162 16 0.0335113 0.979307 -0.199586 0.12677 0.993232 -0.0548534 -0.102381 -0.111501 -0.111211 -0.194804 -0.974517 0.985645
2 163 17 0.985573 0.152588 0.0732316 0.154566 -0.158239 0.98425 0.0788165 0.0739633 -0.0600518 -0.0892675 0.994196 0.98521
2 164 29 0.94158 0.210138 -0.26319 0.927532 -0.188553 0.976429 0.105047 -0.0129019 0.27906 -0.0492847 0.959008 -0.373522
2 165 29 0.462789 0.300531 -0.833971 0.972851 -0.180766 0.953005 0.243114 -0.123928 0.867842 0.0382432 0.495367 0.195454
2 166 38 0.934343 0.240581 -0.262915 0.811153 -0.194358 0.962371 0.189912 -0.103984 0.298711 -0.126343 0.945944 -0.575516
2 167 32 0.956647 0.253962 -0.142581 0.555281 -0.227068 0.956923 0.180936 -0.100908 0.18239 -0.140716 0.973105 -0.825518
2 168 41 0.878704 0.204089 -0.43154 0.940231 -0.181517 0.978945 0.0933682 0.168168 0.44151 -0.0037111 0.897249 -0.296116
2 169 91 0.979003 0.152702 -0.135039 0.577698 -0.130823 0.978691 0.158268 -0.0627261 0.156329 -0.137278 0.978118 -0.813837
2 170 117 0.994466 0.0707267 -0.0776864 0.334988 -0.0581517 0.986414 0.153643 0.0622521 0.0874976 -0.148275 0.985068 -0.940164
2 171 148 0.994934 0.0323955 -0.0951656 0.27704 -0.016531 0.98649 0.162985 0.068382 0.0991599 -0.160586 0.982028 -0.958422
2 172 151 0.990999 0.0753509 -0.110649 0.207545 -0.0553587 0.98323 0.173764 0.06071 0.121886 -0.166075 0.978551 -0.97634
3 4 26 0.998735 0.0298537 -0.0404636 0.928421 -0.0298558 0.999554 0.000550776 -0.0958923 0.040462 0.000657997 0.999181 -0.358941
3 5 335 0.996447 0.0491164 -0.0684156 0.992983 -0.0499874 0.998688 -0.0110765 -0.0251918 0.0677818 0.0144571 0.997595 0.115546
3 6 209 0.992797 0.0540177 -0.106941 0.985793 -0.054362 0.998521 -0.000305589 0.0479549 0.106767 0.00611694 0.994265 0.160975
3 7 156 0.988359 0.0564916 -0.141265 0.985091 -0.0600163 0.99798 -0.020813 -0.0784184 0.139804 0.0290489 0.989753 0.15312
3 8 102 0.9879 0.0747194 -0.135906 0.99438 -0.0766264 0.997021 -0.00884762 -0.0828245 0.13484 0.0191545 0.990682 -0.0659488
