0 1 18 0.99988 0.0152698 0.00267101 0.0653986 -0.0152814 0.999874 0.00436513 -0.11738 -0.00260401 -0.00440542 0.999987 0.990931
0 2 597 0.999565 0.0116826 -0.0270692 0.899456 -0.011512 0.999913 0.0064491 -0.202136 0.0271422 -0.00613467 0.999613 0.387452
0 3 580 0.999399 0.00350385 -0.0344883 0.98855 -0.00322409 0.999961 0.00816415 -0.126404 0.0345156 -0.00804805 0.999372 0.0824049
0 4 262 0.999266 0.0348844 -0.0158261 0.63031 -0.035051 0.999332 -0.0103726 0.0944537 0.0154537 0.0109197 0.999821 -0.770576
0 5 429 0.992303 0.0563969 -0.110246 0.963015 -0.0589657 0.998056 -0.0201775 0.084324 0.108894 0.0265229 0.993699 -0.255914
0 6 283 0.987989 0.066378 -0.139543 0.961352 -0.0602881 0.997054 0.0474298 -0.0589664 0.14228 -0.0384473 0.989079 0.268933
0 7 198 0.995411 0.0560386 -0.0775609 0.93321 -0.0582295 0.997957 -0.0262784 -0.0636241 0.0759299 0.0306742 0.996641 -0.353655
0 8 169 0.956254 0.110186 -0.270992 0.97109 -0.108575 0.993867 0.0209794 -0.165089 0.271642 0.00936123 0.962353 0.172423
0 9 163 0.967013 0.118331 -0.225575 0.98816 -0.140017 0.986694 -0.0826406 0.0229806 0.212794 0.111499 0.970714 -0.151699
0 10 60 0.896857 0.429501 -0.105721 0.396157 -0.435922 0.898772 -0.0466875 0.0323431 0.0749666 0.0879581 0.993299 -0.917613
0 11 125 0.951624 0.256493 -0.169183 0.625294 -0.234407 0.962009 0.139973 -0.120286 0.198658 -0.0935437 0.975595 0.771063
0 12 107 0.89301 0.25884 -0.36815 0.714485 -0.243718 0.965855 0.0878971 -0.155062 0.378331 0.0112316 0.925602 0.682252
0 13 89 0.908483 0.294507 -0.296519 0.850762 -0.27542 0.955548 0.105225 -0.0485768 0.314328 -0.0139279 0.949212 -0.523301
0 14 65 0.940548 0.32804 -0.0880931 0.56703 -0.324724 0.944483 0.0500523 0.0244173 0.0996216 -0.0184706 0.994854 -0.823335
0 15 71 0.339184 0.868672 -0.361058 0.438587 -0.811655 0.464267 0.354502 -0.0654864 0.475573 0.172813 0.862534 0.8963
0 16 97 0.0633113 -0.0285315 0.997586 -0.901578 0.585952 0.810224 -0.0140143 -0.137606 -0.807869 0.585425 0.0680144 0.410148
0 17 34 -0.716283 0.183382 0.673282 0.143743 -0.479846 -0.829966 -0.284435 -0.0735703 0.506642 -0.526808 0.682486 0.986877
0 18 23 0.812277 0.361696 0.457584 0.169404 -0.417354 0.908458 0.0227753 0.096237 -0.407458 -0.209474 0.888875 0.980837
0 19 72 -0.778695 -0.296298 0.55303 -0.198417 -0.20117 0.952833 0.227243 0.0800309 -0.594277 0.0656998 -0.801572 0.976845
0 20 18 -0.864832 0.47361 0.166613 -0.574488 -0.0835624 -0.463013 0.882404 0.155845 0.495059 0.749208 0.440004 0.80354
0 21 87 0.259933 -0.156034 -0.952937 0.802315 -0.804448 0.510886 -0.303082 0.00456671 0.534133 0.845369 0.00727456 0.596883
0 22 61 -0.10763 0.738677 0.665411 -0.192194 0.522328 -0.527471 0.670036 -0.0340949 0.845925 0.419679 -0.32906 0.980765
0 23 51 0.647798 0.652844 -0.392622 0.397274 -0.382041 0.724284 0.573984 -0.169714 0.659092 -0.221828 0.718603 0.901871
0 24 45 0.708732 0.342093 -0.616986 0.427549 0.515348 -0.848306 0.12163 -0.30585 -0.481784 -0.404165 -0.777518 0.850681
0 25 21 0.60152 0.789491 0.121975 -0.188787 -0.692756 0.591548 -0.412504 -0.0435845 -0.397823 0.16363 0.902753 0.98105
0 26 28 0.544367 0.705978 -0.453056 0.354085 -0.802216 0.595996 -0.0351833 0.360249 0.245181 0.382602 0.890787 -0.863044
0 27 59 -0.239493 -0.937526 0.252367 -0.00953424 -0.350903 -0.158778 -0.922853 0.212095 0.905268 -0.309573 -0.290954 0.977203
0 28 68 0.825429 0.301832 -0.477037 0.100656 0.420393 -0.892651 0.162616 -0.0473912 -0.376745 -0.334772 -0.863708 0.993792
0 29 45 0.805368 -0.58776 -0.0769377 -0.0663483 -0.497997 -0.741278 0.450007 -0.424913 -0.321528 -0.324107 -0.889705 0.902799
0 30 53 -0.28025 -0.958682 0.048875 -0.109533 -0.949328 0.269251 -0.162112 -0.111722 0.142254 -0.0918303 -0.985561 0.987685
0 31 28 -0.600376 0.708707 -0.370518 0.444265 -0.797564 -0.564599 0.212413 -0.125391 -0.0586557 0.423039 0.904211 -0.887077
0 32 59 -0.367328 -0.632239 -0.682161 0.393481 0.56452 0.431336 -0.703752 -0.158334 0.73918 -0.643601 0.198469 0.905595
0 33 42 -0.07155 -0.980473 0.183175 -0.223217 -0.93089 -0.000314485 -0.365298 0.138434 0.358223 -0.196653 -0.912691 0.964889
0 34 20 0.973518 0.197885 -0.114475 0.343862 -0.204145 0.977874 -0.0456987 0.0483584 0.102899 0.0678579 0.992374 -0.937774
0 35 78 0.12152 0.960553 -0.250141 0.0488824 0.902617 -0.00209738 0.43044 -0.0226439 0.412936 -0.278089 -0.867266 0.998548
0 36 42 -0.756322 -0.51295 -0.406028 0.398552 -0.571071 0.820449 0.0272492 0.100075 0.319148 0.25248 -0.913454 0.91167
0 37 47 -0.594641 -0.531273 0.60345 -0.193543 -0.162101 0.814377 0.557237 -0.0556134 -0.787481 0.233536 -0.570381 0.979514
0 38 16 0.604587 -0.752342 -0.26164 -0.159391 0.796234 0.561729 0.224662 0.00197466 -0.0220521 -0.344154 0.938654 0.987214
0 39 22 0.242744 0.957242 -0.157364 0.348366 -0.960312 0.21414 -0.178733 0.207134 -0.137392 0.194505 0.971232 -0.914186
0 40 43 -0.684496 0.506578 0.524256 -0.400633 0.607669 0.793751 0.0264202 -0.0409778 -0.402744 0.336658 -0.851151 0.915322
0 41 27 0.181127 -0.829749 0.52793 0.193266 0.953227 0.0160418 -0.301829 0.244704 0.241974 0.557906 0.793845 0.950141
0 42 54 -0.47253 0.0533083 0.879701 -0.175448 0.613476 0.736534 0.284895 -0.0111579 -0.632742 0.674297 -0.380738 0.984425
0 43 36 0.97435 -0.10669 -0.198138 -0.0936032 0.199214 0.818452 0.538934 -0.0506599 0.104668 -0.564582 0.818713 0.99432
0 44 68 -0.454758 -0.839394 -0.29768 -0.0183343 -0.878705 0.477352 -0.0036536 -0.0877749 0.145165 0.259911 -0.954659 0.995972
0 45 19 -0.623016 0.71592 0.315133 0.123809 -0.560901 -0.689692 0.457946 -0.311154 0.545197 0.108549 0.83125 -0.94226
0 46 17 0.349984 -0.644596 -0.679711 -0.299023 0.827508 0.552806 -0.0981624 0.177066 0.439024 -0.528111 0.726882 0.937674
0 47 77 0.508559 0.0908194 -0.856224 0.617599 0.122954 -0.991891 -0.0321804 0.034868 -0.852203 -0.0889105 -0.515601 0.78572
0 48 19 -0.66019 0.700042 0.272195 -0.112243 -0.640246 -0.713986 0.283387 0.138056 0.392726 0.0128168 0.919566 0.984044
0 49 19 0.527274 0.738178 -0.420803 0.334411 -0.746803 0.638829 0.184886 0.170186 0.4053 0.216771 0.888112 -0.926934
0 50 47 0.733511 0.653895 0.185426 0.166413 0.678703 -0.690069 -0.251331 0.136684 -0.0363874 0.310204 -0.949974 0.976537
0 51 39 -0.322191 0.919103 0.226811 -0.277402 -0.886009 -0.377149 0.269715 -0.0840472 0.333437 -0.114057 0.935847 0.957071
0 52 45 0.877734 0.452101 0.158703 -0.52907 -0.474019 0.867657 0.149926 0.0574426 -0.0699181 -0.206823 0.975877 0.846631
0 53 47 -0.490505 0.239044 0.838011 -0.723943 0.294975 0.950419 -0.0984532 0.273145 -0.819997 0.198901 -0.536697 0.633481
0 54 24 -0.601824 0.693556 -0.395964 0.343945 -0.711347 -0.690903 -0.128988 -0.235964 -0.363033 0.20404 0.909161 -0.908858
0 55 45 0.121905 0.891202 0.436919 -0.362 0.875463 0.110864 -0.470398 0.256332 -0.467658 0.43985 -0.7667 0.896242
0 56 60 0.355817 -0.689954 0.630363 -0.373474 -0.274979 -0.72194 -0.634972 0.47361 0.893186 0.0525967 -0.446601 0.797628
0 57 54 -0.738833 -0.671739 0.0537741 -0.169751 -0.655673 0.734998 0.172832 -0.122712 -0.155622 0.0924361 -0.983482 0.977817
0 58 60 -0.0386783 0.50062 -0.864802 0.897188 0.169892 -0.849555 -0.499392 0.0341309 -0.984703 -0.166239 -0.0521921 0.440329
0 59 45 0.573841 -0.806682 -0.141317 0.174071 -0.665425 -0.559851 0.493737 -0.047919 -0.477406 -0.189291 -0.858052 0.983567
0 60 17 -0.88834 -0.440401 0.129997 0.296768 0.435531 -0.8978 -0.0653274 0.0479474 0.145481 -0.0014153 0.98936 0.953745
0 61 48 0.02537 0.865198 0.500788 -0.28174 0.935846 0.155583 -0.316206 -0.0906279 -0.351495 0.476682 -0.805745 0.955201
0 62 75 0.210702 -0.682512 -0.699844 0.296337 -0.842644 -0.489717 0.223894 -0.0111603 -0.495536 0.542544 -0.678299 0.955018
0 63 54 -0.67342 -0.264369 0.690373 -0.334976 -0.17662 0.964362 0.197007 -0.100627 -0.717852 0.0107352 -0.696113 0.936838
0 64 40 0.0055282 0.969351 0.245619 0.0461971 0.996819 0.0141881 -0.07843 0.276666 -0.079511 0.245271 -0.966188 0.959855
0 65 22 -0.663265 0.704741 0.251833 0.0227596 -0.702985 -0.702114 0.113344 -0.153602 0.256694 -0.101857 0.96111 0.987871
0 66 23 0.482426 -0.861487 0.158443 0.270185 0.871483 0.490273 0.0122327 0.0533914 -0.0882189 0.132179 0.987292 0.961327
0 67 33 0.279539 0.958225 0.0605291 0.104996 -0.927634 0.253276 0.274494 -0.00347714 0.247696 -0.132881 0.959682 0.994467
0 68 33 0.755649 0.654973 -0.00235098 0.380306 -0.608775 0.703665 0.3664 -0.140918 0.241636 -0.275438 0.930455 0.914062
0 69 58 -0.2507 0.778011 0.576062 -0.21895 0.671756 0.568292 -0.475171 0.303309 -0.69706 0.267848 -0.665105 0.927397
0 70 20 -0.840752 0.491152 0.22783 -0.172224 -0.506507 -0.862172 -0.0104859 -0.0653279 0.191279 -0.124214 0.973644 -0.982889
0 71 34 0.447577 -0.836587 0.315907 -0.119202 0.879822 0.348773 -0.322909 -0.340299 0.159962 0.422468 0.892151 0.932731
0 72 51 -0.767975 0.315685 -0.557276 0.524782 0.634067 0.497554 -0.591945 0.627068 0.0904067 -0.80795 -0.582275 0.575665
0 73 53 -0.49471 0.867482 0.0523096 0.149474 0.818736 0.485404 -0.306684 0.00394666 -0.291434 -0.108892 -0.950373 0.988758
0 74 47 -0.616116 0.74288 0.261782 0.212548 0.756746 0.650481 -0.0648854 -0.152652 -0.218486 0.158125 -0.962944 0.965153
0 75 18 0.926363 0.314061 -0.207886 0.162381 -0.346744 0.926653 -0.145197 -0.106317 0.147038 0.206589 0.967316 0.980984
0 76 42 0.261534 0.912464 -0.314659 0.443128 0.939072 -0.165222 0.301406 -0.048439 0.223033 -0.374315 -0.90008 0.895149
0 77 55 -0.260451 0.824285 -0.502712 0.417009 0.845028 0.44647 0.294265 -0.263234 0.467004 -0.348164 -0.812828 0.869949
0 78 33 -0.907131 -0.368744 0.202832 0.172703 -0.0649429 0.59884 0.798231 -0.143987 -0.415806 0.710928 -0.567174 0.974393
0 79 68 -0.745243 -0.326743 -0.58125 0.428665 0.0389944 0.848862 -0.527174 0.129559 0.665651 -0.415538 -0.619868 0.894126
0 80 27 0.030363 -0.94802 -0.31676 0.00383868 0.988543 0.0753578 -0.130779 0.317132 0.147851 -0.30916 0.939447 0.948374
0 81 52 0.665289 0.645821 -0.374575 0.307955 0.478822 -0.754035 -0.449622 0.121676 -0.572818 0.119774 -0.810884 0.943588
0 82 46 -0.655973 -0.741839 -0.139191 0.159831 -0.58766 0.617695 -0.522599 0.16012 0.473662 -0.261013 -0.84114 0.974072
0 83 31 -0.266149 0.951838 -0.152216 -0.657716 -0.158019 0.112692 0.980984 -0.123389 0.950891 0.285142 0.120416 0.743092
0 84 46 -0.525706 -0.545969 -0.652342 -0.178738 0.0591911 0.741524 -0.66831 0.197856 0.848604 -0.389948 -0.357508 0.963798
0 85 58 -0.435904 0.700705 0.564801 -0.268275 0.738336 0.637273 -0.22078 -0.0958453 -0.514634 0.320774 -0.795145 0.958563
0 86 29 -0.712377 -0.326243 -0.621357 0.74793 0.162455 -0.93799 0.306239 -0.197678 -0.682735 0.117215 0.721202 -0.633659
0 87 29 0.30806 -0.945176 -0.108357 -0.160964 0.848168 0.324447 -0.418741 0.506808 0.43094 0.0370926 0.901618 -0.846898
0 88 42 0.952297 -0.0732316 0.296257 -0.307514 -0.105924 -0.989746 0.0958313 0.0136587 0.286201 -0.122641 -0.950288 0.951445
0 89 24 -0.637888 -0.626063 -0.448491 0.459056 0.730838 -0.67574 -0.096182 -0.208814 -0.242847 -0.389128 0.888597 -0.863518
0 90 46 -0.662084 -0.744061 -0.0895441 -0.0429361 0.237779 -0.0952513 -0.966638 0.998515 0.710708 -0.661287 0.239986 0.0335183
0 91 21 0.975375 -0.174161 -0.135324 0.284292 0.119047 0.932232 -0.341719 -0.147807 0.185667 0.317195 0.930008 0.947276
0 92 37 -0.259423 -0.59967 0.75703 -0.801806 0.729983 -0.63498 -0.252836 0.204273 0.632317 0.487028 0.602478 -0.561587
0 93 40 -0.695004 0.52455 0.491748 0.00577795 0.661033 0.73521 0.150007 -0.205084 -0.282852 0.429317 -0.857719 0.978727
0 94 37 -0.110804 0.937827 -0.328944 0.227282 0.993804 0.107452 -0.0284109 -0.18054 0.00870121 -0.330054 -0.943922 0.956947
0 95 52 -0.0246594 -0.836529 -0.547367 0.288512 -0.815915 -0.299536 0.494531 -0.180436 -0.577646 0.4588 -0.67515 0.940321
0 96 59 0.497319 -0.825114 0.26807 -0.404205 -0.73005 -0.231072 0.643143 -0.170524 -0.468723 -0.515552 -0.71729 0.898632
0 97 25 0.186794 0.982325 -0.0120552 0.415851 -0.907791 0.167904 -0.384349 0.124615 -0.375531 0.0827377 0.923109 -0.900855
0 98 53 -0.757851 -0.533013 0.376244 -0.363356 -0.569409 0.821871 0.0173843 0.0363218 -0.31849 -0.201062 -0.926357 0.930942
0 99 71 0.494589 -0.103749 0.862912 -0.948251 0.856639 0.225891 -0.463835 -0.0196518 -0.146802 0.968612 0.200599 0.316913
0 100 44 -0.44209 -0.426911 -0.788862 0.834866 0.890217 -0.316545 -0.327586 -0.121423 -0.10986 -0.847081 0.519985 -0.536895
0 101 58 0.506674 -0.808592 0.299098 -0.273877 -0.848199 -0.405393 0.340902 -0.0668917 -0.154399 -0.426421 -0.89125 0.959436
0 102 85 0.245261 0.334035 -0.910092 0.744679 -0.403746 -0.818285 -0.409144 0.385148 -0.881383 0.467793 -0.0658282 0.545082
0 103 32 0.8758 0.37565 0.303085 -0.349332 -0.319832 0.92194 -0.218479 0.152019 -0.361498 0.0944078 0.927581 -0.924585
0 104 63 0.0707089 -0.893156 -0.444155 0.046593 -0.984425 0.00936611 -0.175554 -0.0933903 0.160957 0.44965 -0.878583 0.994539
0 105 59 -0.632315 -0.747829 -0.202312 0.192018 -0.754888 0.536057 0.377871 -0.243495 -0.174132 0.391656 -0.903484 0.950705
0 106 62 -0.993823 0.0895859 -0.0654988 0.0366542 0.0292243 0.780641 0.624296 -0.203845 0.107059 0.618526 -0.778437 0.978317
0 107 26 -0.575982 -0.707284 0.40987 0.275877 0.780899 -0.327785 0.531746 -0.307347 -0.241746 0.626344 0.741116 0.910731
0 108 48 0.51798 0.148124 0.84247 -0.121162 -0.186253 0.980793 -0.0579288 -0.190001 -0.834869 -0.126907 0.53562 0.974279
0 109 20 -0.291527 0.952352 0.0896516 0.059822 -0.866291 -0.223108 -0.446948 -0.133485 -0.40565 -0.207962 0.890056 0.989244
0 110 58 0.410693 0.911764 -0.00416264 -0.145309 0.752838 -0.336524 0.565673 -0.230161 0.51436 -0.235452 -0.824619 0.962243
0 111 47 0.0149494 -0.93635 0.35075 -0.45094 -0.357453 0.322603 0.876444 -0.683118 -0.933811 -0.138479 -0.329879 0.574459
0 112 21 -0.922593 0.377596 0.0790118 -0.340799 -0.364527 -0.920333 0.141801 -0.0116388 0.126261 0.102023 0.986737 -0.940064
0 113 45 0.563655 0.0287797 0.825509 -0.228831 0.259631 -0.954914 -0.143984 0.247431 0.784146 0.295485 -0.545714 0.941496
0 114 65 -0.870506 0.332233 0.363099 -0.193033 0.0877896 0.830757 -0.549668 0.212697 -0.484265 -0.446613 -0.752346 0.957861
0 115 74 0.131011 -0.513019 0.84832 -0.656466 0.171095 -0.831156 -0.529062 -0.181582 0.976505 0.214457 -0.0211155 0.732175
0 116 83 -0.100846 -0.32668 -0.939739 0.446318 -0.00963658 0.944831 -0.327416 -0.164378 0.994855 -0.0239627 -0.0984304 0.879648
0 117 29 0.991772 -0.114762 -0.0567243 -0.426802 0.10153 0.975035 -0.197479 -0.153279 0.0779712 0.190095 0.978665 0.891261
0 118 59 0.646992 0.755015 -0.106559 -0.164157 0.655738 -0.622261 -0.42755 -0.00353742 -0.389114 0.206746 -0.897689 0.986428
0 119 58 -0.73226 -0.641454 0.228761 -0.143413 -0.423689 0.692079 0.584393 -0.287454 -0.533182 0.331004 -0.778559 0.946997
0 120 34 -0.95472 0.217643 -0.202831 0.456745 -0.184146 -0.967788 -0.17169 0.0778626 -0.233665 -0.126565 0.964045 -0.886184
0 121 25 0.826357 0.254683 -0.502266 0.308364 -0.279532 0.959763 0.0267642 0.145261 0.488873 0.118282 0.864299 -0.940112
0 122 32 0.829685 0.358214 -0.428143 0.115619 -0.358239 0.929864 0.0837672 0.20603 0.428121 0.0838771 0.899821 -0.971691
0 123 107 0.269759 0.176265 -0.946658 0.475672 -0.360013 0.93027 0.0706247 -0.285622 0.893096 0.321757 0.314406 0.831959
0 124 77 0.485875 0.65794 -0.575362 0.0648031 -0.492474 0.749926 0.441679 -0.270329 0.722077 0.06875 0.688388 0.960585
0 125 73 0.939614 0.291969 -0.178548 -0.874836 -0.316984 0.939142 -0.132413 0.333162 0.129022 0.181014 0.974981 0.351661
0 126 77 0.873885 0.363921 -0.322313 -0.156814 -0.38783 0.921667 -0.0108762 0.384563 0.293107 0.134508 0.946571 -0.909681
0 127 56 0.697292 0.434504 -0.570079 0.452116 -0.364178 0.899781 0.240352 -0.0981563 0.61738 0.0400146 0.785647 -0.886542
0 128 94 0.802052 0.421501 -0.423143 0.130746 -0.46895 0.883178 -0.00912528 0.409506 0.369864 0.205752 0.906017 -0.90289
0 129 99 0.907591 0.33617 -0.251532 -0.0905844 -0.379146 0.913574 -0.147072 0.517526 0.180352 0.228848 0.956609 -0.850859
0 130 106 0.931166 0.310123 -0.19171 -0.107784 -0.333237 0.937266 -0.102402 0.422666 0.147926 0.159238 0.976095 -0.899854
0 131 123 0.948159 0.274291 -0.160498 -0.0951233 -0.292691 0.950448 -0.104785 0.392571 0.123803 0.146329 0.981458 -0.914789
0 132 152 0.966809 0.228012 -0.115283 -0.0709939 -0.240739 0.964095 -0.112099 0.368757 0.0855839 0.136131 0.986987 -0.926811
0 133 120 0.969362 0.201846 -0.139982 0.052016 -0.217789 0.969803 -0.109771 0.362171 0.113598 0.136894 0.984051 -0.930659
0 134 154 0.962665 0.225418 -0.149878 0.121148 -0.237567 0.968947 -0.0685818 0.323826 0.129765 0.101627 0.986323 -0.938328
0 135 143 0.966526 0.216992 -0.136904 0.168144 -0.215563 0.976161 0.025366 0.225135 0.139144 0.00499447 0.99026 -0.959709
0 136 125 0.967149 0.21022 -0.142938 0.276144 -0.203735 0.977262 0.0587529 0.178166 0.152039 -0.0277014 0.987986 -0.944458
0 137 102 0.978347 0.187712 -0.0871807 0.314657 -0.186644 0.982217 0.0203163 0.213266 0.089444 -0.00360465 0.995985 -0.924937
0 138 58 0.901733 0.222034 0.370916 -0.432766 -0.33427 0.9022 0.272578 -0.271254 -0.274119 -0.369778 0.887763 -0.85973
0 139 70 0.854563 -0.0887656 0.511706 -0.558206 -0.061916 0.960845 0.270079 -0.271348 -0.515645 -0.262482 0.815606 -0.784077
0 140 98 0.993917 -0.099969 -0.0462138 0.498706 0.0823663 0.953274 -0.290663 0.644282 0.0731116 0.285088 0.955709 -0.579821
0 141 97 0.923835 -0.237738 0.300017 0.000675193 0.196529 0.967153 0.161221 0.148659 -0.32849 -0.0899797 0.940212 -0.988888
0 142 88 0.942491 -0.28293 0.177939 0.136136 0.254648 0.952679 0.166001 0.124694 -0.216485 -0.111143 0.969939 -0.982812
0 143 84 0.955466 -0.291637 -0.0450932 0.434564 0.294971 0.948386 0.116428 0.221776 0.00881112 -0.124544 0.992175 -0.872909
0 144 124 0.985883 -0.164928 -0.0288807 0.255316 0.166742 0.982779 0.0796454 0.182089 0.0152476 -0.0833366 0.996405 -0.949556
0 145 243 0.99532 0.0541617 -0.0800234 0.237163 -0.0462422 0.994141 0.0977028 0.039605 0.0848463 -0.0935452 0.991993 -0.970662
0 146 255 0.971715 0.0925762 -0.217253 0.625129 -0.0788865 0.994361 0.0708799 0.0890863 0.22259 -0.0517368 0.973539 -0.775421
0 147 268 0.957475 0.189041 -0.217955 0.602356 -0.164581 0.978341 0.125547 -0.0105031 0.236968 -0.0843364 0.96785 -0.798158
0 148 293 0.92868 0.247188 -0.276499 0.93667 -0.183252 0.95398 0.23736 -0.156284 0.322447 -0.169763 0.93124 0.313409
0 149 220 0.897291 0.290442 -0.332435 0.873277 -0.249897 0.954987 0.159846 -0.236963 0.363897 -0.0603541 0.929482 -0.425718
0 150 122 0.90324 0.311614 -0.295049 0.949542 -0.28592 0.949703 0.127727 -0.182148 0.32001 -0.0310076 0.946907 0.255326
0 151 131 0.919286 0.290616 -0.265435 0.937704 -0.278049 0.956831 0.0846319 -0.231635 0.278572 -0.00399696 0.960407 -0.258952
0 152 120 0.862138 0.307308 -0.40284 0.910501 -0.332373 0.943113 0.00812919 -0.31162 0.382421 0.126885 0.915235 0.271812
0 153 62 0.884405 0.402195 0.236787 -0.805381 -0.436028 0.892956 0.111845 0.262629 -0.166457 -0.202162 0.965102 -0.531401
0 154 57 0.899057 0.384723 0.209009 0.27367 -0.369216 0.922769 -0.110353 0.00538579 -0.235322 0.0220441 0.971667 -0.961809
0 155 94 0.73019 0.496418 -0.46946 0.830986 -0.364075 0.864125 0.347472 -0.418301 0.578163 -0.0828019 0.811709 0.366723
0 156 78 0.8608 0.394672 -0.321336 0.522368 -0.380223 0.918396 0.109447 -0.34905 0.338309 0.0279676 0.940619 0.778008
0 157 99 0.801406 0.462781 -0.378923 0.568517 -0.379073 0.883024 0.276719 -0.331794 0.462658 -0.0781248 0.883088 0.752796
0 158 92 0.883265 0.32233 -0.340509 0.960213 -0.307117 0.946477 0.0992997 -0.183529 0.354291 0.0168681 0.934983 -0.210496
0 159 119 0.171359 0.740991 -0.649282 0.54187 0.444951 0.529783 0.722045 -0.291704 0.879008 -0.412628 -0.238922 0.788217
0 160 111 0.759096 0.419566 -0.497732 0.921136 -0.216646 0.88383 0.41462 -0.288106 0.613871 -0.206905 0.761809 0.261731
0 161 98 0.844122 0.376767 -0.381452 0.927405 -0.275075 0.915024 0.295068 -0.311956 0.460209 -0.144146 0.876031 -0.206407
0 162 98 0.903498 0.347877 -0.250345 0.861224 -0.280247 0.921457 0.269032 -0.315593 0.324272 -0.172911 0.930026 -0.398365
0 163 107 0.899023 0.326739 -0.291548 0.938512 -0.265216 0.936056 0.231213 -0.267805 0.348452 -0.130543 0.928192 -0.217891
0 164 101 0.918991 0.370325 -0.135335 0.689814 -0.323655 0.904577 0.277467 -0.105063 0.225174 -0.211188 0.951155 0.716323
0 165 100 0.912896 0.259028 -0.315476 0.977479 -0.183088 0.950594 0.250699 -0.176691 0.364828 -0.171102 0.915218 -0.115394
0 166 139 0.849408 0.270259 -0.453283 0.976611 -0.193903 0.958668 0.208226 -0.0896631 0.490822 -0.0889758 0.866704 0.195428
0 167 153 0.932911 0.285778 -0.219107 0.713882 -0.256302 0.954339 0.153449 -0.0574496 0.252954 -0.0869969 0.963559 -0.697905
0 168 180 0.938467 0.228469 -0.259002 0.765338 -0.185354 0.965957 0.180472 -0.0493511 0.291418 -0.12136 0.948866 -0.641733
0 169 205 0.983332 0.159518 -0.0872442 0.496826 -0.14613 0.978904 0.142804 -0.0368266 0.108184 -0.127675 0.985898 -0.867069
0 170 233 0.988694 0.0803954 -0.126571 0.499833 -0.0600178 0.985727 0.157292 0.055183 0.13741 -0.147917 0.979407 -0.864362
0 171 278 0.979037 0.0370602 -0.200284 0.584538 -0.00600011 0.988129 0.153511 0.131984 0.203596 -0.149092 0.967637 -0.80056
0 172 277 0.99291 0.0888968 -0.0789133 0.156422 -0.0725743 0.979128 0.189848 0.0241596 0.094143 -0.182775 0.978637 -0.987395
1 2 538 0.999973 0.00508041 -0.00533683 0.550711 -0.0050592 0.999979 0.00398064 -0.2973 0.00535694 -0.00395354 0.999978 0.779955
1 3 574 0.999941 -0.00333155 -0.0103476 0.874695 0.00343219 0.999947 0.00972317 -0.2104 0.0103146 -0.00975811 0.999899 0.436624
1 4 545 0.997206 0.0257349 -0.0701326 0.961333 -0.0255853 0.999668 0.00303091 -0.097292 0.0701873 -0.00122807 0.997533 0.257629
1 5 426 0.994253 0.0537781 -0.0925666 0.893366 -0.0539013 0.998546 0.00117063 -0.0785071 0.0924949 0.00382555 0.995706 0.442419
1 6 304 0.992272 0.0673031 -0.104242 0.932178 -0.0741809 0.995217 -0.063568 0.134136 0.099465 0.0708095 0.992518 -0.336232
1 7 213 0.99683 0.0567586 -0.055748 0.68463 -0.057494 0.998278 -0.0116769 -0.141395 0.0549892 0.0148451 0.998377 0.715045
1 8 153 0.994966 0.0875145 0.0488192 0.747282 -0.084103 0.994132 -0.0680327 0.0170983 -0.0544865 0.0635844 0.996488 -0.664287
1 9 151 0.997718 0.0639746 0.0215705 0.711442 -0.062314 0.995568 -0.0704314 0.204159 -0.0259807 0.0689266 0.997283 -0.672436
1 10 111 0.715926 -0.105013 0.690233 -0.380486 0.0239893 0.99174 0.126002 -0.287736 -0.697764 -0.0736501 0.712532 0.878885
1 11 140 0.887484 0.180639 -0.423959 0.990366 -0.171467 0.983358 0.0600493 0.0554731 0.427751 0.0194023 0.903689 -0.126877
1 12 116 0.878952 0.25857 -0.40073 0.989951 -0.185916 0.959561 0.211371 -0.0370369 0.439179 -0.111283 0.891481 0.136474
1 13 96 0.369687 0.449549 -0.813165 0.748642 -0.2193 0.892655 0.393795 -0.0469785 0.902906 0.0327462 0.428589 0.661308
1 14 107 0.62111 0.194805 -0.759127 0.791014 -0.445039 0.884965 -0.137029 -0.112829 0.645107 0.422951 0.636356 0.601304
1 15 35 0.893357 0.44529 0.0602487 -0.0916504 -0.448669 0.891321 0.0651352 -0.190167 -0.0246969 -0.0852207 0.996056 -0.977464
1 16 36 0.148362 0.887905 0.435447 0.144183 -0.955625 0.242034 -0.16793 0.0465299 -0.254499 -0.391209 0.884413 0.988456
1 17 28 0.018493 0.989402 -0.144016 0.219201 -0.95121 0.061781 0.302296 0.117401 0.30799 0.1314 0.942272 -0.968591
1 18 85 0.00705313 0.935953 -0.352055 0.506428 0.56862 0.285851 0.771337 -0.395263 0.82257 -0.205626 -0.530185 0.766354
1 19 81 -0.71722 -0.237041 0.655291 -0.109854 -0.415792 0.900199 -0.129454 -0.0712299 -0.559207 -0.365312 -0.744201 0.991392
1 20 68 -0.105273 0.955493 0.275592 0.0824625 0.443855 0.293142 -0.846794 0.134946 -0.889893 0.0331783 -0.45496 0.987416
1 21 38 0.425889 0.385653 0.818468 -0.225287 -0.886988 0.356454 0.293586 0.181123 -0.178524 -0.851007 0.49388 0.957309
1 22 67 0.595599 0.803229 0.00923356 -0.339928 -0.433281 0.330918 -0.838309 0.226501 -0.676409 0.495295 0.545118 0.912768
1 23 66 -0.115417 -0.637334 0.761895 -0.677462 -0.462823 0.713178 0.526471 -0.333889 -0.878905 -0.291859 -0.377286 0.65541
1 24 67 -0.190801 -0.97291 0.130539 0.059826 -0.557107 0.216815 0.801637 -0.196109 -0.808224 0.0802287 -0.583384 0.978755
1 25 44 0.982117 0.188269 0.000298287 -0.549999 -0.187926 0.98042 -0.0588336 0.379063 -0.011369 0.0577254 0.998268 0.744186
1 26 24 -0.379242 -0.742023 -0.55279 0.57069 0.813051 0.0179694 -0.581915 -0.108898 0.441728 -0.670133 0.596488 -0.813913
1 27 77 -0.521368 -0.636955 0.567858 -0.389977 -0.77631 0.630325 -0.00573215 -0.0765464 -0.354284 -0.443823 -0.823106 0.917638
1 28 61 -0.828455 0.350153 0.437099 -0.228334 0.324365 0.936219 -0.135207 0.0743444 -0.456564 0.0297664 -0.889192 0.97074
1 29 18 0.92828 -0.225228 -0.295919 0.468359 0.0640118 0.880631 -0.469459 0.0744177 0.36633 0.416847 0.83189 -0.880399
1 30 76 0.768888 0.233036 0.595403 -0.846183 0.61594 -0.0201124 -0.787537 0.248531 -0.171549 0.97226 -0.159 0.471388
1 31 79 -0.558601 0.550175 0.620704 -0.456323 0.82879 0.3407 0.443881 -0.163428 0.0327383 0.762385 -0.646295 0.874677
1 32 15 -0.600284 -0.500109 -0.62414 -0.274128 0.695423 -0.711821 -0.0984765 -0.0384148 -0.395027 -0.493155 0.775082 0.960926
1 33 59 -0.435615 0.855935 -0.278594 0.208456 0.896392 0.384313 -0.220874 -0.0333509 -0.081987 -0.345945 -0.934666 0.977463
1 34 26 -0.763879 -0.350572 0.541837 -0.30544 0.0507543 -0.869624 -0.491099 -0.294683 0.64336 -0.34764 0.682081 0.905466
1 35 36 -0.421001 -0.509857 -0.750203 -0.401277 0.85333 0.0578015 -0.518157 -0.0747943 0.307549 -0.858315 0.410742 0.912898
1 36 36 -0.595234 -0.425936 -0.681377 0.0265672 -0.143245 -0.778129 0.611552 -0.0380639 -0.790682 0.46162 0.402156 0.998922
1 37 59 -0.293113 0.687944 0.663941 -0.563984 0.955972 0.200534 0.214253 -0.2367 0.0142512 0.697509 -0.716434 0.791135
1 38 55 0.102526 0.966771 -0.234185 0.220746 0.0575205 -0.240794 -0.96887 0.119305 -0.993066 0.0858644 -0.0802969 0.968007
1 39 27 0.408044 0.9083 0.0921441 0.182077 -0.911566 0.410919 -0.0138819 -0.0307608 -0.0504727 -0.078331 0.995649 0.982803
1 40 49 -0.130529 -0.952687 0.2745 -0.193017 -0.99139 0.122513 -0.0462244 0.0453247 0.0104076 -0.27817 -0.960475 0.980148
1 41 22 0.977351 -0.209065 0.0328041 -0.0445002 0.207054 0.976728 0.0559591 0.0100261 -0.0437397 -0.0478995 0.997894 0.998959
1 42 44 -0.830978 -0.556253 0.00759903 -0.259992 0.506343 -0.761935 -0.403821 0.108743 0.230417 -0.331719 0.914807 0.959468
1 43 52 0.909879 0.311759 -0.273726 0.490811 -0.134672 0.846001 0.515893 -0.482868 0.392407 -0.432538 0.811744 -0.725219
1 44 86 0.0752204 -0.368965 -0.926394 0.853306 0.113288 -0.919849 0.375557 -0.411082 -0.990711 -0.133199 -0.0273921 0.320749
1 45 31 -0.20624 0.851181 -0.482655 0.505122 -0.959199 -0.0783756 0.271651 0.156724 0.193396 0.518987 0.832616 -0.848699
1 46 40 0.267775 -0.707635 0.653873 -0.255595 0.407812 -0.531621 -0.74234 0.109479 0.872918 0.465437 0.146227 0.960565
1 47 31 -0.9648 0.258227 0.0498037 -0.469427 -0.262678 -0.955393 -0.134998 0.0128525 0.012722 -0.143329 0.989593 0.882877
1 48 58 -0.872346 0.370312 0.31919 -0.297184 0.488568 0.683997 0.54171 -0.0757041 -0.0177236 0.628504 -0.777604 0.951814
1 49 62 0.9584 0.261214 -0.11505 -0.194741 0.285187 -0.859766 0.42364 -0.201854 0.0117442 -0.438827 -0.898495 0.95986
1 50 23 -0.951462 -0.0325443 -0.306041 -0.517679 0.303047 -0.272556 -0.913168 -0.105824 -0.0536949 -0.961589 0.269189 0.849005
1 51 73 -0.461194 0.711832 0.529712 -0.283382 0.622527 0.684986 -0.378488 0.139056 -0.632266 0.155204 -0.759047 0.948872
1 52 65 -0.22185 -0.876962 -0.426286 0.279293 -0.889277 0.361293 -0.280454 0.0475224 0.399962 0.316867 -0.860015 0.959029
1 53 63 -0.610408 0.515982 0.600969 -0.256164 0.353737 0.856432 -0.376026 0.28319 -0.708712 -0.0169444 -0.705295 0.92422
1 54 65 0.498559 -0.454043 0.738433 -0.27046 -0.806777 -0.554644 0.203667 -0.304406 0.317094 -0.697291 -0.642834 0.913339
1 55 69 -0.498568 -0.691669 0.522518 -0.269747 -0.488551 0.72213 0.489742 -0.337813 -0.716064 -0.0111069 -0.697946 0.901731
1 56 24 -0.865689 0.498713 -0.0432213 -0.315784 -0.475485 -0.846212 -0.240499 0.0338938 -0.156514 -0.187646 0.969687 -0.948226
1 57 55 -0.532233 -0.698847 -0.47785 0.0684194 -0.0452346 0.587105 -0.808246 -0.0671303 0.845388 -0.40856 -0.344089 0.995396
1 58 28 -0.38053 -0.924371 -0.0271104 0.372242 0.919104 -0.381276 0.0993816 -0.140546 -0.102202 0.0129004 0.99468 0.917433
1 59 67 0.488431 -0.477336 0.73047 -0.878396 -0.339786 0.667004 0.663062 -0.445563 -0.803729 -0.572064 0.163593 0.1729
1 60 19 0.804426 -0.53623 -0.255649 0.0747726 0.585439 0.788616 0.188003 0.173215 0.100796 -0.300901 0.948314 0.982042
1 61 38 -0.163173 0.983524 0.0778156 -0.339183 -0.941941 -0.178763 0.284237 -0.106883 0.293465 -0.0269177 0.955591 0.934629
1 62 54 -0.916077 0.0147725 0.400731 -0.0394963 0.32432 0.615018 0.718728 0.0268672 -0.235839 0.788375 -0.568195 0.998858
1 63 19 0.748927 0.394544 -0.532394 0.595886 -0.596751 0.750861 -0.283014 0.0263544 0.288092 0.529663 0.797784 -0.802636
1 64 53 -0.128641 0.930057 -0.34416 0.456247 0.871144 -0.0598539 -0.487367 0.305249 -0.473878 -0.362508 -0.802513 0.83586
1 65 19 0.300852 -0.857558 0.417232 0.437077 0.752909 0.482105 0.447998 -0.263655 -0.585334 0.179356 0.790706 0.859913
1 66 44 -0.797683 0.33357 -0.502427 0.181608 0.406007 0.913063 -0.0384027 0.0602946 0.445938 -0.234622 -0.863766 0.981521
1 67 75 -0.851131 -0.44824 0.273235 -0.0963762 -0.00869916 0.532465 0.846407 -1.1124e-08 -0.524882 0.718026 -0.457097 0.995345
1 68 51 -0.724091 0.183643 0.664807 -0.222739 0.332225 0.937575 0.10286 -0.0348632 -0.604417 0.295345 -0.7399 0.974254
1 69 36 0.883615 -0.267803 -0.384065 0.0576257 0.393436 0.869384 0.298966 0.372234 0.253836 -0.415275 0.873564 0.926348
1 70 18 0.21367 -0.971268 -0.104801 -0.222103 0.955355 0.23016 -0.185267 -0.0112709 0.204065 -0.0605359 0.977084 -0.974958
1 71 34 0.904604 -0.123533 0.407959 0.178688 0.0765066 0.988596 0.129709 -0.170642 -0.41933 -0.0861234 0.903739 0.968995
1 72 18 0.92742 0.365773 -0.0781213 0.295505 -0.346121 0.918465 0.191372 -0.0765814 0.14175 -0.150442 0.978404 0.952267
1 73 55 -0.0851108 0.989906 -0.113326 0.164042 0.960385 0.0512128 -0.27393 0.083534 -0.265362 -0.132151 -0.955049 0.98291
1 74 29 0.765863 -0.538579 -0.351264 0.233393 0.547408 0.832715 -0.0832512 -0.0596836 0.33734 -0.128526 0.932568 0.970549
1 75 49 -0.487996 -0.858438 -0.157938 0.141449 -0.870895 0.466778 0.153819 -0.0513434 -0.0583215 0.212611 -0.975395 0.988613
1 76 28 0.44511 0.882329 0.152882 -0.538064 -0.832825 0.345155 0.432748 0.0185749 0.329058 -0.319945 0.888457 -0.842699
1 77 54 0.692603 0.721309 -0.00371458 -0.0593841 0.529845 -0.51224 -0.675925 0.557324 -0.489454 0.46618 -0.736961 0.828169
1 78 25 0.8863 -0.347638 -0.305972 0.125119 0.406232 0.900834 0.153214 0.215043 0.222367 -0.260089 0.939631 0.968557
1 79 52 0.249299 0.961429 -0.116207 -0.0282712 0.844581 -0.274561 -0.459673 0.363586 -0.473849 0.0164504 -0.880452 0.931132
1 80 23 0.858644 -0.150892 -0.489859 -0.0133493 0.311608 0.912473 0.265129 0.0931824 0.406977 -0.380296 0.830509 0.99556
1 81 63 0.336408 0.823819 0.456238 -0.0764453 0.642845 0.153144 -0.750532 0.26086 -0.688172 0.545774 -0.478069 0.962345
1 82 54 0.0622175 0.959019 -0.276426 0.516186 0.580336 -0.260091 -0.771727 0.259575 -0.811997 -0.112405 -0.572736 0.816194
1 83 22 -0.392847 0.903459 -0.171564 0.320714 -0.914272 -0.363651 0.178505 -0.160082 0.0988826 0.226981 0.968866 -0.93355
1 84 31 0.578697 0.728266 -0.367067 -0.287901 -0.81548 0.522303 -0.249382 0.263776 0.0101033 0.443652 0.896142 0.920617
1 85 17 0.250487 0.871805 0.420967 -0.247071 -0.930248 0.337175 -0.14475 -0.146426 -0.268133 -0.355345 0.895452 -0.95787
1 86 21 0.263934 -0.921452 -0.285072 -0.000708196 0.963741 0.263969 0.0390387 -0.288904 0.039278 -0.285039 0.957711 -0.957358
1 87 19 0.145601 0.987959 0.0523284 0.120981 -0.983724 0.150201 -0.098622 -0.092382 -0.105294 -0.0371173 0.993748 -0.988347
1 88 44 0.155886 -0.880519 -0.447646 0.325505 -0.857563 -0.345537 0.381038 -0.296325 -0.49019 0.324486 -0.808964 0.897908
1 89 14 -0.111914 -0.993376 0.0260477 0.0655223 0.987865 -0.114057 -0.105422 -0.0452317 0.107694 0.0139334 0.994086 0.996825
1 90 47 0.792949 0.488918 0.363579 -0.362286 0.378451 -0.862885 0.33497 -0.347075 0.4775 -0.128017 -0.869256 0.865036
1 91 33 -0.923158 -0.338589 0.182037 -0.326994 0.297844 -0.929354 -0.218151 -0.0599578 0.24304 -0.147169 0.958787 0.943123
1 92 44 0.576815 -0.774385 -0.260023 0.0803345 -0.739284 -0.630278 0.237085 -0.182109 -0.347482 0.0554766 -0.936044 0.979991
1 93 26 -0.88178 -0.407717 0.23713 0.157867 0.204528 -0.783559 -0.586689 0.334459 0.425008 -0.468831 0.774317 -0.929094
1 94 28 -0.414914 0.719717 0.556645 -0.403365 -0.8467 -0.529389 0.0533587 0.18609 0.333085 -0.449172 0.829035 -0.895917
1 95 33 0.537303 -0.539279 -0.648447 -0.0231001 0.732463 0.679523 0.0417945 0.228954 0.418096 -0.497419 0.760112 0.973163
1 96 44 -0.31688 -0.947803 -0.0354526 0.207336 -0.66913 0.196907 0.716584 -0.0372597 -0.6722 0.250793 -0.696599 0.97756
1 97 86 0.796099 -0.04481 -0.603505 0.301895 -0.373578 -0.820947 -0.431841 0.160747 -0.476095 0.569244 -0.670295 0.939691
1 98 73 0.026247 0.718674 -0.694852 -0.00375628 0.204151 0.676588 0.707496 -0.180515 0.978587 -0.160425 -0.12896 0.983565
1 99 56 -0.0866575 -0.934597 -0.34499 -0.108599 -0.873338 0.237887 -0.425077 -0.00534159 0.479345 0.264457 -0.836834 0.994071
1 100 19 -0.933776 -0.288957 -0.211107 -0.21631 0.263079 -0.954203 0.142427 -0.102268 -0.242595 0.0774572 0.967031 0.970954
1 101 46 -0.596624 0.441319 0.670282 -0.154082 0.581569 0.813302 -0.0178253 -0.0616197 -0.553008 0.37918 -0.741892 0.986135
1 102 30 -0.383853 -0.923093 0.0235857 0.236607 0.922929 -0.384345 -0.0219449 0.012434 0.0293222 0.0133443 0.999481 -0.971526
1 103 35 0.960112 -0.210597 -0.18394 0.492136 0.223977 0.973039 0.055039 0.0286552 0.16739 -0.094042 0.981395 -0.870047
1 104 20 0.660044 -0.692854 -0.290338 -0.116774 0.643607 0.720874 -0.257118 0.122968 0.387442 -0.0171541 0.921734 -0.985516
1 105 27 0.160531 -0.861226 -0.482203 0.485319 0.977734 0.071856 0.197163 -0.238962 -0.135153 -0.503117 0.853585 -0.841049
1 106 26 -0.945799 0.148056 0.28904 -0.252575 -0.174422 -0.982351 -0.0675507 0.143124 0.273938 -0.114304 0.954931 0.956933
1 107 39 0.113275 0.884431 0.452714 -0.494749 -0.993511 0.105526 0.0424322 0.270819 -0.0102447 -0.454583 0.890645 -0.825761
1 108 62 0.230543 0.705939 0.669702 -0.463385 0.417669 0.549825 -0.723357 -0.232657 -0.878864 0.446479 -0.16809 0.85507
1 109 53 0.0121848 -0.949746 -0.312786 0.222779 -0.779761 -0.204845 0.591617 -0.197943 -0.625959 0.236689 -0.743071 0.954562
1 110 65 0.967543 -0.247243 0.0522604 -0.594561 0.250938 0.91559 -0.314204 0.46476 0.0298355 0.31712 0.947916 -0.656122
1 111 65 -0.779976 0.501277 0.374644 0.159549 -0.39157 0.0760713 -0.916998 0.986522 -0.48817 -0.861937 0.136951 0.0363144
1 112 67 -0.51361 0.484405 -0.708207 0.363421 0.546808 -0.451279 -0.705229 0.128144 -0.661215 -0.749466 -0.0330946 0.92277
1 113 23 -0.574083 -0.678498 -0.458333 -0.411767 0.817026 -0.51148 -0.266187 0.229944 -0.0538205 -0.527283 0.847983 0.881802
1 114 54 0.968126 -0.242968 -0.0608166 -0.346415 0.207361 0.913716 -0.349462 0.399572 0.140477 0.325712 0.934975 -0.848728
1 115 90 0.171493 -0.578429 0.797502 -0.51058 0.479395 0.756188 0.445376 -0.151393 -0.860681 0.305939 0.406977 0.846397
1 116 44 0.935363 -0.342052 0.0899754 -0.220038 0.353364 0.892877 -0.279113 0.304481 0.0151345 0.292867 0.956034 -0.926755
1 117 63 0.4725 0.850343 0.231649 -0.225096 0.810243 -0.315697 -0.493803 -0.00228555 -0.346771 0.421014 -0.838151 0.974334
1 118 60 0.771182 0.577171 -0.268612 0.710737 -0.580727 0.81067 0.0746376 -0.138444 0.260834 0.0984311 0.960352 0.6897
1 119 52 -0.833601 -0.36224 0.417004 -0.124257 -0.208496 0.90544 0.369741 -0.1543 -0.511506 0.221273 -0.830301 0.980179
1 120 48 -0.25329 0.843802 -0.47312 0.721514 -0.709465 0.170451 0.683817 -0.386969 0.65765 0.508865 0.555475 -0.574171
1 121 37 0.805592 0.327853 -0.493492 0.471893 -0.348924 0.935705 0.0520443 0.0523763 0.478826 0.130265 0.868192 -0.880099
1 122 49 0.819715 0.192601 -0.539419 0.506793 -0.188386 0.98003 0.0636473 0.0164082 0.540906 0.0494463 0.839629 -0.861912
1 123 71 0.948247 0.163364 -0.272285 -0.69134 -0.168768 0.985649 0.00362064 0.0817921 0.268969 0.0425197 0.96221 0.717885
1 124 55 0.945074 0.242481 -0.219176 -0.972846 -0.237101 0.970149 0.0509377 0.0861899 0.224985 0.00382709 0.974355 0.214808
1 125 80 0.929736 0.306602 -0.203929 -0.868727 -0.300947 0.951815 0.058975 0.297623 0.212185 0.00654079 0.977208 -0.395896
1 126 47 0.759364 0.347055 -0.55038 0.327534 -0.319214 0.93579 0.149663 0.0540457 0.566982 0.0620402 0.821391 -0.943292
1 127 61 0.76615 0.439832 -0.468575 -0.671644 -0.53028 0.844562 -0.0742853 0.489061 0.363068 0.305389 0.880295 0.556519
1 128 89 0.857824 0.438495 -0.268066 -0.141685 -0.464317 0.884834 -0.0384495 0.454643 0.220334 0.157451 0.962633 -0.879332
1 129 97 0.907297 0.336532 -0.252109 -0.0918686 -0.379395 0.913686 -0.145728 0.52326 0.181306 0.227867 0.956663 -0.847206
1 130 83 0.921275 0.29115 -0.257845 -0.00212563 -0.310703 0.949759 -0.0376998 0.308891 0.233914 0.114845 0.965451 -0.951095
1 131 136 0.952238 0.263738 -0.153897 -0.108909 -0.282234 0.952562 -0.113886 0.400966 0.116561 0.151881 0.981502 -0.909596
1 132 142 0.969358 0.225332 -0.0978327 -0.104368 -0.235767 0.96523 -0.112894 0.363454 0.0689923 0.132501 0.988779 -0.925748
1 133 120 0.975582 0.190607 -0.10913 -0.00801566 -0.201296 0.974708 -0.0970819 0.324386 0.0878651 0.116679 0.989275 -0.945891
1 134 143 0.963576 0.229285 -0.137657 0.0932226 -0.237215 0.970458 -0.0440483 0.271062 0.123491 0.0750982 0.9895 -0.958037
1 135 151 0.954378 0.198618 -0.222968 0.317947 -0.201687 0.979407 0.00915659 0.249117 0.220195 0.0362309 0.974783 -0.914795
1 136 141 0.965347 0.208345 -0.157157 0.290618 -0.205478 0.978055 0.0344611 0.220602 0.160888 -0.000974707 0.986972 -0.931062
1 137 106 0.977683 0.184625 -0.100252 0.332347 -0.181748 0.982642 0.0371899 0.171047 0.105378 -0.0181394 0.994267 -0.927517
1 138 100 0.997662 0.0633568 -0.0256051 0.33365 -0.0638911 0.997744 -0.0206175 0.271345 0.0242411 0.0222053 0.99946 -0.902801
1 139 101 0.999748 0.0221882 0.0035343 0.447087 -0.0223185 0.998845 0.0425434 0.196772 -0.00258626 -0.0426115 0.999088 -0.872579
1 140 61 0.984346 -0.0389435 0.171892 0.253944 0.0249854 0.996267 0.082632 0.181662 -0.174469 -0.0770437 0.981644 -0.950006
1 141 87 0.952631 -0.204763 0.224869 0.168259 0.176757 0.974459 0.138518 0.16831 -0.247489 -0.0922088 0.964493 -0.971268
1 142 92 0.944093 -0.282402 0.17011 0.155078 0.260716 0.95535 0.139043 0.167404 -0.201781 -0.0869189 0.975566 -0.973615
1 143 72 0.954793 -0.286184 0.0804353 0.184784 0.274963 0.953036 0.126956 0.153823 -0.11299 -0.0990995 0.988642 -0.970667
1 144 120 0.985361 -0.169093 -0.0216909 0.231895 0.170274 0.982406 0.0767175 0.186443 0.00833688 -0.0792879 0.996817 -0.954706
1 145 243 0.992464 0.0449557 -0.113996 0.321209 -0.0365595 0.996535 0.0747044 0.0951479 0.116959 -0.0699737 0.990669 -0.942216
1 146 243 0.985146 0.0945925 -0.143315 0.435326 -0.087464 0.994634 0.0552633 0.100283 0.147774 -0.0419075 0.988133 -0.89467
1 147 278 0.965376 0.181494 -0.187374 0.50653 -0.164454 0.981 0.102925 0.0464869 0.202494 -0.0685468 0.976882 -0.860968
1 148 309 0.925122 0.227935 -0.303638 0.920163 -0.198107 0.972036 0.126096 -0.155703 0.323888 -0.0565014 0.944407 -0.359245
1 149 236 0.899302 0.264196 -0.348507 0.969621 -0.230462 0.963564 0.135765 -0.195325 0.371677 -0.0417757 0.927422 -0.147252
1 150 129 0.915451 0.30375 -0.26398 0.932411 -0.29556 0.952665 0.0712237 -0.210485 0.273119 0.0128202 0.961895 -0.293778
1 151 149 0.911195 0.308266 -0.273304 0.822395 -0.284717 0.950681 0.123048 -0.296995 0.297757 -0.034306 0.954025 0.485243
1 152 134 0.868862 0.363859 -0.335686 0.853124 -0.31719 0.929778 0.186821 -0.323913 0.38009 -0.0558456 0.923262 0.408973
1 153 112 0.883166 0.430102 -0.18716 0.857383 -0.385329 0.892782 0.233373 -0.325872 0.267467 -0.133989 0.954206 0.398375
1 154 101 0.869896 0.466933 -0.158918 0.617726 -0.437986 0.87943 0.18647 -0.331061 0.226826 -0.0926051 0.969523 0.713312
1 155 99 0.800885 0.411514 -0.435016 0.911366 -0.342538 0.910696 0.230867 -0.310658 0.491172 -0.0358888 0.870323 0.270006
