0 1 25 0.999883 0.00545852 0.0142805 -0.801634 -0.00548786 0.999983 0.00201646 0.0517526 -0.0142693 -0.00209459 0.999896 0.595571
0 2 171 0.999712 0.00915661 -0.0222025 0.845911 -0.00906128 0.999949 0.00439061 -0.13742 0.0222416 -0.00418816 0.999744 0.515315
0 3 153 0.999602 -0.000571489 -0.0281915 0.923718 0.000567571 1 -0.000146991 -0.0299704 0.0281916 0.000130932 0.999603 0.381898
0 4 129 0.994448 0.0284296 -0.101316 0.968343 -0.0291299 0.999561 -0.00543922 0.0120566 0.101116 0.00836034 0.994839 0.249333
0 5 116 0.98707 0.0589571 -0.149055 0.980739 -0.0601583 0.998183 -0.00355921 -0.0638369 0.148575 0.0124801 0.988822 0.184598
0 6 91 0.991025 0.0659727 -0.116261 0.955329 -0.062861 0.997564 0.030235 -0.123649 0.117972 -0.0226554 0.992758 0.268434
0 7 84 0.991906 0.0537757 -0.115024 0.962997 -0.0561035 0.998279 -0.017095 -0.106787 0.113907 0.0234099 0.993216 0.247452
0 8 59 0.967944 0.0949557 -0.232526 0.992946 -0.0947056 0.99543 0.0122655 -0.113235 0.232628 0.0101491 0.972513 0.0351658
0 9 49 0.992301 0.108028 0.0605617 0.791984 -0.108141 0.994135 -0.00141533 -0.0878138 -0.0603594 -0.00514479 0.998163 -0.604193
0 10 47 0.243601 0.404922 0.881304 -0.351528 0.38416 0.794074 -0.471029 0.227392 -0.89055 0.453305 0.0378824 0.908141
0 11 34 0.992176 0.107728 0.0631018 0.421999 -0.11053 0.992954 0.0427257 0.169492 -0.0580544 -0.049366 0.997092 -0.890612
0 12 22 0.98284 0.166663 0.0790449 0.435771 -0.170562 0.9843 0.0454018 -0.154601 -0.0702372 -0.0581048 0.995837 0.88668
0 13 25 0.980146 0.193731 0.0422247 0.292971 -0.192453 0.980767 -0.0325184 -0.0162372 -0.0477124 0.0237465 0.998579 0.955983
0 14 34 0.438907 -0.748965 -0.4964 0.230128 -0.784882 -0.588507 0.193959 -0.0659049 -0.437404 0.304485 -0.846148 0.970926
0 15 13 0.918048 -0.396443 -0.0045701 0.368468 0.39646 0.918044 0.00377872 0.00316635 0.0026975 -0.00528091 0.999982 0.929635
0 16 33 0.698589 -0.121234 -0.705178 0.366452 -0.462317 -0.828675 -0.315531 -0.0859869 -0.546111 0.546442 -0.634952 0.926455
0 17 13 0.561475 0.755212 0.338232 -0.324328 -0.799655 0.60032 -0.0129575 0.17382 -0.212833 -0.263194 0.940973 -0.929838
0 18 35 -0.144864 0.943134 -0.299187 0.298826 0.777517 0.295518 0.5551 -0.154734 0.611949 -0.152209 -0.776112 0.94168
0 19 33 -0.425271 0.490616 -0.760553 0.403095 0.856263 0.490315 -0.162497 -0.0230753 0.293187 -0.720338 -0.628613 0.914867
0 20 18 0.218398 0.884534 0.412192 -0.400697 -0.973012 0.165136 0.161176 0.0739184 0.0744979 -0.436269 0.896727 -0.913224
0 21 42 0.206046 0.809057 0.550428 -0.462598 -0.924708 0.344987 -0.160932 -0.062126 -0.320094 -0.475826 0.819225 0.884389
0 22 19 -0.866754 0.145885 0.476923 0.176099 -0.219977 -0.970046 -0.103057 -0.0359002 0.447602 -0.194237 0.872883 0.983718
0 23 35 0.974322 -0.0835031 -0.209104 0.229685 -0.0570097 -0.989916 0.129674 -0.149483 -0.217824 -0.114423 -0.969257 0.961717
0 24 11 0.928803 -0.318891 0.188767 -0.319711 0.30717 0.947465 0.0891999 -0.0480687 -0.207295 -0.0248656 0.977962 -0.946295
0 25 12 -0.997932 -0.0641504 0.0041009 0.131789 0.0623391 -0.981372 -0.181721 0.114827 0.0156819 -0.181089 0.983342 -0.984605
0 26 21 0.216324 -0.894184 0.391968 -0.376797 -0.826392 -0.381482 -0.414183 -0.00761847 0.519884 -0.234322 -0.82147 0.926265
0 27 20 0.951465 -0.290382 -0.101944 0.00419968 -0.305922 -0.928514 -0.210411 0.112152 -0.0335566 0.231386 -0.972283 0.993682
0 28 10 -0.239109 -0.960046 -0.145393 0.172673 0.9411 -0.192267 -0.278144 0.0938814 0.239076 -0.203336 0.949472 -0.980495
0 29 15 -0.856273 0.311281 -0.412189 -0.256091 -0.387397 -0.914852 0.113882 -0.0583372 -0.341643 0.257195 0.903953 0.964891
0 30 13 0.556827 -0.716958 -0.419422 -0.131003 0.77933 0.625645 -0.0348316 -0.065943 0.287382 -0.307473 0.907123 0.989186
0 31 25 -0.904324 0.42179 0.0655125 -0.018791 0.420544 0.906692 -0.0324497 -0.0860882 -0.0730866 -0.00179414 -0.997324 0.99611
0 32 15 0.871471 0.265263 -0.412521 -0.174014 -0.164214 0.950382 0.264212 -0.0303804 0.462138 -0.162512 0.87179 -0.984274
0 33 0 1 0 0 0 0 1 0 0 0 0 1 0
0 34 33 -0.147144 -0.983058 -0.109295 -0.124275 -0.885477 0.18016 -0.428337 0.0356772 0.440771 0.0337505 -0.896985 0.991606
0 35 39 -0.57091 0.107637 -0.813927 0.379367 0.0717885 0.994116 0.0811111 -0.0541315 0.817868 -0.0121235 -0.575278 0.923661
0 36 36 0.752789 0.23535 -0.614751 0.417719 0.102528 -0.964424 -0.243668 0.138841 -0.650228 0.120402 -0.750138 0.897906
0 37 22 -0.714245 0.690083 -0.116784 0.105174 -0.680416 -0.723725 -0.115136 0.273759 -0.163973 -0.00277348 0.986461 0.95603
0 38 26 0.780748 0.552939 -0.291018 0.230654 -0.497969 0.831942 0.244744 -0.196894 0.377438 -0.0461656 0.924883 0.952907
0 39 11 0.209087 -0.968803 0.133053 -0.326258 0.961789 0.179136 -0.207057 0.0325886 0.176762 0.171262 0.969239 -0.944719
0 40 40 0.72744 0.602868 0.327692 -0.286179 0.682124 -0.58356 -0.44064 0.0468575 -0.0744195 0.544066 -0.835735 0.95703
0 41 31 -0.434483 0.83002 0.349701 -0.0451053 0.874064 0.482255 -0.0586658 -0.117933 -0.217339 0.280171 -0.935023 0.991997
0 42 32 -0.558833 -0.826502 -0.0678205 -0.0696947 -0.743807 0.535717 -0.399699 0.0362571 0.366685 -0.17292 -0.914134 0.996909
0 43 45 0.716304 0.637552 0.283613 -0.29703 0.620804 -0.396683 -0.676199 0.240611 -0.318607 0.660432 -0.67994 0.924056
0 44 30 -0.460244 -0.842291 0.280573 -0.275044 0.858758 -0.502537 -0.099953 0.029518 0.225188 0.194942 0.954614 0.960978
0 45 33 0.91097 -0.31045 0.271579 -0.114866 0.391685 0.857477 -0.333641 0.0778741 -0.129294 0.410311 0.902734 0.990324
0 46 44 0.715097 0.356218 0.601452 -0.918584 -0.423571 0.905278 -0.0325576 0.376252 -0.556079 -0.231476 0.798245 -0.120991
0 47 28 0.608771 0.62338 0.490709 -0.343733 0.719394 -0.694527 -0.0101744 -0.137144 0.334468 0.359207 -0.871264 0.928999
0 48 30 -0.768912 -0.626873 0.125716 -0.235678 -0.539297 0.741532 0.39911 -0.213797 -0.343414 0.239082 -0.908244 0.948023
0 49 20 0.104314 -0.985384 -0.134671 -0.106715 0.990719 0.0910901 0.100891 -0.232366 -0.087149 -0.143945 0.985741 0.966756
0 50 34 -0.290625 0.811039 0.507693 -0.222032 0.821266 0.4837 -0.302582 0.0530854 -0.490977 0.329013 -0.806655 0.973593
0 51 35 -0.471168 0.870888 0.139839 -0.330352 -0.727895 -0.294367 -0.619288 0.0779104 -0.498166 -0.393576 0.772611 0.940637
0 52 15 0.980011 -0.195967 0.0342812 0.0570576 0.193722 0.979236 0.0597437 -0.178273 -0.0452772 -0.0519085 0.997625 0.982325
0 53 47 0.529581 0.423146 0.735181 -0.407532 0.250066 -0.906056 0.341363 -0.282856 0.810562 0.00306482 -0.585645 0.86828
0 54 22 -0.4331 0.74497 -0.507389 0.0270793 0.783269 0.58961 0.197103 -0.0350712 0.445997 -0.312057 -0.838872 0.999018
0 55 22 0.918518 0.170794 -0.356587 0.0455747 -0.172253 0.984657 0.0279198 -0.0948807 0.355884 0.0357785 0.933845 0.994445
0 56 30 -0.036522 0.98499 -0.168706 -0.0573135 0.903939 -0.0394199 -0.425842 0.287916 -0.4261 -0.168052 -0.88893 0.955939
0 57 20 0.93367 0.0299147 0.356882 -0.0614812 -0.0727548 0.991569 0.107225 -0.121506 -0.350665 -0.126078 0.927975 0.990685
0 58 29 -0.82498 -0.420163 -0.377984 0.141595 -0.522785 0.821429 0.227927 -0.168262 0.214721 0.385639 -0.897317 0.97552
0 59 11 -0.14591 -0.987457 -0.0603309 -0.014633 0.989216 -0.146411 0.00394615 -0.127642 -0.0127298 -0.0591045 0.998171 -0.991712
0 60 25 0.689291 -0.549176 -0.472529 0.0442807 -0.639144 -0.768062 -0.0396905 -0.0146344 -0.341135 0.329373 -0.880421 0.998912
0 61 25 0.242594 -0.698515 0.67322 -0.304408 -0.86605 -0.46864 -0.174168 0.000706633 0.437156 -0.54079 -0.718638 0.952542
0 62 23 0.979193 -0.0787186 0.187044 -0.118069 -0.0896702 -0.994674 0.0508172 0.0201412 0.182047 -0.0665321 -0.981036 0.992801
0 63 17 0.117998 -0.982301 0.145472 -0.223302 0.985239 0.0975158 -0.140692 -0.276336 0.124016 0.159926 0.979308 -0.934759
0 64 37 -0.699795 -0.374756 0.608148 -0.340688 -0.144527 0.908009 0.393231 -0.165797 -0.69957 0.187288 -0.689583 0.925442
0 65 18 0.525815 -0.769781 -0.361879 0.193565 0.694665 0.634139 -0.33957 0.0696932 0.490876 -0.072834 0.86818 0.978609
0 66 13 -0.534559 -0.693621 0.482842 -0.404873 0.658834 -0.699847 -0.275956 -0.186319 0.529325 0.170598 0.831091 -0.895189
0 67 24 -0.621093 0.783426 -0.0220434 0.421778 -0.680833 -0.553263 -0.479965 0.0744096 -0.388213 -0.283095 0.87701 0.903641
0 68 36 0.474489 -0.0123654 0.880175 0.0306507 0.551729 -0.774943 -0.308316 -0.236994 0.685897 0.631911 -0.360879 0.971027
0 69 35 -0.279111 0.958796 -0.0529829 -0.0249919 0.750114 0.252146 0.611352 -0.314333 0.599521 0.130892 -0.789583 0.948984
0 70 35 -0.783982 0.505503 0.360333 -0.0984567 0.407877 0.857024 -0.314877 0.273949 -0.467985 -0.0998862 -0.878074 0.956691
0 71 31 0.421591 0.889828 0.174547 0.184716 -0.904634 0.399471 0.148528 -0.24467 0.0624375 -0.220519 0.973382 0.951849
0 72 32 -0.59262 -0.791728 -0.148221 0.250603 -0.629346 0.340276 0.698667 -0.260423 -0.502718 0.507326 -0.699925 0.932404
0 73 18 0.855337 0.509169 -0.095635 0.132813 -0.464781 0.835713 0.292512 -0.0652967 0.228861 -0.205747 0.951468 0.988988
0 74 42 -0.211027 -0.912841 -0.349555 0.315658 -0.884034 0.0256461 0.466719 -0.117203 -0.417075 0.407509 -0.812395 0.941607
0 75 29 0.645795 -0.525091 -0.554281 0.251026 -0.591885 -0.80289 0.0710004 -0.11866 -0.482308 0.282219 -0.829296 0.96068
0 76 53 -0.368624 -0.825321 -0.427741 0.407137 -0.753824 -0.00384817 0.657065 -0.273825 -0.543935 0.564651 -0.620728 0.871355
0 77 16 -0.499444 0.775346 0.386514 -0.213028 -0.814867 -0.571922 0.0943237 -0.280698 0.29419 -0.267848 0.917447 -0.935857
0 78 26 -0.697443 -0.697191 0.165827 0.288707 0.696601 -0.713879 -0.0715823 -0.217779 0.168287 0.0655907 0.983553 0.93232
0 79 16 -0.923237 -0.0470655 0.381339 0.0118317 -0.0941604 -0.934493 -0.343303 -0.288208 0.372516 -0.352857 0.858326 0.957495
0 80 43 0.128476 0.964988 -0.228675 0.329341 0.793982 0.0380734 0.606748 -0.196186 0.594211 -0.259517 -0.761291 0.923605
0 81 48 0.0253374 0.890706 -0.453873 0.42117 0.903319 -0.214882 -0.37127 0.04924 -0.428222 -0.400585 -0.810036 0.905644
0 82 29 0.726264 -0.205429 -0.656003 0.379735 -0.362963 -0.925028 -0.112164 0.0315502 -0.583779 0.319565 -0.746378 0.924557
0 83 26 0.0526495 0.989636 0.133602 0.0995178 0.867515 -0.111592 0.484731 -0.0787665 0.494616 0.0903805 -0.864399 0.991913
0 84 11 -0.993602 0.00908985 0.112576 -0.195795 -0.014052 -0.998961 -0.0433638 0.00654719 0.112065 -0.0446683 0.992696 -0.980623
0 85 32 0.720234 0.604877 0.339686 -0.259253 0.643888 -0.765114 -0.00279839 -0.162287 0.258206 0.220735 -0.940535 0.952077
0 86 29 -0.983801 -0.049595 0.172266 -0.285483 0.0171608 -0.98261 -0.184887 0.0839259 0.17844 -0.178935 0.967544 0.954702
0 87 16 0.817964 0.575001 0.017573 0.185173 -0.573047 0.811743 0.11265 -0.269229 0.0505092 -0.102214 0.993479 0.945107
0 88 21 -0.30702 0.721491 -0.620636 0.378796 0.853304 0.49747 0.156193 -0.0812361 0.42144 -0.481637 -0.768384 0.921908
0 89 51 -0.649877 0.549902 -0.524661 0.404528 -0.358596 -0.830487 -0.426262 -0.0311465 -0.670126 -0.0888767 0.736907 0.913995
0 90 19 -0.571123 0.745473 0.343641 -0.299522 -0.814277 -0.567435 -0.122352 0.200004 0.103784 -0.349697 0.931097 -0.932891
0 91 39 0.551967 -0.734819 0.394175 -0.178929 -0.773545 -0.627738 -0.0870231 -0.211142 0.311385 -0.256878 -0.914906 0.960939
0 92 28 0.879589 -0.335318 -0.337469 0.151802 -0.251462 -0.929871 0.268526 -0.266785 -0.403845 -0.151332 -0.902224 0.951726
0 93 27 0.329441 0.94292 0.0486961 -0.0144602 0.917943 -0.307789 -0.250292 -0.178185 -0.221017 0.127157 -0.966945 0.983891
0 94 20 0.250215 -0.815012 -0.522635 0.197561 -0.770533 -0.494479 0.402206 -0.247494 -0.586234 0.30207 -0.75172 0.948534
0 95 27 0.69774 0.481141 -0.530718 0.376905 0.622588 -0.773746 0.117056 -0.142075 -0.35432 -0.412093 -0.839426 0.915291
0 96 32 -0.838247 0.229701 -0.494549 0.515662 0.117951 0.961855 0.246825 -0.176071 0.53238 0.148568 -0.833366 0.838506
0 97 17 0.396646 0.858118 0.326046 -0.270284 -0.916256 0.348388 0.197737 -0.087368 0.0560914 -0.377173 0.924443 -0.958808
0 98 16 0.848519 0.526336 -0.0546372 0.103537 -0.519423 0.848168 0.103975 0.0335389 0.101067 -0.0598447 0.993078 -0.99406
0 99 19 0.708634 -0.681872 0.181351 -0.275434 -0.675594 -0.729856 -0.104327 0.0714836 0.203498 -0.0485905 -0.977869 0.958658
0 100 47 -0.0723988 -0.824402 0.561355 -0.394862 -0.698715 0.44356 0.561295 -0.250703 -0.711728 -0.35159 -0.608135 0.883873
0 101 17 0.962851 -0.25366 0.0925985 -0.228908 0.248154 0.966402 0.0669805 0.0547958 -0.106478 -0.0415136 0.993448 0.971905
0 102 53 0.563011 0.131305 -0.815952 0.232493 0.585467 -0.760202 0.281642 -0.268104 -0.583307 -0.63628 -0.504877 0.934916
0 103 15 -0.861613 0.0416189 -0.505856 -0.104597 -0.0156359 -0.998336 -0.0555051 0.019566 -0.507324 -0.0399144 0.86083 0.994322
0 104 34 -0.748546 0.341159 -0.568585 0.204336 0.23812 0.938594 0.249682 -0.0410808 0.618852 0.0515073 -0.783817 0.978038
0 105 16 -0.942219 0.218542 -0.253894 -0.00359247 -0.224222 -0.974515 -0.00672061 -0.213181 -0.248892 0.0505964 0.967209 0.977006
0 106 18 0.950435 -0.161252 -0.265841 -0.139868 0.149494 0.986688 -0.064025 0.230451 0.272626 0.02111 0.961889 -0.962979
0 107 29 -0.613387 -0.771386 -0.169468 0.0539093 -0.721722 0.634613 -0.276375 -0.0470281 0.320738 -0.0472163 -0.94599 0.997438
0 108 29 0.513423 -0.694814 -0.503616 0.210435 -0.763691 -0.637613 0.101122 0.053757 -0.391373 0.332689 -0.857989 0.976129
0 109 20 -0.937157 -0.315262 -0.149485 0.228897 0.345386 -0.898956 -0.269419 -0.170141 -0.0494425 -0.304118 0.95135 0.958467
0 110 35 0.707337 0.0841923 -0.701845 -0.00201315 -0.0289165 -0.988604 -0.147734 -0.138365 -0.706285 0.124793 -0.696842 0.990379
0 111 28 0.427056 0.803993 -0.413785 0.196996 -0.896965 0.318794 -0.306307 -0.0650475 -0.114356 0.501961 0.857297 0.978244
0 112 26 0.805714 0.46673 -0.364675 0.18022 0.371467 -0.877734 -0.302649 0.0496326 -0.461343 0.108384 -0.880577 0.982373
0 113 18 -0.462581 -0.818493 -0.340716 0.402651 0.886264 -0.437116 -0.153184 -0.212044 -0.0235521 -0.372824 0.927603 -0.890455
0 114 19 0.939731 0.306818 -0.150892 -0.320754 -0.30448 0.951722 0.0389454 0.195284 0.155557 0.00934556 0.987783 -0.926812
0 115 29 -0.807747 0.178101 -0.561983 0.418876 0.0599942 0.973159 0.222178 -0.118999 0.586469 0.145748 -0.796751 0.900212
0 116 34 -0.514961 0.599145 0.613059 -0.390295 0.576885 0.771213 -0.269135 0.173397 -0.63405 0.21507 -0.742782 0.904214
0 117 28 0.887748 0.13158 -0.441123 0.172092 0.0782364 -0.987463 -0.137096 -0.0814886 -0.453632 0.0871952 -0.886913 0.981705
0 118 19 0.986699 0.155719 0.0466631 -0.222448 -0.15186 0.985382 -0.0772042 0.282694 -0.0580031 0.0690911 0.995923 -0.93306
0 119 20 -0.974233 0.171213 -0.146821 0.213918 -0.157621 -0.982447 -0.0997702 0.0466416 -0.161325 -0.0740574 0.984119 0.975737
0 120 34 0.41109 -0.813073 -0.412211 0.0764939 -0.761212 -0.554967 0.335512 -0.196866 -0.501559 0.175855 -0.847062 0.977442
0 121 49 0.801439 0.448672 0.395461 -0.845517 -0.342802 0.886438 -0.310991 0.507586 -0.490085 0.113675 0.864231 -0.1657
0 122 39 0.501756 0.683683 -0.529922 -0.00389931 -0.755666 0.644583 0.116113 -0.108043 0.420963 0.342184 0.84006 0.994139
0 123 19 -0.590568 -0.720566 -0.363338 -0.326633 0.779697 -0.393391 -0.48715 -0.11075 0.208089 -0.570989 0.794147 0.93864
0 124 21 -0.325407 0.855736 -0.402277 -0.280858 -0.788115 -0.480524 -0.384669 -0.0702967 -0.522479 0.191867 0.830784 0.957171
0 125 19 0.771018 -0.54397 -0.331102 -0.253659 0.542797 0.833273 -0.105011 -0.13039 0.333021 -0.0987557 0.937733 0.958465
0 126 14 -0.953972 0.243151 -0.175543 -0.178445 -0.252404 -0.967089 0.032116 0.00620431 -0.161957 0.0749455 0.983948 0.98393
0 127 32 0.41487 0.726881 0.54729 -0.349454 0.838424 -0.539058 0.0803845 -0.0617592 0.353451 0.425512 -0.833074 0.934916
0 128 42 -0.75101 0.385925 0.535767 -0.406711 0.482259 0.874828 0.0458475 -0.0719522 -0.45101 0.292811 -0.84312 0.910719
0 129 44 0.309707 0.302532 0.901419 -0.292634 0.368205 -0.912223 0.179651 -0.236444 0.876645 0.276268 -0.393915 0.926531
0 130 30 0.926842 0.218475 -0.305341 0.059938 -0.242341 0.969278 -0.0420796 0.293654 0.286767 0.112998 0.951313 -0.954031
0 131 26 0.95434 0.268442 -0.131047 -0.143966 -0.278859 0.957878 -0.0686156 0.326772 0.107108 0.102026 0.988999 -0.934074
0 132 30 0.872482 0.302652 -0.383637 0.401465 -0.222078 0.944929 0.240398 -0.219791 0.435267 -0.124546 0.891645 -0.88911
0 133 29 0.929609 0.235592 -0.283415 0.291391 -0.211709 0.970825 0.112597 -0.0302104 0.301673 -0.0446696 0.952364 -0.956127
0 134 22 0.973126 0.221598 0.0626078 -0.279687 -0.22895 0.960189 0.160061 -0.105417 -0.024646 -0.170094 0.98512 -0.954286
0 135 50 -0.0882859 0.278584 0.956345 -0.578773 0.181559 0.948512 -0.259541 0.240174 -0.979409 0.150719 -0.13432 0.779319
0 136 36 0.0628635 0.3402 -0.938249 0.941625 -0.0600066 0.939696 0.336705 -0.186407 0.996217 0.0351347 0.0794869 0.280347
0 137 11 0.924627 -0.378916 -0.0385567 0.0271675 0.372265 0.877688 0.301799 0.16271 -0.0805159 -0.293405 0.952592 0.9863
0 138 28 0.108884 0.917605 -0.382289 0.260217 0.973724 -0.175836 -0.14472 0.142676 -0.200017 -0.356486 -0.912639 0.954951
0 139 31 0.0347924 -0.919987 0.390402 -0.388485 -0.923783 0.119448 0.363808 -0.157599 -0.381331 -0.373305 -0.845713 0.907878
0 140 48 0.444023 -0.829521 0.33873 -0.252933 0.291906 0.491336 0.820597 -0.122104 -0.847133 -0.265486 0.460306 0.959748
0 141 15 -0.124457 -0.991917 -0.0247111 0.281073 0.97335 -0.126886 0.191023 -0.187807 -0.192614 -0.000278393 0.981274 0.94113
0 142 16 -0.642525 0.760419 0.094472 0.182473 -0.75185 -0.64943 0.113855 -0.0646431 0.147931 0.00212614 0.988995 -0.981084
0 143 29 0.775084 0.601399 0.193815 -0.200937 0.625277 -0.774194 -0.0982492 0.0695878 0.0909635 0.197339 -0.976106 0.977129
0 144 38 0.877086 -0.107188 0.46822 -0.685808 0.0370014 0.986964 0.156631 -0.0525367 -0.478906 -0.120054 0.869619 -0.725884
0 145 64 0.979577 0.0676741 -0.189337 0.513107 -0.051244 0.994589 0.0903706 0.0684746 0.194428 -0.0788226 0.977745 -0.855589
0 146 65 0.946645 0.127369 -0.29604 0.724244 -0.0976451 0.988766 0.113171 -0.0445781 0.307129 -0.0782257 0.948448 -0.688102
0 147 50 0.974913 0.192802 -0.111226 0.297548 -0.178385 0.975647 0.12764 -0.00444562 0.133127 -0.104597 0.985564 -0.954697
0 148 39 0.973176 0.201918 -0.110266 0.199845 -0.188277 0.974424 0.122675 -0.0987994 0.132216 -0.0986234 0.986302 -0.974834
0 149 25 0.951636 0.262591 -0.159483 0.448338 -0.246221 0.962332 0.115293 -0.0747064 0.18375 -0.0704485 0.980445 -0.890737
0 150 28 0.948678 0.315895 -0.014829 0.737749 -0.315007 0.948073 0.0439033 -0.148941 0.0279278 -0.0369789 0.998926 -0.658439
0 151 56 0.838282 0.340951 -0.425484 0.919112 -0.279422 0.938739 0.201722 -0.350676 0.468196 -0.0502108 0.882197 -0.17961
0 152 26 -0.768772 -0.468662 -0.435138 0.377346 -0.592456 0.778113 0.208651 -0.146821 0.2408 0.418205 -0.875854 0.91436
0 153 19 0.815175 -0.227251 0.532773 0.146353 0.307973 0.949076 -0.0663941 -0.258003 -0.490554 0.218202 0.84365 0.954995
0 154 26 -0.938464 0.327916 0.108426 0.0565101 0.339718 0.933018 0.118615 -0.110409 -0.0622671 0.14815 -0.987003 0.992278
0 155 31 0.552031 0.386764 0.738699 0.0280317 -0.173057 0.91977 -0.352242 -0.116589 -0.815668 0.0666116 0.574673 0.992785
0 156 23 0.838768 0.541015 0.0614094 0.229602 -0.544469 0.834371 0.0859056 -0.236338 -0.00476197 -0.10549 0.994409 0.944154
0 157 28 0.752273 -0.345197 -0.561181 0.259413 -0.344813 -0.932072 0.111113 -0.0663696 -0.561417 0.109915 -0.820201 0.963483
0 158 23 0.967384 0.241498 0.0764701 -0.514464 -0.245548 0.968156 0.0487956 0.0577798 -0.0622509 -0.0659811 0.995877 0.855563
0 159 14 0.997212 0.0527813 -0.0527471 0.143891 -0.0477793 0.994615 0.0919662 0.0355818 0.0573171 -0.0891895 0.994364 0.988954
0 160 22 0.994535 0.102934 -0.0174529 -0.522421 -0.0992044 0.98381 0.149254 -0.135024 0.0325335 -0.146706 0.988645 -0.841929
0 161 38 0.458139 0.744444 0.485708 0.0947664 -0.81932 0.565572 -0.0940376 0.0228726 -0.344709 -0.354868 0.869048 0.995237
0 162 44 0.573211 -0.213687 0.791054 -0.50114 0.107331 -0.9375 -0.33102 0.246817 0.812348 0.274649 -0.51445 0.829421
0 163 22 0.939804 0.323602 0.109776 -0.945616 -0.337708 0.928604 0.153777 0.254073 -0.052176 -0.181593 0.981989 -0.203117
0 164 44 0.875628 0.298204 -0.379934 0.968669 -0.232313 0.949701 0.209997 -0.227842 0.423445 -0.0956161 0.900862 -0.0988311
0 165 14 0.99282 0.105299 0.0567433 0.264501 -0.10972 0.99062 0.0814415 -0.115913 -0.0476354 -0.0870827 0.995062 0.957394
0 166 59 0.824357 0.298554 -0.480938 0.970505 -0.192564 0.94684 0.257707 -0.197116 0.532311 -0.119831 0.838025 -0.138801
0 167 47 0.816935 0.329122 -0.473599 0.956224 -0.235353 0.93994 0.247227 -0.171094 0.526523 -0.0905051 0.84533 -0.237409
0 168 43 0.978301 0.189675 -0.0833755 0.496691 -0.1701 0.965025 0.199481 -0.171423 0.118296 -0.18097 0.976348 -0.85083
0 169 63 0.974184 0.151206 -0.167636 0.685911 -0.130709 0.983219 0.127266 0.0326071 0.184066 -0.102069 0.9776 -0.726954
0 170 58 0.993332 0.0714475 -0.0904834 0.401991 -0.0554327 0.984133 0.168549 0.0143507 0.10109 -0.162409 0.981531 -0.915531
0 171 50 0.995737 0.0406699 -0.0827837 0.277856 -0.0249969 0.982938 0.18223 0.0143135 0.0887825 -0.179384 0.979765 -0.960516
0 172 48 0.987484 0.0970775 -0.124301 0.290779 -0.0715135 0.978049 0.19572 -0.00255502 0.140572 -0.184381 0.97275 -0.956787
1 2 176 0.998466 0.00854015 -0.054699 0.94479 -0.00871152 0.999958 -0.00289532 -0.0345568 0.054672 0.00336739 0.998499 0.325848
1 3 150 0.999591 -0.00769942 -0.0275483 0.965419 0.00766487 0.99997 -0.00135958 -0.0532913 0.0275579 0.00114787 0.99962 0.255198
1 4 141 0.991382 0.0302162 -0.127472 0.996349 -0.0300194 0.999543 0.00346584 -0.0694766 0.127518 0.000390646 0.991836 0.0496242
1 5 125 0.996493 0.0340863 -0.0764251 0.957436 -0.0365476 0.99885 -0.0310407 0.0707359 0.0752792 0.033725 0.996592 0.279844
1 6 91 0.993927 0.0501959 -0.0979273 0.955998 -0.0499051 0.998739 0.00541868 -0.0227101 0.0980759 -0.000498703 0.995179 0.292493
1 7 84 0.993273 0.0412678 -0.108195 0.96949 -0.0442083 0.998711 -0.0249207 -0.0922586 0.107027 0.0295361 0.993817 0.227105
1 8 56 0.983212 0.0710161 -0.168079 0.993133 -0.0720027 0.997404 0.000225685 -0.116495 0.167659 0.0118802 0.985773 0.0107416
1 9 34 0.97864 0.0817165 0.188641 -0.328668 -0.0776258 0.996561 -0.0289846 -0.0666405 -0.190361 0.013722 0.981618 0.942091
1 10 17 0.990966 0.0662581 0.116604 0.0945827 -0.0686051 0.997512 0.0162263 0.0948351 -0.115238 -0.0240793 0.993046 -0.99099
1 11 34 0.979403 0.195204 0.0516249 0.359298 -0.199107 0.976174 0.0862612 -0.0884516 -0.0335564 -0.0947634 0.994934 -0.929022
1 12 47 0.985048 0.117653 -0.125851 0.616962 -0.111158 0.99214 0.0574681 -0.0125675 0.131623 -0.0426195 0.990383 -0.786892
1 13 15 0.989605 0.141383 0.0263167 0.290972 -0.142676 0.988164 0.0563594 -0.0276683 -0.018037 -0.0595283 0.998064 0.956331
1 14 21 0.814181 0.574619 0.0832039 -0.0263448 -0.579383 0.794757 0.180765 -0.103957 0.0377438 -0.195382 0.980001 -0.994233
1 15 14 0.346728 -0.889021 0.299033 0.368173 0.929161 0.369131 0.0200596 0.00200392 -0.128216 0.270894 0.954032 0.929755
1 16 15 -0.430422 -0.898981 0.0810577 0.300814 0.895199 -0.436652 -0.0891834 -0.187595 0.115568 0.0341763 0.992711 0.93505
1 17 61 -0.600938 0.0644351 0.796694 -0.0994403 0.276258 0.952062 0.131378 -0.147105 -0.750037 0.299043 -0.589931 0.98411
1 18 33 -0.997367 0.0445109 -0.0572512 0.298854 0.0289811 0.968334 0.24797 -0.153805 0.0664757 0.245658 -0.967075 0.941823
1 19 13 0.609416 0.733593 0.300755 0.325275 -0.792477 0.551969 0.259442 -0.147296 0.0243173 -0.39645 0.917734 0.934077
1 20 25 -0.646267 -0.708878 -0.282543 0.303822 -0.693397 0.390888 0.605315 -0.254059 -0.318652 0.58711 -0.744153 0.91823
1 21 17 -0.863762 -0.465813 -0.192181 0.333808 0.500881 -0.835378 -0.226409 0.114147 -0.0550796 -0.291823 0.954885 -0.935705
1 22 21 0.567785 -0.733312 0.373996 0.223157 0.760809 0.640954 0.101722 -0.252491 -0.314308 0.226784 0.921835 0.941514
1 23 10 0.962471 -0.269319 0.0334237 -0.261752 0.270831 0.945319 -0.181721 0.13832 0.0173449 0.183953 0.982782 -0.955172
1 24 10 0.933049 -0.315759 -0.172385 0.0993588 0.284586 0.940974 -0.183243 0.152456 0.22007 0.121916 0.967835 -0.983303
1 25 27 0.169068 -0.952849 -0.251981 -0.208491 0.933313 0.0726089 0.351645 -0.304413 -0.316769 -0.294629 0.901583 0.929443
1 26 23 -0.654471 0.54169 0.527485 -0.403817 0.505283 0.832337 -0.227826 0.228986 -0.562455 0.117424 -0.818447 0.885718
1 27 13 0.790292 0.402314 -0.46215 0.188886 -0.40493 0.908988 0.0988558 0.119824 0.45986 0.109013 0.881275 -0.974661
1 28 27 -0.994538 0.103849 -0.0105149 0.00502688 0.103547 0.994284 0.0260378 0.000424857 0.0131588 0.0248067 -0.999606 0.999987
1 29 14 -0.945108 0.320435 -0.0639636 0.235514 -0.326728 -0.924154 0.197958 -0.0504864 0.00432052 0.207991 0.978121 -0.970559
1 30 32 -0.731094 -0.393584 0.557309 -0.307655 0.652632 -0.641583 0.403042 -0.101069 0.198929 0.658379 0.725923 0.946115
1 31 16 0.1783 -0.977793 -0.110134 -0.186496 0.890814 0.207943 -0.403992 0.175383 0.417922 -0.0260776 0.908109 -0.966675
1 32 25 -0.654572 0.631319 0.415899 -0.299777 0.703604 0.709973 0.0296707 -0.0796803 -0.276546 0.31205 -0.908927 0.950676
1 33 38 0.802733 0.0325408 0.595451 -0.232761 -0.565213 0.359895 0.742301 -0.0888417 -0.190145 -0.932425 0.307292 0.968468
1 34 12 -0.686139 -0.655901 0.314655 -0.305389 0.672233 -0.736987 -0.0703792 -0.047582 0.278058 0.163231 0.946593 -0.951038
1 35 13 -0.926203 -0.294809 0.235022 0.0198474 0.315588 -0.947274 0.0554551 -0.288334 0.206282 0.125533 0.970407 -0.957324
1 36 14 0.0777407 0.99387 -0.0786049 0.186491 -0.983621 0.0893215 0.156562 0.212748 0.162623 0.0651462 0.984535 -0.959145
1 37 10 0.336987 0.93618 0.100033 -0.105174 -0.84792 0.25559 0.464442 -0.273759 0.409234 -0.241331 0.879936 -0.95603
1 38 11 0.698713 -0.5731 -0.428201 -0.083719 0.602712 0.794016 -0.0792341 -0.000881386 0.385408 -0.20272 0.900203 0.996489
1 39 10 -0.931127 0.000300316 0.364695 0.213998 -0.0952453 -0.965494 -0.242382 -0.160127 0.352038 -0.260424 0.899026 0.96362
1 40 17 -0.752819 -0.599794 0.27113 -0.287148 0.573509 -0.799846 -0.177015 0.194142 0.323035 0.0222359 0.946126 -0.938006
1 41 31 -0.618093 -0.733632 -0.282391 -0.0284477 -0.76552 0.643399 0.00405466 -0.0158483 0.178715 0.218682 -0.959291 0.99947
1 42 27 -0.649901 0.602138 0.463745 -0.116569 0.663813 0.746857 -0.039457 0.0233646 -0.37011 0.282197 -0.88509 0.992908
1 43 29 0.590383 -0.748998 0.30075 -0.29703 -0.640979 -0.661537 -0.38925 0.240611 0.490504 0.0370321 -0.870652 0.924056
1 44 31 0.824741 -0.0422882 0.563928 -0.191716 -0.00688397 -0.997877 -0.0647617 -0.0417632 0.565469 0.0495295 -0.823281 0.980561
1 45 20 -0.720056 0.671282 0.175781 0.33328 -0.693243 -0.684743 -0.224814 0.155895 -0.0305492 -0.283737 0.958415 0.92985
1 46 28 -0.845367 0.417287 0.333507 -0.0023831 0.419183 0.905195 -0.070052 0.113877 -0.331121 0.0805808 -0.940141 0.993492
1 47 16 -0.677989 0.730225 -0.084277 0.191539 -0.734819 -0.670279 0.103767 0.276639 0.0192842 0.132281 0.991025 0.941692
1 48 20 -0.903005 0.428434 0.0320357 0.360296 -0.429453 -0.897985 -0.09588 0.270842 -0.0123107 -0.100338 0.994877 -0.892654
1 49 0 1 0 0 0 0 1 0 0 0 0 1 0
1 50 17 -0.62933 -0.777024 0.0133118 -0.222032 0.743183 -0.606752 -0.282012 0.0530854 0.227207 -0.167585 0.959319 0.973593
1 51 31 -0.627537 0.756501 0.184128 -0.103934 0.777903 0.619109 0.107569 -0.0728482 -0.0326188 0.210738 -0.976998 0.991913
1 52 16 0.98566 0.148055 -0.0809523 -0.26397 -0.149684 0.988629 -0.0144114 0.262174 0.0778981 0.026322 0.996614 -0.928216
1 53 12 0.202994 -0.862596 -0.463381 -0.407281 0.9791 0.184859 0.0847951 -0.282814 0.0125165 -0.470909 0.882093 0.868412
1 54 23 -0.597801 0.780547 0.182704 0.0616602 0.716017 0.622384 -0.316162 0.18128 -0.360492 -0.0581826 -0.930946 0.981497
1 55 35 -0.061885 0.97885 0.194993 -0.0679807 0.798221 0.165824 -0.57909 0.287723 -0.599177 0.119811 -0.791601 0.955298
1 56 28 -0.63654 -0.631216 0.44315 -0.352304 -0.380135 0.756728 0.531846 -0.241399 -0.671054 0.170085 -0.721635 0.904217
1 57 31 -0.918164 -0.293148 -0.266531 0.170054 -0.367056 0.882616 0.293698 -0.102876 0.149148 0.367495 -0.917988 0.98005
1 58 24 -0.538142 -0.842781 0.0111031 -0.10089 -0.744946 0.481751 0.461487 -0.30808 -0.394282 0.240074 -0.887077 0.945996
1 59 24 0.472847 0.859491 0.194142 -0.166268 0.847436 -0.503941 0.16702 -0.310055 0.241389 0.0855479 -0.96665 0.936067
1 60 12 0.395109 -0.897844 -0.194332 -0.0683567 0.865619 0.434707 -0.248464 -0.165162 0.307559 -0.0700472 0.948947 0.983895
1 61 17 -0.727239 0.679807 0.0947893 0.301893 -0.670831 -0.733182 0.111489 0.00113673 0.145289 0.0174919 0.989235 -0.953341
1 62 14 -0.803366 0.581593 0.127878 -0.177056 -0.569239 -0.813092 0.121854 -0.107771 0.174846 0.0251006 0.984276 -0.978283
1 63 27 -0.378494 0.898772 -0.221251 0.271617 -0.925599 -0.36832 0.0872223 0.245202 -0.00309829 0.237803 0.971308 0.930645
1 64 49 0.827894 0.0293594 -0.560115 0.253402 -0.206843 -0.912261 -0.353549 0.206025 -0.521351 0.408557 -0.749183 0.945167
1 65 17 0.674676 -0.703369 -0.223794 0.193565 0.622239 0.705075 -0.34013 0.0696932 0.397028 0.0902244 0.913361 0.978609
1 66 19 0.342837 -0.936146 0.0780533 0.408787 0.900186 0.303638 -0.312201 0.190572 0.268566 0.177297 0.946804 0.892511
1 67 25 0.440447 0.8149 -0.376756 0.421778 0.894732 -0.432973 0.109493 0.0744096 -0.0738992 -0.385321 -0.919819 0.903641
1 68 22 0.941027 0.333102 -0.0592641 -0.0306507 -0.338103 0.932295 -0.128498 0.236994 0.0124489 0.140957 0.989937 -0.971027
1 69 34 -0.53469 -0.843982 -0.0424328 -0.0249919 -0.762097 0.4599 0.455742 -0.314333 -0.365123 0.276019 -0.8891 0.948984
1 70 37 -0.335057 -0.929291 -0.155417 0.167143 -0.774707 0.177839 0.606796 -0.287859 -0.536251 0.323714 -0.779515 0.942974
1 71 19 0.331022 -0.938957 0.0937226 0.183887 0.939854 0.3192 -0.1216 -0.244555 0.0842608 0.128338 0.988144 0.952039
1 72 37 -0.114217 -0.944178 -0.309001 0.250603 -0.663966 -0.158818 0.730703 -0.260423 -0.738988 0.288625 -0.608763 0.932404
1 73 16 0.911847 0.0660831 -0.405177 0.122425 0.0219206 0.977714 0.208794 -0.041195 0.409945 -0.19927 0.890077 -0.991622
1 74 57 -0.912774 0.179672 -0.366826 0.314766 -0.238714 -0.96338 0.122128 -0.116354 -0.331449 0.199042 0.922238 0.942011
1 75 18 -0.962706 -0.262674 -0.0648017 0.251026 0.269997 -0.94807 -0.168123 -0.11866 -0.0172751 -0.179349 0.983634 0.96068
1 76 24 0.776333 0.589184 0.223983 0.126323 -0.63007 0.735425 0.249323 -0.143091 -0.017826 -0.334683 0.942162 0.981615
1 77 41 -0.306839 0.930839 0.198468 0.015674 0.708671 0.362643 -0.605208 0.347042 -0.635324 -0.045053 -0.770931 0.937719
1 78 32 0.621017 0.711427 -0.328952 0.286177 0.525531 -0.689317 -0.498658 0.14989 -0.581511 0.136801 -0.801954 0.94638
1 79 30 -0.852264 -0.514203 -0.0961361 0.121128 -0.497509 0.739955 0.452715 -0.289552 -0.161651 0.433661 -0.886457 0.949467
1 80 55 0.0210072 -0.841569 -0.539742 0.329532 -0.842512 -0.305555 0.443633 -0.193 -0.538268 0.445419 -0.71545 0.924208
1 81 17 -0.842224 0.538927 -0.0147083 0.313912 -0.49628 -0.785658 -0.369389 -0.0857401 -0.210629 -0.303809 0.929158 0.945573
1 82 14 -0.932343 -0.360508 -0.0277432 0.228382 0.336625 -0.893459 0.297346 0.128733 -0.131983 0.26789 0.954367 0.965023
1 83 14 0.840746 -0.521479 -0.145621 0.10172 0.509102 0.852961 -0.115202 -0.0746947 0.184285 0.0227197 0.98261 0.992005
1 84 10 0.642187 0.753463 -0.141026 0.102273 -0.650404 0.632949 0.41994 -0.146543 0.405672 -0.177956 0.896528 -0.983903
1 85 18 -0.0732864 0.986539 0.146183 -0.214606 -0.982822 -0.0963356 0.157415 -0.255922 0.169379 -0.132135 0.976653 -0.942575
1 86 30 -0.707715 0.638691 0.302015 0.0419225 0.531189 0.762882 -0.368576 0.205439 -0.465809 -0.10042 -0.879169 0.977772
1 87 11 0.990688 -0.13167 -0.0346557 -0.0192893 0.122971 0.974558 -0.187391 0.223116 0.0584479 0.181384 0.981674 -0.974601
1 88 18 0.872541 0.23979 -0.425643 0.416012 0.317165 -0.940722 0.120203 -0.133248 -0.371589 -0.239881 -0.896872 0.899544
1 89 42 0.187178 0.477148 -0.858658 0.389983 0.148 -0.877828 -0.455538 -0.0334499 -0.971113 -0.0418147 -0.234928 0.920214
1 90 17 -0.639605 0.672388 0.372559 -0.299522 -0.750591 -0.650872 -0.113923 0.200004 0.165888 -0.352506 0.920989 -0.932891
1 91 13 -0.907345 0.337085 0.251195 -0.315078 -0.389765 -0.898432 -0.202245 0.104349 0.157508 -0.281413 0.946572 -0.943312
1 92 29 0.785973 -0.239485 -0.569995 0.152642 0.00764815 -0.918095 0.396287 -0.267491 -0.618214 -0.31583 -0.719766 0.951393
1 93 31 0.840872 -0.413875 -0.348772 0.384393 0.41611 0.906427 -0.0724008 -0.209434 0.346101 -0.0842477 0.934407 0.899099
1 94 25 0.755647 0.179876 -0.629796 0.077855 0.353004 -0.921792 0.160271 -0.18581 -0.551712 -0.343429 -0.760046 0.979496
1 95 29 -0.795992 0.520996 0.308155 0.00612564 0.573014 0.812631 0.106234 -0.123061 -0.195069 0.261139 -0.945386 0.99238
1 96 12 0.0645085 -0.996511 0.0529565 -0.0373564 0.809924 0.021281 -0.586148 0.283134 0.582976 0.0807023 0.808471 -0.958352
1 97 15 -0.384986 0.85582 0.345483 0.218402 -0.886481 -0.44705 0.119576 -0.269601 0.256783 -0.260229 0.930776 0.937878
1 98 33 0.913606 -0.0188423 0.406164 0.0265791 0.0527143 -0.985006 -0.164268 -0.101178 0.403169 0.171487 -0.898914 0.994513
1 99 16 -0.985913 -0.16519 0.0262424 0.259904 0.151135 -0.947037 -0.283337 -0.0242745 0.0716571 -0.27538 0.958661 -0.965329
1 100 32 0.452164 0.534996 -0.713671 0.307091 -0.0605884 0.816714 0.573854 -0.303324 0.889874 -0.216236 0.401703 0.902047
1 101 43 -0.703751 -0.158195 0.69261 -0.327915 0.0965799 0.944541 0.31387 -0.204346 -0.703851 0.287779 -0.649443 0.922342
1 102 13 -0.176086 0.983198 0.0481097 0.260282 -0.958166 -0.182395 0.220565 0.1167 0.225635 -0.00725866 0.974185 -0.958454
1 103 14 0.898704 -0.431981 0.0756538 -0.338597 0.437866 0.893507 -0.099589 0.0829358 -0.0245767 0.122627 0.992148 -0.937269
1 104 11 0.862843 0.421321 0.279269 -0.137864 -0.373549 0.903703 -0.209243 -0.175476 -0.340535 0.076223 0.937137 0.974783
1 105 16 0.996281 0.0716061 0.0479168 0.381538 -0.0661729 0.992087 -0.106699 0.173769 -0.0551779 0.103131 0.993136 -0.907873
1 106 12 0.972573 -0.127332 0.194649 -0.175394 0.106984 0.987962 0.111737 -0.0229527 -0.206534 -0.0878478 0.974488 0.984231
1 107 27 0.159656 -0.987151 -0.0064861 -0.0240531 -0.964044 -0.157326 0.214167 -0.208739 -0.212436 -0.0279401 -0.976776 0.977676
1 108 39 0.421148 -0.89161 -0.166332 0.045956 -0.658845 -0.426772 0.619506 -0.226085 -0.623344 -0.151317 -0.767167 0.973023
1 109 12 -0.957851 0.130735 0.255792 -0.111393 -0.181042 -0.966076 -0.184176 0.124982 0.223037 -0.222722 0.949026 -0.985886
1 110 26 0.725705 0.381359 -0.572641 -0.059041 -0.369026 0.918221 0.14384 -0.163638 0.580666 0.106934 0.807089 0.984752
1 111 40 -0.864906 0.121153 -0.487094 0.137804 0.0487168 0.986113 0.158768 -0.101764 0.499565 0.11359 -0.858797 0.985218
1 112 14 0.90496 0.292821 -0.308713 0.0411604 -0.283329 0.955989 0.0762254 -0.0146711 0.317446 0.0184864 0.948096 0.999045
1 113 38 0.862983 -0.343946 -0.370084 0.0173696 -0.223087 -0.916633 0.331687 -0.252809 -0.453313 -0.203679 -0.867768 0.96736
1 114 24 0.938387 -0.345465 0.00917899 -0.189869 -0.344008 -0.931236 0.120239 -0.133817 -0.0329905 -0.115988 -0.992703 0.972647
1 115 21 0.891793 0.117728 -0.436859 0.167792 0.0629736 -0.988453 -0.137824 -0.0788897 -0.44804 0.0953995 -0.888909 0.982661
1 116 13 0.754768 0.454678 -0.472857 0.363836 -0.398418 0.890379 0.2202 0.0442166 0.521142 0.0221949 0.853181 -0.930413
1 117 43 0.442416 -0.630966 -0.637299 0.258311 -0.717798 -0.675145 0.170137 -0.0601135 -0.537619 0.38218 -0.751601 0.96419
1 118 26 0.795289 0.60622 0.00352404 -0.223258 -0.605283 0.793708 0.0604908 0.281944 0.0338737 -0.0502407 0.998163 -0.933093
1 119 24 0.872348 -0.0731469 -0.483382 0.0520662 0.0744768 0.997087 -0.0164757 -0.0603507 0.483178 -0.0216281 0.875255 0.996818
1 120 39 -0.722489 0.292358 0.626527 -0.237094 0.409443 0.911124 0.0469959 -0.111469 -0.557105 0.290481 -0.777981 0.965071
1 121 21 0.640956 -0.644541 -0.416824 -0.391836 0.595724 0.760153 -0.259384 0.0983412 0.484034 -0.0820587 0.871193 0.914764
1 122 23 -0.853539 0.493473 -0.167198 0.262401 0.429101 0.84779 0.311649 -0.280119 0.295539 0.19426 -0.935371 0.923406
1 123 51 0.42985 -0.508449 -0.746129 0.0501275 -0.715867 -0.695519 0.0615447 -0.0455184 -0.55024 0.507674 -0.66295 0.997705
1 124 17 0.480514 0.789179 -0.382495 0.241175 -0.785963 0.581012 0.211392 -0.0259087 0.389061 0.19905 0.89945 -0.970136
1 125 28 0.763746 -0.541888 -0.350784 -0.396459 0.533765 0.835748 -0.128915 -0.219235 0.363024 -0.0887779 0.927541 0.891491
1 126 32 -0.994174 -0.105424 -0.0224486 -0.0437502 -0.106503 0.992843 0.0540407 -0.0230514 0.0165908 0.0561167 -0.998286 0.998777
1 127 32 0.776402 0.455277 0.435802 -0.34942 0.359647 -0.887902 0.286853 -0.0617276 0.517547 -0.0659783 -0.853108 0.934931
1 128 29 -0.636209 0.709167 -0.303841 -0.056091 -0.674525 -0.702444 -0.22713 0.0377473 -0.374505 0.0604459 0.925253 0.997712
1 129 35 0.390596 0.294309 0.872248 -0.292634 -0.517413 -0.713499 0.472444 -0.236444 0.761393 -0.635847 -0.126411 0.926531
1 130 21 0.851584 0.282706 -0.441454 0.299848 -0.2112 0.955776 0.204662 -0.105062 0.479791 -0.081052 0.873631 -0.948184
1 131 39 0.844823 0.195448 0.49807 -0.123356 0.105821 -0.973541 0.202535 -0.266953 0.524477 -0.118399 -0.843152 0.955782
1 132 21 0.985536 0.114345 -0.125073 -0.111475 -0.109876 0.993054 0.0420899 0.0505227 0.129017 -0.0277386 0.991254 -0.992482
1 133 0 1 0 0 0 0 1 0 0 0 0 1 0
1 134 18 0.982303 0.17772 -0.0591266 -0.0751673 -0.170946 0.9797 0.104715 -0.0277173 0.0765363 -0.0927543 0.992743 -0.996786
1 135 16 0.536113 -0.734396 -0.416228 0.203579 0.704369 0.660932 -0.258908 0.172654 0.465239 -0.154374 0.87162 -0.963715
1 136 20 0.98113 0.189196 -0.0398711 0.0704741 -0.186506 0.980438 0.0629091 0.175291 0.0509933 -0.0542857 0.997223 -0.981991
1 137 28 0.876746 -0.386438 -0.286326 0.331997 0.383278 0.92102 -0.0694305 0.12954 0.290543 -0.0488696 0.955613 -0.934343
1 138 23 0.791805 -0.583071 0.181862 0.18254 -0.452308 -0.759867 -0.466926 0.211029 0.410442 0.287456 -0.865394 0.960284
1 139 24 -0.302221 0.9532 0.0084523 0.387603 -0.93807 -0.298976 0.175035 0.156229 0.16937 0.0449705 0.984526 -0.908491
1 140 56 0.368054 -0.882034 0.294199 -0.252933 0.480479 0.45131 0.75197 -0.122104 -0.796038 -0.135409 0.589905 0.959748
1 141 19 -0.0931746 -0.880185 0.465396 0.274023 0.982261 -0.00486407 0.187455 -0.198266 -0.162731 0.474606 0.865025 0.941064
1 142 17 -0.601694 -0.798698 0.00682672 -0.180063 0.768884 -0.581506 -0.265834 0.0426482 0.216291 -0.154702 0.963995 0.98273
1 143 10 0.901825 -0.298963 0.311982 -0.257326 0.190995 0.923447 0.332815 -0.278679 -0.387598 -0.240554 0.889888 -0.925268
1 144 36 0.989152 -0.14016 -0.0439722 0.300799 0.145329 0.977332 0.153954 -0.0210137 0.0213972 -0.158674 0.987099 -0.953456
1 145 54 0.989957 0.0397391 -0.135667 0.368638 -0.0292704 0.9965 0.0783063 0.0850928 0.138304 -0.0735488 0.987655 -0.92567
1 146 60 0.97459 0.106769 -0.196914 0.568576 -0.09176 0.992244 0.0838546 0.0270879 0.20434 -0.0636551 0.976828 -0.822184
1 147 55 0.958778 0.181513 -0.218627 0.554214 -0.152648 0.977952 0.142506 -0.0743702 0.239673 -0.103259 0.965347 -0.829045
1 148 48 0.961938 0.195881 -0.190542 0.547822 -0.175554 0.97732 0.118435 -0.0391429 0.209419 -0.0804764 0.974509 -0.835679
1 149 59 0.946607 0.257726 -0.193683 0.708253 -0.238173 0.96395 0.118638 -0.138292 0.217277 -0.066173 0.973864 -0.692281
1 150 24 0.940509 0.286514 0.182628 -0.957594 -0.289896 0.957021 -0.00849042 0.225868 -0.177211 -0.0449577 0.983145 0.178879
1 151 46 0.90659 0.278559 -0.317016 0.985441 -0.276742 0.959551 0.0517297 -0.157432 0.318603 0.0408342 0.947008 -0.0641997
1 152 25 0.954326 0.277273 0.111268 -0.410554 -0.266176 0.958205 -0.104847 -0.00891239 -0.135689 0.0704418 0.988244 0.911793
1 153 20 -0.916499 0.393791 0.0704103 0.185853 0.399505 0.910065 0.110355 -0.183026 -0.020621 0.12927 -0.991395 0.965381
1 154 34 -0.512311 0.662313 -0.546699 0.321328 0.349455 0.742269 0.571768 -0.288872 0.784487 0.101876 -0.611721 0.901832
1 155 35 0.601986 0.144694 0.785287 -0.748685 0.0438989 0.975961 -0.213479 0.147478 -0.797299 0.162985 0.581163 0.646313
1 156 27 -0.0543388 0.74694 -0.662668 0.171402 0.821989 0.410244 0.395012 -0.126832 0.566906 -0.523241 -0.636268 0.977003
