0 1 0 1 0 0 0 0 1 0 0 0 0 1 0
0 2 553 0.999611 0.0119985 -0.0251792 0.841792 -0.0118004 0.999898 0.00800141 -0.228951 0.0252727 -0.00770117 0.999651 0.488844
0 3 547 0.999168 0.0042209 -0.0405659 0.963228 -0.00399799 0.999976 0.00557459 -0.00536518 0.0405885 -0.00540777 0.999161 0.268631
0 4 484 0.994925 0.0345895 -0.094491 0.999802 -0.0348937 0.99939 -0.00156897 0.000829866 0.0943791 0.00485815 0.995524 0.0198653
0 5 369 0.992794 0.0535257 -0.107217 0.976292 -0.0543365 0.998512 -0.00465316 -0.0663754 0.106809 0.0104455 0.994225 0.206028
0 6 225 0.987452 0.0623495 -0.145093 0.977033 -0.060289 0.998008 0.0185596 -0.0583886 0.145961 -0.00957918 0.989244 0.204931
0 7 137 0.983606 0.0584357 -0.170601 0.990936 -0.0621847 0.997925 -0.0167101 -0.0892365 0.169271 0.027045 0.985198 0.100417
0 8 108 0.978462 0.0785325 -0.190905 0.995943 -0.0815985 0.996631 -0.00824024 -0.0753454 0.189614 0.0236403 0.981574 0.0491924
0 9 71 0.991878 0.125592 -0.0200982 0.779423 -0.124795 0.991494 0.0369507 -0.124017 0.024568 -0.0341425 0.999115 0.614101
0 10 18 0.889302 -0.0129571 0.457137 -0.0354022 0.0193682 0.999769 -0.00934084 -0.106116 -0.45691 0.0171607 0.889347 0.993723
0 11 36 0.987505 0.0232596 0.155863 -0.105785 -0.0265665 0.999463 0.019167 -0.383517 -0.155333 -0.0230683 0.987593 0.917455
0 12 29 0.929522 0.34574 -0.128269 0.541447 -0.322932 0.931109 0.16956 -0.187815 0.178056 -0.116188 0.977137 0.819488
0 13 23 0.92267 0.272106 -0.2732 0.838086 -0.25732 0.962191 0.0893003 -0.0110312 0.28717 -0.0120949 0.957803 -0.545426
0 14 23 0.468618 0.348351 -0.811818 0.92596 -0.244231 0.934239 0.2599 -0.124301 0.848969 0.0764775 0.522879 0.356576
0 15 12 -0.986936 0.0145886 -0.160454 0.407912 0.0137728 -0.984608 -0.174236 0.202812 -0.160526 -0.17417 0.971543 0.890211
0 16 13 0.0408601 -0.881407 0.470587 0.46589 0.960015 -0.0959146 -0.263004 0.296969 0.276949 0.462517 0.842245 0.83352
0 17 0 1 0 0 0 0 1 0 0 0 0 1 0
0 18 15 0.204988 -0.473593 0.856557 -0.356249 -0.0773924 0.864558 0.496538 -0.175512 -0.9757 -0.168075 0.140572 0.917759
0 19 17 0.757757 -0.0941702 -0.645706 0.485105 -0.576187 -0.561029 -0.594353 0.280297 -0.30629 0.822422 -0.479383 0.828316
0 20 13 0.363391 -0.770186 0.524176 -0.141504 0.175055 0.609066 0.773559 0.0433652 -0.915043 -0.189344 0.356154 0.988987
0 21 17 -0.0889061 0.92554 0.368064 -0.246257 0.867948 0.25327 -0.427225 0.368056 -0.488633 0.281477 -0.825838 0.8966
0 22 0 1 0 0 0 0 1 0 0 0 0 1 0
0 23 0 1 0 0 0 0 1 0 0 0 0 1 0
0 24 15 -0.0497796 0.597643 -0.800216 0.510629 -0.45102 -0.728315 -0.515886 0.248746 -0.891125 0.335232 0.305804 0.823033
0 25 0 1 0 0 0 0 1 0 0 0 0 1 0
0 26 11 0.589404 0.806244 0.0507307 0.277538 -0.759377 0.574376 -0.305679 0.358147 -0.27559 0.141644 0.950782 -0.891461
0 27 11 -0.410461 0.900667 -0.142549 0.234098 0.13481 -0.0946709 -0.986338 0.855421 -0.901858 -0.424071 -0.0825606 0.462009
0 28 11 0.613038 -0.149356 -0.775807 0.0826062 0.701164 -0.349666 0.621372 -0.150646 -0.364079 -0.924893 -0.109635 0.985131
0 29 17 0.6609 0.520367 -0.540767 0.460136 -0.464742 0.84956 0.249524 -0.108953 0.589258 0.0864064 0.803311 0.881138
0 30 14 0.81724 -0.0971409 -0.568051 0.847915 -0.446943 0.515428 -0.731147 0.526262 0.363814 0.851409 0.377812 0.0639428
0 31 0 1 0 0 0 0 1 0 0 0 0 1 0
0 32 0 1 0 0 0 0 1 0 0 0 0 1 0
0 33 0 1 0 0 0 0 1 0 0 0 0 1 0
0 34 14 -0.99787 0.0593912 -0.0269678 -0.256894 0.063617 0.794866 -0.603441 0.331311 -0.0144033 -0.603872 -0.796951 0.907876
0 35 25 -0.775173 -0.62186 0.11134 -0.452577 -0.613849 0.783075 0.0999128 -0.147097 -0.14932 0.00910363 -0.988747 0.879509
0 36 13 -0.135847 0.977269 0.16276 -0.103045 -0.671998 0.0298236 -0.739952 0.275267 -0.727986 -0.209894 0.652672 0.955829
0 37 13 0.0746845 0.966494 -0.245583 -0.0784499 -0.835545 -0.0737763 -0.544446 0.29493 -0.544322 0.245857 0.80204 0.952293
0 38 0 1 0 0 0 0 1 0 0 0 0 1 0
0 39 11 -0.591488 -0.78163 0.197979 -0.167145 -0.635935 0.603174 0.481422 -0.145652 -0.495711 0.158854 -0.853836 0.975114
0 40 15 0.331117 0.594316 0.732906 -0.839286 -0.34125 0.79957 -0.494202 0.468348 -0.879722 -0.0864651 0.467561 0.276132
0 41 21 -0.21604 -0.88054 -0.421871 0.133489 -0.357509 0.473408 -0.805029 -0.108087 0.908578 -0.0230961 -0.417077 0.985138
0 42 17 0.306625 -0.573656 -0.759539 -0.246324 0.951645 0.200506 0.232743 0.256675 0.0187776 -0.794176 0.607398 0.934582
0 43 0 1 0 0 0 0 1 0 0 0 0 1 0
0 44 17 0.269511 -0.857883 0.437494 -0.438604 -0.50182 0.262634 0.824136 0.20591 -0.821913 -0.441657 -0.35972 0.874773
0 45 0 1 0 0 0 0 1 0 0 0 0 1 0
0 46 14 0.85797 0.509566 -0.0650445 -0.0599885 0.448931 -0.805305 -0.387226 0.174146 -0.249698 0.303028 -0.919688 0.982891
0 47 21 0.654897 0.0544265 0.753756 -0.504792 0.406251 -0.866384 -0.29041 0.0697618 0.637236 0.496403 -0.589503 0.860418
0 48 11 0.586755 0.809093 0.0329771 -0.148363 0.713513 -0.497326 -0.493524 0.148193 -0.382906 0.313107 -0.869107 0.977766
0 49 13 0.278419 0.951788 0.128769 -0.201082 0.947811 -0.293959 0.123463 -0.090007 0.155363 0.0876742 -0.983959 0.975431
0 50 10 -0.710385 0.408106 -0.573414 0.496464 0.363377 0.910408 0.197772 0.170154 0.602753 -0.067871 -0.795036 0.851218
0 51 13 0.253995 -0.925337 0.281494 -0.417026 -0.359591 0.179834 0.915617 0.0149207 -0.897876 -0.333784 -0.287065 0.908772
0 52 10 0.0219793 -0.999758 0.00037298 -0.173713 -0.883735 -0.0192541 0.467591 -0.172134 -0.467471 -0.0106069 -0.883945 0.969636
0 53 16 -0.557416 -0.264104 0.787106 -0.494626 -0.579181 0.802957 -0.140744 0.133067 -0.594842 -0.53433 -0.600545 0.858859
0 54 0 1 0 0 0 0 1 0 0 0 0 1 0
0 55 0 1 0 0 0 0 1 0 0 0 0 1 0
0 56 15 -0.779964 -0.498744 0.378036 -0.379302 -0.557581 0.279503 -0.781653 0.276979 0.284183 -0.820447 -0.496092 0.882843
0 57 14 0.721007 -0.659675 -0.21208 0.0229808 -0.606752 -0.748862 0.266566 -0.0326792 -0.334666 -0.0635165 -0.940194 0.999202
0 58 12 -0.719369 -0.638678 -0.273127 -0.432452 0.694607 -0.658334 -0.29003 0.376198 0.00542695 -0.398355 0.917215 0.819427
0 59 28 -0.675381 0.715929 0.176933 0.3962 -0.346971 -0.520186 0.780396 -0.0470438 0.650747 0.465674 0.59973 0.916958
0 60 11 -0.491606 0.833213 0.253139 -0.181166 0.830303 0.536128 -0.152196 0.0820749 -0.262527 0.135362 -0.955383 0.980022
0 61 15 0.866775 -0.195294 -0.458869 0.247156 0.399669 0.822361 0.404954 -0.0842262 0.298271 -0.534399 0.790855 0.965308
0 62 0 1 0 0 0 0 1 0 0 0 0 1 0
0 63 14 0.156093 0.950604 0.268304 -0.0889643 0.435749 0.1775 -0.882393 0.270638 -0.88643 0.254649 -0.386518 0.958562
0 64 15 -0.589922 0.478123 -0.650685 0.416853 0.459859 0.861325 0.215985 0.26788 0.663718 -0.171809 -0.727983 0.868605
0 65 0 1 0 0 0 0 1 0 0 0 0 1 0
0 66 0 1 0 0 0 0 1 0 0 0 0 1 0
0 67 39 0.898624 -0.419094 -0.129748 0.165205 -0.424935 -0.905007 -0.0198345 -0.000895197 -0.10911 0.0729583 -0.991349 0.986259
0 68 18 -0.0943858 -0.353185 0.93078 -0.401419 -0.589423 0.773295 0.233656 0.253248 -0.802291 -0.52657 -0.281163 0.880187
0 69 12 -0.0836527 -0.657829 0.748507 -0.368422 -0.83933 0.451405 0.302917 0.00531777 -0.537148 -0.602905 -0.589897 0.929644
0 70 11 -0.861769 0.43006 -0.269076 0.428919 -0.439053 -0.366562 0.820284 -0.761687 0.254138 0.825034 0.50471 -0.485656
0 71 15 -0.640877 -0.669523 0.37552 0.0434674 0.766508 -0.584729 0.265626 -0.00344964 0.0417344 0.458073 0.887934 0.999049
0 72 16 0.549293 -0.600022 -0.581593 0.445219 -0.78313 -0.612445 -0.107785 0.260548 -0.29152 0.514669 -0.806308 0.856677
0 73 11 0.366703 -0.818925 0.441464 0.202906 0.472191 -0.245028 -0.846757 -0.0748811 0.801602 0.518963 0.296836 0.976331
0 74 12 0.368024 0.920055 -0.134376 0.241845 0.659485 -0.360163 -0.65982 -0.120157 -0.655468 0.15421 -0.739311 0.962847
0 75 11 -0.0120892 0.989398 0.144726 0.00319018 0.747921 0.105012 -0.655429 0.35367 -0.663678 0.10032 -0.741261 0.935365
0 76 0 1 0 0 0 0 1 0 0 0 0 1 0
0 77 10 -0.782526 -0.609596 0.126672 0.0233411 -0.619735 0.782167 -0.0643699 0.213204 -0.0598388 -0.128874 -0.989854 0.976729
0 78 0 1 0 0 0 0 1 0 0 0 0 1 0
0 79 20 -0.481289 -0.843166 0.23965 -0.0386048 -0.728907 0.233111 -0.643704 0.223867 0.486884 -0.48449 -0.726783 0.973855
0 80 0 1 0 0 0 0 1 0 0 0 0 1 0
0 81 15 0.729228 -0.360406 0.581665 0.0204149 0.0432982 -0.824044 -0.564869 0.324937 0.6829 0.437103 -0.585311 0.945515
0 82 15 0.454516 -0.792765 0.406127 0.472658 -0.889371 -0.378644 0.256219 0.234032 -0.0493445 -0.477653 -0.877162 0.849602
0 83 0 1 0 0 0 0 1 0 0 0 0 1 0
0 84 13 0.0703303 -0.763457 0.642017 -0.104283 0.177406 0.642924 0.745101 -0.0453066 -0.981621 0.0614946 0.180659 0.993515
0 85 0 1 0 0 0 0 1 0 0 0 0 1 0
0 86 15 -0.782867 0.368722 -0.501163 0.475776 0.496931 0.855244 -0.147026 0.104461 0.374405 -0.364146 -0.852771 0.873341
0 87 0 1 0 0 0 0 1 0 0 0 0 1 0
0 88 0 1 0 0 0 0 1 0 0 0 0 1 0
0 89 12 0.67079 0.717345 0.1883 -0.304815 0.572028 -0.338825 -0.746982 0.120495 -0.472043 0.608781 -0.637621 0.944758
0 90 15 0.225911 -0.973758 0.027555 -0.0436048 0.51873 0.144191 0.842691 -0.228694 -0.82455 -0.176079 0.537692 0.972521
0 91 0 1 0 0 0 0 1 0 0 0 0 1 0
0 92 19 0.779446 0.348009 -0.520917 0.727347 0.455901 0.255204 0.852658 -0.230231 0.429672 -0.902087 0.0402597 0.646499
0 93 0 1 0 0 0 0 1 0 0 0 0 1 0
0 94 11 -0.199573 0.824961 0.528782 0.362553 -0.771996 -0.464723 0.433654 -0.241296 0.603484 -0.321672 0.729612 0.900184
0 95 15 0.756183 -0.575565 0.311307 -0.696588 0.647637 0.590273 -0.481813 0.383582 0.0935588 0.565952 0.819112 -0.606324
0 96 0 1 0 0 0 0 1 0 0 0 0 1 0
0 97 0 1 0 0 0 0 1 0 0 0 0 1 0
0 98 0 1 0 0 0 0 1 0 0 0 0 1 0
0 99 0 1 0 0 0 0 1 0 0 0 0 1 0
0 100 12 0.657923 -0.665394 -0.352686 0.00271736 -0.674872 -0.728765 0.115972 -0.113724 -0.334192 0.161718 -0.928527 0.993509
0 101 18 0.391246 0.119459 0.9125 -0.357726 -0.580094 -0.737738 0.345303 -0.240016 0.714435 -0.664434 -0.219339 0.902454
0 102 16 0.441579 -0.142624 -0.885814 0.307005 0.440733 -0.825479 0.352616 -0.010112 -0.781513 -0.546115 -0.301655 0.951654
0 103 0 1 0 0 0 0 1 0 0 0 0 1 0
0 104 15 -0.332924 -0.882392 -0.332485 0.128608 -0.54676 0.467918 -0.694339 0.370534 0.768254 -0.0493726 -0.638238 0.919872
0 105 0 1 0 0 0 0 1 0 0 0 0 1 0
0 106 0 1 0 0 0 0 1 0 0 0 0 1 0
0 107 12 0.707227 0.390925 0.589074 -0.216069 0.467365 -0.883701 0.0253401 0.23175 0.530472 0.257392 -0.807681 0.948476
0 108 16 -0.597846 0.801342 0.020783 0.638805 0.32888 0.221554 0.918015 -0.531031 0.731039 0.555667 -0.396001 0.556717
0 109 0 1 0 0 0 0 1 0 0 0 0 1 0
0 110 0 1 0 0 0 0 1 0 0 0 0 1 0
0 111 12 -0.874732 -0.145685 0.462191 -0.327768 -0.22689 0.965871 -0.124959 0.241005 -0.428212 -0.214172 -0.877932 0.913502
0 112 15 -0.387854 -0.660537 -0.642853 0.368718 0.501901 0.433629 -0.748372 0.0246996 0.773087 -0.612908 0.16334 0.929213
0 113 0 1 0 0 0 0 1 0 0 0 0 1 0
0 114 18 0.00427699 0.893394 0.449253 -0.354843 0.67607 0.328444 -0.659586 0.320229 -0.736825 0.306548 -0.602592 0.878373
0 115 0 1 0 0 0 0 1 0 0 0 0 1 0
0 116 0 1 0 0 0 0 1 0 0 0 0 1 0
0 117 14 0.28826 -0.798815 0.528016 -0.468296 -0.953326 -0.29116 0.0799657 0.0435963 0.0898596 -0.526423 -0.845461 0.882496
0 118 15 -0.519064 0.149275 -0.841599 0.402114 -0.429713 0.805576 0.407915 -0.547914 0.738863 0.57338 -0.354 0.73355
0 119 17 0.237452 -0.923131 -0.3024 -0.0297803 0.809458 0.360134 -0.463767 0.371954 0.537023 -0.134658 0.832751 0.927773
0 120 11 0.976255 -0.0130735 -0.21623 -0.213973 0.0479097 0.986489 0.156663 -0.0674117 0.21126 -0.163303 0.963692 -0.974511
0 121 0 1 0 0 0 0 1 0 0 0 0 1 0
0 122 15 -0.961002 0.0846303 0.263274 -0.153231 -0.199908 -0.870414 -0.449907 -0.279874 0.191082 -0.484992 0.853388 0.947729
0 123 28 -0.140863 0.318641 0.93735 -0.699305 0.52582 0.826294 -0.20187 0.0883143 -0.838851 0.464442 -0.283942 0.709347
0 124 20 0.797765 0.365042 -0.479911 0.174679 -0.387112 0.920299 0.0565179 0.28043 0.462293 0.140691 0.875495 -0.943847
0 125 32 0.840739 0.292433 -0.455676 -0.768787 -0.271294 0.955854 0.112879 0.2425 0.46857 0.0287208 0.88296 0.591744
0 126 48 0.925692 0.222265 0.306092 -0.954021 -0.212089 0.974981 -0.0665653 0.155872 -0.313229 -0.00329993 0.949672 0.256024
0 127 42 0.885376 0.411231 -0.216789 -0.339268 -0.438786 0.893282 -0.0975391 0.550609 0.153543 0.181483 0.971333 -0.762711
0 128 66 0.855586 0.406687 -0.320279 -0.0750513 -0.443255 0.895138 -0.0474616 0.451248 0.267392 0.182573 0.946134 -0.889237
0 129 46 0.904718 0.316999 -0.284601 -0.038354 -0.277079 0.945307 0.172112 0.00637225 0.323594 -0.0768562 0.943069 -0.999244
0 130 76 0.941143 0.280012 -0.189324 -0.122035 -0.304756 0.94522 -0.116971 0.428123 0.146199 0.167784 0.974923 -0.895443
0 131 99 0.95005 0.265817 -0.163539 -0.0910067 -0.282816 0.954853 -0.090941 0.366271 0.131983 0.13265 0.982336 -0.926047
0 132 109 0.966004 0.247523 -0.0746218 -0.139458 -0.253911 0.962674 -0.093743 0.343368 0.048633 0.109503 0.992796 -0.928789
0 133 89 0.969716 0.220806 -0.104384 -0.0110188 -0.23162 0.966989 -0.106231 0.356484 0.0774817 0.127191 0.988847 -0.934237
0 134 117 0.9621 0.223518 -0.156214 0.130199 -0.235576 0.969795 -0.063254 0.31214 0.137357 0.0976569 0.985696 -0.941072
0 135 111 0.96762 0.218345 -0.126634 0.161551 -0.215174 0.975822 0.0383749 0.20753 0.131952 -0.00988394 0.991207 -0.964797
0 136 89 0.965238 0.221125 -0.139351 0.268344 -0.214275 0.974767 0.0625711 0.174974 0.149671 -0.0305365 0.988264 -0.947299
0 137 67 0.97553 0.196784 -0.0980671 0.338116 -0.191957 0.979774 0.0565324 0.140746 0.107208 -0.0363243 0.993573 -0.93052
0 138 19 0.944112 0.0402478 0.327158 -0.340694 -0.132446 0.955192 0.264702 -0.295739 -0.301845 -0.293239 0.907139 -0.89245
0 139 43 0.995053 0.0337093 0.0934471 0.290394 -0.0377817 0.998396 0.0421583 0.184781 -0.0918761 -0.0454803 0.994731 -0.938897
0 140 32 0.984128 -0.0552291 0.168646 0.251837 0.0412945 0.995521 0.085046 0.19755 -0.172587 -0.076732 0.982001 -0.947392
0 141 68 0.950956 -0.207063 0.229797 0.156668 0.172194 0.971514 0.162819 0.132728 -0.256965 -0.115264 0.959522 -0.978692
0 142 63 0.944514 -0.277361 0.175965 0.144423 0.251959 0.955468 0.153614 0.148532 -0.210736 -0.100755 0.972337 -0.978305
0 143 47 0.95745 -0.274422 0.0893392 0.172556 0.258714 0.953326 0.15568 0.0952383 -0.127891 -0.125943 0.983759 -0.980385
0 144 85 0.986927 -0.159825 -0.0207739 0.239367 0.16109 0.982247 0.0961304 0.138421 0.00504106 -0.0982201 0.995152 -0.961012
0 145 201 0.987758 0.0495992 -0.147896 0.409756 -0.0384547 0.996267 0.0772851 0.101277 0.151177 -0.0706518 0.985979 -0.906556
0 146 207 0.981025 0.0963373 -0.168254 0.502533 -0.0898966 0.994911 0.045504 0.147962 0.171782 -0.0295151 0.984693 -0.851803
0 147 228 0.9556 0.188699 -0.226321 0.62355 -0.164359 0.978811 0.122124 0.00513119 0.24457 -0.0795035 0.966367 -0.781767
0 148 224 0.913818 0.218321 -0.34245 0.965134 -0.177609 0.973142 0.146459 -0.100659 0.365227 -0.0730148 0.928051 -0.241629
0 149 171 0.893074 0.283094 -0.34968 0.918921 -0.236966 0.956656 0.169285 -0.229089 0.382447 -0.0683215 0.921448 -0.321097
0 150 47 0.923363 0.339365 -0.179532 0.770782 -0.330388 0.94056 0.0786774 -0.252078 0.195561 -0.0133326 0.980601 -0.585109
0 151 64 0.911168 0.307703 -0.274029 0.928745 -0.31916 0.947696 0.00291942 -0.144828 0.260595 0.0847991 0.961717 -0.341259
0 152 67 0.860839 0.321124 -0.394759 0.957738 -0.326816 0.943496 0.0548276 -0.284514 0.39006 0.0818157 0.917147 0.0423031
0 153 23 0.226203 -0.97399 0.0132761 0.413069 -0.696325 -0.152156 0.701413 -0.364091 -0.681149 -0.167906 -0.712631 0.834753
0 154 47 0.844522 0.475775 -0.245806 0.736054 -0.412372 0.870605 0.268321 -0.37875 0.341661 -0.12524 0.931441 0.561047
0 155 34 0.756884 0.500802 -0.419909 0.753685 -0.390773 0.86179 0.323442 -0.396508 0.523854 -0.0807193 0.847975 0.524157
0 156 40 0.781315 0.43271 -0.449787 0.934256 -0.406427 0.899654 0.159501 -0.353254 0.47367 0.0581845 0.878778 0.0487467
0 157 19 0.97254 0.0636774 0.223854 -0.217045 -0.0662807 0.997792 0.00412704 0.226092 -0.223097 -0.0188509 0.974614 0.949618
0 158 38 0.782698 0.364696 -0.504362 0.909461 -0.303405 0.931111 0.20243 -0.319537 0.543442 -0.00541554 0.839429 0.266041
0 159 31 0.845088 0.364179 -0.391407 0.957575 -0.337051 0.931213 0.138706 -0.28689 0.414997 0.0147057 0.909704 -0.0273015
0 160 39 0.777391 0.428417 -0.460567 0.834231 -0.252202 0.88306 0.395727 -0.281527 0.576245 -0.191479 0.79453 0.474132
0 161 41 0.768869 0.351162 -0.534347 0.90424 -0.229115 0.931506 0.282494 -0.208993 0.596948 -0.0947743 0.796662 0.372386
0 162 41 0.848901 0.357879 -0.388961 0.961088 -0.277908 0.928181 0.24748 -0.26462 0.449594 -0.10199 0.887391 -0.0792867
0 163 56 0.833871 0.328714 -0.443404 0.963113 -0.231829 0.937612 0.259111 -0.217336 0.500914 -0.113272 0.858053 0.158675
0 164 45 0.855869 0.287887 -0.429661 0.975658 -0.216798 0.953948 0.207321 -0.194226 0.46956 -0.0842903 0.878868 0.101827
0 165 50 0.883467 0.275138 -0.379189 0.979321 -0.244918 0.961214 0.126821 -0.128539 0.399375 -0.0191722 0.916587 -0.156231
0 166 76 0.888068 0.254387 -0.382914 0.956249 -0.190251 0.961639 0.197623 -0.0908837 0.418498 -0.102653 0.902398 -0.278081
0 167 101 0.922463 0.267633 -0.278272 0.827334 -0.218136 0.955971 0.196308 -0.12059 0.318558 -0.120386 0.940228 -0.548613
0 168 139 0.942505 0.223521 -0.248442 0.761906 -0.17816 0.96502 0.19234 -0.0697066 0.282744 -0.137019 0.949359 -0.643926
0 169 166 0.98138 0.152449 -0.116842 0.566159 -0.136189 0.981248 0.1364 -0.00654583 0.135445 -0.117948 0.983739 -0.82427
0 170 187 0.989146 0.0825895 -0.121526 0.490229 -0.0626159 0.985152 0.159858 0.0486604 0.132924 -0.150514 0.979631 -0.870234
0 171 227 0.99061 0.0429507 -0.129797 0.409899 -0.0213473 0.986319 0.163458 0.0831265 0.135041 -0.159152 0.977975 -0.908335
0 172 242 0.9787 0.0859939 -0.186419 0.467538 -0.0544449 0.98425 0.168192 0.0986069 0.197947 -0.15446 0.967967 -0.878456
1 2 542 0.999743 0.00244734 -0.0225213 0.971823 -0.00246365 0.999997 -0.000696095 -0.127735 0.0225195 0.0007514 0.999746 0.198099
1 3 569 0.999547 -0.00504302 -0.029687 0.956586 0.00512213 0.999984 0.00258925 -0.0990937 0.0296735 -0.00274014 0.999556 0.274087
1 4 526 0.995393 0.0263983 -0.0921742 0.977618 -0.0265028 0.999649 9.04221e-05 -0.0586389 0.0921442 0.00235286 0.995743 0.202051
1 5 378 0.994544 0.043274 -0.0949197 0.969461 -0.0444792 0.998954 -0.0106179 -0.0722154 0.0943609 0.0147819 0.995428 0.23437
1 6 245 0.989253 0.0519752 -0.136663 0.977612 -0.0508591 0.998638 0.0116482 -0.0563397 0.137082 -0.00457246 0.990549 0.202733
1 7 150 0.985233 0.0486782 -0.164155 0.942139 -0.0519811 0.998522 -0.0158823 -0.0932241 0.16314 0.0241807 0.986307 0.321998
1 8 92 0.985799 0.0725479 -0.151451 0.993404 -0.0882538 0.991097 -0.0996919 -0.0280793 0.142871 0.111642 0.983425 -0.111172
1 9 74 0.957036 0.103484 -0.270876 0.996979 -0.123481 0.990662 -0.057803 -0.014633 0.262364 0.0887674 0.960877 0.0762792
1 10 23 0.966234 0.171921 0.191925 -0.03539 -0.177206 0.984117 0.0105906 -0.106034 -0.187056 -0.0442434 0.981352 0.993733
1 11 63 0.890879 0.195937 -0.409809 0.999591 -0.18891 0.980279 0.0580216 -0.0127485 0.413096 0.0257267 0.910324 0.0256014
1 12 45 0.83375 0.253189 -0.49067 0.998641 -0.225367 0.96732 0.116199 -0.0354594 0.504055 0.0136997 0.863563 0.0382056
1 13 22 0.819399 0.417471 -0.392814 0.597205 -0.350636 0.907148 0.232674 -0.158008 0.453475 -0.0529184 0.889697 0.786371
1 14 19 0.914113 0.401647 -0.0554633 0.504986 -0.404966 0.911161 -0.076075 0.173987 0.0199807 0.0920019 0.995558 -0.84541
1 15 20 -0.0964328 -0.454846 -0.885334 0.408957 -0.64692 0.704626 -0.291542 0.202827 0.756436 0.544626 -0.362198 0.889728
1 16 22 -0.612764 -0.788871 -0.0469294 -0.788871 0.0178024 -0.0731487 0.997162 -0.0731487 -0.790065 0.61019 0.0588667 0.61019
1 17 14 0.648489 -0.747488 -0.143958 0.481617 -0.495953 -0.271412 -0.824843 0.175877 0.577488 0.606298 -0.546727 0.858552
1 18 0 1 0 0 0 0 1 0 0 0 0 1 0
1 19 20 -0.214786 -0.155185 -0.964253 0.519345 -0.378176 -0.897062 0.22861 0.278753 -0.900472 0.41376 0.133989 0.807823
1 20 0 1 0 0 0 0 1 0 0 0 0 1 0
1 21 17 0.075822 0.896931 0.435621 -0.246511 0.725531 0.250061 -0.641151 0.368004 -0.684 0.36467 -0.631791 0.896552
1 22 16 -0.729255 -0.604497 0.320578 -0.321632 -0.669584 0.726919 -0.152465 0.204356 -0.14087 -0.32584 -0.934871 0.924549
1 23 12 -0.982747 0.108575 -0.149735 0.405241 0.158559 0.911372 -0.379816 0.0925253 0.0952254 -0.397005 -0.912863 0.909516
1 24 13 -0.579127 -0.378733 0.721923 -0.461676 -0.649961 0.749034 -0.128444 0.257288 -0.4921 -0.543607 -0.679948 0.848916
1 25 13 -0.116283 -0.924457 -0.363122 0.217674 -0.988268 0.144141 -0.0504888 -0.108699 0.0990154 0.352991 -0.930373 0.96995
1 26 11 0.214665 0.976639 0.00973355 0.49023 -0.924304 0.206362 -0.321056 -0.126953 -0.315565 0.0599228 0.94701 -0.862298
1 27 13 -0.708087 -0.328225 -0.625205 0.388404 0.0446256 0.862832 -0.503517 0.184059 0.704714 -0.384434 -0.596313 0.90292
1 28 0 1 0 0 0 0 1 0 0 0 0 1 0
1 29 0 1 0 0 0 0 1 0 0 0 0 1 0
1 30 0 1 0 0 0 0 1 0 0 0 0 1 0
1 31 19 0.0518025 0.738101 -0.672698 0.594287 0.719308 -0.494848 -0.487567 0.242217 -0.692757 -0.45862 -0.556557 0.766912
1 32 16 0.86103 0.402799 0.310452 -0.664726 0.360693 -0.0533458 -0.931158 0.347812 -0.358508 0.913732 -0.191219 0.661186
1 33 17 0.688216 0.263507 -0.675961 0.499338 -0.259653 -0.780536 -0.568633 0.227278 -0.677451 0.566857 -0.468757 0.836066
1 34 11 -0.619642 -0.758267 -0.202667 -0.161466 0.714037 -0.651801 0.255551 -0.383849 -0.325875 0.0136391 0.945315 0.909169
1 35 15 0.559055 -0.369011 -0.742488 -0.452844 0.105387 0.919864 -0.377814 -0.145885 0.822406 0.13297 0.553144 0.879574
1 36 0 1 0 0 0 0 1 0 0 0 0 1 0
1 37 15 -0.6775 0.409423 0.611038 -0.459847 0.628269 0.754105 0.191321 -0.149119 -0.382455 0.513516 -0.768134 0.875388
1 38 10 0.247284 0.968933 -0.00452364 -0.180964 0.145049 -0.0416336 -0.988548 0.317397 -0.958025 0.243796 -0.150838 0.930866
1 39 10 -0.491724 0.67305 -0.55246 0.80459 -0.858148 -0.482135 0.176431 0.0776419 -0.147614 0.560847 0.814654 -0.588733
1 40 0 1 0 0 0 0 1 0 0 0 0 1 0
1 41 13 -0.379429 0.852402 -0.359783 0.162651 0.379492 -0.211267 -0.900751 -0.117139 -0.843812 -0.478306 -0.243319 0.979706
1 42 24 -0.961932 -0.13827 0.235728 -0.246358 -0.190334 0.957931 -0.214804 0.256525 -0.19611 -0.251494 -0.947782 0.934614
1 43 13 0.934136 0.334551 0.124365 -0.28655 -0.345499 0.935013 0.0798776 0.256674 -0.0895594 -0.117584 0.989016 0.923042
1 44 23 0.552825 0.442442 0.706137 -0.438708 0.248501 -0.896377 0.367092 0.206003 0.795381 -0.0274619 -0.605487 0.874699
1 45 10 -0.750951 0.5855 0.305389 0.214271 -0.589361 -0.802842 0.0899938 -0.124331 0.29787 -0.112403 0.947966 0.968829
1 46 16 0.24516 0.440605 0.863576 -0.84591 -0.963974 0.0159598 0.265519 -0.250065 0.103206 -0.897559 0.428644 -0.471067
1 47 11 -0.889276 -0.355279 -0.288038 -0.50479 0.405666 -0.903551 -0.137955 0.0697607 -0.211245 -0.239527 0.94763 0.860419
1 48 10 -0.875282 -0.46709 -0.12533 -0.404798 0.467949 -0.88342 0.024327 0.00467184 -0.122082 -0.0373549 0.991817 0.914394
1 49 11 -0.691234 -0.678661 -0.248224 0.395362 0.0178777 -0.359455 0.932991 0.124036 -0.72241 0.640478 0.260601 0.910112
1 50 0 1 0 0 0 0 1 0 0 0 0 1 0
1 51 0 1 0 0 0 0 1 0 0 0 0 1 0
1 52 15 0.25146 0.777352 0.576622 -0.423256 0.834952 0.12709 -0.535447 0.198436 -0.489514 0.616095 -0.617093 0.884012
1 53 0 1 0 0 0 0 1 0 0 0 0 1 0
1 54 13 0.210206 0.970569 -0.117514 -0.0252295 0.897293 -0.239252 -0.370977 0.0351226 -0.388174 -0.027463 -0.921177 0.999064
1 55 14 -0.380288 0.326042 0.865493 -0.55036 0.575047 0.816281 -0.0548337 0.0367071 -0.724363 0.476846 -0.497911 0.83412
1 56 0 1 0 0 0 0 1 0 0 0 0 1 0
1 57 0 1 0 0 0 0 1 0 0 0 0 1 0
1 58 0 1 0 0 0 0 1 0 0 0 0 1 0
1 59 20 0.897966 -0.435112 -0.0658354 0.3962 0.433157 0.900327 -0.0422761 -0.0470423 0.0776682 0.00944545 0.996935 0.916959
1 60 13 0.51707 0.524715 0.676249 -0.853196 -0.847542 0.424287 0.318831 -0.0787746 -0.119628 -0.738007 0.664104 -0.515608
1 61 17 0.89369 0.00376909 -0.44867 0.246821 0.403715 -0.443101 0.800422 -0.0847874 -0.195789 -0.896464 -0.397516 0.965345
1 62 19 0.34451 0.553872 -0.757983 0.21517 -0.0437902 -0.797051 -0.602323 0.166635 -0.937761 0.240699 -0.250338 0.962255
1 63 10 -0.687034 0.426666 0.588167 0.0212833 0.272375 -0.59921 0.752835 -0.94202 0.673644 0.677425 0.295464 -0.33488
1 64 0 1 0 0 0 0 1 0 0 0 0 1 0
1 65 12 -0.452931 -0.752846 0.477574 -0.195679 -0.51637 0.658195 0.547851 0.0850743 -0.726784 0.00153376 -0.686864 0.976971
1 66 16 0.360635 -0.709977 -0.604876 0.402785 -0.904724 -0.108618 -0.411917 -0.0244513 0.226752 0.695798 -0.681505 0.914968
1 67 43 -0.0343638 -0.998452 -0.0437319 0.165099 -0.0541657 -0.0418328 0.997655 -0.0014527 -0.99794 0.036652 -0.0526443 0.986276
1 68 0 1 0 0 0 0 1 0 0 0 0 1 0
1 69 0 1 0 0 0 0 1 0 0 0 0 1 0
1 70 10 -0.586432 -0.258841 -0.767528 0.302375 0.184099 -0.96536 0.184896 0.0921484 -0.7888 -0.0328719 0.613771 0.948724
1 71 13 0.962531 0.137334 -0.233824 0.0434742 -0.186005 0.961817 -0.200775 -0.00345188 0.197323 0.236745 0.951323 0.999049
1 72 0 1 0 0 0 0 1 0 0 0 0 1 0
1 73 19 -0.948024 0.0179767 -0.31769 0.416779 0.196102 0.81927 -0.538832 0.442102 0.250588 -0.573126 -0.780213 0.794255
1 74 16 0.439825 -0.874433 -0.204743 0.242406 -0.852242 -0.334478 -0.402253 -0.1198 0.283261 0.351412 -0.892341 0.96275
1 75 11 0.822253 0.309701 0.477478 -0.575137 -0.428263 0.889246 0.160721 -0.0564591 -0.37482 -0.33664 0.863819 -0.816107
1 76 11 0.450057 0.840262 -0.302337 0.343851 0.89172 -0.440991 0.101795 -0.118557 -0.0477932 -0.315414 -0.94775 0.93151
1 77 14 -0.544123 0.00615455 0.838983 0.0233261 -0.226144 0.961888 -0.153722 0.213152 -0.807954 -0.273374 -0.521993 0.976741
1 78 16 -0.134268 -0.557523 -0.819231 0.211661 -0.040456 0.829112 -0.557617 0.237257 0.990119 -0.0417272 -0.133878 0.948108
1 79 0 1 0 0 0 0 1 0 0 0 0 1 0
1 80 10 0.341154 0.916494 0.208931 0.0215045 0.894902 -0.248635 -0.370583 0.302627 -0.28769 0.313398 -0.904995 0.952867
1 81 14 0.543232 0.839518 0.0104325 0.0203833 0.566294 -0.357205 -0.742776 0.324887 -0.619847 0.409408 -0.669459 0.945533
1 82 17 0.613303 0.616668 0.493538 0.471545 -0.761267 0.294938 0.577481 0.238878 0.210551 -0.729885 0.650335 0.848872
1 83 0 1 0 0 0 0 1 0 0 0 0 1 0
1 84 15 0.809314 0.464037 0.360112 -0.65624 -0.558326 0.79817 0.226267 -0.124473 -0.182434 -0.384181 0.905054 -0.744215
1 85 12 -0.645044 -0.559785 -0.520152 0.292089 -0.75064 0.591595 0.294201 0.0157655 0.14303 0.58022 -0.801803 0.956261
1 86 0 1 0 0 0 0 1 0 0 0 0 1 0
1 87 0 1 0 0 0 0 1 0 0 0 0 1 0
1 88 16 0.727626 -0.213839 -0.651792 0.493677 -0.38448 -0.914028 -0.12934 0.138786 -0.568098 0.344712 -0.747287 0.8585
1 89 0 1 0 0 0 0 1 0 0 0 0 1 0
1 90 14 -0.568842 -0.678204 -0.46525 0.17276 -0.563571 0.733433 -0.380084 0.319431 0.599005 0.0459935 -0.799423 0.931728
1 91 0 1 0 0 0 0 1 0 0 0 0 1 0
1 92 11 -0.0857033 0.989389 0.117324 0.23969 0.151775 -0.103418 0.98299 -0.289314 0.984693 0.102052 -0.141301 0.92674
1 93 0 1 0 0 0 0 1 0 0 0 0 1 0
1 94 13 0.799541 -0.0351471 -0.599582 0.351818 -0.305437 0.835767 -0.456291 -0.268433 0.517148 0.547958 0.657495 0.896754
1 95 18 0.632956 0.771252 -0.0673531 -0.115908 0.490782 -0.467013 -0.735548 0.321689 -0.598748 0.432514 -0.674116 0.939724
1 96 11 0.703958 0.709106 0.0401486 -0.00869103 -0.708777 0.697757 0.103778 0.138437 0.0455754 -0.101512 0.99379 0.990333
1 97 10 0.695461 0.714689 0.0745281 -0.140683 0.690061 -0.635349 -0.346624 -0.01212 -0.200377 0.292492 -0.935039 0.98998
1 98 18 -0.196915 -0.370576 0.907688 -0.357957 -0.636362 -0.655984 -0.405868 0.181623 0.745834 -0.657539 -0.106648 0.915904
1 99 13 -0.0887539 -0.441442 -0.892889 0.749065 -0.752074 -0.558054 0.350657 -0.0283845 -0.653076 0.702641 -0.282468 0.661888
1 100 0 1 0 0 0 0 1 0 0 0 0 1 0
1 101 12 0.206689 -0.931396 -0.299634 0.200749 -0.978348 -0.193377 -0.0737657 0.0691122 0.0107628 0.308392 -0.951198 0.977202
1 102 0 1 0 0 0 0 1 0 0 0 0 1 0
1 103 10 -0.127842 -0.911216 -0.39159 0.294089 -0.93642 0.240981 -0.255041 0.132817 0.326763 0.334087 -0.884088 0.946505
1 104 0 1 0 0 0 0 1 0 0 0 0 1 0
1 105 12 -0.103085 -0.813049 -0.572997 -0.22528 0.784082 0.28804 -0.549771 0.131563 0.612036 -0.50595 0.607805 0.965371
1 106 20 -0.407797 0.0478767 0.911817 -0.391932 0.387632 -0.895088 0.220361 -0.164013 0.826706 0.443312 0.346456 0.905256
1 107 0 1 0 0 0 0 1 0 0 0 0 1 0
1 108 17 -0.342094 -0.0723246 0.936878 -0.986152 0.698215 -0.686819 0.201927 -0.092779 0.628862 0.723221 0.285455 0.137462
1 109 13 0.0904463 0.964706 -0.247307 0.24335 -0.0365279 0.251372 0.967201 -0.208117 0.995231 -0.0784462 0.0579743 0.947348
1 110 15 0.348437 0.854376 0.385529 -0.422485 0.788527 -0.0448065 -0.613366 0.231021 -0.506771 0.51772 -0.689311 0.876434
1 111 14 -0.736994 0.153185 0.658311 -0.381376 0.04302 0.982635 -0.180491 0.271086 -0.674528 -0.104701 -0.730787 0.883779
1 112 0 1 0 0 0 0 1 0 0 0 0 1 0
1 113 12 0.872282 0.30869 0.379256 -0.767571 -0.359416 0.930608 0.0691949 0.166944 -0.331579 -0.196668 0.922701 -0.618842
1 114 11 0.771885 -0.512276 -0.376519 -0.161439 0.464518 0.858783 -0.216137 0.105309 0.43407 -0.00806698 0.900843 -0.981248
1 115 11 0.407279 -0.911272 -0.0608803 -0.497966 0.893426 0.383697 0.233596 -0.099785 -0.18951 -0.149531 0.970426 0.861436
1 116 17 0.373289 -0.747753 0.54911 -0.499209 -0.867964 -0.0725111 0.491305 -0.12663 -0.327558 -0.660006 -0.67609 0.857179
1 117 13 -0.764406 -0.552561 -0.332205 -0.158754 0.291454 -0.755755 0.586421 -0.0222057 -0.575099 0.351441 0.738749 0.987068
1 118 0 1 0 0 0 0 1 0 0 0 0 1 0
1 119 20 -0.397064 -0.84406 -0.36042 0.111281 -0.875523 0.230546 0.424627 -0.341492 -0.275317 0.48416 -0.830536 0.933274
1 120 0 1 0 0 0 0 1 0 0 0 0 1 0
1 121 11 -0.980497 -0.157713 -0.117269 -0.329804 0.142172 -0.981159 0.130824 0.0369111 -0.135692 0.1116 0.984446 0.943328
1 122 13 0.340251 0.932084 -0.124289 -0.154145 -0.940175 0.33477 -0.0632496 -0.280063 -0.0173455 0.138375 0.990228 0.947525
1 123 22 0.863047 0.25923 -0.433532 0.0537161 -0.267681 0.962562 0.0426826 0.234856 0.428366 0.079211 0.900127 -0.970545
1 124 24 0.323013 -0.35434 0.877557 -0.707988 -0.238268 0.866946 0.437758 -0.319636 -0.91591 -0.350496 0.195607 0.629751
1 125 27 0.959359 0.253119 0.124743 -0.980805 -0.261411 0.963657 0.0550465 0.181193 -0.106276 -0.0854185 0.990661 -0.0720457
1 126 34 0.892246 0.296283 -0.340754 -0.446915 -0.338914 0.938075 -0.0717787 0.453768 0.298386 0.179531 0.937408 -0.770948
1 127 35 0.903882 0.426856 0.0281168 -0.590136 -0.400126 0.866869 -0.297383 0.737925 -0.151314 0.257549 0.954344 -0.327425
1 128 54 0.86696 0.382449 -0.319552 -0.0798242 -0.424566 0.902556 -0.0716636 0.469391 0.261006 0.197801 0.944855 -0.879375
1 129 57 0.902383 0.347036 -0.255481 -0.0834259 -0.366813 0.929719 -0.0327238 0.364433 0.226169 0.123243 0.96626 -0.927485
1 130 59 0.937462 0.293444 -0.187233 -0.119003 -0.315519 0.943526 -0.101028 0.40496 0.147013 0.153785 0.977107 -0.906557
1 131 97 0.954033 0.25672 -0.154647 -0.108759 -0.274736 0.955321 -0.109004 0.387871 0.119754 0.146481 0.981938 -0.915275
1 132 103 0.96861 0.224879 -0.105947 -0.0891688 -0.236651 0.964638 -0.116061 0.370206 0.0761013 0.13749 0.987575 -0.92466
1 133 92 0.972085 0.210746 -0.103132 -0.0169334 -0.221902 0.968577 -0.112326 0.359215 0.0762189 0.132076 0.988305 -0.933101
1 134 110 0.965018 0.223512 -0.13705 0.0927967 -0.231424 0.97183 -0.0446008 0.27194 0.123221 0.0747573 0.98956 -0.95783
1 135 117 0.967855 0.205015 -0.145691 0.182661 -0.206954 0.978349 0.00188721 0.261158 0.142924 0.0283248 0.989328 -0.947856
1 136 94 0.963046 0.210731 -0.167731 0.31068 -0.206725 0.977531 0.041203 0.20801 0.172645 -0.00500621 0.984971 -0.927475
1 137 67 0.978564 0.183052 -0.0943599 0.322761 -0.180437 0.982942 0.0356079 0.174216 0.0992684 -0.0178186 0.994901 -0.930309
1 138 34 0.619254 0.319087 -0.717432 0.340591 -0.524691 0.847914 -0.0757686 0.295826 0.584144 0.42335 0.692496 0.89246
1 139 42 0.993422 0.0309509 0.110248 0.256954 -0.0330213 0.99931 0.0170025 0.222074 -0.109646 -0.0205312 0.993759 -0.940563
1 140 32 0.982281 -0.0532762 0.179684 0.231526 0.0357863 0.994423 0.0992122 0.159446 -0.183968 -0.091024 0.978709 -0.959673
1 141 56 0.948191 -0.213354 0.235401 0.142354 0.180487 0.971521 0.15353 0.14119 -0.261453 -0.103089 0.959695 -0.979694
1 142 59 0.942226 -0.28775 0.171497 0.149919 0.265492 0.953674 0.141494 0.165685 -0.204267 -0.0877884 0.974971 -0.974717
1 143 47 0.952386 -0.288525 0.0985606 0.14319 0.278406 0.954742 0.104681 0.205525 -0.124303 -0.0722565 0.98961 -0.96812
1 144 84 0.984271 -0.166381 -0.0593999 0.321289 0.171913 0.979497 0.105035 0.106613 0.0407061 -0.113595 0.992693 -0.940961
1 145 202 0.987649 0.0414658 -0.151098 0.409236 -0.0306301 0.996836 0.0733491 0.100705 0.153661 -0.067815 0.985794 -0.906854
1 146 203 0.983892 0.0894371 -0.154785 0.461317 -0.0825125 0.995304 0.0506106 0.118461 0.158585 -0.0370236 0.986651 -0.879292
1 147 230 0.959161 0.177347 -0.22036 0.598082 -0.15622 0.981578 0.11 0.0313005 0.235809 -0.0710835 0.969196 -0.800824
1 148 211 0.913883 0.206689 -0.349425 0.953088 -0.173984 0.977049 0.1229 -0.0340212 0.366808 -0.0515215 0.928869 -0.300776
1 149 184 0.889131 0.27145 -0.368456 0.954914 -0.227201 0.960697 0.159502 -0.211209 0.397272 -0.0581042 0.91586 -0.208638
1 150 63 0.908518 0.314675 -0.27491 0.913226 -0.295866 0.949042 0.108544 -0.279077 0.295057 -0.0172774 0.955323 -0.296874
1 151 74 0.897212 0.297827 -0.326051 0.960215 -0.277278 0.954592 0.108959 -0.277514 0.343697 -0.00735254 0.939052 -0.0312054
1 152 73 0.863205 0.313276 -0.395899 0.962359 -0.317798 0.9465 0.0560517 -0.271748 0.392278 0.0774318 0.916582 -0.00429937
1 153 12 0.98205 0.188467 0.0075847 0.413691 -0.184674 0.968911 -0.164641 -0.358745 -0.0383784 0.160285 0.986324 0.836757
1 154 27 0.793112 0.447893 -0.412753 0.830666 -0.356503 0.890832 0.281647 -0.368985 0.493841 -0.07623 0.866205 0.416946
1 155 31 0.912362 0.391527 -0.119591 0.758874 -0.398255 0.916496 -0.0377901 -0.125858 0.0948084 0.0821057 0.992104 -0.63896
1 156 39 0.762681 0.429148 -0.48389 0.907246 -0.385192 0.90239 0.193184 -0.366689 0.519561 0.0390529 0.85354 0.20602
1 157 27 0.708299 0.421454 -0.566294 0.929956 -0.367435 0.905089 0.214023 -0.346742 0.602747 0.0564836 0.79593 0.122275
1 158 31 0.780561 0.312877 -0.541139 0.909757 -0.292212 0.947939 0.126584 -0.259903 0.552572 0.059321 0.831351 0.323716
1 159 24 0.940773 0.322932 -0.103252 0.792553 -0.309411 0.942285 0.127922 -0.195566 0.138603 -0.0883986 0.986395 -0.577593
1 160 38 0.790524 0.368215 -0.489376 0.959793 -0.249991 0.92348 0.291013 -0.248613 0.559084 -0.107713 0.822084 0.130345
1 161 40 0.778926 0.336235 -0.529359 0.916763 -0.225878 0.937884 0.26335 -0.201879 0.585025 -0.0855597 0.80649 0.34466
1 162 42 0.80102 0.351635 -0.484479 0.93321 -0.239064 0.929867 0.279637 -0.222482 0.548831 -0.108173 0.828905 0.282171
1 163 45 0.864999 0.387947 -0.318236 0.850111 -0.243535 0.879102 0.40972 -0.182943 0.438711 -0.276906 0.854901 0.493804
1 164 51 0.850118 0.276807 -0.447969 0.946913 -0.21165 0.958568 0.190662 -0.172186 0.482186 -0.0672727 0.873482 0.271492
1 165 55 0.87393 0.238768 -0.423362 0.933277 -0.210272 0.971022 0.113583 -0.135772 0.438214 -0.010243 0.898812 0.332507
1 166 69 0.818052 0.270825 -0.50739 0.996413 -0.266829 0.960221 0.0823269 -0.0653479 0.509503 0.0680389 0.857775 -0.0537642
1 167 104 0.909084 0.254355 -0.329953 0.900689 -0.19834 0.960715 0.194134 -0.0932938 0.36637 -0.111041 0.92382 -0.424329
1 168 130 0.937345 0.207015 -0.28023 0.818196 -0.158141 0.969502 0.187235 -0.0429716 0.310444 -0.131188 0.941496 -0.573332
1 169 157 0.94907 0.137658 -0.283401 0.968364 -0.094715 0.982551 0.160073 0.0465191 0.300492 -0.125078 0.945548 -0.245167
1 170 193 0.988545 0.0732345 -0.131966 0.507955 -0.0518026 0.985906 0.15908 0.042119 0.141756 -0.150422 0.978406 -0.860353
1 171 224 0.992112 0.036236 -0.120005 0.375928 -0.0159335 0.985997 0.165999 0.059187 0.12434 -0.162778 0.978797 -0.924757
1 172 248 0.986845 0.0834706 -0.138454 0.321949 -0.0590146 0.983297 0.172173 0.0638323 0.150513 -0.161738 0.975288 -0.944603
2 3 301 0.999924 -0.0122807 -0.00102269 0.953044 0.0122812 0.999924 0.000439681 0.197061 0.00101721 -0.000452207 0.999999 -0.229945
2 4 501 0.997415 0.0225612 -0.0682187 0.998053 -0.0227476 0.999739 -0.001957 0.00722881 0.0681567 0.00350375 0.997668 0.0619543
2 5 412 0.99613 0.0402786 -0.0781201 0.995792 -0.0413497 0.999071 -0.012141 -0.0222042 0.0775585 0.0153242 0.99687 0.0889148
2 6 295 0.991303 0.0495269 -0.121922 0.985538 -0.0482828 0.998747 0.0131393 -0.0253611 0.12242 -0.0071383 0.992453 0.167547
2 7 169 0.990726 0.0446056 -0.128345 0.997313 -0.0482835 0.998503 -0.0256871 -0.0579991 0.127007 0.0316458 0.991397 -0.0447604
2 8 134 0.984964 0.063722 -0.160579 0.985955 -0.0664617 0.99772 -0.0117429 -0.0725866 0.159465 0.0222387 0.986953 0.150413
2 9 99 0.970702 0.101064 -0.218 0.999012 -0.107186 0.994104 -0.0164121 -0.0136196 0.215055 0.0392977 0.975811 -0.0423022
2 10 26 0.976344 0.111865 0.185039 -0.066589 -0.113606 0.993525 -0.00119993 -0.100028 -0.183975 -0.01985 0.98273 0.992754
2 11 72 0.904883 0.185643 -0.383046 0.996968 -0.175621 0.982547 0.0613147 0.0272513 0.387743 0.0117883 0.921692 -0.0728838
2 12 42 0.879716 0.245197 -0.407405 0.978635 -0.23388 0.969112 0.0782382 0.00031875 0.414005 0.0264568 0.90989 -0.205606
2 13 20 0.806686 0.364292 -0.465348 0.677236 -0.303519 0.931018 0.202684 -0.315903 0.507084 -0.0222607 0.861609 0.664498
2 14 18 0.549131 0.355722 -0.756252 0.931092 -0.254016 0.933124 0.254471 -0.112042 0.796198 0.0523619 0.602767 0.347152
2 15 13 0.821878 0.531909 -0.203935 0.381278 -0.452489 0.827044 0.333545 -0.353907 0.346079 -0.181855 0.920412 0.854036
2 16 13 0.21071 0.961332 -0.177317 -0.961332 -0.139475 0.209099 0.967897 -0.209099 0.967547 -0.179214 0.178141 0.179214
2 17 10 0.796462 0.496884 0.344608 0.348504 -0.547784 0.83423 0.0631855 0.0667359 -0.256087 -0.239096 0.936618 0.934928
2 18 11 0.168651 -0.284116 -0.94384 0.319932 0.748075 -0.586621 0.310256 -0.375839 -0.641826 -0.758389 0.113606 0.869706
2 19 0 1 0 0 0 0 1 0 0 0 0 1 0
2 20 12 0.385563 -0.710956 -0.588118 0.391224 -0.269569 0.522795 -0.808714 0.0644524 0.882425 0.470349 0.00991864 0.918036
2 21 11 0.632486 0.582338 0.510729 -0.293425 0.677843 -0.0970588 -0.728772 0.228159 -0.37482 0.807132 -0.456122 0.928356
2 22 12 0.17064 0.943844 -0.282914 0.407125 0.88118 -0.274658 -0.384819 0.0481046 -0.440913 -0.183632 -0.878564 0.912105
2 23 14 0.284072 -0.702413 -0.652625 0.496202 -0.87273 0.0924401 -0.479371 0.0490395 0.397045 0.705741 -0.586758 0.866821
2 24 10 0.663266 -0.149403 -0.733319 0.332232 -0.324084 0.825888 -0.461388 -0.253557 0.674572 0.54368 0.499365 0.908477
2 25 0 1 0 0 0 0 1 0 0 0 0 1 0
2 26 10 -0.329708 -0.409978 0.850418 -0.438562 0.72913 -0.682794 -0.0464844 0.394546 0.599718 0.604739 0.52405 0.807463
2 27 0 1 0 0 0 0 1 0 0 0 0 1 0
2 28 0 1 0 0 0 0 1 0 0 0 0 1 0
2 29 11 0.0686507 0.944232 -0.322046 0.387389 0.848295 0.114644 0.516964 -0.193052 0.525055 -0.30868 -0.793117 0.901477
2 30 16 0.123458 -0.970256 0.208233 -0.203236 -0.789932 0.030921 0.612415 -0.29377 -0.600638 -0.240097 -0.762619 0.934021
2 31 0 1 0 0 0 0 1 0 0 0 0 1 0
2 32 0 1 0 0 0 0 1 0 0 0 0 1 0
2 33 0 1 0 0 0 0 1 0 0 0 0 1 0
2 34 0 1 0 0 0 0 1 0 0 0 0 1 0
2 35 20 0.518842 -0.396514 0.757351 -0.454347 -0.830885 -0.442286 0.337658 -0.150131 0.201079 -0.804463 -0.558934 0.878083
2 36 16 -0.878446 0.209497 0.429468 -0.227803 0.149199 0.974086 -0.16999 -0.0639403 -0.453952 -0.085251 -0.886939 0.971606
2 37 0 1 0 0 0 0 1 0 0 0 0 1 0
2 38 0 1 0 0 0 0 1 0 0 0 0 1 0
2 39 0 1 0 0 0 0 1 0 0 0 0 1 0
2 40 0 1 0 0 0 0 1 0 0 0 0 1 0
2 41 19 -0.149126 -0.917001 -0.36996 0.231471 -0.768167 -0.128155 0.627292 -0.131325 -0.62264 0.377737 -0.685299 0.963937
2 42 0 1 0 0 0 0 1 0 0 0 0 1 0
2 43 0 1 0 0 0 0 1 0 0 0 0 1 0
2 44 15 -0.494861 -0.593374 0.634839 -0.438616 -0.792781 0.607435 -0.0502179 0.205923 -0.355825 -0.528139 -0.771011 0.874764
2 45 15 0.411178 0.508946 0.756245 0.214271 -0.236878 0.860777 -0.450502 -0.124326 -0.880239 0.0060986 0.474491 0.96883
2 46 10 0.686705 0.647577 -0.330273 -0.365517 -0.70647 0.487466 -0.513106 0.268879 -0.171279 0.58568 0.792239 0.891123
2 47 13 -0.744422 -0.536526 0.397462 -0.504792 0.41851 -0.838745 -0.348361 0.0697611 0.520274 -0.0929861 0.848922 0.860418
2 48 12 0.78695 -0.534933 0.307501 -0.39982 -0.560381 -0.828208 -0.00664625 0.0202811 0.25823 -0.167088 -0.951524 0.916369
