0 1 165 0.999388 0.00599896 -0.0344675 0.982229 -0.00652996 0.999861 -0.0153139 -0.182256 0.0343708 0.0155296 0.999288 0.0448158
0 2 77 0.994928 0.0423831 -0.0912201 0.891005 -0.0457278 0.998344 -0.034893 -0.0260522 0.0895902 0.0388873 0.995219 -0.453245
0 3 91 0.978893 0.0522962 -0.197567 0.983002 -0.0538143 0.998548 -0.00231947 0.0617997 0.197159 0.0129025 0.980287 -0.172883
0 4 71 0.961479 0.108662 -0.25249 0.994148 -0.108644 0.993981 0.0140575 0.0108967 0.252498 0.0139154 0.967497 -0.107474
0 5 44 0.945757 0.117746 -0.302785 0.994601 -0.122302 0.992485 0.00393991 0.0146656 0.300974 0.0333051 0.953051 -0.102736
0 6 26 0.945309 -0.314345 0.0870499 -0.237556 0.275526 0.912394 0.302693 -0.166485 -0.174574 -0.262154 0.949104 -0.957
0 7 12 0.923816 -0.101761 -0.369065 -0.161547 0.143205 0.985895 0.0866227 -0.0126089 0.355044 -0.132875 0.925358 0.986784
0 8 28 -0.048515 -0.0939041 0.994398 0.197856 -0.977552 0.208829 -0.0279727 -0.305642 -0.205033 -0.973433 -0.101927 0.931362
0 9 43 0.0311111 -0.629273 -0.776561 0.441275 -0.497078 -0.683787 0.534181 -0.338273 -0.867148 0.369392 -0.334071 0.831172
0 10 26 -0.844682 -0.261775 -0.46689 0.268717 -0.399817 0.888508 0.225168 -0.15478 0.355892 0.376866 -0.855168 0.950702
0 11 23 0.920049 0.390242 -0.0349476 0.444499 -0.391016 0.920192 -0.0187744 -0.155197 0.0248319 0.0309385 0.999213 0.882233
0 12 22 -0.740244 0.311242 -0.59596 0.417 -0.0236941 0.873771 0.48576 -0.335092 0.671921 0.373702 -0.639429 0.844881
0 13 15 0.833128 0.186938 -0.520531 0.17323 -0.182586 0.981345 0.0601946 0.291442 0.522073 0.0448919 0.851718 0.940772
0 14 16 -0.132517 -0.991001 -0.0188657 0.0968315 0.896002 -0.127909 0.42523 -0.317684 -0.423816 0.0394466 0.904889 -0.943239
0 15 0 1 0 0 0 0 1 0 0 0 0 1 0
0 16 16 -0.598434 0.794499 -0.103188 0.460421 -0.75733 -0.602996 -0.250692 0.150568 -0.261397 -0.0718755 0.962552 -0.874838
0 17 12 -0.469914 0.880439 -0.0633101 0.19049 -0.881465 -0.464229 0.0866668 0.177227 0.0469144 0.0965316 0.994224 0.965559
0 18 11 -0.608485 0.656622 -0.445638 0.602704 -0.623946 -0.742856 -0.242603 0.272139 -0.490343 0.130434 0.861714 -0.750125
0 19 29 -0.0205306 0.799669 -0.600091 0.0351744 0.854938 -0.297131 -0.4252 -0.241762 -0.518324 -0.52177 -0.677566 0.969698
0 20 24 -0.94969 -0.195132 -0.244975 0.0756138 -0.148428 0.969187 -0.196586 0.123717 0.275786 -0.150334 -0.94939 0.989433
0 21 12 0.885073 -0.464847 -0.023726 -0.404064 0.464818 0.885378 -0.00708509 -0.257783 0.0242999 -0.00475742 0.999693 0.877656
0 22 13 -0.965041 0.0323546 0.260094 -0.0660891 0.0887959 0.974026 0.2083 -0.113331 -0.246599 0.224113 -0.942848 0.991357
0 23 13 0.686697 -0.722629 -0.0790834 0.0888243 0.726804 0.680358 0.0941716 0.371596 -0.0142461 -0.122145 0.99241 -0.924136
0 24 31 0.616438 -0.785697 -0.0518143 0.22799 -0.695569 -0.512522 -0.503493 0.203982 0.369037 0.346413 -0.862444 0.952057
0 25 10 0.476085 0.879399 0.000206112 -0.201413 -0.672912 0.364448 -0.643713 -0.319689 -0.566156 0.306323 0.765267 0.925868
0 26 17 -0.435276 -0.899409 -0.0399866 -0.187685 0.887972 -0.436217 0.145669 -0.361413 -0.148459 0.0278993 0.988525 -0.913321
0 27 23 -0.812426 -0.312145 0.492472 -0.367832 -0.391079 0.918186 -0.063184 -0.0616987 -0.432458 -0.243928 -0.868032 0.927843
0 28 17 -0.318127 -0.905942 0.279401 -0.464163 -0.894389 0.189048 -0.405376 -0.0617938 0.314427 -0.378854 -0.870406 0.883592
0 29 0 1 0 0 0 0 1 0 0 0 0 1 0
0 30 21 0.0568301 -0.678021 -0.732842 0.485361 -0.994889 -0.0998221 0.0152036 -0.241158 -0.0834622 0.728233 -0.680228 0.840397
0 31 11 0.448424 0.890908 0.0721008 -0.41958 -0.781331 0.429887 -0.452458 -0.264414 -0.434094 0.146558 0.888866 0.868353
0 32 14 0.935553 0.20942 -0.284401 0.561446 -0.312646 0.86564 -0.39105 0.425076 0.164295 0.454765 0.875326 -0.709992
0 33 10 0.997666 -0.0415649 0.0541676 0.105256 0.0450677 0.996858 -0.0651338 0.0409712 -0.0512902 0.067423 0.996405 -0.993601
0 34 25 0.950674 -0.267545 -0.156966 0.322492 -0.281513 -0.956671 -0.0743708 -0.177645 -0.130268 0.11489 -0.9848 0.929753
0 35 21 0.483647 0.749293 -0.452378 0.480298 0.875137 -0.405189 0.264495 -0.134693 0.0148854 -0.523815 -0.851702 0.866702
0 36 25 -0.381745 0.731954 -0.56437 0.355264 0.918755 0.367101 -0.145347 -0.014428 0.100793 -0.574003 -0.812626 0.934655
0 37 0 1 0 0 0 0 1 0 0 0 0 1 0
0 38 14 -0.303692 -0.946287 -0.110961 0.305519 0.952281 -0.297737 -0.0671863 0.333851 0.0305403 -0.12607 0.991551 -0.891741
0 39 18 0.918487 -0.391556 -0.0553736 -0.124703 -0.323317 -0.824173 0.464978 -0.394956 -0.227702 -0.409173 -0.883589 0.910197
0 40 12 -0.944174 0.306406 -0.121042 0.31802 -0.210899 -0.844408 -0.492439 -0.248935 -0.253095 -0.439421 0.861889 0.91482
0 41 13 0.806493 -0.0784491 0.586017 -0.473208 -0.116504 0.950639 0.287596 -0.351374 -0.579652 -0.300217 0.757544 -0.807843
0 42 15 0.3063 -0.914096 -0.265724 0.343255 0.942088 0.251036 0.222374 0.105896 -0.136565 -0.318449 0.938051 -0.933254
0 43 15 0.398492 -0.91636 0.038575 0.45502 0.91412 0.393387 -0.0981409 0.127685 0.0747576 0.0743705 0.994425 0.881279
0 44 12 -0.307731 0.81245 -0.495204 0.467782 0.625891 0.564852 0.537775 -0.262251 0.716632 -0.144454 -0.682328 0.84404
0 45 0 1 0 0 0 0 1 0 0 0 0 1 0
0 46 0 1 0 0 0 0 1 0 0 0 0 1 0
0 47 11 -0.984543 0.175103 -0.00363342 0.1604 -0.156937 -0.891229 -0.425537 0.233906 -0.0777511 -0.41839 0.904934 -0.958937
0 48 0 1 0 0 0 0 1 0 0 0 0 1 0
0 49 14 0.890206 -0.183381 0.41702 -0.161601 0.314521 0.909625 -0.271402 0.588563 -0.329562 0.372765 0.86743 -0.792135
0 50 17 -0.315978 -0.948218 -0.0322479 -0.179114 -0.934565 0.316928 -0.161693 -0.213159 0.163541 -0.0209539 -0.986314 0.960459
0 51 24 -0.534766 -0.38787 0.750721 -0.492899 0.32108 0.72852 0.605117 -0.427718 -0.781622 0.564638 -0.26505 0.757699
0 52 22 -0.0156022 0.877707 0.478944 -0.284699 0.844814 -0.244645 0.475855 -0.128866 0.534833 0.412043 -0.737682 0.949916
0 53 0 1 0 0 0 0 1 0 0 0 0 1 0
0 54 13 0.964119 -0.186976 0.188453 0.505387 0.226909 0.948877 -0.219421 -0.0643876 -0.137792 0.254309 0.957257 0.860487
0 55 20 -0.729012 0.194081 -0.65641 0.305456 -0.249798 0.817393 0.519105 -0.289737 0.637294 0.542403 -0.547408 0.907055
0 56 18 -0.374328 0.736248 -0.563753 0.355446 0.42712 0.676517 0.599911 -0.326491 0.823072 -0.0162265 -0.567706 0.875821
0 57 0 1 0 0 0 0 1 0 0 0 0 1 0
0 58 10 0.982854 -0.0946061 0.158264 -0.489188 0.0706898 0.986086 0.150457 -0.0342164 -0.170296 -0.13669 0.975866 -0.871507
0 59 19 0.844002 0.0826346 -0.529936 0.547496 0.361959 -0.816885 0.449094 -0.391947 -0.395786 -0.570851 -0.719362 0.739342
0 60 26 -0.373295 0.0456236 0.92659 -0.902836 -0.583451 -0.78808 -0.196251 -0.269254 0.721274 -0.613879 0.320805 0.335245
0 61 27 -0.839057 0.424282 0.340542 0.103064 0.0800186 0.715381 -0.694137 0.345064 -0.538127 -0.555171 -0.634196 0.932903
0 62 0 1 0 0 0 0 1 0 0 0 0 1 0
0 63 15 0.299078 -0.934483 0.193114 -0.219398 -0.932655 -0.329058 -0.147904 -0.236816 0.20176 -0.135874 -0.969965 0.946458
0 64 0 1 0 0 0 0 1 0 0 0 0 1 0
0 65 15 -0.818809 -0.327218 0.471677 -0.138515 -0.119834 0.900969 0.417006 -0.284322 -0.561419 0.284925 -0.776934 0.94867
0 66 12 0.843851 0.17551 0.507061 -0.139841 0.0657955 -0.971707 0.226842 -0.287423 0.532528 -0.158058 -0.831524 0.94754
0 67 0 1 0 0 0 0 1 0 0 0 0 1 0
1 2 101 0.996179 0.0380552 -0.0786041 0.920135 -0.0399573 0.998942 -0.0227691 0.0969023 0.0776544 0.025823 0.996646 -0.379423
1 3 107 0.99105 0.0620135 -0.118212 0.863994 -0.0610009 0.998064 0.0121685 0.102906 0.118738 -0.00484857 0.992914 -0.492875
1 4 107 0.962771 0.107758 -0.24791 0.998665 -0.102947 0.994161 0.0323261 0.0126791 0.249946 -0.00560106 0.968244 -0.050071
1 5 75 0.951486 0.0990036 -0.291329 0.995026 -0.0953239 0.995085 0.0268342 0.0195762 0.292554 0.00223832 0.956246 -0.0976739
1 6 53 -0.609592 -0.000409995 -0.792715 0.241283 0.118798 0.98866 -0.091866 0.16435 0.783763 -0.150174 -0.60263 0.956437
1 7 43 -0.916544 -0.395291 0.0607587 -0.4204 -0.374817 0.796025 -0.475243 0.231568 0.139494 -0.458355 -0.877754 0.877291
1 8 44 -0.61778 -0.776242 -0.125685 0.197856 -0.78588 0.615007 0.064492 -0.305642 0.0272358 0.138615 -0.989972 0.931362
1 9 40 -0.0371132 0.635958 -0.770831 0.435953 0.532538 0.665294 0.523247 -0.33581 0.845592 -0.391077 -0.363363 0.834971
1 10 27 0.968399 -0.24442 0.0496228 0.272653 -0.222346 -0.936204 -0.272184 -0.150681 0.112984 0.252549 -0.960965 0.95024
1 11 23 0.000597317 -0.994849 0.101365 0.0116449 0.99993 0.00178916 0.0116674 0.27639 -0.0117886 0.101351 0.994781 -0.960975
1 12 50 -0.903364 -0.169721 -0.393863 0.220699 -0.141089 0.984853 -0.100786 0.026974 0.405003 -0.0354772 -0.913627 0.974969
1 13 39 -0.718731 0.375855 -0.584944 0.431771 0.523644 0.846075 -0.0997661 -0.132507 0.457409 -0.378007 -0.804915 0.892197
1 14 42 -0.925929 0.371503 -0.0681268 0.296922 0.316795 0.862104 0.395496 -0.254934 0.20566 0.344619 -0.915938 0.920242
1 15 14 -0.471266 -0.645366 -0.601175 0.163376 0.0924503 -0.714002 0.694014 0.296147 -0.877133 0.271486 0.396149 0.941066
1 16 18 0.694613 0.695449 0.184022 0.187897 -0.664426 0.52214 0.534704 0.0841127 0.275774 -0.493681 0.824759 0.978581
1 17 16 -0.409731 -0.853784 0.321207 -0.0233705 0.881864 -0.280671 0.378866 -0.329448 -0.233316 0.438494 0.867921 -0.943884
1 18 20 0.164479 -0.982161 -0.0911382 0.458033 0.979575 0.173481 -0.101675 0.135384 0.115672 -0.0725533 0.990634 -0.878565
1 19 14 0.199878 -0.907512 -0.369419 -0.293524 0.971865 0.135678 0.192533 -0.136882 -0.124604 -0.397509 0.909099 0.946101
1 20 17 -0.0662181 0.977 0.202697 -0.220519 0.751424 -0.0848264 0.654344 -0.273954 0.656488 0.195641 -0.728524 0.93612
1 21 44 -0.0292424 -0.832768 -0.552849 0.46025 -0.600022 -0.427728 0.676034 -0.155743 -0.799449 0.351491 -0.487172 0.874022
1 22 19 -0.33514 -0.878283 -0.341027 0.555926 0.916996 -0.387179 0.095976 0.0695892 -0.216332 -0.280555 0.935141 -0.828314
1 23 39 0.374268 0.924395 0.0736037 -0.0888243 0.670218 -0.324503 0.667463 -0.371596 0.640883 -0.20048 -0.740997 0.924136
1 24 69 -0.370881 -0.879109 -0.299355 0.374777 0.598793 -0.472762 0.646485 -0.367975 -0.709855 0.0605173 0.701743 0.850962
1 25 22 -0.362399 -0.674991 0.642693 -0.201413 -0.4566 0.729728 0.508934 -0.319689 -0.812517 -0.109016 -0.572654 0.925868
1 26 38 -0.180862 0.780227 -0.598778 0.429432 0.442224 0.608317 0.659081 -0.148508 0.87848 -0.145592 -0.455057 0.890805
1 27 24 -0.570778 0.82023 -0.037884 -0.0664489 0.674998 0.494986 0.547145 -0.267894 0.467537 0.286727 -0.83618 0.961154
1 28 52 0.26164 0.786189 0.559868 -0.462508 -0.813349 0.491898 -0.310645 -0.0522553 -0.519623 -0.37409 0.768146 0.885074
1 29 21 -0.31702 0.856487 0.407342 -0.191228 0.896421 0.130336 0.423606 -0.114924 0.309722 0.499442 -0.809092 0.974794
1 30 10 0.705538 0.0369151 0.70771 0.487178 -0.264884 0.939997 0.21504 -0.241455 -0.657307 -0.33918 0.672982 0.83926
1 31 19 -0.852005 0.520973 0.0517213 -0.631816 -0.506071 -0.794252 -0.336238 -0.401699 -0.134091 -0.312651 0.940356 -0.662908
1 32 13 0.689652 -0.667778 -0.280096 -0.204182 0.476637 0.709797 -0.518657 -0.289294 0.545158 0.224189 0.807801 0.93521
1 33 11 -0.761155 -0.339999 0.552308 0.341717 0.0629916 -0.886306 -0.458796 -0.0985276 0.645503 -0.314424 0.696034 0.934624
1 34 15 -0.420207 0.740839 0.524007 0.322492 -0.907427 -0.342057 -0.244076 -0.177645 -0.00158031 -0.578061 0.815992 0.929753
1 35 24 -0.624594 0.104909 0.773871 -0.490234 0.24639 0.966796 0.0677996 0.0743413 -0.741063 0.233021 -0.629704 0.868414
1 36 23 0.655001 0.171978 0.735797 -0.163848 0.177403 -0.981538 0.0714929 -0.204959 0.734508 0.0837045 -0.673417 0.964959
1 37 22 -0.236564 -0.876822 0.418593 0.486806 0.951475 -0.121792 0.2826 -0.111465 -0.196809 0.465134 0.863086 0.866369
1 38 30 -0.510538 -0.763156 -0.396161 0.486826 -0.737772 0.625428 -0.254033 -0.0177097 0.441637 0.162583 -0.88234 0.87332
1 39 0 1 0 0 0 0 1 0 0 0 0 1 0
1 40 57 0.624162 -0.226315 -0.747799 0.330774 -0.15293 -0.974002 0.167128 -0.236844 -0.766182 0.0100457 -0.642546 0.913506
1 41 25 -0.338224 0.54785 0.765157 -0.423949 0.806825 0.587327 -0.063881 -0.0801495 -0.484395 0.595741 -0.640667 0.902133
1 42 0 1 0 0 0 0 1 0 0 0 0 1 0
1 43 20 -0.512176 -0.451697 -0.73051 0.463072 -0.382656 0.881467 -0.27675 0.132063 0.768928 0.13779 -0.624311 0.876426
1 44 21 0.385166 0.890635 -0.241696 0.473453 0.879992 -0.275574 0.386876 -0.195705 0.27796 -0.361702 -0.889893 0.858803
1 45 0 1 0 0 0 0 1 0 0 0 0 1 0
1 46 0 1 0 0 0 0 1 0 0 0 0 1 0
1 47 28 0.81307 -0.51444 -0.272522 -0.1604 -0.495657 -0.857252 0.139442 -0.233906 -0.305355 0.0217013 -0.951991 0.958937
1 48 18 -0.749623 -0.330031 0.573712 -0.462569 -0.00695739 0.870692 0.49178 -0.255561 -0.661828 0.364658 -0.654987 0.848952
1 49 21 0.99888 0.0203763 0.0427117 0.43457 0.0308085 -0.965092 -0.260093 -0.00485345 0.035921 0.261117 -0.964639 0.900625
1 50 18 -0.70858 -0.701762 0.0737851 -0.226807 -0.703638 0.694852 -0.148577 -0.166306 0.0529958 -0.157196 -0.986144 0.959636
1 51 21 -0.765383 -0.489589 -0.417722 0.0699721 -0.350489 0.861462 -0.367479 0.276216 0.539765 -0.134855 -0.830944 0.958545
1 52 13 -0.714267 -0.698899 0.0369239 -0.423681 0.677031 -0.703361 -0.216591 -0.0394291 0.177346 -0.129705 0.975564 0.904953
1 53 10 -0.777829 0.384868 0.496849 0.27834 -0.48734 -0.868546 -0.0901504 0.124201 0.39684 -0.312256 0.863142 0.952418
1 54 13 0.156115 0.902959 0.400365 0.47756 -0.839549 0.334846 -0.427826 -0.0846457 -0.520371 -0.269336 0.810353 0.874512
1 55 12 -0.909408 -0.408924 0.0758876 0.362329 0.410416 -0.911887 0.00452066 -0.252773 0.0673523 0.0352566 0.997106 0.897119
1 56 21 0.964084 -0.192301 0.183201 -0.76179 0.193645 0.981013 0.0107012 -0.456016 -0.18178 0.025159 0.983017 0.460137
1 57 0 1 0 0 0 0 1 0 0 0 0 1 0
1 58 25 -0.965274 0.182558 -0.186863 -0.00958716 0.216679 0.959066 -0.182323 0.36568 0.14593 -0.216481 -0.965319 0.930691
1 59 34 0.413069 -0.702202 -0.579902 0.44162 -0.844852 -0.0577409 -0.531876 0.0625763 0.34 0.709632 -0.617108 0.895017
1 60 19 -0.996556 0.0373988 -0.0740128 0.0495896 0.0738965 0.805501 -0.587969 0.352874 0.037628 -0.591413 -0.80549 0.934356
1 61 38 -0.814376 0.480338 0.32568 0.16852 -0.0122907 0.546789 -0.837181 0.298 -0.580208 -0.685782 -0.439388 0.939573
1 62 12 -0.590512 -0.466235 0.658727 -0.0860785 -0.418872 0.87475 0.243636 -0.383014 -0.689813 -0.132052 -0.711843 0.919723
1 63 13 0.419108 0.228501 0.878713 0.15127 -0.154893 0.97162 -0.178783 -0.130119 -0.894627 -0.0611767 0.442606 0.979891
1 64 0 1 0 0 0 0 1 0 0 0 0 1 0
1 65 16 -0.182143 0.966805 0.179198 -0.223459 0.747056 0.0175723 0.664529 -0.224313 0.639321 0.254911 -0.725458 0.948551
1 66 17 0.342987 0.761024 0.550638 -0.322999 0.617593 -0.624382 0.478252 -0.206803 0.70777 0.176036 -0.684159 0.923528
1 67 54 -0.080029 -0.423903 -0.902165 0.499655 -0.879638 0.455751 -0.136115 -0.139817 0.468862 0.782686 -0.409355 0.854866
2 3 83 0.996841 0.0167154 -0.0776505 0.962629 -0.0140917 0.999315 0.0342153 0.155795 0.0781692 -0.033013 0.996393 -0.221523
2 4 52 0.983565 0.0702708 -0.166321 0.998303 -0.063621 0.99696 0.0449845 0.0542535 0.168977 -0.0336636 0.985045 -0.0211728
2 5 45 0.975677 0.0740634 -0.206322 0.994038 -0.0673295 0.996949 0.03948 0.0364677 0.208617 -0.0246281 0.977687 -0.102756
2 6 29 0.0123904 -0.229655 -0.973193 0.237556 -0.160332 0.960219 -0.228634 0.166485 0.986985 0.158867 -0.0249235 0.957
2 7 19 -0.609409 0.596777 -0.521994 0.0619276 0.314893 0.786398 0.531434 -0.237644 0.727642 0.159489 -0.667159 0.969376
2 8 15 -0.0439488 -0.943019 -0.329825 0.197856 0.984197 -0.0975546 0.14778 -0.305642 -0.171536 -0.318118 0.932404 0.931362
2 9 23 0.77238 -0.606685 0.18805 0.29392 -0.563535 -0.79114 -0.23775 -0.0286549 0.293013 0.0776606 -0.952949 0.9554
2 10 20 0.589222 -0.800188 0.111881 0.272653 -0.759277 -0.595722 -0.261943 -0.150681 0.276253 0.0693939 -0.958576 0.95024
2 11 23 -0.192798 -0.978612 0.0717406 -0.000151605 -0.975056 0.182876 -0.125783 -0.260395 0.109973 -0.0942019 -0.98946 0.965502
2 12 19 -0.602362 -0.722284 0.339804 0.220699 0.681212 -0.687048 -0.252815 0.026974 0.416065 0.079192 0.90588 0.974969
2 13 34 0.488881 0.118059 -0.864325 0.90492 -0.151069 0.987288 0.0494065 -0.0390264 0.85917 0.106419 0.500501 0.423789
2 14 0 1 0 0 0 0 1 0 0 0 0 1 0
2 15 20 -0.187475 -0.922656 -0.336986 0.0893147 -0.952383 0.254722 -0.167582 0.325676 0.240458 0.289522 -0.926475 0.941253
2 16 14 -0.6826 0.598791 -0.418935 0.266757 0.25312 0.7315 0.633118 -0.466028 0.685556 0.326125 -0.650888 0.843599
2 17 11 0.891146 -0.449851 0.0590942 0.201179 0.426022 0.784818 -0.450073 0.349216 0.156087 0.426256 0.891034 -0.915191
2 18 0 1 0 0 0 0 1 0 0 0 0 1 0
2 19 14 0.852144 -0.283675 0.439749 -0.293524 -0.188104 -0.950204 -0.248455 -0.136882 0.488332 0.129001 -0.863071 0.946101
2 20 0 1 0 0 0 0 1 0 0 0 0 1 0
2 21 19 -0.00460739 0.959566 -0.281446 0.158007 0.818487 0.165315 0.550227 -0.140489 0.574506 -0.227825 -0.786154 0.977393
2 22 0 1 0 0 0 0 1 0 0 0 0 1 0
2 23 11 -0.0311921 0.999478 -0.00846027 -0.291481 -0.994007 -0.030132 0.105077 0.0137249 0.104767 0.0116871 0.994428 -0.956478
2 24 28 -0.651396 0.751644 -0.103513 0.217762 0.29147 0.121934 -0.948777 0.233356 -0.70052 -0.6482 -0.298509 0.947694
2 25 14 0.871755 -0.466711 0.149079 -0.346815 -0.370888 -0.827448 -0.42163 -0.140615 0.320134 0.312266 -0.894429 0.927333
2 26 20 -0.0778491 0.179748 -0.980627 -0.151777 0.193561 0.967621 0.161998 -0.0823848 0.977995 -0.177199 -0.110121 0.984975
2 27 0 1 0 0 0 0 1 0 0 0 0 1 0
2 28 0 1 0 0 0 0 1 0 0 0 0 1 0
2 29 0 1 0 0 0 0 1 0 0 0 0 1 0
2 30 0 1 0 0 0 0 1 0 0 0 0 1 0
2 31 0 1 0 0 0 0 1 0 0 0 0 1 0
2 32 0 1 0 0 0 0 1 0 0 0 0 1 0
2 33 0 1 0 0 0 0 1 0 0 0 0 1 0
2 34 14 0.904982 0.376359 0.198397 0.32249 -0.330037 0.915301 -0.230868 -0.178815 -0.268482 0.143453 0.952543 0.92953
2 35 0 1 0 0 0 0 1 0 0 0 0 1 0
2 36 13 -0.851049 -0.00292424 -0.525077 0.289507 0.0418553 -0.99718 -0.0622859 -0.00537544 -0.523415 -0.0749856 0.848772 0.957161
2 37 15 0.557785 0.619078 0.552828 0.282568 0.278205 -0.766993 0.578208 -0.178311 0.781971 -0.168716 -0.600047 0.942529
2 38 12 -0.486389 -0.617819 0.617839 -0.303173 -0.0804871 0.735793 0.672407 -0.325115 -0.870027 0.277323 -0.407608 0.89576
2 39 0 1 0 0 0 0 1 0 0 0 0 1 0
2 40 15 0.929527 0.154325 0.334909 -0.210245 0.0307452 -0.937487 0.346659 -0.10212 0.367471 -0.311932 -0.876164 0.972301
2 41 0 1 0 0 0 0 1 0 0 0 0 1 0
2 42 0 1 0 0 0 0 1 0 0 0 0 1 0
2 43 0 1 0 0 0 0 1 0 0 0 0 1 0
2 44 0 1 0 0 0 0 1 0 0 0 0 1 0
2 45 0 1 0 0 0 0 1 0 0 0 0 1 0
2 46 0 1 0 0 0 0 1 0 0 0 0 1 0
2 47 20 -0.707097 0.624633 -0.331432 -0.1604 -0.354539 -0.718712 -0.598127 -0.233906 -0.611814 -0.305428 0.729656 0.958937
2 48 0 1 0 0 0 0 1 0 0 0 0 1 0
2 49 0 1 0 0 0 0 1 0 0 0 0 1 0
2 50 0 1 0 0 0 0 1 0 0 0 0 1 0
2 51 0 1 0 0 0 0 1 0 0 0 0 1 0
2 52 0 1 0 0 0 0 1 0 0 0 0 1 0
2 53 0 1 0 0 0 0 1 0 0 0 0 1 0
2 54 0 1 0 0 0 0 1 0 0 0 0 1 0
2 55 0 1 0 0 0 0 1 0 0 0 0 1 0
2 56 0 1 0 0 0 0 1 0 0 0 0 1 0
2 57 0 1 0 0 0 0 1 0 0 0 0 1 0
2 58 0 1 0 0 0 0 1 0 0 0 0 1 0
2 59 0 1 0 0 0 0 1 0 0 0 0 1 0
2 60 0 1 0 0 0 0 1 0 0 0 0 1 0
2 61 15 -0.431906 0.621012 0.654065 0.16852 -0.802249 0.0668548 -0.593234 0.298 -0.412133 -0.780945 0.469331 0.939573
2 62 0 1 0 0 0 0 1 0 0 0 0 1 0
2 63 0 1 0 0 0 0 1 0 0 0 0 1 0
2 64 0 1 0 0 0 0 1 0 0 0 0 1 0
2 65 0 1 0 0 0 0 1 0 0 0 0 1 0
2 66 0 1 0 0 0 0 1 0 0 0 0 1 0
2 67 21 0.992083 -0.0641962 0.107932 0.499655 0.0689485 0.996782 -0.0408873 -0.139817 -0.10496 0.0480053 0.993317 0.854866
3 4 36 0.998003 0.04939 -0.0393866 0.991415 -0.0490688 0.998754 0.00908187 0.0183081 0.0397861 -0.00713108 0.999183 -0.129463
3 5 46 0.990693 0.0557521 -0.124173 0.98872 -0.0566596 0.998386 -0.00378582 0.0410617 0.123762 0.0107862 0.992253 -0.144039
3 6 39 0.969121 -0.000287113 0.246587 -0.917836 -0.00597763 0.999678 0.0246569 0.122394 -0.246514 -0.0253695 0.968807 -0.377621
3 7 13 0.998514 0.0389626 0.038089 0.187311 -0.0390016 0.999239 0.000281008 0.237531 -0.038049 -0.00176612 0.999274 -0.953149
3 8 22 -0.29337 0.714119 -0.635585 0.197856 0.364045 0.698197 0.616434 -0.305642 0.883971 -0.0505383 -0.464802 0.931362
3 9 29 0.992962 -0.0498186 0.107441 0.436176 0.0500937 0.998745 0.000137785 -0.33617 -0.107313 0.00524533 0.994211 0.83471
3 10 17 0.0165138 -0.993134 -0.11581 0.272653 -0.596413 -0.102748 0.796074 -0.150681 -0.802508 0.0559244 -0.594015 0.95024
3 11 17 -0.262377 -0.957925 0.11635 -0.00293704 -0.956544 0.242295 -0.162227 -0.264346 0.12721 -0.153859 -0.97987 0.964424
3 12 33 -0.272432 0.813692 -0.513503 0.220699 0.926838 0.0786208 -0.367138 0.026974 -0.258366 -0.575954 -0.77558 0.974969
3 13 24 0.652838 0.619876 0.435381 -0.115683 -0.638176 0.759719 -0.124733 0.342351 -0.408087 -0.196419 0.891563 0.932423
3 14 23 0.658645 0.689491 0.301314 0.143207 0.739526 -0.667072 -0.0900884 0.277177 0.138883 0.282166 -0.94926 0.950087
3 15 26 -0.347154 0.59984 -0.720885 0.312581 0.474015 0.775503 0.417018 -0.14004 0.809193 -0.196941 -0.553552 0.939511
3 16 22 0.706409 0.203713 -0.677855 0.928011 -0.21566 0.974098 0.067998 0.00075418 0.67415 0.0981519 0.732044 -0.372551
3 17 25 0.756296 0.251713 -0.603869 0.737118 -0.245853 0.964717 0.0942168 -0.138395 0.606278 0.077207 0.791496 0.661441
3 18 0 1 0 0 0 0 1 0 0 0 0 1 0
3 19 15 -0.332134 0.861564 -0.383919 0.0351744 0.611127 0.506599 0.608179 -0.241762 0.718478 -0.0326265 -0.694784 0.969698
3 20 13 -0.0894717 -0.343288 0.934959 -0.316206 -0.462975 0.845476 0.266128 -0.157446 -0.881844 -0.409052 -0.23458 0.935534
3 21 13 -0.70494 -0.705261 0.0752753 -0.371793 -0.697066 0.669301 -0.257167 -0.241637 0.130988 -0.233759 -0.963431 0.896315
3 22 15 -0.285883 0.870285 0.401092 -0.402536 0.809426 -0.00473541 0.587202 -0.221173 0.512933 0.492525 -0.703078 0.888283
3 23 17 -0.898676 0.434445 -0.0603276 -0.0888243 0.269428 0.655317 0.705668 -0.371596 0.346108 0.617913 -0.705969 0.924136
3 24 10 0.422163 -0.704404 0.570608 0.220706 0.485495 0.707252 0.513896 0.17087 -0.765554 0.0600797 0.64056 0.960256
3 25 15 -0.83621 0.502003 0.220784 -0.345924 0.486622 0.864855 -0.123388 -0.149244 -0.252887 0.00426028 -0.967486 0.926317
3 26 22 0.76736 -0.15972 0.621006 -0.151777 -0.117068 -0.9871 -0.10922 -0.0823848 0.630439 0.0111113 -0.776159 0.984975
3 27 0 1 0 0 0 0 1 0 0 0 0 1 0
3 28 12 0.466428 0.825503 -0.317788 -0.478793 -0.86165 0.342781 -0.374246 -0.0451557 -0.20001 0.448381 0.871178 0.876766
3 29 0 1 0 0 0 0 1 0 0 0 0 1 0
3 30 0 1 0 0 0 0 1 0 0 0 0 1 0
3 31 0 1 0 0 0 0 1 0 0 0 0 1 0
3 32 25 0.833646 0.116236 -0.53993 0.80805 -0.243193 0.954983 -0.169898 -0.0880921 0.495875 0.272942 0.824385 0.582491
3 33 10 -0.906376 0.414947 -0.0793827 0.341717 -0.359308 -0.855968 -0.371776 -0.0985275 -0.222216 -0.308446 0.924922 0.934624
3 34 25 -0.334101 0.936818 -0.103674 0.322492 0.941086 0.337664 0.0184374 -0.177645 0.0522794 -0.091406 -0.99444 0.929753
3 35 17 -0.757643 0.108673 -0.643559 0.302247 -0.208971 0.893742 0.396935 -0.372943 0.618311 0.43522 -0.654427 0.877246
3 36 16 -0.728656 0.24667 -0.638916 0.290875 0.202784 0.968763 0.142749 -0.00587999 0.65417 -0.0255464 -0.755916 0.956743
3 37 0 1 0 0 0 0 1 0 0 0 0 1 0
3 38 11 -0.446967 0.670704 -0.591926 -0.258536 -0.728264 -0.657082 -0.194616 -0.171646 -0.519474 0.344092 0.782143 0.95063
3 39 13 0.821254 -0.295925 0.487822 -0.0867243 -0.427107 -0.885752 0.18172 -0.38102 0.378314 -0.357591 -0.853819 0.92049
3 40 21 -0.290825 -0.768458 -0.569994 0.330774 -0.950548 0.299929 0.0806316 -0.236844 0.108996 0.565256 -0.817683 0.913506
3 41 0 1 0 0 0 0 1 0 0 0 0 1 0
3 42 19 -0.504127 -0.781968 0.366582 -0.213785 -0.346538 0.571955 0.743491 -0.372739 -0.791055 0.24778 -0.559319 0.902974
3 43 11 0.126065 -0.990808 0.0490576 -0.462371 0.948901 0.106017 -0.297232 -0.129882 0.289299 0.0840214 0.953544 -0.877122
3 44 19 -0.252262 0.704393 -0.663472 0.474603 0.52242 0.676276 0.519354 -0.170898 0.814519 -0.215597 -0.538587 0.86345
3 45 0 1 0 0 0 0 1 0 0 0 0 1 0
3 46 0 1 0 0 0 0 1 0 0 0 0 1 0
3 47 17 0.930998 -0.359773 -0.0616911 -0.1604 0.345145 0.922646 -0.172043 -0.233906 0.118816 0.13888 0.983156 0.958937
3 48 0 1 0 0 0 0 1 0 0 0 0 1 0
3 49 0 1 0 0 0 0 1 0 0 0 0 1 0
3 50 0 1 0 0 0 0 1 0 0 0 0 1 0
3 51 0 1 0 0 0 0 1 0 0 0 0 1 0
3 52 22 -0.986818 -0.131059 0.094945 -0.0982894 -0.0684041 0.86947 0.489228 -0.0833121 -0.14667 0.476284 -0.866973 0.991664
3 53 0 1 0 0 0 0 1 0 0 0 0 1 0
3 54 0 1 0 0 0 0 1 0 0 0 0 1 0
3 55 0 1 0 0 0 0 1 0 0 0 0 1 0
3 56 15 0.365927 -0.922339 -0.12405 0.280268 -0.442718 -0.289769 0.848549 -0.271975 -0.818596 -0.255587 -0.51437 0.920586
3 57 14 -0.759903 -0.595549 0.260515 -0.237742 -0.560341 0.803284 0.201872 -0.300043 -0.329493 0.00742599 -0.944129 0.923825
3 58 0 1 0 0 0 0 1 0 0 0 0 1 0
3 59 11 0.0295287 0.820817 0.570428 0.424755 -0.647126 0.450636 -0.614943 0.0465971 -0.761811 -0.35098 0.544479 0.904109
3 60 20 -0.456489 0.302711 -0.83665 0.36206 0.385749 0.914703 0.120482 0.0375573 0.801758 -0.267738 -0.534322 0.931398
3 61 25 -0.825324 0.514403 0.232873 0.0181423 0.0548231 0.483464 -0.873646 0.415581 -0.561991 -0.708275 -0.427216 0.909375
3 62 0 1 0 0 0 0 1 0 0 0 0 1 0
3 63 0 1 0 0 0 0 1 0 0 0 0 1 0
3 64 16 -0.513993 -0.527883 0.676129 0.0593885 -0.463933 0.834062 0.298507 -0.275096 -0.721511 -0.160248 -0.673605 0.959581
3 65 0 1 0 0 0 0 1 0 0 0 0 1 0
3 66 0 1 0 0 0 0 1 0 0 0 0 1 0
3 67 23 -0.768713 0.54227 -0.339153 0.474839 0.575054 0.353847 -0.737635 -0.0652592 -0.279989 -0.76206 -0.583841 0.87765
4 5 135 0.99803 0.00654895 -0.0623937 0.967063 -0.00705817 0.999944 -0.00794459 -0.00772467 0.0623381 0.00836932 0.99802 -0.254421
4 6 34 0.997409 0.045757 -0.0555146 0.903509 -0.0448237 0.998834 0.0179438 0.0758465 0.0562709 -0.015409 0.998297 -0.421804
4 7 63 0.981334 0.0527573 -0.184934 0.976967 -0.0547323 0.998485 -0.00558696 0.122729 0.184359 0.0156045 0.982735 -0.174564
4 8 42 -0.0430703 0.456878 -0.888486 0.549693 0.87301 0.449637 0.188893 -0.0736683 0.485797 -0.767521 -0.418225 0.832112
4 9 20 0.974959 0.202135 0.0927127 -0.435069 -0.189427 0.97326 -0.12993 0.335245 -0.116497 0.109114 0.987179 -0.835659
4 10 12 0.252136 -0.912109 0.323241 0.272653 0.921957 0.327899 0.206102 -0.150681 -0.293978 0.246048 0.9236 0.95024
4 11 16 0.977257 0.198709 -0.0740443 0.343934 -0.201249 0.979125 -0.0285092 -0.168248 0.0668336 0.0427622 0.996847 0.923798
4 12 24 0.431131 0.87253 -0.22982 0.376443 0.805218 -0.25713 0.53433 -0.318883 0.407125 -0.415421 -0.813434 0.86983
4 13 25 -0.190838 0.948799 0.251717 -0.146388 0.981198 0.17685 0.0772909 0.27592 0.0288174 0.261735 -0.96471 0.949968
4 14 15 0.0575339 -0.966929 0.248472 -0.407491 0.974999 0.107927 0.194238 0.153824 -0.214631 0.231084 0.948964 -0.900161
4 15 18 0.834417 0.223391 -0.50383 0.55783 -0.252366 0.967569 0.0110504 -0.158167 0.489958 0.117929 0.863732 0.814745
4 16 11 0.779277 0.146364 -0.609348 0.361695 -0.156042 0.987037 0.0375264 0.0927867 0.606942 0.0658405 0.792014 -0.927668
4 17 24 0.978123 0.0808411 -0.19168 0.0233705 -0.035344 -0.84343 -0.536075 0.329448 -0.205005 0.531122 -0.822121 0.943884
4 18 17 0.729732 0.303669 -0.612598 0.235957 -0.315199 0.944485 0.0927199 -0.289004 0.606746 0.12543 0.784937 0.927794
4 19 15 -0.984931 0.0419968 0.167771 -0.293524 -0.111342 -0.896272 -0.4293 -0.136882 0.132339 -0.441511 0.887443 0.946101
4 20 16 -0.441092 -0.895262 0.0627991 -0.428483 0.859496 -0.401259 0.316635 -0.356091 -0.258272 0.193641 0.946466 0.830423
4 21 0 1 0 0 0 0 1 0 0 0 0 1 0
4 22 0 1 0 0 0 0 1 0 0 0 0 1 0
4 23 25 -0.863277 -0.441797 -0.244065 -0.0888243 -0.500512 0.811708 0.301028 -0.371596 0.0651165 0.382028 -0.921854 0.924136
4 24 21 0.978093 0.173138 -0.115576 0.287198 -0.162091 0.981794 0.0990295 -0.242331 0.130618 -0.0781262 0.98835 0.926711
4 25 12 0.389803 -0.920897 0.00148701 -0.207732 0.91539 0.387647 0.108589 -0.370735 -0.100575 -0.040967 0.994086 0.905209
4 26 18 0.457045 0.880027 -0.129085 0.189039 0.54925 -0.3934 -0.737266 0.359622 -0.699596 0.266064 -0.663156 0.913749
4 27 17 -0.563997 0.360072 0.743139 -0.370123 0.59388 0.802157 0.0620502 -0.102783 -0.573772 0.476332 -0.666254 0.923279
4 28 22 -0.886557 0.359599 0.291041 -0.472989 0.439929 0.849939 0.289941 -0.049505 -0.143105 0.385087 -0.911718 0.879676
4 29 16 -0.0688549 -0.997473 -0.0174869 -0.210194 -0.692335 0.0351563 0.720719 -0.361644 -0.718283 0.0617318 -0.693007 0.908313
4 30 0 1 0 0 0 0 1 0 0 0 0 1 0
4 31 0 1 0 0 0 0 1 0 0 0 0 1 0
4 32 11 0.763623 0.0436356 -0.644186 -0.206485 -0.0926677 0.994791 -0.0424643 -0.310448 0.638978 0.092122 0.763689 0.927893
4 33 21 0.30003 -0.861369 0.409909 -0.320757 -0.921838 -0.372323 -0.107654 -0.360528 0.245349 -0.345571 -0.905751 0.875862
4 34 0 1 0 0 0 0 1 0 0 0 0 1 0
4 35 14 -0.0409894 0.99886 -0.0244458 0.282333 0.660486 0.0454459 0.749462 -0.363592 0.749719 0.0145738 -0.661596 0.887744
4 36 0 1 0 0 0 0 1 0 0 0 0 1 0
4 37 0 1 0 0 0 0 1 0 0 0 0 1 0
4 38 28 -0.386053 -0.033022 -0.921885 0.486826 -0.105133 0.994423 0.00840546 -0.0177097 0.916466 0.100165 -0.387371 0.87332
4 39 16 -0.790874 0.401652 0.461729 -0.146912 0.433489 0.900243 -0.040606 0.0291307 -0.431978 0.16804 -0.886091 0.988721
4 40 29 -0.444113 -0.644843 -0.622046 0.22269 -0.891615 0.386456 0.235955 -0.386983 0.0882392 0.659416 -0.746581 0.894793
4 41 0 1 0 0 0 0 1 0 0 0 0 1 0
4 42 20 -0.777452 -0.15654 0.60915 -0.399667 0.158259 0.888677 0.430357 -0.368164 -0.608706 0.430985 -0.666129 0.839477
4 43 15 -0.462284 0.230092 0.856359 -0.794787 0.609236 0.784131 0.118195 0.0950687 -0.644302 0.576365 -0.502671 0.599396
4 44 21 -0.185028 -0.0527219 0.981318 -0.672755 -0.28952 -0.951318 -0.105699 -0.136421 0.939118 -0.303669 0.160757 0.727179
4 45 0 1 0 0 0 0 1 0 0 0 0 1 0
4 46 11 0.547011 0.670397 0.501345 0.466661 -0.836913 0.451448 0.309469 -0.274849 -0.0188643 -0.588865 0.808012 0.840646
4 47 0 1 0 0 0 0 1 0 0 0 0 1 0
4 48 0 1 0 0 0 0 1 0 0 0 0 1 0
4 49 11 -0.311297 0.947672 0.0707913 -0.0562879 0.878502 0.315381 -0.358845 0.641143 -0.362394 -0.049517 -0.930709 0.765354
4 50 0 1 0 0 0 0 1 0 0 0 0 1 0
4 51 13 0.417285 -0.876151 0.241316 -0.207993 -0.806716 -0.479387 -0.345541 -0.11953 0.41843 -0.0504845 -0.906845 0.970799
4 52 31 -0.62569 -0.709989 0.323152 -0.423706 -0.766637 0.483116 -0.422926 -0.038499 0.144153 -0.512361 -0.846585 0.904981
4 53 15 -0.896052 0.0620997 0.439584 -0.414923 0.240347 0.900367 0.36273 -0.0485321 -0.373262 0.430677 -0.821701 0.908561
4 54 11 -0.688357 0.0012137 -0.725371 0.375479 -0.227048 0.949388 0.217051 -0.0245151 0.688922 0.314102 -0.653242 0.926507
4 55 15 0.590738 -0.725403 0.353297 0.362314 -0.765278 -0.364967 0.530235 -0.252775 -0.255692 -0.5836 -0.770735 0.897125
4 56 14 -0.740309 -0.167327 0.651109 0.259833 0.152174 -0.9851 -0.080138 -0.284137 0.654817 0.0397548 0.754741 0.922905
4 57 0 1 0 0 0 0 1 0 0 0 0 1 0
4 58 0 1 0 0 0 0 1 0 0 0 0 1 0
4 59 0 1 0 0 0 0 1 0 0 0 0 1 0
4 60 0 1 0 0 0 0 1 0 0 0 0 1 0
4 61 15 -0.701659 0.12322 0.701777 -0.700742 0.344203 0.921001 0.182433 0.05149 -0.623858 0.36956 -0.688641 0.711554
4 62 0 1 0 0 0 0 1 0 0 0 0 1 0
4 63 22 -0.283987 -0.83643 0.46876 -0.451505 -0.85881 0.00449185 -0.512274 0.0125639 0.426376 -0.548055 -0.71961 0.89218
4 64 0 1 0 0 0 0 1 0 0 0 0 1 0
4 65 20 0.492818 -0.303536 -0.815473 0.427947 -0.362126 -0.923712 0.12498 -0.23556 -0.791198 0.233712 -0.565141 0.872567
4 66 12 0.781788 -0.383282 -0.491836 0.68205 -0.426988 -0.903892 0.0256824 -0.275521 -0.45441 0.18993 -0.870309 0.677418
4 67 11 0.0678766 0.833183 0.548816 0.291993 -0.664542 0.448054 -0.598023 -0.250421 -0.744162 -0.324119 0.584097 0.923054
5 6 79 0.998416 0.0355527 -0.043612 0.923961 -0.0347119 0.999199 0.0198884 0.183159 0.0442841 -0.018343 0.998851 -0.33578
5 7 73 0.989352 0.0492672 -0.136953 0.975355 -0.0487627 0.998786 0.00703891 0.0884097 0.137133 -0.000285767 0.990553 -0.202153
5 8 46 0.959927 0.170057 -0.222758 0.989763 -0.186546 0.980903 -0.0550386 -0.0129622 0.209144 0.0943875 0.973319 -0.142133
5 9 18 0.999599 0.0227248 0.0169217 0.450693 -0.022698 0.999741 -0.00177832 -0.246093 -0.0169577 0.00139352 0.999855 0.858087
5 10 13 0.910917 -0.258923 -0.321231 0.274046 -0.287617 -0.956713 -0.0444547 -0.150838 -0.295816 0.132886 -0.945957 0.949814
5 11 0 1 0 0 0 0 1 0 0 0 0 1 0
5 12 25 0.952942 -0.300884 -0.0370206 0.917629 0.301525 0.953369 0.0130165 0.155964 0.0313779 -0.0235666 0.99923 -0.365557
5 13 0 1 0 0 0 0 1 0 0 0 0 1 0
5 14 26 0.887625 0.40757 -0.214496 0.40869 0.454051 -0.852436 0.259212 -0.154893 -0.0771969 -0.327475 -0.941701 0.899434
5 15 26 -0.133612 0.753125 -0.644166 0.0526985 0.985895 0.0349036 -0.163686 0.120647 -0.100792 -0.65695 -0.747166 0.991296
5 16 32 0.775184 0.195069 -0.600865 0.971872 -0.197796 0.978255 0.0624082 0.0168876 0.599973 0.0704706 0.796911 -0.234905
5 17 37 -0.0795674 -0.654894 -0.751521 0.189922 -0.97889 0.193719 -0.0651717 0.176513 0.188265 0.730471 -0.656482 0.965802
5 18 17 0.723128 0.279029 -0.631845 0.52963 -0.266774 0.956614 0.117135 -0.243126 0.637116 0.0838566 0.766192 -0.812639
5 19 18 0.100492 0.601137 0.792803 -0.293524 -0.703742 0.606222 -0.370461 -0.136882 -0.703312 -0.520701 0.483966 0.946101
5 20 25 -0.440538 0.691121 0.572955 -0.484988 0.719643 -0.109681 0.685627 -0.25131 0.536694 0.714368 -0.449042 0.837633
5 21 0 1 0 0 0 0 1 0 0 0 0 1 0
5 22 14 0.704754 0.467198 -0.533899 0.233133 0.678343 -0.664158 0.314238 -0.261349 -0.207782 -0.583627 -0.784988 0.936667
5 23 0 1 0 0 0 0 1 0 0 0 0 1 0
5 24 0 1 0 0 0 0 1 0 0 0 0 1 0
5 25 22 -0.610521 -0.189429 -0.769013 -0.196958 0.724253 -0.526462 -0.445304 -0.0821249 -0.320502 -0.828827 0.45861 0.976966
5 26 0 1 0 0 0 0 1 0 0 0 0 1 0
5 27 25 0.337863 -0.731264 0.592538 -0.367832 -0.693086 -0.619238 -0.36902 -0.0616987 0.636773 -0.286001 -0.716047 0.927843
5 28 0 1 0 0 0 0 1 0 0 0 0 1 0
5 29 18 0.81801 -0.554368 0.153414 -0.210194 -0.544901 -0.661419 0.515372 -0.361644 -0.184235 -0.505174 -0.843123 0.908313
5 30 19 0.459051 -0.0776405 -0.885011 0.494426 -0.0784116 -0.995827 0.0466905 -0.242855 -0.884943 0.0479618 -0.463223 0.834604
5 31 0 1 0 0 0 0 1 0 0 0 0 1 0
5 32 18 -0.495997 0.531212 -0.686878 0.259388 0.414101 0.839997 0.350607 0.00289736 0.763222 -0.110536 -0.636611 0.965769
5 33 13 0.412497 -0.907015 -0.084679 0.424475 0.90004 0.420138 -0.115814 0.0237006 0.140622 -0.0284416 0.989655 0.905129
5 34 23 0.493171 0.422289 0.760562 -0.388605 0.233101 -0.906454 0.352144 -0.356419 0.838121 0.00362087 -0.545473 0.849678
5 35 0 1 0 0 0 0 1 0 0 0 0 1 0
5 36 0 1 0 0 0 0 1 0 0 0 0 1 0
5 37 18 -0.61371 0.785368 -0.0809727 0.440649 0.771288 0.574449 -0.274087 0.0351967 -0.168744 -0.230663 -0.95829 0.896989
5 38 11 0.922767 -0.381022 0.0576443 0.486357 0.369981 0.917813 0.143994 -0.0178733 -0.107771 -0.111545 0.987898 0.873577
5 39 0 1 0 0 0 0 1 0 0 0 0 1 0
5 40 20 -0.476496 -0.569651 -0.669663 0.222807 -0.861469 0.454624 0.226247 -0.386824 0.175563 0.6847 -0.707363 0.894832
5 41 0 1 0 0 0 0 1 0 0 0 0 1 0
5 42 14 0.892907 -0.4397 -0.0968574 0.402733 0.447516 0.890356 0.0836415 0.364076 0.0494604 -0.118029 0.991778 -0.839794
5 43 13 0.504681 0.630108 -0.590136 0.342715 0.857786 -0.443179 0.260376 -0.169136 -0.0974709 -0.637617 -0.764162 0.924088
5 44 13 -0.121666 -0.951506 0.282548 -0.0961178 -0.717544 0.280999 0.637314 -0.70212 -0.685804 -0.125201 -0.716936 0.705542
5 45 0 1 0 0 0 0 1 0 0 0 0 1 0
5 46 0 1 0 0 0 0 1 0 0 0 0 1 0
5 47 17 0.0667699 -0.802765 -0.592545 0.337601 -0.992244 0.00898147 -0.123977 0.202988 0.104847 0.596227 -0.79594 0.919142
5 48 0 1 0 0 0 0 1 0 0 0 0 1 0
5 49 0 1 0 0 0 0 1 0 0 0 0 1 0
5 50 0 1 0 0 0 0 1 0 0 0 0 1 0
5 51 0 1 0 0 0 0 1 0 0 0 0 1 0
5 52 0 1 0 0 0 0 1 0 0 0 0 1 0
5 53 0 1 0 0 0 0 1 0 0 0 0 1 0
5 54 19 0.543927 0.389329 -0.743348 0.851695 0.251815 -0.920757 -0.297988 0.131792 -0.800458 -0.0251025 -0.598863 0.507194
5 55 0 1 0 0 0 0 1 0 0 0 0 1 0
5 56 0 1 0 0 0 0 1 0 0 0 0 1 0
5 57 0 1 0 0 0 0 1 0 0 0 0 1 0
5 58 17 0.0943808 0.674154 -0.732536 0.795157 -0.995498 0.0703192 -0.0635463 -0.395523 0.00867135 0.735236 0.677756 -0.45966
5 59 0 1 0 0 0 0 1 0 0 0 0 1 0
5 60 0 1 0 0 0 0 1 0 0 0 0 1 0
5 61 13 -0.436575 0.78339 -0.442383 0.325845 0.861068 0.506326 0.0468592 0.0570032 0.260699 -0.360464 -0.895601 0.943703
5 62 0 1 0 0 0 0 1 0 0 0 0 1 0
5 63 0 1 0 0 0 0 1 0 0 0 0 1 0
5 64 0 1 0 0 0 0 1 0 0 0 0 1 0
5 65 0 1 0 0 0 0 1 0 0 0 0 1 0
5 66 11 -0.648946 0.759959 0.0364867 -0.270487 0.661317 0.539702 0.520942 -0.10649 0.376203 0.362193 -0.852812 0.956816
5 67 23 0.148044 0.804878 0.574678 -0.194531 0.843573 -0.406069 0.351415 -0.0452247 0.516205 0.432758 -0.739089 0.979853
6 7 55 0.99524 0.0760737 0.0609093 -0.244411 -0.0597125 0.969971 -0.235778 0.718279 -0.0770167 0.231018 0.969896 0.651413
6 8 12 0.996989 0.0748867 0.020145 -0.200194 -0.0732098 0.994568 -0.073992 -0.0306258 -0.0255766 0.0722944 0.997055 0.979277
6 9 10 0.981756 0.189006 -0.0208029 0.280555 -0.190142 0.976686 -0.0996519 -0.239267 0.0014831 0.101789 0.994805 0.929538
6 10 11 0.989146 0.130626 -0.067287 0.489654 -0.134167 0.989641 -0.0510926 0.18396 0.059916 0.0595657 0.996425 0.85229
6 11 10 0.993654 0.0917445 -0.0650782 -0.240598 -0.0909519 0.995742 0.0150449 -0.0686551 0.0661813 -0.00903046 0.997767 0.968194
6 12 13 0.592162 -0.796113 -0.124692 -0.134657 0.799526 0.561159 0.214148 -0.27458 -0.100514 -0.226505 0.96881 0.952089
6 13 0 1 0 0 0 0 1 0 0 0 0 1 0
6 14 19 0.184905 0.977406 0.102409 -0.0895024 -0.930224 0.207682 -0.302573 0.344266 -0.317006 -0.0393164 0.947608 0.934596
6 15 0 1 0 0 0 0 1 0 0 0 0 1 0
6 16 30 0.790724 0.137609 -0.596507 0.867962 -0.152304 0.987991 0.0260273 -0.133745 0.592925 0.0702701 0.802186 0.478282
6 17 20 0.648169 0.6269 -0.432288 0.0429682 0.406245 0.195484 0.892609 -0.900509 0.644082 -0.754177 -0.127968 0.432709
6 18 26 0.56945 0.266235 -0.777718 0.955362 -0.259533 0.955937 0.137213 -0.20344 0.77998 0.123708 0.613455 0.214233
6 19 0 1 0 0 0 0 1 0 0 0 0 1 0
6 20 0 1 0 0 0 0 1 0 0 0 0 1 0
6 21 0 1 0 0 0 0 1 0 0 0 0 1 0
6 22 0 1 0 0 0 0 1 0 0 0 0 1 0
6 23 0 1 0 0 0 0 1 0 0 0 0 1 0
6 24 0 1 0 0 0 0 1 0 0 0 0 1 0
6 25 0 1 0 0 0 0 1 0 0 0 0 1 0
6 26 0 1 0 0 0 0 1 0 0 0 0 1 0
6 27 0 1 0 0 0 0 1 0 0 0 0 1 0
6 28 0 1 0 0 0 0 1 0 0 0 0 1 0
6 29 0 1 0 0 0 0 1 0 0 0 0 1 0
6 30 0 1 0 0 0 0 1 0 0 0 0 1 0
6 31 0 1 0 0 0 0 1 0 0 0 0 1 0
6 32 0 1 0 0 0 0 1 0 0 0 0 1 0
6 33 0 1 0 0 0 0 1 0 0 0 0 1 0
6 34 0 1 0 0 0 0 1 0 0 0 0 1 0
6 35 0 1 0 0 0 0 1 0 0 0 0 1 0
6 36 0 1 0 0 0 0 1 0 0 0 0 1 0
6 37 0 1 0 0 0 0 1 0 0 0 0 1 0
6 38 0 1 0 0 0 0 1 0 0 0 0 1 0
6 39 0 1 0 0 0 0 1 0 0 0 0 1 0
6 40 21 -0.316128 -0.844682 0.431943 -0.261354 -0.948489 0.271419 -0.163403 -0.362752 0.0207862 -0.46135 -0.886975 0.894486
6 41 0 1 0 0 0 0 1 0 0 0 0 1 0
6 42 0 1 0 0 0 0 1 0 0 0 0 1 0
6 43 0 1 0 0 0 0 1 0 0 0 0 1 0
6 44 0 1 0 0 0 0 1 0 0 0 0 1 0
6 45 0 1 0 0 0 0 1 0 0 0 0 1 0
6 46 0 1 0 0 0 0 1 0 0 0 0 1 0
6 47 0 1 0 0 0 0 1 0 0 0 0 1 0
6 48 0 1 0 0 0 0 1 0 0 0 0 1 0
6 49 0 1 0 0 0 0 1 0 0 0 0 1 0
6 50 0 1 0 0 0 0 1 0 0 0 0 1 0
6 51 0 1 0 0 0 0 1 0 0 0 0 1 0
6 52 0 1 0 0 0 0 1 0 0 0 0 1 0
6 53 0 1 0 0 0 0 1 0 0 0 0 1 0
6 54 0 1 0 0 0 0 1 0 0 0 0 1 0
6 55 0 1 0 0 0 0 1 0 0 0 0 1 0
6 56 0 1 0 0 0 0 1 0 0 0 0 1 0
6 57 0 1 0 0 0 0 1 0 0 0 0 1 0
6 58 0 1 0 0 0 0 1 0 0 0 0 1 0
6 59 0 1 0 0 0 0 1 0 0 0 0 1 0
6 60 0 1 0 0 0 0 1 0 0 0 0 1 0
6 61 0 1 0 0 0 0 1 0 0 0 0 1 0
6 62 0 1 0 0 0 0 1 0 0 0 0 1 0
6 63 0 1 0 0 0 0 1 0 0 0 0 1 0
6 64 0 1 0 0 0 0 1 0 0 0 0 1 0
6 65 0 1 0 0 0 0 1 0 0 0 0 1 0
6 66 0 1 0 0 0 0 1 0 0 0 0 1 0
6 67 0 1 0 0 0 0 1 0 0 0 0 1 0
7 8 31 0.99049 0.0911671 -0.103041 0.996054 -0.0980419 0.993139 -0.0637403 -0.0785972 0.0965234 0.0732365 0.992633 -0.0412095
7 9 23 0.995948 0.0106835 -0.0892948 0.825921 -0.011253 0.999919 -0.00587607 -0.151655 0.0892248 0.00685709 0.995988 0.543006
7 10 34 0.970889 0.0462676 -0.235017 0.917815 -0.0543655 0.998126 -0.0280918 -0.0656971 0.233277 0.0400509 0.971585 0.391534
7 11 0 1 0 0 0 0 1 0 0 0 0 1 0
7 12 17 -0.740464 -0.278611 -0.611628 0.25146 -0.0883525 0.942485 -0.322361 0.0455514 0.666263 -0.184658 -0.722492 0.966795
7 13 14 0.232645 0.896298 0.377526 -0.18236 0.827306 0.0216986 -0.561332 0.382573 -0.511313 0.442921 -0.736465 0.90575
7 14 15 0.822769 -0.525721 0.216029 0.227499 -0.426211 -0.822126 -0.37743 0.0675591 0.376026 0.218464 -0.900488 0.971432
7 15 0 1 0 0 0 0 1 0 0 0 0 1 0
7 16 25 0.305981 0.246573 -0.919553 0.896237 -0.246719 0.953419 0.173558 -0.128377 0.919514 0.173765 0.352562 0.424591
7 17 0 1 0 0 0 0 1 0 0 0 0 1 0
