0 1 72 0.999602 0.00931969 -0.0266239 0.944356 -0.00989848 0.999716 -0.0216911 0.0555433 0.0264142 0.0219461 0.99941 0.324201
0 2 95 0.995686 0.0423995 -0.0825315 0.952305 -0.0459472 0.998079 -0.0415707 0.133031 0.0806103 0.0451835 0.995721 -0.274623
0 3 100 0.986958 0.0545619 -0.151451 0.961592 -0.0552697 0.998471 -0.000464342 0.0538245 0.151195 0.00882896 0.988465 -0.269155
0 4 82 0.962307 0.110987 -0.24829 0.99524 -0.111736 0.993676 0.0111181 0.0173481 0.247954 0.0170439 0.968622 -0.0958972
0 5 33 0.992217 0.00252636 0.124496 -0.762285 -0.00136872 0.999955 -0.00938325 0.175083 -0.124514 0.00913982 0.992176 -0.623111
0 6 0 1 0 0 0 0 1 0 0 0 0 1 0
0 7 31 0.257706 -0.263778 0.929521 -0.743637 0.560823 0.824215 0.0784082 -0.194185 -0.786807 0.50109 0.360338 0.639763
0 8 11 0.849505 -0.526534 0.0332101 0.197856 0.519091 0.845426 0.125698 -0.305642 -0.0942607 -0.0895417 0.991513 0.931362
0 9 0 1 0 0 0 0 1 0 0 0 0 1 0
0 10 23 -0.429771 0.899125 -0.0828927 0.135161 -0.65687 -0.374319 -0.654529 0.218556 -0.619531 -0.226848 0.751479 0.966418
0 11 14 -0.477115 0.830486 0.287496 0.124978 -0.878129 -0.463662 -0.117925 0.196208 0.0353657 -0.308723 0.950494 0.972565
0 12 13 0.943787 0.149819 -0.294653 0.998805 -0.164645 0.98601 -0.0260194 0.0459879 0.286633 0.07307 0.95525 -0.0165165
0 13 16 0.809729 0.155431 -0.565844 -0.296447 -0.196621 0.980405 -0.0120613 0.260925 0.552882 0.121023 0.824424 -0.918715
0 14 17 0.00781706 0.897177 0.441603 -0.325179 0.761264 -0.29169 0.579132 -0.394146 0.648395 0.331649 -0.685269 0.859597
0 15 17 -0.0249173 -0.938774 0.343632 -0.454277 -0.919141 -0.113666 -0.377174 -0.134633 0.39314 -0.325245 -0.860033 0.880629
0 16 25 0.528561 -0.254359 0.809892 -0.482344 -0.587502 -0.798266 0.132714 -0.317223 0.612752 -0.545961 -0.571369 0.816525
0 17 19 0.549643 0.766656 -0.331859 0.44667 0.810978 -0.394318 0.432237 -0.224597 0.200519 -0.506706 -0.838475 0.86605
0 18 17 -0.365158 -0.709251 0.603011 -0.436719 -0.670755 0.649618 0.357888 -0.321739 -0.64556 -0.273787 -0.712947 0.840095
0 19 12 0.876842 -0.420828 0.232492 -0.386755 0.441697 0.896091 -0.0438648 0.0326993 -0.189875 0.141154 0.971609 -0.921603
0 20 12 -0.170624 -0.937131 0.304422 -0.417723 -0.979086 0.19599 0.054572 -0.357276 -0.110805 -0.288745 -0.950973 0.835381
0 21 0 1 0 0 0 0 1 0 0 0 0 1 0
0 22 0 1 0 0 0 0 1 0 0 0 0 1 0
0 23 0 1 0 0 0 0 1 0 0 0 0 1 0
0 24 23 -0.778217 -0.596907 0.195143 -0.258932 -0.604059 0.796471 0.0273149 -0.166617 -0.17173 -0.0966213 -0.980394 0.951416
0 25 15 0.345069 0.844158 0.410274 -0.295683 0.807693 -0.489732 0.328322 -0.0905279 0.47808 0.218081 -0.850812 0.950987
0 26 18 -0.35497 -0.408581 -0.840867 0.244911 0.660189 -0.74639 0.0839767 -0.16512 -0.661926 -0.525322 0.534687 0.955382
0 27 0 1 0 0 0 0 1 0 0 0 0 1 0
0 28 22 -0.961952 0.171856 -0.212399 -0.0714864 0.115569 0.96037 0.253641 -0.204664 0.247571 0.219444 -0.943691 0.976218
0 29 0 1 0 0 0 0 1 0 0 0 0 1 0
0 30 0 1 0 0 0 0 1 0 0 0 0 1 0
0 31 0 1 0 0 0 0 1 0 0 0 0 1 0
0 32 0 1 0 0 0 0 1 0 0 0 0 1 0
0 33 0 1 0 0 0 0 1 0 0 0 0 1 0
0 34 10 -0.776626 0.537331 -0.328829 0.213349 -0.533816 -0.838494 -0.109399 -0.229022 -0.334504 0.0905725 0.938032 -0.949753
0 35 11 0.627975 0.769664 -0.115176 -0.175184 -0.766094 0.63741 0.0825119 -0.0148694 0.136921 0.0364203 0.989912 -0.984423
0 36 11 0.679643 -0.644151 0.350933 -0.204882 0.683354 0.729904 0.0163325 0.233919 -0.266668 0.228711 0.936258 0.950424
0 37 21 0.592357 0.452957 0.66629 -0.163895 0.722102 -0.665264 -0.189717 0.211867 0.357325 0.59351 -0.721155 0.963458
0 38 0 1 0 0 0 0 1 0 0 0 0 1 0
0 39 13 0.235569 0.612503 0.754551 -0.415291 0.822319 -0.539423 0.181149 -0.190685 0.517976 0.577808 -0.630744 0.889479
0 40 0 1 0 0 0 0 1 0 0 0 0 1 0
0 41 0 1 0 0 0 0 1 0 0 0 0 1 0
0 42 23 0.469561 0.564821 -0.678593 0.108001 -0.693049 0.711973 0.11304 -0.315597 0.546988 0.417219 0.725764 0.942727
0 43 0 1 0 0 0 0 1 0 0 0 0 1 0
0 44 20 -0.417209 -0.747735 0.516556 -0.584031 -0.352993 0.657088 0.666057 -0.40682 -0.837456 0.0955442 -0.538088 0.702428
0 45 0 1 0 0 0 0 1 0 0 0 0 1 0
0 46 14 0.910674 -0.389697 -0.137144 0.411289 0.413114 0.861364 0.295617 0.186302 0.00292972 -0.325867 0.945411 -0.892263
0 47 0 1 0 0 0 0 1 0 0 0 0 1 0
0 48 0 1 0 0 0 0 1 0 0 0 0 1 0
0 49 0 1 0 0 0 0 1 0 0 0 0 1 0
0 50 0 1 0 0 0 0 1 0 0 0 0 1 0
0 51 18 0.93792 0.283482 -0.199859 0.455097 0.209842 -0.922561 -0.323802 0.0625175 -0.276175 0.261762 -0.924775 0.888244
0 52 0 1 0 0 0 0 1 0 0 0 0 1 0
0 53 0 1 0 0 0 0 1 0 0 0 0 1 0
0 54 0 1 0 0 0 0 1 0 0 0 0 1 0
0 55 0 1 0 0 0 0 1 0 0 0 0 1 0
0 56 0 1 0 0 0 0 1 0 0 0 0 1 0
0 57 0 1 0 0 0 0 1 0 0 0 0 1 0
0 58 0 1 0 0 0 0 1 0 0 0 0 1 0
0 59 0 1 0 0 0 0 1 0 0 0 0 1 0
0 60 0 1 0 0 0 0 1 0 0 0 0 1 0
0 61 0 1 0 0 0 0 1 0 0 0 0 1 0
0 62 0 1 0 0 0 0 1 0 0 0 0 1 0
0 63 0 1 0 0 0 0 1 0 0 0 0 1 0
0 64 13 0.955231 0.223895 0.193405 -0.263092 -0.195582 0.968356 -0.155033 -0.155213 -0.221996 0.110265 0.968793 0.952204
0 65 0 1 0 0 0 0 1 0 0 0 0 1 0
0 66 0 1 0 0 0 0 1 0 0 0 0 1 0
0 67 14 0.790767 -0.589241 0.165779 -0.376499 0.55461 0.804305 0.213313 -0.250763 -0.25903 -0.0767379 0.962816 0.891833
1 2 120 0.996673 0.0368808 -0.0726824 0.911466 -0.0387893 0.998934 -0.0250224 0.160141 0.0716821 0.0277584 0.997041 -0.378925
1 3 108 0.989366 0.0502613 -0.13649 0.935545 -0.0482281 0.998671 0.0181646 0.077472 0.137221 -0.0113888 0.990475 -0.344607
1 4 127 0.973664 0.0975965 -0.20604 0.969202 -0.0939193 0.995198 0.0275767 0.0742967 0.207742 -0.0074993 0.978155 -0.234793
1 5 71 0.96378 0.13996 -0.227022 0.933379 -0.141892 0.989851 0.00787271 0.0577232 0.22582 0.024625 0.973858 -0.35422
1 6 36 0.94955 0.136162 -0.282516 0.983954 -0.127447 0.99063 0.0490933 0.0361154 0.286553 -0.0106108 0.958006 -0.174728
1 7 21 -0.0642118 0.832162 -0.550802 -0.341953 -0.945782 -0.226843 -0.232461 -0.118689 -0.31839 0.506012 0.801611 0.932192
1 8 38 -0.512034 -0.219918 0.830335 0.197856 0.28198 -0.956133 -0.0793502 -0.305642 0.811362 0.193508 0.551585 0.931362
1 9 24 0.593557 -0.634888 0.494578 -0.152573 -0.175669 -0.701931 -0.690242 0.467076 0.785386 0.322816 -0.528166 0.870954
1 10 16 -0.379648 -0.875015 -0.300359 0.17124 -0.735507 0.482414 -0.475716 0.281748 0.561156 0.0403118 -0.826728 0.944084
1 11 0 1 0 0 0 0 1 0 0 0 0 1 0
1 12 21 -0.286734 -0.128961 0.949291 0.368854 -0.0792562 -0.984308 -0.157657 -0.13359 0.954726 -0.120443 0.272014 0.919837
1 13 14 0.812116 0.183839 -0.553778 0.229204 -0.211236 0.977325 0.0146658 0.203058 0.543917 0.105068 0.832535 -0.951963
1 14 17 0.253371 0.932362 0.257885 0.0382779 0.856546 -0.0923294 -0.507744 0.220874 -0.44959 0.349537 -0.822005 0.974551
1 15 33 -0.599959 -0.172194 0.78128 -0.456834 -0.438143 0.887812 -0.140784 -0.141835 -0.669388 -0.426777 -0.608097 0.878171
1 16 32 -0.509021 -0.836648 0.202284 -0.377561 -0.761148 0.547249 0.348098 -0.108835 -0.401935 0.0232214 -0.915374 0.919566
1 17 24 0.981854 0.162503 0.0977519 0.398457 -0.138805 0.96705 -0.21342 0.0801423 -0.129212 0.195979 0.972058 -0.913679
1 18 0 1 0 0 0 0 1 0 0 0 0 1 0
1 19 26 -0.592195 0.590425 -0.548364 0.127634 -0.158141 -0.75245 -0.639383 0.026245 -0.790124 -0.291921 0.538968 0.991474
1 20 0 1 0 0 0 0 1 0 0 0 0 1 0
1 21 24 -0.819506 0.46926 -0.328944 0.301574 -0.403734 -0.880132 -0.249734 0.209671 -0.406705 -0.0718524 0.91073 0.930103
1 22 0 1 0 0 0 0 1 0 0 0 0 1 0
1 23 14 0.894784 0.166023 0.414485 -0.0888243 -0.00680431 -0.923122 0.384448 -0.371596 0.446447 -0.346818 -0.824865 0.924136
1 24 37 0.801142 -0.0250829 0.597948 -0.314627 0.291483 0.888964 -0.353244 -0.183719 -0.522694 0.457291 0.719498 0.931266
1 25 47 -0.662926 -0.0871704 0.743593 -0.295683 -0.346811 0.915967 -0.20181 -0.0905279 -0.663515 -0.391671 -0.637449 0.950987
1 26 0 1 0 0 0 0 1 0 0 0 0 1 0
1 27 16 0.666723 -0.696935 -0.264123 -0.30943 -0.722876 -0.690976 -0.00148715 -0.153848 -0.181466 0.19192 -0.964488 0.938394
1 28 13 0.244128 0.906411 -0.344705 -0.362927 -0.968383 0.246685 -0.0371662 -0.124599 0.0513455 0.342879 0.937975 0.92345
1 29 18 -0.0446237 -0.945734 0.321865 0.468129 0.887687 -0.185335 -0.421501 -0.202079 0.45828 0.266906 0.847786 0.860244
1 30 0 1 0 0 0 0 1 0 0 0 0 1 0
1 31 0 1 0 0 0 0 1 0 0 0 0 1 0
1 32 0 1 0 0 0 0 1 0 0 0 0 1 0
1 33 0 1 0 0 0 0 1 0 0 0 0 1 0
1 34 10 0.705994 -0.690667 -0.156691 -0.213349 0.58132 0.438761 0.685242 0.229022 -0.404524 -0.574864 0.71126 0.949753
1 35 16 0.00663521 -0.878742 -0.477252 -0.213895 0.989496 0.0746912 -0.123769 0.23616 0.144407 -0.471418 0.870007 0.94788
1 36 45 0.0433663 -0.952988 0.299888 -0.204882 -0.686681 -0.24646 -0.683905 0.233919 0.725664 -0.176269 -0.665087 0.950424
1 37 13 0.311415 -0.950017 0.0220967 0.163418 0.829661 0.283153 0.481131 -0.211757 -0.46334 -0.131499 0.87637 -0.963563
1 38 28 -0.371298 0.925011 0.0805793 -0.325377 0.760848 0.253361 0.597426 -0.351761 0.53221 0.283132 -0.797865 0.877721
1 39 20 0.167435 0.459515 0.872245 -0.386938 -0.269993 0.872283 -0.407708 -0.0332294 -0.948193 -0.167235 0.270117 0.921507
1 40 0 1 0 0 0 0 1 0 0 0 0 1 0
1 41 0 1 0 0 0 0 1 0 0 0 0 1 0
1 42 0 1 0 0 0 0 1 0 0 0 0 1 0
1 43 37 0.530739 -0.584691 0.613558 -0.475056 -0.701375 0.103414 0.70525 -0.301157 -0.475804 -0.804638 -0.355202 0.826817
1 44 53 -0.0166517 0.620876 0.783732 -0.402762 0.998688 0.0482982 -0.0170433 -0.300195 -0.0484346 0.782419 -0.620865 0.864676
1 45 0 1 0 0 0 0 1 0 0 0 0 1 0
1 46 19 0.867766 0.349644 0.353174 -0.441364 0.436218 -0.876365 -0.204202 -0.213105 0.238111 0.33126 -0.913001 0.871656
1 47 18 -0.794443 -0.569088 -0.212132 0.359486 0.533785 -0.820868 0.203101 0.180663 -0.289714 0.0481194 0.955903 0.915495
1 48 0 1 0 0 0 0 1 0 0 0 0 1 0
1 49 0 1 0 0 0 0 1 0 0 0 0 1 0
1 50 0 1 0 0 0 0 1 0 0 0 0 1 0
1 51 11 -0.663492 0.467556 0.584097 -0.455097 -0.614779 -0.785635 -0.069461 -0.0625175 0.42641 -0.405177 0.808706 -0.888244
1 52 0 1 0 0 0 0 1 0 0 0 0 1 0
1 53 33 -0.452338 0.835363 0.312346 -0.189031 0.610009 0.0343096 0.791652 -0.373418 0.6506 0.548627 -0.525098 0.9082
1 54 0 1 0 0 0 0 1 0 0 0 0 1 0
1 55 0 1 0 0 0 0 1 0 0 0 0 1 0
1 56 0 1 0 0 0 0 1 0 0 0 0 1 0
1 57 19 0.99824 0.0343588 -0.0483443 0.223257 -0.0326663 0.99884 0.0353747 -0.0703869 0.0495037 -0.0337332 0.998204 -0.972215
1 58 0 1 0 0 0 0 1 0 0 0 0 1 0
1 59 26 0.343327 0.938856 0.0260076 0.262333 0.705626 -0.276115 0.652573 -0.17713 0.619853 -0.205694 -0.757279 0.948581
1 60 19 0.431175 0.743326 0.511425 0.237116 0.717408 0.0613119 -0.69395 0.204211 -0.547187 0.666114 -0.506832 0.949776
1 61 0 1 0 0 0 0 1 0 0 0 0 1 0
1 62 0 1 0 0 0 0 1 0 0 0 0 1 0
1 63 0 1 0 0 0 0 1 0 0 0 0 1 0
1 64 17 -0.875045 0.463827 0.138421 -0.259956 0.479881 0.793885 0.373444 -0.154406 0.0633232 0.393205 -0.917267 0.953196
1 65 14 -0.955743 0.288796 0.0561482 -0.283917 -0.286768 -0.871833 -0.397078 -0.165806 -0.0657226 -0.395606 0.916066 0.944404
1 66 36 -0.713372 -0.327109 0.619759 -0.164127 -0.387902 0.920852 0.0395316 -0.260655 -0.583637 -0.212205 -0.783796 0.951379
1 67 17 0.672889 -0.516069 0.529994 -0.285888 0.234736 0.828388 0.508598 -0.164695 -0.701512 -0.217821 0.678553 0.944004
2 3 92 0.996041 0.0184902 -0.0869469 0.986442 -0.0153691 0.999218 0.0364297 0.0341278 0.0875525 -0.0349492 0.995547 0.16052
2 4 51 0.987627 0.071571 -0.139535 0.994975 -0.0654519 0.996702 0.0479653 0.0544684 0.142508 -0.0382391 0.989055 -0.0840078
2 5 29 0.979489 0.0960553 -0.177131 0.978771 -0.0933574 0.995355 0.0235225 0.119677 0.178567 -0.00650354 0.983906 -0.166386
2 6 29 0.967844 0.113757 -0.224361 0.990964 -0.10193 0.992753 0.063649 0.0527606 0.229976 -0.0387332 0.972425 -0.123315
2 7 21 0.520793 -0.0953704 -0.848339 0.132816 0.0360478 0.995311 -0.0897633 0.151695 0.852922 0.0161673 0.521788 0.979463
2 8 20 -0.851525 -0.524069 0.0160255 0.396776 0.524103 -0.851652 -0.00232346 -0.319448 0.0148658 0.00642053 0.999869 0.860536
2 9 0 1 0 0 0 0 1 0 0 0 0 1 0
2 10 0 1 0 0 0 0 1 0 0 0 0 1 0
2 11 0 1 0 0 0 0 1 0 0 0 0 1 0
2 12 15 -0.328393 -0.181378 0.926963 0.368854 -0.031743 -0.978716 -0.20275 -0.13359 0.944008 -0.0960062 0.315646 0.919837
2 13 13 0.847998 0.174174 -0.500563 -0.196236 -0.183478 0.982533 0.0310509 0.159632 0.497228 0.0655112 0.865143 -0.967475
2 14 0 1 0 0 0 0 1 0 0 0 0 1 0
2 15 18 -0.0306934 -0.987549 0.154286 -0.454722 -0.963808 -0.0116557 -0.266343 -0.133156 0.264825 -0.156877 -0.95145 0.880623
2 16 18 0.741088 -0.649603 0.169719 -0.459004 0.425017 0.649576 0.630406 -0.202306 -0.519759 -0.395052 0.757485 0.865094
2 17 26 0.606602 0.621845 0.495321 -0.398269 0.497135 -0.782901 0.374062 -0.0814875 0.620396 0.0193349 -0.78405 0.913642
2 18 0 1 0 0 0 0 1 0 0 0 0 1 0
2 19 0 1 0 0 0 0 1 0 0 0 0 1 0
2 20 0 1 0 0 0 0 1 0 0 0 0 1 0
2 21 13 0.974059 0.160068 -0.159959 0.238228 -0.194947 0.952501 -0.233962 0.067858 0.114911 0.259076 0.958997 0.968836
2 22 0 1 0 0 0 0 1 0 0 0 0 1 0
2 23 0 1 0 0 0 0 1 0 0 0 0 1 0
2 24 12 -0.917012 -0.277849 -0.286162 -0.195609 0.369773 -0.861169 -0.348792 -0.0760463 -0.149523 -0.425661 0.892444 0.977729
2 25 10 0.118598 0.985308 0.122897 0.164619 -0.909718 0.157424 -0.384228 0.0881176 -0.39793 -0.0662325 0.915022 0.982413
2 26 0 1 0 0 0 0 1 0 0 0 0 1 0
2 27 0 1 0 0 0 0 1 0 0 0 0 1 0
2 28 0 1 0 0 0 0 1 0 0 0 0 1 0
2 29 14 -0.218634 -0.376129 -0.900404 0.174941 -0.510929 0.830257 -0.222764 -0.232714 0.831355 0.411339 -0.373697 0.956682
2 30 0 1 0 0 0 0 1 0 0 0 0 1 0
2 31 0 1 0 0 0 0 1 0 0 0 0 1 0
2 32 0 1 0 0 0 0 1 0 0 0 0 1 0
2 33 0 1 0 0 0 0 1 0 0 0 0 1 0
2 34 0 1 0 0 0 0 1 0 0 0 0 1 0
2 35 0 1 0 0 0 0 1 0 0 0 0 1 0
2 36 17 0.809476 -0.318485 -0.49327 -0.319781 0.237725 0.945941 -0.220641 -0.334185 0.536875 0.0613414 0.841429 0.886601
2 37 0 1 0 0 0 0 1 0 0 0 0 1 0
2 38 10 0.645335 0.524218 -0.555642 -0.297127 -0.762709 0.482765 -0.430364 -0.342155 0.0426399 0.701522 0.711371 0.891429
2 39 0 1 0 0 0 0 1 0 0 0 0 1 0
2 40 0 1 0 0 0 0 1 0 0 0 0 1 0
2 41 16 0.855488 0.505586 0.111905 -0.841391 -0.476607 0.853281 -0.211559 0.162237 -0.202448 0.127652 0.970938 0.515501
2 42 22 -0.951997 -0.268738 0.146569 -0.246459 -0.267758 0.963115 0.02675 -0.0761585 -0.148351 -0.013779 -0.988839 0.966156
2 43 10 0.49659 0.857457 -0.13478 -0.472234 -0.774489 0.367621 -0.514802 -0.226477 -0.391873 0.360031 0.846648 0.851882
2 44 24 -0.940755 0.200444 0.273499 -0.402166 0.332506 0.703445 0.628176 -0.300325 -0.0664766 0.6819 -0.728418 0.864909
2 45 0 1 0 0 0 0 1 0 0 0 0 1 0
2 46 0 1 0 0 0 0 1 0 0 0 0 1 0
2 47 0 1 0 0 0 0 1 0 0 0 0 1 0
2 48 18 0.385278 -0.721852 -0.574883 0.339358 -0.922211 -0.278922 -0.267823 -0.0826087 0.0329806 0.633349 -0.773163 0.937023
2 49 0 1 0 0 0 0 1 0 0 0 0 1 0
2 50 0 1 0 0 0 0 1 0 0 0 0 1 0
2 51 0 1 0 0 0 0 1 0 0 0 0 1 0
2 52 0 1 0 0 0 0 1 0 0 0 0 1 0
2 53 25 0.259596 0.917939 -0.299996 -0.150712 0.963869 -0.227073 0.13926 -0.318495 0.0597114 -0.325308 -0.943721 0.935867
2 54 0 1 0 0 0 0 1 0 0 0 0 1 0
2 55 0 1 0 0 0 0 1 0 0 0 0 1 0
2 56 0 1 0 0 0 0 1 0 0 0 0 1 0
2 57 0 1 0 0 0 0 1 0 0 0 0 1 0
2 58 0 1 0 0 0 0 1 0 0 0 0 1 0
2 59 0 1 0 0 0 0 1 0 0 0 0 1 0
2 60 10 -0.802361 0.57808 0.148461 0.308401 -0.583143 -0.706325 -0.401309 -0.0559696 -0.127127 -0.408568 0.903831 0.949609
2 61 0 1 0 0 0 0 1 0 0 0 0 1 0
2 62 0 1 0 0 0 0 1 0 0 0 0 1 0
2 63 0 1 0 0 0 0 1 0 0 0 0 1 0
2 64 13 -0.922988 -0.112329 0.36807 -0.259956 -0.0927466 -0.863326 -0.49605 -0.154406 0.373485 -0.491985 0.786422 0.953196
2 65 25 0.343445 -0.309855 0.886587 -0.283917 -0.26017 -0.938453 -0.227197 -0.165806 0.902417 -0.152634 -0.402922 0.944404
2 66 48 0.605993 0.200276 0.769846 -0.533142 -0.00457116 0.968648 -0.248396 -0.308505 -0.795457 0.147007 0.587909 0.787772
2 67 0 1 0 0 0 0 1 0 0 0 0 1 0
3 4 69 0.995458 0.0539944 -0.0784054 0.999093 -0.0536449 0.998539 0.0065588 0.0275262 0.0786449 -0.00232296 0.9969 -0.0324913
3 5 32 0.993709 0.0701276 -0.0873133 0.942495 -0.0710808 0.99744 -0.00785244 0.080213 0.0865391 0.0140093 0.99615 -0.324451
3 6 35 0.986062 0.0882925 -0.141021 0.975193 -0.0860272 0.996048 0.0220921 0.0539105 0.142414 -0.00965258 0.98976 -0.214693
3 7 20 0.905477 0.280797 0.318222 -0.995411 -0.294631 0.955599 -0.00486306 0.0933346 -0.305458 -0.0893548 0.948004 -0.0211097
3 8 40 -0.64824 -0.587382 -0.484527 0.366094 0.569712 -0.796335 0.203173 -0.322354 -0.505186 -0.144336 0.850855 0.872962
3 9 25 0.853965 0.0670256 -0.515995 0.973045 -0.0759748 0.997103 0.00378228 -0.0110435 0.514754 0.0359727 0.856583 0.230351
3 10 16 -0.526619 -0.796643 -0.296703 0.135161 -0.828342 0.559333 -0.031574 0.218556 0.191109 0.229144 -0.954448 0.966418
3 11 12 0.99413 0.106898 0.0166848 0.124978 -0.106802 0.994259 -0.00656672 0.196208 -0.0172909 0.00474621 0.999839 0.972565
3 12 27 -0.293908 0.0960148 -0.950999 0.383199 -0.0899694 0.987746 0.12753 -0.142113 0.95159 0.123043 -0.281668 0.912668
3 13 21 0.501357 0.0992432 -0.85953 0.896937 -0.162938 0.986456 0.0188582 -0.0501655 0.84976 0.130595 0.510737 0.439304
3 14 19 0.992268 -0.115483 -0.0454835 0.330181 0.114727 0.713565 0.691132 -0.199959 -0.0473585 -0.691006 0.721296 0.922495
3 15 29 -0.681935 0.0697595 -0.728078 0.341262 -0.24728 0.914836 0.319262 -0.207464 0.688343 0.397755 -0.606609 0.916787
3 16 27 -0.492972 -0.0750605 -0.866802 -0.122037 0.214786 -0.975936 -0.0376429 -0.208061 -0.843117 -0.204733 0.49723 0.970473
3 17 17 0.112528 0.990451 0.0796565 -0.402616 -0.964512 0.128148 -0.230857 0.215895 -0.23886 -0.0508518 0.969722 -0.889545
3 18 12 0.588742 0.217453 0.778522 -0.0242848 -0.155801 0.975603 -0.154679 -0.00509265 -0.793164 -0.030228 0.608258 0.999692
3 19 17 -0.535151 0.445914 -0.717478 -0.0443622 -0.102844 -0.877404 -0.468599 -0.179909 -0.838473 -0.176983 0.515403 0.982682
3 20 13 0.923406 0.372035 -0.0943949 0.264838 0.337572 -0.904231 -0.261558 0.240024 -0.182664 0.209659 -0.960561 0.933943
3 21 12 -0.724973 0.534736 -0.434133 0.301574 -0.441508 -0.844556 -0.302979 0.209671 -0.528663 -0.0279783 0.84837 0.930103
3 22 0 1 0 0 0 0 1 0 0 0 0 1 0
3 23 0 1 0 0 0 0 1 0 0 0 0 1 0
3 24 10 0.955489 0.143193 -0.257948 -0.161223 -0.204926 0.951102 -0.231107 -0.161369 0.212242 0.27368 0.938111 0.973636
3 25 0 1 0 0 0 0 1 0 0 0 0 1 0
3 26 0 1 0 0 0 0 1 0 0 0 0 1 0
3 27 18 -0.820465 -0.570662 -0.0343665 -0.30943 -0.55115 0.805519 -0.217652 -0.153848 0.151889 -0.159635 -0.975421 0.938394
3 28 11 0.735264 0.633281 0.241541 -0.362927 0.64782 -0.551838 -0.525171 -0.124599 -0.19929 0.542614 -0.815998 0.92345
3 29 28 0.890074 0.452679 0.0533744 -0.0988526 0.330335 -0.721297 0.608777 -0.313289 0.31408 -0.524226 -0.791544 0.944499
3 30 0 1 0 0 0 0 1 0 0 0 0 1 0
3 31 0 1 0 0 0 0 1 0 0 0 0 1 0
3 32 0 1 0 0 0 0 1 0 0 0 0 1 0
3 33 0 1 0 0 0 0 1 0 0 0 0 1 0
3 34 13 -0.706172 -0.604278 -0.36901 -0.213349 0.243244 -0.6965 0.675071 0.229022 -0.664946 0.386957 0.638836 0.949753
3 35 24 0.365471 0.836676 0.407926 -0.213895 -0.606905 0.54647 -0.577094 0.23616 -0.70576 -0.0366614 0.707502 0.94788
3 36 21 0.0108466 0.989424 -0.144647 -0.204882 0.947966 -0.0562047 -0.31337 0.233919 -0.318186 -0.133722 -0.93855 0.950424
3 37 11 -0.821584 0.570044 -0.00708879 -0.163418 0.542818 0.786023 0.295833 0.211757 0.17421 0.239203 -0.955213 0.963563
3 38 0 1 0 0 0 0 1 0 0 0 0 1 0
3 39 0 1 0 0 0 0 1 0 0 0 0 1 0
3 40 11 -0.121068 0.928237 0.351737 -0.204414 0.926261 0.233046 -0.296192 0.219255 -0.356907 0.289941 -0.888004 0.954014
3 41 25 0.523232 -0.700513 -0.485293 0.26593 -0.780905 -0.622127 0.0560784 0.052861 -0.341198 0.349626 -0.872551 0.962542
3 42 17 0.955087 0.0174019 -0.295815 0.802572 -0.0702176 0.983133 -0.168874 0.111598 0.287887 0.182061 0.940199 -0.586024
3 43 13 0.984321 -0.121063 0.128278 -0.372999 0.152731 0.948792 -0.276527 -0.173821 -0.0882317 0.291783 0.952406 -0.911404
3 44 39 0.353357 -0.0925733 0.930897 -0.534991 -0.392861 -0.917776 0.0578568 -0.182379 0.848999 -0.386157 -0.360671 0.824938
3 45 0 1 0 0 0 0 1 0 0 0 0 1 0
3 46 0 1 0 0 0 0 1 0 0 0 0 1 0
3 47 0 1 0 0 0 0 1 0 0 0 0 1 0
3 48 0 1 0 0 0 0 1 0 0 0 0 1 0
3 49 0 1 0 0 0 0 1 0 0 0 0 1 0
3 50 0 1 0 0 0 0 1 0 0 0 0 1 0
3 51 15 0.767212 -0.420459 -0.484355 0.299427 -0.491162 -0.870788 -0.0220808 0.0478 -0.412487 0.254838 -0.874593 0.952921
3 52 10 -0.746762 0.472424 0.468148 -0.524681 0.389743 0.881201 -0.267554 0.432277 -0.538931 -0.0173422 -0.842171 0.73338
3 53 26 -0.260754 -0.779395 0.569693 -0.182479 -0.808235 0.498971 0.312704 -0.365979 -0.52798 -0.378907 -0.760044 0.912557
3 54 0 1 0 0 0 0 1 0 0 0 0 1 0
3 55 0 1 0 0 0 0 1 0 0 0 0 1 0
3 56 0 1 0 0 0 0 1 0 0 0 0 1 0
3 57 0 1 0 0 0 0 1 0 0 0 0 1 0
3 58 0 1 0 0 0 0 1 0 0 0 0 1 0
3 59 0 1 0 0 0 0 1 0 0 0 0 1 0
3 60 0 1 0 0 0 0 1 0 0 0 0 1 0
3 61 0 1 0 0 0 0 1 0 0 0 0 1 0
3 62 0 1 0 0 0 0 1 0 0 0 0 1 0
3 63 0 1 0 0 0 0 1 0 0 0 0 1 0
3 64 0 1 0 0 0 0 1 0 0 0 0 1 0
3 65 28 0.556518 0.812894 0.171727 -0.185532 0.573892 -0.525569 0.628033 -0.274939 0.600779 -0.250959 -0.759002 0.943391
3 66 19 -0.895042 -0.203216 -0.396993 0.00586516 0.208086 -0.97761 0.0312877 -0.225565 -0.394463 -0.0546047 0.917288 0.97421
3 67 0 1 0 0 0 0 1 0 0 0 0 1 0
4 5 178 0.997914 0.00586888 -0.0642906 0.982907 -0.00674325 0.999888 -0.0133917 0.102806 0.0642048 0.0137973 0.997841 -0.152722
4 6 35 0.998262 0.032578 -0.0491059 0.353362 -0.031985 0.999406 0.0128149 -0.172992 0.0494943 -0.0112219 0.998711 0.919352
4 7 52 0.979973 0.0543498 -0.191571 0.970539 -0.0552087 0.998474 0.00085572 0.0537847 0.191326 0.00973782 0.981478 -0.234864
4 8 26 0.616883 -0.380918 -0.688736 0.399198 -0.614804 -0.779573 -0.119507 -0.360755 -0.491398 0.497159 -0.715095 0.84291
4 9 22 0.349316 -0.462896 0.814681 -0.460862 -0.717511 0.427036 0.55029 -0.296303 -0.602625 -0.776768 -0.182962 0.836547
4 10 0 1 0 0 0 0 1 0 0 0 0 1 0
4 11 10 0.996752 0.0799228 -0.00992962 -0.124978 -0.080109 0.996585 -0.0200339 -0.196208 0.00829455 0.0207642 0.99975 -0.972565
4 12 26 0.0449161 0.330311 -0.942803 0.463771 -0.306322 0.902847 0.301719 -0.280099 0.950868 0.27525 0.141734 0.840512
4 13 18 -0.861348 -0.426926 -0.275342 -0.245779 -0.445177 0.895433 0.00424338 -0.114286 0.244738 0.126231 -0.961337 0.962565
4 14 14 -0.52476 0.772729 -0.357095 0.387555 0.596118 0.633046 0.493859 -0.234967 0.607677 0.0462865 -0.792835 0.891399
4 15 13 0.67818 -0.640085 -0.361057 -0.453495 0.730962 0.638292 0.241408 -0.136169 0.0759383 -0.427637 0.900755 0.880796
4 16 29 0.788679 0.151395 -0.595873 0.122109 -0.159389 0.986419 0.0396593 0.20803 0.593785 0.0636971 0.802099 -0.97047
4 17 25 0.772493 0.16401 -0.613478 0.106773 -0.166498 0.984586 0.0535692 0.317958 0.612807 0.0607609 0.787893 -0.942073
4 18 29 0.712196 0.208646 -0.670256 0.465693 -0.222227 0.972713 0.0666656 0.258877 0.665876 0.10147 0.739129 -0.846234
4 19 0 1 0 0 0 0 1 0 0 0 0 1 0
4 20 34 0.513571 0.335218 -0.789857 0.266116 0.801204 -0.516821 0.301608 0.239043 -0.30711 -0.787734 -0.534003 0.933831
4 21 12 0.718093 -0.694243 -0.0486742 0.301574 0.676235 0.712573 -0.186937 0.209671 0.164464 0.101323 0.981165 0.930103
4 22 12 -0.345983 0.679864 0.646592 0.0625806 0.790445 -0.160057 0.591251 -0.127299 0.505462 0.715658 -0.482018 0.989888
4 23 0 1 0 0 0 0 1 0 0 0 0 1 0
4 24 14 0.977843 0.115797 0.174396 -0.161223 -0.0841499 0.980237 -0.179034 -0.161369 -0.191681 0.160392 0.968263 0.973636
4 25 16 -0.650469 0.751388 -0.110935 -0.124834 0.562446 0.574673 0.594479 -0.208625 0.510436 0.324295 -0.796422 0.969996
4 26 0 1 0 0 0 0 1 0 0 0 0 1 0
4 27 11 -0.887738 0.378303 0.262312 -0.30943 -0.42203 -0.896399 -0.135495 -0.153848 0.183879 -0.230987 0.955423 0.938394
4 28 0 1 0 0 0 0 1 0 0 0 0 1 0
4 29 0 1 0 0 0 0 1 0 0 0 0 1 0
4 30 0 1 0 0 0 0 1 0 0 0 0 1 0
4 31 0 1 0 0 0 0 1 0 0 0 0 1 0
4 32 0 1 0 0 0 0 1 0 0 0 0 1 0
4 33 0 1 0 0 0 0 1 0 0 0 0 1 0
4 34 0 1 0 0 0 0 1 0 0 0 0 1 0
4 35 10 0.940978 -0.303142 0.150552 -0.213895 0.153818 0.779214 0.60759 0.23616 -0.301499 -0.548571 0.779852 0.94788
4 36 14 0.520243 -0.581919 0.625074 -0.204882 -0.846387 -0.253693 0.468262 0.233919 -0.113914 -0.772664 -0.624511 0.950424
4 37 20 0.121469 0.8259 0.550576 -0.163418 0.963846 -0.230674 0.133381 0.211757 0.237163 0.514469 -0.824061 0.963563
4 38 0 1 0 0 0 0 1 0 0 0 0 1 0
4 39 0 1 0 0 0 0 1 0 0 0 0 1 0
4 40 0 1 0 0 0 0 1 0 0 0 0 1 0
4 41 17 -0.595016 0.0141741 0.803589 -0.305907 0.133116 0.987773 0.0811428 -0.0553984 -0.792614 0.155252 -0.589627 0.950448
4 42 12 0.762719 -0.643153 -0.0679267 -0.389152 0.645186 0.749436 0.148595 -0.366683 -0.0446626 -0.157162 0.986562 0.845047
4 43 0 1 0 0 0 0 1 0 0 0 0 1 0
4 44 0 1 0 0 0 0 1 0 0 0 0 1 0
4 45 0 1 0 0 0 0 1 0 0 0 0 1 0
4 46 0 1 0 0 0 0 1 0 0 0 0 1 0
4 47 0 1 0 0 0 0 1 0 0 0 0 1 0
4 48 0 1 0 0 0 0 1 0 0 0 0 1 0
4 49 0 1 0 0 0 0 1 0 0 0 0 1 0
4 50 0 1 0 0 0 0 1 0 0 0 0 1 0
4 51 0 1 0 0 0 0 1 0 0 0 0 1 0
4 52 18 0.317336 -0.916426 -0.243845 0.184852 -0.649085 -0.0224377 -0.760385 0.392561 0.691366 0.399574 -0.601959 0.900958
4 53 0 1 0 0 0 0 1 0 0 0 0 1 0
4 54 0 1 0 0 0 0 1 0 0 0 0 1 0
4 55 0 1 0 0 0 0 1 0 0 0 0 1 0
4 56 0 1 0 0 0 0 1 0 0 0 0 1 0
4 57 0 1 0 0 0 0 1 0 0 0 0 1 0
4 58 0 1 0 0 0 0 1 0 0 0 0 1 0
4 59 0 1 0 0 0 0 1 0 0 0 0 1 0
4 60 0 1 0 0 0 0 1 0 0 0 0 1 0
4 61 0 1 0 0 0 0 1 0 0 0 0 1 0
4 62 0 1 0 0 0 0 1 0 0 0 0 1 0
4 63 0 1 0 0 0 0 1 0 0 0 0 1 0
4 64 0 1 0 0 0 0 1 0 0 0 0 1 0
4 65 0 1 0 0 0 0 1 0 0 0 0 1 0
4 66 0 1 0 0 0 0 1 0 0 0 0 1 0
4 67 0 1 0 0 0 0 1 0 0 0 0 1 0
5 6 26 0.998972 0.042201 -0.0165397 -0.256262 -0.0417801 0.998814 0.0250184 -0.144519 0.0175759 -0.0243017 0.99955 -0.955743
5 7 80 0.989881 0.0489731 -0.133184 0.955342 -0.0482673 0.998798 0.00852486 0.0750701 0.133441 -0.00201018 0.991055 -0.285809
5 8 46 0.962056 0.140342 -0.233992 0.995919 -0.154241 0.987136 -0.0421019 -0.0332117 0.225073 0.0765954 0.971327 -0.0839161
5 9 26 0.961343 0.0582043 -0.269133 0.982204 -0.0569701 0.998299 0.0124011 -0.035198 0.269397 0.0034108 0.963023 0.184488
5 10 26 -0.527457 0.74143 -0.414814 0.165098 0.785736 0.240019 -0.570096 0.279514 -0.323123 -0.626636 -0.709168 0.945841
5 11 32 0.88025 0.0949087 -0.464923 0.974286 -0.116167 0.99308 -0.0172156 -0.0473775 0.460072 0.0691627 0.885184 0.220277
5 12 18 -0.0118129 0.554716 -0.831956 0.377817 0.433758 0.7525 0.495579 -0.259171 0.900952 -0.355013 -0.249502 0.888867
5 13 0 1 0 0 0 0 1 0 0 0 0 1 0
5 14 11 -0.311442 -0.869018 0.384463 0.346989 0.941317 -0.22674 0.250024 -0.277471 -0.130102 0.439769 0.888637 0.895884
5 15 0 1 0 0 0 0 1 0 0 0 0 1 0
5 16 49 0.679502 0.227024 -0.697666 0.927861 -0.224263 0.969678 0.0971136 -0.161495 0.698558 0.090472 0.709811 0.336144
5 17 25 0.781414 0.232454 -0.579101 0.895941 -0.220344 0.971031 0.0924546 -0.163124 0.583816 0.0553561 0.809996 0.413135
5 18 39 -0.0331953 -0.430577 -0.901943 0.282164 -0.846542 0.491832 -0.203638 0.278296 0.531286 0.756773 -0.380828 0.918115
5 19 0 1 0 0 0 0 1 0 0 0 0 1 0
5 20 28 0.488905 0.592904 -0.639873 0.264838 0.743829 -0.66655 -0.0492884 0.240024 -0.45573 -0.451859 -0.766899 0.933943
5 21 16 0.622178 0.735408 -0.268458 0.301574 0.491578 -0.63387 -0.597126 0.209671 -0.609299 0.239551 -0.75589 0.930103
5 22 0 1 0 0 0 0 1 0 0 0 0 1 0
5 23 0 1 0 0 0 0 1 0 0 0 0 1 0
5 24 11 -0.689686 0.587722 -0.422984 -0.161223 -0.409034 -0.798231 -0.442174 -0.161369 -0.597514 -0.131946 0.790928 0.973636
5 25 0 1 0 0 0 0 1 0 0 0 0 1 0
5 26 0 1 0 0 0 0 1 0 0 0 0 1 0
5 27 0 1 0 0 0 0 1 0 0 0 0 1 0
5 28 0 1 0 0 0 0 1 0 0 0 0 1 0
5 29 0 1 0 0 0 0 1 0 0 0 0 1 0
5 30 0 1 0 0 0 0 1 0 0 0 0 1 0
5 31 0 1 0 0 0 0 1 0 0 0 0 1 0
5 32 0 1 0 0 0 0 1 0 0 0 0 1 0
5 33 0 1 0 0 0 0 1 0 0 0 0 1 0
5 34 0 1 0 0 0 0 1 0 0 0 0 1 0
5 35 0 1 0 0 0 0 1 0 0 0 0 1 0
5 36 15 0.71341 -0.655782 0.246973 -0.204882 -0.679189 -0.733842 0.0133634 0.233919 0.172476 -0.177275 -0.96893 0.950424
5 37 0 1 0 0 0 0 1 0 0 0 0 1 0
5 38 0 1 0 0 0 0 1 0 0 0 0 1 0
5 39 0 1 0 0 0 0 1 0 0 0 0 1 0
5 40 0 1 0 0 0 0 1 0 0 0 0 1 0
5 41 0 1 0 0 0 0 1 0 0 0 0 1 0
5 42 12 0.442435 -0.867836 0.226079 0.488408 0.819123 0.493688 0.292076 -0.164606 -0.365087 0.0559617 0.92929 0.85695
5 43 10 0.81661 0.471601 0.332779 0.0942855 -0.493738 0.86937 -0.0204463 0.316065 -0.29895 -0.147609 0.942783 0.944041
5 44 16 0.912408 0.290435 -0.288373 0.0938551 0.0301856 -0.750416 -0.660276 0.620451 -0.408167 0.593736 -0.693453 0.778609
5 45 0 1 0 0 0 0 1 0 0 0 0 1 0
5 46 0 1 0 0 0 0 1 0 0 0 0 1 0
5 47 0 1 0 0 0 0 1 0 0 0 0 1 0
5 48 0 1 0 0 0 0 1 0 0 0 0 1 0
5 49 0 1 0 0 0 0 1 0 0 0 0 1 0
5 50 0 1 0 0 0 0 1 0 0 0 0 1 0
5 51 20 -0.516982 -0.538241 0.665602 -0.178726 0.611463 0.311946 0.727188 -0.371493 -0.599035 0.782934 0.167844 0.911071
5 52 0 1 0 0 0 0 1 0 0 0 0 1 0
5 53 0 1 0 0 0 0 1 0 0 0 0 1 0
5 54 0 1 0 0 0 0 1 0 0 0 0 1 0
5 55 0 1 0 0 0 0 1 0 0 0 0 1 0
5 56 0 1 0 0 0 0 1 0 0 0 0 1 0
5 57 13 -0.979238 0.0123262 0.20234 -0.223257 0.0177099 0.999535 0.0248183 0.0703869 -0.20194 0.0278865 -0.979001 0.972215
5 58 14 0.467441 -0.879628 -0.0880599 0.0882874 -0.756091 -0.34619 -0.555408 0.281276 0.458067 0.326202 -0.826902 0.955557
5 59 21 -0.817121 0.57036 -0.083676 0.239085 0.549207 0.726131 -0.413649 0.18779 -0.175169 -0.383957 -0.906583 0.952666
5 60 0 1 0 0 0 0 1 0 0 0 0 1 0
5 61 0 1 0 0 0 0 1 0 0 0 0 1 0
5 62 0 1 0 0 0 0 1 0 0 0 0 1 0
5 63 16 -0.762899 0.211319 0.611007 -0.278651 -0.567945 -0.670613 -0.477198 -0.159117 0.308908 -0.711072 0.631627 0.94712
5 64 0 1 0 0 0 0 1 0 0 0 0 1 0
5 65 0 1 0 0 0 0 1 0 0 0 0 1 0
5 66 0 1 0 0 0 0 1 0 0 0 0 1 0
5 67 0 1 0 0 0 0 1 0 0 0 0 1 0
6 7 67 0.995382 0.016298 -0.0945963 0.965068 -0.0171934 0.999815 -0.00865719 -0.0233877 0.0944377 0.0102436 0.995478 -0.260954
6 8 15 0.9997 -0.0095697 0.022563 -0.0513455 0.010433 0.999206 -0.0384597 -0.903752 -0.022177 0.0386836 0.999005 -0.424965
6 9 26 0.981229 0.0302343 -0.190461 0.970622 -0.0345328 0.999217 -0.0192901 -0.068415 0.189729 0.0255051 0.981505 0.23068
6 10 12 0.995053 -0.0813268 -0.0570549 0.126675 0.0793152 0.996174 -0.0366812 0.336394 0.0598198 0.0319745 0.997697 0.933163
6 11 0 1 0 0 0 0 1 0 0 0 0 1 0
6 12 0 1 0 0 0 0 1 0 0 0 0 1 0
6 13 0 1 0 0 0 0 1 0 0 0 0 1 0
6 14 0 1 0 0 0 0 1 0 0 0 0 1 0
6 15 0 1 0 0 0 0 1 0 0 0 0 1 0
6 16 16 0.816284 0.128552 -0.563165 0.256944 -0.143476 0.989492 0.0179059 0.305891 0.559549 0.0661841 0.82615 -0.916739
6 17 34 0.597928 0.493276 -0.631792 0.264021 0.118098 0.725395 0.678126 -0.939881 0.792802 -0.480084 0.375479 0.216604
6 18 20 0.750115 0.246343 -0.613712 0.472622 -0.256621 0.963737 0.0731857 0.134458 0.609486 0.102594 0.786131 -0.870947
6 19 0 1 0 0 0 0 1 0 0 0 0 1 0
6 20 0 1 0 0 0 0 1 0 0 0 0 1 0
6 21 0 1 0 0 0 0 1 0 0 0 0 1 0
6 22 0 1 0 0 0 0 1 0 0 0 0 1 0
6 23 0 1 0 0 0 0 1 0 0 0 0 1 0
6 24 0 1 0 0 0 0 1 0 0 0 0 1 0
6 25 0 1 0 0 0 0 1 0 0 0 0 1 0
6 26 0 1 0 0 0 0 1 0 0 0 0 1 0
6 27 0 1 0 0 0 0 1 0 0 0 0 1 0
6 28 0 1 0 0 0 0 1 0 0 0 0 1 0
6 29 0 1 0 0 0 0 1 0 0 0 0 1 0
6 30 0 1 0 0 0 0 1 0 0 0 0 1 0
6 31 0 1 0 0 0 0 1 0 0 0 0 1 0
6 32 0 1 0 0 0 0 1 0 0 0 0 1 0
6 33 0 1 0 0 0 0 1 0 0 0 0 1 0
6 34 0 1 0 0 0 0 1 0 0 0 0 1 0
6 35 0 1 0 0 0 0 1 0 0 0 0 1 0
6 36 0 1 0 0 0 0 1 0 0 0 0 1 0
6 37 0 1 0 0 0 0 1 0 0 0 0 1 0
6 38 0 1 0 0 0 0 1 0 0 0 0 1 0
6 39 0 1 0 0 0 0 1 0 0 0 0 1 0
6 40 0 1 0 0 0 0 1 0 0 0 0 1 0
6 41 0 1 0 0 0 0 1 0 0 0 0 1 0
6 42 0 1 0 0 0 0 1 0 0 0 0 1 0
6 43 0 1 0 0 0 0 1 0 0 0 0 1 0
6 44 11 0.999916 -0.00700022 0.0109088 -0.183612 0.0067677 0.999752 0.0212075 -0.229972 -0.0110546 -0.0211319 0.999716 0.955719
6 45 0 1 0 0 0 0 1 0 0 0 0 1 0
6 46 0 1 0 0 0 0 1 0 0 0 0 1 0
6 47 0 1 0 0 0 0 1 0 0 0 0 1 0
6 48 0 1 0 0 0 0 1 0 0 0 0 1 0
6 49 0 1 0 0 0 0 1 0 0 0 0 1 0
6 50 0 1 0 0 0 0 1 0 0 0 0 1 0
6 51 0 1 0 0 0 0 1 0 0 0 0 1 0
6 52 0 1 0 0 0 0 1 0 0 0 0 1 0
6 53 0 1 0 0 0 0 1 0 0 0 0 1 0
6 54 0 1 0 0 0 0 1 0 0 0 0 1 0
6 55 0 1 0 0 0 0 1 0 0 0 0 1 0
6 56 0 1 0 0 0 0 1 0 0 0 0 1 0
6 57 0 1 0 0 0 0 1 0 0 0 0 1 0
6 58 0 1 0 0 0 0 1 0 0 0 0 1 0
6 59 0 1 0 0 0 0 1 0 0 0 0 1 0
6 60 0 1 0 0 0 0 1 0 0 0 0 1 0
6 61 0 1 0 0 0 0 1 0 0 0 0 1 0
6 62 0 1 0 0 0 0 1 0 0 0 0 1 0
6 63 0 1 0 0 0 0 1 0 0 0 0 1 0
6 64 0 1 0 0 0 0 1 0 0 0 0 1 0
6 65 0 1 0 0 0 0 1 0 0 0 0 1 0
6 66 0 1 0 0 0 0 1 0 0 0 0 1 0
6 67 0 1 0 0 0 0 1 0 0 0 0 1 0
7 8 39 0.98917 0.0947927 -0.112061 0.995646 -0.102317 0.992729 -0.063407 -0.0932149 0.105236 0.0741861 0.991676 -1.08934e-05
7 9 27 0.991652 0.0259074 -0.126312 0.851827 -0.0268986 0.999619 -0.00614727 -0.120309 0.126105 0.00949356 0.991972 0.509821
7 10 30 0.99879 0.0105104 -0.0480429 -0.061364 -0.011832 0.999557 -0.0273082 -0.26716 0.0477346 0.0278436 0.998472 0.961696
7 11 12 -0.961454 0.0190957 0.274301 0.124978 0.107401 -0.892258 0.438566 0.196208 0.253122 0.451121 0.855815 0.972565
7 12 0 1 0 0 0 0 1 0 0 0 0 1 0
7 13 14 -0.63072 0.194089 0.751346 -0.144301 0.692707 0.577236 0.432383 -0.163049 -0.349783 0.793176 -0.498521 0.976008
7 14 10 -0.574069 0.80599 0.144309 0.162798 -0.800405 -0.51523 -0.306413 0.170774 -0.172614 -0.291408 0.940896 0.971768
7 15 17 0.605452 0.585925 0.538628 -0.456834 0.761523 -0.623191 -0.178087 -0.141835 0.231323 0.518 -0.823508 0.878171
7 16 41 0.609892 -0.38814 0.690926 -0.803755 0.0879432 0.899612 0.427743 -0.337547 -0.78759 -0.200115 0.582801 0.489938
7 17 36 0.33053 0.237377 -0.913456 0.886461 -0.260973 0.953104 0.153248 -0.0754663 0.906997 0.187734 0.376979 0.456608
7 18 12 0.78888 0.245352 -0.563446 0.2196 -0.249862 0.965698 0.0706808 0.136153 0.56146 0.0850247 0.823124 -0.966043
7 19 0 1 0 0 0 0 1 0 0 0 0 1 0
7 20 26 -0.0267286 -0.454978 -0.890102 0.150558 -0.891336 0.413956 -0.184829 0.30392 0.452555 0.788439 -0.416602 0.940726
7 21 0 1 0 0 0 0 1 0 0 0 0 1 0
7 22 0 1 0 0 0 0 1 0 0 0 0 1 0
7 23 0 1 0 0 0 0 1 0 0 0 0 1 0
7 24 0 1 0 0 0 0 1 0 0 0 0 1 0
7 25 0 1 0 0 0 0 1 0 0 0 0 1 0
7 26 0 1 0 0 0 0 1 0 0 0 0 1 0
7 27 0 1 0 0 0 0 1 0 0 0 0 1 0
7 28 0 1 0 0 0 0 1 0 0 0 0 1 0
7 29 0 1 0 0 0 0 1 0 0 0 0 1 0
7 30 0 1 0 0 0 0 1 0 0 0 0 1 0
7 31 0 1 0 0 0 0 1 0 0 0 0 1 0
7 32 0 1 0 0 0 0 1 0 0 0 0 1 0
7 33 0 1 0 0 0 0 1 0 0 0 0 1 0
7 34 0 1 0 0 0 0 1 0 0 0 0 1 0
7 35 0 1 0 0 0 0 1 0 0 0 0 1 0
7 36 0 1 0 0 0 0 1 0 0 0 0 1 0
7 37 0 1 0 0 0 0 1 0 0 0 0 1 0
7 38 0 1 0 0 0 0 1 0 0 0 0 1 0
7 39 0 1 0 0 0 0 1 0 0 0 0 1 0
7 40 0 1 0 0 0 0 1 0 0 0 0 1 0
7 41 0 1 0 0 0 0 1 0 0 0 0 1 0
7 42 0 1 0 0 0 0 1 0 0 0 0 1 0
7 43 0 1 0 0 0 0 1 0 0 0 0 1 0
7 44 0 1 0 0 0 0 1 0 0 0 0 1 0
7 45 0 1 0 0 0 0 1 0 0 0 0 1 0
7 46 0 1 0 0 0 0 1 0 0 0 0 1 0
7 47 0 1 0 0 0 0 1 0 0 0 0 1 0
7 48 0 1 0 0 0 0 1 0 0 0 0 1 0
7 49 0 1 0 0 0 0 1 0 0 0 0 1 0
7 50 0 1 0 0 0 0 1 0 0 0 0 1 0
7 51 21 0.061155 -0.0889573 -0.994156 0.641792 0.076615 0.9935 -0.0841857 0.0552577 0.995184 -0.0710189 0.067573 0.764885
7 52 0 1 0 0 0 0 1 0 0 0 0 1 0
7 53 0 1 0 0 0 0 1 0 0 0 0 1 0
7 54 0 1 0 0 0 0 1 0 0 0 0 1 0
7 55 0 1 0 0 0 0 1 0 0 0 0 1 0
7 56 0 1 0 0 0 0 1 0 0 0 0 1 0
7 57 0 1 0 0 0 0 1 0 0 0 0 1 0
7 58 0 1 0 0 0 0 1 0 0 0 0 1 0
7 59 0 1 0 0 0 0 1 0 0 0 0 1 0
7 60 0 1 0 0 0 0 1 0 0 0 0 1 0
7 61 0 1 0 0 0 0 1 0 0 0 0 1 0
7 62 0 1 0 0 0 0 1 0 0 0 0 1 0
7 63 0 1 0 0 0 0 1 0 0 0 0 1 0
7 64 0 1 0 0 0 0 1 0 0 0 0 1 0
7 65 0 1 0 0 0 0 1 0 0 0 0 1 0
7 66 0 1 0 0 0 0 1 0 0 0 0 1 0
7 67 0 1 0 0 0 0 1 0 0 0 0 1 0
8 9 17 0.997029 -0.0561404 -0.0527473 0.427766 0.059498 0.996149 0.0644021 -0.192557 0.0489286 -0.0673491 0.996529 0.883141
8 10 34 0.999544 -0.0286527 -0.0094954 -0.822189 0.0289335 0.999104 0.0308844 0.0465142 0.00860197 -0.031145 0.999478 0.56731
8 11 43 0.932365 0.0127048 -0.361296 0.991314 0.00348007 0.999021 0.0441108 -0.13149 0.361503 -0.0423847 0.931407 -0.00256187
8 12 0 1 0 0 0 0 1 0 0 0 0 1 0
8 13 0 1 0 0 0 0 1 0 0 0 0 1 0
8 14 0 1 0 0 0 0 1 0 0 0 0 1 0
8 15 0 1 0 0 0 0 1 0 0 0 0 1 0
8 16 0 1 0 0 0 0 1 0 0 0 0 1 0
8 17 0 1 0 0 0 0 1 0 0 0 0 1 0
8 18 20 0.774915 0.49523 -0.392752 -0.0242848 0.175696 -0.765661 -0.618785 -0.00509265 -0.607156 0.4105 -0.680332 0.999692
8 19 0 1 0 0 0 0 1 0 0 0 0 1 0
8 20 13 0.591566 0.721746 0.359351 0.264838 0.796312 -0.453238 -0.400578 0.240024 -0.126244 0.523124 -0.842855 0.933943
8 21 15 -0.821988 -0.540891 -0.178249 0.301574 -0.566948 0.806811 0.166213 0.209671 0.0539103 0.237683 -0.969846 0.930103
8 22 0 1 0 0 0 0 1 0 0 0 0 1 0
8 23 0 1 0 0 0 0 1 0 0 0 0 1 0
8 24 0 1 0 0 0 0 1 0 0 0 0 1 0
8 25 0 1 0 0 0 0 1 0 0 0 0 1 0
8 26 0 1 0 0 0 0 1 0 0 0 0 1 0
8 27 0 1 0 0 0 0 1 0 0 0 0 1 0
8 28 0 1 0 0 0 0 1 0 0 0 0 1 0
8 29 0 1 0 0 0 0 1 0 0 0 0 1 0
8 30 0 1 0 0 0 0 1 0 0 0 0 1 0
8 31 0 1 0 0 0 0 1 0 0 0 0 1 0
8 32 0 1 0 0 0 0 1 0 0 0 0 1 0
8 33 0 1 0 0 0 0 1 0 0 0 0 1 0
8 34 0 1 0 0 0 0 1 0 0 0 0 1 0
8 35 0 1 0 0 0 0 1 0 0 0 0 1 0
8 36 0 1 0 0 0 0 1 0 0 0 0 1 0
8 37 12 0.939879 -0.138993 -0.311944 -0.163418 -0.269473 0.259284 -0.927446 0.211757 0.209791 0.955747 0.206241 0.963563
8 38 0 1 0 0 0 0 1 0 0 0 0 1 0
8 39 0 1 0 0 0 0 1 0 0 0 0 1 0
8 40 0 1 0 0 0 0 1 0 0 0 0 1 0
8 41 0 1 0 0 0 0 1 0 0 0 0 1 0
8 42 0 1 0 0 0 0 1 0 0 0 0 1 0
8 43 0 1 0 0 0 0 1 0 0 0 0 1 0
8 44 0 1 0 0 0 0 1 0 0 0 0 1 0
8 45 0 1 0 0 0 0 1 0 0 0 0 1 0
8 46 0 1 0 0 0 0 1 0 0 0 0 1 0
8 47 0 1 0 0 0 0 1 0 0 0 0 1 0
8 48 0 1 0 0 0 0 1 0 0 0 0 1 0
8 49 0 1 0 0 0 0 1 0 0 0 0 1 0
8 50 0 1 0 0 0 0 1 0 0 0 0 1 0
8 51 0 1 0 0 0 0 1 0 0 0 0 1 0
8 52 0 1 0 0 0 0 1 0 0 0 0 1 0
8 53 0 1 0 0 0 0 1 0 0 0 0 1 0
8 54 0 1 0 0 0 0 1 0 0 0 0 1 0
8 55 0 1 0 0 0 0 1 0 0 0 0 1 0
8 56 0 1 0 0 0 0 1 0 0 0 0 1 0
8 57 0 1 0 0 0 0 1 0 0 0 0 1 0
8 58 0 1 0 0 0 0 1 0 0 0 0 1 0
8 59 0 1 0 0 0 0 1 0 0 0 0 1 0
8 60 0 1 0 0 0 0 1 0 0 0 0 1 0
8 61 0 1 0 0 0 0 1 0 0 0 0 1 0
8 62 0 1 0 0 0 0 1 0 0 0 0 1 0
8 63 0 1 0 0 0 0 1 0 0 0 0 1 0
8 64 0 1 0 0 0 0 1 0 0 0 0 1 0
8 65 0 1 0 0 0 0 1 0 0 0 0 1 0
8 66 0 1 0 0 0 0 1 0 0 0 0 1 0
8 67 0 1 0 0 0 0 1 0 0 0 0 1 0
9 10 17 0.997619 0.015133 -0.0672816 -0.528599 -0.0165427 0.999654 -0.0204448 -0.260099 0.066949 0.0215092 0.997525 0.808042
9 11 31 0.979568 0.0588593 -0.192309 0.995488 -0.0657103 0.997404 -0.0294378 -0.0482578 0.190077 0.041473 0.980893 -0.081696
9 12 0 1 0 0 0 0 1 0 0 0 0 1 0
9 13 0 1 0 0 0 0 1 0 0 0 0 1 0
9 14 0 1 0 0 0 0 1 0 0 0 0 1 0
9 15 0 1 0 0 0 0 1 0 0 0 0 1 0
9 16 0 1 0 0 0 0 1 0 0 0 0 1 0
9 17 0 1 0 0 0 0 1 0 0 0 0 1 0
9 18 0 1 0 0 0 0 1 0 0 0 0 1 0
9 19 0 1 0 0 0 0 1 0 0 0 0 1 0
9 20 0 1 0 0 0 0 1 0 0 0 0 1 0
9 21 0 1 0 0 0 0 1 0 0 0 0 1 0
9 22 0 1 0 0 0 0 1 0 0 0 0 1 0
9 23 0 1 0 0 0 0 1 0 0 0 0 1 0
9 24 0 1 0 0 0 0 1 0 0 0 0 1 0
9 25 0 1 0 0 0 0 1 0 0 0 0 1 0
9 26 0 1 0 0 0 0 1 0 0 0 0 1 0
9 27 0 1 0 0 0 0 1 0 0 0 0 1 0
9 28 0 1 0 0 0 0 1 0 0 0 0 1 0
9 29 0 1 0 0 0 0 1 0 0 0 0 1 0
9 30 0 1 0 0 0 0 1 0 0 0 0 1 0
9 31 0 1 0 0 0 0 1 0 0 0 0 1 0
9 32 0 1 0 0 0 0 1 0 0 0 0 1 0
9 33 0 1 0 0 0 0 1 0 0 0 0 1 0
9 34 0 1 0 0 0 0 1 0 0 0 0 1 0
9 35 0 1 0 0 0 0 1 0 0 0 0 1 0
9 36 0 1 0 0 0 0 1 0 0 0 0 1 0
9 37 0 1 0 0 0 0 1 0 0 0 0 1 0
9 38 0 1 0 0 0 0 1 0 0 0 0 1 0
9 39 0 1 0 0 0 0 1 0 0 0 0 1 0
9 40 0 1 0 0 0 0 1 0 0 0 0 1 0
9 41 0 1 0 0 0 0 1 0 0 0 0 1 0
9 42 0 1 0 0 0 0 1 0 0 0 0 1 0
9 43 0 1 0 0 0 0 1 0 0 0 0 1 0
9 44 0 1 0 0 0 0 1 0 0 0 0 1 0
9 45 0 1 0 0 0 0 1 0 0 0 0 1 0
9 46 0 1 0 0 0 0 1 0 0 0 0 1 0
9 47 0 1 0 0 0 0 1 0 0 0 0 1 0
9 48 0 1 0 0 0 0 1 0 0 0 0 1 0
9 49 0 1 0 0 0 0 1 0 0 0 0 1 0
9 50 0 1 0 0 0 0 1 0 0 0 0 1 0
9 51 0 1 0 0 0 0 1 0 0 0 0 1 0
9 52 0 1 0 0 0 0 1 0 0 0 0 1 0
9 53 0 1 0 0 0 0 1 0 0 0 0 1 0
9 54 0 1 0 0 0 0 1 0 0 0 0 1 0
9 55 0 1 0 0 0 0 1 0 0 0 0 1 0
9 56 0 1 0 0 0 0 1 0 0 0 0 1 0
9 57 0 1 0 0 0 0 1 0 0 0 0 1 0
9 58 0 1 0 0 0 0 1 0 0 0 0 1 0
9 59 0 1 0 0 0 0 1 0 0 0 0 1 0
9 60 0 1 0 0 0 0 1 0 0 0 0 1 0
9 61 0 1 0 0 0 0 1 0 0 0 0 1 0
9 62 0 1 0 0 0 0 1 0 0 0 0 1 0
9 63 0 1 0 0 0 0 1 0 0 0 0 1 0
9 64 0 1 0 0 0 0 1 0 0 0 0 1 0
9 65 0 1 0 0 0 0 1 0 0 0 0 1 0
9 66 0 1 0 0 0 0 1 0 0 0 0 1 0
9 67 0 1 0 0 0 0 1 0 0 0 0 1 0
10 11 105 0.995234 0.0108649 -0.0969051 0.98826 -0.0132601 0.999621 -0.0241073 0.0325357 0.0966065 0.0252774 0.995002 -0.149278
10 12 37 0.989778 0.0558293 -0.131236 0.989181 -0.0584139 0.998165 -0.0159248 -0.014333 0.130106 0.023428 0.991223 -0.145996
10 13 31 0.973961 0.0807673 -0.211843 0.992386 -0.086243 0.996134 -0.0167212 0.0106195 0.209674 0.0345557 0.977161 -0.122707
10 14 0 1 0 0 0 0 1 0 0 0 0 1 0
10 15 17 0.999482 0.0157251 0.0280758 0.433602 -0.015303 0.999768 -0.0151885 -0.09722 -0.0283081 0.014751 0.99949 0.895844
10 16 13 0.188486 -0.946433 0.262178 -0.123093 0.963431 0.126425 -0.236256 -0.207325 0.190455 0.297122 0.935652 0.970497
10 17 0 1 0 0 0 0 1 0 0 0 0 1 0
10 18 0 1 0 0 0 0 1 0 0 0 0 1 0
10 19 22 0.71413 0.230813 -0.660866 0.987697 -0.225155 0.969646 0.095355 -0.0717929 0.662815 0.0807015 0.744422 0.138926
10 20 17 -0.106992 -0.47439 -0.873789 0.264838 -0.90542 0.409608 -0.111516 0.240024 0.410813 0.779215 -0.473347 0.933943
