0 1 31 0.999881 0.00446593 -0.0147374 0.994401 -0.00474057 0.999815 -0.0186537 0.0408332 0.0146514 0.0187213 0.999717 0.097462
0 2 77 0.993525 0.0461724 -0.103805 0.986847 -0.0510691 0.99768 -0.0450185 0.10123 0.101485 0.0500283 0.993578 -0.126035
0 3 79 0.983199 0.0548184 -0.174114 0.970228 -0.0554512 0.998461 0.00123178 0.026373 0.173913 0.00844374 0.984725 -0.240751
0 4 54 0.934675 0.134897 -0.328914 0.983251 -0.137637 0.990368 0.0150546 -0.0418415 0.327777 0.0311995 0.94424 0.177389
0 5 39 0.947953 0.109208 -0.299097 0.99484 -0.112166 0.993663 0.00731623 0.0048835 0.298001 0.026613 0.954195 -0.10134
0 6 11 -0.931165 -0.00572228 0.364553 0.267576 -0.136838 -0.9213 -0.363981 -0.173348 0.337946 -0.388811 0.857099 0.947815
0 7 17 0.813642 -0.0880185 -0.574665 0.863595 0.0926472 0.995471 -0.0212963 0.215504 0.573937 -0.0359135 0.818112 -0.455808
0 8 0 1 0 0 0 0 1 0 0 0 0 1 0
0 9 17 -0.473878 -0.790877 -0.387239 0.460862 0.87416 -0.47554 -0.098521 0.296303 -0.10623 -0.385196 0.9167 -0.836547
0 10 0 1 0 0 0 0 1 0 0 0 0 1 0
0 11 19 -0.249744 0.959888 0.127445 -0.246972 -0.967435 -0.241749 -0.0750081 -0.488423 -0.0411897 -0.142028 0.989005 0.836928
0 12 33 -0.804787 -0.159619 -0.571699 0.321453 -0.42479 0.827604 0.366913 -0.177516 0.414575 0.538138 -0.733849 0.930138
0 13 33 -0.616365 -0.00622537 -0.787436 0.460696 -0.360027 0.891564 0.274762 -0.151019 0.700339 0.452852 -0.55177 0.874616
0 14 0 1 0 0 0 0 1 0 0 0 0 1 0
0 15 0 1 0 0 0 0 1 0 0 0 0 1 0
0 16 0 1 0 0 0 0 1 0 0 0 0 1 0
0 17 17 -0.390457 0.86041 0.327474 -0.22181 -0.862632 -0.466183 0.196315 -0.267859 0.321574 -0.205837 0.924241 0.937578
0 18 0 1 0 0 0 0 1 0 0 0 0 1 0
0 19 17 -0.336262 0.91975 0.202456 0.0369135 -0.443741 -0.344351 0.827355 -0.269044 0.830675 0.18837 0.523923 0.96242
0 20 0 1 0 0 0 0 1 0 0 0 0 1 0
0 21 34 -0.973701 0.195402 -0.11715 0.158007 0.172482 0.968183 0.181305 -0.140489 0.14885 0.156331 -0.976424 0.977393
0 22 16 -0.957223 -0.0217373 0.288535 0.204953 -0.0371879 -0.979662 -0.197177 -0.249534 0.286953 -0.199472 0.936947 0.946428
0 23 24 -0.774007 -0.3007 0.557218 -0.246511 -0.074773 0.917287 0.391145 -0.0603642 -0.628746 0.261084 -0.732471 0.967258
0 24 15 0.994581 -0.0567154 0.0871301 0.377889 0.0654813 0.9927 -0.101286 -0.36991 -0.0807495 0.106443 0.991035 0.848744
0 25 0 1 0 0 0 0 1 0 0 0 0 1 0
0 26 0 1 0 0 0 0 1 0 0 0 0 1 0
0 27 0 1 0 0 0 0 1 0 0 0 0 1 0
0 28 19 -0.177476 0.699493 0.692251 -0.460155 0.902347 -0.165078 0.398144 -0.234363 0.392774 0.695312 -0.601889 0.856348
0 29 13 0.908492 -0.417085 -0.0261295 0.402036 0.417863 0.905755 0.0706972 -0.049348 -0.00581987 -0.0751463 0.997156 0.914293
0 30 18 -0.455107 -0.889944 0.0296074 -0.0877921 -0.878168 0.443087 -0.180265 -0.140602 0.147307 -0.10804 -0.983172 0.986166
0 31 0 1 0 0 0 0 1 0 0 0 0 1 0
0 32 11 0.993537 -0.0702247 -0.0891768 0.423795 0.0666219 0.996862 -0.0427569 -0.281537 0.0918995 0.0365395 0.995098 0.860892
0 33 15 -0.764098 -0.597283 0.243737 -0.191729 -0.336105 0.69109 0.639866 -0.241056 -0.550625 0.406999 -0.72881 0.951384
0 34 0 1 0 0 0 0 1 0 0 0 0 1 0
0 35 16 0.898642 0.409786 0.156585 0.480298 -0.387633 0.908874 -0.153914 -0.134693 -0.205388 0.0776157 0.975598 0.866702
0 36 0 1 0 0 0 0 1 0 0 0 0 1 0
0 37 0 1 0 0 0 0 1 0 0 0 0 1 0
0 38 18 0.710256 0.614361 0.343651 0.486826 -0.57106 0.78831 -0.229036 -0.0177097 -0.411615 -0.0335718 0.910739 0.87332
0 39 12 -0.416587 -0.901695 0.115768 -0.20466 -0.875373 0.363505 -0.318725 -0.107925 0.245311 -0.234117 -0.940751 0.972865
0 40 0 1 0 0 0 0 1 0 0 0 0 1 0
0 41 0 1 0 0 0 0 1 0 0 0 0 1 0
0 42 25 0.17558 -0.944535 -0.277536 -0.0522578 -0.67302 -0.320912 0.666378 -0.422886 -0.718482 0.0697846 -0.692036 0.904675
0 43 0 1 0 0 0 0 1 0 0 0 0 1 0
0 44 0 1 0 0 0 0 1 0 0 0 0 1 0
0 45 0 1 0 0 0 0 1 0 0 0 0 1 0
0 46 0 1 0 0 0 0 1 0 0 0 0 1 0
0 47 10 -0.91028 -0.376586 -0.171969 0.488959 0.403011 -0.901109 -0.159954 0.212965 -0.0947258 -0.214908 0.97203 -0.845911
0 48 0 1 0 0 0 0 1 0 0 0 0 1 0
0 49 0 1 0 0 0 0 1 0 0 0 0 1 0
0 50 0 1 0 0 0 0 1 0 0 0 0 1 0
0 51 0 1 0 0 0 0 1 0 0 0 0 1 0
0 52 16 0.212667 0.974711 0.0686413 0.0898864 0.770664 -0.124131 -0.625035 0.166513 -0.600708 0.185824 -0.777573 0.981934
0 53 17 0.797316 0.540562 0.268477 0.00137887 -0.578435 0.811374 0.0841711 0.0163509 -0.172335 -0.222407 0.959602 0.999865
0 54 0 1 0 0 0 0 1 0 0 0 0 1 0
0 55 0 1 0 0 0 0 1 0 0 0 0 1 0
0 56 0 1 0 0 0 0 1 0 0 0 0 1 0
0 57 0 1 0 0 0 0 1 0 0 0 0 1 0
0 58 0 1 0 0 0 0 1 0 0 0 0 1 0
0 59 11 0.974345 0.182523 -0.131672 0.432343 0.174767 -0.982236 -0.0683314 -0.196085 -0.141805 0.0435664 -0.988935 0.880131
0 60 11 0.750286 -0.345436 0.563689 -0.436612 0.362288 0.928044 0.0865023 0.301148 -0.553009 0.139316 0.821445 -0.84775
0 61 0 1 0 0 0 0 1 0 0 0 0 1 0
0 62 0 1 0 0 0 0 1 0 0 0 0 1 0
0 63 0 1 0 0 0 0 1 0 0 0 0 1 0
0 64 0 1 0 0 0 0 1 0 0 0 0 1 0
0 65 15 -0.593823 0.632934 -0.496758 0.295245 0.243209 0.729721 0.639028 -0.257998 0.766957 0.258654 -0.58726 0.919928
0 66 0 1 0 0 0 0 1 0 0 0 0 1 0
0 67 0 1 0 0 0 0 1 0 0 0 0 1 0
1 2 106 0.996922 0.0376722 -0.0687584 0.898908 -0.0392989 0.998975 -0.0224608 0.112505 0.0678418 0.0250938 0.99738 -0.423447
1 3 115 0.987629 0.0497899 -0.148691 0.939349 -0.0482136 0.998736 0.0141895 0.112528 0.14921 -0.00684501 0.988782 -0.323978
1 4 89 0.970619 0.104734 -0.216633 0.988051 -0.101212 0.99449 0.0273198 0.0542327 0.2183 -0.00459117 0.975871 -0.144269
1 5 57 0.952184 0.11028 -0.284929 0.990611 -0.108661 0.993846 0.0215358 0.0335478 0.285551 0.0104547 0.958307 -0.132529
1 6 26 -0.459306 -0.874102 -0.15806 0.355012 0.888259 -0.450796 -0.0882025 -0.357034 0.00584541 -0.18091 0.983482 0.863998
1 7 38 -0.994794 -0.0994642 -0.0221627 -0.114103 -0.0891839 0.955004 -0.282867 0.086999 0.0493006 -0.279418 -0.958903 0.989652
1 8 14 0.967186 -0.0819517 -0.24049 0.404005 0.204133 0.8142 0.543514 -0.194469 0.151265 -0.574771 0.804212 0.893846
1 9 32 -0.513299 0.534225 -0.671661 0.430697 0.514691 0.81789 0.257193 -0.335528 0.686744 -0.21368 -0.694783 0.837807
1 10 15 -0.937322 0.348356 -0.00871482 -0.199931 0.346959 0.935303 0.0694772 -0.0541718 0.0323538 0.0620988 -0.997545 0.978311
1 11 23 -0.357542 0.920016 0.160419 -0.227786 -0.933611 -0.356368 -0.0370364 -0.372935 0.0230939 -0.163011 0.986354 0.899463
1 12 42 0.84542 0.122721 -0.519812 0.220699 -0.152852 0.98813 -0.0153124 0.026974 0.511763 0.0923998 0.854143 0.974969
1 13 40 -0.0250265 0.110445 -0.993567 0.48898 -0.340377 0.933553 0.112348 -0.142348 0.939956 0.340999 0.0142295 0.860602
1 14 22 0.49115 0.20051 -0.847684 0.927345 -0.265299 0.961347 0.0736809 -0.100218 0.829692 0.188701 0.52536 0.360539
1 15 0 1 0 0 0 0 1 0 0 0 0 1 0
1 16 19 -0.895475 0.104076 -0.432774 0.280145 -0.115566 0.884576 0.451851 -0.238512 0.429848 0.454636 -0.780088 0.929855
1 17 30 -0.87906 -0.467764 -0.091926 0.262337 -0.30335 0.697635 -0.649064 0.095792 0.367739 -0.54268 -0.755159 0.96021
1 18 0 1 0 0 0 0 1 0 0 0 0 1 0
1 19 27 -0.294881 0.815081 0.498686 0.134371 -0.83753 -0.471709 0.275743 0.0399659 0.459988 -0.336353 0.821753 0.990125
1 20 17 0.642148 -0.264551 0.719485 -0.365088 -0.482788 -0.868608 0.111511 -0.202655 0.595451 -0.418965 -0.685497 0.908648
1 21 43 0.148779 -0.987214 -0.0572044 0.210294 0.871142 0.103473 0.480005 0.064961 -0.467949 -0.121248 0.875399 0.975478
1 22 18 0.993118 -0.0771668 0.0880971 0.204953 0.0711998 0.995074 0.0689792 -0.249534 -0.0929861 -0.062232 0.993721 0.946428
1 23 27 -0.0848891 -0.606448 0.790579 0.291481 0.643038 0.572744 0.508395 -0.0137249 -0.761115 0.55153 0.34135 0.956478
1 24 36 0.675165 0.724238 0.140113 0.22799 -0.674362 0.529004 0.515161 0.203982 0.298979 -0.442306 0.845563 0.952057
1 25 0 1 0 0 0 0 1 0 0 0 0 1 0
1 26 0 1 0 0 0 0 1 0 0 0 0 1 0
1 27 18 -0.523901 -0.648552 -0.552184 -0.0156378 -0.530201 0.755672 -0.384509 0.0204291 0.666644 0.0913237 -0.73976 0.999669
1 28 13 0.0187665 -0.714906 -0.698969 -0.438514 0.810122 0.420585 -0.408424 -0.185553 0.58596 -0.558586 0.587054 0.879361
1 29 10 -0.849668 -0.32933 -0.411833 -0.210194 0.510089 -0.711317 -0.483567 -0.361644 -0.13369 -0.620943 0.772371 0.908313
1 30 0 1 0 0 0 0 1 0 0 0 0 1 0
1 31 13 0.365278 -0.890058 -0.272707 -0.301356 0.924331 0.381525 -0.00711791 -0.282847 0.11038 -0.249472 0.962071 0.910594
1 32 67 -0.391817 -0.57626 0.717219 -0.103404 -0.492252 0.789891 0.365732 -0.403721 -0.777282 -0.209753 -0.593158 0.90902
1 33 25 0.846316 0.487081 0.215641 -0.188864 0.335241 -0.801628 0.49498 -0.23005 0.41396 -0.346618 -0.84172 0.954677
1 34 43 0.0503368 -0.887193 -0.458645 0.322492 -0.634861 -0.382931 0.671056 -0.177645 -0.770985 0.257397 -0.582519 0.929753
1 35 21 0.975711 -0.181134 0.123201 -0.446686 0.165227 0.977781 0.129016 -0.276987 -0.143832 -0.105526 0.98396 0.850735
1 36 0 1 0 0 0 0 1 0 0 0 0 1 0
1 37 24 -0.933797 0.0973559 0.344303 -0.373951 0.329775 0.607519 0.722613 -0.310745 -0.13882 0.788317 -0.599405 0.873841
1 38 33 0.158738 0.797251 -0.582402 0.486826 0.923002 0.0895953 0.374219 -0.0177097 0.350527 -0.596962 -0.721643 0.87332
1 39 13 -0.810663 -0.368714 -0.454836 -0.20466 0.512031 -0.823206 -0.245269 -0.107925 -0.283989 -0.43172 0.856135 0.972865
1 40 29 0.747183 -0.203921 0.632561 -0.18154 -0.351458 -0.929033 0.115648 -0.244036 0.564087 -0.308729 -0.765827 0.952623
1 41 23 -0.134014 -0.936748 0.323333 -0.152082 -0.853702 0.274815 0.442346 -0.340165 -0.503223 -0.21675 -0.836532 0.927986
1 42 18 -0.834583 0.418386 0.358364 -0.077866 0.473376 0.877393 0.0780845 -0.0915183 -0.281756 0.234809 -0.930311 0.992754
1 43 0 1 0 0 0 0 1 0 0 0 0 1 0
1 44 17 0.561371 0.46592 -0.683945 0.498651 0.805593 -0.496835 0.322762 -0.18731 -0.189427 -0.732171 -0.65425 0.846323
1 45 24 -0.253662 -0.962959 -0.0914644 -0.334018 -0.967255 0.251682 0.0327619 -0.359479 -0.00852838 0.0967799 -0.995269 0.871325
1 46 12 0.749437 0.607879 0.26235 -0.394189 0.446376 -0.756565 0.477868 -0.352951 0.48897 -0.241026 -0.83834 0.848552
1 47 22 -0.296022 -0.798101 0.524791 -0.422065 -0.548061 0.591896 0.591006 -0.240788 -0.782304 -0.112666 -0.612622 0.874004
1 48 50 -0.778423 0.62386 0.0696894 0.470806 -0.552087 -0.627542 -0.548991 -0.231864 -0.298761 -0.465822 0.832918 0.851223
1 49 0 1 0 0 0 0 1 0 0 0 0 1 0
1 50 24 -0.883137 -0.462889 0.0761747 0.375474 0.449123 -0.881178 -0.147692 0.0361543 0.135489 -0.0962205 0.986096 0.926128
1 51 36 -0.63921 0.368038 -0.675247 0.37805 -0.196327 0.770857 0.605999 -0.310534 0.74355 0.51993 -0.420484 0.872151
1 52 0 1 0 0 0 0 1 0 0 0 0 1 0
1 53 27 -0.163995 0.928873 -0.332115 0.00137887 0.973963 0.0990416 -0.20393 0.0163509 -0.156532 -0.356911 -0.92093 0.999865
1 54 0 1 0 0 0 0 1 0 0 0 0 1 0
1 55 0 1 0 0 0 0 1 0 0 0 0 1 0
1 56 20 0.234713 -0.909124 -0.344097 0.260225 -0.655023 0.113629 -0.747016 0.432375 0.71823 0.400726 -0.568828 0.863328
1 57 0 1 0 0 0 0 1 0 0 0 0 1 0
1 58 0 1 0 0 0 0 1 0 0 0 0 1 0
1 59 0 1 0 0 0 0 1 0 0 0 0 1 0
1 60 36 0.0962386 0.949182 -0.299654 0.422994 -0.485302 0.307589 0.818456 -0.762361 0.869034 0.0666555 0.490242 0.489778
1 61 47 -0.735199 -0.656109 0.170301 0.446936 0.369616 -0.598629 -0.710653 -0.117919 0.568213 -0.459526 0.68262 0.88676
1 62 18 0.866203 0.482865 0.128585 0.441355 0.455689 -0.868911 0.193239 -0.132302 0.205037 -0.108789 -0.972689 0.887526
1 63 14 0.948966 -0.0757268 0.306152 -0.478773 0.0802693 0.996771 -0.00225536 0.267588 -0.304993 0.0267149 0.95198 -0.836166
1 64 25 -0.134774 -0.03001 -0.990422 0.379665 -0.438166 0.89831 0.0324054 -0.202862 0.888733 0.438337 -0.134218 0.902608
1 65 18 0.0343493 0.935377 0.351979 0.500138 -0.996559 0.0586406 -0.058583 -0.148198 -0.0754375 -0.348756 0.934173 0.85317
1 66 15 -0.808973 -0.503421 0.30353 -0.467303 -0.553928 0.825671 -0.106917 -0.0337691 -0.196791 -0.254627 -0.946804 0.883452
1 67 35 0.264779 -0.807883 -0.526514 0.499655 -0.930924 -0.0717232 -0.358101 -0.139817 0.25154 0.584962 -0.771069 0.854866
2 3 51 0.997494 0.0137589 -0.0694003 0.974501 -0.0110123 0.999147 0.0398042 0.0969244 0.0698887 -0.0389402 0.996794 -0.202368
2 4 38 0.986379 0.0686764 -0.149464 0.994084 -0.0624486 0.996989 0.045975 0.0616666 0.152171 -0.036015 0.987698 -0.0894105
2 5 26 0.977373 0.0757937 -0.197479 0.991975 -0.0698025 0.996869 0.037135 0.0538053 0.199675 -0.0225103 0.979604 -0.114413
2 6 12 -0.814223 -0.0911176 0.573357 0.355012 -0.399869 -0.627972 -0.66765 -0.357034 0.420887 -0.772883 0.474874 0.863998
2 7 0 1 0 0 0 0 1 0 0 0 0 1 0
2 8 0 1 0 0 0 0 1 0 0 0 0 1 0
2 9 0 1 0 0 0 0 1 0 0 0 0 1 0
2 10 0 1 0 0 0 0 1 0 0 0 0 1 0
2 11 0 1 0 0 0 0 1 0 0 0 0 1 0
2 12 12 0.882794 0.1638 -0.440277 0.220699 -0.165714 0.985574 0.0343997 0.026974 0.43956 0.0425922 0.897203 0.974969
2 13 0 1 0 0 0 0 1 0 0 0 0 1 0
2 14 0 1 0 0 0 0 1 0 0 0 0 1 0
2 15 0 1 0 0 0 0 1 0 0 0 0 1 0
2 16 0 1 0 0 0 0 1 0 0 0 0 1 0
2 17 18 0.941003 0.285381 -0.181855 0.262337 0.244624 -0.944989 -0.217152 0.095792 -0.233822 0.159855 -0.959048 0.96021
2 18 0 1 0 0 0 0 1 0 0 0 0 1 0
2 19 28 0.137174 -0.888501 -0.437891 0.134371 -0.955447 -0.00204373 -0.295156 0.0399659 0.261351 0.458869 -0.849196 0.990125
2 20 0 1 0 0 0 0 1 0 0 0 0 1 0
2 21 22 0.933591 0.310675 0.178575 0.210294 0.319022 -0.94755 -0.0193577 0.064961 0.163194 0.0750415 -0.983736 0.975478
2 22 0 1 0 0 0 0 1 0 0 0 0 1 0
2 23 0 1 0 0 0 0 1 0 0 0 0 1 0
2 24 37 -0.0337468 -0.97443 0.222142 0.22799 -0.676231 -0.141402 -0.722991 0.203982 0.735916 -0.174618 -0.654168 0.952057
2 25 0 1 0 0 0 0 1 0 0 0 0 1 0
2 26 0 1 0 0 0 0 1 0 0 0 0 1 0
2 27 0 1 0 0 0 0 1 0 0 0 0 1 0
2 28 0 1 0 0 0 0 1 0 0 0 0 1 0
2 29 0 1 0 0 0 0 1 0 0 0 0 1 0
2 30 0 1 0 0 0 0 1 0 0 0 0 1 0
2 31 0 1 0 0 0 0 1 0 0 0 0 1 0
2 32 23 0.969323 -0.232284 0.0803543 -0.103404 0.233949 0.771679 -0.591421 -0.403721 0.07537 0.592077 0.802349 0.90902
2 33 0 1 0 0 0 0 1 0 0 0 0 1 0
2 34 29 -0.242202 0.480974 -0.842616 0.322492 -0.0132149 0.866758 0.498553 -0.177645 0.970136 0.131886 -0.203575 0.929753
2 35 0 1 0 0 0 0 1 0 0 0 0 1 0
2 36 0 1 0 0 0 0 1 0 0 0 0 1 0
2 37 0 1 0 0 0 0 1 0 0 0 0 1 0
2 38 19 0.0639789 0.686959 -0.723874 0.449432 0.914122 0.25066 0.318671 -0.119315 0.40036 -0.682097 -0.611927 0.885311
2 39 0 1 0 0 0 0 1 0 0 0 0 1 0
2 40 0 1 0 0 0 0 1 0 0 0 0 1 0
2 41 26 -0.873268 0.467906 -0.135891 -0.152082 0.285761 0.717737 0.634976 -0.340165 0.394643 0.515672 -0.760486 0.927986
2 42 0 1 0 0 0 0 1 0 0 0 0 1 0
2 43 0 1 0 0 0 0 1 0 0 0 0 1 0
2 44 0 1 0 0 0 0 1 0 0 0 0 1 0
2 45 0 1 0 0 0 0 1 0 0 0 0 1 0
2 46 0 1 0 0 0 0 1 0 0 0 0 1 0
2 47 0 1 0 0 0 0 1 0 0 0 0 1 0
2 48 21 0.549868 -0.480326 0.683324 0.468424 0.60341 0.794115 0.0726424 -0.240618 -0.57753 0.372381 0.726493 0.850107
2 49 0 1 0 0 0 0 1 0 0 0 0 1 0
2 50 23 0.458643 -0.876995 -0.143269 0.375474 -0.855206 -0.479419 0.196927 0.0361543 -0.24139 0.0322055 -0.969894 0.926128
2 51 0 1 0 0 0 0 1 0 0 0 0 1 0
2 52 0 1 0 0 0 0 1 0 0 0 0 1 0
2 53 0 1 0 0 0 0 1 0 0 0 0 1 0
2 54 0 1 0 0 0 0 1 0 0 0 0 1 0
2 55 0 1 0 0 0 0 1 0 0 0 0 1 0
2 56 0 1 0 0 0 0 1 0 0 0 0 1 0
2 57 0 1 0 0 0 0 1 0 0 0 0 1 0
2 58 0 1 0 0 0 0 1 0 0 0 0 1 0
2 59 0 1 0 0 0 0 1 0 0 0 0 1 0
2 60 0 1 0 0 0 0 1 0 0 0 0 1 0
2 61 20 -0.698334 0.715491 0.0200754 0.446936 -0.605297 -0.575348 -0.550081 -0.117919 -0.382028 -0.396292 0.83487 0.88676
2 62 0 1 0 0 0 0 1 0 0 0 0 1 0
2 63 0 1 0 0 0 0 1 0 0 0 0 1 0
2 64 0 1 0 0 0 0 1 0 0 0 0 1 0
2 65 25 0.435181 0.334942 0.835722 -0.22066 -0.0967722 0.94025 -0.326443 -0.218261 -0.895127 0.0611871 0.441592 0.950616
2 66 0 1 0 0 0 0 1 0 0 0 0 1 0
2 67 20 0.252282 0.647959 -0.718682 0.499655 -0.337953 0.754937 0.562013 -0.139817 0.90672 0.101095 0.409437 0.854866
3 4 81 0.996106 0.0501143 -0.0725375 0.998176 -0.0498882 0.998743 0.00492685 0.0599593 0.0726932 -0.0012889 0.997354 -0.00710755
3 5 44 0.989032 0.057234 -0.13616 0.991259 -0.0584615 0.998277 -0.00503031 0.0408283 0.135638 0.0129353 0.990674 -0.125453
3 6 18 0.989464 0.0949199 0.109324 -0.588303 -0.0976586 0.99502 0.0199639 0.0633465 -0.106884 -0.0304299 0.993806 -0.806156
3 7 17 0.91155 0.131196 -0.389697 0.997375 -0.136096 0.99058 0.0151447 0.00767196 0.388013 0.0392312 0.920818 0.0720025
3 8 0 1 0 0 0 0 1 0 0 0 0 1 0
3 9 20 0.64635 -0.37145 -0.666526 0.810523 -0.179565 0.774936 -0.605996 0.556766 0.741612 0.51137 0.43418 0.181835
3 10 0 1 0 0 0 0 1 0 0 0 0 1 0
3 11 0 1 0 0 0 0 1 0 0 0 0 1 0
3 12 0 1 0 0 0 0 1 0 0 0 0 1 0
3 13 20 -0.934904 0.299295 0.190727 -0.0515287 0.145749 0.813786 -0.562592 0.332194 -0.323592 -0.498171 -0.804434 0.941803
3 14 22 -0.766701 -0.0952704 -0.634896 0.316445 -0.384082 0.860501 0.334694 -0.184722 0.514442 0.500462 -0.696338 0.930452
3 15 20 0.485663 0.308324 -0.817966 0.642896 -0.424913 0.901011 0.0873377 -0.194925 0.763925 0.305147 0.568598 0.740735
3 16 26 0.269012 0.249681 -0.93021 0.837263 -0.257528 0.949295 0.180328 -0.169007 0.928069 0.191045 0.319672 0.520027
3 17 17 0.758975 0.255533 -0.598882 0.694625 -0.24946 0.963709 0.0950525 -0.144981 0.601437 0.0772547 0.795176 0.704611
3 18 0 1 0 0 0 0 1 0 0 0 0 1 0
3 19 13 0.0357834 0.973284 -0.2268 0.0351744 0.76981 0.117873 0.627295 -0.241762 0.637269 -0.197039 -0.745026 0.969698
3 20 0 1 0 0 0 0 1 0 0 0 0 1 0
3 21 0 1 0 0 0 0 1 0 0 0 0 1 0
3 22 0 1 0 0 0 0 1 0 0 0 0 1 0
3 23 0 1 0 0 0 0 1 0 0 0 0 1 0
3 24 25 0.673032 0.730087 -0.118324 0.22799 -0.733208 0.679619 0.0228928 0.203982 0.0971291 0.0713486 0.992711 0.952057
3 25 0 1 0 0 0 0 1 0 0 0 0 1 0
3 26 0 1 0 0 0 0 1 0 0 0 0 1 0
3 27 0 1 0 0 0 0 1 0 0 0 0 1 0
3 28 0 1 0 0 0 0 1 0 0 0 0 1 0
3 29 0 1 0 0 0 0 1 0 0 0 0 1 0
3 30 0 1 0 0 0 0 1 0 0 0 0 1 0
3 31 0 1 0 0 0 0 1 0 0 0 0 1 0
3 32 16 0.231003 -0.950238 0.20901 -0.103404 0.910314 0.135251 -0.391196 -0.403721 0.343461 0.280632 0.896259 0.90902
3 33 0 1 0 0 0 0 1 0 0 0 0 1 0
3 34 28 -0.743249 -0.216372 -0.633059 0.322492 -0.39279 0.907128 0.151113 -0.177645 0.541569 0.360974 -0.759211 0.929753
3 35 12 0.969542 -0.196692 0.145946 -0.18905 0.189855 0.980006 0.059517 -0.42552 -0.154735 -0.0299955 0.987501 -0.884982
3 36 0 1 0 0 0 0 1 0 0 0 0 1 0
3 37 0 1 0 0 0 0 1 0 0 0 0 1 0
3 38 0 1 0 0 0 0 1 0 0 0 0 1 0
3 39 0 1 0 0 0 0 1 0 0 0 0 1 0
3 40 0 1 0 0 0 0 1 0 0 0 0 1 0
3 41 24 -0.84695 -0.512972 0.139771 -0.152082 -0.409055 0.796634 0.445025 -0.340165 -0.339632 0.31974 -0.884543 0.927986
3 42 0 1 0 0 0 0 1 0 0 0 0 1 0
3 43 0 1 0 0 0 0 1 0 0 0 0 1 0
3 44 0 1 0 0 0 0 1 0 0 0 0 1 0
3 45 0 1 0 0 0 0 1 0 0 0 0 1 0
3 46 0 1 0 0 0 0 1 0 0 0 0 1 0
3 47 0 1 0 0 0 0 1 0 0 0 0 1 0
3 48 11 -0.962092 0.101826 0.253004 0.468424 -0.205241 -0.881233 -0.425799 -0.240618 0.179598 -0.461585 0.868726 0.850107
3 49 0 1 0 0 0 0 1 0 0 0 0 1 0
3 50 23 -0.540622 0.631511 -0.555807 0.375474 0.836835 0.33598 -0.432231 0.0361543 -0.0862189 -0.698793 -0.710109 0.926128
3 51 0 1 0 0 0 0 1 0 0 0 0 1 0
3 52 0 1 0 0 0 0 1 0 0 0 0 1 0
3 53 0 1 0 0 0 0 1 0 0 0 0 1 0
3 54 0 1 0 0 0 0 1 0 0 0 0 1 0
3 55 0 1 0 0 0 0 1 0 0 0 0 1 0
3 56 0 1 0 0 0 0 1 0 0 0 0 1 0
3 57 0 1 0 0 0 0 1 0 0 0 0 1 0
3 58 0 1 0 0 0 0 1 0 0 0 0 1 0
3 59 0 1 0 0 0 0 1 0 0 0 0 1 0
3 60 0 1 0 0 0 0 1 0 0 0 0 1 0
3 61 12 -0.224465 0.841984 -0.49059 0.448728 0.68315 0.494976 0.536941 -0.110315 0.694926 -0.214622 -0.686306 0.886833
3 62 0 1 0 0 0 0 1 0 0 0 0 1 0
3 63 0 1 0 0 0 0 1 0 0 0 0 1 0
3 64 0 1 0 0 0 0 1 0 0 0 0 1 0
3 65 0 1 0 0 0 0 1 0 0 0 0 1 0
3 66 0 1 0 0 0 0 1 0 0 0 0 1 0
3 67 0 1 0 0 0 0 1 0 0 0 0 1 0
4 5 116 0.998737 0.00310847 -0.0501482 0.911221 -0.00358278 0.99995 -0.00937122 0.026314 0.0501165 0.00953906 0.998698 -0.411076
4 6 36 0.998205 0.02463 -0.0545866 -0.260933 -0.0234141 0.999466 0.0228035 -0.137747 0.0551191 -0.0214845 0.998249 -0.955479
4 7 55 0.979957 0.0527506 -0.192099 0.971345 -0.0537624 0.998554 -5.46384e-05 0.0600477 0.191818 0.0103812 0.981376 -0.229965
4 8 27 -0.522483 -0.850932 -0.0541002 -0.125444 -0.616693 0.42095 -0.6652 0.25859 0.588813 -0.314193 -0.744703 0.957807
4 9 14 0.992721 0.119269 0.0167574 0.436664 -0.119171 0.992851 -0.00673377 -0.23724 -0.0174408 0.00468776 0.999837 0.86778
4 10 17 -0.627674 -0.710998 0.317029 -0.201666 -0.760278 0.472326 -0.445966 -0.0515112 0.16734 -0.520951 -0.837023 0.978099
4 11 0 1 0 0 0 0 1 0 0 0 0 1 0
4 12 19 -0.652055 -0.0704151 -0.754895 0.321181 -0.372991 0.896647 0.238541 -0.176186 0.660077 0.437111 -0.610927 0.930484
4 13 12 0.991729 0.0692881 0.108038 -0.32103 -0.0379826 0.962497 -0.26862 -0.146965 -0.122598 0.262294 0.957168 0.935597
4 14 0 1 0 0 0 0 1 0 0 0 0 1 0
4 15 20 -0.973786 0.0455838 0.222854 -0.0764383 -0.130961 0.6887 -0.713121 0.232734 -0.185986 -0.723612 -0.664676 0.969532
4 16 23 0.666754 0.225433 -0.710365 0.943377 -0.22896 0.96902 0.0926128 -0.146535 0.709236 0.100896 0.697713 0.297602
4 17 14 0.757354 0.305798 -0.576977 -0.258899 -0.317424 0.94456 0.0839595 -0.207227 0.570663 0.119559 0.812434 0.943413
4 18 0 1 0 0 0 0 1 0 0 0 0 1 0
4 19 0 1 0 0 0 0 1 0 0 0 0 1 0
4 20 0 1 0 0 0 0 1 0 0 0 0 1 0
4 21 0 1 0 0 0 0 1 0 0 0 0 1 0
4 22 21 -0.402083 0.376717 -0.834514 0.204953 -0.0811144 0.893196 0.44229 -0.249534 0.912003 0.245528 -0.328582 0.946428
4 23 12 0.919271 -0.330867 0.213232 0.291481 0.288852 0.935037 0.205596 -0.0137249 -0.267405 -0.127406 0.955124 0.956478
4 24 0 1 0 0 0 0 1 0 0 0 0 1 0
4 25 0 1 0 0 0 0 1 0 0 0 0 1 0
4 26 0 1 0 0 0 0 1 0 0 0 0 1 0
4 27 13 0.97948 -0.201534 0.00169415 -0.367832 0.1806 0.873944 -0.451227 -0.0616987 0.0894571 0.442274 0.892408 0.927843
4 28 0 1 0 0 0 0 1 0 0 0 0 1 0
4 29 0 1 0 0 0 0 1 0 0 0 0 1 0
4 30 0 1 0 0 0 0 1 0 0 0 0 1 0
4 31 0 1 0 0 0 0 1 0 0 0 0 1 0
4 32 0 1 0 0 0 0 1 0 0 0 0 1 0
4 33 0 1 0 0 0 0 1 0 0 0 0 1 0
4 34 0 1 0 0 0 0 1 0 0 0 0 1 0
4 35 0 1 0 0 0 0 1 0 0 0 0 1 0
4 36 0 1 0 0 0 0 1 0 0 0 0 1 0
4 37 0 1 0 0 0 0 1 0 0 0 0 1 0
4 38 0 1 0 0 0 0 1 0 0 0 0 1 0
4 39 0 1 0 0 0 0 1 0 0 0 0 1 0
4 40 0 1 0 0 0 0 1 0 0 0 0 1 0
4 41 0 1 0 0 0 0 1 0 0 0 0 1 0
4 42 0 1 0 0 0 0 1 0 0 0 0 1 0
4 43 0 1 0 0 0 0 1 0 0 0 0 1 0
4 44 0 1 0 0 0 0 1 0 0 0 0 1 0
4 45 0 1 0 0 0 0 1 0 0 0 0 1 0
4 46 0 1 0 0 0 0 1 0 0 0 0 1 0
4 47 0 1 0 0 0 0 1 0 0 0 0 1 0
4 48 0 1 0 0 0 0 1 0 0 0 0 1 0
4 49 0 1 0 0 0 0 1 0 0 0 0 1 0
4 50 0 1 0 0 0 0 1 0 0 0 0 1 0
4 51 0 1 0 0 0 0 1 0 0 0 0 1 0
4 52 0 1 0 0 0 0 1 0 0 0 0 1 0
4 53 0 1 0 0 0 0 1 0 0 0 0 1 0
4 54 0 1 0 0 0 0 1 0 0 0 0 1 0
4 55 0 1 0 0 0 0 1 0 0 0 0 1 0
4 56 0 1 0 0 0 0 1 0 0 0 0 1 0
4 57 0 1 0 0 0 0 1 0 0 0 0 1 0
4 58 0 1 0 0 0 0 1 0 0 0 0 1 0
4 59 0 1 0 0 0 0 1 0 0 0 0 1 0
4 60 0 1 0 0 0 0 1 0 0 0 0 1 0
4 61 0 1 0 0 0 0 1 0 0 0 0 1 0
4 62 0 1 0 0 0 0 1 0 0 0 0 1 0
4 63 0 1 0 0 0 0 1 0 0 0 0 1 0
4 64 0 1 0 0 0 0 1 0 0 0 0 1 0
4 65 0 1 0 0 0 0 1 0 0 0 0 1 0
4 66 0 1 0 0 0 0 1 0 0 0 0 1 0
4 67 0 1 0 0 0 0 1 0 0 0 0 1 0
5 6 66 0.998533 0.0372572 -0.0392807 0.958895 -0.0365444 0.999157 0.0187111 0.247831 0.0399447 -0.0172481 0.999053 -0.138203
5 7 62 0.988578 0.0515943 -0.141605 0.983528 -0.0512782 0.998667 0.00588284 0.0899477 0.141719 0.00144559 0.989906 -0.156787
5 8 31 0.9611 0.141829 -0.237006 0.994955 -0.156116 0.986822 -0.0425399 -0.0324504 0.227849 0.0778854 0.970576 -0.0949249
5 9 31 0.978774 0.108773 -0.173694 0.997217 -0.113952 0.993283 -0.0200975 0.0685269 0.170341 0.0394638 0.984595 -0.0293804
5 10 12 0.992025 0.122027 -0.0315587 0.336295 -0.123004 0.991919 -0.0310997 -0.140234 0.0275087 0.0347335 0.999018 0.931257
5 11 20 0.78789 0.0316218 -0.615003 0.949089 -0.0829855 0.995023 -0.0551527 0.0292685 0.610198 0.0944906 0.786594 0.313645
5 12 0 1 0 0 0 0 1 0 0 0 0 1 0
5 13 23 -0.789837 -0.103331 0.604549 -0.2744 0.279356 0.816906 0.504604 -0.288463 -0.546001 0.56744 -0.616356 0.91733
5 14 14 -0.844381 0.495733 -0.203147 -0.0713356 0.4453 0.86025 0.248349 0.102081 0.297872 0.11924 -0.947129 0.992215
5 15 0 1 0 0 0 0 1 0 0 0 0 1 0
5 16 11 0.827353 0.136995 -0.54472 -0.29177 -0.140267 0.989466 0.0358007 0.213163 0.543886 0.0467863 0.837854 -0.932433
5 17 10 -0.994114 -0.104697 0.0278464 -0.308807 0.0914962 -0.94901 -0.301677 -0.12372 0.0580111 -0.297353 0.953003 0.943044
5 18 0 1 0 0 0 0 1 0 0 0 0 1 0
5 19 18 0.644406 0.755804 -0.116196 0.0351744 0.625545 -0.433634 0.648579 -0.241762 0.439812 -0.490634 -0.752226 0.969698
5 20 0 1 0 0 0 0 1 0 0 0 0 1 0
5 21 0 1 0 0 0 0 1 0 0 0 0 1 0
5 22 0 1 0 0 0 0 1 0 0 0 0 1 0
5 23 0 1 0 0 0 0 1 0 0 0 0 1 0
5 24 0 1 0 0 0 0 1 0 0 0 0 1 0
5 25 0 1 0 0 0 0 1 0 0 0 0 1 0
5 26 0 1 0 0 0 0 1 0 0 0 0 1 0
5 27 0 1 0 0 0 0 1 0 0 0 0 1 0
5 28 0 1 0 0 0 0 1 0 0 0 0 1 0
5 29 0 1 0 0 0 0 1 0 0 0 0 1 0
5 30 0 1 0 0 0 0 1 0 0 0 0 1 0
5 31 0 1 0 0 0 0 1 0 0 0 0 1 0
5 32 0 1 0 0 0 0 1 0 0 0 0 1 0
5 33 0 1 0 0 0 0 1 0 0 0 0 1 0
5 34 0 1 0 0 0 0 1 0 0 0 0 1 0
5 35 0 1 0 0 0 0 1 0 0 0 0 1 0
5 36 0 1 0 0 0 0 1 0 0 0 0 1 0
5 37 0 1 0 0 0 0 1 0 0 0 0 1 0
5 38 17 0.659413 0.709714 -0.247952 0.487338 0.744359 -0.662599 0.0830183 -0.0178992 -0.105374 -0.239309 -0.965209 0.87303
5 39 0 1 0 0 0 0 1 0 0 0 0 1 0
5 40 0 1 0 0 0 0 1 0 0 0 0 1 0
5 41 15 -0.999256 0.0130222 0.0362985 -0.189155 0.0329442 0.777537 0.627973 -0.282816 -0.0200458 0.628702 -0.777388 0.940338
5 42 0 1 0 0 0 0 1 0 0 0 0 1 0
5 43 0 1 0 0 0 0 1 0 0 0 0 1 0
5 44 0 1 0 0 0 0 1 0 0 0 0 1 0
5 45 0 1 0 0 0 0 1 0 0 0 0 1 0
5 46 0 1 0 0 0 0 1 0 0 0 0 1 0
5 47 14 0.47102 -0.285511 0.83464 -0.176392 0.494572 0.868948 0.0181409 0.0796192 -0.730438 0.404244 0.550497 0.981095
5 48 0 1 0 0 0 0 1 0 0 0 0 1 0
5 49 0 1 0 0 0 0 1 0 0 0 0 1 0
5 50 0 1 0 0 0 0 1 0 0 0 0 1 0
5 51 0 1 0 0 0 0 1 0 0 0 0 1 0
5 52 10 0.289945 0.901772 0.32053 0.317064 -0.821758 0.406251 -0.399592 0.0646931 -0.490557 -0.147538 0.858829 0.946195
5 53 0 1 0 0 0 0 1 0 0 0 0 1 0
5 54 0 1 0 0 0 0 1 0 0 0 0 1 0
5 55 0 1 0 0 0 0 1 0 0 0 0 1 0
5 56 0 1 0 0 0 0 1 0 0 0 0 1 0
5 57 0 1 0 0 0 0 1 0 0 0 0 1 0
5 58 0 1 0 0 0 0 1 0 0 0 0 1 0
5 59 0 1 0 0 0 0 1 0 0 0 0 1 0
5 60 0 1 0 0 0 0 1 0 0 0 0 1 0
5 61 0 1 0 0 0 0 1 0 0 0 0 1 0
5 62 0 1 0 0 0 0 1 0 0 0 0 1 0
5 63 0 1 0 0 0 0 1 0 0 0 0 1 0
5 64 0 1 0 0 0 0 1 0 0 0 0 1 0
5 65 0 1 0 0 0 0 1 0 0 0 0 1 0
5 66 0 1 0 0 0 0 1 0 0 0 0 1 0
5 67 0 1 0 0 0 0 1 0 0 0 0 1 0
6 7 57 0.99663 0.024219 -0.0783734 0.971031 -0.0246049 0.999689 -0.0039619 -0.0544909 0.0782531 0.00587692 0.996916 -0.232655
6 8 20 0.965071 0.140302 -0.221252 0.967517 -0.150476 0.988166 -0.0297316 -0.25239 0.214463 0.0619864 0.974763 0.0144689
6 9 18 0.985142 0.0283798 -0.16938 0.974316 -0.0316977 0.999354 -0.0169162 -0.0884279 0.16879 0.0220338 0.985406 0.207097
6 10 0 1 0 0 0 0 1 0 0 0 0 1 0
6 11 0 1 0 0 0 0 1 0 0 0 0 1 0
6 12 0 1 0 0 0 0 1 0 0 0 0 1 0
6 13 0 1 0 0 0 0 1 0 0 0 0 1 0
6 14 0 1 0 0 0 0 1 0 0 0 0 1 0
6 15 0 1 0 0 0 0 1 0 0 0 0 1 0
6 16 0 1 0 0 0 0 1 0 0 0 0 1 0
6 17 0 1 0 0 0 0 1 0 0 0 0 1 0
6 18 0 1 0 0 0 0 1 0 0 0 0 1 0
6 19 0 1 0 0 0 0 1 0 0 0 0 1 0
6 20 0 1 0 0 0 0 1 0 0 0 0 1 0
6 21 0 1 0 0 0 0 1 0 0 0 0 1 0
6 22 0 1 0 0 0 0 1 0 0 0 0 1 0
6 23 0 1 0 0 0 0 1 0 0 0 0 1 0
6 24 0 1 0 0 0 0 1 0 0 0 0 1 0
6 25 0 1 0 0 0 0 1 0 0 0 0 1 0
6 26 0 1 0 0 0 0 1 0 0 0 0 1 0
6 27 0 1 0 0 0 0 1 0 0 0 0 1 0
6 28 0 1 0 0 0 0 1 0 0 0 0 1 0
6 29 0 1 0 0 0 0 1 0 0 0 0 1 0
6 30 0 1 0 0 0 0 1 0 0 0 0 1 0
6 31 0 1 0 0 0 0 1 0 0 0 0 1 0
6 32 0 1 0 0 0 0 1 0 0 0 0 1 0
6 33 0 1 0 0 0 0 1 0 0 0 0 1 0
6 34 0 1 0 0 0 0 1 0 0 0 0 1 0
6 35 0 1 0 0 0 0 1 0 0 0 0 1 0
6 36 0 1 0 0 0 0 1 0 0 0 0 1 0
6 37 0 1 0 0 0 0 1 0 0 0 0 1 0
6 38 0 1 0 0 0 0 1 0 0 0 0 1 0
6 39 0 1 0 0 0 0 1 0 0 0 0 1 0
6 40 0 1 0 0 0 0 1 0 0 0 0 1 0
6 41 0 1 0 0 0 0 1 0 0 0 0 1 0
6 42 0 1 0 0 0 0 1 0 0 0 0 1 0
6 43 0 1 0 0 0 0 1 0 0 0 0 1 0
6 44 0 1 0 0 0 0 1 0 0 0 0 1 0
6 45 0 1 0 0 0 0 1 0 0 0 0 1 0
6 46 0 1 0 0 0 0 1 0 0 0 0 1 0
6 47 0 1 0 0 0 0 1 0 0 0 0 1 0
6 48 0 1 0 0 0 0 1 0 0 0 0 1 0
6 49 0 1 0 0 0 0 1 0 0 0 0 1 0
6 50 0 1 0 0 0 0 1 0 0 0 0 1 0
6 51 0 1 0 0 0 0 1 0 0 0 0 1 0
6 52 0 1 0 0 0 0 1 0 0 0 0 1 0
6 53 0 1 0 0 0 0 1 0 0 0 0 1 0
6 54 0 1 0 0 0 0 1 0 0 0 0 1 0
6 55 0 1 0 0 0 0 1 0 0 0 0 1 0
6 56 0 1 0 0 0 0 1 0 0 0 0 1 0
6 57 0 1 0 0 0 0 1 0 0 0 0 1 0
6 58 0 1 0 0 0 0 1 0 0 0 0 1 0
6 59 0 1 0 0 0 0 1 0 0 0 0 1 0
6 60 0 1 0 0 0 0 1 0 0 0 0 1 0
6 61 0 1 0 0 0 0 1 0 0 0 0 1 0
6 62 0 1 0 0 0 0 1 0 0 0 0 1 0
6 63 0 1 0 0 0 0 1 0 0 0 0 1 0
6 64 0 1 0 0 0 0 1 0 0 0 0 1 0
6 65 0 1 0 0 0 0 1 0 0 0 0 1 0
6 66 0 1 0 0 0 0 1 0 0 0 0 1 0
6 67 0 1 0 0 0 0 1 0 0 0 0 1 0
7 8 29 0.992405 0.0856625 -0.0882871 0.993324 -0.0915639 0.993668 -0.0651094 -0.110924 0.0821507 0.0726988 0.993965 -0.0316683
7 9 20 0.99678 0.00973897 -0.0795886 0.807106 -0.01025 0.999929 -0.00601554 -0.166557 0.0795244 0.00681196 0.99681 0.566426
7 10 26 0.97065 0.0567774 -0.2337 0.889026 -0.0640393 0.997668 -0.023597 -0.0804938 0.231815 0.0378704 0.972022 0.450726
7 11 0 1 0 0 0 0 1 0 0 0 0 1 0
7 12 0 1 0 0 0 0 1 0 0 0 0 1 0
7 13 20 0.864191 0.1381 -0.483841 0.970177 -0.164265 0.986345 -0.011867 -0.0869288 0.475595 0.0897333 0.875075 0.226275
7 14 0 1 0 0 0 0 1 0 0 0 0 1 0
7 15 0 1 0 0 0 0 1 0 0 0 0 1 0
7 16 0 1 0 0 0 0 1 0 0 0 0 1 0
7 17 24 0.724363 0.169339 -0.668298 0.998141 -0.169128 0.983391 0.065864 0.0474713 0.668351 0.0653182 0.740972 0.0382308
7 18 11 0.803143 0.177771 -0.568646 -0.425242 -0.185047 0.981674 0.0455363 0.167974 0.56632 0.0686543 0.821321 -0.889356
7 19 0 1 0 0 0 0 1 0 0 0 0 1 0
7 20 0 1 0 0 0 0 1 0 0 0 0 1 0
7 21 0 1 0 0 0 0 1 0 0 0 0 1 0
7 22 0 1 0 0 0 0 1 0 0 0 0 1 0
7 23 0 1 0 0 0 0 1 0 0 0 0 1 0
7 24 0 1 0 0 0 0 1 0 0 0 0 1 0
7 25 0 1 0 0 0 0 1 0 0 0 0 1 0
7 26 0 1 0 0 0 0 1 0 0 0 0 1 0
7 27 0 1 0 0 0 0 1 0 0 0 0 1 0
7 28 0 1 0 0 0 0 1 0 0 0 0 1 0
7 29 0 1 0 0 0 0 1 0 0 0 0 1 0
7 30 0 1 0 0 0 0 1 0 0 0 0 1 0
7 31 0 1 0 0 0 0 1 0 0 0 0 1 0
7 32 0 1 0 0 0 0 1 0 0 0 0 1 0
7 33 0 1 0 0 0 0 1 0 0 0 0 1 0
7 34 0 1 0 0 0 0 1 0 0 0 0 1 0
7 35 0 1 0 0 0 0 1 0 0 0 0 1 0
7 36 0 1 0 0 0 0 1 0 0 0 0 1 0
7 37 0 1 0 0 0 0 1 0 0 0 0 1 0
7 38 0 1 0 0 0 0 1 0 0 0 0 1 0
7 39 0 1 0 0 0 0 1 0 0 0 0 1 0
7 40 0 1 0 0 0 0 1 0 0 0 0 1 0
7 41 0 1 0 0 0 0 1 0 0 0 0 1 0
7 42 0 1 0 0 0 0 1 0 0 0 0 1 0
7 43 0 1 0 0 0 0 1 0 0 0 0 1 0
7 44 0 1 0 0 0 0 1 0 0 0 0 1 0
7 45 0 1 0 0 0 0 1 0 0 0 0 1 0
7 46 0 1 0 0 0 0 1 0 0 0 0 1 0
7 47 0 1 0 0 0 0 1 0 0 0 0 1 0
7 48 0 1 0 0 0 0 1 0 0 0 0 1 0
7 49 0 1 0 0 0 0 1 0 0 0 0 1 0
7 50 0 1 0 0 0 0 1 0 0 0 0 1 0
7 51 0 1 0 0 0 0 1 0 0 0 0 1 0
7 52 0 1 0 0 0 0 1 0 0 0 0 1 0
7 53 0 1 0 0 0 0 1 0 0 0 0 1 0
7 54 0 1 0 0 0 0 1 0 0 0 0 1 0
7 55 0 1 0 0 0 0 1 0 0 0 0 1 0
7 56 0 1 0 0 0 0 1 0 0 0 0 1 0
7 57 0 1 0 0 0 0 1 0 0 0 0 1 0
7 58 0 1 0 0 0 0 1 0 0 0 0 1 0
7 59 0 1 0 0 0 0 1 0 0 0 0 1 0
7 60 0 1 0 0 0 0 1 0 0 0 0 1 0
7 61 0 1 0 0 0 0 1 0 0 0 0 1 0
7 62 0 1 0 0 0 0 1 0 0 0 0 1 0
7 63 0 1 0 0 0 0 1 0 0 0 0 1 0
7 64 0 1 0 0 0 0 1 0 0 0 0 1 0
7 65 0 1 0 0 0 0 1 0 0 0 0 1 0
7 66 0 1 0 0 0 0 1 0 0 0 0 1 0
7 67 0 1 0 0 0 0 1 0 0 0 0 1 0
8 9 40 0.995885 -0.0892196 0.0158923 -0.549017 0.0876677 0.992895 0.0804612 -0.404618 -0.0229581 -0.0787368 0.996631 0.731344
8 10 49 0.984987 -0.0164812 -0.171841 0.950158 0.0254036 0.998433 0.0498539 -0.222782 0.17075 -0.0534708 0.983862 0.218099
8 11 26 0.959952 -0.0176671 -0.279608 0.954003 0.0204034 0.999768 0.00687856 0.0499281 0.279422 -0.0123081 0.96009 0.295611
8 12 0 1 0 0 0 0 1 0 0 0 0 1 0
8 13 0 1 0 0 0 0 1 0 0 0 0 1 0
8 14 0 1 0 0 0 0 1 0 0 0 0 1 0
8 15 0 1 0 0 0 0 1 0 0 0 0 1 0
8 16 0 1 0 0 0 0 1 0 0 0 0 1 0
8 17 0 1 0 0 0 0 1 0 0 0 0 1 0
8 18 0 1 0 0 0 0 1 0 0 0 0 1 0
8 19 0 1 0 0 0 0 1 0 0 0 0 1 0
8 20 0 1 0 0 0 0 1 0 0 0 0 1 0
8 21 0 1 0 0 0 0 1 0 0 0 0 1 0
8 22 0 1 0 0 0 0 1 0 0 0 0 1 0
8 23 0 1 0 0 0 0 1 0 0 0 0 1 0
8 24 0 1 0 0 0 0 1 0 0 0 0 1 0
8 25 0 1 0 0 0 0 1 0 0 0 0 1 0
8 26 0 1 0 0 0 0 1 0 0 0 0 1 0
8 27 0 1 0 0 0 0 1 0 0 0 0 1 0
8 28 0 1 0 0 0 0 1 0 0 0 0 1 0
8 29 0 1 0 0 0 0 1 0 0 0 0 1 0
8 30 0 1 0 0 0 0 1 0 0 0 0 1 0
8 31 0 1 0 0 0 0 1 0 0 0 0 1 0
8 32 0 1 0 0 0 0 1 0 0 0 0 1 0
8 33 0 1 0 0 0 0 1 0 0 0 0 1 0
8 34 0 1 0 0 0 0 1 0 0 0 0 1 0
8 35 0 1 0 0 0 0 1 0 0 0 0 1 0
8 36 0 1 0 0 0 0 1 0 0 0 0 1 0
8 37 0 1 0 0 0 0 1 0 0 0 0 1 0
8 38 0 1 0 0 0 0 1 0 0 0 0 1 0
8 39 0 1 0 0 0 0 1 0 0 0 0 1 0
8 40 0 1 0 0 0 0 1 0 0 0 0 1 0
8 41 0 1 0 0 0 0 1 0 0 0 0 1 0
8 42 0 1 0 0 0 0 1 0 0 0 0 1 0
8 43 0 1 0 0 0 0 1 0 0 0 0 1 0
8 44 0 1 0 0 0 0 1 0 0 0 0 1 0
8 45 0 1 0 0 0 0 1 0 0 0 0 1 0
8 46 0 1 0 0 0 0 1 0 0 0 0 1 0
8 47 0 1 0 0 0 0 1 0 0 0 0 1 0
8 48 0 1 0 0 0 0 1 0 0 0 0 1 0
8 49 0 1 0 0 0 0 1 0 0 0 0 1 0
8 50 0 1 0 0 0 0 1 0 0 0 0 1 0
8 51 0 1 0 0 0 0 1 0 0 0 0 1 0
8 52 0 1 0 0 0 0 1 0 0 0 0 1 0
8 53 0 1 0 0 0 0 1 0 0 0 0 1 0
8 54 0 1 0 0 0 0 1 0 0 0 0 1 0
8 55 0 1 0 0 0 0 1 0 0 0 0 1 0
8 56 0 1 0 0 0 0 1 0 0 0 0 1 0
8 57 0 1 0 0 0 0 1 0 0 0 0 1 0
8 58 0 1 0 0 0 0 1 0 0 0 0 1 0
8 59 0 1 0 0 0 0 1 0 0 0 0 1 0
8 60 0 1 0 0 0 0 1 0 0 0 0 1 0
8 61 0 1 0 0 0 0 1 0 0 0 0 1 0
8 62 0 1 0 0 0 0 1 0 0 0 0 1 0
8 63 0 1 0 0 0 0 1 0 0 0 0 1 0
8 64 0 1 0 0 0 0 1 0 0 0 0 1 0
8 65 0 1 0 0 0 0 1 0 0 0 0 1 0
8 66 0 1 0 0 0 0 1 0 0 0 0 1 0
8 67 0 1 0 0 0 0 1 0 0 0 0 1 0
9 10 40 0.989317 0.0196696 -0.144449 0.966095 -0.0253 0.998986 -0.0372455 0.258187 0.14357 0.0405021 0.988811 -0.000398595
9 11 27 0.972257 0.0235244 -0.232731 0.992409 -0.0369457 0.997885 -0.0534784 0.0896529 0.230981 0.0605932 0.97107 -0.0841812
9 12 10 0.999608 0.0277009 -0.0040226 -0.0908917 -0.0278542 0.998595 -0.0450819 0.149887 0.00276814 0.0451763 0.998975 0.984516
9 13 0 1 0 0 0 0 1 0 0 0 0 1 0
9 14 0 1 0 0 0 0 1 0 0 0 0 1 0
9 15 0 1 0 0 0 0 1 0 0 0 0 1 0
9 16 0 1 0 0 0 0 1 0 0 0 0 1 0
9 17 0 1 0 0 0 0 1 0 0 0 0 1 0
9 18 0 1 0 0 0 0 1 0 0 0 0 1 0
9 19 0 1 0 0 0 0 1 0 0 0 0 1 0
9 20 0 1 0 0 0 0 1 0 0 0 0 1 0
9 21 0 1 0 0 0 0 1 0 0 0 0 1 0
9 22 0 1 0 0 0 0 1 0 0 0 0 1 0
9 23 0 1 0 0 0 0 1 0 0 0 0 1 0
9 24 0 1 0 0 0 0 1 0 0 0 0 1 0
9 25 0 1 0 0 0 0 1 0 0 0 0 1 0
9 26 0 1 0 0 0 0 1 0 0 0 0 1 0
9 27 0 1 0 0 0 0 1 0 0 0 0 1 0
9 28 0 1 0 0 0 0 1 0 0 0 0 1 0
9 29 0 1 0 0 0 0 1 0 0 0 0 1 0
9 30 0 1 0 0 0 0 1 0 0 0 0 1 0
9 31 0 1 0 0 0 0 1 0 0 0 0 1 0
9 32 0 1 0 0 0 0 1 0 0 0 0 1 0
9 33 0 1 0 0 0 0 1 0 0 0 0 1 0
9 34 0 1 0 0 0 0 1 0 0 0 0 1 0
9 35 0 1 0 0 0 0 1 0 0 0 0 1 0
9 36 0 1 0 0 0 0 1 0 0 0 0 1 0
9 37 0 1 0 0 0 0 1 0 0 0 0 1 0
9 38 0 1 0 0 0 0 1 0 0 0 0 1 0
9 39 0 1 0 0 0 0 1 0 0 0 0 1 0
9 40 0 1 0 0 0 0 1 0 0 0 0 1 0
9 41 0 1 0 0 0 0 1 0 0 0 0 1 0
9 42 0 1 0 0 0 0 1 0 0 0 0 1 0
9 43 0 1 0 0 0 0 1 0 0 0 0 1 0
9 44 0 1 0 0 0 0 1 0 0 0 0 1 0
9 45 0 1 0 0 0 0 1 0 0 0 0 1 0
9 46 0 1 0 0 0 0 1 0 0 0 0 1 0
9 47 0 1 0 0 0 0 1 0 0 0 0 1 0
9 48 0 1 0 0 0 0 1 0 0 0 0 1 0
9 49 0 1 0 0 0 0 1 0 0 0 0 1 0
9 50 0 1 0 0 0 0 1 0 0 0 0 1 0
9 51 0 1 0 0 0 0 1 0 0 0 0 1 0
9 52 0 1 0 0 0 0 1 0 0 0 0 1 0
9 53 0 1 0 0 0 0 1 0 0 0 0 1 0
9 54 0 1 0 0 0 0 1 0 0 0 0 1 0
9 55 0 1 0 0 0 0 1 0 0 0 0 1 0
9 56 0 1 0 0 0 0 1 0 0 0 0 1 0
9 57 0 1 0 0 0 0 1 0 0 0 0 1 0
9 58 0 1 0 0 0 0 1 0 0 0 0 1 0
9 59 0 1 0 0 0 0 1 0 0 0 0 1 0
9 60 0 1 0 0 0 0 1 0 0 0 0 1 0
9 61 0 1 0 0 0 0 1 0 0 0 0 1 0
9 62 0 1 0 0 0 0 1 0 0 0 0 1 0
9 63 0 1 0 0 0 0 1 0 0 0 0 1 0
9 64 0 1 0 0 0 0 1 0 0 0 0 1 0
9 65 0 1 0 0 0 0 1 0 0 0 0 1 0
9 66 0 1 0 0 0 0 1 0 0 0 0 1 0
9 67 0 1 0 0 0 0 1 0 0 0 0 1 0
10 11 71 0.996873 0.012195 -0.0780689 0.991411 -0.0140596 0.999628 -0.0233801 0.0393697 0.0777547 0.0244046 0.996674 -0.124718
10 12 51 0.99196 0.0467609 -0.117595 0.986632 -0.0496045 0.99854 -0.0213706 0.0149844 0.116424 0.027032 0.992832 -0.162274
10 13 32 0.961365 0.0571383 -0.269281 0.993707 -0.0711202 0.996564 -0.0424483 0.0951291 0.26593 0.0599596 0.962126 -0.0591399
10 14 0 1 0 0 0 0 1 0 0 0 0 1 0
10 15 0 1 0 0 0 0 1 0 0 0 0 1 0
10 16 0 1 0 0 0 0 1 0 0 0 0 1 0
10 17 0 1 0 0 0 0 1 0 0 0 0 1 0
10 18 0 1 0 0 0 0 1 0 0 0 0 1 0
10 19 0 1 0 0 0 0 1 0 0 0 0 1 0
10 20 0 1 0 0 0 0 1 0 0 0 0 1 0
10 21 0 1 0 0 0 0 1 0 0 0 0 1 0
10 22 0 1 0 0 0 0 1 0 0 0 0 1 0
10 23 0 1 0 0 0 0 1 0 0 0 0 1 0
10 24 0 1 0 0 0 0 1 0 0 0 0 1 0
10 25 0 1 0 0 0 0 1 0 0 0 0 1 0
10 26 0 1 0 0 0 0 1 0 0 0 0 1 0
10 27 0 1 0 0 0 0 1 0 0 0 0 1 0
10 28 0 1 0 0 0 0 1 0 0 0 0 1 0
10 29 0 1 0 0 0 0 1 0 0 0 0 1 0
10 30 0 1 0 0 0 0 1 0 0 0 0 1 0
10 31 0 1 0 0 0 0 1 0 0 0 0 1 0
10 32 0 1 0 0 0 0 1 0 0 0 0 1 0
10 33 0 1 0 0 0 0 1 0 0 0 0 1 0
10 34 0 1 0 0 0 0 1 0 0 0 0 1 0
10 35 0 1 0 0 0 0 1 0 0 0 0 1 0
10 36 0 1 0 0 0 0 1 0 0 0 0 1 0
10 37 0 1 0 0 0 0 1 0 0 0 0 1 0
10 38 0 1 0 0 0 0 1 0 0 0 0 1 0
10 39 0 1 0 0 0 0 1 0 0 0 0 1 0
10 40 0 1 0 0 0 0 1 0 0 0 0 1 0
10 41 0 1 0 0 0 0 1 0 0 0 0 1 0
10 42 0 1 0 0 0 0 1 0 0 0 0 1 0
10 43 0 1 0 0 0 0 1 0 0 0 0 1 0
10 44 0 1 0 0 0 0 1 0 0 0 0 1 0
10 45 0 1 0 0 0 0 1 0 0 0 0 1 0
10 46 0 1 0 0 0 0 1 0 0 0 0 1 0
10 47 0 1 0 0 0 0 1 0 0 0 0 1 0
10 48 0 1 0 0 0 0 1 0 0 0 0 1 0
10 49 0 1 0 0 0 0 1 0 0 0 0 1 0
10 50 0 1 0 0 0 0 1 0 0 0 0 1 0
10 51 0 1 0 0 0 0 1 0 0 0 0 1 0
10 52 0 1 0 0 0 0 1 0 0 0 0 1 0
10 53 0 1 0 0 0 0 1 0 0 0 0 1 0
10 54 0 1 0 0 0 0 1 0 0 0 0 1 0
10 55 0 1 0 0 0 0 1 0 0 0 0 1 0
10 56 0 1 0 0 0 0 1 0 0 0 0 1 0
10 57 0 1 0 0 0 0 1 0 0 0 0 1 0
10 58 0 1 0 0 0 0 1 0 0 0 0 1 0
10 59 0 1 0 0 0 0 1 0 0 0 0 1 0
10 60 0 1 0 0 0 0 1 0 0 0 0 1 0
10 61 0 1 0 0 0 0 1 0 0 0 0 1 0
10 62 0 1 0 0 0 0 1 0 0 0 0 1 0
10 63 0 1 0 0 0 0 1 0 0 0 0 1 0
10 64 0 1 0 0 0 0 1 0 0 0 0 1 0
10 65 0 1 0 0 0 0 1 0 0 0 0 1 0
10 66 0 1 0 0 0 0 1 0 0 0 0 1 0
10 67 0 1 0 0 0 0 1 0 0 0 0 1 0
11 12 61 0.992743 0.0389522 -0.113776 0.989296 -0.0399941 0.999176 -0.00688839 0.0583886 0.113414 0.0113888 0.993483 -0.133731
11 13 52 0.988642 0.0531975 -0.140557 0.983533 -0.0547928 0.99847 -0.00750164 0.0596722 0.139943 0.015118 0.990044 -0.170593
11 14 13 0.947137 0.320766 0.0063221 -0.089875 -0.320714 0.946087 0.0454174 0.108514 0.00858712 -0.0450441 0.998948 0.990024
11 15 16 0.992843 -0.0764403 0.0917545 -0.0710974 0.0715334 0.995886 0.0556303 -0.496322 -0.0956293 -0.0486686 0.994227 0.865222
11 16 0 1 0 0 0 0 1 0 0 0 0 1 0
11 17 0 1 0 0 0 0 1 0 0 0 0 1 0
11 18 0 1 0 0 0 0 1 0 0 0 0 1 0
11 19 0 1 0 0 0 0 1 0 0 0 0 1 0
11 20 0 1 0 0 0 0 1 0 0 0 0 1 0
11 21 0 1 0 0 0 0 1 0 0 0 0 1 0
11 22 0 1 0 0 0 0 1 0 0 0 0 1 0
11 23 0 1 0 0 0 0 1 0 0 0 0 1 0
11 24 0 1 0 0 0 0 1 0 0 0 0 1 0
11 25 0 1 0 0 0 0 1 0 0 0 0 1 0
11 26 0 1 0 0 0 0 1 0 0 0 0 1 0
11 27 0 1 0 0 0 0 1 0 0 0 0 1 0
11 28 0 1 0 0 0 0 1 0 0 0 0 1 0
11 29 0 1 0 0 0 0 1 0 0 0 0 1 0
11 30 0 1 0 0 0 0 1 0 0 0 0 1 0
11 31 0 1 0 0 0 0 1 0 0 0 0 1 0
11 32 0 1 0 0 0 0 1 0 0 0 0 1 0
11 33 0 1 0 0 0 0 1 0 0 0 0 1 0
11 34 0 1 0 0 0 0 1 0 0 0 0 1 0
11 35 0 1 0 0 0 0 1 0 0 0 0 1 0
11 36 0 1 0 0 0 0 1 0 0 0 0 1 0
11 37 0 1 0 0 0 0 1 0 0 0 0 1 0
11 38 0 1 0 0 0 0 1 0 0 0 0 1 0
11 39 0 1 0 0 0 0 1 0 0 0 0 1 0
11 40 0 1 0 0 0 0 1 0 0 0 0 1 0
11 41 0 1 0 0 0 0 1 0 0 0 0 1 0
11 42 0 1 0 0 0 0 1 0 0 0 0 1 0
11 43 0 1 0 0 0 0 1 0 0 0 0 1 0
11 44 0 1 0 0 0 0 1 0 0 0 0 1 0
11 45 0 1 0 0 0 0 1 0 0 0 0 1 0
11 46 0 1 0 0 0 0 1 0 0 0 0 1 0
11 47 0 1 0 0 0 0 1 0 0 0 0 1 0
11 48 0 1 0 0 0 0 1 0 0 0 0 1 0
11 49 0 1 0 0 0 0 1 0 0 0 0 1 0
11 50 0 1 0 0 0 0 1 0 0 0 0 1 0
11 51 0 1 0 0 0 0 1 0 0 0 0 1 0
11 52 0 1 0 0 0 0 1 0 0 0 0 1 0
11 53 0 1 0 0 0 0 1 0 0 0 0 1 0
11 54 0 1 0 0 0 0 1 0 0 0 0 1 0
11 55 0 1 0 0 0 0 1 0 0 0 0 1 0
11 56 0 1 0 0 0 0 1 0 0 0 0 1 0
11 57 0 1 0 0 0 0 1 0 0 0 0 1 0
11 58 0 1 0 0 0 0 1 0 0 0 0 1 0
11 59 0 1 0 0 0 0 1 0 0 0 0 1 0
11 60 0 1 0 0 0 0 1 0 0 0 0 1 0
11 61 0 1 0 0 0 0 1 0 0 0 0 1 0
11 62 0 1 0 0 0 0 1 0 0 0 0 1 0
11 63 0 1 0 0 0 0 1 0 0 0 0 1 0
11 64 0 1 0 0 0 0 1 0 0 0 0 1 0
11 65 0 1 0 0 0 0 1 0 0 0 0 1 0
11 66 0 1 0 0 0 0 1 0 0 0 0 1 0
11 67 0 1 0 0 0 0 1 0 0 0 0 1 0
12 13 86 0.993819 0.0288513 -0.1072 0.964675 -0.030366 0.99946 -0.012524 0.231539 0.106781 0.0157019 0.994159 -0.125668
12 14 32 0.980755 0.0746159 -0.180421 0.987055 -0.0787722 0.996765 -0.0159724 0.0295638 0.178646 0.0298772 0.98346 -0.157631
12 15 0 1 0 0 0 0 1 0 0 0 0 1 0
12 16 25 0.917842 0.100293 -0.384066 0.999637 -0.0811891 0.994532 0.0656822 0.0159979 0.388553 -0.0291039 0.920966 0.0216991
12 17 13 0.995514 -0.0163627 0.0931858 0.0385998 -0.0044729 -0.99197 -0.126398 -0.053353 0.0945057 0.125414 -0.987593 0.997829
12 18 11 0.961415 -0.217765 0.168109 0.0753515 0.213367 0.97598 0.0440186 -0.162954 -0.173657 -0.00645127 0.984785 0.983752
12 19 0 1 0 0 0 0 1 0 0 0 0 1 0
12 20 15 0.884413 0.27052 -0.380306 -0.660023 -0.207562 0.957841 0.198642 -0.150284 0.418009 -0.0967444 0.903277 -0.73606
12 21 18 0.852112 0.191593 -0.487029 -0.582777 -0.178348 0.981185 0.0739502 0.247135 0.492034 0.0238467 0.870249 -0.774142
12 22 24 0.689444 0.243641 -0.682134 0.980598 -0.16995 0.969855 0.174637 -0.189399 0.70412 -0.00447411 0.710067 -0.0505456
12 23 16 0.810592 0.297376 -0.504488 0.572892 -0.238187 0.954416 0.179881 0.0225062 0.534984 -0.0256476 0.844473 0.819322
12 24 0 1 0 0 0 0 1 0 0 0 0 1 0
12 25 24 0.568121 0.296271 -0.767764 0.994404 -0.243377 0.951703 0.187159 -0.100784 0.786134 0.0805271 0.612788 -0.0316735
