0 1 162 0.999234 0.00931852 -0.0380205 0.995145 -0.00996475 0.999808 -0.0168428 -0.0859207 0.0378562 0.0172088 0.999135 -0.0479911
0 2 70 0.994166 0.0407855 -0.0998546 0.958382 -0.0448331 0.998247 -0.0386312 0.0328046 0.098104 0.0428826 0.994252 -0.2836
0 3 70 0.9878 0.0506105 -0.147277 0.951588 -0.0511372 0.998692 0.000210719 0.0594913 0.147095 0.00732316 0.989095 -0.301563
0 4 37 0.962537 0.108143 -0.248652 0.992151 -0.108906 0.993994 0.0107293 0.0286191 0.248319 0.0167523 0.968533 -0.121723
0 5 33 0.983501 0.0171964 0.180085 -0.804681 -0.0169738 0.999852 -0.00277711 0.106482 -0.180106 -0.000325442 0.983647 -0.584081
0 6 28 0.575388 -0.790514 -0.209802 0.359188 -0.816332 -0.570862 -0.0878624 -0.285014 -0.0503115 0.221823 -0.973788 0.888679
0 7 43 -0.102808 -0.778468 -0.619208 0.278453 -0.990654 0.136231 -0.00679041 -0.222297 0.0896414 0.612723 -0.785197 0.93437
0 8 15 -0.305615 -0.912367 -0.27237 0.158528 0.93256 -0.344553 0.107774 0.181626 -0.192176 -0.221064 0.956138 -0.970506
0 9 30 -0.19637 -0.907841 0.370492 -0.460862 0.980479 -0.177958 0.0836171 -0.296303 -0.00997906 0.37968 0.925064 0.836547
0 10 16 -0.959029 -0.267036 0.0946331 0.306625 0.200922 -0.876571 -0.437326 -0.158724 0.199734 -0.400394 0.89431 0.938503
0 11 20 -0.588308 0.77171 0.241574 0.311813 -0.3971 -0.0154693 -0.917645 -0.203435 -0.704419 -0.635787 0.315546 0.928109
0 12 32 -0.770208 0.0324725 -0.636965 0.321181 -0.20104 0.935429 0.290783 -0.176186 0.605278 0.352019 -0.713947 0.930484
0 13 0 1 0 0 0 0 1 0 0 0 0 1 0
0 14 13 -0.21865 -0.953575 0.20709 -0.292724 0.972035 -0.19421 0.132027 0.255277 -0.0856785 0.230167 0.969372 -0.921491
0 15 16 -0.68759 -0.298948 -0.661702 0.454683 0.450814 -0.890153 -0.066292 0.133007 -0.569198 -0.343886 0.74683 -0.880666
0 16 16 -0.65007 -0.510622 0.562739 -0.346179 0.640905 -0.766297 0.045039 -0.108201 0.408227 0.389941 0.825407 0.931908
0 17 11 -0.324995 0.87775 0.35204 -0.384417 -0.877859 -0.141534 -0.457527 0.0740778 -0.351769 -0.457736 0.816539 -0.920183
0 18 0 1 0 0 0 0 1 0 0 0 0 1 0
0 19 18 0.994015 0.108984 -0.00754787 0.473772 -0.10921 0.989564 -0.0939986 0.202829 -0.00277524 0.0942603 0.995544 -0.856972
0 20 14 0.0781851 0.996937 0.00205783 0.193678 0.676028 -0.0515004 -0.735074 0.33798 -0.732716 0.058863 -0.677984 0.92101
0 21 14 0.90384 0.0820246 0.419935 0.480354 -0.0608839 0.996121 -0.0635269 0.0896328 -0.423517 0.0318509 0.905328 -0.872483
0 22 17 -0.694654 -0.573489 0.434241 -0.308401 -0.473499 0.81898 0.324146 -0.327193 -0.541529 0.0195567 -0.840455 0.893216
0 23 11 0.99497 0.0807223 0.0593193 -0.309242 0.0923837 -0.968367 -0.2318 -0.104399 0.0387314 0.236114 -0.970953 0.945236
0 24 10 -0.573763 0.678196 -0.45918 -0.208302 -0.45386 -0.729971 -0.511031 -0.229534 -0.681767 -0.0848075 0.726637 0.950749
0 25 13 0.853982 -0.449922 -0.261314 -0.390525 0.467947 0.883723 0.00770285 -0.294005 0.227463 -0.128859 0.965223 0.872383
0 26 12 -0.446335 -0.861656 -0.241523 0.0908245 0.88389 -0.466642 0.0313602 0.371228 -0.139727 -0.199483 0.969888 -0.924089
0 27 13 -0.709254 -0.704953 5.93233e-05 -0.341897 -0.704522 0.708817 -0.035028 -0.231482 0.024651 -0.0248855 -0.999386 0.910781
0 28 0 1 0 0 0 0 1 0 0 0 0 1 0
0 29 19 -0.520562 -0.846311 0.113017 -0.402916 0.852413 -0.522735 0.0118392 0.309518 0.0490585 0.1025 0.993522 -0.861311
0 30 0 1 0 0 0 0 1 0 0 0 0 1 0
0 31 12 -0.171748 0.859724 -0.481017 0.445597 0.74813 0.431496 0.504095 -0.17783 0.64094 -0.273286 -0.717294 0.877394
0 32 16 0.928724 0.235897 0.286048 -0.383797 -0.206225 0.969802 -0.130214 0.0132395 -0.308127 0.0619423 0.949327 -0.923322
0 33 37 0.462324 -0.765909 0.446811 -0.319978 -0.766347 -0.091647 0.635856 -0.311749 -0.446059 -0.636384 -0.629323 0.894666
0 34 0 1 0 0 0 0 1 0 0 0 0 1 0
0 35 17 -0.607462 -0.567772 0.55554 0.289089 0.42667 -0.823132 -0.374708 -0.355056 0.670031 0.00941107 0.742273 0.889023
0 36 10 0.92954 -0.0436268 0.366132 -0.163848 0.0957034 0.987491 -0.125307 -0.204959 -0.356085 0.151518 0.922088 0.964959
0 37 16 0.726461 -0.584275 -0.36177 0.429293 -0.680476 -0.685103 -0.259974 -0.0793993 -0.0959531 0.435037 -0.895285 0.899669
0 38 12 0.695374 0.610043 0.379872 0.0361931 0.446508 -0.780938 0.436768 -0.373837 0.563104 -0.134101 -0.815433 0.926788
0 39 20 -0.94275 -0.0883885 -0.321575 -0.0829361 -0.179785 0.946828 0.266823 -0.255499 0.280892 0.309361 -0.908513 0.963245
0 40 25 -0.335815 0.94148 -0.0290514 -0.0476284 0.897196 0.329107 0.294497 -0.0398961 0.286824 0.072832 -0.955211 0.998068
0 41 16 0.0744022 -0.954477 0.288856 -0.423949 -0.962695 -0.144313 -0.228893 -0.0801495 0.260159 -0.26105 -0.929608 0.902133
0 42 11 -0.442175 0.83594 -0.325094 -0.207922 -0.64419 -0.548184 -0.533398 -0.26626 -0.6241 -0.0264326 0.780897 0.941209
0 43 0 1 0 0 0 0 1 0 0 0 0 1 0
0 44 0 1 0 0 0 0 1 0 0 0 0 1 0
0 45 15 -0.598801 -0.80062 0.0210961 -0.377883 -0.796637 0.598123 0.0872904 -0.230647 -0.0825044 0.0354637 -0.99596 0.896664
0 46 20 0.289364 0.894223 -0.341517 0.410441 0.847105 -0.0730863 0.526376 -0.209664 0.445737 -0.441614 -0.778649 0.887456
0 47 18 0.911533 -0.408545 -0.0468988 0.278016 -0.389434 -0.820957 -0.417578 -0.0431765 0.132097 0.3989 -0.90743 0.959606
0 48 0 1 0 0 0 0 1 0 0 0 0 1 0
0 49 18 -0.789687 0.3343 -0.51443 0.261 0.276346 0.942444 0.188233 0.0840884 0.547748 0.00648432 -0.836618 0.961669
0 50 13 -0.573839 0.814028 0.0898204 -0.244487 -0.68628 -0.418117 -0.595145 0.333224 -0.446909 -0.40316 0.798583 -0.910598
0 51 0 1 0 0 0 0 1 0 0 0 0 1 0
0 52 10 0.886409 0.0945764 0.453139 -0.113161 -0.308481 0.850551 0.425913 -0.402904 -0.345136 -0.517318 0.783111 -0.90822
0 53 0 1 0 0 0 0 1 0 0 0 0 1 0
0 54 33 -0.886016 0.453289 0.0974921 0.135908 0.308303 0.733027 -0.606318 0.334763 -0.346301 -0.50715 -0.789224 0.93245
0 55 0 1 0 0 0 0 1 0 0 0 0 1 0
0 56 15 0.26546 -0.9624 -0.0575875 0.140235 0.963332 0.262352 0.056237 0.342232 -0.0390143 -0.0704046 0.996755 -0.929092
0 57 13 -0.443405 -0.801332 0.40157 -0.26399 -0.886827 0.457251 -0.0667716 -0.240591 -0.130112 -0.38573 -0.913391 0.934037
0 58 20 -0.710326 -0.597913 -0.371398 0.168657 -0.451911 0.791937 -0.410624 0.211073 0.539641 -0.123838 -0.832737 0.96281
0 59 0 1 0 0 0 0 1 0 0 0 0 1 0
0 60 0 1 0 0 0 0 1 0 0 0 0 1 0
0 61 0 1 0 0 0 0 1 0 0 0 0 1 0
0 62 0 1 0 0 0 0 1 0 0 0 0 1 0
0 63 18 -0.692552 0.354015 -0.628527 0.430466 -0.0519448 0.844562 0.532932 -0.229759 0.719496 0.401732 -0.566514 0.872875
0 64 0 1 0 0 0 0 1 0 0 0 0 1 0
0 65 21 0.773752 -0.468281 0.426638 -0.231811 -0.586796 -0.783576 0.204156 -0.26777 0.238701 -0.408315 -0.881079 0.935181
0 66 26 -0.888309 0.436342 -0.14322 0.1427 0.452649 0.779216 -0.43351 0.284815 -0.077559 -0.44992 -0.889695 0.947901
0 67 12 -0.73383 -0.371437 -0.568795 0.102933 -0.580043 0.778424 0.240012 -0.360641 0.353615 0.506054 -0.78668 0.927007
1 2 99 0.996759 0.0382252 -0.0707865 0.914772 -0.039833 0.998976 -0.0214426 0.0830743 0.0698944 0.0241928 0.997261 -0.395335
1 3 104 0.989948 0.0477706 -0.133118 0.939401 -0.0460695 0.998813 0.0158317 0.109501 0.133716 -0.00953986 0.990974 -0.324862
1 4 45 0.987354 0.126318 -0.0957893 0.457311 -0.124821 0.991947 0.0214883 -0.0811855 0.0977323 -0.00926009 0.99517 0.885594
1 5 50 0.956246 0.107683 -0.272024 0.987458 -0.105991 0.994146 0.0209512 0.0372156 0.272688 0.00879761 0.962062 -0.153431
1 6 28 0.241212 0.951561 -0.190652 0.360169 0.869882 -0.1249 0.477185 -0.284678 0.430258 -0.280948 -0.857873 0.88839
1 7 38 -0.521299 -0.807759 0.275268 -0.172214 -0.842717 0.538091 -0.0169272 -0.231663 -0.134446 -0.240797 -0.961219 0.957431
1 8 15 -0.758814 0.602308 0.247844 -0.45448 -0.61553 -0.538796 -0.57517 0.289425 -0.212892 -0.589003 0.779585 -0.842426
1 9 35 0.879449 -0.218013 0.423131 -0.460862 0.191105 0.975872 0.105608 -0.296303 -0.435945 -0.0120143 0.899893 0.836547
1 10 44 0.852201 0.289231 0.436003 -0.200115 0.177806 -0.943815 0.278563 -0.0520891 0.492075 -0.159869 -0.855748 0.978387
1 11 26 -0.457526 0.870087 0.183354 -0.178296 -0.878636 -0.410692 -0.243579 -0.269502 -0.136633 -0.272545 0.952392 -0.94635
1 12 21 -0.982981 0.176669 -0.050365 -0.321181 -0.154585 -0.943585 -0.292831 0.176186 -0.099258 -0.280062 0.954837 -0.930484
1 13 15 0.725023 -0.686068 0.0604313 -0.172629 0.667959 0.721834 0.181071 -0.29157 -0.167848 -0.0909148 0.981612 -0.940843
1 14 40 0.142462 0.988439 0.0518845 -0.405038 -0.988225 0.144997 -0.0488675 0.842924 -0.0558256 -0.0443117 0.997457 0.354152
1 15 51 0.2975 0.197985 -0.933968 0.849759 -0.191508 0.970754 0.144781 -0.112131 0.935317 0.13579 0.326715 0.515108
1 16 39 -0.720037 0.490062 -0.49131 0.319965 0.120884 0.78576 0.606603 -0.343134 0.683325 0.377386 -0.625018 0.883109
1 17 19 -0.963596 0.188422 0.189682 -0.109722 -0.112257 -0.929025 0.352578 -0.113286 0.242653 0.31845 0.916356 0.987485
1 18 13 0.940271 -0.195924 0.278397 0.137671 0.215638 0.975581 -0.0417339 0.225963 -0.263422 0.0992743 0.959559 -0.964359
1 19 41 0.944833 -0.104703 -0.310367 -0.0474298 -0.0470286 0.894355 -0.444879 -0.0402419 0.324158 0.434932 0.840092 0.998064
1 20 22 -0.65775 0.636041 -0.403504 0.553409 -0.501604 -0.769502 -0.395298 -0.097425 -0.561923 -0.0576082 0.825181 0.827192
1 21 43 -0.728438 -0.385261 0.566527 -0.482791 -0.552836 0.818952 -0.153915 -0.0905152 -0.404661 -0.425314 -0.809542 0.871046
1 22 20 0.522282 0.777355 0.350629 -0.402374 -0.709227 0.624258 -0.327565 -0.0782477 -0.473517 -0.0775942 0.87736 0.912125
1 23 29 -0.544736 -0.681894 0.488142 -0.0888243 -0.643952 0.713005 0.277399 -0.371596 -0.537205 -0.163231 -0.827506 0.924136
1 24 14 -0.759152 0.518363 -0.393686 -0.0266213 -0.433858 -0.853838 -0.287624 -0.212188 -0.485238 -0.0475469 0.873089 0.976866
1 25 28 -0.331544 0.834746 -0.439633 -0.390525 -0.735085 -0.52066 -0.434239 -0.294005 -0.591379 0.179199 0.786231 0.872383
1 26 0 1 0 0 0 0 1 0 0 0 0 1 0
1 27 12 0.26926 -0.878373 -0.394917 -0.376551 0.962664 0.233618 0.136748 -0.317684 -0.027856 -0.416993 0.908483 0.870222
1 28 20 -0.242078 -0.912001 -0.331139 -0.155234 0.963753 -0.265469 0.026588 -0.257946 -0.112155 -0.3127 0.943207 0.953607
1 29 20 0.927611 -0.283476 0.243268 -0.337754 0.29102 0.956703 0.00513533 -0.249923 -0.234191 0.0660325 0.969945 0.907447
1 30 21 0.801287 -0.511996 -0.309514 0.484103 -0.595553 -0.731941 -0.331028 0.0227605 -0.0570607 0.449581 -0.891415 0.874715
1 31 18 -0.345912 -0.914244 -0.210958 -0.092482 -0.903318 0.385293 -0.188588 -0.0966436 0.253696 0.125327 -0.959131 0.991013
1 32 28 0.983229 0.0702162 -0.168316 0.44049 -0.0352676 0.978696 0.202264 -0.0080765 0.178932 -0.192936 0.964759 0.897721
1 33 79 -0.533605 0.837933 0.114603 -0.312671 0.094354 -0.0756791 0.992658 -0.332654 0.840454 0.540501 -0.0386796 0.889707
1 34 44 0.720985 0.139433 0.678777 -0.362623 -0.0717496 0.989303 -0.127009 -0.224533 -0.689226 0.0428693 0.723277 0.904483
1 35 44 -0.12169 0.938732 0.322448 -0.446686 0.767798 -0.116851 0.629946 -0.276987 0.629029 0.324233 -0.706537 0.850735
1 36 24 0.572216 0.21084 0.792538 -0.114118 0.216886 -0.970886 0.101693 -0.213487 0.790904 0.1137 -0.601284 0.970258
1 37 52 0.657904 0.0565355 -0.750976 0.556834 0.585276 -0.665917 0.462608 -0.303912 -0.473934 -0.743881 -0.471198 0.773028
1 38 17 0.629807 0.756762 0.175085 0.405543 -0.638485 0.632742 -0.438149 -0.208265 -0.442358 0.16416 0.881686 0.890034
1 39 51 -0.185136 -0.929288 0.319607 -0.20466 -0.919781 0.0493451 -0.389317 -0.107925 0.346017 -0.366045 -0.863877 0.972865
1 40 21 0.155474 0.985279 0.0710897 -0.174901 -0.982345 0.146628 0.116186 -0.237487 0.104052 -0.0878985 0.99068 0.955515
1 41 41 0.705063 -0.428871 0.564762 -0.423949 -0.41022 -0.896286 -0.168496 -0.0801495 0.578451 -0.112877 -0.807869 0.902133
1 42 0 1 0 0 0 0 1 0 0 0 0 1 0
1 43 21 0.00816724 -0.956507 0.291594 -0.313843 -0.991478 -0.0456618 -0.122013 -0.284854 0.130021 -0.288113 -0.948729 0.905738
1 44 16 0.992093 0.0498838 -0.115162 0.401621 -0.0725116 0.976788 -0.201564 0.299108 0.102434 0.208321 0.972682 -0.865584
1 45 20 -0.577177 -0.753263 -0.315376 -0.172073 0.789602 -0.6133 0.0197743 -0.358041 -0.208316 -0.237609 0.948761 0.917713
1 46 0 1 0 0 0 0 1 0 0 0 0 1 0
1 47 28 -0.761492 0.253189 -0.596679 0.324772 -0.0973983 0.865404 0.491518 -0.346749 0.640815 0.432403 -0.634337 0.879937
1 48 39 -0.536262 0.574243 -0.618601 0.440501 0.829411 0.494423 -0.260044 -0.0142728 0.156522 -0.652527 -0.741424 0.897639
1 49 27 -0.650666 0.395964 -0.647956 0.435368 -0.0859112 0.809424 0.580906 -0.27717 0.754489 0.433642 -0.492646 0.856523
1 50 26 -0.20664 -0.952957 0.221751 -0.250776 -0.961988 0.239242 0.13169 -0.289526 -0.178547 -0.186109 -0.96617 0.923735
1 51 26 -0.734153 0.214446 -0.64423 0.373651 -0.233914 0.810851 0.536474 -0.30218 0.63742 0.544549 -0.545127 0.876968
1 52 14 -0.489981 -0.869149 0.0670714 -0.239393 0.844387 -0.454084 0.284284 -0.247486 -0.216629 0.195928 0.956391 -0.938851
1 53 17 0.571588 -0.807791 -0.144086 0.327679 -0.708889 -0.574573 0.409076 -0.115986 -0.413235 -0.131682 -0.901053 0.937643
1 54 43 -0.335881 -0.17557 -0.925397 0.512971 -0.0186219 0.98352 -0.179838 0.140321 0.94172 -0.0431716 -0.333615 0.84686
1 55 31 -0.922596 0.0612339 -0.380877 0.176182 0.229667 0.880466 -0.414767 0.238043 0.309952 -0.470137 -0.826378 0.955141
1 56 28 -0.291241 0.94218 0.165758 0.221408 0.84813 0.334454 -0.410873 0.265613 -0.442555 0.0209205 -0.896497 0.938311
1 57 12 0.346148 -0.793885 0.499928 -0.466167 0.904734 0.42348 0.0460512 0.280454 -0.248269 0.436361 0.864842 -0.839067
1 58 20 -0.51644 0.796787 0.313719 -0.396105 -0.765636 -0.265563 -0.585899 0.308441 -0.383525 -0.542777 0.747196 -0.86485
1 59 54 -0.736982 -0.35777 0.573462 -0.467166 0.0725236 0.801672 0.593348 -0.319351 -0.67201 0.478876 -0.564871 0.824482
1 60 23 -0.576377 -0.237473 -0.781918 0.328189 -0.340615 0.939578 -0.0342773 -0.148035 0.742813 0.246577 -0.622438 0.93294
1 61 18 -0.674217 0.509127 -0.534996 0.449594 0.185005 0.817738 0.545049 -0.219437 0.714986 0.268505 -0.645524 0.86586
1 62 20 0.787868 -0.39272 0.474378 -0.160554 -0.396104 -0.912967 -0.0979452 -0.0786466 0.471557 -0.110735 -0.874855 0.983889
1 63 23 0.924488 0.154468 -0.348513 0.442459 0.310213 -0.836191 0.452274 -0.185473 -0.221562 -0.526235 -0.820967 0.877399
1 64 17 -0.571758 -0.342348 0.745581 0.326798 0.653925 -0.738977 0.162154 -0.22574 0.495454 0.580267 0.646386 0.917739
1 65 24 0.534291 0.408525 0.740027 -0.234349 0.190911 -0.911159 0.365161 -0.194256 0.82346 -0.0538226 -0.564816 0.952547
1 66 12 0.580608 -0.813735 -0.0270224 -0.177338 0.813869 0.579143 0.0470094 -0.268741 -0.0226033 -0.0492867 0.998529 0.946747
1 67 19 0.19607 -0.891797 0.407742 -0.160347 -0.973549 -0.226774 -0.0278414 -0.282659 0.117294 -0.391498 -0.912673 0.945723
2 3 57 0.997207 0.0147469 -0.0732189 0.953054 -0.0120209 0.999223 0.0375333 0.129606 0.0737155 -0.0365483 0.996609 -0.273661
2 4 22 0.998276 0.0157578 0.0565438 -0.462402 -0.0186414 0.998533 0.050837 0.0873424 -0.0556597 -0.0518034 0.997105 -0.882358
2 5 33 0.980598 0.0729694 -0.18194 0.987164 -0.0679316 0.997118 0.0337774 0.0662444 0.183881 -0.0207625 0.982729 -0.145321
2 6 23 0.973072 0.13082 -0.189784 0.979296 -0.122461 0.990938 0.055177 0.0957158 0.195282 -0.0304501 0.980274 -0.178374
2 7 11 0.406645 0.809443 0.423605 -0.178627 -0.867155 0.487917 -0.0998964 -0.145302 -0.287544 -0.326708 0.900322 -0.973129
2 8 20 0.267866 -0.723874 -0.63581 0.404005 0.222474 -0.595619 0.771844 -0.194469 -0.937418 -0.348202 0.0014969 0.893846
2 9 22 -0.399178 -0.223282 0.889271 -0.460862 0.454098 0.794442 0.403308 -0.296303 -0.796525 0.564808 -0.215732 0.836547
2 10 0 1 0 0 0 0 1 0 0 0 0 1 0
2 11 10 0.114321 -0.987042 0.1126 0.311813 0.991861 0.119799 0.0431245 -0.203435 -0.056055 0.106754 0.992704 0.928109
2 12 17 -0.546446 -0.820455 -0.168078 -0.237708 -0.821534 0.56412 -0.0827629 -0.161295 0.162719 0.0928564 -0.982293 0.957851
2 13 23 0.474292 0.824264 0.30925 0.125597 0.87981 -0.431292 -0.199802 0.297746 -0.0313124 0.366846 -0.929755 0.946347
2 14 24 0.267667 0.956352 -0.117236 0.41791 -0.933103 0.287621 0.215853 -0.188595 0.240152 0.0516164 0.969362 0.888698
2 15 16 0.797538 0.60282 -0.0232499 0.0872628 -0.600182 0.796761 0.0703824 -0.354102 0.0609526 -0.0421785 0.997249 -0.931127
2 16 24 0.404339 0.537292 0.740153 -0.377269 0.766471 -0.640607 0.0463135 -0.108761 0.499031 0.54858 -0.670841 0.919695
2 17 14 0.996716 -0.0808151 -0.00513282 0.258365 -0.0763572 -0.916847 -0.391869 0.110371 0.0269629 0.390974 -0.920007 0.959722
2 18 13 -0.990277 -0.13909 -0.00254362 0.0901952 -0.121398 0.855096 0.504057 -0.251938 -0.0679342 0.499465 -0.863667 0.963531
2 19 21 0.777238 0.0433451 0.627712 -0.293524 -0.00695681 0.998155 -0.0603112 -0.136882 -0.629168 0.0425093 0.776106 0.946101
2 20 0 1 0 0 0 0 1 0 0 0 0 1 0
2 21 25 -0.415819 -0.595658 -0.687231 0.180071 -0.4081 0.797516 -0.444322 0.0573641 0.812742 0.0957013 -0.57471 0.98198
2 22 15 -0.861713 -0.399024 -0.313417 -0.264148 -0.347749 0.914254 -0.20787 -0.062819 0.369488 -0.0701336 -0.926585 0.962434
2 23 17 0.783003 0.620891 -0.0374267 -0.383179 0.567172 -0.687965 0.452792 -0.320285 0.255386 -0.375765 -0.89083 0.866367
2 24 18 -0.495322 0.867094 -0.0529502 -0.424962 -0.845192 -0.495104 -0.201303 -0.307806 -0.200765 -0.0549569 0.978097 0.851271
2 25 16 0.788278 0.463153 0.405101 -0.390525 0.203441 -0.817508 0.538788 -0.294005 0.580715 -0.3423 -0.738648 0.872383
2 26 15 0.14715 -0.935924 -0.319989 -0.122857 0.628001 -0.161536 0.761263 -0.125049 -0.764174 -0.312973 0.563991 0.984515
2 27 0 1 0 0 0 0 1 0 0 0 0 1 0
2 28 0 1 0 0 0 0 1 0 0 0 0 1 0
2 29 16 0.75723 -0.324301 0.56695 -0.340016 -0.323461 -0.940303 -0.105842 -0.241637 0.567429 -0.103239 -0.816924 0.908846
2 30 0 1 0 0 0 0 1 0 0 0 0 1 0
2 31 0 1 0 0 0 0 1 0 0 0 0 1 0
2 32 14 0.227632 0.8369 0.497777 0.383642 0.810378 -0.446245 0.379676 -0.0133288 0.539881 0.316961 -0.779785 0.923386
2 33 28 0.419742 -0.792325 -0.442762 0.448155 -0.265174 -0.573581 0.77504 -0.254001 -0.868044 -0.207908 -0.45086 0.857112
2 34 16 0.991727 0.0189983 0.126951 0.598993 0.0247061 0.942246 -0.33401 0.288791 -0.125964 0.334383 0.933981 -0.746865
2 35 0 1 0 0 0 0 1 0 0 0 0 1 0
2 36 16 0.594512 0.792321 -0.137048 0.353756 0.779928 -0.526748 0.338008 -0.0146948 0.195621 -0.307838 -0.931111 0.935222
2 37 0 1 0 0 0 0 1 0 0 0 0 1 0
2 38 17 0.655166 -0.749486 0.0950144 -0.147262 -0.730978 -0.597107 0.330356 -0.0868885 -0.190863 -0.285891 -0.939062 0.985274
2 39 22 0.879225 -0.473628 -0.0513732 -0.212062 0.466824 0.835 0.29129 -0.125439 -0.0950666 -0.280092 0.955254 0.969172
2 40 0 1 0 0 0 0 1 0 0 0 0 1 0
2 41 21 0.773794 -0.36134 0.520266 -0.423949 -0.560798 -0.772688 0.297422 -0.0801495 0.294533 -0.521907 -0.80054 0.902133
2 42 11 0.750504 0.642499 0.154722 0.25572 -0.580583 0.752849 -0.310069 0.308189 -0.315701 0.142879 0.93804 -0.916311
2 43 13 -0.338529 0.73125 -0.592175 0.340407 0.839676 0.518794 0.160616 -0.136883 0.424667 -0.442862 -0.78964 0.930261
2 44 16 -0.628498 -0.664437 0.404368 -0.402246 0.507103 -0.74423 -0.434704 -0.300259 0.589776 -0.0681546 0.804685 0.864894
2 45 20 0.526911 -0.435628 0.72979 -0.429156 -0.546818 -0.831101 -0.101298 -0.24094 0.650657 -0.345688 -0.676125 0.870502
2 46 16 0.177881 0.777165 0.603634 -0.360445 0.424779 -0.613964 0.66529 -0.325539 0.887649 0.138068 -0.439336 0.87413
2 47 0 1 0 0 0 0 1 0 0 0 0 1 0
2 48 23 -0.481767 0.61097 -0.628184 0.444328 0.863823 0.45165 -0.223209 -0.0278357 0.147345 -0.650175 -0.74536 0.895431
2 49 0 1 0 0 0 0 1 0 0 0 0 1 0
2 50 0 1 0 0 0 0 1 0 0 0 0 1 0
2 51 0 1 0 0 0 0 1 0 0 0 0 1 0
2 52 0 1 0 0 0 0 1 0 0 0 0 1 0
2 53 0 1 0 0 0 0 1 0 0 0 0 1 0
2 54 0 1 0 0 0 0 1 0 0 0 0 1 0
2 55 18 0.846603 0.469827 0.250051 -0.439578 -0.481076 0.876492 -0.0180731 -0.223936 -0.227659 -0.104993 0.968064 -0.869841
2 56 0 1 0 0 0 0 1 0 0 0 0 1 0
2 57 13 -0.305004 0.23194 -0.923676 0.313127 -0.1512 0.945795 0.287421 -0.1768 0.940272 0.227324 -0.253402 0.93311
2 58 0 1 0 0 0 0 1 0 0 0 0 1 0
2 59 0 1 0 0 0 0 1 0 0 0 0 1 0
2 60 0 1 0 0 0 0 1 0 0 0 0 1 0
2 61 0 1 0 0 0 0 1 0 0 0 0 1 0
2 62 0 1 0 0 0 0 1 0 0 0 0 1 0
2 63 0 1 0 0 0 0 1 0 0 0 0 1 0
2 64 0 1 0 0 0 0 1 0 0 0 0 1 0
2 65 0 1 0 0 0 0 1 0 0 0 0 1 0
2 66 0 1 0 0 0 0 1 0 0 0 0 1 0
2 67 0 1 0 0 0 0 1 0 0 0 0 1 0
3 4 65 0.996581 0.0489125 -0.0665827 0.997474 -0.0485754 0.998797 0.00667273 0.0428174 0.066829 -0.00341563 0.997759 -0.0566776
3 5 43 0.98948 0.0578302 -0.132605 0.991839 -0.0585909 0.99828 -0.00183887 0.025514 0.132271 0.00958897 0.991167 -0.124914
3 6 42 0.982824 0.0938126 -0.158922 0.986875 -0.0914255 0.995563 0.0222823 0.0526439 0.160307 -0.00737005 0.98704 -0.152663
3 7 0 1 0 0 0 0 1 0 0 0 0 1 0
3 8 0 1 0 0 0 0 1 0 0 0 0 1 0
3 9 17 0.797105 -0.264422 0.542868 -0.460862 0.18812 0.963026 0.192853 -0.296303 -0.57379 -0.0515992 0.817375 0.836547
3 10 0 1 0 0 0 0 1 0 0 0 0 1 0
3 11 11 -0.637459 -0.469533 0.610889 0.310224 0.237719 -0.874037 -0.423732 -0.202782 0.732895 -0.124892 0.66878 0.928784
3 12 18 -0.825926 0.408024 0.389054 -0.240846 -0.549769 -0.73578 -0.395452 -0.158124 0.124904 -0.540504 0.832018 0.957596
3 13 20 0.859802 0.506707 0.0631532 -0.976754 -0.506306 0.862037 -0.0234002 0.163214 -0.0662974 -0.0118553 0.997729 -0.138968
3 14 17 0.242178 0.900499 0.361181 -0.153819 -0.949175 0.297029 -0.104116 -0.276513 -0.201038 -0.31761 0.926665 -0.94862
3 15 19 -0.0297673 0.996695 -0.0755807 0.0919107 -0.995291 -0.0365335 -0.0897802 0.353304 -0.0922447 0.0725523 0.99309 0.930983
3 16 20 -0.778855 0.380797 -0.498375 0.286 0.0932677 0.856082 0.508355 -0.345819 0.62023 0.349453 -0.70228 0.893652
3 17 16 0.745024 0.277679 -0.606493 0.720458 -0.272537 0.956596 0.103183 -0.170938 0.608821 0.0884182 0.788365 0.672101
3 18 0 1 0 0 0 0 1 0 0 0 0 1 0
3 19 38 -0.369521 -0.206089 0.90608 -0.46931 -0.434502 0.900249 0.0275621 -0.209531 -0.821378 -0.383509 -0.422207 0.857814
3 20 13 0.116533 0.989748 0.0825719 -0.329001 0.99226 -0.119612 0.0333558 -0.0908612 0.0428904 0.0780458 -0.996027 0.939948
3 21 25 0.626051 -0.51831 0.582593 -0.408812 -0.775603 -0.336646 0.533956 -0.305035 -0.0806271 -0.786145 -0.612761 0.860132
3 22 10 0.0916263 -0.978744 -0.183481 -0.359252 0.993303 0.0768084 0.0863136 -0.339489 -0.070386 -0.190161 0.979227 0.869302
3 23 14 0.414462 0.902624 -0.116153 -0.383179 -0.799517 0.30017 -0.52026 -0.320285 -0.434733 0.308494 0.846072 0.866367
3 24 13 -0.850787 -0.305535 -0.427562 -0.424962 0.330159 -0.943764 0.0174432 -0.307806 -0.408847 -0.126323 0.903818 0.851271
3 25 10 -0.351965 0.928493 -0.118415 -0.349571 -0.935098 -0.354389 0.000620236 -0.00502797 -0.0413893 0.110948 0.992964 -0.936896
3 26 12 0.877774 -0.0296373 0.478157 -0.14322 -0.0332607 -0.999446 -0.000889879 -0.0922443 0.477919 -0.0151227 -0.878274 0.985383
3 27 0 1 0 0 0 0 1 0 0 0 0 1 0
3 28 0 1 0 0 0 0 1 0 0 0 0 1 0
3 29 20 0.673499 0.256109 -0.693403 0.462133 0.376482 -0.926123 0.0236104 -0.21029 -0.636129 -0.276955 -0.720163 0.861517
3 30 0 1 0 0 0 0 1 0 0 0 0 1 0
3 31 15 -0.103904 -0.131082 -0.985912 0.160106 -0.392503 0.916225 -0.080451 -0.150122 0.913863 0.378614 -0.146649 0.975617
3 32 14 0.955662 0.0702075 0.285975 -0.383797 0.048199 0.920768 -0.387121 0.0132395 -0.290495 0.383741 0.876559 -0.923322
3 33 35 0.0274515 -0.508982 0.860339 -0.482232 -0.719503 0.587419 0.370478 -0.199765 -0.693946 -0.629187 -0.350089 0.852963
3 34 17 -0.0371471 0.196482 0.979804 -0.361302 0.86966 -0.47662 0.128549 -0.224836 0.492252 0.856871 -0.153167 0.904936
3 35 24 -0.614901 -0.754589 0.229113 -0.348144 -0.72932 0.43363 -0.529204 0.0761107 0.299981 -0.492505 -0.816976 0.934346
3 36 16 0.919728 -0.369873 -0.131505 -0.163445 -0.341841 -0.919323 0.194911 -0.204925 -0.192988 -0.134312 -0.971965 0.965035
3 37 0 1 0 0 0 0 1 0 0 0 0 1 0
3 38 0 1 0 0 0 0 1 0 0 0 0 1 0
3 39 0 1 0 0 0 0 1 0 0 0 0 1 0
3 40 11 0.538321 0.823496 -0.179068 -0.23678 -0.770341 0.394674 -0.500806 -0.218616 -0.341738 0.407538 0.846834 0.946648
3 41 18 0.155643 -0.677464 0.7189 -0.423949 -0.711801 -0.58153 -0.393906 -0.0801495 0.684919 -0.450405 -0.572731 0.902133
3 42 16 -0.98718 -0.156852 -0.0295592 -0.334872 -0.156489 0.914654 0.372718 -0.239677 -0.0314252 0.372565 -0.927474 0.911272
3 43 13 0.770018 -0.537081 0.344409 0.223518 -0.55441 -0.830397 -0.0554122 -0.0642199 0.315757 -0.148275 -0.937183 0.972582
3 44 15 -0.887877 0.090183 -0.451156 0.119869 -0.109091 -0.993903 0.0160163 -0.273678 -0.44696 0.0634373 0.892302 -0.954323
3 45 11 -0.422886 0.897213 -0.127185 0.0605443 -0.905682 -0.413804 0.0922295 -0.351261 0.0301198 0.154192 0.987582 -0.934318
3 46 13 0.438042 -0.578787 -0.687841 0.353739 -0.440253 -0.805238 0.397202 -0.317085 -0.783771 0.128833 -0.60754 0.879958
3 47 15 0.90608 -0.320365 -0.276379 0.411089 -0.417053 -0.786346 -0.455771 0.12224 -0.071316 0.52823 -0.846101 0.903362
3 48 13 -0.538891 -0.818791 0.197933 -0.534835 0.767907 -0.57409 -0.284148 0.636211 0.346289 -0.00113115 0.938127 -0.556046
3 49 0 1 0 0 0 0 1 0 0 0 0 1 0
3 50 0 1 0 0 0 0 1 0 0 0 0 1 0
3 51 26 -0.246636 0.174493 -0.95327 0.434344 0.159824 0.977511 0.137579 0.0363849 0.955838 -0.118424 -0.268977 0.900012
3 52 30 -0.102941 -0.0571185 -0.993046 0.611893 0.0940495 0.993318 -0.0668836 0.0662602 0.990231 -0.100281 -0.0968817 0.788161
3 53 0 1 0 0 0 0 1 0 0 0 0 1 0
3 54 21 0.120848 -0.989864 -0.0745964 0.399379 -0.214074 -0.0993668 0.97175 -0.62694 -0.969313 -0.101465 -0.223912 0.668911
3 55 26 -0.808549 -0.0327644 -0.587516 0.378206 0.231721 0.900042 -0.369092 0.151998 0.540882 -0.434569 -0.720136 0.913158
3 56 19 -0.972826 0.228801 0.0354928 0.0157213 0.13808 0.69635 -0.704294 0.34748 -0.185858 -0.680255 -0.709021 0.937556
3 57 17 0.648063 -0.571611 0.503265 -0.198202 -0.60926 -0.785616 -0.107751 -0.208468 0.456964 -0.236789 -0.857388 0.957736
3 58 0 1 0 0 0 0 1 0 0 0 0 1 0
3 59 0 1 0 0 0 0 1 0 0 0 0 1 0
3 60 0 1 0 0 0 0 1 0 0 0 0 1 0
3 61 0 1 0 0 0 0 1 0 0 0 0 1 0
3 62 13 0.682143 -0.438828 0.584903 -0.300984 -0.488196 -0.868827 -0.0824852 -0.148735 0.544376 -0.229281 -0.806898 0.941959
3 63 0 1 0 0 0 0 1 0 0 0 0 1 0
3 64 0 1 0 0 0 0 1 0 0 0 0 1 0
3 65 0 1 0 0 0 0 1 0 0 0 0 1 0
3 66 0 1 0 0 0 0 1 0 0 0 0 1 0
3 67 0 1 0 0 0 0 1 0 0 0 0 1 0
4 5 18 0.999596 0.00458733 -0.0280536 -0.273232 -0.00481881 0.999955 -0.00818928 -0.0902639 0.0280148 0.00832115 0.999573 -0.957704
4 6 59 0.968439 0.0706722 -0.239022 0.996664 -0.0730889 0.997325 -0.00125092 0.0815726 0.238294 0.0186813 0.971013 0.00241529
4 7 32 0.993943 0.0315508 -0.105266 0.353097 -0.0320463 0.999482 -0.0030192 -0.231264 0.105116 0.0063743 0.99444 0.906554
4 8 34 -0.411573 0.390944 -0.823268 0.428837 -0.0471492 0.89298 0.447619 -0.303347 0.910156 0.223044 -0.349094 0.850929
4 9 18 0.978216 -0.207197 -0.0127668 0.460862 0.207561 0.977258 0.0434256 0.296303 0.00347879 -0.0451295 0.998975 -0.836547
4 10 13 0.573809 0.8061 0.144728 0.317175 0.691552 -0.571567 0.441663 -0.222376 0.438747 -0.153343 -0.885431 0.921927
4 11 14 -0.342576 -0.792666 -0.504303 0.311813 -0.789655 -0.047883 0.61168 -0.203435 -0.509006 0.607772 -0.609529 0.928109
4 12 17 -0.519323 0.844334 0.131925 -0.322007 -0.700766 -0.332393 -0.631223 0.174812 -0.489112 -0.420257 0.764299 -0.930458
4 13 24 0.772031 -0.349519 0.530852 -0.320259 -0.2649 -0.936166 -0.231132 -0.147453 0.57775 0.0378182 -0.815337 0.935784
4 14 19 0.941072 0.334188 0.0519704 0.368451 0.294698 -0.885668 0.35881 -0.155995 0.165939 -0.322351 -0.931963 0.916466
4 15 14 -0.94456 -0.32645 0.0351559 -0.236651 -0.318027 0.93626 0.149252 -0.070203 -0.0816384 0.129797 -0.988174 0.969055
4 16 27 -0.171191 0.335601 -0.926318 0.699486 -0.0540431 0.935583 0.348946 -0.318119 0.983755 0.109798 -0.142027 0.639937
4 17 11 -0.0267745 -0.839366 -0.542906 -0.25823 0.993462 -0.0826358 0.0787655 -0.316104 -0.110977 -0.537248 0.836091 0.912905
4 18 11 -0.998076 0.00322555 0.0619117 -0.348451 -0.0418504 -0.771825 -0.634457 -0.328673 0.0457385 -0.635827 0.770475 0.877813
4 19 13 -0.277712 0.954996 0.104207 -0.150463 -0.725917 -0.137564 -0.673884 0.283292 -0.629222 -0.262792 0.731451 -0.947157
4 20 0 1 0 0 0 0 1 0 0 0 0 1 0
4 21 0 1 0 0 0 0 1 0 0 0 0 1 0
4 22 11 0.738019 -0.517267 -0.433315 0.524526 0.64614 0.726833 0.232848 0.137625 0.194503 -0.451828 0.870643 -0.840198
4 23 0 1 0 0 0 0 1 0 0 0 0 1 0
4 24 18 -0.63394 -0.300857 0.712464 -0.424962 0.200155 0.82602 0.526904 -0.307806 -0.747033 0.476629 -0.463429 0.851271
4 25 0 1 0 0 0 0 1 0 0 0 0 1 0
4 26 0 1 0 0 0 0 1 0 0 0 0 1 0
4 27 18 -0.00509859 0.958752 0.284198 -0.0297082 0.744745 -0.186018 0.640899 -0.271316 0.667329 0.214923 -0.713077 0.962032
4 28 22 0.565704 0.196657 0.800815 -0.450088 -0.0878691 -0.951241 0.295669 -0.295529 0.819914 -0.237628 -0.52084 0.842664
4 29 0 1 0 0 0 0 1 0 0 0 0 1 0
4 30 24 0.140494 -0.498122 -0.855649 0.438336 -0.855473 0.37399 -0.358186 -0.0548627 0.498425 0.782308 -0.373586 0.897135
4 31 0 1 0 0 0 0 1 0 0 0 0 1 0
4 32 16 -0.233557 -0.749948 -0.618894 0.384965 -0.957786 0.0677148 0.279394 -0.0145751 -0.167622 0.658022 -0.734105 0.922816
4 33 17 -0.245612 0.866745 0.434082 -0.37764 0.837813 -0.0354362 0.544806 -0.133106 0.487591 0.49749 -0.717467 0.916335
4 34 0 1 0 0 0 0 1 0 0 0 0 1 0
4 35 19 0.501545 0.848454 -0.169052 0.348642 0.707563 -0.289851 0.64447 -0.310321 0.497803 -0.442845 -0.745708 0.884392
4 36 20 -0.169912 0.819837 -0.546807 0.36077 0.822037 0.423934 0.380177 0.00357158 0.543493 -0.384899 -0.745968 0.932648
4 37 13 -0.620832 0.348315 -0.702314 0.497244 -0.221107 -0.937301 -0.269404 0.0543908 -0.752117 -0.0119682 0.658921 -0.865904
4 38 16 0.69415 0.289252 0.659158 -0.238584 0.16791 -0.955516 0.242476 -0.29192 0.699973 -0.0576361 -0.71184 0.926208
4 39 0 1 0 0 0 0 1 0 0 0 0 1 0
4 40 0 1 0 0 0 0 1 0 0 0 0 1 0
4 41 22 0.392583 0.563869 0.726589 -0.399589 0.359853 -0.821205 0.442864 -0.335289 0.846395 0.0876041 -0.525301 0.853177
4 42 27 0.308621 0.559996 -0.768867 0.39515 0.829493 0.237139 0.505674 -0.176796 0.465504 -0.793832 -0.391327 0.901443
4 43 0 1 0 0 0 0 1 0 0 0 0 1 0
4 44 16 0.871411 0.461007 0.167677 0.216172 0.467012 -0.884241 0.0040648 0.0445015 0.150141 0.0747654 -0.985834 0.975341
4 45 0 1 0 0 0 0 1 0 0 0 0 1 0
4 46 0 1 0 0 0 0 1 0 0 0 0 1 0
4 47 0 1 0 0 0 0 1 0 0 0 0 1 0
4 48 10 0.320131 -0.934002 0.158607 0.440501 0.93625 0.286328 -0.203599 -0.0142728 0.144749 0.213674 0.966122 0.897639
4 49 0 1 0 0 0 0 1 0 0 0 0 1 0
4 50 20 -0.638651 0.296122 -0.710237 0.404083 -0.196987 0.829319 0.522902 -0.344529 0.743856 0.473859 -0.471313 0.847359
4 51 0 1 0 0 0 0 1 0 0 0 0 1 0
4 52 0 1 0 0 0 0 1 0 0 0 0 1 0
4 53 0 1 0 0 0 0 1 0 0 0 0 1 0
4 54 0 1 0 0 0 0 1 0 0 0 0 1 0
4 55 13 0.2938 0.923725 -0.245793 0.372646 0.949263 -0.312133 -0.0383716 0.20787 -0.112165 -0.222049 -0.968562 0.904392
4 56 0 1 0 0 0 0 1 0 0 0 0 1 0
4 57 16 -0.7725 -0.467102 0.430186 -0.309804 -0.363255 0.880707 0.303976 -0.119935 -0.520855 0.0785546 -0.850023 0.943206
4 58 0 1 0 0 0 0 1 0 0 0 0 1 0
4 59 16 -0.486296 -0.737284 0.468966 -0.289223 -0.829842 0.557758 0.0163705 -0.32418 -0.273639 -0.381207 -0.883065 0.900698
4 60 14 0.266977 0.217758 0.938778 -0.680483 0.225024 -0.961295 0.158986 -0.243893 0.937063 0.168802 -0.305645 0.690984
4 61 0 1 0 0 0 0 1 0 0 0 0 1 0
4 62 0 1 0 0 0 0 1 0 0 0 0 1 0
4 63 10 0.916164 0.121629 -0.381904 0.480814 0.150432 -0.987532 0.0463694 -0.237076 -0.371503 -0.0999327 -0.923038 0.844164
4 64 0 1 0 0 0 0 1 0 0 0 0 1 0
4 65 0 1 0 0 0 0 1 0 0 0 0 1 0
4 66 0 1 0 0 0 0 1 0 0 0 0 1 0
4 67 0 1 0 0 0 0 1 0 0 0 0 1 0
5 6 36 0.999298 0.0345222 -0.0145359 0.915736 -0.0341445 0.999092 0.0254777 0.189949 0.0154022 -0.0249635 0.99957 -0.354043
5 7 70 0.990074 0.0495007 -0.131539 0.964101 -0.0490061 0.998774 0.00699666 0.0989301 0.131724 -0.000481018 0.991286 -0.246417
5 8 27 -0.44015 0.550882 0.709082 -0.403023 0.792224 0.609969 0.0178779 -0.152064 -0.422669 0.569621 -0.704899 0.902468
5 9 21 0.990869 0.0855058 0.104251 -0.904817 -0.0847851 0.996335 -0.0113326 0.0422402 -0.104838 0.00239018 0.994486 -0.423701
5 10 24 -0.866922 0.270631 0.418575 -0.061364 0.475743 0.699803 0.532864 -0.26716 -0.14871 0.661086 -0.735425 0.961696
5 11 17 0.127852 0.816174 -0.563483 0.311813 0.96915 0.0178969 0.245819 -0.203435 0.210716 -0.577529 -0.788708 0.928109
5 12 0 1 0 0 0 0 1 0 0 0 0 1 0
5 13 12 0.900316 -0.430168 0.0662279 -0.201767 0.419585 0.898273 0.130594 -0.266672 -0.115668 -0.089788 0.989221 -0.942431
5 14 0 1 0 0 0 0 1 0 0 0 0 1 0
5 15 0 1 0 0 0 0 1 0 0 0 0 1 0
5 16 25 0.69881 0.209732 -0.68387 0.981343 -0.208474 0.974261 0.0857612 -0.113282 0.684254 0.0826383 0.724546 0.155347
5 17 0 1 0 0 0 0 1 0 0 0 0 1 0
5 18 15 0.805974 0.115257 0.580622 -0.140454 0.0458234 -0.990066 0.132925 -0.211548 0.590175 -0.080528 -0.803249 0.967223
5 19 25 0.159238 -0.764686 -0.624418 0.276961 -0.755997 -0.501215 0.421014 -0.200021 -0.634911 0.405017 -0.657913 0.939832
5 20 14 -0.474325 0.856672 -0.202801 0.0595659 0.632059 0.491741 0.59891 -0.194157 0.612795 0.155896 -0.774712 0.97916
5 21 0 1 0 0 0 0 1 0 0 0 0 1 0
5 22 0 1 0 0 0 0 1 0 0 0 0 1 0
5 23 0 1 0 0 0 0 1 0 0 0 0 1 0
5 24 0 1 0 0 0 0 1 0 0 0 0 1 0
5 25 0 1 0 0 0 0 1 0 0 0 0 1 0
5 26 0 1 0 0 0 0 1 0 0 0 0 1 0
5 27 0 1 0 0 0 0 1 0 0 0 0 1 0
5 28 0 1 0 0 0 0 1 0 0 0 0 1 0
5 29 0 1 0 0 0 0 1 0 0 0 0 1 0
5 30 0 1 0 0 0 0 1 0 0 0 0 1 0
5 31 0 1 0 0 0 0 1 0 0 0 0 1 0
5 32 0 1 0 0 0 0 1 0 0 0 0 1 0
5 33 0 1 0 0 0 0 1 0 0 0 0 1 0
5 34 0 1 0 0 0 0 1 0 0 0 0 1 0
5 35 0 1 0 0 0 0 1 0 0 0 0 1 0
5 36 12 0.786637 -0.234608 0.571105 -0.319083 -0.183923 -0.972041 -0.145977 -0.101072 0.589384 0.00979187 -0.807793 0.942322
5 37 0 1 0 0 0 0 1 0 0 0 0 1 0
5 38 12 0.641996 0.118919 -0.757429 0.431891 0.0165448 -0.989817 -0.141382 -0.116657 -0.766529 0.078235 -0.637426 0.89435
5 39 0 1 0 0 0 0 1 0 0 0 0 1 0
5 40 19 0.608903 -0.791767 0.0483893 -0.238821 -0.767644 -0.603527 -0.21559 -0.0303328 0.199901 0.0941276 -0.975284 0.97059
5 41 0 1 0 0 0 0 1 0 0 0 0 1 0
5 42 24 0.0841014 -0.966051 0.244279 -0.322972 -0.810303 -0.20898 -0.547482 -0.135473 0.579945 -0.151896 -0.80037 0.936662
5 43 0 1 0 0 0 0 1 0 0 0 0 1 0
5 44 13 -0.189708 0.969716 0.153824 0.211495 0.861039 0.239601 -0.448556 0.0917202 -0.471829 0.0473535 -0.880418 0.973066
5 45 11 -0.981809 0.103975 0.158871 0.255993 0.160859 0.900028 0.405061 -0.128427 -0.100872 0.423249 -0.900381 0.95811
5 46 13 0.933987 -0.255359 0.249921 0.288089 -0.255692 -0.966238 -0.0317116 -0.216968 0.249581 -0.0342843 -0.967747 0.9327
5 47 0 1 0 0 0 0 1 0 0 0 0 1 0
5 48 0 1 0 0 0 0 1 0 0 0 0 1 0
5 49 0 1 0 0 0 0 1 0 0 0 0 1 0
5 50 0 1 0 0 0 0 1 0 0 0 0 1 0
5 51 18 -0.711532 -0.41378 -0.567899 0.171566 -0.370656 0.907653 -0.196927 0.163912 0.596939 0.0703754 -0.799194 0.971441
5 52 20 -0.981046 -0.141995 -0.131859 0.299601 -0.177072 0.933306 0.312385 0.00458588 0.0787074 0.329813 -0.94076 0.954053
5 53 0 1 0 0 0 0 1 0 0 0 0 1 0
5 54 11 0.112332 -0.987996 0.106045 -0.191006 0.805891 0.0281509 -0.591394 0.813904 0.58131 0.151893 0.799379 -0.548705
5 55 0 1 0 0 0 0 1 0 0 0 0 1 0
5 56 0 1 0 0 0 0 1 0 0 0 0 1 0
5 57 10 -0.84544 0.458102 0.274541 0.221564 -0.388034 -0.880098 0.273601 -0.32471 0.36696 0.124782 0.921829 -0.919496
5 58 11 -0.676093 -0.214048 -0.705041 0.327293 -0.463648 0.86727 0.18131 -0.161035 0.572651 0.449473 -0.685598 0.9311
5 59 13 0.911723 0.35996 0.197964 0.274466 -0.397008 0.895889 0.199417 -0.301829 -0.105572 -0.260406 0.95971 -0.912999
5 60 0 1 0 0 0 0 1 0 0 0 0 1 0
5 61 0 1 0 0 0 0 1 0 0 0 0 1 0
5 62 0 1 0 0 0 0 1 0 0 0 0 1 0
5 63 12 -0.0642105 -0.852315 -0.519073 0.317085 0.960918 -0.193163 0.198304 0.259254 -0.269283 -0.486053 0.831408 -0.912275
5 64 10 0.170791 -0.953655 0.247734 -0.264163 0.900708 0.25304 0.353124 0.084181 -0.399445 0.162826 0.902181 -0.960797
5 65 11 -0.235587 0.970344 0.0541475 0.00922329 -0.94729 -0.216828 -0.235854 0.251755 -0.217118 -0.106857 0.970279 0.967747
5 66 0 1 0 0 0 0 1 0 0 0 0 1 0
5 67 0 1 0 0 0 0 1 0 0 0 0 1 0
6 7 25 0.999482 0.0210549 -0.0243449 -0.371194 -0.0214609 0.999633 -0.0165362 0.0295054 0.0239878 0.0170501 0.999567 0.928087
6 8 0 1 0 0 0 0 1 0 0 0 0 1 0
6 9 23 0.950643 0.127141 -0.283043 0.992879 -0.149834 0.986893 -0.0599358 0.0536793 0.271713 0.0993871 0.957233 0.106346
6 10 0 1 0 0 0 0 1 0 0 0 0 1 0
6 11 0 1 0 0 0 0 1 0 0 0 0 1 0
6 12 0 1 0 0 0 0 1 0 0 0 0 1 0
6 13 0 1 0 0 0 0 1 0 0 0 0 1 0
6 14 0 1 0 0 0 0 1 0 0 0 0 1 0
6 15 0 1 0 0 0 0 1 0 0 0 0 1 0
6 16 14 0.809863 0.16797 -0.562058 0.530798 -0.175703 0.983598 0.0407773 0.120172 0.559688 0.0657314 0.826092 -0.838935
6 17 0 1 0 0 0 0 1 0 0 0 0 1 0
6 18 0 1 0 0 0 0 1 0 0 0 0 1 0
6 19 0 1 0 0 0 0 1 0 0 0 0 1 0
6 20 0 1 0 0 0 0 1 0 0 0 0 1 0
6 21 0 1 0 0 0 0 1 0 0 0 0 1 0
6 22 0 1 0 0 0 0 1 0 0 0 0 1 0
6 23 0 1 0 0 0 0 1 0 0 0 0 1 0
6 24 0 1 0 0 0 0 1 0 0 0 0 1 0
6 25 0 1 0 0 0 0 1 0 0 0 0 1 0
6 26 0 1 0 0 0 0 1 0 0 0 0 1 0
6 27 0 1 0 0 0 0 1 0 0 0 0 1 0
6 28 0 1 0 0 0 0 1 0 0 0 0 1 0
6 29 0 1 0 0 0 0 1 0 0 0 0 1 0
6 30 0 1 0 0 0 0 1 0 0 0 0 1 0
6 31 0 1 0 0 0 0 1 0 0 0 0 1 0
6 32 0 1 0 0 0 0 1 0 0 0 0 1 0
6 33 0 1 0 0 0 0 1 0 0 0 0 1 0
6 34 0 1 0 0 0 0 1 0 0 0 0 1 0
6 35 0 1 0 0 0 0 1 0 0 0 0 1 0
6 36 0 1 0 0 0 0 1 0 0 0 0 1 0
6 37 0 1 0 0 0 0 1 0 0 0 0 1 0
6 38 0 1 0 0 0 0 1 0 0 0 0 1 0
6 39 0 1 0 0 0 0 1 0 0 0 0 1 0
6 40 0 1 0 0 0 0 1 0 0 0 0 1 0
6 41 0 1 0 0 0 0 1 0 0 0 0 1 0
6 42 0 1 0 0 0 0 1 0 0 0 0 1 0
6 43 0 1 0 0 0 0 1 0 0 0 0 1 0
6 44 0 1 0 0 0 0 1 0 0 0 0 1 0
6 45 0 1 0 0 0 0 1 0 0 0 0 1 0
6 46 0 1 0 0 0 0 1 0 0 0 0 1 0
6 47 0 1 0 0 0 0 1 0 0 0 0 1 0
6 48 0 1 0 0 0 0 1 0 0 0 0 1 0
6 49 0 1 0 0 0 0 1 0 0 0 0 1 0
6 50 0 1 0 0 0 0 1 0 0 0 0 1 0
6 51 0 1 0 0 0 0 1 0 0 0 0 1 0
6 52 0 1 0 0 0 0 1 0 0 0 0 1 0
6 53 0 1 0 0 0 0 1 0 0 0 0 1 0
6 54 0 1 0 0 0 0 1 0 0 0 0 1 0
6 55 0 1 0 0 0 0 1 0 0 0 0 1 0
6 56 0 1 0 0 0 0 1 0 0 0 0 1 0
6 57 0 1 0 0 0 0 1 0 0 0 0 1 0
6 58 0 1 0 0 0 0 1 0 0 0 0 1 0
6 59 0 1 0 0 0 0 1 0 0 0 0 1 0
6 60 0 1 0 0 0 0 1 0 0 0 0 1 0
6 61 0 1 0 0 0 0 1 0 0 0 0 1 0
6 62 0 1 0 0 0 0 1 0 0 0 0 1 0
6 63 0 1 0 0 0 0 1 0 0 0 0 1 0
6 64 0 1 0 0 0 0 1 0 0 0 0 1 0
6 65 0 1 0 0 0 0 1 0 0 0 0 1 0
6 66 0 1 0 0 0 0 1 0 0 0 0 1 0
6 67 0 1 0 0 0 0 1 0 0 0 0 1 0
7 8 21 0.995652 0.0830734 -0.0421402 0.887071 -0.0858907 0.993832 -0.0701543 0.0353466 0.0360523 0.0734687 0.996646 -0.460278
7 9 0 1 0 0 0 0 1 0 0 0 0 1 0
7 10 18 0.998326 -0.0365653 -0.0448092 -0.179606 0.0328126 0.996108 -0.0817998 0.153227 0.0476259 0.0801926 0.995641 0.971732
7 11 0 1 0 0 0 0 1 0 0 0 0 1 0
7 12 0 1 0 0 0 0 1 0 0 0 0 1 0
7 13 11 -0.862058 0.292475 -0.413902 0.189145 0.0870571 0.889997 0.447579 -0.296016 0.499277 0.349806 -0.792691 0.936268
7 14 0 1 0 0 0 0 1 0 0 0 0 1 0
7 15 0 1 0 0 0 0 1 0 0 0 0 1 0
7 16 17 0.995855 -0.0750948 -0.0513211 -0.98417 0.0678831 0.989167 -0.130153 0.175905 0.060539 0.12613 0.990165 -0.0215997
7 17 0 1 0 0 0 0 1 0 0 0 0 1 0
7 18 0 1 0 0 0 0 1 0 0 0 0 1 0
7 19 0 1 0 0 0 0 1 0 0 0 0 1 0
7 20 0 1 0 0 0 0 1 0 0 0 0 1 0
7 21 0 1 0 0 0 0 1 0 0 0 0 1 0
7 22 0 1 0 0 0 0 1 0 0 0 0 1 0
7 23 0 1 0 0 0 0 1 0 0 0 0 1 0
7 24 0 1 0 0 0 0 1 0 0 0 0 1 0
7 25 0 1 0 0 0 0 1 0 0 0 0 1 0
7 26 0 1 0 0 0 0 1 0 0 0 0 1 0
7 27 0 1 0 0 0 0 1 0 0 0 0 1 0
7 28 0 1 0 0 0 0 1 0 0 0 0 1 0
7 29 0 1 0 0 0 0 1 0 0 0 0 1 0
7 30 0 1 0 0 0 0 1 0 0 0 0 1 0
7 31 0 1 0 0 0 0 1 0 0 0 0 1 0
7 32 0 1 0 0 0 0 1 0 0 0 0 1 0
7 33 0 1 0 0 0 0 1 0 0 0 0 1 0
7 34 0 1 0 0 0 0 1 0 0 0 0 1 0
7 35 0 1 0 0 0 0 1 0 0 0 0 1 0
7 36 0 1 0 0 0 0 1 0 0 0 0 1 0
7 37 0 1 0 0 0 0 1 0 0 0 0 1 0
7 38 0 1 0 0 0 0 1 0 0 0 0 1 0
7 39 0 1 0 0 0 0 1 0 0 0 0 1 0
7 40 0 1 0 0 0 0 1 0 0 0 0 1 0
7 41 0 1 0 0 0 0 1 0 0 0 0 1 0
7 42 0 1 0 0 0 0 1 0 0 0 0 1 0
7 43 0 1 0 0 0 0 1 0 0 0 0 1 0
7 44 0 1 0 0 0 0 1 0 0 0 0 1 0
7 45 0 1 0 0 0 0 1 0 0 0 0 1 0
7 46 0 1 0 0 0 0 1 0 0 0 0 1 0
7 47 0 1 0 0 0 0 1 0 0 0 0 1 0
7 48 0 1 0 0 0 0 1 0 0 0 0 1 0
7 49 0 1 0 0 0 0 1 0 0 0 0 1 0
7 50 0 1 0 0 0 0 1 0 0 0 0 1 0
7 51 0 1 0 0 0 0 1 0 0 0 0 1 0
7 52 0 1 0 0 0 0 1 0 0 0 0 1 0
7 53 0 1 0 0 0 0 1 0 0 0 0 1 0
7 54 0 1 0 0 0 0 1 0 0 0 0 1 0
7 55 0 1 0 0 0 0 1 0 0 0 0 1 0
7 56 0 1 0 0 0 0 1 0 0 0 0 1 0
7 57 0 1 0 0 0 0 1 0 0 0 0 1 0
7 58 0 1 0 0 0 0 1 0 0 0 0 1 0
7 59 0 1 0 0 0 0 1 0 0 0 0 1 0
7 60 0 1 0 0 0 0 1 0 0 0 0 1 0
7 61 0 1 0 0 0 0 1 0 0 0 0 1 0
7 62 0 1 0 0 0 0 1 0 0 0 0 1 0
7 63 0 1 0 0 0 0 1 0 0 0 0 1 0
7 64 0 1 0 0 0 0 1 0 0 0 0 1 0
7 65 0 1 0 0 0 0 1 0 0 0 0 1 0
7 66 0 1 0 0 0 0 1 0 0 0 0 1 0
7 67 0 1 0 0 0 0 1 0 0 0 0 1 0
8 9 0 1 0 0 0 0 1 0 0 0 0 1 0
