0 1 2763 0.999635 0.00597636 -0.0263656 0.980105 -0.00642103 0.999838 -0.0168132 -0.0399778 0.0262609 0.0169763 0.999511 -0.194411
0 2 3134 0.994664 0.0412192 -0.0945779 0.912771 -0.0450019 0.998256 -0.0382174 0.0298304 0.0928376 0.0422697 0.994784 -0.407381
0 3 2076 0.981706 0.0534678 -0.18274 0.969659 -0.0547002 0.998501 -0.00170665 0.0579384 0.182375 0.0116713 0.98316 -0.237497
0 4 1036 0.968043 0.108296 -0.226197 0.991843 -0.107407 0.994082 0.0162725 -0.00164719 0.226621 0.00854265 0.973946 -0.127453
0 5 516 0.919775 0.112523 -0.375968 0.999906 -0.118406 0.992937 0.00750216 0.00585355 0.374157 0.0376168 0.926602 0.0123657
0 6 333 0.940874 0.14428 -0.306494 0.987658 -0.140295 0.989487 0.035118 0.00931367 0.308339 0.0099581 0.951224 -0.156347
0 7 251 0.859993 0.131607 -0.493044 0.998774 -0.138539 0.990098 0.0226367 0.0169642 0.491141 0.0488385 0.86971 0.0465135
0 8 133 0.902496 0.376494 -0.209173 0.895926 -0.38105 0.924345 0.019666 -0.221394 0.200752 0.0619571 0.977681 -0.385098
0 9 54 -0.602996 -0.323286 -0.729303 0.434973 -0.087414 0.935478 -0.342404 0.20384 0.792941 -0.142717 -0.592349 0.877068
0 10 163 0.899035 0.396009 0.186852 -0.929875 -0.400143 0.916301 -0.0167 0.0177256 -0.177826 -0.0597535 0.982246 -0.367448
0 11 97 0.542098 0.113837 -0.832569 0.918201 -0.212527 0.977143 -0.00477551 -0.0233894 0.812996 0.179532 0.553901 0.395425
0 12 101 0.0423645 -0.0435137 -0.998154 0.75597 -0.112368 0.992505 -0.0480366 0.0193391 0.992763 0.114195 0.0371574 0.654321
0 13 73 -0.0219749 0.0111008 -0.999697 0.747592 -0.155943 0.987661 0.014395 -0.0295781 0.987522 0.156212 -0.0199726 0.663499
0 14 0 1 0 0 0 0 1 0 0 0 0 1 0
0 15 33 -0.983502 -0.150763 0.0999679 -0.0418818 -0.179668 0.878377 -0.442915 0.236558 -0.0210343 -0.453569 -0.890973 0.970714
0 16 0 1 0 0 0 0 1 0 0 0 0 1 0
0 17 0 1 0 0 0 0 1 0 0 0 0 1 0
0 18 0 1 0 0 0 0 1 0 0 0 0 1 0
0 19 59 0.992467 0.118587 -0.030765 0.395948 -0.121792 0.982213 -0.142914 -0.252547 0.0132701 0.145584 0.989257 0.882862
0 20 39 0.944455 0.0769466 0.319505 -0.421588 -0.0873419 0.99601 0.0183126 0.208833 -0.316821 -0.0452016 0.947408 -0.882413
0 21 42 0.994837 -0.0760331 0.0672159 0.39765 0.08836 0.974724 -0.205198 -0.258668 -0.0499151 0.210077 0.97641 0.880321
0 22 59 0.98891 -0.0682445 0.131908 -0.0538594 0.0900889 0.981752 -0.167469 -0.329282 -0.118072 0.177496 0.977013 0.942694
0 23 46 -0.978682 -0.0352658 -0.20233 0.412935 -0.104458 0.933682 0.342529 -0.219382 0.176832 0.356362 -0.917462 0.883944
0 24 66 -0.843913 -0.472854 0.253417 0.136465 -0.291901 0.801045 0.52261 -0.283024 -0.450117 0.367064 -0.814039 0.949355
0 25 0 1 0 0 0 0 1 0 0 0 0 1 0
0 26 0 1 0 0 0 0 1 0 0 0 0 1 0
0 27 17 0.987345 -0.0664443 -0.143996 -0.0322349 0.0978027 0.969883 0.223074 0.00924248 0.124837 -0.234334 0.964107 0.999438
0 28 27 -0.251443 -0.845085 0.471814 -0.443122 -0.776132 0.467301 0.423379 -0.106366 -0.57827 -0.259734 -0.773397 0.890129
0 29 0 1 0 0 0 0 1 0 0 0 0 1 0
0 30 20 -0.375486 0.827943 -0.416559 0.409192 -0.838575 -0.494895 -0.22775 0.098012 -0.394717 0.263799 0.880119 0.907169
0 31 20 0.850607 -0.154925 -0.50246 0.420068 0.525764 0.262036 0.809265 0.0758073 0.00628733 -0.952542 0.304343 0.904321
0 32 0 1 0 0 0 0 1 0 0 0 0 1 0
0 33 0 1 0 0 0 0 1 0 0 0 0 1 0
0 34 23 0.967544 0.176138 -0.181199 -0.632485 -0.209982 0.959322 -0.188704 -0.411957 0.14059 0.220628 0.965172 0.655938
0 35 12 0.978165 -0.171784 0.116974 -0.104093 0.16266 0.983134 0.0835973 0.291188 -0.129362 -0.062745 0.98961 0.950986
0 36 0 1 0 0 0 0 1 0 0 0 0 1 0
0 37 0 1 0 0 0 0 1 0 0 0 0 1 0
0 38 0 1 0 0 0 0 1 0 0 0 0 1 0
0 39 0 1 0 0 0 0 1 0 0 0 0 1 0
0 40 50 0.985431 0.159964 0.0577672 0.218164 -0.169801 0.944636 0.280769 -0.928673 -0.00965604 -0.286487 0.958035 0.299953
0 41 26 -0.270162 -0.1249 0.954679 -0.321216 -0.211266 0.975075 0.067783 0.0711485 -0.93935 -0.183379 -0.289816 0.94433
0 42 37 0.95071 0.294889 -0.0958684 -0.407968 -0.301166 0.95174 -0.0590746 0.0914136 0.0738213 0.0850351 0.993639 0.908408
0 43 17 -0.102269 0.73598 -0.669235 0.431227 0.982722 0.17908 0.0467659 0.0872698 0.154265 -0.652889 -0.741578 0.898013
0 44 12 0.504973 -0.834917 0.218897 0.426298 0.79131 0.549102 0.268913 0.0153514 -0.344717 0.0374216 0.93796 0.904452
0 45 0 1 0 0 0 0 1 0 0 0 0 1 0
0 46 0 1 0 0 0 0 1 0 0 0 0 1 0
0 47 0 1 0 0 0 0 1 0 0 0 0 1 0
0 48 30 -0.340071 -0.903949 0.259283 -0.26662 0.89833 -0.39381 -0.194722 -0.0526904 0.278127 0.166703 0.945968 -0.96236
0 49 25 -0.296644 -0.952913 -0.0629207 0.28724 0.896699 -0.300598 0.324918 0.01504 -0.328532 0.0399639 0.943647 0.957741
0 50 114 0.961918 0.0242265 -0.272263 0.991936 0.106727 0.883708 0.455707 -0.0142889 0.251641 -0.467411 0.847469 0.125933
0 51 29 -0.0871066 -0.942339 -0.323124 0.236779 -0.994331 0.0623911 0.0860945 0.166741 -0.0609701 0.328792 -0.942432 0.957148
0 52 101 -0.556596 -0.679154 -0.478487 0.238339 -0.653098 0.713669 -0.253256 0.128238 0.513481 0.171538 -0.84078 0.962678
0 53 102 -0.558213 -0.583856 -0.589501 0.321127 -0.480848 0.806668 -0.343616 0.198426 0.676153 0.0916494 -0.731038 0.926015
0 54 50 -0.0718562 0.834865 0.545744 -0.201482 -0.985736 0.0240456 -0.166573 -0.268486 -0.152189 -0.549929 0.821229 -0.941977
0 55 26 0.414804 0.907475 -0.0665267 0.395529 0.814981 -0.338019 0.47069 -0.178438 0.404652 -0.249462 -0.879787 0.900953
0 56 0 1 0 0 0 0 1 0 0 0 0 1 0
0 57 0 1 0 0 0 0 1 0 0 0 0 1 0
0 58 21 -0.564141 0.810127 -0.159496 0.44432 0.825521 0.557184 -0.0897859 0.253974 0.0161309 -0.182319 -0.983107 0.859114
0 59 20 0.654159 0.368055 0.660766 0.437956 -0.715258 0.585083 0.382208 0.250268 -0.245929 -0.722643 0.645992 0.863459
0 60 0 1 0 0 0 0 1 0 0 0 0 1 0
0 61 0 1 0 0 0 0 1 0 0 0 0 1 0
0 62 43 -0.34387 0.926933 -0.150161 -0.089648 0.716465 0.362363 0.596131 -0.251078 0.606986 0.097406 -0.78872 0.963807
0 63 68 0.993991 0.00042236 0.109462 -0.204761 0.0151744 0.989806 -0.141612 -0.159572 -0.108406 0.142423 0.983852 0.965717
0 64 71 0.123881 0.842101 0.5249 -0.335507 0.992206 -0.0979572 -0.0770164 0.0736312 -0.0134378 0.53035 -0.847673 0.939156
0 65 48 0.938943 0.335588 0.0759332 -0.31429 -0.305198 0.914225 -0.266547 -0.103612 -0.15887 0.227098 0.960826 0.943656
0 66 33 0.735538 -0.631845 -0.244448 0.438957 -0.667183 -0.612882 -0.423369 0.207897 0.117686 0.474496 -0.872355 0.874126
0 67 66 -0.814074 -0.0272853 -0.58012 0.0610035 -0.128654 0.98255 0.134326 -0.170801 0.566332 0.183986 -0.803379 0.983415
1 2 4012 0.99652 0.0370058 -0.0746926 0.862085 -0.0384391 0.999102 -0.0178431 0.0269316 0.0739652 0.0206521 0.997047 -0.506048
1 3 2815 0.986782 0.047294 -0.155 0.963762 -0.0455771 0.998854 0.0146142 0.0833821 0.155514 -0.00735654 0.987806 -0.253399
1 4 1429 0.975363 0.0989798 -0.197157 0.972785 -0.09522 0.995049 0.028483 0.0558755 0.199 -0.00900794 0.979958 -0.224872
1 5 766 0.94513 0.103373 -0.30991 0.996409 -0.103617 0.994493 0.0157231 0.0451479 0.309828 0.0172515 0.950636 -0.0716349
1 6 421 0.954714 0.114811 -0.274481 0.987212 -0.0983181 0.992462 0.0731562 -0.0318642 0.280811 -0.0428569 0.958806 -0.156193
1 7 341 0.956652 0.118686 -0.265953 0.972202 -0.102442 0.991968 0.0741905 -0.0655355 0.272622 -0.0437297 0.961127 -0.224786
1 8 192 0.79548 0.20552 -0.570064 0.993923 -0.230963 0.97255 0.0283325 -0.0826687 0.560238 0.109126 0.821112 0.0726846
1 9 49 0.568468 0.0876495 -0.818023 0.904043 -0.161828 0.986796 -0.00672567 0.0511393 0.806632 0.136202 0.575146 0.424371
1 10 195 0.716732 0.204121 -0.666806 0.9521 -0.20517 0.975604 0.0781172 -0.0995297 0.666484 0.0808195 0.741126 0.289135
1 11 123 -0.011047 0.0338232 -0.999367 0.720377 -0.184836 0.982136 0.0352832 -0.0303338 0.982707 0.185109 -0.00459788 0.692919
1 12 146 0.584597 0.266471 -0.766315 0.933865 -0.28411 0.951956 0.114285 -0.143874 0.759952 0.150908 0.632218 0.327408
1 13 95 0.622133 0.177981 -0.762412 0.960244 -0.236677 0.971009 0.0335463 -0.0416798 0.74628 0.159575 0.646221 0.276033
1 14 36 0.179041 0.185161 0.966261 -0.801165 -0.0410227 0.982681 -0.180706 0.142458 -0.982986 -0.00728488 0.183536 0.581241
1 15 111 0.720239 0.274721 -0.637012 0.991549 -0.311469 0.94855 0.0569126 -0.0687604 0.619873 0.157419 0.76875 0.110011
1 16 22 0.673547 0.234889 -0.700829 0.373141 -0.2397 0.966334 0.0935066 0.107937 0.699198 0.105008 0.707174 -0.921475
1 17 32 0.6072 0.384376 -0.695388 0.517915 -0.364302 0.912464 0.186263 0.0360612 0.706111 0.140232 0.694076 -0.854672
1 18 44 0.597478 0.273401 -0.753838 0.434388 -0.284048 0.951286 0.11988 0.203876 0.749891 0.1425 0.646031 -0.877349
1 19 41 -0.656336 -0.173197 0.73432 -0.0774206 0.180181 0.909148 0.375479 -0.313287 -0.732637 0.378751 -0.5655 0.946497
1 20 39 0.956773 0.0848486 0.278185 -0.38325 -0.0990813 0.994373 0.0374827 0.2267 -0.27344 -0.0634253 0.959796 -0.895392
1 21 61 0.993375 -0.0516311 0.102668 0.303484 0.0693377 0.981733 -0.177178 -0.28123 -0.0916443 0.183123 0.978809 0.910388
1 22 56 0.433115 0.311773 -0.845701 0.401613 0.796948 -0.570768 0.19773 -0.236651 -0.421052 -0.75962 -0.495675 0.884706
1 23 46 0.996976 0.0154906 0.0761471 -0.083231 -0.00612466 0.992545 -0.121725 0.253058 -0.077465 0.12089 0.989639 -0.963864
1 24 70 -0.191139 -0.408625 0.892464 -0.209121 0.163249 0.88333 0.439406 -0.356614 -0.967892 0.229681 -0.102131 0.910546
1 25 0 1 0 0 0 0 1 0 0 0 0 1 0
1 26 0 1 0 0 0 0 1 0 0 0 0 1 0
1 27 53 0.687683 0.708618 0.15796 -0.0402502 -0.670173 0.703262 -0.237257 0.0310802 -0.279212 0.0572973 0.958518 0.998706
1 28 0 1 0 0 0 0 1 0 0 0 0 1 0
1 29 0 1 0 0 0 0 1 0 0 0 0 1 0
1 30 0 1 0 0 0 0 1 0 0 0 0 1 0
1 31 0 1 0 0 0 0 1 0 0 0 0 1 0
1 32 53 0.969794 -0.138403 0.200856 -0.474766 0.140108 0.990119 0.00577507 0.61875 -0.199671 0.0225409 0.979604 -0.625896
1 33 0 1 0 0 0 0 1 0 0 0 0 1 0
1 34 51 0.743087 -0.13845 0.654717 -0.521108 -0.482146 0.5677 0.667272 -0.441692 -0.464066 -0.81151 0.355097 0.730311
1 35 15 0.899834 0.43259 -0.056266 -0.106256 -0.431663 0.90159 0.0283316 0.288972 0.0629849 -0.00120581 0.998014 0.951422
1 36 0 1 0 0 0 0 1 0 0 0 0 1 0
1 37 17 0.753298 0.653462 0.0743627 -0.0815081 0.657548 -0.746056 -0.105028 0.33557 -0.0131533 0.128015 -0.991685 0.938482
1 38 54 0.991576 -0.011069 0.129052 0.241028 0.00501269 0.998875 0.0471598 0.339896 -0.129429 -0.0461156 0.990516 0.909052
1 39 65 0.863973 0.440485 -0.243974 0.159621 -0.0450911 -0.414893 -0.908752 0.745168 -0.501515 0.796139 -0.338594 0.647492
1 40 86 0.882625 0.424958 -0.200957 0.128989 -0.0384049 -0.36088 -0.931821 0.758799 -0.468506 0.830167 -0.302201 0.638425
1 41 0 1 0 0 0 0 1 0 0 0 0 1 0
1 42 44 0.0799063 0.991986 -0.0978758 -0.0874702 0.974235 -0.0984949 -0.20289 0.314053 -0.210904 -0.0791419 -0.974298 0.945368
1 43 0 1 0 0 0 0 1 0 0 0 0 1 0
1 44 0 1 0 0 0 0 1 0 0 0 0 1 0
1 45 0 1 0 0 0 0 1 0 0 0 0 1 0
1 46 0 1 0 0 0 0 1 0 0 0 0 1 0
1 47 65 -0.714384 0.641565 -0.279373 0.377172 0.693952 0.700852 -0.165034 0.146424 0.0899194 -0.311769 -0.945893 0.914495
1 48 34 0.320798 -0.928824 -0.185402 0.0991254 -0.803699 -0.163372 -0.572169 0.484087 0.501155 0.332558 -0.798905 0.869387
1 49 86 0.930256 -0.366911 0.000190828 0.288607 -0.331858 -0.841606 -0.42611 0.0642925 0.156505 0.396328 -0.904672 0.955287
1 50 114 -0.686154 0.0316609 -0.726767 0.35592 -0.104226 0.984467 0.141289 0.127531 0.719951 0.172694 -0.672196 0.925773
1 51 39 0.708078 0.0557403 0.703931 0.277967 -0.318908 0.914667 0.24836 0.153389 -0.630018 -0.400347 0.665431 0.948265
1 52 94 -0.375729 -0.906162 -0.194159 0.127228 -0.829037 0.422291 -0.366563 0.114329 0.414157 0.0232366 -0.909909 0.985262
1 53 122 -0.675081 0.0486339 -0.736139 0.357108 -0.0254665 0.995694 0.0891359 0.136078 0.737304 0.0789209 -0.670935 0.924098
1 54 43 0.593346 0.349045 0.725333 -0.28087 -0.624886 0.767745 0.141722 -0.127196 -0.507403 -0.537341 0.673652 -0.95128
1 55 0 1 0 0 0 0 1 0 0 0 0 1 0
1 56 0 1 0 0 0 0 1 0 0 0 0 1 0
1 57 0 1 0 0 0 0 1 0 0 0 0 1 0
1 58 0 1 0 0 0 0 1 0 0 0 0 1 0
1 59 0 1 0 0 0 0 1 0 0 0 0 1 0
1 60 35 -0.0950251 0.974254 -0.204448 0.324135 0.705718 0.210779 0.676413 -0.24264 0.702091 -0.0800062 -0.707578 0.914364
1 61 0 1 0 0 0 0 1 0 0 0 0 1 0
1 62 0 1 0 0 0 0 1 0 0 0 0 1 0
1 63 0 1 0 0 0 0 1 0 0 0 0 1 0
1 64 48 0.32261 0.908645 -0.265116 -0.154103 0.940202 -0.339965 -0.0210808 -0.00395839 -0.109285 -0.242461 -0.963986 0.988047
1 65 40 0.265335 0.767956 0.582958 -0.227037 0.653462 0.30134 -0.694393 -0.0590414 -0.708932 0.565188 -0.421874 0.972095
1 66 13 0.933063 0.353475 0.0666921 -0.20776 -0.357231 0.932301 0.0565822 -0.165425 -0.0421767 -0.0766192 0.996168 0.96409
1 67 0 1 0 0 0 0 1 0 0 0 0 1 0
2 3 3572 0.996455 0.0154308 -0.0826972 0.963952 -0.0124063 0.99924 0.0369638 0.105733 0.0832047 -0.0358068 0.995889 -0.244164
2 4 2007 0.982954 0.0694166 -0.170242 0.998874 -0.0625143 0.997003 0.0455818 0.0470511 0.172896 -0.0341622 0.984347 -0.00609944
2 5 1358 0.981486 0.0737962 -0.176745 0.986201 -0.0678409 0.996913 0.0395114 0.0480297 0.179115 -0.0267894 0.983463 -0.158434
2 6 491 0.978056 0.10244 -0.18142 0.975179 -0.0922785 0.993699 0.0636172 0.0684475 0.186794 -0.04548 0.981346 -0.210574
2 7 285 0.96753 0.0828261 -0.238802 0.986451 -0.0681058 0.995271 0.0692623 -0.00401033 0.24341 -0.0507495 0.968595 -0.164008
2 8 255 0.875957 0.213366 -0.432636 0.997284 -0.224144 0.974192 0.0266267 -0.0630001 0.427151 0.0736486 0.901176 0.0381539
2 9 121 0.842878 0.15212 -0.516155 0.974584 -0.136414 0.988281 0.0685015 -0.0445981 0.520527 0.0126723 0.853751 0.219537
2 10 290 0.805646 0.18024 -0.564312 0.950032 -0.15269 0.983584 0.0961653 -0.119166 0.572381 0.0086898 0.819942 0.28851
2 11 312 0.756547 0.188992 -0.626034 0.964021 -0.220884 0.974916 0.0273827 -0.0286931 0.615506 0.117565 0.779315 0.264272
2 12 265 0.848753 0.278443 -0.449543 0.977025 -0.267829 0.959387 0.0885654 -0.16666 0.455946 0.0452305 0.888857 0.132839
2 13 184 0.665731 0.201845 -0.718374 0.960462 -0.247672 0.967914 0.0424367 -0.0351468 0.70389 0.14967 0.694362 0.276183
2 14 107 0.864367 0.226895 -0.448763 0.997912 -0.241812 0.970009 0.024681 -0.0429544 0.440904 0.0871828 0.89331 -0.0482307
2 15 170 -0.197036 0.282795 -0.938725 0.668971 -0.341561 0.877707 0.336106 -0.229516 0.918974 0.386856 -0.0763485 0.706966
2 16 94 0.543707 0.289249 -0.787856 0.998408 -0.283908 0.94678 0.151668 -0.0113732 0.789796 0.141216 0.596892 -0.0552377
2 17 77 0.692383 0.309622 -0.651721 -0.140211 -0.282293 0.947492 0.150233 0.288971 0.664016 0.0799577 0.743431 -0.947015
2 18 115 0.966864 0.208805 0.146882 -0.993152 -0.219218 0.973919 0.0585213 0.086961 -0.130832 -0.0887813 0.987421 -0.0780232
2 19 32 0.508092 -0.530056 -0.678884 0.445137 0.574432 0.795846 -0.19146 0.153356 0.641772 -0.292693 0.708844 -0.882233
2 20 30 0.79128 0.573418 0.212291 -0.44967 -0.498805 0.806156 -0.318287 0.305968 -0.353651 0.145963 0.923919 -0.839155
2 21 46 0.994828 -0.000746711 0.101567 -0.0888793 0.014348 0.990979 -0.13325 0.296573 -0.100551 0.134018 0.985864 -0.950865
2 22 92 0.0935691 -0.644252 -0.759068 0.44652 -0.241512 -0.754329 0.610459 -0.310626 -0.965876 0.126204 -0.226176 0.839125
2 23 92 0.794785 0.166232 -0.583681 0.98803 -0.217391 0.975917 -0.0180759 -0.0595615 0.56662 0.141254 0.811781 0.1423
2 24 51 -0.886959 0.118768 -0.446317 0.493952 -0.0534871 0.933452 0.354692 -0.20626 0.458741 0.338469 -0.821581 0.84467
2 25 34 0.916663 -0.00688945 0.399601 -0.177791 -0.104386 0.961018 0.256024 0.0157809 -0.385787 -0.276401 0.880211 -0.983942
2 26 39 -0.857206 0.416645 0.302663 -0.431192 -0.481956 -0.442004 -0.756539 -0.247785 -0.18143 -0.79438 0.579692 0.867569
2 27 0 1 0 0 0 0 1 0 0 0 0 1 0
2 28 0 1 0 0 0 0 1 0 0 0 0 1 0
2 29 0 1 0 0 0 0 1 0 0 0 0 1 0
2 30 0 1 0 0 0 0 1 0 0 0 0 1 0
2 31 0 1 0 0 0 0 1 0 0 0 0 1 0
2 32 25 0.863127 0.456863 0.215146 -0.0838147 0.499093 -0.706859 -0.501254 0.386812 -0.0769267 0.540024 -0.838127 0.918342
2 33 22 0.616012 -0.768396 0.173485 -0.113483 0.704539 0.635934 0.314979 0.315862 -0.352354 -0.0718038 0.933108 0.941994
2 34 75 -0.398987 0.916166 -0.0380641 0.45914 -0.90534 -0.400179 -0.142184 0.0291855 -0.145497 -0.0222688 0.989108 0.887884
2 35 55 0.982916 -0.10983 0.147693 -0.336309 0.0907561 0.987323 0.130217 0.0828148 -0.160123 -0.114589 0.980423 0.938104
2 36 22 -0.81278 -0.575746 0.0889131 -0.0807113 -0.521551 0.651123 -0.551383 0.292294 0.259563 -0.494526 -0.8295 0.952917
2 37 0 1 0 0 0 0 1 0 0 0 0 1 0
2 38 16 0.921063 0.385532 0.0548397 -0.00373946 -0.385754 0.922576 -0.00689576 0.288303 -0.0532523 -0.0148032 0.998471 0.957532
2 39 27 0.984157 0.103291 0.144106 0.0183161 -0.107861 0.99387 0.0242477 -0.272301 -0.140718 -0.0394069 0.989265 -0.962038
2 40 19 0.954119 0.288367 0.0806321 0.0170216 -0.290678 0.956645 0.0183154 -0.286963 -0.0718548 -0.0409131 0.996576 -0.95779
2 41 23 -0.649459 0.75446 -0.0948377 0.453433 0.698868 0.543097 -0.465434 0.0551041 -0.299645 -0.368559 -0.879987 0.889585
2 42 50 0.898111 0.435491 -0.0611982 0.310985 -0.435327 0.900118 0.0166786 -0.318438 0.062349 0.011662 0.997986 -0.895481
2 43 0 1 0 0 0 0 1 0 0 0 0 1 0
2 44 0 1 0 0 0 0 1 0 0 0 0 1 0
2 45 0 1 0 0 0 0 1 0 0 0 0 1 0
2 46 0 1 0 0 0 0 1 0 0 0 0 1 0
2 47 38 0.642472 0.457935 -0.61443 0.372043 0.134189 -0.856647 -0.498146 0.0713237 -0.754469 0.237596 -0.611821 0.925471
2 48 18 -0.855051 -0.204617 0.476465 0.343557 -0.494744 0.0467403 -0.867781 -0.0143462 0.155292 -0.977726 -0.141198 0.939022
2 49 54 -0.594272 -0.786981 0.165835 0.188781 -0.791988 0.536737 -0.290978 0.250355 0.139984 -0.304259 -0.942248 0.949571
2 50 0 1 0 0 0 0 1 0 0 0 0 1 0
2 51 0 1 0 0 0 0 1 0 0 0 0 1 0
2 52 55 0.339968 -0.381495 -0.859583 0.536405 -0.853808 0.257972 -0.452175 0.100841 0.394251 0.887644 -0.238021 0.837914
2 53 95 0.343306 -0.835599 -0.428854 0.349708 -0.841796 -0.0712362 -0.535075 0.134624 0.416558 0.544702 -0.72786 0.927136
2 54 74 -0.0786056 0.990725 -0.110839 -0.183252 0.943138 0.109926 0.313699 -0.0756201 0.322974 -0.0798779 -0.943031 0.980153
2 55 0 1 0 0 0 0 1 0 0 0 0 1 0
2 56 0 1 0 0 0 0 1 0 0 0 0 1 0
2 57 0 1 0 0 0 0 1 0 0 0 0 1 0
2 58 0 1 0 0 0 0 1 0 0 0 0 1 0
2 59 0 1 0 0 0 0 1 0 0 0 0 1 0
2 60 0 1 0 0 0 0 1 0 0 0 0 1 0
2 61 0 1 0 0 0 0 1 0 0 0 0 1 0
2 62 0 1 0 0 0 0 1 0 0 0 0 1 0
2 63 20 0.33905 0.909115 0.24198 -0.203542 0.763258 -0.416192 0.494189 -0.103809 0.549985 0.017138 -0.834999 0.973547
2 64 30 0.591747 -0.432696 -0.680154 0.331469 -0.274267 -0.901465 0.334871 -0.24603 -0.758032 -0.0116153 -0.652114 0.910823
2 65 28 -0.363238 0.917186 -0.163793 0.351197 0.928415 0.34158 -0.146181 -0.24221 -0.0781271 -0.205166 -0.975604 0.904431
2 66 11 -0.361621 0.68667 0.630647 0.35416 -0.840993 -0.53223 0.0972748 -0.236411 0.402445 -0.495193 0.76995 0.90481
2 67 0 1 0 0 0 0 1 0 0 0 0 1 0
3 4 1688 0.997702 0.0501872 -0.045508 0.994134 -0.0499198 0.998729 0.00699561 0.0510087 0.0458012 -0.00470779 0.998939 -0.0953757
3 5 2531 0.989168 0.0607586 -0.133626 0.989766 -0.0614451 0.99811 -0.00101561 0.0136624 0.133312 0.00921528 0.991031 -0.142044
3 6 1534 0.98367 0.0889301 -0.156475 0.984832 -0.0866424 0.99601 0.0213946 0.0582587 0.157753 -0.00748791 0.98745 -0.163437
3 7 720 0.958232 0.100355 -0.267806 0.992314 -0.101391 0.994796 0.00999268 0.0419043 0.267415 0.0175779 0.963421 -0.116434
3 8 499 0.937807 0.219755 -0.268748 0.99149 -0.238175 0.970496 -0.0375447 -0.047206 0.252569 0.0992188 0.962478 -0.12132
3 9 403 0.916723 0.120542 -0.380905 0.980637 -0.116214 0.992627 0.0344366 -0.083723 0.382247 0.0126975 0.923973 0.177038
3 10 351 0.794449 0.117606 -0.595836 0.946378 -0.125462 0.99169 0.0284564 -0.0794925 0.594231 0.0521477 0.802602 0.313129
3 11 341 0.92085 0.195955 -0.3371 0.987638 -0.208053 0.978118 0.000242882 -0.124427 0.329771 0.069911 0.941469 0.0953337
3 12 376 0.870453 0.21535 -0.442646 0.982461 -0.230517 0.972863 0.0199971 -0.121425 0.434941 0.0846309 0.896473 0.141514
3 13 251 0.784086 0.248439 -0.56876 0.980059 -0.283395 0.958593 0.0280377 -0.104799 0.552175 0.1392 0.822026 0.168823
3 14 196 0.65307 0.555054 0.515183 -0.874447 -0.487885 0.828676 -0.274343 0.385513 -0.579195 -0.0721852 0.811987 0.294487
3 15 196 0.874522 0.17246 -0.453287 -0.811409 -0.190162 0.98173 0.00663649 -0.0442841 0.44615 0.0803941 0.89134 -0.582798
3 16 197 0.73756 0.213166 -0.640754 0.628359 -0.226297 0.972026 0.0628874 0.179427 0.636235 0.0986175 0.765166 -0.756948
3 17 174 0.712123 0.248501 -0.656604 0.521292 -0.243976 0.964565 0.100448 0.0564883 0.658299 0.0886639 0.747517 -0.851507
3 18 225 0.676413 0.263058 -0.687943 0.323132 -0.272823 0.957088 0.0977237 0.0956023 0.684129 0.121585 0.719155 -0.941513
3 19 47 0.585598 0.264904 -0.766095 0.429116 -0.280099 0.953006 0.115429 0.0794314 0.760671 0.146987 0.632278 -0.89975
3 20 48 0.906406 0.379507 0.185477 0.447656 -0.392764 0.918794 0.0394361 -0.302264 -0.155448 -0.108594 0.981857 0.84157
3 21 0 1 0 0 0 0 1 0 0 0 0 1 0
3 22 64 0.0448848 0.894279 -0.445253 0.44652 0.991189 0.0157327 0.131518 -0.310626 0.124619 -0.447233 -0.885693 0.839125
3 23 28 -0.809969 -0.57665 -0.106886 0.381376 -0.557473 0.700422 0.445683 -0.297 -0.182137 0.420576 -0.888787 0.87541
3 24 51 0.404101 0.816401 -0.412543 0.346169 0.908729 -0.40982 0.0791191 -0.267116 -0.104476 -0.406862 -0.907496 0.899342
3 25 42 0.915179 -0.0339322 0.401616 0.186715 -0.0125802 0.993559 0.112612 -0.326729 -0.40285 -0.108113 0.908858 0.926491
3 26 44 -0.652073 -0.231355 0.721995 -0.429716 -0.02558 0.958474 0.284029 -0.260406 -0.757725 0.166739 -0.630913 0.8646
3 27 0 1 0 0 0 0 1 0 0 0 0 1 0
3 28 0 1 0 0 0 0 1 0 0 0 0 1 0
3 29 0 1 0 0 0 0 1 0 0 0 0 1 0
3 30 0 1 0 0 0 0 1 0 0 0 0 1 0
3 31 0 1 0 0 0 0 1 0 0 0 0 1 0
3 32 18 0.6413 0.605153 -0.471724 -0.368529 -0.740184 0.649886 -0.172557 0.0179864 0.202143 0.459823 0.864697 0.929442
3 33 0 1 0 0 0 0 1 0 0 0 0 1 0
3 34 18 0.990656 0.133005 0.0301564 0.106594 -0.132798 0.991104 -0.00879293 -0.29481 -0.0310577 0.00470606 0.999507 -0.949592
3 35 46 0.226286 -0.949672 0.216605 -0.106738 0.884991 0.293344 0.361579 0.354767 -0.406921 0.109873 0.906831 0.928842
3 36 36 0.809595 -0.456716 0.368737 -0.0858508 -0.387489 -0.887688 -0.248722 0.340983 0.440918 0.0584829 -0.89564 0.936141
3 37 0 1 0 0 0 0 1 0 0 0 0 1 0
3 38 0 1 0 0 0 0 1 0 0 0 0 1 0
3 39 0 1 0 0 0 0 1 0 0 0 0 1 0
3 40 30 0.383417 0.923016 0.0321376 -0.130867 0.891078 -0.360552 -0.275648 0.415737 -0.24284 0.134325 -0.960721 0.90002
3 41 32 0.505394 0.364012 -0.78235 0.453433 0.702494 0.352925 0.618017 0.0551041 0.501077 -0.861939 -0.0773503 0.889585
3 42 24 0.99437 0.00942187 0.105543 0.0704439 -0.00950589 0.999955 0.000293013 -0.267961 -0.105535 -0.00129464 0.994415 -0.960851
3 43 23 0.470663 0.882311 0.00204351 -0.176226 0.881925 -0.470523 0.0285814 0.287938 0.0261792 -0.01165 -0.999589 0.941295
3 44 27 0.570857 0.803057 -0.170942 -0.0619954 0.785647 -0.473795 0.39784 0.135698 0.238497 -0.36141 -0.901389 0.988809
3 45 0 1 0 0 0 0 1 0 0 0 0 1 0
3 46 0 1 0 0 0 0 1 0 0 0 0 1 0
3 47 0 1 0 0 0 0 1 0 0 0 0 1 0
3 48 0 1 0 0 0 0 1 0 0 0 0 1 0
3 49 0 1 0 0 0 0 1 0 0 0 0 1 0
3 50 28 0.534575 -0.403721 0.742455 0.32768 0.399525 0.894876 0.198941 0.140013 -0.744721 0.19028 0.639674 0.934356
3 51 31 -0.847473 0.121639 -0.516714 0.279342 0.292131 0.919606 -0.262647 0.128034 0.443225 -0.373534 -0.814876 0.951617
3 52 0 1 0 0 0 0 1 0 0 0 0 1 0
3 53 114 0.00920126 0.895594 -0.444777 0.407276 0.730627 -0.309703 -0.608496 0.231337 -0.682714 -0.319367 -0.657195 0.883521
3 54 0 1 0 0 0 0 1 0 0 0 0 1 0
3 55 33 0.633958 -0.559513 -0.533894 0.309831 -0.612101 -0.784955 0.0958004 0.211784 -0.472684 0.266063 -0.840107 0.926905
3 56 26 0.73993 -0.669678 0.0635185 0.279753 0.672445 0.733846 -0.0963771 0.216236 0.0179288 0.114025 0.993316 0.935404
3 57 27 -0.972639 -0.140279 0.185187 0.231131 -0.187062 0.945592 -0.266201 0.216358 -0.137769 -0.293559 -0.945961 0.948561
3 58 0 1 0 0 0 0 1 0 0 0 0 1 0
3 59 0 1 0 0 0 0 1 0 0 0 0 1 0
3 60 0 1 0 0 0 0 1 0 0 0 0 1 0
3 61 36 -0.6777 0.735324 -0.00463351 0.20712 -0.716242 -0.65866 0.230573 0.0766931 0.166494 0.159578 0.973044 -0.975305
3 62 0 1 0 0 0 0 1 0 0 0 0 1 0
3 63 33 -0.611594 -0.752141 0.24543 -0.196448 -0.618232 0.647908 0.444978 -0.087661 -0.493702 0.120413 -0.861254 0.976588
3 64 30 0.830219 0.140052 -0.539558 -0.207697 -0.0497862 0.982685 0.178467 -0.0922621 0.55521 -0.121305 0.822816 0.973832
3 65 0 1 0 0 0 0 1 0 0 0 0 1 0
3 66 0 1 0 0 0 0 1 0 0 0 0 1 0
3 67 24 -0.848969 -0.448108 0.28009 0.202386 -0.311441 0.852479 0.419862 -0.338172 -0.426914 0.269218 -0.863288 0.919064
4 5 4016 0.9976 0.00784919 -0.0687919 0.977671 -0.0083014 0.999946 -0.00629018 -0.0536365 0.0687388 0.00684616 0.997611 -0.203183
4 6 2596 0.995322 0.0386837 -0.0885293 0.943129 -0.0378975 0.999226 0.0105449 0.118253 0.0888687 -0.00714053 0.996018 -0.310684
4 7 1505 0.982331 0.051279 -0.179989 0.967473 -0.0519304 0.99865 0.00109453 0.0619671 0.179802 0.00827171 0.983668 -0.245266
4 8 718 0.947765 0.124859 -0.293515 0.991635 -0.13704 0.990338 -0.0212242 -0.11635 0.288029 0.0603389 0.955719 -0.0558746
4 9 479 0.917175 0.0479251 -0.395591 0.985721 -0.0667812 0.997187 -0.0340243 0.0611276 0.392848 0.0576244 0.917796 0.156902
4 10 397 0.87923 0.0916316 -0.467502 0.981146 -0.120985 0.992103 -0.0330806 0.0143831 0.460779 0.085646 0.883373 0.19273
4 11 340 0.914132 0.139734 -0.380575 0.995722 -0.165568 0.985547 -0.0358311 -0.0284717 0.370068 0.0957653 0.924056 0.0879059
4 12 449 0.912303 0.154397 -0.379295 0.99214 -0.168256 0.985737 -0.00344334 -0.103575 0.373353 0.0669601 0.925269 0.0702143
4 13 312 0.847773 0.128631 -0.514524 0.991245 -0.161176 0.986745 -0.0188798 -0.0426659 0.505276 0.0989346 0.857268 0.124955
4 14 199 0.594671 0.110293 -0.796368 0.885219 -0.11562 0.991981 0.0510477 -0.0967483 0.795612 0.0617196 0.602655 0.455003
4 15 147 0.822554 0.123396 -0.555138 -0.261824 -0.162726 0.986429 -0.0218498 -0.131946 0.544908 0.108308 0.831471 0.956054
4 16 548 0.366471 0.27782 -0.887983 0.847268 -0.129724 0.960315 0.246913 -0.374041 0.921342 0.0247064 0.387968 0.377134
4 17 540 0.442002 0.236549 -0.865262 0.91949 -0.191165 0.967284 0.166787 -0.190191 0.876407 0.0916874 0.472761 0.344044
4 18 487 0.699588 0.261169 -0.665107 0.716815 -0.264411 0.959357 0.0985948 -0.0657647 0.663825 0.106886 0.74021 -0.694155
4 19 216 0.635306 0.273256 -0.7223 0.253177 -0.28017 0.953138 0.114159 0.0784922 0.719646 0.129841 0.682093 -0.96423
4 20 0 1 0 0 0 0 1 0 0 0 0 1 0
4 21 24 0.579406 -0.228642 -0.782312 0.2555 0.305302 -0.829076 0.468426 -0.260885 -0.755698 -0.51025 -0.410567 0.930945
4 22 39 -0.889088 -0.139231 -0.436048 0.25059 -0.178883 0.982547 0.0510078 -0.19063 0.421336 0.123352 -0.898477 0.949139
4 23 29 0.733982 0.257203 -0.628583 0.383821 0.397737 -0.91299 0.0908518 -0.306314 -0.550523 -0.316694 -0.772418 0.871122
4 24 0 1 0 0 0 0 1 0 0 0 0 1 0
4 25 29 0.879857 -0.352599 0.318632 0.214959 0.266803 0.921325 0.282802 0.00223156 -0.393279 -0.163814 0.904708 0.97662
4 26 102 -0.650199 0.0188526 0.75953 -0.431192 0.417404 0.844175 0.336367 -0.247785 -0.634835 0.535736 -0.556751 0.867569
4 27 0 1 0 0 0 0 1 0 0 0 0 1 0
4 28 16 0.977016 0.106695 -0.18454 0.0242233 -0.05975 0.968088 0.243382 -0.00351202 0.204619 -0.226762 0.952213 -0.9997
4 29 16 0.747648 -0.663545 -0.0270447 -0.0383908 -0.650773 -0.740158 0.169294 0.0368461 -0.132351 -0.108972 -0.985195 0.998583
4 30 0 1 0 0 0 0 1 0 0 0 0 1 0
4 31 0 1 0 0 0 0 1 0 0 0 0 1 0
4 32 0 1 0 0 0 0 1 0 0 0 0 1 0
4 33 0 1 0 0 0 0 1 0 0 0 0 1 0
4 34 36 -0.281251 -0.914661 0.290332 -0.0816492 -0.8213 0.072942 -0.565814 0.335372 0.496351 -0.397586 -0.771726 0.938541
4 35 19 0.994779 -0.0673856 0.0766461 0.102562 0.0674156 0.997723 0.00219772 -0.294914 -0.0766196 0.0029809 0.997056 -0.950004
4 36 33 0.998873 0.0417254 0.0226252 0.193046 -0.0409656 0.998613 -0.0330628 0.428917 -0.0239734 0.0320987 0.999197 0.882476
4 37 0 1 0 0 0 0 1 0 0 0 0 1 0
4 38 0 1 0 0 0 0 1 0 0 0 0 1 0
4 39 0 1 0 0 0 0 1 0 0 0 0 1 0
4 40 71 -0.135252 -0.745264 0.652908 -0.246526 -0.986547 0.040225 -0.158451 0.118309 0.0918246 -0.665555 -0.740678 0.961888
4 41 0 1 0 0 0 0 1 0 0 0 0 1 0
4 42 28 0.0447704 -0.727783 0.684344 -0.295457 -0.987017 -0.137999 -0.0821868 0.0906177 0.154253 -0.671779 -0.724513 0.951049
4 43 42 0.901451 0.394662 -0.17784 0.176899 -0.406791 0.9128 -0.0362969 0.158393 0.148007 0.105064 0.98339 0.9714
4 44 25 0.97313 -0.223743 0.0543852 0.0186884 0.22675 0.972262 -0.0573713 0.555231 -0.0400402 0.0681616 0.99687 0.831486
4 45 0 1 0 0 0 0 1 0 0 0 0 1 0
4 46 0 1 0 0 0 0 1 0 0 0 0 1 0
4 47 0 1 0 0 0 0 1 0 0 0 0 1 0
4 48 0 1 0 0 0 0 1 0 0 0 0 1 0
4 49 0 1 0 0 0 0 1 0 0 0 0 1 0
4 50 0 1 0 0 0 0 1 0 0 0 0 1 0
4 51 33 -0.718317 0.519817 -0.462397 0.217287 0.64879 0.740463 -0.17546 0.152419 0.25118 -0.426034 -0.869139 0.964134
4 52 0 1 0 0 0 0 1 0 0 0 0 1 0
4 53 0 1 0 0 0 0 1 0 0 0 0 1 0
4 54 20 0.106177 0.85465 -0.508233 0.391358 0.767828 -0.395231 -0.504215 0.222641 -0.631796 -0.336699 -0.698188 0.8929
4 55 0 1 0 0 0 0 1 0 0 0 0 1 0
4 56 0 1 0 0 0 0 1 0 0 0 0 1 0
4 57 35 0.150683 -0.914438 0.37563 0.208622 0.975965 0.198115 0.0907869 0.0646088 -0.157437 0.352921 0.922312 0.97586
4 58 48 0.926788 0.177318 0.331093 0.11568 0.306507 -0.86655 -0.393883 0.28445 0.217066 0.466529 -0.857457 0.951686
4 59 0 1 0 0 0 0 1 0 0 0 0 1 0
4 60 0 1 0 0 0 0 1 0 0 0 0 1 0
4 61 0 1 0 0 0 0 1 0 0 0 0 1 0
4 62 0 1 0 0 0 0 1 0 0 0 0 1 0
4 63 0 1 0 0 0 0 1 0 0 0 0 1 0
4 64 0 1 0 0 0 0 1 0 0 0 0 1 0
4 65 0 1 0 0 0 0 1 0 0 0 0 1 0
4 66 0 1 0 0 0 0 1 0 0 0 0 1 0
4 67 0 1 0 0 0 0 1 0 0 0 0 1 0
5 6 1567 0.999053 0.0332144 -0.0281173 0.9262 -0.0325495 0.999187 0.0237835 0.168558 0.0288843 -0.0228457 0.999322 -0.337256
5 7 2456 0.988999 0.0536486 -0.137848 0.964935 -0.0528578 0.998558 0.00939378 0.0626384 0.138153 -0.00200408 0.990409 -0.254905
5 8 1305 0.971731 0.135401 -0.193407 0.989287 -0.147112 0.98798 -0.0474621 -0.0203271 0.184656 0.0745729 0.97997 -0.144558
5 9 991 0.967459 0.0670472 -0.243985 0.990946 -0.0685009 0.997648 0.00253179 -0.0036904 0.243581 0.0142638 0.969776 0.134212
5 10 513 0.959974 0.123043 -0.251616 0.993521 -0.130192 0.991417 -0.0118972 -0.0300961 0.247993 0.0441793 0.967754 0.109592
5 11 431 0.936133 0.111984 -0.333339 0.988044 -0.12446 0.992092 -0.0162371 -0.0712854 0.328884 0.0566873 0.942667 0.136702
5 12 450 0.937349 0.184767 -0.29536 0.958847 -0.18291 0.982536 0.0341619 -0.232075 0.296514 0.0220026 0.954775 0.163567
5 13 467 0.877099 0.193291 -0.4397 0.96249 -0.187182 0.980629 0.0576978 -0.205644 0.442336 0.0316974 0.896289 0.176986
5 14 176 0.93142 0.361975 -0.0378237 0.871392 -0.363132 0.931251 -0.0301049 -0.328285 0.0243261 0.0417753 0.998831 -0.364563
5 15 476 0.81703 0.145688 -0.557886 0.994817 -0.180881 0.983472 -0.00807642 -0.0281856 0.547488 0.10751 0.829878 0.0976969
5 16 667 0.619071 0.242336 -0.74701 0.936394 -0.208783 0.967755 0.140921 -0.267627 0.757073 0.0687228 0.649705 0.227029
5 17 643 0.768862 0.214325 -0.602425 0.562562 -0.199741 0.975508 0.0921316 -0.0381044 0.607417 0.0494923 0.79284 -0.825876
5 18 580 0.725999 0.244732 -0.642676 0.593826 -0.243295 0.9655 0.0928259 -0.0403511 0.643221 0.0889681 0.760494 -0.803581
5 19 347 0.637007 0.119079 -0.761605 0.0989349 -0.142499 0.989159 0.0354722 0.290303 0.757572 0.0859315 0.64707 0.951807
5 20 0 1 0 0 0 0 1 0 0 0 0 1 0
5 21 0 1 0 0 0 0 1 0 0 0 0 1 0
5 22 44 -0.978555 0.0930685 -0.183761 -0.293273 0.0129595 -0.862524 -0.50585 -0.306077 -0.205577 -0.497384 0.842821 0.905708
5 23 0 1 0 0 0 0 1 0 0 0 0 1 0
5 24 20 -0.123009 0.97737 -0.172096 0.348329 0.987821 0.103936 -0.115791 -0.285772 -0.0952838 -0.184243 -0.978251 0.892749
5 25 23 0.896903 -0.218171 0.384664 -0.213531 0.254106 0.966152 -0.0445103 -0.00601019 -0.361933 0.137667 0.921983 -0.976918
5 26 25 0.797336 -0.429023 0.424492 0.242269 0.487096 0.872729 -0.0328835 -0.0424119 -0.356359 0.232988 0.904834 0.969282
5 27 48 0.00216512 -0.984048 -0.17789 -0.113383 -0.843225 -0.0974229 0.52866 0.00442229 -0.537557 0.148856 -0.829984 0.993541
5 28 19 0.967741 0.104055 -0.229456 0.030746 -0.044012 0.966546 0.25269 0.000578176 0.248074 -0.234439 0.939946 -0.999527
5 29 20 -0.874305 -0.41397 0.253416 -0.273256 -0.399825 0.910261 0.107538 0.0686792 -0.275192 -0.00730128 -0.961362 0.959486
5 30 0 1 0 0 0 0 1 0 0 0 0 1 0
5 31 0 1 0 0 0 0 1 0 0 0 0 1 0
5 32 22 0.998613 0.00778672 0.052071 0.378988 -0.0121989 0.99631 0.0849598 0.0921899 -0.0512173 -0.0854772 0.995023 0.920798
5 33 39 0.454093 -0.880859 -0.133741 0.31966 -0.873827 -0.411027 -0.259774 0.062759 0.173854 0.234828 -0.956363 0.945452
5 34 0 1 0 0 0 0 1 0 0 0 0 1 0
5 35 44 -0.0706515 -0.901998 0.42592 -0.103043 -0.722692 -0.248024 -0.645136 0.34348 0.68755 -0.353389 -0.634343 0.93349
5 36 48 0.974877 -0.21425 -0.0609277 -0.0858508 0.214699 0.97668 0.000849593 0.340983 0.0593248 -0.0139094 0.998142 0.936141
5 37 14 0.648561 0.756787 -0.0814997 0.215555 -0.716485 0.643127 0.270254 0.250202 0.25694 -0.116883 0.959333 0.943894
5 38 71 -0.0856534 0.957514 -0.275373 -0.00853996 -0.924002 0.0270404 0.381429 -0.00571388 0.37267 0.287116 0.882429 0.999947
5 39 19 -0.126351 0.957758 -0.258331 -0.00017742 0.988626 0.100163 -0.112189 0.312526 -0.0815749 -0.269568 -0.95952 0.949909
5 40 0 1 0 0 0 0 1 0 0 0 0 1 0
5 41 0 1 0 0 0 0 1 0 0 0 0 1 0
5 42 0 1 0 0 0 0 1 0 0 0 0 1 0
5 43 24 0.986698 -0.162034 0.0131254 -0.174147 0.161351 0.985982 0.0424913 0.2738 -0.0198264 -0.0398082 0.999011 0.945889
5 44 0 1 0 0 0 0 1 0 0 0 0 1 0
5 45 0 1 0 0 0 0 1 0 0 0 0 1 0
5 46 0 1 0 0 0 0 1 0 0 0 0 1 0
5 47 0 1 0 0 0 0 1 0 0 0 0 1 0
5 48 0 1 0 0 0 0 1 0 0 0 0 1 0
5 49 0 1 0 0 0 0 1 0 0 0 0 1 0
5 50 20 -0.963114 -0.0628748 0.261647 0.352837 0.184005 -0.863357 0.469847 0.159701 0.196353 0.500661 0.84308 0.921956
5 51 81 0.761925 -0.647665 -0.000480797 0.325063 -0.645446 -0.759375 0.0821479 0.0914724 -0.0535694 -0.0622802 -0.99662 0.941258
5 52 20 0.174101 0.830048 0.52982 0.229181 -0.962628 0.256808 -0.0860075 0.270368 -0.207452 -0.495045 0.843738 0.935081
5 53 53 -0.77245 0.213752 -0.598023 0.246028 0.261422 0.965197 0.00731853 0.260855 0.578774 -0.150683 -0.801446 0.933501
5 54 123 0.0771854 0.927818 -0.364959 0.3856 0.950874 0.0415669 0.306774 0.198101 0.299801 -0.370709 -0.87903 0.901148
5 55 28 0.878741 0.452455 -0.151986 0.317452 0.475939 -0.854652 0.20749 0.182622 -0.0360152 -0.254665 -0.966358 0.930523
5 56 37 0.085312 -0.996348 -0.00359882 -0.175837 0.739908 0.0609345 0.669943 -0.23878 -0.667277 -0.0598169 0.742404 -0.955021
5 57 81 -0.949792 -0.00143455 -0.312879 0.158501 0.152591 0.870882 -0.467205 0.244805 0.273151 -0.49149 -0.826938 0.956529
5 58 67 0.824594 0.515442 0.233162 0.195737 0.548682 -0.829071 -0.107657 0.210198 0.137817 0.216705 -0.96646 0.957864
5 59 0 1 0 0 0 0 1 0 0 0 0 1 0
5 60 0 1 0 0 0 0 1 0 0 0 0 1 0
5 61 22 -0.674074 0.458394 -0.579223 0.215696 0.331853 0.888491 0.316951 -0.291598 0.659923 0.0214311 -0.751028 0.931904
5 62 46 -0.466007 0.804622 0.367995 -0.167527 0.832015 0.539998 -0.127093 -0.10776 -0.300978 0.246952 -0.921101 0.97996
5 63 0 1 0 0 0 0 1 0 0 0 0 1 0
5 64 0 1 0 0 0 0 1 0 0 0 0 1 0
5 65 0 1 0 0 0 0 1 0 0 0 0 1 0
5 66 47 0.994844 -0.101251 0.00583789 -0.168119 0.100574 0.992331 0.0718569 -0.0329544 -0.0130687 -0.0708992 0.997398 0.985216
5 67 0 1 0 0 0 0 1 0 0 0 0 1 0
6 7 3198 0.993175 0.0143492 -0.115744 0.973356 -0.0159081 0.999795 -0.0125556 0.0192602 0.11554 0.0143112 0.9932 -0.228489
6 8 1419 0.981057 0.104713 -0.162981 0.982853 -0.117448 0.99057 -0.0705428 -0.0772397 0.154057 0.0883482 0.984104 -0.167435
6 9 1418 0.976787 0.0444442 -0.209553 0.978962 -0.0502302 0.998487 -0.0223679 -0.0577386 0.208242 0.0323745 0.977541 0.195701
6 10 527 0.966289 0.0854937 -0.24285 0.970847 -0.0976412 0.99448 -0.0384099 -0.0609377 0.238226 0.0608273 0.969303 0.231825
6 11 456 0.942129 0.102715 -0.319128 0.973448 -0.123152 0.99139 -0.0444803 -0.101142 0.311812 0.0812075 0.946667 0.20535
6 12 515 0.916068 0.121553 -0.382158 0.986909 -0.144548 0.988982 -0.03193 -0.0921322 0.374066 0.0844902 0.923545 0.132374
6 13 476 0.917648 0.131045 -0.375166 0.994061 -0.151946 0.988032 -0.0265387 -0.100507 0.367198 0.0813583 0.926578 0.041727
6 14 350 0.861906 0.20696 -0.462909 0.954679 -0.215988 0.9758 0.0341106 -0.253059 0.458766 0.0705828 0.885749 0.156681
6 15 292 0.833536 0.0764741 -0.547147 0.996281 -0.120539 0.991687 -0.0450247 -0.00594994 0.539155 0.103482 0.835825 0.0859523
6 16 552 0.804516 0.164958 -0.570564 0.799535 -0.170823 0.984331 0.0437162 -0.199032 0.568835 0.0622952 0.820089 -0.566684
6 17 505 0.781831 0.19426 -0.592455 0.700832 -0.187963 0.979451 0.0731063 -0.0504511 0.594483 0.0542031 0.802279 -0.71154
6 18 232 0.755852 0.20578 -0.621564 0.36067 -0.220867 0.973818 0.0538154 0.271035 0.616365 0.0966063 0.781513 -0.892445
6 19 206 0.670708 0.196832 -0.715128 0.483537 -0.218599 0.973779 0.0630022 0.276842 0.708777 0.11407 0.696149 -0.830392
6 20 20 0.951617 0.187555 0.243411 -0.021314 -0.19149 0.981465 -0.0076132 -0.165512 -0.240327 -0.039366 0.969893 0.985977
6 21 0 1 0 0 0 0 1 0 0 0 0 1 0
6 22 0 1 0 0 0 0 1 0 0 0 0 1 0
6 23 0 1 0 0 0 0 1 0 0 0 0 1 0
6 24 0 1 0 0 0 0 1 0 0 0 0 1 0
6 25 30 -0.939761 0.332748 0.0782776 0.181314 -0.336326 -0.94099 -0.0377271 0.106131 0.0611049 -0.0617812 0.996217 0.977682
6 26 35 0.665717 0.665033 0.338455 0.236692 -0.632158 0.743619 -0.217732 -0.0431709 -0.39648 -0.0690094 0.915446 0.970625
6 27 80 0.1913 0.962344 0.193129 -0.10842 0.909441 -0.2478 0.333934 -0.0773838 0.369216 0.111758 -0.922599 0.991089
6 28 26 -0.835123 -0.180505 0.519603 -0.171698 -0.050651 0.965846 0.254118 0.0220891 -0.547726 0.185902 -0.815743 0.984902
6 29 0 1 0 0 0 0 1 0 0 0 0 1 0
6 30 33 0.957977 0.271689 -0.0920064 -0.25635 0.214242 -0.890982 -0.400314 0.0561874 -0.190737 0.36378 -0.911747 0.96495
6 31 0 1 0 0 0 0 1 0 0 0 0 1 0
6 32 12 -0.360536 -0.911815 -0.196486 0.342623 -0.783183 0.410343 -0.467166 0.11959 0.506596 -0.0145456 -0.862061 0.93183
6 33 21 0.720266 0.546245 -0.427591 -0.221205 -0.395426 0.829744 0.393908 -0.0028289 0.569961 -0.114638 0.813635 0.975223
6 34 0 1 0 0 0 0 1 0 0 0 0 1 0
6 35 82 -0.619376 -0.45255 0.641539 -0.104643 -0.359759 -0.562704 -0.74427 0.346466 0.697816 -0.691782 0.185716 0.932208
6 36 31 -0.877461 0.432026 -0.208366 -0.0892058 0.476232 0.732947 -0.485791 0.342152 -0.0571527 -0.525493 -0.848876 0.935401
6 37 19 0.331108 0.870658 -0.363761 0.474176 0.906205 -0.185968 0.379748 0.050657 0.262983 -0.45538 -0.85057 0.878971
6 38 41 -0.877314 -0.420243 0.231767 -0.0140969 0.463351 -0.867498 0.180976 0.33363 0.125003 0.266162 0.955789 0.942599
6 39 30 -0.28793 0.551854 -0.782658 -0.00017742 -0.598512 -0.741691 -0.302784 0.312526 -0.747583 0.381249 0.543846 0.949909
6 40 0 1 0 0 0 0 1 0 0 0 0 1 0
6 41 0 1 0 0 0 0 1 0 0 0 0 1 0
6 42 0 1 0 0 0 0 1 0 0 0 0 1 0
6 43 0 1 0 0 0 0 1 0 0 0 0 1 0
6 44 0 1 0 0 0 0 1 0 0 0 0 1 0
6 45 0 1 0 0 0 0 1 0 0 0 0 1 0
6 46 0 1 0 0 0 0 1 0 0 0 0 1 0
6 47 0 1 0 0 0 0 1 0 0 0 0 1 0
6 48 0 1 0 0 0 0 1 0 0 0 0 1 0
6 49 0 1 0 0 0 0 1 0 0 0 0 1 0
6 50 75 -0.407865 0.903039 0.134782 0.316789 -0.798552 -0.424384 0.426865 0.0815894 0.442675 0.0664729 0.894215 0.94498
6 51 68 0.796275 0.450815 0.403375 0.325063 -0.427838 0.891097 -0.15133 0.0914724 -0.427668 -0.0520791 0.902435 0.941258
6 52 0 1 0 0 0 0 1 0 0 0 0 1 0
6 53 0 1 0 0 0 0 1 0 0 0 0 1 0
6 54 125 0.728775 0.682532 -0.0551088 0.358473 0.68282 -0.718318 0.133326 0.173268 0.0514132 -0.134794 -0.989539 0.91732
6 55 23 0.67093 0.621788 -0.404021 0.334121 0.719298 -0.678124 0.150856 0.194702 -0.180176 -0.391825 -0.902225 0.922201
6 56 0 1 0 0 0 0 1 0 0 0 0 1 0
6 57 11 0.51786 0.847618 0.115606 -0.254483 -0.843903 0.528317 -0.0933177 -0.20622 -0.140174 -0.0492346 0.988902 -0.944834
6 58 0 1 0 0 0 0 1 0 0 0 0 1 0
6 59 0 1 0 0 0 0 1 0 0 0 0 1 0
6 60 0 1 0 0 0 0 1 0 0 0 0 1 0
6 61 0 1 0 0 0 0 1 0 0 0 0 1 0
6 62 0 1 0 0 0 0 1 0 0 0 0 1 0
6 63 0 1 0 0 0 0 1 0 0 0 0 1 0
6 64 0 1 0 0 0 0 1 0 0 0 0 1 0
6 65 0 1 0 0 0 0 1 0 0 0 0 1 0
6 66 0 1 0 0 0 0 1 0 0 0 0 1 0
6 67 0 1 0 0 0 0 1 0 0 0 0 1 0
7 8 2628 0.992398 0.0878516 -0.0861888 0.995221 -0.093578 0.9935 -0.0648119 -0.097392 0.0799347 0.0723846 0.994168 -0.00704179
7 9 2351 0.982914 0.0227361 -0.182657 0.886591 -0.0230477 0.999734 0.000417039 -0.110812 0.182618 0.00379991 0.983177 0.449084
7 10 1116 0.963598 0.0588107 -0.260805 0.913674 -0.0670432 0.99749 -0.0227743 -0.088363 0.258811 0.0394305 0.965123 0.396726
