0 1 1732 0.999845 0.00653154 -0.0163512 0.982711 -0.00685473 0.999781 -0.0197884 0.0306527 0.0162183 0.0198974 0.99967 -0.182592
0 2 3536 0.99283 0.0464863 -0.110124 0.98931 -0.0518477 0.99758 -0.0463313 0.119432 0.107704 0.0517088 0.992837 -0.0836738
0 3 2524 0.98227 0.0568709 -0.178639 0.96548 -0.0575426 0.998342 0.00142312 0.0433162 0.178424 0.0088815 0.983914 -0.256849
0 4 1296 0.970507 0.108249 -0.215401 0.986006 -0.106585 0.994115 0.0193584 -0.0121365 0.216229 0.00417113 0.976334 -0.166266
0 5 859 0.953014 0.105445 -0.283983 0.986997 -0.108025 0.994126 0.0066079 0.00768488 0.283012 0.0243799 0.958807 -0.160552
0 6 624 0.930122 0.147039 -0.336529 0.988848 -0.149782 0.988556 0.0179511 0.0555341 0.335318 0.0337093 0.941502 -0.138188
0 7 561 0.918861 0.138199 -0.369589 0.991757 -0.127679 0.990403 0.052906 -0.0606956 0.373353 -0.00142453 0.927688 -0.112847
0 8 231 0.860058 0.424825 0.282531 -0.899584 -0.435599 0.89974 -0.0268688 -0.065503 -0.265619 -0.0999614 0.958882 -0.431807
0 9 213 0.950707 0.25782 -0.172295 0.825291 -0.257794 0.965928 0.0229179 -0.121414 0.172333 0.0226283 0.984779 -0.5515
0 10 272 0.872861 0.430189 0.230329 -0.939276 -0.439059 0.898349 -0.0139915 0.00106249 -0.212935 -0.0889156 0.973012 -0.343162
0 11 375 0.797872 0.239254 -0.553316 0.992822 -0.280352 0.959837 0.0107707 -0.0739524 0.53367 0.14653 0.832902 0.0939999
0 12 256 0.726999 0.272971 -0.630047 0.948008 -0.265788 0.957925 0.108338 -0.199607 0.633111 0.0886972 0.768963 0.247866
0 13 222 0.502438 0.198154 -0.8416 0.923529 -0.247927 0.965526 0.0793192 -0.115392 0.828304 0.168803 0.534245 0.365758
0 14 144 -0.746152 -0.0636237 -0.662729 0.353167 0.0407376 0.989195 -0.140831 0.0696899 0.664528 -0.132079 -0.735498 0.932961
0 15 202 0.0929077 0.0735779 -0.992952 0.801651 -0.247448 0.967684 0.0485526 -0.0450968 0.964437 0.241193 0.108112 0.596089
0 16 39 0.943156 -0.328231 0.0521559 -0.0912783 0.311326 0.927477 0.207032 -0.264248 -0.116328 -0.179027 0.976943 -0.960126
0 17 39 -0.738483 0.627744 -0.246132 -0.17074 0.534967 0.767677 0.352822 -0.234454 0.410431 0.12888 -0.902738 0.957016
0 18 35 0.535719 0.418651 0.733305 -0.770988 0.205717 0.777561 -0.594204 0.241914 -0.818954 0.46918 0.330431 0.589113
0 19 106 0.934504 0.352483 0.0495816 0.290121 -0.350266 0.935409 -0.0482048 0.0494305 -0.0633704 0.0276808 0.997606 -0.955713
0 20 128 -0.892171 -0.0731279 0.445739 0.0745794 0.0564965 0.960993 0.270741 -0.202911 -0.448151 0.26673 -0.853238 0.976353
0 21 114 -0.882851 -0.113453 0.455744 0.10898 0.039584 0.948956 0.312915 -0.247234 -0.467982 0.294297 -0.833296 0.962808
0 22 90 0.988868 -0.0416536 0.142845 -0.281155 0.0645469 0.985071 -0.159589 -0.32096 -0.134065 0.167033 0.976794 0.904398
0 23 91 0.987914 -0.0790451 0.133332 -0.373157 0.0999553 0.982328 -0.158244 -0.306364 -0.118467 0.169659 0.978356 0.875725
0 24 76 0.576639 0.260466 -0.774368 -0.156933 0.340534 -0.938187 -0.0619858 -0.299227 -0.742646 -0.227955 -0.629693 0.941188
0 25 31 0.786698 0.366526 0.496755 -0.261802 -0.494473 0.855872 0.151588 -0.0729342 -0.369598 -0.364886 0.85455 -0.962362
0 26 29 0.616451 -0.345001 0.707787 -0.657973 0.447276 0.893221 0.0458302 0.320549 -0.648022 0.288324 0.704937 -0.68141
0 27 201 -0.745591 0.622929 -0.236756 -0.300905 -0.525491 -0.768063 -0.365975 -0.140618 -0.40982 -0.148455 0.900005 0.94323
0 28 192 -0.435995 -0.733793 0.521014 -0.445333 -0.899061 0.380854 -0.215959 -0.0928477 -0.0399609 -0.562581 -0.825776 0.890538
0 29 59 -0.337029 -0.846116 -0.412916 -0.15611 0.895964 -0.422975 0.135427 -0.226866 -0.28924 -0.324315 0.900644 0.961333
0 30 26 0.0446544 -0.636878 0.76967 0.401953 0.516834 0.674049 0.527769 0.0954717 -0.85492 0.374225 0.35926 0.910669
0 31 44 -0.598483 -0.538132 -0.593492 0.407487 -0.637962 0.768225 -0.0532389 0.0844898 0.484585 0.346763 -0.803077 0.909294
0 32 105 0.973176 -0.0932462 0.21032 -0.392481 0.100955 0.994546 -0.0261945 0.488426 -0.20673 0.0467246 0.977282 -0.779358
0 33 25 -0.676897 0.416929 -0.606614 -0.396142 -0.138163 -0.881436 -0.451644 -0.219649 -0.722995 -0.221904 0.654245 0.89153
0 34 83 0.997203 0.00423854 0.0746265 0.225702 -0.00939353 0.997582 0.0688623 -0.0835242 -0.0741542 -0.0693707 0.994831 -0.970609
0 35 22 -0.981486 -0.124249 -0.145763 -0.252844 -0.121664 0.992216 -0.0265556 0.049173 0.147928 -0.00832997 -0.988963 0.966257
0 36 75 0.95911 0.0796891 0.271582 -0.158713 0.131544 -0.975119 -0.178433 0.0278216 0.250606 0.206862 -0.94573 0.986933
0 37 35 0.887685 -0.46044 -0.00311456 0.288468 0.40244 0.772545 0.491138 -0.113094 -0.223734 -0.437229 0.871076 -0.950787
0 38 25 0.943546 -0.261371 0.203483 -0.0149801 0.224645 0.956373 0.186776 -0.163487 -0.243424 -0.130521 0.961098 -0.986432
0 39 73 0.944839 0.314485 0.0915312 -0.13902 -0.314177 0.949191 -0.0181273 0.592054 -0.0925814 -0.0116296 0.995637 -0.793817
0 40 92 0.990143 0.0569229 0.127972 -0.275101 -0.073396 0.989063 0.127936 -0.471581 -0.11929 -0.136067 0.983492 -0.837813
0 41 37 0.980605 0.00992012 0.195745 -0.226154 -0.0407582 0.987206 0.154153 0.00962928 -0.191711 -0.159141 0.968463 0.974044
0 42 36 0.900213 0.226576 -0.37186 -0.407528 -0.328826 0.913541 -0.239409 0.0899983 0.285465 0.337796 0.896885 0.908747
0 43 52 -0.820817 -0.197415 -0.535991 0.431227 -0.35453 0.911825 0.207086 0.0872698 0.447848 0.360005 -0.818431 0.898013
0 44 33 0.903702 -0.1346 0.406454 0.444408 0.168298 0.98456 -0.0481482 0.0420263 -0.393698 0.111917 0.912402 0.894838
0 45 0 1 0 0 0 0 1 0 0 0 0 1 0
0 46 0 1 0 0 0 0 1 0 0 0 0 1 0
0 47 194 -0.556764 0.0502447 -0.829149 0.483577 -0.0515503 0.994155 0.0948591 0.144924 0.829069 0.0955571 -0.55092 0.863221
0 48 99 -0.663164 0.66449 -0.34448 0.282017 0.569784 0.746637 0.343335 0.0804973 0.485344 0.0314084 -0.873759 0.956026
0 49 372 0.693825 -0.686842 -0.21646 0.310188 -0.716147 -0.626446 -0.307732 -0.0123961 0.0757631 0.368529 -0.926524 0.950595
0 50 221 -0.175312 -0.769407 -0.614231 0.282985 -0.958949 0.274701 -0.0703995 0.131218 0.222895 0.576674 -0.78598 0.950106
0 51 308 -0.370826 -0.866373 0.334494 0.212578 -0.151049 -0.299113 -0.942187 0.213966 0.916337 -0.399912 -0.0199457 0.95343
0 52 127 -0.774259 -0.186059 -0.604901 0.312969 -0.210125 0.977164 -0.0316063 0.128792 0.596968 0.102633 -0.795673 0.94099
0 53 291 -0.353453 -0.210114 -0.91155 0.411 -0.0619889 0.977567 -0.201295 0.187349 0.933396 -0.0146422 -0.358549 0.892177
0 54 105 0.269998 -0.880272 -0.390157 0.29912 -0.876104 -0.0565043 -0.4788 0.142564 0.399429 0.471093 -0.786466 0.943506
0 55 61 -0.294403 0.95232 0.0800807 0.171004 0.945197 0.302527 -0.122803 0.279319 -0.141175 0.0395384 -0.989195 0.944848
0 56 61 0.485881 -0.728479 0.482947 0.193638 -0.271908 -0.651122 -0.708595 0.178123 0.830654 0.212975 -0.514447 0.964768
0 57 30 0.673136 0.401012 0.621351 0.216572 -0.609168 0.777054 0.158436 0.161987 -0.419289 -0.485157 0.767346 0.962734
0 58 40 0.366179 -0.929257 -0.0489367 0.330773 0.905792 0.367995 -0.210049 -0.129131 0.213198 0.0325892 0.976465 0.934834
0 59 37 0.201721 0.615807 0.761636 0.432653 -0.979167 0.108333 0.171744 0.255293 0.0232514 -0.780414 0.624831 0.86466
0 60 22 0.541853 -0.703051 0.46056 0.310962 0.706043 0.678039 0.204368 -0.239593 -0.455958 0.214438 0.863781 0.919727
0 61 0 1 0 0 0 0 1 0 0 0 0 1 0
0 62 109 -0.987702 -0.122663 0.096947 -0.193296 -0.09325 0.959878 0.264461 -0.17003 -0.125497 0.252168 -0.959511 0.966295
0 63 90 0.773085 0.370237 0.515037 -0.222248 0.451861 -0.891298 -0.0375415 -0.0412076 0.445153 0.261748 -0.856345 0.974119
0 64 130 0.423973 -0.651364 -0.629263 0.430426 -0.732341 0.162214 -0.661335 0.221366 0.532845 0.741223 -0.408246 0.87506
0 65 103 0.335362 -0.90848 -0.249393 -0.262873 0.94078 0.308998 0.139471 -0.16399 -0.0496448 -0.281398 0.958306 0.950792
0 66 103 -0.590029 0.391414 -0.70616 0.442761 0.603758 0.794591 -0.0640377 0.209487 0.536043 -0.464134 -0.705151 0.871824
0 67 94 0.446016 -0.417701 0.791578 -0.822464 0.794491 0.592022 -0.135258 0.382233 -0.412134 0.689228 0.595911 -0.421249
1 2 4455 0.995479 0.041488 -0.085446 0.919649 -0.0431081 0.998922 -0.0172033 0.0124709 0.0846402 0.0208089 0.996194 -0.392543
1 3 3255 0.988837 0.0459576 -0.141738 0.92646 -0.0437597 0.998869 0.0185863 0.0635667 0.142432 -0.0121764 0.98973 -0.370987
1 4 1767 0.974225 0.097843 -0.203255 0.982651 -0.0946887 0.995188 0.0252102 0.0714884 0.204744 -0.00531446 0.978801 -0.17113
1 5 1032 0.960052 0.102031 -0.260555 0.98382 -0.101065 0.994732 0.0171402 0.0530487 0.260932 0.00987756 0.965307 -0.171124
1 6 777 0.942474 0.151255 -0.298102 0.98198 -0.146394 0.988469 0.0387057 0.0609755 0.300519 0.00716141 0.953749 -0.17888
1 7 472 0.926028 0.156119 -0.343654 0.984383 -0.149469 0.987699 0.0459338 0.0130012 0.346598 0.00882973 0.937972 -0.175561
1 8 341 0.869017 0.261704 -0.419905 0.988449 -0.280289 0.959745 0.0180825 -0.0938425 0.407734 0.101981 0.907388 -0.119006
1 9 194 0.911364 0.227945 -0.342719 0.99773 -0.233542 0.972013 0.0254558 0.017627 0.33893 0.0568398 0.939093 -0.0649868
1 10 370 0.766576 0.203353 -0.609105 0.956009 -0.191158 0.977796 0.0858642 -0.121292 0.613042 0.0506138 0.788428 0.267087
1 11 331 0.538705 0.167494 -0.825677 0.915221 -0.24548 0.96872 0.0363497 -0.0469327 0.805939 0.183106 0.56297 0.400209
1 12 332 0.403275 0.131123 -0.905636 0.890825 -0.222001 0.974133 0.0421845 -0.0459538 0.887741 0.184041 0.421953 0.452016
1 13 249 0.517693 0.181165 -0.836166 0.932066 -0.281321 0.959025 0.0336102 -0.0353403 0.807993 0.217831 0.547446 0.360562
1 14 141 0.521019 0.203479 -0.828936 0.933848 -0.254773 0.963971 0.0764914 -0.0986979 0.814635 0.171337 0.554088 0.343783
1 15 274 -0.601399 0.168046 -0.781076 0.48745 -0.280615 0.870915 0.403438 -0.247644 0.748047 0.461809 -0.476611 0.837296
1 16 76 -0.857932 -0.16951 0.484994 -0.197962 -0.030092 0.958961 0.281935 -0.131979 -0.512881 0.227287 -0.827824 0.971284
1 17 109 -0.981413 -0.179627 0.0675519 0.0203154 -0.1489 0.934799 0.322459 -0.118934 -0.12107 0.306407 -0.94417 0.992694
1 18 72 0.937534 0.347569 0.0149943 -0.420193 0.335492 -0.914682 0.225394 -0.290253 0.0920552 -0.206285 -0.974152 0.859762
1 19 86 0.941961 0.334216 0.0317793 0.449823 -0.332364 0.941705 -0.0522103 0.145182 -0.0473762 0.0386178 0.99813 -0.881239
1 20 103 0.919301 0.305203 0.248469 -0.25791 -0.316373 0.94862 0.0053154 -0.349475 -0.23408 -0.0834954 0.968625 0.90075
1 21 114 0.997842 0.0265133 0.0600662 0.317581 -0.0168952 0.987721 -0.155312 0.296935 -0.0634465 0.153962 0.986038 -0.90054
1 22 98 -0.717215 0.664342 -0.210362 0.410425 0.628395 0.747064 0.216829 -0.244612 0.301203 0.0233229 -0.953275 0.878474
1 23 164 0.147496 -0.150518 0.977543 -0.480137 0.216455 0.969306 0.11659 -0.239047 -0.965087 0.194397 0.175549 0.843993
1 24 79 -0.113924 -0.250375 0.961423 -0.376299 0.200828 0.941941 0.269099 -0.284496 -0.97298 0.223738 -0.0570274 0.881738
1 25 0 1 0 0 0 0 1 0 0 0 0 1 0
1 26 0 1 0 0 0 0 1 0 0 0 0 1 0
1 27 150 0.150286 -0.978957 -0.138051 0.0446172 0.929914 0.0925634 0.355939 -0.00448127 -0.335671 -0.181868 0.924256 -0.998994
1 28 172 -0.811816 -0.463488 -0.355153 -0.159629 -0.470655 0.879391 -0.0718056 0.0318144 0.345599 0.108862 -0.932046 0.986664
1 29 90 -0.846068 0.284979 -0.450507 0.0591109 -0.155116 -0.940152 -0.303403 -0.0189999 -0.510009 -0.186819 0.839637 -0.998071
1 30 0 1 0 0 0 0 1 0 0 0 0 1 0
1 31 56 -0.762845 0.0759999 -0.642099 0.327289 0.0483921 0.996994 0.0605136 0.140134 0.644768 0.01509 -0.764229 0.934476
1 32 212 0.979961 -0.120196 0.158836 -0.238859 0.101272 0.987311 0.122312 -0.503396 -0.171522 -0.103775 0.979699 -0.830385
1 33 120 0.963327 0.230309 0.13769 0.240648 -0.255484 0.944114 0.208269 -0.197205 -0.082029 -0.235809 0.968331 -0.950368
1 34 108 0.894155 -0.420336 0.154288 -0.352231 0.391949 0.901367 0.184157 0.0468548 -0.216478 -0.104192 0.970712 0.93474
1 35 45 -0.627727 -0.664351 0.405705 -0.219786 -0.774459 0.480401 -0.411616 0.229316 0.0785563 -0.572584 -0.816074 0.948213
1 36 35 0.977943 -0.181443 0.103466 -0.30636 0.172428 0.98087 0.0903428 -0.20787 -0.117878 -0.0705098 0.990522 0.928942
1 37 54 -0.196296 -0.931459 0.306352 -0.277503 -0.894324 0.0419646 -0.445447 0.117437 0.40206 -0.361418 -0.841264 0.95352
1 38 106 0.944331 0.314204 0.0975462 -0.245674 -0.317637 0.947968 0.0215142 0.119927 -0.0857109 -0.0513008 0.994998 0.961905
1 39 101 0.665316 -0.502605 0.552035 -0.180188 -0.653642 -0.74942 0.105457 0.0872143 0.360703 -0.430996 -0.827125 0.979758
1 40 113 0.884931 0.446045 -0.133948 0.10257 -0.137182 -0.0252029 -0.990225 0.870022 -0.44506 0.894656 0.0388865 0.482225
1 41 27 -0.89126 -0.358677 0.277499 -0.41712 -0.306069 0.92729 0.215532 0.0963581 -0.334629 0.107161 -0.936237 0.903729
1 42 44 0.0799063 0.991986 -0.0978758 -0.0874702 0.974235 -0.0984949 -0.20289 0.314053 -0.210904 -0.0791419 -0.974298 0.945368
1 43 49 -0.10798 -0.915362 0.387883 0.425517 0.994116 -0.102799 0.0341512 0.0884217 0.0086132 0.389289 0.921076 0.90062
1 44 26 0.0305268 -0.917668 0.396174 -0.0137036 0.99949 0.0317284 -0.00352126 0.121875 -0.00933863 0.396079 0.918169 0.992451
1 45 0 1 0 0 0 0 1 0 0 0 0 1 0
1 46 63 -0.373973 0.140916 0.916672 0.185332 -0.926761 -0.0945815 -0.363549 0.0776109 0.0354705 -0.985493 0.165966 0.979606
1 47 196 -0.571324 0.497698 -0.652599 0.384149 0.371404 0.865857 0.335187 0.126379 0.73188 -0.0508769 -0.679532 0.914581
1 48 159 -0.675861 0.646355 -0.354172 0.256386 0.563058 0.762883 0.317767 0.0977017 0.475582 0.0153467 -0.879538 0.961624
1 49 174 -0.991357 0.0983897 -0.0867759 0.313928 -0.0919552 -0.992914 -0.0752754 0.189373 -0.0935673 -0.0666453 0.99338 0.930369
1 50 315 0.88197 0.46793 -0.0563115 0.324532 0.463256 -0.882684 -0.0791354 0.157189 -0.086735 0.0437084 -0.995272 0.932722
1 51 129 -0.2052 0.954157 0.217892 0.322192 -0.978231 -0.192912 -0.0764786 0.103935 -0.0309385 -0.228842 0.972972 0.940951
1 52 182 -0.231987 -0.903039 -0.361528 0.199101 -0.849156 0.369299 -0.377561 0.108734 0.474464 0.219405 -0.852493 0.973928
1 53 207 0.312256 -0.871003 -0.379274 0.324612 -0.873241 -0.105947 -0.475632 0.129885 0.374094 0.479717 -0.793678 0.936887
1 54 97 0.513007 0.482682 0.709818 -0.196275 -0.730033 0.680315 0.064997 -0.0893578 -0.451526 -0.551534 0.70138 -0.976469
1 55 84 0.493692 0.223809 0.840344 0.161934 0.184779 0.917254 -0.352848 0.289393 -0.849779 0.329476 0.411486 0.943414
1 56 15 0.789714 0.080235 0.608205 -0.237368 -0.326263 0.894508 0.305627 -0.170963 -0.519522 -0.439793 0.732583 -0.956257
1 57 70 -0.105391 -0.918051 -0.382198 0.160986 -0.865596 0.273888 -0.4192 0.15275 0.489526 0.286649 -0.823527 0.975065
1 58 43 0.785236 -0.186914 0.590311 0.42294 0.244511 0.969474 -0.0182787 0.163427 -0.568875 0.158691 0.806969 0.891299
1 59 44 0.308463 -0.894288 -0.32419 0.899186 0.914307 0.372778 -0.158365 -0.257586 0.262475 -0.247559 0.932642 -0.353715
1 60 33 0.663658 -0.490318 0.56493 0.258626 0.492055 0.854975 0.16401 -0.245666 -0.563418 0.169131 0.808674 0.934217
1 61 93 -0.867036 -0.21588 0.449049 -0.288145 -0.120899 0.96548 0.23072 -0.0944705 -0.483356 0.145753 -0.863205 0.952915
1 62 108 -0.983679 -0.045886 0.173985 -0.185936 0.00435747 0.960579 0.277974 -0.124382 -0.179882 0.274195 -0.944701 0.974657
1 63 57 0.770282 -0.635133 0.0571963 -0.28284 0.630472 0.771947 0.0812562 -0.104261 -0.095761 -0.0265295 0.995051 0.953484
1 64 94 0.257755 0.885441 -0.386726 -0.0961657 0.960574 -0.277999 0.00372581 -0.0208733 -0.104211 -0.372439 -0.922187 0.995146
1 65 102 -0.0843194 0.980335 -0.178418 -0.224053 0.908307 0.149244 0.390775 -0.163253 0.409718 -0.129108 -0.903029 0.960806
1 66 63 0.674523 -0.611189 0.414085 -0.30485 -0.654786 -0.754363 -0.046825 -0.0157771 0.340989 -0.239553 -0.909033 0.95227
1 67 111 0.920682 0.242847 0.305566 -0.220449 -0.15663 0.946944 -0.280648 0.284012 -0.357509 0.210527 0.909871 -0.933134
2 3 3975 0.996673 0.0118705 -0.0806373 0.97552 -0.0090686 0.999345 0.0350241 0.143826 0.0810003 -0.0341763 0.996128 -0.166357
2 4 2293 0.984092 0.0716954 -0.162552 0.999151 -0.0648118 0.996777 0.0472687 0.0354963 0.165417 -0.0359815 0.985567 -0.020933
2 5 1633 0.973738 0.0807815 -0.212857 0.9962 -0.0749056 0.996557 0.03554 0.0506839 0.214995 -0.0186624 0.976437 -0.0708286
2 6 748 0.969515 0.106712 -0.220575 0.980474 -0.0973708 0.993845 0.0528288 0.0906969 0.224855 -0.0297407 0.973938 -0.174485
2 7 538 0.940074 0.137438 -0.312044 0.991626 -0.128342 0.990489 0.0496062 0.0499905 0.315894 -0.00658514 0.948772 -0.119078
2 8 476 0.890369 0.20937 -0.404237 0.997788 -0.217718 0.975671 0.0257955 -0.0664283 0.399803 0.0650422 0.91429 -0.00245489
2 9 259 0.857133 0.144126 -0.494521 0.979537 -0.125635 0.989558 0.0706441 -0.0474187 0.499539 0.00157762 0.86629 0.195596
2 10 587 0.840994 0.166071 -0.514927 0.972577 -0.160864 0.985438 0.0550893 -0.0534078 0.516578 0.0365035 0.855462 0.226366
2 11 482 0.793635 0.217241 -0.568286 0.973586 -0.234905 0.97106 0.043157 -0.0612093 0.561215 0.0992422 0.821699 0.219963
2 12 403 0.807329 0.247067 -0.53589 0.98704 -0.263419 0.963518 0.0473756 -0.0642064 0.528044 0.102916 0.842958 0.14707
2 13 386 0.717037 0.275987 -0.640069 0.966277 -0.279021 0.95514 0.0992676 -0.128089 0.638752 0.107414 0.761878 0.223386
2 14 332 0.688146 0.25219 -0.680335 0.969569 -0.280853 0.957142 0.0707212 -0.0975275 0.669012 0.142407 0.729481 0.224553
2 15 300 0.228315 0.301175 -0.925832 0.861291 -0.35509 0.911204 0.20885 -0.160999 0.906523 0.281071 0.314986 0.48193
2 16 160 0.44951 -0.0968355 0.888011 -0.842419 0.0103458 0.994605 0.103222 -0.0520471 -0.893216 -0.0372122 0.448086 0.536303
2 17 136 0.692839 0.287243 -0.661411 -0.018136 -0.257165 0.955349 0.145512 0.212033 0.673676 0.0692755 0.735773 -0.977094
2 18 227 0.513464 0.410549 -0.753528 0.981698 -0.389859 0.893874 0.22136 -0.157928 0.764438 0.180109 0.619028 0.106429
2 19 100 -0.634378 -0.331098 0.698526 -0.456382 -0.141827 0.938142 0.315872 -0.150838 -0.759901 0.101312 -0.642095 0.876906
2 20 83 0.989417 0.0777375 0.122518 0.142752 -0.0710638 0.995788 -0.0579368 -0.233601 -0.126506 0.0486171 0.990774 0.961797
2 21 190 -0.190583 0.101581 -0.976401 0.871747 -0.362587 0.917015 0.166176 -0.106746 0.912255 0.385701 -0.137935 0.478186
2 22 145 0.377401 0.454706 -0.806729 0.393055 0.926046 -0.182921 0.330118 -0.229128 0.00253871 -0.871655 -0.490113 0.89051
2 23 94 0.993799 0.0283119 0.10753 -0.0944239 -0.0188088 0.995909 -0.0883841 -0.252307 -0.109592 0.0858135 0.990265 0.963029
2 24 82 0.999088 0.0312828 0.0290679 -0.424977 -0.0291639 0.997074 -0.0706621 -0.244675 -0.0311933 0.0697499 0.997077 0.87151
2 25 83 0.863536 -0.495548 -0.0934696 0.262428 0.481817 0.756054 0.442983 -0.350773 -0.148852 -0.427568 0.891644 0.898938
2 26 58 -0.284979 0.925418 -0.249778 -0.431192 -0.792967 -0.374006 -0.48096 -0.247785 -0.538507 0.061002 0.84041 0.867569
2 27 203 0.905351 -0.31318 -0.286806 0.349705 0.349533 0.933111 0.0844426 0.0829018 0.241176 -0.176698 0.95426 0.933185
2 28 95 0.553245 -0.682929 -0.476998 -0.161593 -0.726331 -0.115101 -0.677639 -0.0307258 0.407877 0.721359 -0.559712 0.986379
2 29 76 -0.205147 -0.835454 -0.509835 -0.0606367 -0.814954 0.434283 -0.383729 0.0853085 0.542001 0.336771 -0.769948 0.994508
2 30 0 1 0 0 0 0 1 0 0 0 0 1 0
2 31 49 -0.913728 0.403946 0.0439159 -0.43669 -0.404217 -0.914658 0.0029224 -0.162936 0.0413486 -0.0150813 0.999031 0.884734
2 32 77 0.985891 -0.0674132 0.153216 -0.29686 0.0526332 0.993739 0.0985564 -0.387918 -0.158901 -0.0891016 0.983266 -0.872579
2 33 25 -0.675608 0.274104 -0.684413 -0.328606 -0.130095 -0.958074 -0.255283 -0.0681487 -0.725692 -0.0834324 0.682942 0.942005
2 34 126 0.974975 0.0686408 -0.211452 0.664829 -0.109476 0.976061 -0.187934 0.380675 0.19349 0.20638 0.95915 -0.64272
2 35 71 0.972742 -0.220844 0.07071 0.3439 0.215701 0.973677 0.0736667 -0.0829896 -0.0851176 -0.0564065 0.994773 -0.935332
2 36 44 0.961381 -0.18276 0.20578 -0.534444 0.14113 0.969269 0.201496 -0.361339 -0.236282 -0.164672 0.957629 0.764071
2 37 22 -0.93686 0.331668 -0.110856 -0.258262 0.347396 0.919035 -0.186255 0.228273 0.0401056 -0.213006 -0.976227 0.938719
2 38 33 0.98531 0.11471 0.126515 -0.0557182 -0.110268 0.993031 -0.0415981 0.0724418 -0.130405 0.0270365 0.991092 0.995815
2 39 77 0.979641 -0.0881023 0.180391 0.187262 0.0821984 0.995815 0.039961 0.0343886 -0.183157 -0.0243195 0.982783 -0.981708
2 40 36 0.982757 0.157813 0.0963489 -0.322454 -0.161436 0.986396 0.0309997 0.299046 -0.0901461 -0.0460194 0.994865 0.898106
2 41 79 -0.419593 -0.211638 0.882695 -0.202168 -0.140789 0.975845 0.167047 0.0274707 -0.896728 -0.0541819 -0.439254 0.978966
2 42 52 0.351885 0.90522 -0.238229 -0.0752775 -0.914053 0.387145 0.120935 0.285324 0.201702 0.175199 0.96365 0.95547
2 43 25 0.505316 0.861138 -0.0556539 0.330798 0.854234 -0.508315 -0.109088 0.0461497 -0.12223 0.00758266 -0.992473 0.942572
2 44 15 0.961667 0.272053 -0.0344184 0.339484 -0.271048 0.96206 0.0311911 0.016042 0.0415982 -0.0206663 0.998921 0.940475
2 45 0 1 0 0 0 0 1 0 0 0 0 1 0
2 46 26 -0.357773 0.780862 -0.512107 -0.407967 -0.932427 -0.268907 0.241391 0.0391118 0.0507839 0.563865 0.824304 0.912159
2 47 44 -0.945077 -0.25989 0.198207 0.373613 0.316384 -0.879627 0.355187 0.0512231 0.082039 0.398389 0.91354 0.926169
2 48 49 0.363841 0.639451 -0.67729 0.303094 0.927031 -0.319422 0.196425 0.0258946 -0.0907377 -0.699336 -0.70901 0.952609
2 49 122 0.0648839 0.838001 0.541798 0.262656 -0.969539 0.181445 -0.164533 0.223976 -0.236185 -0.514619 0.824248 0.938534
2 50 168 0.268566 -0.96199 0.049471 0.267527 0.87477 0.22207 -0.430653 0.25197 0.403298 0.158935 0.901161 0.930022
2 51 98 -0.729373 -0.0121721 -0.684008 0.320341 -0.137798 0.981963 0.129463 0.132085 0.670095 0.188681 -0.717894 0.938049
2 52 92 0.284713 -0.402411 -0.87006 0.517699 -0.833548 0.344324 -0.432018 0.105508 0.473431 0.848237 -0.237395 0.849032
2 53 116 0.389037 0.46822 0.79336 0.350078 -0.780785 0.624638 0.0142264 0.13404 -0.488902 -0.624979 0.608586 0.927081
2 54 157 -0.0258846 -0.85984 0.509907 -0.183252 -0.98788 -0.0560883 -0.144728 -0.0756201 0.153043 -0.507473 -0.847968 0.980153
2 55 57 0.571655 -0.664311 -0.481562 0.354866 -0.819047 -0.496873 -0.286845 0.210134 -0.0487209 0.558398 -0.828141 0.910996
2 56 58 0.54406 -0.831597 0.111554 0.267534 0.632012 0.493623 0.597409 0.179764 -0.551869 -0.254523 0.79414 0.946631
2 57 45 0.442227 -0.893533 0.0776782 -0.301418 0.707622 0.400805 0.581916 -0.136605 -0.551095 -0.202372 0.809531 -0.943656
2 58 38 -0.887499 0.450734 0.0958359 0.43181 -0.447371 -0.792917 -0.413693 0.169366 -0.110475 -0.410026 0.905358 0.88592
2 59 13 -0.451978 0.881908 -0.133991 0.361126 0.889866 0.435313 -0.136533 -0.238432 -0.062082 -0.180944 -0.981532 0.90152
2 60 26 0.641096 0.0138609 -0.767336 -0.426422 0.0943294 0.990833 0.0967086 -0.104313 0.761642 -0.134382 0.633911 0.898489
2 61 19 -0.715219 0.282582 0.639226 0.243324 -0.326234 -0.943845 0.052227 0.0742073 0.618089 -0.171184 0.767243 -0.967102
2 62 37 -0.955814 0.151365 -0.252009 -0.168115 0.0548551 0.93403 0.352957 -0.0818843 0.28881 0.323537 -0.901062 0.982361
2 63 51 0.983819 0.116973 0.135709 -0.262594 -0.0891523 0.976643 -0.1955 -0.0486287 -0.155408 0.180238 0.971269 0.96368
2 64 34 0.443282 -0.368229 -0.817257 0.328912 0.266252 -0.816492 0.512299 -0.23859 -0.855927 -0.444689 -0.263895 0.913724
2 65 42 0.996085 0.0834946 -0.0290371 0.351197 -0.0868689 0.985387 -0.146511 -0.24221 0.01638 0.14846 0.988783 0.904431
2 66 184 0.764957 -0.24806 0.594397 -0.230797 0.239663 -0.746965 -0.620165 0.0229882 0.597832 0.616854 -0.511945 0.97273
2 67 27 0.97988 0.197426 0.0292941 -0.337747 -0.195078 0.978392 -0.0685038 0.244684 -0.0421856 0.0614109 0.997221 -0.908877
3 4 3893 0.994602 0.0541722 -0.088504 0.999356 -0.0535375 0.99852 0.00953198 -0.0208347 0.0888894 -0.00474224 0.99603 -0.02922
3 5 2773 0.991611 0.0550991 -0.116923 0.990767 -0.0559787 0.998423 -0.00425007 0.041358 0.116504 0.0107596 0.993132 -0.12911
3 6 1634 0.985983 0.0933345 -0.138301 0.970982 -0.0912273 0.995598 0.0215122 0.0644367 0.1397 -0.0085938 0.990157 -0.230307
3 7 989 0.960721 0.117278 -0.251518 0.991882 -0.120012 0.992762 0.0044963 0.0599083 0.250225 0.0258655 0.967842 -0.112161
3 8 814 0.946852 0.237802 -0.216615 0.979498 -0.250256 0.967664 -0.0315926 -0.0784703 0.202098 0.0841229 0.975746 -0.185541
3 9 658 0.92301 0.134268 -0.360591 0.987879 -0.135819 0.990508 0.0211629 -0.0577572 0.360009 0.0294414 0.932484 0.144083
3 10 674 0.828007 0.130517 -0.545316 0.955424 -0.137497 0.990101 0.0281974 -0.0861521 0.543598 0.0516315 0.837756 0.282386
3 11 643 0.876483 0.226918 -0.4246 0.990988 -0.256567 0.966437 -0.013129 -0.0646801 0.40737 0.120446 0.905286 0.117297
3 12 523 0.893639 0.213642 -0.394673 0.987913 -0.225696 0.974062 0.0162416 -0.127264 0.387906 0.074562 0.918678 0.0884962
3 13 525 0.700976 0.198881 -0.684894 0.96344 -0.251881 0.967481 0.0231431 -0.0780457 0.667225 0.156289 0.728275 0.256305
3 14 244 0.899445 0.423266 -0.108837 0.871591 -0.426605 0.9044 -0.00832343 -0.262246 0.094909 0.0539168 0.994025 -0.414194
3 15 242 0.779459 0.205463 -0.591802 0.985147 -0.248781 0.968522 0.00858449 -0.0521025 0.574937 0.140538 0.806038 -0.163619
3 16 269 0.747961 0.209356 -0.629861 0.217081 -0.219332 0.973604 0.0631537 0.101231 0.626457 0.0909122 0.774136 -0.97089
3 17 199 0.715784 0.233196 -0.658234 0.435691 -0.229639 0.968775 0.0934964 0.0500324 0.659484 0.0842332 0.746985 -0.898705
3 18 251 0.67392 0.276985 -0.684917 0.327752 -0.285227 0.95273 0.104644 0.0960998 0.681526 0.124836 0.721068 -0.939864
3 19 152 -0.249134 0.241064 -0.937987 0.668963 -0.291714 0.904866 0.310033 -0.207133 0.923491 0.350864 -0.155112 0.713852
3 20 64 0.578422 0.0640771 -0.813217 0.325739 0.193577 -0.979216 0.0605294 -0.239013 -0.792437 -0.192431 -0.578804 0.91475
3 21 54 0.988766 0.11274 0.0981383 0.438421 -0.0980362 0.984774 -0.14356 -0.265871 -0.112829 0.132326 0.984764 0.858545
3 22 90 0.995641 -0.0593956 0.0719172 0.44652 0.0689803 0.987872 -0.139109 -0.310626 -0.0627825 0.143463 0.987662 0.839125
3 23 133 0.938947 0.291693 0.182466 0.356038 -0.143785 0.814465 -0.562115 -0.223195 -0.312578 0.50156 0.80668 0.907425
3 24 100 0.990585 0.136891 -0.00169794 0.334749 -0.135899 0.981761 -0.132953 -0.201024 -0.016533 0.131932 0.991121 0.920615
3 25 55 0.854187 0.516757 0.0576732 0.210547 -0.445702 0.784795 -0.430635 -0.00250348 -0.267796 0.342138 0.900682 0.977581
3 26 107 0.565469 0.737703 -0.368834 0.268229 0.514944 -0.665106 -0.540802 0.0185776 -0.644265 0.115878 -0.755973 0.963176
3 27 53 0.949737 -0.211574 -0.23073 0.00823808 0.258282 0.946053 0.195638 -0.00539433 0.17689 -0.245398 0.953147 0.999952
3 28 67 0.332403 -0.938397 0.0944414 -0.138666 -0.8724 -0.343975 -0.347275 -0.0818662 0.358367 0.0330444 -0.932996 0.98695
3 29 0 1 0 0 0 0 1 0 0 0 0 1 0
3 30 51 0.750429 -0.117283 0.650462 -0.300733 0.0907487 -0.956527 -0.277164 0.0383989 0.654692 0.267021 -0.707163 0.952935
3 31 23 0.786939 0.468216 -0.401872 -0.211796 -0.56892 0.802717 -0.178815 -0.0450023 0.238866 0.36935 0.898067 0.976277
3 32 53 -0.727704 -0.673742 0.128528 -0.250155 -0.685624 0.709293 -0.16378 -0.000706639 0.0191812 -0.207305 -0.978088 0.968206
3 33 124 -0.628023 0.757967 -0.176279 0.272986 0.666225 0.406621 -0.625143 0.159959 -0.402159 -0.510045 -0.760344 0.948626
3 34 73 -0.619464 -0.49839 0.606524 -0.430848 0.0531447 0.744221 0.665816 -0.280321 -0.783224 0.444682 -0.434532 0.857782
3 35 35 -0.909583 0.251461 -0.330797 -0.103043 -0.349753 -0.893151 0.282762 0.34348 -0.224348 0.372893 0.900344 0.93349
3 36 36 0.809595 -0.456716 0.368737 -0.0858508 -0.387489 -0.887688 -0.248722 0.340983 0.440918 0.0584829 -0.89564 0.936141
3 37 40 -0.16359 -0.881206 0.443526 -0.0511726 0.900659 -0.316859 -0.297343 0.24457 0.402555 0.350823 0.845501 0.96828
3 38 88 -0.47237 0.846805 0.244515 -0.161946 0.860378 0.503233 -0.0806653 0.183148 -0.191356 0.172271 -0.966284 0.969655
3 39 95 -0.49729 -0.518807 0.695372 -0.320789 -0.780949 0.616812 -0.0982958 0.144707 -0.377917 -0.591931 -0.711896 0.936031
3 40 49 -0.725889 0.307308 -0.615343 -0.00975193 0.522067 0.828632 -0.20203 0.265772 0.447807 -0.467901 -0.76193 0.963987
3 41 32 0.505394 0.364012 -0.78235 0.453433 0.702494 0.352925 0.618017 0.0551041 0.501077 -0.861939 -0.0773503 0.889585
3 42 39 0.896928 0.359161 0.257923 -0.133068 0.442159 -0.733719 -0.515899 0.535638 0.00395224 0.576767 -0.816899 0.833897
3 43 89 -0.205147 0.264279 -0.942375 0.632037 0.968292 0.195054 -0.156088 0.299051 0.142564 -0.944516 -0.295914 0.714911
3 44 22 0.998293 0.0328126 0.0483253 -0.126596 -0.0325038 0.999446 -0.00716059 0.282914 -0.0485335 0.0055776 0.998806 0.950754
3 45 29 0.343793 -0.78526 -0.514949 0.377898 -0.870493 -0.0608261 -0.488408 0.0363739 0.352205 0.616171 -0.704475 0.925132
3 46 37 -0.439956 0.828232 -0.347089 0.346697 0.686815 0.559341 0.464136 0.0556666 0.578553 -0.0341868 -0.814928 0.936324
3 47 55 0.625189 -0.6995 -0.346177 0.367616 -0.734268 -0.376806 -0.564684 0.0578233 0.264554 0.607221 -0.749195 0.928178
3 48 56 0.449093 0.840514 0.30307 0.341346 -0.770527 0.536052 -0.344872 -0.00716171 -0.452331 -0.0786441 0.888376 0.93991
3 49 125 -0.101374 -0.510989 -0.853589 0.497191 -0.631649 0.695938 -0.341598 0.197618 0.768598 0.50454 -0.393316 0.844836
3 50 114 -0.943187 0.118425 -0.310442 0.333619 0.195287 0.953494 -0.22959 0.155002 0.268815 -0.277172 -0.92245 0.929878
3 51 48 -0.839031 -0.492538 0.231159 0.341296 0.537994 -0.81443 0.217408 -0.0671174 0.0811809 0.306774 0.948314 0.937557
3 52 0 1 0 0 0 0 1 0 0 0 0 1 0
3 53 215 0.0107088 0.697799 -0.716214 0.434758 0.941972 -0.247371 -0.226926 0.201645 -0.335519 -0.672224 -0.659956 0.877681
3 54 126 0.996729 -0.079816 0.0126943 0.367436 0.0800748 0.996559 -0.0213888 0.171968 -0.0109435 0.0223353 0.999691 0.914012
3 55 130 0.832351 0.55367 -0.0253079 0.320059 0.541617 -0.822227 -0.17491 0.196629 -0.117652 0.13188 -0.984259 0.926768
3 56 103 -0.352996 -0.921544 -0.161711 0.277661 0.792131 -0.386341 0.472514 0.217655 -0.497918 0.0386991 0.86636 0.935698
3 57 153 -0.2267 0.948691 -0.220438 0.249236 0.938055 0.273567 0.212635 0.215096 0.262029 -0.158579 -0.951942 0.944254
3 58 150 0.723364 0.589521 -0.359458 0.423915 0.633532 -0.773693 0.0060247 0.161959 -0.274558 -0.232086 -0.933142 0.891103
3 59 48 0.279456 0.950003 0.139278 0.137321 0.95031 -0.25294 -0.181474 0.284471 -0.137172 0.183071 -0.973483 0.948799
3 60 29 -0.941758 0.281785 -0.183546 -0.224084 0.284993 0.958485 0.00922257 0.0138489 0.178524 -0.0436237 -0.982968 0.974471
3 61 69 0.855582 0.436006 -0.279066 -0.249626 -0.482169 0.86739 -0.12308 0.0551508 0.188395 0.239862 0.952352 0.966771
3 62 94 0.338336 0.940299 0.0369612 -0.218269 0.894137 -0.333473 0.298856 -0.117292 0.293339 -0.0680653 -0.953582 0.968814
3 63 70 0.0914215 -0.860292 -0.501538 -0.196182 0.984136 0.00115296 0.177413 -0.14533 -0.152049 -0.509801 0.846749 0.969738
3 64 108 0.687058 -0.331161 -0.646749 -0.204681 0.364614 0.927053 -0.0873498 -0.0961092 0.628497 -0.175799 0.757685 0.974099
3 65 85 0.964995 -0.131585 -0.22687 -0.199547 -0.1254 -0.991237 0.0415263 -0.170412 -0.230346 -0.0116231 -0.973039 0.964956
3 66 41 -0.666825 -0.517298 0.536421 -0.353483 0.224767 -0.82591 -0.517061 0.236344 0.71051 -0.224219 0.667009 -0.905092
3 67 65 0.290972 0.917253 -0.271998 0.274258 -0.945728 0.31875 0.0632149 0.136215 0.144683 0.238842 0.960219 -0.95196
4 5 4447 0.997208 0.00961079 -0.0740578 0.968957 -0.0101085 0.999929 -0.00634881 -0.0320185 0.0739915 0.00707969 0.997234 -0.245147
4 6 3190 0.9946 0.0434746 -0.094236 0.966507 -0.0426716 0.999034 0.0105201 0.10712 0.0946023 -0.0064421 0.995494 -0.233218
4 7 1909 0.978836 0.0550813 -0.197093 0.981358 -0.0557568 0.998442 0.00212422 0.0422868 0.196903 0.00891004 0.980382 -0.187478
4 8 1000 0.943614 0.118951 -0.308938 0.995698 -0.135773 0.990175 -0.0334533 -0.0729699 0.301924 0.0735124 0.950494 -0.0571095
4 9 747 0.95134 0.0900049 -0.294706 0.996727 -0.102238 0.994411 -0.026335 0.0555014 0.290688 0.0551836 0.955225 0.0587797
4 10 631 0.884209 0.0840318 -0.45947 0.972314 -0.095121 0.995465 -0.000992682 -0.0585512 0.457303 0.044583 0.888193 0.226222
4 11 724 0.836094 0.0893656 -0.541259 0.971043 -0.1263 0.991495 -0.0313958 -0.0288629 0.53385 0.0946109 0.84027 0.237156
4 12 620 0.919125 0.13018 -0.371837 0.996909 -0.14611 0.989157 -0.0148599 -0.0693524 0.365871 0.0679873 0.928179 0.0369053
4 13 486 0.873826 0.156968 -0.460205 0.990559 -0.171185 0.985178 0.010984 -0.114658 0.455108 0.0691822 0.887745 0.0751361
4 14 297 0.775275 0.215707 -0.593649 0.948028 -0.206008 0.974836 0.0851785 -0.233916 0.597084 0.05626 0.800203 0.2157
4 15 206 0.824098 0.122927 -0.552948 -0.308411 -0.165596 0.985806 -0.0276444 0.109785 0.541701 0.114348 0.832757 0.944897
4 16 356 0.782074 0.155904 -0.603369 0.366427 -0.164794 0.985474 0.0410336 0.141387 0.601002 0.0673406 0.796405 -0.919642
4 17 613 0.145882 0.214377 -0.965796 0.823325 -0.215471 0.959688 0.180474 -0.118251 0.965552 0.181773 0.186193 0.555114
4 18 572 0.690337 0.246498 -0.680201 0.786633 -0.248407 0.963771 0.0971521 -0.0660537 0.679506 0.101899 0.726559 -0.613878
4 19 305 -0.393573 0.22839 -0.890471 0.573769 -0.222067 0.916341 0.333175 -0.222192 0.892069 0.328873 -0.309929 0.788302
4 20 27 -0.998126 0.0380589 0.0479207 0.0340555 0.054628 0.907064 0.417434 -0.199796 -0.02758 0.419269 -0.907443 0.979246
4 21 34 -0.717978 0.693613 -0.0583781 0.203598 0.628265 0.681865 0.374623 -0.22353 0.299649 0.232294 -0.925338 0.953196
4 22 101 0.577606 -0.815119 0.0441923 0.446018 0.816268 0.576141 -0.0420473 -0.27381 0.00881252 0.0603596 0.998138 0.852113
4 23 16 -0.438134 -0.808498 0.392899 0.383821 0.60166 -0.588499 -0.540069 -0.306314 0.667865 -0.00023133 0.744282 0.871122
4 24 35 0.64556 -0.763132 -0.0296846 -0.348329 0.660534 0.577434 -0.479859 0.285772 0.383337 0.29017 0.876843 -0.892749
4 25 79 0.916731 -0.16098 0.365635 0.22148 0.0776117 0.969548 0.232279 -0.304637 -0.391893 -0.184559 0.901309 0.92636
4 26 135 0.14927 -0.739019 0.656939 -0.431192 -0.988425 -0.093318 0.119613 -0.247785 -0.027092 -0.66719 -0.744395 0.867569
4 27 183 0.628099 -0.278387 0.726631 -0.180766 0.160628 0.960086 0.228982 0.00108855 -0.761374 -0.0271061 0.647746 0.983526
4 28 50 -0.989629 0.0511836 0.134222 -0.0200808 -0.0966117 -0.928631 -0.358204 0.0422518 0.106309 -0.367457 0.923945 0.998905
4 29 94 0.982939 0.0314239 -0.18123 -0.0128218 0.078359 -0.962955 0.258028 -0.0710304 -0.166408 -0.267826 -0.948988 0.997392
4 30 17 -0.0295243 -0.956078 -0.291623 -0.1379 -0.995219 0.0552905 -0.0805112 0.0687536 0.0930989 0.287851 -0.953139 0.988057
4 31 0 1 0 0 0 0 1 0 0 0 0 1 0
4 32 51 0.882412 0.470088 -0.0191572 0.375425 -0.253465 0.509299 0.822417 0.0232833 0.396365 -0.720855 0.568562 0.92656
4 33 43 -0.83779 -0.119153 0.532833 0.248003 0.158688 -0.986908 0.0288166 0.0645419 0.522424 0.108697 0.84573 0.966607
4 34 51 0.551995 0.172817 -0.815743 0.364428 0.822151 0.050483 0.567026 -0.015531 0.139173 -0.983659 -0.114215 0.931102
4 35 75 -0.50097 -0.602175 0.621623 -0.297248 -0.864673 0.378953 -0.329749 0.182841 -0.0369999 -0.702695 -0.710529 0.93713
4 36 75 0.947568 -0.313473 0.0620431 0.231385 0.29115 0.926936 0.236688 0.198132 -0.131705 -0.206215 0.969603 0.952473
4 37 21 0.817969 -0.537622 0.204668 -0.0616455 0.562673 0.821743 -0.0902049 0.452575 -0.119689 0.188946 0.974666 0.889593
4 38 85 -0.443427 0.842284 0.306481 -0.225441 0.875467 0.48032 -0.0533816 0.184776 -0.192172 0.244643 -0.950379 0.956574
4 39 89 -0.402756 -0.879952 0.251935 -0.0376188 -0.848598 0.462133 0.257515 0.0464789 -0.343029 -0.110076 -0.932853 0.998211
4 40 71 -0.135252 -0.745264 0.652908 -0.246526 -0.986547 0.040225 -0.158451 0.118309 0.0918246 -0.665555 -0.740678 0.961888
4 41 0 1 0 0 0 0 1 0 0 0 0 1 0
4 42 24 0.349654 -0.702413 0.619966 -0.229451 -0.912038 -0.406569 0.0537426 0.0699923 0.214309 -0.584224 -0.782786 0.9708
4 43 43 0.924695 0.349145 -0.15178 0.176899 -0.358317 0.932863 -0.037088 0.158393 0.128641 0.0886804 0.987718 0.9714
4 44 38 0.967059 -0.247826 0.0581235 -0.000638893 0.251072 0.966265 -0.0574004 0.519358 -0.0419373 0.0701028 0.996658 0.854556
4 45 13 -0.523582 0.850254 0.0541328 0.330356 0.816971 0.519081 -0.251224 0.0537535 -0.241704 -0.0873116 -0.966414 0.942325
4 46 24 -0.686832 0.6856 0.241277 0.362168 -0.721313 -0.602205 -0.342135 0.0901795 -0.0892699 -0.409026 0.908146 0.92774
4 47 16 -0.355285 -0.930392 0.0902359 0.370797 0.910603 -0.322684 0.25822 0.118356 -0.211128 0.173911 0.961863 0.921141
4 48 12 0.541726 0.699687 0.465802 0.336007 -0.829384 0.354899 0.431472 -0.0096884 0.136583 -0.620068 0.772568 0.94181
4 49 30 0.834505 -0.282158 0.473274 0.349533 0.274429 0.957659 0.0870506 0.0691398 -0.477797 0.0572357 0.876604 0.934369
4 50 80 0.823053 -0.447056 0.350322 0.286565 0.563064 0.723106 -0.400096 0.0525972 -0.0744539 0.526554 0.846875 0.956616
4 51 31 0.0484359 0.958817 0.279864 0.311999 -0.905559 -0.076071 0.417344 0.109007 0.421447 -0.273648 0.864581 0.943808
4 52 57 -0.381185 -0.862406 0.333097 0.24139 -0.891611 0.247689 -0.379051 0.257058 0.244391 -0.441482 -0.863346 0.935763
4 53 71 0.574757 -0.789518 -0.215209 0.371983 0.123431 -0.176338 0.97656 -0.0133341 -0.808962 -0.587848 -0.00390033 0.928144
4 54 120 0.932478 0.359838 0.0316565 0.270132 0.342934 -0.909383 0.23541 0.133703 0.113497 -0.208659 -0.97138 0.953495
4 55 91 -0.580473 -0.641511 0.501513 0.254569 -0.799879 0.564542 -0.20368 0.260122 -0.152462 -0.519381 -0.840832 0.931413
4 56 91 0.294886 -0.948745 0.113689 0.282564 0.700795 0.295617 0.649228 0.166019 -0.64956 -0.111775 0.752049 0.944773
4 57 69 0.478577 -0.84956 0.221837 -0.250774 0.583318 0.49646 0.642859 -0.216284 -0.656281 -0.178255 0.733158 -0.943575
4 58 52 0.949909 0.0265834 0.311394 0.115806 0.175756 -0.869327 -0.461932 0.288393 0.258423 0.493522 -0.830454 0.950483
4 59 53 0.737213 -0.480775 0.474734 0.0994001 -0.483372 0.115645 0.867743 0.120646 -0.472089 -0.869185 -0.147138 0.987707
4 60 56 0.946833 -0.157746 0.280399 0.108625 0.0285366 -0.826934 -0.561574 0.321266 0.320458 0.539718 -0.778467 0.940738
4 61 27 -0.170934 0.861314 -0.478456 0.516846 0.880171 0.351728 0.318727 -0.236963 0.44281 -0.366641 -0.818226 0.822629
4 62 44 -0.711589 -0.293599 -0.638311 0.137737 0.497425 -0.852136 -0.16258 0.0907563 -0.496195 -0.433202 0.752414 -0.986302
4 63 132 0.559491 0.803817 0.20211 0.180164 0.827 -0.525174 -0.200658 0.314577 -0.0551491 0.279411 -0.958587 0.931978
4 64 35 -0.640005 -0.385464 -0.664689 0.232261 0.601599 -0.789519 -0.121403 0.127088 -0.477988 -0.477575 0.737191 -0.964315
4 65 92 0.68142 -0.433655 -0.589584 -0.214834 0.574934 0.815649 0.0645554 -0.110234 0.452899 -0.382961 0.805123 0.97041
4 66 38 -0.703444 -0.253426 -0.664035 -0.0929561 0.483493 -0.855419 -0.18572 -0.097423 -0.520962 -0.4517 0.724269 0.990892
4 67 53 0.863072 0.401667 -0.306219 0.406899 0.45821 -0.877726 0.140146 -0.184741 -0.212484 -0.261268 -0.941589 0.894597
5 6 2304 0.998781 0.0342514 -0.0355512 0.871136 -0.0334695 0.99919 0.0223628 0.0923493 0.0362884 -0.0211456 0.999118 -0.482279
5 7 2940 0.987615 0.0550482 -0.146926 0.986525 -0.0549239 0.998478 0.0049059 0.100623 0.146972 0.00322459 0.989135 -0.129012
5 8 1663 0.969825 0.141599 -0.198466 0.994721 -0.153738 0.98699 -0.0470764 -0.0194096 0.189217 0.0761677 0.978977 -0.100765
5 9 1221 0.96832 0.0674774 -0.240423 0.991894 -0.0686653 0.997634 0.0034427 -0.00701157 0.240086 0.0131751 0.970662 0.126873
5 10 757 0.949129 0.114873 -0.293187 0.979954 -0.120334 0.992733 -0.000595737 -0.0684566 0.290988 0.0358458 0.956055 0.187092
5 11 861 0.926608 0.106856 -0.360527 0.987281 -0.122321 0.992283 -0.0202828 -0.0473304 0.355578 0.0628942 0.932528 0.151776
5 12 697 0.919835 0.184059 -0.346449 0.976486 -0.186639 0.982079 0.0262184 -0.177533 0.345066 0.0405444 0.937702 0.122295
5 13 622 0.866382 0.136035 -0.480495 0.994166 -0.159517 0.987162 -0.00814544 -0.0450312 0.473219 0.0837041 0.876959 0.0980107
5 14 474 0.870867 0.228907 -0.434963 0.98787 -0.247376 0.96881 0.0145658 -0.139623 0.42473 0.0949145 0.900331 0.0679569
5 15 696 0.783178 0.194391 -0.590631 0.987717 -0.230242 0.973019 0.0149435 -0.0610347 0.5776 0.124284 0.806803 0.143843
5 16 738 0.469159 0.23416 -0.851504 0.917824 -0.198146 0.967534 0.156894 -0.195938 0.860598 0.0951136 0.500325 0.345264
