0 1 39 0.999859 0.00858521 -0.0144502 0.568077 -0.00887731 0.999755 -0.0202731 0.00990224 0.0142726 0.0203985 0.99969 0.822916
0 2 91 0.990563 0.0495661 -0.127779 0.989813 -0.0553456 0.99758 -0.0420818 0.0543401 0.125384 0.0487567 0.990909 -0.131595
0 3 53 0.983826 0.0509601 -0.171724 0.979799 -0.0523282 0.998624 -0.00344663 0.079118 0.171312 0.0123769 0.985139 -0.18367
0 4 20 0.965038 0.0863349 -0.247484 0.999654 -0.0834669 0.996266 0.0220776 0.00467152 0.248466 -0.000648984 0.96864 -0.0258864
0 5 0 1 0 0 0 0 1 0 0 0 0 1 0
0 6 0 1 0 0 0 0 1 0 0 0 0 1 0
0 7 0 1 0 0 0 0 1 0 0 0 0 1 0
0 8 0 1 0 0 0 0 1 0 0 0 0 1 0
0 9 0 1 0 0 0 0 1 0 0 0 0 1 0
0 10 0 1 0 0 0 0 1 0 0 0 0 1 0
0 11 0 1 0 0 0 0 1 0 0 0 0 1 0
0 12 0 1 0 0 0 0 1 0 0 0 0 1 0
0 13 0 1 0 0 0 0 1 0 0 0 0 1 0
0 14 0 1 0 0 0 0 1 0 0 0 0 1 0
0 15 0 1 0 0 0 0 1 0 0 0 0 1 0
0 16 0 1 0 0 0 0 1 0 0 0 0 1 0
0 17 0 1 0 0 0 0 1 0 0 0 0 1 0
0 18 0 1 0 0 0 0 1 0 0 0 0 1 0
0 19 0 1 0 0 0 0 1 0 0 0 0 1 0
0 20 0 1 0 0 0 0 1 0 0 0 0 1 0
0 21 0 1 0 0 0 0 1 0 0 0 0 1 0
0 22 0 1 0 0 0 0 1 0 0 0 0 1 0
0 23 0 1 0 0 0 0 1 0 0 0 0 1 0
0 24 0 1 0 0 0 0 1 0 0 0 0 1 0
0 25 0 1 0 0 0 0 1 0 0 0 0 1 0
0 26 0 1 0 0 0 0 1 0 0 0 0 1 0
0 27 0 1 0 0 0 0 1 0 0 0 0 1 0
0 28 0 1 0 0 0 0 1 0 0 0 0 1 0
0 29 0 1 0 0 0 0 1 0 0 0 0 1 0
0 30 0 1 0 0 0 0 1 0 0 0 0 1 0
0 31 0 1 0 0 0 0 1 0 0 0 0 1 0
0 32 0 1 0 0 0 0 1 0 0 0 0 1 0
0 33 0 1 0 0 0 0 1 0 0 0 0 1 0
0 34 0 1 0 0 0 0 1 0 0 0 0 1 0
0 35 0 1 0 0 0 0 1 0 0 0 0 1 0
0 36 0 1 0 0 0 0 1 0 0 0 0 1 0
0 37 0 1 0 0 0 0 1 0 0 0 0 1 0
0 38 0 1 0 0 0 0 1 0 0 0 0 1 0
0 39 0 1 0 0 0 0 1 0 0 0 0 1 0
0 40 0 1 0 0 0 0 1 0 0 0 0 1 0
0 41 0 1 0 0 0 0 1 0 0 0 0 1 0
0 42 0 1 0 0 0 0 1 0 0 0 0 1 0
0 43 0 1 0 0 0 0 1 0 0 0 0 1 0
0 44 0 1 0 0 0 0 1 0 0 0 0 1 0
0 45 0 1 0 0 0 0 1 0 0 0 0 1 0
0 46 0 1 0 0 0 0 1 0 0 0 0 1 0
0 47 0 1 0 0 0 0 1 0 0 0 0 1 0
0 48 0 1 0 0 0 0 1 0 0 0 0 1 0
0 49 0 1 0 0 0 0 1 0 0 0 0 1 0
0 50 0 1 0 0 0 0 1 0 0 0 0 1 0
0 51 0 1 0 0 0 0 1 0 0 0 0 1 0
0 52 0 1 0 0 0 0 1 0 0 0 0 1 0
0 53 0 1 0 0 0 0 1 0 0 0 0 1 0
0 54 0 1 0 0 0 0 1 0 0 0 0 1 0
0 55 0 1 0 0 0 0 1 0 0 0 0 1 0
0 56 0 1 0 0 0 0 1 0 0 0 0 1 0
0 57 0 1 0 0 0 0 1 0 0 0 0 1 0
0 58 0 1 0 0 0 0 1 0 0 0 0 1 0
0 59 0 1 0 0 0 0 1 0 0 0 0 1 0
0 60 0 1 0 0 0 0 1 0 0 0 0 1 0
0 61 0 1 0 0 0 0 1 0 0 0 0 1 0
0 62 0 1 0 0 0 0 1 0 0 0 0 1 0
0 63 0 1 0 0 0 0 1 0 0 0 0 1 0
0 64 0 1 0 0 0 0 1 0 0 0 0 1 0
0 65 0 1 0 0 0 0 1 0 0 0 0 1 0
0 66 0 1 0 0 0 0 1 0 0 0 0 1 0
0 67 0 1 0 0 0 0 1 0 0 0 0 1 0
1 2 119 0.997193 0.036088 -0.0656093 0.878853 -0.0375816 0.999058 -0.0216736 0.0854132 0.0647654 0.0240784 0.99761 -0.469384
1 3 83 0.988341 0.0416213 -0.146455 0.963396 -0.0394967 0.999068 0.0173858 0.0944864 0.147042 -0.0113986 0.989065 -0.25088
1 4 33 0.969073 0.114066 -0.218831 0.980413 -0.114382 0.993373 0.0112667 0.12636 0.218666 0.0141122 0.975698 -0.151076
1 5 22 0.944306 0.0825003 -0.318558 0.999236 -0.0756248 0.996559 0.0339138 -2.24632e-05 0.32026 -0.00793416 0.947296 -0.0390702
1 6 0 1 0 0 0 0 1 0 0 0 0 1 0
1 7 0 1 0 0 0 0 1 0 0 0 0 1 0
1 8 0 1 0 0 0 0 1 0 0 0 0 1 0
1 9 0 1 0 0 0 0 1 0 0 0 0 1 0
1 10 0 1 0 0 0 0 1 0 0 0 0 1 0
1 11 0 1 0 0 0 0 1 0 0 0 0 1 0
1 12 0 1 0 0 0 0 1 0 0 0 0 1 0
1 13 20 0.817361 0.201036 -0.539913 0.162518 -0.214131 0.976016 0.0392502 0.0668882 0.534854 0.0835306 0.840805 -0.984436
1 14 0 1 0 0 0 0 1 0 0 0 0 1 0
1 15 0 1 0 0 0 0 1 0 0 0 0 1 0
1 16 0 1 0 0 0 0 1 0 0 0 0 1 0
1 17 0 1 0 0 0 0 1 0 0 0 0 1 0
1 18 0 1 0 0 0 0 1 0 0 0 0 1 0
1 19 0 1 0 0 0 0 1 0 0 0 0 1 0
1 20 0 1 0 0 0 0 1 0 0 0 0 1 0
1 21 0 1 0 0 0 0 1 0 0 0 0 1 0
1 22 0 1 0 0 0 0 1 0 0 0 0 1 0
1 23 0 1 0 0 0 0 1 0 0 0 0 1 0
1 24 0 1 0 0 0 0 1 0 0 0 0 1 0
1 25 0 1 0 0 0 0 1 0 0 0 0 1 0
1 26 0 1 0 0 0 0 1 0 0 0 0 1 0
1 27 0 1 0 0 0 0 1 0 0 0 0 1 0
1 28 0 1 0 0 0 0 1 0 0 0 0 1 0
1 29 0 1 0 0 0 0 1 0 0 0 0 1 0
1 30 0 1 0 0 0 0 1 0 0 0 0 1 0
1 31 0 1 0 0 0 0 1 0 0 0 0 1 0
1 32 0 1 0 0 0 0 1 0 0 0 0 1 0
1 33 0 1 0 0 0 0 1 0 0 0 0 1 0
1 34 0 1 0 0 0 0 1 0 0 0 0 1 0
1 35 0 1 0 0 0 0 1 0 0 0 0 1 0
1 36 0 1 0 0 0 0 1 0 0 0 0 1 0
1 37 0 1 0 0 0 0 1 0 0 0 0 1 0
1 38 0 1 0 0 0 0 1 0 0 0 0 1 0
1 39 0 1 0 0 0 0 1 0 0 0 0 1 0
1 40 0 1 0 0 0 0 1 0 0 0 0 1 0
1 41 0 1 0 0 0 0 1 0 0 0 0 1 0
1 42 0 1 0 0 0 0 1 0 0 0 0 1 0
1 43 0 1 0 0 0 0 1 0 0 0 0 1 0
1 44 0 1 0 0 0 0 1 0 0 0 0 1 0
1 45 0 1 0 0 0 0 1 0 0 0 0 1 0
1 46 0 1 0 0 0 0 1 0 0 0 0 1 0
1 47 0 1 0 0 0 0 1 0 0 0 0 1 0
1 48 0 1 0 0 0 0 1 0 0 0 0 1 0
1 49 0 1 0 0 0 0 1 0 0 0 0 1 0
1 50 0 1 0 0 0 0 1 0 0 0 0 1 0
1 51 0 1 0 0 0 0 1 0 0 0 0 1 0
1 52 0 1 0 0 0 0 1 0 0 0 0 1 0
1 53 0 1 0 0 0 0 1 0 0 0 0 1 0
1 54 0 1 0 0 0 0 1 0 0 0 0 1 0
1 55 0 1 0 0 0 0 1 0 0 0 0 1 0
1 56 0 1 0 0 0 0 1 0 0 0 0 1 0
1 57 0 1 0 0 0 0 1 0 0 0 0 1 0
1 58 0 1 0 0 0 0 1 0 0 0 0 1 0
1 59 0 1 0 0 0 0 1 0 0 0 0 1 0
1 60 0 1 0 0 0 0 1 0 0 0 0 1 0
1 61 0 1 0 0 0 0 1 0 0 0 0 1 0
1 62 0 1 0 0 0 0 1 0 0 0 0 1 0
1 63 0 1 0 0 0 0 1 0 0 0 0 1 0
1 64 0 1 0 0 0 0 1 0 0 0 0 1 0
1 65 0 1 0 0 0 0 1 0 0 0 0 1 0
1 66 0 1 0 0 0 0 1 0 0 0 0 1 0
1 67 0 1 0 0 0 0 1 0 0 0 0 1 0
2 3 64 0.999379 -0.00362021 0.0350478 -0.692241 0.00208759 0.999044 0.0436677 0.0369518 -0.0351723 -0.0435674 0.998431 -0.72072
2 4 33 0.987206 0.0693627 -0.143574 0.994863 -0.0637267 0.997019 0.0434939 0.0988447 0.146163 -0.0337879 0.988683 0.0218422
2 5 0 1 0 0 0 0 1 0 0 0 0 1 0
2 6 0 1 0 0 0 0 1 0 0 0 0 1 0
2 7 0 1 0 0 0 0 1 0 0 0 0 1 0
2 8 0 1 0 0 0 0 1 0 0 0 0 1 0
2 9 0 1 0 0 0 0 1 0 0 0 0 1 0
2 10 0 1 0 0 0 0 1 0 0 0 0 1 0
2 11 0 1 0 0 0 0 1 0 0 0 0 1 0
2 12 0 1 0 0 0 0 1 0 0 0 0 1 0
2 13 0 1 0 0 0 0 1 0 0 0 0 1 0
2 14 0 1 0 0 0 0 1 0 0 0 0 1 0
2 15 0 1 0 0 0 0 1 0 0 0 0 1 0
2 16 0 1 0 0 0 0 1 0 0 0 0 1 0
2 17 0 1 0 0 0 0 1 0 0 0 0 1 0
2 18 0 1 0 0 0 0 1 0 0 0 0 1 0
2 19 0 1 0 0 0 0 1 0 0 0 0 1 0
2 20 0 1 0 0 0 0 1 0 0 0 0 1 0
2 21 0 1 0 0 0 0 1 0 0 0 0 1 0
2 22 0 1 0 0 0 0 1 0 0 0 0 1 0
2 23 0 1 0 0 0 0 1 0 0 0 0 1 0
2 24 0 1 0 0 0 0 1 0 0 0 0 1 0
2 25 0 1 0 0 0 0 1 0 0 0 0 1 0
2 26 0 1 0 0 0 0 1 0 0 0 0 1 0
2 27 0 1 0 0 0 0 1 0 0 0 0 1 0
2 28 0 1 0 0 0 0 1 0 0 0 0 1 0
2 29 0 1 0 0 0 0 1 0 0 0 0 1 0
2 30 0 1 0 0 0 0 1 0 0 0 0 1 0
2 31 0 1 0 0 0 0 1 0 0 0 0 1 0
2 32 0 1 0 0 0 0 1 0 0 0 0 1 0
2 33 0 1 0 0 0 0 1 0 0 0 0 1 0
2 34 0 1 0 0 0 0 1 0 0 0 0 1 0
2 35 0 1 0 0 0 0 1 0 0 0 0 1 0
2 36 0 1 0 0 0 0 1 0 0 0 0 1 0
2 37 0 1 0 0 0 0 1 0 0 0 0 1 0
2 38 0 1 0 0 0 0 1 0 0 0 0 1 0
2 39 0 1 0 0 0 0 1 0 0 0 0 1 0
2 40 0 1 0 0 0 0 1 0 0 0 0 1 0
2 41 0 1 0 0 0 0 1 0 0 0 0 1 0
2 42 0 1 0 0 0 0 1 0 0 0 0 1 0
2 43 0 1 0 0 0 0 1 0 0 0 0 1 0
2 44 0 1 0 0 0 0 1 0 0 0 0 1 0
2 45 0 1 0 0 0 0 1 0 0 0 0 1 0
2 46 0 1 0 0 0 0 1 0 0 0 0 1 0
2 47 0 1 0 0 0 0 1 0 0 0 0 1 0
2 48 0 1 0 0 0 0 1 0 0 0 0 1 0
2 49 0 1 0 0 0 0 1 0 0 0 0 1 0
2 50 0 1 0 0 0 0 1 0 0 0 0 1 0
2 51 0 1 0 0 0 0 1 0 0 0 0 1 0
2 52 0 1 0 0 0 0 1 0 0 0 0 1 0
2 53 0 1 0 0 0 0 1 0 0 0 0 1 0
2 54 0 1 0 0 0 0 1 0 0 0 0 1 0
2 55 0 1 0 0 0 0 1 0 0 0 0 1 0
2 56 0 1 0 0 0 0 1 0 0 0 0 1 0
2 57 0 1 0 0 0 0 1 0 0 0 0 1 0
2 58 0 1 0 0 0 0 1 0 0 0 0 1 0
2 59 0 1 0 0 0 0 1 0 0 0 0 1 0
2 60 0 1 0 0 0 0 1 0 0 0 0 1 0
2 61 0 1 0 0 0 0 1 0 0 0 0 1 0
2 62 0 1 0 0 0 0 1 0 0 0 0 1 0
2 63 0 1 0 0 0 0 1 0 0 0 0 1 0
2 64 0 1 0 0 0 0 1 0 0 0 0 1 0
2 65 0 1 0 0 0 0 1 0 0 0 0 1 0
2 66 0 1 0 0 0 0 1 0 0 0 0 1 0
2 67 0 1 0 0 0 0 1 0 0 0 0 1 0
3 4 42 0.997194 0.0505926 -0.0551779 0.988679 -0.0503436 0.998715 0.00589325 0.0869704 0.0554051 -0.00309886 0.998459 0.12227
3 5 45 0.991316 0.0542123 -0.119809 0.981034 -0.0550555 0.998476 -0.00373666 0.0205167 0.119424 0.0103004 0.99279 -0.192747
3 6 0 1 0 0 0 0 1 0 0 0 0 1 0
3 7 20 0.98255 0.185974 0.00299411 0.0553581 -0.102385 0.52735 0.843457 -0.913997 0.155282 -0.829045 0.537188 0.401927
3 8 0 1 0 0 0 0 1 0 0 0 0 1 0
3 9 0 1 0 0 0 0 1 0 0 0 0 1 0
3 10 0 1 0 0 0 0 1 0 0 0 0 1 0
3 11 0 1 0 0 0 0 1 0 0 0 0 1 0
3 12 0 1 0 0 0 0 1 0 0 0 0 1 0
3 13 0 1 0 0 0 0 1 0 0 0 0 1 0
3 14 0 1 0 0 0 0 1 0 0 0 0 1 0
3 15 0 1 0 0 0 0 1 0 0 0 0 1 0
3 16 0 1 0 0 0 0 1 0 0 0 0 1 0
3 17 0 1 0 0 0 0 1 0 0 0 0 1 0
3 18 0 1 0 0 0 0 1 0 0 0 0 1 0
3 19 0 1 0 0 0 0 1 0 0 0 0 1 0
3 20 0 1 0 0 0 0 1 0 0 0 0 1 0
3 21 0 1 0 0 0 0 1 0 0 0 0 1 0
3 22 0 1 0 0 0 0 1 0 0 0 0 1 0
3 23 0 1 0 0 0 0 1 0 0 0 0 1 0
3 24 0 1 0 0 0 0 1 0 0 0 0 1 0
3 25 0 1 0 0 0 0 1 0 0 0 0 1 0
3 26 0 1 0 0 0 0 1 0 0 0 0 1 0
3 27 0 1 0 0 0 0 1 0 0 0 0 1 0
3 28 0 1 0 0 0 0 1 0 0 0 0 1 0
3 29 0 1 0 0 0 0 1 0 0 0 0 1 0
3 30 0 1 0 0 0 0 1 0 0 0 0 1 0
3 31 0 1 0 0 0 0 1 0 0 0 0 1 0
3 32 0 1 0 0 0 0 1 0 0 0 0 1 0
3 33 0 1 0 0 0 0 1 0 0 0 0 1 0
3 34 0 1 0 0 0 0 1 0 0 0 0 1 0
3 35 0 1 0 0 0 0 1 0 0 0 0 1 0
3 36 0 1 0 0 0 0 1 0 0 0 0 1 0
3 37 0 1 0 0 0 0 1 0 0 0 0 1 0
3 38 0 1 0 0 0 0 1 0 0 0 0 1 0
3 39 0 1 0 0 0 0 1 0 0 0 0 1 0
3 40 0 1 0 0 0 0 1 0 0 0 0 1 0
3 41 0 1 0 0 0 0 1 0 0 0 0 1 0
3 42 0 1 0 0 0 0 1 0 0 0 0 1 0
3 43 0 1 0 0 0 0 1 0 0 0 0 1 0
3 44 0 1 0 0 0 0 1 0 0 0 0 1 0
3 45 0 1 0 0 0 0 1 0 0 0 0 1 0
3 46 0 1 0 0 0 0 1 0 0 0 0 1 0
3 47 0 1 0 0 0 0 1 0 0 0 0 1 0
3 48 0 1 0 0 0 0 1 0 0 0 0 1 0
3 49 0 1 0 0 0 0 1 0 0 0 0 1 0
3 50 0 1 0 0 0 0 1 0 0 0 0 1 0
3 51 0 1 0 0 0 0 1 0 0 0 0 1 0
3 52 0 1 0 0 0 0 1 0 0 0 0 1 0
3 53 0 1 0 0 0 0 1 0 0 0 0 1 0
3 54 0 1 0 0 0 0 1 0 0 0 0 1 0
3 55 0 1 0 0 0 0 1 0 0 0 0 1 0
3 56 0 1 0 0 0 0 1 0 0 0 0 1 0
3 57 0 1 0 0 0 0 1 0 0 0 0 1 0
3 58 0 1 0 0 0 0 1 0 0 0 0 1 0
3 59 0 1 0 0 0 0 1 0 0 0 0 1 0
3 60 0 1 0 0 0 0 1 0 0 0 0 1 0
3 61 0 1 0 0 0 0 1 0 0 0 0 1 0
3 62 0 1 0 0 0 0 1 0 0 0 0 1 0
3 63 0 1 0 0 0 0 1 0 0 0 0 1 0
3 64 0 1 0 0 0 0 1 0 0 0 0 1 0
3 65 0 1 0 0 0 0 1 0 0 0 0 1 0
3 66 0 1 0 0 0 0 1 0 0 0 0 1 0
3 67 0 1 0 0 0 0 1 0 0 0 0 1 0
4 5 103 0.9985 0.00621117 -0.0543897 0.917013 -0.00666642 0.999944 -0.00819277 -0.00874765 0.0543357 0.00854307 0.998486 -0.398761
4 6 52 0.994023 0.0380651 -0.102324 0.962101 -0.0375943 0.999272 0.00652656 0.137441 0.102498 -0.00264075 0.99473 -0.235525
4 7 38 0.980783 0.0520124 -0.18804 0.958163 -0.052711 0.998609 0.00128673 0.0476806 0.187845 0.00864977 0.982161 -0.282222
4 8 0 1 0 0 0 0 1 0 0 0 0 1 0
4 9 0 1 0 0 0 0 1 0 0 0 0 1 0
4 10 0 1 0 0 0 0 1 0 0 0 0 1 0
4 11 0 1 0 0 0 0 1 0 0 0 0 1 0
4 12 0 1 0 0 0 0 1 0 0 0 0 1 0
4 13 0 1 0 0 0 0 1 0 0 0 0 1 0
4 14 0 1 0 0 0 0 1 0 0 0 0 1 0
4 15 0 1 0 0 0 0 1 0 0 0 0 1 0
4 16 0 1 0 0 0 0 1 0 0 0 0 1 0
4 17 0 1 0 0 0 0 1 0 0 0 0 1 0
4 18 0 1 0 0 0 0 1 0 0 0 0 1 0
4 19 0 1 0 0 0 0 1 0 0 0 0 1 0
4 20 0 1 0 0 0 0 1 0 0 0 0 1 0
4 21 0 1 0 0 0 0 1 0 0 0 0 1 0
4 22 0 1 0 0 0 0 1 0 0 0 0 1 0
4 23 0 1 0 0 0 0 1 0 0 0 0 1 0
4 24 0 1 0 0 0 0 1 0 0 0 0 1 0
4 25 0 1 0 0 0 0 1 0 0 0 0 1 0
4 26 0 1 0 0 0 0 1 0 0 0 0 1 0
4 27 0 1 0 0 0 0 1 0 0 0 0 1 0
4 28 0 1 0 0 0 0 1 0 0 0 0 1 0
4 29 0 1 0 0 0 0 1 0 0 0 0 1 0
4 30 0 1 0 0 0 0 1 0 0 0 0 1 0
4 31 0 1 0 0 0 0 1 0 0 0 0 1 0
4 32 0 1 0 0 0 0 1 0 0 0 0 1 0
4 33 0 1 0 0 0 0 1 0 0 0 0 1 0
4 34 0 1 0 0 0 0 1 0 0 0 0 1 0
4 35 0 1 0 0 0 0 1 0 0 0 0 1 0
4 36 0 1 0 0 0 0 1 0 0 0 0 1 0
4 37 0 1 0 0 0 0 1 0 0 0 0 1 0
4 38 0 1 0 0 0 0 1 0 0 0 0 1 0
4 39 0 1 0 0 0 0 1 0 0 0 0 1 0
4 40 0 1 0 0 0 0 1 0 0 0 0 1 0
4 41 0 1 0 0 0 0 1 0 0 0 0 1 0
4 42 0 1 0 0 0 0 1 0 0 0 0 1 0
4 43 0 1 0 0 0 0 1 0 0 0 0 1 0
4 44 0 1 0 0 0 0 1 0 0 0 0 1 0
4 45 0 1 0 0 0 0 1 0 0 0 0 1 0
4 46 0 1 0 0 0 0 1 0 0 0 0 1 0
4 47 0 1 0 0 0 0 1 0 0 0 0 1 0
4 48 0 1 0 0 0 0 1 0 0 0 0 1 0
4 49 0 1 0 0 0 0 1 0 0 0 0 1 0
4 50 0 1 0 0 0 0 1 0 0 0 0 1 0
4 51 0 1 0 0 0 0 1 0 0 0 0 1 0
4 52 0 1 0 0 0 0 1 0 0 0 0 1 0
4 53 0 1 0 0 0 0 1 0 0 0 0 1 0
4 54 0 1 0 0 0 0 1 0 0 0 0 1 0
4 55 0 1 0 0 0 0 1 0 0 0 0 1 0
4 56 0 1 0 0 0 0 1 0 0 0 0 1 0
4 57 0 1 0 0 0 0 1 0 0 0 0 1 0
4 58 0 1 0 0 0 0 1 0 0 0 0 1 0
4 59 0 1 0 0 0 0 1 0 0 0 0 1 0
4 60 0 1 0 0 0 0 1 0 0 0 0 1 0
4 61 0 1 0 0 0 0 1 0 0 0 0 1 0
4 62 0 1 0 0 0 0 1 0 0 0 0 1 0
4 63 0 1 0 0 0 0 1 0 0 0 0 1 0
4 64 0 1 0 0 0 0 1 0 0 0 0 1 0
4 65 0 1 0 0 0 0 1 0 0 0 0 1 0
4 66 0 1 0 0 0 0 1 0 0 0 0 1 0
4 67 0 1 0 0 0 0 1 0 0 0 0 1 0
5 6 73 0.998546 0.030191 -0.0446563 0.78106 -0.0291829 0.999308 0.023057 0.0819607 0.0453215 -0.0217203 0.998736 -0.619053
5 7 58 0.987618 0.0544013 -0.147144 0.9653 -0.0532298 0.998511 0.011891 0.0356252 0.147572 -0.00391135 0.989044 -0.2587
5 8 0 1 0 0 0 0 1 0 0 0 0 1 0
5 9 13 0.994443 -0.0956484 0.0439849 -0.103084 0.0968801 0.994936 -0.0267771 0.320285 -0.041201 0.0308896 0.998673 0.941696
5 10 10 0.998542 -0.0453626 -0.0292731 0.096276 0.0452102 0.99896 -0.00584473 0.505945 0.0295078 0.00451276 0.999554 0.857176
5 11 0 1 0 0 0 0 1 0 0 0 0 1 0
5 12 0 1 0 0 0 0 1 0 0 0 0 1 0
5 13 0 1 0 0 0 0 1 0 0 0 0 1 0
5 14 0 1 0 0 0 0 1 0 0 0 0 1 0
5 15 0 1 0 0 0 0 1 0 0 0 0 1 0
5 16 0 1 0 0 0 0 1 0 0 0 0 1 0
5 17 0 1 0 0 0 0 1 0 0 0 0 1 0
5 18 0 1 0 0 0 0 1 0 0 0 0 1 0
5 19 0 1 0 0 0 0 1 0 0 0 0 1 0
5 20 0 1 0 0 0 0 1 0 0 0 0 1 0
5 21 0 1 0 0 0 0 1 0 0 0 0 1 0
5 22 0 1 0 0 0 0 1 0 0 0 0 1 0
5 23 0 1 0 0 0 0 1 0 0 0 0 1 0
5 24 0 1 0 0 0 0 1 0 0 0 0 1 0
5 25 0 1 0 0 0 0 1 0 0 0 0 1 0
5 26 0 1 0 0 0 0 1 0 0 0 0 1 0
5 27 0 1 0 0 0 0 1 0 0 0 0 1 0
5 28 0 1 0 0 0 0 1 0 0 0 0 1 0
5 29 0 1 0 0 0 0 1 0 0 0 0 1 0
5 30 0 1 0 0 0 0 1 0 0 0 0 1 0
5 31 0 1 0 0 0 0 1 0 0 0 0 1 0
5 32 0 1 0 0 0 0 1 0 0 0 0 1 0
5 33 0 1 0 0 0 0 1 0 0 0 0 1 0
5 34 0 1 0 0 0 0 1 0 0 0 0 1 0
5 35 0 1 0 0 0 0 1 0 0 0 0 1 0
5 36 0 1 0 0 0 0 1 0 0 0 0 1 0
5 37 0 1 0 0 0 0 1 0 0 0 0 1 0
5 38 0 1 0 0 0 0 1 0 0 0 0 1 0
5 39 0 1 0 0 0 0 1 0 0 0 0 1 0
5 40 0 1 0 0 0 0 1 0 0 0 0 1 0
5 41 0 1 0 0 0 0 1 0 0 0 0 1 0
5 42 0 1 0 0 0 0 1 0 0 0 0 1 0
5 43 0 1 0 0 0 0 1 0 0 0 0 1 0
5 44 0 1 0 0 0 0 1 0 0 0 0 1 0
5 45 0 1 0 0 0 0 1 0 0 0 0 1 0
5 46 0 1 0 0 0 0 1 0 0 0 0 1 0
5 47 0 1 0 0 0 0 1 0 0 0 0 1 0
5 48 0 1 0 0 0 0 1 0 0 0 0 1 0
5 49 0 1 0 0 0 0 1 0 0 0 0 1 0
5 50 0 1 0 0 0 0 1 0 0 0 0 1 0
5 51 0 1 0 0 0 0 1 0 0 0 0 1 0
5 52 0 1 0 0 0 0 1 0 0 0 0 1 0
5 53 0 1 0 0 0 0 1 0 0 0 0 1 0
5 54 0 1 0 0 0 0 1 0 0 0 0 1 0
5 55 0 1 0 0 0 0 1 0 0 0 0 1 0
5 56 0 1 0 0 0 0 1 0 0 0 0 1 0
5 57 0 1 0 0 0 0 1 0 0 0 0 1 0
5 58 0 1 0 0 0 0 1 0 0 0 0 1 0
5 59 0 1 0 0 0 0 1 0 0 0 0 1 0
5 60 0 1 0 0 0 0 1 0 0 0 0 1 0
5 61 0 1 0 0 0 0 1 0 0 0 0 1 0
5 62 0 1 0 0 0 0 1 0 0 0 0 1 0
5 63 0 1 0 0 0 0 1 0 0 0 0 1 0
5 64 0 1 0 0 0 0 1 0 0 0 0 1 0
5 65 0 1 0 0 0 0 1 0 0 0 0 1 0
5 66 0 1 0 0 0 0 1 0 0 0 0 1 0
5 67 0 1 0 0 0 0 1 0 0 0 0 1 0
6 7 55 0.994909 0.0168394 -0.0993601 0.973154 -0.0177961 0.999803 -0.00875062 -0.0205333 0.0991932 0.0104743 0.995013 -0.229237
6 8 0 1 0 0 0 0 1 0 0 0 0 1 0
6 9 15 0.999842 -0.017645 0.00224691 0.220553 0.0176953 0.999535 -0.024815 0.29571 -0.00180801 0.0248508 0.99969 0.929469
6 10 0 1 0 0 0 0 1 0 0 0 0 1 0
6 11 0 1 0 0 0 0 1 0 0 0 0 1 0
6 12 0 1 0 0 0 0 1 0 0 0 0 1 0
6 13 0 1 0 0 0 0 1 0 0 0 0 1 0
6 14 0 1 0 0 0 0 1 0 0 0 0 1 0
6 15 0 1 0 0 0 0 1 0 0 0 0 1 0
6 16 0 1 0 0 0 0 1 0 0 0 0 1 0
6 17 0 1 0 0 0 0 1 0 0 0 0 1 0
6 18 0 1 0 0 0 0 1 0 0 0 0 1 0
6 19 0 1 0 0 0 0 1 0 0 0 0 1 0
6 20 0 1 0 0 0 0 1 0 0 0 0 1 0
6 21 0 1 0 0 0 0 1 0 0 0 0 1 0
6 22 0 1 0 0 0 0 1 0 0 0 0 1 0
6 23 0 1 0 0 0 0 1 0 0 0 0 1 0
6 24 0 1 0 0 0 0 1 0 0 0 0 1 0
6 25 0 1 0 0 0 0 1 0 0 0 0 1 0
6 26 0 1 0 0 0 0 1 0 0 0 0 1 0
6 27 0 1 0 0 0 0 1 0 0 0 0 1 0
6 28 0 1 0 0 0 0 1 0 0 0 0 1 0
6 29 0 1 0 0 0 0 1 0 0 0 0 1 0
6 30 0 1 0 0 0 0 1 0 0 0 0 1 0
6 31 0 1 0 0 0 0 1 0 0 0 0 1 0
6 32 0 1 0 0 0 0 1 0 0 0 0 1 0
6 33 0 1 0 0 0 0 1 0 0 0 0 1 0
6 34 0 1 0 0 0 0 1 0 0 0 0 1 0
6 35 0 1 0 0 0 0 1 0 0 0 0 1 0
6 36 0 1 0 0 0 0 1 0 0 0 0 1 0
6 37 0 1 0 0 0 0 1 0 0 0 0 1 0
6 38 0 1 0 0 0 0 1 0 0 0 0 1 0
6 39 0 1 0 0 0 0 1 0 0 0 0 1 0
6 40 0 1 0 0 0 0 1 0 0 0 0 1 0
6 41 0 1 0 0 0 0 1 0 0 0 0 1 0
6 42 0 1 0 0 0 0 1 0 0 0 0 1 0
6 43 0 1 0 0 0 0 1 0 0 0 0 1 0
6 44 0 1 0 0 0 0 1 0 0 0 0 1 0
6 45 0 1 0 0 0 0 1 0 0 0 0 1 0
6 46 0 1 0 0 0 0 1 0 0 0 0 1 0
6 47 0 1 0 0 0 0 1 0 0 0 0 1 0
6 48 0 1 0 0 0 0 1 0 0 0 0 1 0
6 49 0 1 0 0 0 0 1 0 0 0 0 1 0
6 50 0 1 0 0 0 0 1 0 0 0 0 1 0
6 51 0 1 0 0 0 0 1 0 0 0 0 1 0
6 52 0 1 0 0 0 0 1 0 0 0 0 1 0
6 53 0 1 0 0 0 0 1 0 0 0 0 1 0
6 54 0 1 0 0 0 0 1 0 0 0 0 1 0
6 55 0 1 0 0 0 0 1 0 0 0 0 1 0
6 56 0 1 0 0 0 0 1 0 0 0 0 1 0
6 57 0 1 0 0 0 0 1 0 0 0 0 1 0
6 58 0 1 0 0 0 0 1 0 0 0 0 1 0
6 59 0 1 0 0 0 0 1 0 0 0 0 1 0
6 60 0 1 0 0 0 0 1 0 0 0 0 1 0
6 61 0 1 0 0 0 0 1 0 0 0 0 1 0
6 62 0 1 0 0 0 0 1 0 0 0 0 1 0
6 63 0 1 0 0 0 0 1 0 0 0 0 1 0
6 64 0 1 0 0 0 0 1 0 0 0 0 1 0
6 65 0 1 0 0 0 0 1 0 0 0 0 1 0
6 66 0 1 0 0 0 0 1 0 0 0 0 1 0
6 67 0 1 0 0 0 0 1 0 0 0 0 1 0
7 8 11 0.992692 0.120172 0.0109999 -0.337808 -0.118893 0.989572 -0.0813111 0.157679 -0.0206565 0.0794091 0.996628 -0.927913
7 9 38 0.978076 0.00276477 -0.208232 0.965439 -0.00931846 0.999491 -0.0304987 0.00580363 0.208041 0.0317704 0.977604 0.260563
7 10 0 1 0 0 0 0 1 0 0 0 0 1 0
7 11 0 1 0 0 0 0 1 0 0 0 0 1 0
7 12 0 1 0 0 0 0 1 0 0 0 0 1 0
7 13 0 1 0 0 0 0 1 0 0 0 0 1 0
7 14 0 1 0 0 0 0 1 0 0 0 0 1 0
7 15 0 1 0 0 0 0 1 0 0 0 0 1 0
7 16 0 1 0 0 0 0 1 0 0 0 0 1 0
7 17 0 1 0 0 0 0 1 0 0 0 0 1 0
7 18 0 1 0 0 0 0 1 0 0 0 0 1 0
7 19 0 1 0 0 0 0 1 0 0 0 0 1 0
7 20 0 1 0 0 0 0 1 0 0 0 0 1 0
7 21 0 1 0 0 0 0 1 0 0 0 0 1 0
7 22 0 1 0 0 0 0 1 0 0 0 0 1 0
7 23 0 1 0 0 0 0 1 0 0 0 0 1 0
7 24 0 1 0 0 0 0 1 0 0 0 0 1 0
7 25 0 1 0 0 0 0 1 0 0 0 0 1 0
7 26 0 1 0 0 0 0 1 0 0 0 0 1 0
7 27 0 1 0 0 0 0 1 0 0 0 0 1 0
7 28 0 1 0 0 0 0 1 0 0 0 0 1 0
7 29 0 1 0 0 0 0 1 0 0 0 0 1 0
7 30 0 1 0 0 0 0 1 0 0 0 0 1 0
7 31 0 1 0 0 0 0 1 0 0 0 0 1 0
7 32 0 1 0 0 0 0 1 0 0 0 0 1 0
7 33 0 1 0 0 0 0 1 0 0 0 0 1 0
7 34 0 1 0 0 0 0 1 0 0 0 0 1 0
7 35 0 1 0 0 0 0 1 0 0 0 0 1 0
7 36 0 1 0 0 0 0 1 0 0 0 0 1 0
7 37 0 1 0 0 0 0 1 0 0 0 0 1 0
7 38 0 1 0 0 0 0 1 0 0 0 0 1 0
7 39 0 1 0 0 0 0 1 0 0 0 0 1 0
7 40 0 1 0 0 0 0 1 0 0 0 0 1 0
7 41 0 1 0 0 0 0 1 0 0 0 0 1 0
7 42 0 1 0 0 0 0 1 0 0 0 0 1 0
7 43 0 1 0 0 0 0 1 0 0 0 0 1 0
7 44 0 1 0 0 0 0 1 0 0 0 0 1 0
7 45 0 1 0 0 0 0 1 0 0 0 0 1 0
7 46 0 1 0 0 0 0 1 0 0 0 0 1 0
7 47 0 1 0 0 0 0 1 0 0 0 0 1 0
7 48 0 1 0 0 0 0 1 0 0 0 0 1 0
7 49 0 1 0 0 0 0 1 0 0 0 0 1 0
7 50 0 1 0 0 0 0 1 0 0 0 0 1 0
7 51 0 1 0 0 0 0 1 0 0 0 0 1 0
7 52 0 1 0 0 0 0 1 0 0 0 0 1 0
7 53 0 1 0 0 0 0 1 0 0 0 0 1 0
7 54 0 1 0 0 0 0 1 0 0 0 0 1 0
7 55 0 1 0 0 0 0 1 0 0 0 0 1 0
7 56 0 1 0 0 0 0 1 0 0 0 0 1 0
7 57 0 1 0 0 0 0 1 0 0 0 0 1 0
7 58 0 1 0 0 0 0 1 0 0 0 0 1 0
7 59 0 1 0 0 0 0 1 0 0 0 0 1 0
7 60 0 1 0 0 0 0 1 0 0 0 0 1 0
7 61 0 1 0 0 0 0 1 0 0 0 0 1 0
7 62 0 1 0 0 0 0 1 0 0 0 0 1 0
7 63 0 1 0 0 0 0 1 0 0 0 0 1 0
7 64 0 1 0 0 0 0 1 0 0 0 0 1 0
7 65 0 1 0 0 0 0 1 0 0 0 0 1 0
7 66 0 1 0 0 0 0 1 0 0 0 0 1 0
7 67 0 1 0 0 0 0 1 0 0 0 0 1 0
8 9 40 0.991941 -0.121184 -0.0369718 0.20466 0.125204 0.982262 0.139588 -0.650467 0.0194002 -0.143092 0.989519 0.731441
8 10 24 0.988764 -0.00973916 -0.149168 0.650225 0.0174709 0.998566 0.0506103 -0.164738 0.148461 -0.0526477 0.987516 0.741667
8 11 11 0.984788 0.100901 -0.14146 0.137235 -0.100183 0.994894 0.0122088 -0.00230593 0.141969 0.00214879 0.989869 0.990536
8 12 20 0.996835 0.0226233 -0.0762121 0.266913 -0.017306 0.997416 0.0697212 -0.27147 0.0775926 -0.0681816 0.994651 0.924695
8 13 0 1 0 0 0 0 1 0 0 0 0 1 0
8 14 0 1 0 0 0 0 1 0 0 0 0 1 0
8 15 0 1 0 0 0 0 1 0 0 0 0 1 0
8 16 0 1 0 0 0 0 1 0 0 0 0 1 0
8 17 0 1 0 0 0 0 1 0 0 0 0 1 0
8 18 0 1 0 0 0 0 1 0 0 0 0 1 0
8 19 0 1 0 0 0 0 1 0 0 0 0 1 0
8 20 0 1 0 0 0 0 1 0 0 0 0 1 0
8 21 0 1 0 0 0 0 1 0 0 0 0 1 0
8 22 0 1 0 0 0 0 1 0 0 0 0 1 0
8 23 0 1 0 0 0 0 1 0 0 0 0 1 0
8 24 0 1 0 0 0 0 1 0 0 0 0 1 0
8 25 0 1 0 0 0 0 1 0 0 0 0 1 0
8 26 0 1 0 0 0 0 1 0 0 0 0 1 0
8 27 0 1 0 0 0 0 1 0 0 0 0 1 0
8 28 0 1 0 0 0 0 1 0 0 0 0 1 0
8 29 0 1 0 0 0 0 1 0 0 0 0 1 0
8 30 0 1 0 0 0 0 1 0 0 0 0 1 0
8 31 0 1 0 0 0 0 1 0 0 0 0 1 0
8 32 0 1 0 0 0 0 1 0 0 0 0 1 0
8 33 0 1 0 0 0 0 1 0 0 0 0 1 0
8 34 0 1 0 0 0 0 1 0 0 0 0 1 0
8 35 0 1 0 0 0 0 1 0 0 0 0 1 0
8 36 0 1 0 0 0 0 1 0 0 0 0 1 0
8 37 0 1 0 0 0 0 1 0 0 0 0 1 0
8 38 0 1 0 0 0 0 1 0 0 0 0 1 0
8 39 0 1 0 0 0 0 1 0 0 0 0 1 0
8 40 0 1 0 0 0 0 1 0 0 0 0 1 0
8 41 0 1 0 0 0 0 1 0 0 0 0 1 0
8 42 0 1 0 0 0 0 1 0 0 0 0 1 0
8 43 0 1 0 0 0 0 1 0 0 0 0 1 0
8 44 0 1 0 0 0 0 1 0 0 0 0 1 0
8 45 0 1 0 0 0 0 1 0 0 0 0 1 0
8 46 0 1 0 0 0 0 1 0 0 0 0 1 0
8 47 0 1 0 0 0 0 1 0 0 0 0 1 0
8 48 0 1 0 0 0 0 1 0 0 0 0 1 0
8 49 0 1 0 0 0 0 1 0 0 0 0 1 0
8 50 0 1 0 0 0 0 1 0 0 0 0 1 0
8 51 0 1 0 0 0 0 1 0 0 0 0 1 0
8 52 0 1 0 0 0 0 1 0 0 0 0 1 0
8 53 0 1 0 0 0 0 1 0 0 0 0 1 0
8 54 0 1 0 0 0 0 1 0 0 0 0 1 0
8 55 0 1 0 0 0 0 1 0 0 0 0 1 0
8 56 0 1 0 0 0 0 1 0 0 0 0 1 0
8 57 0 1 0 0 0 0 1 0 0 0 0 1 0
8 58 0 1 0 0 0 0 1 0 0 0 0 1 0
8 59 0 1 0 0 0 0 1 0 0 0 0 1 0
8 60 0 1 0 0 0 0 1 0 0 0 0 1 0
8 61 0 1 0 0 0 0 1 0 0 0 0 1 0
8 62 0 1 0 0 0 0 1 0 0 0 0 1 0
8 63 0 1 0 0 0 0 1 0 0 0 0 1 0
8 64 0 1 0 0 0 0 1 0 0 0 0 1 0
8 65 0 1 0 0 0 0 1 0 0 0 0 1 0
8 66 0 1 0 0 0 0 1 0 0 0 0 1 0
8 67 0 1 0 0 0 0 1 0 0 0 0 1 0
9 10 30 0.995405 0.032553 -0.0900491 0.98818 -0.0340748 0.9993 -0.0154135 0.00235469 0.0894843 0.0184111 0.995818 -0.153278
9 11 16 0.976405 0.172135 -0.130395 -0.272478 -0.174968 0.984518 -0.0104999 0.442605 0.126569 0.0330671 0.991407 -0.854317
9 12 0 1 0 0 0 0 1 0 0 0 0 1 0
9 13 0 1 0 0 0 0 1 0 0 0 0 1 0
9 14 0 1 0 0 0 0 1 0 0 0 0 1 0
9 15 0 1 0 0 0 0 1 0 0 0 0 1 0
9 16 0 1 0 0 0 0 1 0 0 0 0 1 0
9 17 0 1 0 0 0 0 1 0 0 0 0 1 0
9 18 0 1 0 0 0 0 1 0 0 0 0 1 0
9 19 0 1 0 0 0 0 1 0 0 0 0 1 0
9 20 0 1 0 0 0 0 1 0 0 0 0 1 0
9 21 0 1 0 0 0 0 1 0 0 0 0 1 0
9 22 0 1 0 0 0 0 1 0 0 0 0 1 0
9 23 0 1 0 0 0 0 1 0 0 0 0 1 0
9 24 0 1 0 0 0 0 1 0 0 0 0 1 0
9 25 0 1 0 0 0 0 1 0 0 0 0 1 0
9 26 0 1 0 0 0 0 1 0 0 0 0 1 0
9 27 0 1 0 0 0 0 1 0 0 0 0 1 0
9 28 0 1 0 0 0 0 1 0 0 0 0 1 0
9 29 0 1 0 0 0 0 1 0 0 0 0 1 0
9 30 0 1 0 0 0 0 1 0 0 0 0 1 0
9 31 0 1 0 0 0 0 1 0 0 0 0 1 0
9 32 0 1 0 0 0 0 1 0 0 0 0 1 0
9 33 0 1 0 0 0 0 1 0 0 0 0 1 0
9 34 0 1 0 0 0 0 1 0 0 0 0 1 0
9 35 0 1 0 0 0 0 1 0 0 0 0 1 0
9 36 0 1 0 0 0 0 1 0 0 0 0 1 0
9 37 0 1 0 0 0 0 1 0 0 0 0 1 0
9 38 0 1 0 0 0 0 1 0 0 0 0 1 0
9 39 0 1 0 0 0 0 1 0 0 0 0 1 0
9 40 0 1 0 0 0 0 1 0 0 0 0 1 0
9 41 0 1 0 0 0 0 1 0 0 0 0 1 0
9 42 0 1 0 0 0 0 1 0 0 0 0 1 0
9 43 0 1 0 0 0 0 1 0 0 0 0 1 0
9 44 0 1 0 0 0 0 1 0 0 0 0 1 0
9 45 0 1 0 0 0 0 1 0 0 0 0 1 0
9 46 0 1 0 0 0 0 1 0 0 0 0 1 0
9 47 0 1 0 0 0 0 1 0 0 0 0 1 0
9 48 0 1 0 0 0 0 1 0 0 0 0 1 0
9 49 0 1 0 0 0 0 1 0 0 0 0 1 0
9 50 0 1 0 0 0 0 1 0 0 0 0 1 0
9 51 0 1 0 0 0 0 1 0 0 0 0 1 0
9 52 0 1 0 0 0 0 1 0 0 0 0 1 0
9 53 0 1 0 0 0 0 1 0 0 0 0 1 0
9 54 0 1 0 0 0 0 1 0 0 0 0 1 0
9 55 0 1 0 0 0 0 1 0 0 0 0 1 0
9 56 0 1 0 0 0 0 1 0 0 0 0 1 0
9 57 0 1 0 0 0 0 1 0 0 0 0 1 0
9 58 0 1 0 0 0 0 1 0 0 0 0 1 0
9 59 0 1 0 0 0 0 1 0 0 0 0 1 0
9 60 0 1 0 0 0 0 1 0 0 0 0 1 0
9 61 0 1 0 0 0 0 1 0 0 0 0 1 0
9 62 0 1 0 0 0 0 1 0 0 0 0 1 0
9 63 0 1 0 0 0 0 1 0 0 0 0 1 0
9 64 0 1 0 0 0 0 1 0 0 0 0 1 0
9 65 0 1 0 0 0 0 1 0 0 0 0 1 0
9 66 0 1 0 0 0 0 1 0 0 0 0 1 0
9 67 0 1 0 0 0 0 1 0 0 0 0 1 0
10 11 92 0.995047 0.0253231 -0.0961281 0.946926 -0.0268401 0.999534 -0.0145206 -0.0516649 0.0957156 0.0170288 0.995263 -0.317272
10 12 42 0.973614 0.0146867 -0.227728 0.989451 -0.0287956 0.997857 -0.058757 0.131403 0.226377 0.0637642 0.97195 -0.0609935
10 13 19 0.98552 0.122868 -0.116846 0.895571 -0.123264 0.992366 0.00385802 -0.155041 0.116428 0.0106008 0.993143 -0.417032
10 14 0 1 0 0 0 0 1 0 0 0 0 1 0
10 15 0 1 0 0 0 0 1 0 0 0 0 1 0
10 16 0 1 0 0 0 0 1 0 0 0 0 1 0
10 17 0 1 0 0 0 0 1 0 0 0 0 1 0
10 18 0 1 0 0 0 0 1 0 0 0 0 1 0
10 19 0 1 0 0 0 0 1 0 0 0 0 1 0
10 20 0 1 0 0 0 0 1 0 0 0 0 1 0
10 21 0 1 0 0 0 0 1 0 0 0 0 1 0
10 22 0 1 0 0 0 0 1 0 0 0 0 1 0
10 23 0 1 0 0 0 0 1 0 0 0 0 1 0
10 24 0 1 0 0 0 0 1 0 0 0 0 1 0
10 25 0 1 0 0 0 0 1 0 0 0 0 1 0
10 26 0 1 0 0 0 0 1 0 0 0 0 1 0
10 27 0 1 0 0 0 0 1 0 0 0 0 1 0
10 28 0 1 0 0 0 0 1 0 0 0 0 1 0
10 29 0 1 0 0 0 0 1 0 0 0 0 1 0
10 30 0 1 0 0 0 0 1 0 0 0 0 1 0
10 31 0 1 0 0 0 0 1 0 0 0 0 1 0
10 32 0 1 0 0 0 0 1 0 0 0 0 1 0
10 33 0 1 0 0 0 0 1 0 0 0 0 1 0
10 34 0 1 0 0 0 0 1 0 0 0 0 1 0
10 35 0 1 0 0 0 0 1 0 0 0 0 1 0
10 36 0 1 0 0 0 0 1 0 0 0 0 1 0
10 37 0 1 0 0 0 0 1 0 0 0 0 1 0
10 38 0 1 0 0 0 0 1 0 0 0 0 1 0
10 39 0 1 0 0 0 0 1 0 0 0 0 1 0
10 40 0 1 0 0 0 0 1 0 0 0 0 1 0
10 41 0 1 0 0 0 0 1 0 0 0 0 1 0
10 42 0 1 0 0 0 0 1 0 0 0 0 1 0
10 43 0 1 0 0 0 0 1 0 0 0 0 1 0
10 44 0 1 0 0 0 0 1 0 0 0 0 1 0
10 45 0 1 0 0 0 0 1 0 0 0 0 1 0
10 46 0 1 0 0 0 0 1 0 0 0 0 1 0
10 47 0 1 0 0 0 0 1 0 0 0 0 1 0
10 48 0 1 0 0 0 0 1 0 0 0 0 1 0
10 49 0 1 0 0 0 0 1 0 0 0 0 1 0
10 50 0 1 0 0 0 0 1 0 0 0 0 1 0
10 51 0 1 0 0 0 0 1 0 0 0 0 1 0
10 52 0 1 0 0 0 0 1 0 0 0 0 1 0
10 53 0 1 0 0 0 0 1 0 0 0 0 1 0
10 54 0 1 0 0 0 0 1 0 0 0 0 1 0
10 55 0 1 0 0 0 0 1 0 0 0 0 1 0
10 56 0 1 0 0 0 0 1 0 0 0 0 1 0
10 57 0 1 0 0 0 0 1 0 0 0 0 1 0
10 58 0 1 0 0 0 0 1 0 0 0 0 1 0
10 59 0 1 0 0 0 0 1 0 0 0 0 1 0
10 60 0 1 0 0 0 0 1 0 0 0 0 1 0
10 61 0 1 0 0 0 0 1 0 0 0 0 1 0
10 62 0 1 0 0 0 0 1 0 0 0 0 1 0
10 63 0 1 0 0 0 0 1 0 0 0 0 1 0
10 64 0 1 0 0 0 0 1 0 0 0 0 1 0
10 65 0 1 0 0 0 0 1 0 0 0 0 1 0
10 66 0 1 0 0 0 0 1 0 0 0 0 1 0
10 67 0 1 0 0 0 0 1 0 0 0 0 1 0
11 12 54 0.998048 0.028823 -0.0554094 0.981899 -0.0290657 0.999571 -0.00357972 0.0254139 0.0552825 0.00518324 0.998457 -0.187693
11 13 36 0.981756 0.0126899 -0.189719 0.967196 -0.0202697 0.99907 -0.0380657 0.161729 0.189059 0.0412167 0.9811 -0.195899
11 14 20 0.987877 0.142184 -0.062305 0.944687 -0.142854 0.989723 -0.00639975 -0.00841791 0.0607548 0.0152227 0.998037 -0.327866
11 15 0 1 0 0 0 0 1 0 0 0 0 1 0
11 16 0 1 0 0 0 0 1 0 0 0 0 1 0
11 17 0 1 0 0 0 0 1 0 0 0 0 1 0
11 18 0 1 0 0 0 0 1 0 0 0 0 1 0
11 19 0 1 0 0 0 0 1 0 0 0 0 1 0
11 20 0 1 0 0 0 0 1 0 0 0 0 1 0
11 21 0 1 0 0 0 0 1 0 0 0 0 1 0
11 22 0 1 0 0 0 0 1 0 0 0 0 1 0
11 23 0 1 0 0 0 0 1 0 0 0 0 1 0
11 24 0 1 0 0 0 0 1 0 0 0 0 1 0
11 25 0 1 0 0 0 0 1 0 0 0 0 1 0
11 26 0 1 0 0 0 0 1 0 0 0 0 1 0
11 27 0 1 0 0 0 0 1 0 0 0 0 1 0
11 28 0 1 0 0 0 0 1 0 0 0 0 1 0
11 29 0 1 0 0 0 0 1 0 0 0 0 1 0
11 30 0 1 0 0 0 0 1 0 0 0 0 1 0
11 31 0 1 0 0 0 0 1 0 0 0 0 1 0
11 32 0 1 0 0 0 0 1 0 0 0 0 1 0
11 33 0 1 0 0 0 0 1 0 0 0 0 1 0
11 34 0 1 0 0 0 0 1 0 0 0 0 1 0
11 35 0 1 0 0 0 0 1 0 0 0 0 1 0
11 36 0 1 0 0 0 0 1 0 0 0 0 1 0
11 37 0 1 0 0 0 0 1 0 0 0 0 1 0
11 38 0 1 0 0 0 0 1 0 0 0 0 1 0
11 39 0 1 0 0 0 0 1 0 0 0 0 1 0
11 40 0 1 0 0 0 0 1 0 0 0 0 1 0
11 41 0 1 0 0 0 0 1 0 0 0 0 1 0
11 42 0 1 0 0 0 0 1 0 0 0 0 1 0
11 43 0 1 0 0 0 0 1 0 0 0 0 1 0
11 44 0 1 0 0 0 0 1 0 0 0 0 1 0
11 45 0 1 0 0 0 0 1 0 0 0 0 1 0
11 46 0 1 0 0 0 0 1 0 0 0 0 1 0
11 47 0 1 0 0 0 0 1 0 0 0 0 1 0
11 48 0 1 0 0 0 0 1 0 0 0 0 1 0
11 49 0 1 0 0 0 0 1 0 0 0 0 1 0
11 50 0 1 0 0 0 0 1 0 0 0 0 1 0
11 51 0 1 0 0 0 0 1 0 0 0 0 1 0
11 52 0 1 0 0 0 0 1 0 0 0 0 1 0
11 53 0 1 0 0 0 0 1 0 0 0 0 1 0
11 54 0 1 0 0 0 0 1 0 0 0 0 1 0
11 55 0 1 0 0 0 0 1 0 0 0 0 1 0
11 56 0 1 0 0 0 0 1 0 0 0 0 1 0
11 57 0 1 0 0 0 0 1 0 0 0 0 1 0
11 58 0 1 0 0 0 0 1 0 0 0 0 1 0
11 59 0 1 0 0 0 0 1 0 0 0 0 1 0
11 60 0 1 0 0 0 0 1 0 0 0 0 1 0
11 61 0 1 0 0 0 0 1 0 0 0 0 1 0
11 62 0 1 0 0 0 0 1 0 0 0 0 1 0
11 63 0 1 0 0 0 0 1 0 0 0 0 1 0
11 64 0 1 0 0 0 0 1 0 0 0 0 1 0
11 65 0 1 0 0 0 0 1 0 0 0 0 1 0
11 66 0 1 0 0 0 0 1 0 0 0 0 1 0
11 67 0 1 0 0 0 0 1 0 0 0 0 1 0
12 13 66 0.993117 0.0306014 -0.113055 0.972389 -0.0319716 0.999435 -0.0103264 0.18283 0.112675 0.0138699 0.993535 -0.145029
12 14 43 0.982783 0.0656543 -0.172703 0.985644 -0.0699412 0.997373 -0.0188489 0.0464164 0.171012 0.0306035 0.984794 -0.162329
12 15 29 0.949953 0.0650294 -0.305551 0.994044 -0.0658603 0.9978 0.00759989 0.0245129 0.305373 0.0129041 0.952145 -0.106186
12 16 0 1 0 0 0 0 1 0 0 0 0 1 0
12 17 0 1 0 0 0 0 1 0 0 0 0 1 0
12 18 0 1 0 0 0 0 1 0 0 0 0 1 0
12 19 0 1 0 0 0 0 1 0 0 0 0 1 0
12 20 0 1 0 0 0 0 1 0 0 0 0 1 0
12 21 0 1 0 0 0 0 1 0 0 0 0 1 0
12 22 0 1 0 0 0 0 1 0 0 0 0 1 0
12 23 0 1 0 0 0 0 1 0 0 0 0 1 0
12 24 0 1 0 0 0 0 1 0 0 0 0 1 0
12 25 0 1 0 0 0 0 1 0 0 0 0 1 0
12 26 0 1 0 0 0 0 1 0 0 0 0 1 0
12 27 0 1 0 0 0 0 1 0 0 0 0 1 0
12 28 0 1 0 0 0 0 1 0 0 0 0 1 0
12 29 0 1 0 0 0 0 1 0 0 0 0 1 0
12 30 0 1 0 0 0 0 1 0 0 0 0 1 0
12 31 0 1 0 0 0 0 1 0 0 0 0 1 0
12 32 0 1 0 0 0 0 1 0 0 0 0 1 0
12 33 0 1 0 0 0 0 1 0 0 0 0 1 0
12 34 0 1 0 0 0 0 1 0 0 0 0 1 0
12 35 0 1 0 0 0 0 1 0 0 0 0 1 0
12 36 0 1 0 0 0 0 1 0 0 0 0 1 0
12 37 0 1 0 0 0 0 1 0 0 0 0 1 0
12 38 0 1 0 0 0 0 1 0 0 0 0 1 0
12 39 0 1 0 0 0 0 1 0 0 0 0 1 0
12 40 0 1 0 0 0 0 1 0 0 0 0 1 0
12 41 0 1 0 0 0 0 1 0 0 0 0 1 0
12 42 0 1 0 0 0 0 1 0 0 0 0 1 0
12 43 0 1 0 0 0 0 1 0 0 0 0 1 0
12 44 0 1 0 0 0 0 1 0 0 0 0 1 0
12 45 0 1 0 0 0 0 1 0 0 0 0 1 0
12 46 0 1 0 0 0 0 1 0 0 0 0 1 0
12 47 0 1 0 0 0 0 1 0 0 0 0 1 0
12 48 0 1 0 0 0 0 1 0 0 0 0 1 0
12 49 0 1 0 0 0 0 1 0 0 0 0 1 0
12 50 0 1 0 0 0 0 1 0 0 0 0 1 0
12 51 0 1 0 0 0 0 1 0 0 0 0 1 0
12 52 0 1 0 0 0 0 1 0 0 0 0 1 0
12 53 0 1 0 0 0 0 1 0 0 0 0 1 0
12 54 0 1 0 0 0 0 1 0 0 0 0 1 0
12 55 0 1 0 0 0 0 1 0 0 0 0 1 0
12 56 0 1 0 0 0 0 1 0 0 0 0 1 0
12 57 0 1 0 0 0 0 1 0 0 0 0 1 0
12 58 0 1 0 0 0 0 1 0 0 0 0 1 0
12 59 0 1 0 0 0 0 1 0 0 0 0 1 0
12 60 0 1 0 0 0 0 1 0 0 0 0 1 0
12 61 0 1 0 0 0 0 1 0 0 0 0 1 0
12 62 0 1 0 0 0 0 1 0 0 0 0 1 0
12 63 0 1 0 0 0 0 1 0 0 0 0 1 0
12 64 0 1 0 0 0 0 1 0 0 0 0 1 0
12 65 0 1 0 0 0 0 1 0 0 0 0 1 0
12 66 0 1 0 0 0 0 1 0 0 0 0 1 0
12 67 0 1 0 0 0 0 1 0 0 0 0 1 0
13 14 56 0.996048 0.0437834 -0.0772705 0.980915 -0.0450281 0.998881 -0.0144395 -0.0469036 0.0765519 0.0178618 0.996906 -0.188697
13 15 35 0.983349 0.0411665 -0.177 0.985887 -0.0419806 0.999118 -0.000855199 0.056343 0.176809 0.00827153 0.98421 -0.157643
13 16 20 0.96521 0.0677057 -0.252557 0.991784 -0.0527777 0.996461 0.0654288 -0.0430721 0.256093 -0.0498231 0.965367 -0.120458
13 17 0 1 0 0 0 0 1 0 0 0 0 1 0
13 18 0 1 0 0 0 0 1 0 0 0 0 1 0
13 19 0 1 0 0 0 0 1 0 0 0 0 1 0
13 20 0 1 0 0 0 0 1 0 0 0 0 1 0
13 21 0 1 0 0 0 0 1 0 0 0 0 1 0
13 22 0 1 0 0 0 0 1 0 0 0 0 1 0
13 23 0 1 0 0 0 0 1 0 0 0 0 1 0
13 24 0 1 0 0 0 0 1 0 0 0 0 1 0
13 25 0 1 0 0 0 0 1 0 0 0 0 1 0
13 26 0 1 0 0 0 0 1 0 0 0 0 1 0
13 27 0 1 0 0 0 0 1 0 0 0 0 1 0
13 28 0 1 0 0 0 0 1 0 0 0 0 1 0
13 29 0 1 0 0 0 0 1 0 0 0 0 1 0
13 30 0 1 0 0 0 0 1 0 0 0 0 1 0
13 31 0 1 0 0 0 0 1 0 0 0 0 1 0
13 32 0 1 0 0 0 0 1 0 0 0 0 1 0
13 33 0 1 0 0 0 0 1 0 0 0 0 1 0
13 34 0 1 0 0 0 0 1 0 0 0 0 1 0
13 35 0 1 0 0 0 0 1 0 0 0 0 1 0
13 36 0 1 0 0 0 0 1 0 0 0 0 1 0
13 37 0 1 0 0 0 0 1 0 0 0 0 1 0
13 38 0 1 0 0 0 0 1 0 0 0 0 1 0
13 39 0 1 0 0 0 0 1 0 0 0 0 1 0
13 40 0 1 0 0 0 0 1 0 0 0 0 1 0
13 41 0 1 0 0 0 0 1 0 0 0 0 1 0
13 42 0 1 0 0 0 0 1 0 0 0 0 1 0
13 43 0 1 0 0 0 0 1 0 0 0 0 1 0
13 44 0 1 0 0 0 0 1 0 0 0 0 1 0
13 45 0 1 0 0 0 0 1 0 0 0 0 1 0
13 46 0 1 0 0 0 0 1 0 0 0 0 1 0
13 47 0 1 0 0 0 0 1 0 0 0 0 1 0
13 48 0 1 0 0 0 0 1 0 0 0 0 1 0
13 49 0 1 0 0 0 0 1 0 0 0 0 1 0
13 50 0 1 0 0 0 0 1 0 0 0 0 1 0
13 51 0 1 0 0 0 0 1 0 0 0 0 1 0
13 52 0 1 0 0 0 0 1 0 0 0 0 1 0
13 53 0 1 0 0 0 0 1 0 0 0 0 1 0
13 54 0 1 0 0 0 0 1 0 0 0 0 1 0
13 55 0 1 0 0 0 0 1 0 0 0 0 1 0
13 56 0 1 0 0 0 0 1 0 0 0 0 1 0
13 57 0 1 0 0 0 0 1 0 0 0 0 1 0
13 58 0 1 0 0 0 0 1 0 0 0 0 1 0
13 59 0 1 0 0 0 0 1 0 0 0 0 1 0
13 60 0 1 0 0 0 0 1 0 0 0 0 1 0
13 61 0 1 0 0 0 0 1 0 0 0 0 1 0
13 62 0 1 0 0 0 0 1 0 0 0 0 1 0
13 63 0 1 0 0 0 0 1 0 0 0 0 1 0
13 64 0 1 0 0 0 0 1 0 0 0 0 1 0
13 65 0 1 0 0 0 0 1 0 0 0 0 1 0
13 66 0 1 0 0 0 0 1 0 0 0 0 1 0
13 67 0 1 0 0 0 0 1 0 0 0 0 1 0
14 15 40 0.994086 0.00329748 -0.108549 0.97066 -0.00142578 0.999849 0.0173159 0.129545 0.10859 -0.0170587 0.99394 -0.202578
14 16 0 1 0 0 0 0 1 0 0 0 0 1 0
14 17 0 1 0 0 0 0 1 0 0 0 0 1 0
14 18 0 1 0 0 0 0 1 0 0 0 0 1 0
14 19 0 1 0 0 0 0 1 0 0 0 0 1 0
14 20 0 1 0 0 0 0 1 0 0 0 0 1 0
14 21 0 1 0 0 0 0 1 0 0 0 0 1 0
14 22 0 1 0 0 0 0 1 0 0 0 0 1 0
14 23 0 1 0 0 0 0 1 0 0 0 0 1 0
14 24 0 1 0 0 0 0 1 0 0 0 0 1 0
14 25 0 1 0 0 0 0 1 0 0 0 0 1 0
14 26 0 1 0 0 0 0 1 0 0 0 0 1 0
14 27 0 1 0 0 0 0 1 0 0 0 0 1 0
14 28 0 1 0 0 0 0 1 0 0 0 0 1 0
14 29 0 1 0 0 0 0 1 0 0 0 0 1 0
14 30 0 1 0 0 0 0 1 0 0 0 0 1 0
14 31 0 1 0 0 0 0 1 0 0 0 0 1 0
14 32 0 1 0 0 0 0 1 0 0 0 0 1 0
14 33 0 1 0 0 0 0 1 0 0 0 0 1 0
14 34 0 1 0 0 0 0 1 0 0 0 0 1 0
14 35 0 1 0 0 0 0 1 0 0 0 0 1 0
14 36 0 1 0 0 0 0 1 0 0 0 0 1 0
14 37 0 1 0 0 0 0 1 0 0 0 0 1 0
14 38 0 1 0 0 0 0 1 0 0 0 0 1 0
14 39 0 1 0 0 0 0 1 0 0 0 0 1 0
14 40 0 1 0 0 0 0 1 0 0 0 0 1 0
14 41 0 1 0 0 0 0 1 0 0 0 0 1 0
14 42 0 1 0 0 0 0 1 0 0 0 0 1 0
14 43 0 1 0 0 0 0 1 0 0 0 0 1 0
14 44 0 1 0 0 0 0 1 0 0 0 0 1 0
14 45 0 1 0 0 0 0 1 0 0 0 0 1 0
14 46 0 1 0 0 0 0 1 0 0 0 0 1 0
14 47 0 1 0 0 0 0 1 0 0 0 0 1 0
14 48 0 1 0 0 0 0 1 0 0 0 0 1 0
14 49 0 1 0 0 0 0 1 0 0 0 0 1 0
14 50 0 1 0 0 0 0 1 0 0 0 0 1 0
14 51 0 1 0 0 0 0 1 0 0 0 0 1 0
14 52 0 1 0 0 0 0 1 0 0 0 0 1 0
14 53 0 1 0 0 0 0 1 0 0 0 0 1 0
14 54 0 1 0 0 0 0 1 0 0 0 0 1 0
14 55 0 1 0 0 0 0 1 0 0 0 0 1 0
14 56 0 1 0 0 0 0 1 0 0 0 0 1 0
14 57 0 1 0 0 0 0 1 0 0 0 0 1 0
14 58 0 1 0 0 0 0 1 0 0 0 0 1 0
14 59 0 1 0 0 0 0 1 0 0 0 0 1 0
14 60 0 1 0 0 0 0 1 0 0 0 0 1 0
14 61 0 1 0 0 0 0 1 0 0 0 0 1 0
14 62 0 1 0 0 0 0 1 0 0 0 0 1 0
14 63 0 1 0 0 0 0 1 0 0 0 0 1 0
14 64 0 1 0 0 0 0 1 0 0 0 0 1 0
14 65 0 1 0 0 0 0 1 0 0 0 0 1 0
14 66 0 1 0 0 0 0 1 0 0 0 0 1 0
14 67 0 1 0 0 0 0 1 0 0 0 0 1 0
15 16 42 0.994153 0.0386808 -0.100818 0.998977 -0.0334977 0.998053 0.052607 0.0426553 0.102657 -0.0489222 0.993513 0.0150047
15 17 17 0.99651 -0.0103063 0.0828319 -0.876294 0.00428708 0.997358 0.0725201 -0.165158 -0.0833605 -0.0719119 0.993921 0.452583
15 18 0 1 0 0 0 0 1 0 0 0 0 1 0
15 19 0 1 0 0 0 0 1 0 0 0 0 1 0
15 20 0 1 0 0 0 0 1 0 0 0 0 1 0
15 21 0 1 0 0 0 0 1 0 0 0 0 1 0
15 22 0 1 0 0 0 0 1 0 0 0 0 1 0
15 23 0 1 0 0 0 0 1 0 0 0 0 1 0
15 24 0 1 0 0 0 0 1 0 0 0 0 1 0
15 25 0 1 0 0 0 0 1 0 0 0 0 1 0
15 26 0 1 0 0 0 0 1 0 0 0 0 1 0
15 27 0 1 0 0 0 0 1 0 0 0 0 1 0
15 28 0 1 0 0 0 0 1 0 0 0 0 1 0
15 29 0 1 0 0 0 0 1 0 0 0 0 1 0
15 30 0 1 0 0 0 0 1 0 0 0 0 1 0
15 31 0 1 0 0 0 0 1 0 0 0 0 1 0
15 32 0 1 0 0 0 0 1 0 0 0 0 1 0
15 33 0 1 0 0 0 0 1 0 0 0 0 1 0
15 34 0 1 0 0 0 0 1 0 0 0 0 1 0
15 35 0 1 0 0 0 0 1 0 0 0 0 1 0
15 36 0 1 0 0 0 0 1 0 0 0 0 1 0
15 37 0 1 0 0 0 0 1 0 0 0 0 1 0
15 38 0 1 0 0 0 0 1 0 0 0 0 1 0
15 39 0 1 0 0 0 0 1 0 0 0 0 1 0
15 40 0 1 0 0 0 0 1 0 0 0 0 1 0
15 41 0 1 0 0 0 0 1 0 0 0 0 1 0
15 42 0 1 0 0 0 0 1 0 0 0 0 1 0
15 43 0 1 0 0 0 0 1 0 0 0 0 1 0
15 44 0 1 0 0 0 0 1 0 0 0 0 1 0
15 45 0 1 0 0 0 0 1 0 0 0 0 1 0
15 46 0 1 0 0 0 0 1 0 0 0 0 1 0
15 47 0 1 0 0 0 0 1 0 0 0 0 1 0
15 48 0 1 0 0 0 0 1 0 0 0 0 1 0
15 49 0 1 0 0 0 0 1 0 0 0 0 1 0
15 50 0 1 0 0 0 0 1 0 0 0 0 1 0
15 51 0 1 0 0 0 0 1 0 0 0 0 1 0
15 52 0 1 0 0 0 0 1 0 0 0 0 1 0
15 53 0 1 0 0 0 0 1 0 0 0 0 1 0
15 54 0 1 0 0 0 0 1 0 0 0 0 1 0
15 55 0 1 0 0 0 0 1 0 0 0 0 1 0
15 56 0 1 0 0 0 0 1 0 0 0 0 1 0
15 57 0 1 0 0 0 0 1 0 0 0 0 1 0
15 58 0 1 0 0 0 0 1 0 0 0 0 1 0
15 59 0 1 0 0 0 0 1 0 0 0 0 1 0
15 60 0 1 0 0 0 0 1 0 0 0 0 1 0
15 61 0 1 0 0 0 0 1 0 0 0 0 1 0
15 62 0 1 0 0 0 0 1 0 0 0 0 1 0
15 63 0 1 0 0 0 0 1 0 0 0 0 1 0
15 64 0 1 0 0 0 0 1 0 0 0 0 1 0
15 65 0 1 0 0 0 0 1 0 0 0 0 1 0
15 66 0 1 0 0 0 0 1 0 0 0 0 1 0
15 67 0 1 0 0 0 0 1 0 0 0 0 1 0
16 17 69 0.998725 0.0218907 -0.0454848 0.898245 -0.0210098 0.999584 0.019755 0.0360897 0.0458984 -0.0187742 0.99877 -0.438011
16 18 23 0.996298 0.0623454 -0.0591835 0.997136 -0.063306 0.997889 -0.0144952 -0.0606793 0.0581549 0.0181882 0.998142 -0.0451396
16 19 0 1 0 0 0 0 1 0 0 0 0 1 0
16 20 0 1 0 0 0 0 1 0 0 0 0 1 0
16 21 0 1 0 0 0 0 1 0 0 0 0 1 0
16 22 0 1 0 0 0 0 1 0 0 0 0 1 0
16 23 0 1 0 0 0 0 1 0 0 0 0 1 0
16 24 0 1 0 0 0 0 1 0 0 0 0 1 0
16 25 0 1 0 0 0 0 1 0 0 0 0 1 0
16 26 0 1 0 0 0 0 1 0 0 0 0 1 0
16 27 0 1 0 0 0 0 1 0 0 0 0 1 0
16 28 0 1 0 0 0 0 1 0 0 0 0 1 0
16 29 0 1 0 0 0 0 1 0 0 0 0 1 0
16 30 0 1 0 0 0 0 1 0 0 0 0 1 0
16 31 0 1 0 0 0 0 1 0 0 0 0 1 0
16 32 0 1 0 0 0 0 1 0 0 0 0 1 0
16 33 0 1 0 0 0 0 1 0 0 0 0 1 0
16 34 0 1 0 0 0 0 1 0 0 0 0 1 0
16 35 0 1 0 0 0 0 1 0 0 0 0 1 0
16 36 0 1 0 0 0 0 1 0 0 0 0 1 0
16 37 0 1 0 0 0 0 1 0 0 0 0 1 0
16 38 0 1 0 0 0 0 1 0 0 0 0 1 0
16 39 0 1 0 0 0 0 1 0 0 0 0 1 0
16 40 0 1 0 0 0 0 1 0 0 0 0 1 0
16 41 0 1 0 0 0 0 1 0 0 0 0 1 0
16 42 0 1 0 0 0 0 1 0 0 0 0 1 0
16 43 0 1 0 0 0 0 1 0 0 0 0 1 0
16 44 0 1 0 0 0 0 1 0 0 0 0 1 0
16 45 0 1 0 0 0 0 1 0 0 0 0 1 0
16 46 0 1 0 0 0 0 1 0 0 0 0 1 0
16 47 0 1 0 0 0 0 1 0 0 0 0 1 0
16 48 0 1 0 0 0 0 1 0 0 0 0 1 0
16 49 0 1 0 0 0 0 1 0 0 0 0 1 0
16 50 0 1 0 0 0 0 1 0 0 0 0 1 0
16 51 0 1 0 0 0 0 1 0 0 0 0 1 0
16 52 0 1 0 0 0 0 1 0 0 0 0 1 0
16 53 0 1 0 0 0 0 1 0 0 0 0 1 0
16 54 0 1 0 0 0 0 1 0 0 0 0 1 0
16 55 0 1 0 0 0 0 1 0 0 0 0 1 0
16 56 0 1 0 0 0 0 1 0 0 0 0 1 0
16 57 0 1 0 0 0 0 1 0 0 0 0 1 0
16 58 0 1 0 0 0 0 1 0 0 0 0 1 0
16 59 0 1 0 0 0 0 1 0 0 0 0 1 0
16 60 0 1 0 0 0 0 1 0 0 0 0 1 0
16 61 0 1 0 0 0 0 1 0 0 0 0 1 0
16 62 0 1 0 0 0 0 1 0 0 0 0 1 0
16 63 0 1 0 0 0 0 1 0 0 0 0 1 0
16 64 0 1 0 0 0 0 1 0 0 0 0 1 0
16 65 0 1 0 0 0 0 1 0 0 0 0 1 0
16 66 0 1 0 0 0 0 1 0 0 0 0 1 0
16 67 0 1 0 0 0 0 1 0 0 0 0 1 0
17 18 62 0.996538 0.0506019 -0.0659697 0.930656 -0.0528319 0.998074 -0.0325086 0.049928 0.0641977 0.0358813 0.997292 -0.362472
17 19 16 0.999397 0.0296094 0.0181202 -0.993249 -0.0290601 0.999132 -0.0298609 -0.0083487 -0.0189887 0.0293164 0.99939 -0.115702
17 20 0 1 0 0 0 0 1 0 0 0 0 1 0
17 21 0 1 0 0 0 0 1 0 0 0 0 1 0
17 22 0 1 0 0 0 0 1 0 0 0 0 1 0
17 23 0 1 0 0 0 0 1 0 0 0 0 1 0
17 24 0 1 0 0 0 0 1 0 0 0 0 1 0
17 25 0 1 0 0 0 0 1 0 0 0 0 1 0
17 26 0 1 0 0 0 0 1 0 0 0 0 1 0
17 27 0 1 0 0 0 0 1 0 0 0 0 1 0
17 28 0 1 0 0 0 0 1 0 0 0 0 1 0
17 29 0 1 0 0 0 0 1 0 0 0 0 1 0
17 30 0 1 0 0 0 0 1 0 0 0 0 1 0
17 31 0 1 0 0 0 0 1 0 0 0 0 1 0
17 32 0 1 0 0 0 0 1 0 0 0 0 1 0
17 33 0 1 0 0 0 0 1 0 0 0 0 1 0
17 34 0 1 0 0 0 0 1 0 0 0 0 1 0
17 35 0 1 0 0 0 0 1 0 0 0 0 1 0
17 36 0 1 0 0 0 0 1 0 0 0 0 1 0
17 37 0 1 0 0 0 0 1 0 0 0 0 1 0
17 38 0 1 0 0 0 0 1 0 0 0 0 1 0
17 39 0 1 0 0 0 0 1 0 0 0 0 1 0
17 40 0 1 0 0 0 0 1 0 0 0 0 1 0
17 41 0 1 0 0 0 0 1 0 0 0 0 1 0
17 42 0 1 0 0 0 0 1 0 0 0 0 1 0
17 43 0 1 0 0 0 0 1 0 0 0 0 1 0
17 44 0 1 0 0 0 0 1 0 0 0 0 1 0
17 45 0 1 0 0 0 0 1 0 0 0 0 1 0
17 46 0 1 0 0 0 0 1 0 0 0 0 1 0
17 47 0 1 0 0 0 0 1 0 0 0 0 1 0
17 48 0 1 0 0 0 0 1 0 0 0 0 1 0
17 49 0 1 0 0 0 0 1 0 0 0 0 1 0
17 50 0 1 0 0 0 0 1 0 0 0 0 1 0
17 51 0 1 0 0 0 0 1 0 0 0 0 1 0
17 52 0 1 0 0 0 0 1 0 0 0 0 1 0
17 53 0 1 0 0 0 0 1 0 0 0 0 1 0
17 54 0 1 0 0 0 0 1 0 0 0 0 1 0
17 55 0 1 0 0 0 0 1 0 0 0 0 1 0
17 56 0 1 0 0 0 0 1 0 0 0 0 1 0
17 57 0 1 0 0 0 0 1 0 0 0 0 1 0
17 58 0 1 0 0 0 0 1 0 0 0 0 1 0
17 59 0 1 0 0 0 0 1 0 0 0 0 1 0
17 60 0 1 0 0 0 0 1 0 0 0 0 1 0
17 61 0 1 0 0 0 0 1 0 0 0 0 1 0
17 62 0 1 0 0 0 0 1 0 0 0 0 1 0
17 63 0 1 0 0 0 0 1 0 0 0 0 1 0
17 64 0 1 0 0 0 0 1 0 0 0 0 1 0
17 65 0 1 0 0 0 0 1 0 0 0 0 1 0
17 66 0 1 0 0 0 0 1 0 0 0 0 1 0
17 67 0 1 0 0 0 0 1 0 0 0 0 1 0
18 19 38 0.998267 0.0136742 -0.057243 -0.944219 -0.013593 0.999906 0.00180634 0.0821296 0.0572623 -0.0010251 0.998359 -0.318913
18 20 39 0.951996 0.103556 -0.288061 0.978781 -0.09054 0.994192 0.0581842 0.15303 0.292414 -0.0293101 0.955843 -0.136268
18 21 0 1 0 0 0 0 1 0 0 0 0 1 0
18 22 15 0.994171 0.0608218 -0.089019 -0.770686 -0.0545595 0.995971 0.0711674 -0.0521762 0.0929888 -0.0658958 0.993484 -0.635075
18 23 0 1 0 0 0 0 1 0 0 0 0 1 0
18 24 0 1 0 0 0 0 1 0 0 0 0 1 0
18 25 0 1 0 0 0 0 1 0 0 0 0 1 0
18 26 0 1 0 0 0 0 1 0 0 0 0 1 0
18 27 0 1 0 0 0 0 1 0 0 0 0 1 0
18 28 0 1 0 0 0 0 1 0 0 0 0 1 0
18 29 0 1 0 0 0 0 1 0 0 0 0 1 0
18 30 0 1 0 0 0 0 1 0 0 0 0 1 0
18 31 0 1 0 0 0 0 1 0 0 0 0 1 0
18 32 0 1 0 0 0 0 1 0 0 0 0 1 0
18 33 0 1 0 0 0 0 1 0 0 0 0 1 0
18 34 0 1 0 0 0 0 1 0 0 0 0 1 0
18 35 0 1 0 0 0 0 1 0 0 0 0 1 0
18 36 0 1 0 0 0 0 1 0 0 0 0 1 0
18 37 0 1 0 0 0 0 1 0 0 0 0 1 0
18 38 0 1 0 0 0 0 1 0 0 0 0 1 0
18 39 0 1 0 0 0 0 1 0 0 0 0 1 0
18 40 0 1 0 0 0 0 1 0 0 0 0 1 0
18 41 0 1 0 0 0 0 1 0 0 0 0 1 0
18 42 0 1 0 0 0 0 1 0 0 0 0 1 0
18 43 0 1 0 0 0 0 1 0 0 0 0 1 0
18 44 0 1 0 0 0 0 1 0 0 0 0 1 0
18 45 0 1 0 0 0 0 1 0 0 0 0 1 0
18 46 0 1 0 0 0 0 1 0 0 0 0 1 0
18 47 0 1 0 0 0 0 1 0 0 0 0 1 0
18 48 0 1 0 0 0 0 1 0 0 0 0 1 0
18 49 0 1 0 0 0 0 1 0 0 0 0 1 0
18 50 0 1 0 0 0 0 1 0 0 0 0 1 0
18 51 0 1 0 0 0 0 1 0 0 0 0 1 0
18 52 0 1 0 0 0 0 1 0 0 0 0 1 0
18 53 0 1 0 0 0 0 1 0 0 0 0 1 0
18 54 0 1 0 0 0 0 1 0 0 0 0 1 0
18 55 0 1 0 0 0 0 1 0 0 0 0 1 0
18 56 0 1 0 0 0 0 1 0 0 0 0 1 0
18 57 0 1 0 0 0 0 1 0 0 0 0 1 0
18 58 0 1 0 0 0 0 1 0 0 0 0 1 0
18 59 0 1 0 0 0 0 1 0 0 0 0 1 0
18 60 0 1 0 0 0 0 1 0 0 0 0 1 0
18 61 0 1 0 0 0 0 1 0 0 0 0 1 0
18 62 0 1 0 0 0 0 1 0 0 0 0 1 0
18 63 0 1 0 0 0 0 1 0 0 0 0 1 0
18 64 0 1 0 0 0 0 1 0 0 0 0 1 0
18 65 0 1 0 0 0 0 1 0 0 0 0 1 0
18 66 0 1 0 0 0 0 1 0 0 0 0 1 0
18 67 0 1 0 0 0 0 1 0 0 0 0 1 0
19 20 42 0.989965 0.0644281 -0.125775 0.865079 -0.0571429 0.996519 0.0606996 -0.0094589 0.129248 -0.0529033 0.9902 -0.501546
19 21 0 1 0 0 0 0 1 0 0 0 0 1 0
19 22 22 0.992654 0.0925819 -0.0778921 -0.160211 -0.0884251 0.994551 0.0552291 -0.116449 0.0825808 -0.0479357 0.995431 -0.98019
19 23 16 0.986197 0.0582046 -0.155011 -0.348628 -0.0452741 0.995293 0.085681 -0.115581 0.159268 -0.0774804 0.98419 -0.930107
