0 1 48 0.999897 0.00479075 -0.0135448 0.622353 -0.00504992 0.999804 -0.0191651 -0.0219104 0.0134503 0.0192315 0.999725 0.78243
0 2 88 0.993014 0.044561 -0.10926 0.958831 -0.0489527 0.998084 -0.0378468 0.00885566 0.107364 0.042931 0.993292 -0.283838
0 3 57 0.980379 0.0541739 -0.189529 0.985263 -0.0551564 0.998478 9.07028e-05 0.040889 0.189245 0.0103648 0.981875 -0.166089
0 4 35 0.966885 0.100896 -0.234421 0.990207 -0.100699 0.994834 0.0128447 0.0168496 0.234506 0.0111866 0.97205 -0.138589
0 5 0 1 0 0 0 0 1 0 0 0 0 1 0
0 6 13 -0.295446 -0.852978 -0.430279 0.265939 -0.92141 0.373409 -0.107564 0.107047 0.25242 0.364684 -0.896264 0.958028
0 7 0 1 0 0 0 0 1 0 0 0 0 1 0
0 8 16 0.994482 -0.0516894 0.0912865 0.229794 0.0490916 0.998329 0.0304792 -0.0601679 -0.0927095 -0.0258296 0.995358 -0.971378
0 9 0 1 0 0 0 0 1 0 0 0 0 1 0
0 10 0 1 0 0 0 0 1 0 0 0 0 1 0
0 11 0 1 0 0 0 0 1 0 0 0 0 1 0
0 12 0 1 0 0 0 0 1 0 0 0 0 1 0
0 13 0 1 0 0 0 0 1 0 0 0 0 1 0
0 14 0 1 0 0 0 0 1 0 0 0 0 1 0
0 15 0 1 0 0 0 0 1 0 0 0 0 1 0
0 16 0 1 0 0 0 0 1 0 0 0 0 1 0
0 17 0 1 0 0 0 0 1 0 0 0 0 1 0
0 18 0 1 0 0 0 0 1 0 0 0 0 1 0
0 19 0 1 0 0 0 0 1 0 0 0 0 1 0
0 20 0 1 0 0 0 0 1 0 0 0 0 1 0
0 21 0 1 0 0 0 0 1 0 0 0 0 1 0
0 22 0 1 0 0 0 0 1 0 0 0 0 1 0
0 23 0 1 0 0 0 0 1 0 0 0 0 1 0
0 24 0 1 0 0 0 0 1 0 0 0 0 1 0
0 25 0 1 0 0 0 0 1 0 0 0 0 1 0
0 26 0 1 0 0 0 0 1 0 0 0 0 1 0
0 27 0 1 0 0 0 0 1 0 0 0 0 1 0
0 28 0 1 0 0 0 0 1 0 0 0 0 1 0
0 29 0 1 0 0 0 0 1 0 0 0 0 1 0
0 30 0 1 0 0 0 0 1 0 0 0 0 1 0
0 31 0 1 0 0 0 0 1 0 0 0 0 1 0
0 32 0 1 0 0 0 0 1 0 0 0 0 1 0
0 33 0 1 0 0 0 0 1 0 0 0 0 1 0
0 34 0 1 0 0 0 0 1 0 0 0 0 1 0
0 35 0 1 0 0 0 0 1 0 0 0 0 1 0
0 36 15 -0.848209 0.239455 0.472444 -0.364344 -0.35015 -0.922762 -0.160951 -0.191236 0.397413 -0.301946 0.86654 0.911418
0 37 0 1 0 0 0 0 1 0 0 0 0 1 0
0 38 0 1 0 0 0 0 1 0 0 0 0 1 0
0 39 0 1 0 0 0 0 1 0 0 0 0 1 0
0 40 0 1 0 0 0 0 1 0 0 0 0 1 0
0 41 0 1 0 0 0 0 1 0 0 0 0 1 0
0 42 0 1 0 0 0 0 1 0 0 0 0 1 0
0 43 0 1 0 0 0 0 1 0 0 0 0 1 0
0 44 0 1 0 0 0 0 1 0 0 0 0 1 0
0 45 0 1 0 0 0 0 1 0 0 0 0 1 0
0 46 0 1 0 0 0 0 1 0 0 0 0 1 0
0 47 0 1 0 0 0 0 1 0 0 0 0 1 0
0 48 0 1 0 0 0 0 1 0 0 0 0 1 0
0 49 0 1 0 0 0 0 1 0 0 0 0 1 0
0 50 0 1 0 0 0 0 1 0 0 0 0 1 0
0 51 0 1 0 0 0 0 1 0 0 0 0 1 0
0 52 0 1 0 0 0 0 1 0 0 0 0 1 0
0 53 0 1 0 0 0 0 1 0 0 0 0 1 0
0 54 0 1 0 0 0 0 1 0 0 0 0 1 0
0 55 0 1 0 0 0 0 1 0 0 0 0 1 0
0 56 0 1 0 0 0 0 1 0 0 0 0 1 0
0 57 0 1 0 0 0 0 1 0 0 0 0 1 0
0 58 0 1 0 0 0 0 1 0 0 0 0 1 0
0 59 0 1 0 0 0 0 1 0 0 0 0 1 0
0 60 0 1 0 0 0 0 1 0 0 0 0 1 0
0 61 0 1 0 0 0 0 1 0 0 0 0 1 0
0 62 0 1 0 0 0 0 1 0 0 0 0 1 0
0 63 0 1 0 0 0 0 1 0 0 0 0 1 0
0 64 0 1 0 0 0 0 1 0 0 0 0 1 0
0 65 0 1 0 0 0 0 1 0 0 0 0 1 0
0 66 0 1 0 0 0 0 1 0 0 0 0 1 0
0 67 0 1 0 0 0 0 1 0 0 0 0 1 0
1 2 150 0.996604 0.0383724 -0.0728555 0.905153 -0.0399999 0.998979 -0.0210114 0.0687259 0.0719748 0.0238542 0.997121 -0.419495
1 3 94 0.989649 0.0483961 -0.135103 0.937802 -0.0468225 0.998794 0.0148021 0.110745 0.135657 -0.00832303 0.990721 -0.329035
1 4 48 0.968502 0.103761 -0.226356 0.990744 -0.0997062 0.994585 0.0293055 0.039292 0.228172 -0.00581334 0.973604 -0.129929
1 5 39 0.961762 0.104723 -0.253073 0.978499 -0.103314 0.994469 0.0188916 0.0502983 0.253652 0.00797678 0.967263 -0.200024
1 6 16 0.98252 -0.0520227 0.178739 -0.505592 0.0515675 0.998644 0.00719506 0.366802 -0.178871 0.00214784 0.98387 -0.780918
1 7 0 1 0 0 0 0 1 0 0 0 0 1 0
1 8 31 0.781828 -0.576239 0.238104 0.192065 -0.589751 -0.807395 -0.0175079 -0.290849 0.202333 -0.126734 -0.971082 0.937293
1 9 0 1 0 0 0 0 1 0 0 0 0 1 0
1 10 0 1 0 0 0 0 1 0 0 0 0 1 0
1 11 16 -0.740078 0.651804 -0.165639 -0.0116449 -0.365935 -0.596933 -0.713977 -0.27639 -0.564248 -0.467786 0.680295 0.960975
1 12 0 1 0 0 0 0 1 0 0 0 0 1 0
1 13 22 -0.353823 -0.232655 -0.905914 0.591402 -0.00454164 0.968985 -0.247079 0.156872 0.935301 -0.0833078 -0.343906 0.790971
1 14 23 -0.791243 0.610867 -0.0278385 -0.0388831 0.391649 0.471281 -0.790256 0.495165 -0.469622 -0.636188 -0.612144 0.867928
1 15 26 0.611961 0.437406 -0.658924 0.910101 -0.418918 0.88594 0.199043 -0.191263 0.670829 0.154228 0.725398 0.367608
1 16 20 -0.627488 0.76648 -0.136994 0.219308 0.499519 0.261313 -0.825952 0.324276 -0.597277 -0.586706 -0.546842 0.92019
1 17 17 -0.906334 0.0771106 -0.415467 0.286066 -0.0698154 0.942371 0.327205 -0.163863 0.416755 0.325563 -0.848719 0.944095
1 18 22 -0.729491 -0.409691 -0.547719 0.2039 -0.04374 0.827073 -0.56039 0.341639 0.68259 -0.384842 -0.621263 0.917446
1 19 0 1 0 0 0 0 1 0 0 0 0 1 0
1 20 0 1 0 0 0 0 1 0 0 0 0 1 0
1 21 22 0.204905 0.237042 0.949645 -0.440981 -0.198513 -0.940002 0.277468 -0.109249 0.95844 -0.245372 -0.145555 0.890842
1 22 0 1 0 0 0 0 1 0 0 0 0 1 0
1 23 0 1 0 0 0 0 1 0 0 0 0 1 0
1 24 0 1 0 0 0 0 1 0 0 0 0 1 0
1 25 0 1 0 0 0 0 1 0 0 0 0 1 0
1 26 0 1 0 0 0 0 1 0 0 0 0 1 0
1 27 0 1 0 0 0 0 1 0 0 0 0 1 0
1 28 0 1 0 0 0 0 1 0 0 0 0 1 0
1 29 0 1 0 0 0 0 1 0 0 0 0 1 0
1 30 0 1 0 0 0 0 1 0 0 0 0 1 0
1 31 0 1 0 0 0 0 1 0 0 0 0 1 0
1 32 0 1 0 0 0 0 1 0 0 0 0 1 0
1 33 22 -0.848482 0.228027 -0.477579 0.331336 0.361521 0.90878 -0.208379 0.0073435 0.386498 -0.349461 -0.85352 0.943484
1 34 0 1 0 0 0 0 1 0 0 0 0 1 0
1 35 10 0.243083 0.890138 -0.385442 -0.0724941 -0.775977 0.41688 0.473362 0.205769 0.58204 0.184028 0.792062 0.975912
1 36 10 0.984906 0.0331441 0.169889 -0.290875 -0.0175554 0.995562 -0.0924519 0.00587999 -0.1722 0.0880739 0.981117 -0.956743
1 37 10 -0.0549031 0.979694 -0.192837 0.307214 -0.998442 -0.0557893 0.000835677 -0.262142 -0.00993953 0.192583 0.98123 0.914823
1 38 0 1 0 0 0 0 1 0 0 0 0 1 0
1 39 0 1 0 0 0 0 1 0 0 0 0 1 0
1 40 14 0.954091 -0.293917 -0.0576476 -0.00700912 -0.29862 -0.948335 -0.107181 0.282398 -0.0231669 0.119475 -0.992567 0.959272
1 41 0 1 0 0 0 0 1 0 0 0 0 1 0
1 42 15 -0.578295 -0.775184 -0.254294 0.342552 -0.686293 0.630771 -0.362119 0.0942233 0.44111 -0.0348916 -0.896775 0.934762
1 43 0 1 0 0 0 0 1 0 0 0 0 1 0
1 44 0 1 0 0 0 0 1 0 0 0 0 1 0
1 45 0 1 0 0 0 0 1 0 0 0 0 1 0
1 46 0 1 0 0 0 0 1 0 0 0 0 1 0
1 47 0 1 0 0 0 0 1 0 0 0 0 1 0
1 48 0 1 0 0 0 0 1 0 0 0 0 1 0
1 49 0 1 0 0 0 0 1 0 0 0 0 1 0
1 50 0 1 0 0 0 0 1 0 0 0 0 1 0
1 51 0 1 0 0 0 0 1 0 0 0 0 1 0
1 52 0 1 0 0 0 0 1 0 0 0 0 1 0
1 53 0 1 0 0 0 0 1 0 0 0 0 1 0
1 54 0 1 0 0 0 0 1 0 0 0 0 1 0
1 55 0 1 0 0 0 0 1 0 0 0 0 1 0
1 56 0 1 0 0 0 0 1 0 0 0 0 1 0
1 57 0 1 0 0 0 0 1 0 0 0 0 1 0
1 58 0 1 0 0 0 0 1 0 0 0 0 1 0
1 59 0 1 0 0 0 0 1 0 0 0 0 1 0
1 60 0 1 0 0 0 0 1 0 0 0 0 1 0
1 61 0 1 0 0 0 0 1 0 0 0 0 1 0
1 62 0 1 0 0 0 0 1 0 0 0 0 1 0
1 63 0 1 0 0 0 0 1 0 0 0 0 1 0
1 64 0 1 0 0 0 0 1 0 0 0 0 1 0
1 65 0 1 0 0 0 0 1 0 0 0 0 1 0
1 66 0 1 0 0 0 0 1 0 0 0 0 1 0
1 67 0 1 0 0 0 0 1 0 0 0 0 1 0
2 3 93 0.997271 0.015173 -0.0722563 0.957791 -0.0125312 0.999241 0.0368753 0.139236 0.0727609 -0.0358692 0.996704 -0.251496
2 4 31 0.989132 0.0673623 -0.130689 0.994945 -0.0614011 0.996904 0.0491237 0.0510154 0.133593 -0.0405654 0.990206 -0.0865
2 5 22 0.926494 0.302231 -0.224201 0.0630748 0.330992 -0.93795 0.10341 -0.23488 -0.179036 -0.170017 -0.969041 0.969976
2 6 0 1 0 0 0 0 1 0 0 0 0 1 0
2 7 0 1 0 0 0 0 1 0 0 0 0 1 0
2 8 19 -0.000694207 0.988432 0.151665 0.197856 -0.847932 0.0798162 -0.524061 -0.305642 -0.530104 -0.128965 0.838068 0.931362
2 9 0 1 0 0 0 0 1 0 0 0 0 1 0
2 10 11 -0.640154 0.67469 -0.367417 -0.0386191 -0.472584 -0.722896 -0.50407 -0.173388 -0.605695 -0.149047 0.781613 0.984096
2 11 20 -0.38313 0.869203 -0.312565 -0.00281985 -0.704584 -0.493823 -0.509607 -0.183659 -0.597304 0.024983 0.801625 0.982986
2 12 0 1 0 0 0 0 1 0 0 0 0 1 0
2 13 0 1 0 0 0 0 1 0 0 0 0 1 0
2 14 0 1 0 0 0 0 1 0 0 0 0 1 0
2 15 27 -0.900019 -0.0738635 -0.429546 0.276524 0.142196 0.881849 -0.44958 0.24731 0.412002 -0.46571 -0.783178 0.92864
2 16 0 1 0 0 0 0 1 0 0 0 0 1 0
2 17 0 1 0 0 0 0 1 0 0 0 0 1 0
2 18 24 -0.122245 0.991205 -0.0506796 -0.0410802 0.37764 0.0936744 0.921202 -0.502673 0.917848 0.0934733 -0.38577 0.8635
2 19 0 1 0 0 0 0 1 0 0 0 0 1 0
2 20 0 1 0 0 0 0 1 0 0 0 0 1 0
2 21 20 0.268178 -0.620808 0.736667 -0.440981 -0.943257 -0.324644 0.0698006 -0.109249 0.195821 -0.713586 -0.672644 0.890842
2 22 0 1 0 0 0 0 1 0 0 0 0 1 0
2 23 0 1 0 0 0 0 1 0 0 0 0 1 0
2 24 0 1 0 0 0 0 1 0 0 0 0 1 0
2 25 0 1 0 0 0 0 1 0 0 0 0 1 0
2 26 0 1 0 0 0 0 1 0 0 0 0 1 0
2 27 0 1 0 0 0 0 1 0 0 0 0 1 0
2 28 0 1 0 0 0 0 1 0 0 0 0 1 0
2 29 0 1 0 0 0 0 1 0 0 0 0 1 0
2 30 0 1 0 0 0 0 1 0 0 0 0 1 0
2 31 0 1 0 0 0 0 1 0 0 0 0 1 0
2 32 0 1 0 0 0 0 1 0 0 0 0 1 0
2 33 13 0.176937 -0.957981 0.225756 0.015958 0.944108 0.230018 0.236117 -0.101142 -0.278123 0.17136 0.945137 -0.994744
2 34 0 1 0 0 0 0 1 0 0 0 0 1 0
2 35 0 1 0 0 0 0 1 0 0 0 0 1 0
2 36 0 1 0 0 0 0 1 0 0 0 0 1 0
2 37 0 1 0 0 0 0 1 0 0 0 0 1 0
2 38 0 1 0 0 0 0 1 0 0 0 0 1 0
2 39 0 1 0 0 0 0 1 0 0 0 0 1 0
2 40 0 1 0 0 0 0 1 0 0 0 0 1 0
2 41 0 1 0 0 0 0 1 0 0 0 0 1 0
2 42 15 -0.712356 0.293914 0.63731 -0.134763 0.0475155 -0.885802 0.461624 -0.109866 0.700208 0.359122 0.617041 0.984768
2 43 0 1 0 0 0 0 1 0 0 0 0 1 0
2 44 0 1 0 0 0 0 1 0 0 0 0 1 0
2 45 0 1 0 0 0 0 1 0 0 0 0 1 0
2 46 0 1 0 0 0 0 1 0 0 0 0 1 0
2 47 0 1 0 0 0 0 1 0 0 0 0 1 0
2 48 0 1 0 0 0 0 1 0 0 0 0 1 0
2 49 0 1 0 0 0 0 1 0 0 0 0 1 0
2 50 0 1 0 0 0 0 1 0 0 0 0 1 0
2 51 0 1 0 0 0 0 1 0 0 0 0 1 0
2 52 0 1 0 0 0 0 1 0 0 0 0 1 0
2 53 0 1 0 0 0 0 1 0 0 0 0 1 0
2 54 0 1 0 0 0 0 1 0 0 0 0 1 0
2 55 0 1 0 0 0 0 1 0 0 0 0 1 0
2 56 0 1 0 0 0 0 1 0 0 0 0 1 0
2 57 0 1 0 0 0 0 1 0 0 0 0 1 0
2 58 0 1 0 0 0 0 1 0 0 0 0 1 0
2 59 0 1 0 0 0 0 1 0 0 0 0 1 0
2 60 0 1 0 0 0 0 1 0 0 0 0 1 0
2 61 0 1 0 0 0 0 1 0 0 0 0 1 0
2 62 0 1 0 0 0 0 1 0 0 0 0 1 0
2 63 0 1 0 0 0 0 1 0 0 0 0 1 0
2 64 0 1 0 0 0 0 1 0 0 0 0 1 0
2 65 0 1 0 0 0 0 1 0 0 0 0 1 0
2 66 0 1 0 0 0 0 1 0 0 0 0 1 0
2 67 0 1 0 0 0 0 1 0 0 0 0 1 0
3 4 58 0.995856 0.0531441 -0.0738044 0.999036 -0.0528397 0.998585 0.00607183 0.0429487 0.0740226 -0.00214687 0.997254 -0.00908642
3 5 44 0.990303 0.0582363 -0.126128 0.989496 -0.0591085 0.998246 -0.0031806 0.0334897 0.125721 0.010605 0.992009 -0.140625
3 6 22 0.991964 -0.0203334 0.124876 -0.472149 0.0191746 0.999761 0.0104748 0.366524 -0.125059 -0.00799616 0.992117 -0.801708
3 7 0 1 0 0 0 0 1 0 0 0 0 1 0
3 8 27 -0.579752 0.541041 -0.609231 0.197856 0.265084 0.832281 0.486867 -0.305642 0.770466 0.120765 -0.625937 0.931362
3 9 0 1 0 0 0 0 1 0 0 0 0 1 0
3 10 0 1 0 0 0 0 1 0 0 0 0 1 0
3 11 14 -0.771975 0.602059 -0.203911 -0.0139754 -0.473867 -0.758893 -0.446688 -0.259981 -0.42368 -0.248206 0.871143 0.965513
3 12 0 1 0 0 0 0 1 0 0 0 0 1 0
3 13 0 1 0 0 0 0 1 0 0 0 0 1 0
3 14 0 1 0 0 0 0 1 0 0 0 0 1 0
3 15 29 -0.433171 0.498654 0.750805 -0.493234 -0.452975 0.599725 -0.659654 0.460015 -0.779215 -0.625838 -0.0339053 0.738313
3 16 0 1 0 0 0 0 1 0 0 0 0 1 0
3 17 0 1 0 0 0 0 1 0 0 0 0 1 0
3 18 0 1 0 0 0 0 1 0 0 0 0 1 0
3 19 0 1 0 0 0 0 1 0 0 0 0 1 0
3 20 0 1 0 0 0 0 1 0 0 0 0 1 0
3 21 0 1 0 0 0 0 1 0 0 0 0 1 0
3 22 0 1 0 0 0 0 1 0 0 0 0 1 0
3 23 0 1 0 0 0 0 1 0 0 0 0 1 0
3 24 16 -0.738459 -0.612429 0.28215 -0.0263646 -0.674289 0.668561 -0.313625 0.0839509 0.00343852 -0.42185 -0.906659 0.996121
3 25 0 1 0 0 0 0 1 0 0 0 0 1 0
3 26 0 1 0 0 0 0 1 0 0 0 0 1 0
3 27 0 1 0 0 0 0 1 0 0 0 0 1 0
3 28 0 1 0 0 0 0 1 0 0 0 0 1 0
3 29 0 1 0 0 0 0 1 0 0 0 0 1 0
3 30 0 1 0 0 0 0 1 0 0 0 0 1 0
3 31 0 1 0 0 0 0 1 0 0 0 0 1 0
3 32 0 1 0 0 0 0 1 0 0 0 0 1 0
3 33 0 1 0 0 0 0 1 0 0 0 0 1 0
3 34 0 1 0 0 0 0 1 0 0 0 0 1 0
3 35 0 1 0 0 0 0 1 0 0 0 0 1 0
3 36 0 1 0 0 0 0 1 0 0 0 0 1 0
3 37 0 1 0 0 0 0 1 0 0 0 0 1 0
3 38 0 1 0 0 0 0 1 0 0 0 0 1 0
3 39 0 1 0 0 0 0 1 0 0 0 0 1 0
3 40 0 1 0 0 0 0 1 0 0 0 0 1 0
3 41 0 1 0 0 0 0 1 0 0 0 0 1 0
3 42 0 1 0 0 0 0 1 0 0 0 0 1 0
3 43 0 1 0 0 0 0 1 0 0 0 0 1 0
3 44 0 1 0 0 0 0 1 0 0 0 0 1 0
3 45 0 1 0 0 0 0 1 0 0 0 0 1 0
3 46 0 1 0 0 0 0 1 0 0 0 0 1 0
3 47 0 1 0 0 0 0 1 0 0 0 0 1 0
3 48 0 1 0 0 0 0 1 0 0 0 0 1 0
3 49 0 1 0 0 0 0 1 0 0 0 0 1 0
3 50 0 1 0 0 0 0 1 0 0 0 0 1 0
3 51 0 1 0 0 0 0 1 0 0 0 0 1 0
3 52 0 1 0 0 0 0 1 0 0 0 0 1 0
3 53 0 1 0 0 0 0 1 0 0 0 0 1 0
3 54 0 1 0 0 0 0 1 0 0 0 0 1 0
3 55 0 1 0 0 0 0 1 0 0 0 0 1 0
3 56 0 1 0 0 0 0 1 0 0 0 0 1 0
3 57 0 1 0 0 0 0 1 0 0 0 0 1 0
3 58 0 1 0 0 0 0 1 0 0 0 0 1 0
3 59 0 1 0 0 0 0 1 0 0 0 0 1 0
3 60 0 1 0 0 0 0 1 0 0 0 0 1 0
3 61 0 1 0 0 0 0 1 0 0 0 0 1 0
3 62 0 1 0 0 0 0 1 0 0 0 0 1 0
3 63 0 1 0 0 0 0 1 0 0 0 0 1 0
3 64 0 1 0 0 0 0 1 0 0 0 0 1 0
3 65 0 1 0 0 0 0 1 0 0 0 0 1 0
3 66 0 1 0 0 0 0 1 0 0 0 0 1 0
3 67 0 1 0 0 0 0 1 0 0 0 0 1 0
4 5 117 0.998553 0.00293179 -0.0536986 0.962765 -0.00346457 0.999946 -0.00983123 0.0194408 0.0536668 0.010003 0.998509 -0.269638
4 6 66 0.995243 0.0393138 -0.0891336 0.92983 -0.0381012 0.999157 0.0152657 0.0437513 0.0896587 -0.011797 0.995903 -0.365378
4 7 39 0.982797 0.0504307 -0.177668 0.965619 -0.0514676 0.998674 -0.00122907 0.073616 0.17737 0.0103521 0.98409 -0.249321
4 8 10 0.787638 0.614082 0.0502897 -0.229794 -0.611002 0.767948 0.192178 0.0601679 0.0793929 -0.182093 0.980071 0.971378
4 9 0 1 0 0 0 0 1 0 0 0 0 1 0
4 10 19 0.829622 0.519176 -0.205386 -0.061364 -0.00974871 0.381275 0.92441 -0.26716 0.55824 -0.764909 0.321375 0.961696
4 11 0 1 0 0 0 0 1 0 0 0 0 1 0
4 12 0 1 0 0 0 0 1 0 0 0 0 1 0
4 13 0 1 0 0 0 0 1 0 0 0 0 1 0
4 14 0 1 0 0 0 0 1 0 0 0 0 1 0
4 15 0 1 0 0 0 0 1 0 0 0 0 1 0
4 16 0 1 0 0 0 0 1 0 0 0 0 1 0
4 17 32 0.15855 -0.775891 -0.610619 0.000845573 -0.987153 -0.112176 -0.11378 0.129874 0.0197841 0.620814 -0.783708 0.99153
4 18 23 0.689762 0.261253 -0.675259 0.632208 -0.303335 0.951109 0.0581276 0.526597 0.657432 0.164735 0.735286 -0.568339
4 19 0 1 0 0 0 0 1 0 0 0 0 1 0
4 20 0 1 0 0 0 0 1 0 0 0 0 1 0
4 21 0 1 0 0 0 0 1 0 0 0 0 1 0
4 22 0 1 0 0 0 0 1 0 0 0 0 1 0
4 23 0 1 0 0 0 0 1 0 0 0 0 1 0
4 24 0 1 0 0 0 0 1 0 0 0 0 1 0
4 25 0 1 0 0 0 0 1 0 0 0 0 1 0
4 26 0 1 0 0 0 0 1 0 0 0 0 1 0
4 27 0 1 0 0 0 0 1 0 0 0 0 1 0
4 28 0 1 0 0 0 0 1 0 0 0 0 1 0
4 29 0 1 0 0 0 0 1 0 0 0 0 1 0
4 30 0 1 0 0 0 0 1 0 0 0 0 1 0
4 31 0 1 0 0 0 0 1 0 0 0 0 1 0
4 32 0 1 0 0 0 0 1 0 0 0 0 1 0
4 33 0 1 0 0 0 0 1 0 0 0 0 1 0
4 34 0 1 0 0 0 0 1 0 0 0 0 1 0
4 35 0 1 0 0 0 0 1 0 0 0 0 1 0
4 36 0 1 0 0 0 0 1 0 0 0 0 1 0
4 37 0 1 0 0 0 0 1 0 0 0 0 1 0
4 38 0 1 0 0 0 0 1 0 0 0 0 1 0
4 39 0 1 0 0 0 0 1 0 0 0 0 1 0
4 40 0 1 0 0 0 0 1 0 0 0 0 1 0
4 41 0 1 0 0 0 0 1 0 0 0 0 1 0
4 42 0 1 0 0 0 0 1 0 0 0 0 1 0
4 43 0 1 0 0 0 0 1 0 0 0 0 1 0
4 44 0 1 0 0 0 0 1 0 0 0 0 1 0
4 45 0 1 0 0 0 0 1 0 0 0 0 1 0
4 46 0 1 0 0 0 0 1 0 0 0 0 1 0
4 47 0 1 0 0 0 0 1 0 0 0 0 1 0
4 48 0 1 0 0 0 0 1 0 0 0 0 1 0
4 49 0 1 0 0 0 0 1 0 0 0 0 1 0
4 50 0 1 0 0 0 0 1 0 0 0 0 1 0
4 51 0 1 0 0 0 0 1 0 0 0 0 1 0
4 52 0 1 0 0 0 0 1 0 0 0 0 1 0
4 53 0 1 0 0 0 0 1 0 0 0 0 1 0
4 54 0 1 0 0 0 0 1 0 0 0 0 1 0
4 55 0 1 0 0 0 0 1 0 0 0 0 1 0
4 56 0 1 0 0 0 0 1 0 0 0 0 1 0
4 57 0 1 0 0 0 0 1 0 0 0 0 1 0
4 58 0 1 0 0 0 0 1 0 0 0 0 1 0
4 59 0 1 0 0 0 0 1 0 0 0 0 1 0
4 60 0 1 0 0 0 0 1 0 0 0 0 1 0
4 61 0 1 0 0 0 0 1 0 0 0 0 1 0
4 62 0 1 0 0 0 0 1 0 0 0 0 1 0
4 63 0 1 0 0 0 0 1 0 0 0 0 1 0
4 64 0 1 0 0 0 0 1 0 0 0 0 1 0
4 65 0 1 0 0 0 0 1 0 0 0 0 1 0
4 66 0 1 0 0 0 0 1 0 0 0 0 1 0
4 67 0 1 0 0 0 0 1 0 0 0 0 1 0
5 6 23 0.999387 0.0336389 -0.00972561 0.774843 -0.0333842 0.999123 0.0252601 0.194018 0.0105668 -0.0249199 0.999634 -0.601644
5 7 52 0.990916 0.0453927 -0.126593 0.959255 -0.0447478 0.998967 0.00793448 0.094261 0.126822 -0.00219766 0.991923 -0.266354
5 8 12 -0.215482 -0.835948 -0.504736 -0.229794 0.93187 -0.330522 0.14958 0.0601679 -0.291867 -0.438117 0.850216 0.971378
5 9 0 1 0 0 0 0 1 0 0 0 0 1 0
5 10 13 0.9919 0.110481 -0.0626776 0.261767 -0.112036 0.993464 -0.0218588 -0.0425243 0.0598529 0.0287039 0.997794 -0.964194
5 11 0 1 0 0 0 0 1 0 0 0 0 1 0
5 12 0 1 0 0 0 0 1 0 0 0 0 1 0
5 13 12 0.637976 -0.67901 -0.363224 -0.210035 0.707621 0.702988 -0.0712779 0.0181022 0.303741 -0.211552 0.928971 0.977526
5 14 0 1 0 0 0 0 1 0 0 0 0 1 0
5 15 0 1 0 0 0 0 1 0 0 0 0 1 0
5 16 0 1 0 0 0 0 1 0 0 0 0 1 0
5 17 27 0.387613 0.262679 -0.883604 0.888439 -0.24774 0.95296 0.174621 -0.13346 0.887908 0.151218 0.434456 0.439163
5 18 0 1 0 0 0 0 1 0 0 0 0 1 0
5 19 0 1 0 0 0 0 1 0 0 0 0 1 0
5 20 0 1 0 0 0 0 1 0 0 0 0 1 0
5 21 0 1 0 0 0 0 1 0 0 0 0 1 0
5 22 0 1 0 0 0 0 1 0 0 0 0 1 0
5 23 0 1 0 0 0 0 1 0 0 0 0 1 0
5 24 0 1 0 0 0 0 1 0 0 0 0 1 0
5 25 0 1 0 0 0 0 1 0 0 0 0 1 0
5 26 0 1 0 0 0 0 1 0 0 0 0 1 0
5 27 0 1 0 0 0 0 1 0 0 0 0 1 0
5 28 0 1 0 0 0 0 1 0 0 0 0 1 0
5 29 0 1 0 0 0 0 1 0 0 0 0 1 0
5 30 0 1 0 0 0 0 1 0 0 0 0 1 0
5 31 0 1 0 0 0 0 1 0 0 0 0 1 0
5 32 0 1 0 0 0 0 1 0 0 0 0 1 0
5 33 0 1 0 0 0 0 1 0 0 0 0 1 0
5 34 0 1 0 0 0 0 1 0 0 0 0 1 0
5 35 0 1 0 0 0 0 1 0 0 0 0 1 0
5 36 0 1 0 0 0 0 1 0 0 0 0 1 0
5 37 0 1 0 0 0 0 1 0 0 0 0 1 0
5 38 0 1 0 0 0 0 1 0 0 0 0 1 0
5 39 0 1 0 0 0 0 1 0 0 0 0 1 0
5 40 0 1 0 0 0 0 1 0 0 0 0 1 0
5 41 0 1 0 0 0 0 1 0 0 0 0 1 0
5 42 0 1 0 0 0 0 1 0 0 0 0 1 0
5 43 0 1 0 0 0 0 1 0 0 0 0 1 0
5 44 0 1 0 0 0 0 1 0 0 0 0 1 0
5 45 0 1 0 0 0 0 1 0 0 0 0 1 0
5 46 0 1 0 0 0 0 1 0 0 0 0 1 0
5 47 0 1 0 0 0 0 1 0 0 0 0 1 0
5 48 0 1 0 0 0 0 1 0 0 0 0 1 0
5 49 0 1 0 0 0 0 1 0 0 0 0 1 0
5 50 0 1 0 0 0 0 1 0 0 0 0 1 0
5 51 0 1 0 0 0 0 1 0 0 0 0 1 0
5 52 0 1 0 0 0 0 1 0 0 0 0 1 0
5 53 0 1 0 0 0 0 1 0 0 0 0 1 0
5 54 0 1 0 0 0 0 1 0 0 0 0 1 0
5 55 0 1 0 0 0 0 1 0 0 0 0 1 0
5 56 0 1 0 0 0 0 1 0 0 0 0 1 0
5 57 0 1 0 0 0 0 1 0 0 0 0 1 0
5 58 0 1 0 0 0 0 1 0 0 0 0 1 0
5 59 0 1 0 0 0 0 1 0 0 0 0 1 0
5 60 0 1 0 0 0 0 1 0 0 0 0 1 0
5 61 0 1 0 0 0 0 1 0 0 0 0 1 0
5 62 0 1 0 0 0 0 1 0 0 0 0 1 0
5 63 0 1 0 0 0 0 1 0 0 0 0 1 0
5 64 0 1 0 0 0 0 1 0 0 0 0 1 0
5 65 0 1 0 0 0 0 1 0 0 0 0 1 0
5 66 0 1 0 0 0 0 1 0 0 0 0 1 0
5 67 0 1 0 0 0 0 1 0 0 0 0 1 0
6 7 42 0.997042 0.0296211 -0.0709277 0.995334 -0.029923 0.999547 -0.00319795 -0.0165311 0.0708009 0.00531086 0.997476 -0.0950579
6 8 11 0.998498 0.0516947 0.0181758 -0.229794 -0.0500381 0.995367 -0.0821063 0.0601679 -0.0223361 0.0810735 0.996458 0.971378
6 9 0 1 0 0 0 0 1 0 0 0 0 1 0
6 10 0 1 0 0 0 0 1 0 0 0 0 1 0
6 11 17 0.995956 -0.0723677 -0.0532446 -0.11139 0.0648247 0.989149 -0.131842 0.426768 0.0622079 0.127857 0.98984 0.897475
6 12 0 1 0 0 0 0 1 0 0 0 0 1 0
6 13 0 1 0 0 0 0 1 0 0 0 0 1 0
6 14 0 1 0 0 0 0 1 0 0 0 0 1 0
6 15 0 1 0 0 0 0 1 0 0 0 0 1 0
6 16 0 1 0 0 0 0 1 0 0 0 0 1 0
6 17 0 1 0 0 0 0 1 0 0 0 0 1 0
6 18 0 1 0 0 0 0 1 0 0 0 0 1 0
6 19 0 1 0 0 0 0 1 0 0 0 0 1 0
6 20 0 1 0 0 0 0 1 0 0 0 0 1 0
6 21 0 1 0 0 0 0 1 0 0 0 0 1 0
6 22 0 1 0 0 0 0 1 0 0 0 0 1 0
6 23 0 1 0 0 0 0 1 0 0 0 0 1 0
6 24 0 1 0 0 0 0 1 0 0 0 0 1 0
6 25 0 1 0 0 0 0 1 0 0 0 0 1 0
6 26 0 1 0 0 0 0 1 0 0 0 0 1 0
6 27 0 1 0 0 0 0 1 0 0 0 0 1 0
6 28 0 1 0 0 0 0 1 0 0 0 0 1 0
6 29 0 1 0 0 0 0 1 0 0 0 0 1 0
6 30 0 1 0 0 0 0 1 0 0 0 0 1 0
6 31 0 1 0 0 0 0 1 0 0 0 0 1 0
6 32 0 1 0 0 0 0 1 0 0 0 0 1 0
6 33 0 1 0 0 0 0 1 0 0 0 0 1 0
6 34 0 1 0 0 0 0 1 0 0 0 0 1 0
6 35 0 1 0 0 0 0 1 0 0 0 0 1 0
6 36 0 1 0 0 0 0 1 0 0 0 0 1 0
6 37 0 1 0 0 0 0 1 0 0 0 0 1 0
6 38 0 1 0 0 0 0 1 0 0 0 0 1 0
6 39 0 1 0 0 0 0 1 0 0 0 0 1 0
6 40 0 1 0 0 0 0 1 0 0 0 0 1 0
6 41 0 1 0 0 0 0 1 0 0 0 0 1 0
6 42 0 1 0 0 0 0 1 0 0 0 0 1 0
6 43 0 1 0 0 0 0 1 0 0 0 0 1 0
6 44 0 1 0 0 0 0 1 0 0 0 0 1 0
6 45 0 1 0 0 0 0 1 0 0 0 0 1 0
6 46 0 1 0 0 0 0 1 0 0 0 0 1 0
6 47 0 1 0 0 0 0 1 0 0 0 0 1 0
6 48 0 1 0 0 0 0 1 0 0 0 0 1 0
6 49 0 1 0 0 0 0 1 0 0 0 0 1 0
6 50 0 1 0 0 0 0 1 0 0 0 0 1 0
6 51 0 1 0 0 0 0 1 0 0 0 0 1 0
6 52 0 1 0 0 0 0 1 0 0 0 0 1 0
6 53 0 1 0 0 0 0 1 0 0 0 0 1 0
6 54 0 1 0 0 0 0 1 0 0 0 0 1 0
6 55 0 1 0 0 0 0 1 0 0 0 0 1 0
6 56 0 1 0 0 0 0 1 0 0 0 0 1 0
6 57 0 1 0 0 0 0 1 0 0 0 0 1 0
6 58 0 1 0 0 0 0 1 0 0 0 0 1 0
6 59 0 1 0 0 0 0 1 0 0 0 0 1 0
6 60 0 1 0 0 0 0 1 0 0 0 0 1 0
6 61 0 1 0 0 0 0 1 0 0 0 0 1 0
6 62 0 1 0 0 0 0 1 0 0 0 0 1 0
6 63 0 1 0 0 0 0 1 0 0 0 0 1 0
6 64 0 1 0 0 0 0 1 0 0 0 0 1 0
6 65 0 1 0 0 0 0 1 0 0 0 0 1 0
6 66 0 1 0 0 0 0 1 0 0 0 0 1 0
6 67 0 1 0 0 0 0 1 0 0 0 0 1 0
7 8 20 0.996932 0.0772831 -0.0123682 0.975619 -0.0779872 0.994231 -0.0736427 -0.0236976 0.00660547 0.0743814 0.997208 -0.218189
7 9 11 0.998003 -0.0570409 0.0271337 -0.334353 0.0576706 0.99807 -0.0230223 -0.195076 -0.0257682 0.0245412 0.999367 0.922038
7 10 20 0.986808 0.0901216 -0.134493 0.632243 -0.0941511 0.995271 -0.0238942 -0.206059 0.131703 0.0362417 0.990626 0.746866
7 11 0 1 0 0 0 0 1 0 0 0 0 1 0
7 12 0 1 0 0 0 0 1 0 0 0 0 1 0
7 13 0 1 0 0 0 0 1 0 0 0 0 1 0
7 14 0 1 0 0 0 0 1 0 0 0 0 1 0
7 15 0 1 0 0 0 0 1 0 0 0 0 1 0
7 16 0 1 0 0 0 0 1 0 0 0 0 1 0
7 17 20 0.604336 0.326405 -0.7268 0.831647 -0.177478 0.944459 0.276583 -0.533089 0.776711 -0.0381578 0.6287 0.155496
7 18 0 1 0 0 0 0 1 0 0 0 0 1 0
7 19 0 1 0 0 0 0 1 0 0 0 0 1 0
7 20 0 1 0 0 0 0 1 0 0 0 0 1 0
7 21 0 1 0 0 0 0 1 0 0 0 0 1 0
7 22 0 1 0 0 0 0 1 0 0 0 0 1 0
7 23 0 1 0 0 0 0 1 0 0 0 0 1 0
7 24 0 1 0 0 0 0 1 0 0 0 0 1 0
7 25 0 1 0 0 0 0 1 0 0 0 0 1 0
7 26 0 1 0 0 0 0 1 0 0 0 0 1 0
7 27 0 1 0 0 0 0 1 0 0 0 0 1 0
7 28 0 1 0 0 0 0 1 0 0 0 0 1 0
7 29 0 1 0 0 0 0 1 0 0 0 0 1 0
7 30 0 1 0 0 0 0 1 0 0 0 0 1 0
7 31 0 1 0 0 0 0 1 0 0 0 0 1 0
7 32 0 1 0 0 0 0 1 0 0 0 0 1 0
7 33 0 1 0 0 0 0 1 0 0 0 0 1 0
7 34 0 1 0 0 0 0 1 0 0 0 0 1 0
7 35 0 1 0 0 0 0 1 0 0 0 0 1 0
7 36 0 1 0 0 0 0 1 0 0 0 0 1 0
7 37 0 1 0 0 0 0 1 0 0 0 0 1 0
7 38 0 1 0 0 0 0 1 0 0 0 0 1 0
7 39 0 1 0 0 0 0 1 0 0 0 0 1 0
7 40 0 1 0 0 0 0 1 0 0 0 0 1 0
7 41 0 1 0 0 0 0 1 0 0 0 0 1 0
7 42 0 1 0 0 0 0 1 0 0 0 0 1 0
7 43 0 1 0 0 0 0 1 0 0 0 0 1 0
7 44 0 1 0 0 0 0 1 0 0 0 0 1 0
7 45 0 1 0 0 0 0 1 0 0 0 0 1 0
7 46 0 1 0 0 0 0 1 0 0 0 0 1 0
7 47 0 1 0 0 0 0 1 0 0 0 0 1 0
7 48 0 1 0 0 0 0 1 0 0 0 0 1 0
7 49 0 1 0 0 0 0 1 0 0 0 0 1 0
7 50 0 1 0 0 0 0 1 0 0 0 0 1 0
7 51 0 1 0 0 0 0 1 0 0 0 0 1 0
7 52 0 1 0 0 0 0 1 0 0 0 0 1 0
7 53 0 1 0 0 0 0 1 0 0 0 0 1 0
7 54 0 1 0 0 0 0 1 0 0 0 0 1 0
7 55 0 1 0 0 0 0 1 0 0 0 0 1 0
7 56 0 1 0 0 0 0 1 0 0 0 0 1 0
7 57 0 1 0 0 0 0 1 0 0 0 0 1 0
7 58 0 1 0 0 0 0 1 0 0 0 0 1 0
7 59 0 1 0 0 0 0 1 0 0 0 0 1 0
7 60 0 1 0 0 0 0 1 0 0 0 0 1 0
7 61 0 1 0 0 0 0 1 0 0 0 0 1 0
7 62 0 1 0 0 0 0 1 0 0 0 0 1 0
7 63 0 1 0 0 0 0 1 0 0 0 0 1 0
7 64 0 1 0 0 0 0 1 0 0 0 0 1 0
7 65 0 1 0 0 0 0 1 0 0 0 0 1 0
7 66 0 1 0 0 0 0 1 0 0 0 0 1 0
7 67 0 1 0 0 0 0 1 0 0 0 0 1 0
8 9 26 0.996414 -0.0833542 0.0145519 -0.54829 0.0819494 0.993473 0.0793493 -0.378457 -0.021071 -0.0778722 0.996741 0.745754
8 10 24 0.9824 -0.0259696 -0.184977 0.865255 0.0337113 0.998677 0.0388303 -0.0558312 0.183724 -0.0443827 0.981975 0.498214
8 11 0 1 0 0 0 0 1 0 0 0 0 1 0
8 12 0 1 0 0 0 0 1 0 0 0 0 1 0
8 13 0 1 0 0 0 0 1 0 0 0 0 1 0
8 14 0 1 0 0 0 0 1 0 0 0 0 1 0
8 15 0 1 0 0 0 0 1 0 0 0 0 1 0
8 16 0 1 0 0 0 0 1 0 0 0 0 1 0
8 17 0 1 0 0 0 0 1 0 0 0 0 1 0
8 18 0 1 0 0 0 0 1 0 0 0 0 1 0
8 19 0 1 0 0 0 0 1 0 0 0 0 1 0
8 20 0 1 0 0 0 0 1 0 0 0 0 1 0
8 21 0 1 0 0 0 0 1 0 0 0 0 1 0
8 22 0 1 0 0 0 0 1 0 0 0 0 1 0
8 23 0 1 0 0 0 0 1 0 0 0 0 1 0
8 24 0 1 0 0 0 0 1 0 0 0 0 1 0
8 25 0 1 0 0 0 0 1 0 0 0 0 1 0
8 26 0 1 0 0 0 0 1 0 0 0 0 1 0
8 27 0 1 0 0 0 0 1 0 0 0 0 1 0
8 28 0 1 0 0 0 0 1 0 0 0 0 1 0
8 29 0 1 0 0 0 0 1 0 0 0 0 1 0
8 30 0 1 0 0 0 0 1 0 0 0 0 1 0
8 31 0 1 0 0 0 0 1 0 0 0 0 1 0
8 32 0 1 0 0 0 0 1 0 0 0 0 1 0
8 33 0 1 0 0 0 0 1 0 0 0 0 1 0
8 34 0 1 0 0 0 0 1 0 0 0 0 1 0
8 35 0 1 0 0 0 0 1 0 0 0 0 1 0
8 36 0 1 0 0 0 0 1 0 0 0 0 1 0
8 37 0 1 0 0 0 0 1 0 0 0 0 1 0
8 38 0 1 0 0 0 0 1 0 0 0 0 1 0
8 39 0 1 0 0 0 0 1 0 0 0 0 1 0
8 40 0 1 0 0 0 0 1 0 0 0 0 1 0
8 41 0 1 0 0 0 0 1 0 0 0 0 1 0
8 42 0 1 0 0 0 0 1 0 0 0 0 1 0
8 43 0 1 0 0 0 0 1 0 0 0 0 1 0
8 44 0 1 0 0 0 0 1 0 0 0 0 1 0
8 45 0 1 0 0 0 0 1 0 0 0 0 1 0
8 46 0 1 0 0 0 0 1 0 0 0 0 1 0
8 47 0 1 0 0 0 0 1 0 0 0 0 1 0
8 48 0 1 0 0 0 0 1 0 0 0 0 1 0
8 49 0 1 0 0 0 0 1 0 0 0 0 1 0
8 50 0 1 0 0 0 0 1 0 0 0 0 1 0
8 51 0 1 0 0 0 0 1 0 0 0 0 1 0
8 52 0 1 0 0 0 0 1 0 0 0 0 1 0
8 53 0 1 0 0 0 0 1 0 0 0 0 1 0
8 54 0 1 0 0 0 0 1 0 0 0 0 1 0
8 55 0 1 0 0 0 0 1 0 0 0 0 1 0
8 56 0 1 0 0 0 0 1 0 0 0 0 1 0
8 57 0 1 0 0 0 0 1 0 0 0 0 1 0
8 58 0 1 0 0 0 0 1 0 0 0 0 1 0
8 59 0 1 0 0 0 0 1 0 0 0 0 1 0
8 60 0 1 0 0 0 0 1 0 0 0 0 1 0
8 61 0 1 0 0 0 0 1 0 0 0 0 1 0
8 62 0 1 0 0 0 0 1 0 0 0 0 1 0
8 63 0 1 0 0 0 0 1 0 0 0 0 1 0
8 64 0 1 0 0 0 0 1 0 0 0 0 1 0
8 65 0 1 0 0 0 0 1 0 0 0 0 1 0
8 66 0 1 0 0 0 0 1 0 0 0 0 1 0
8 67 0 1 0 0 0 0 1 0 0 0 0 1 0
9 10 33 0.992278 0.0269709 -0.121063 0.985582 -0.0301528 0.999244 -0.0245281 0.128572 0.12031 0.0279891 0.992342 -0.10999
9 11 17 0.99303 0.0792191 -0.0872674 -0.441237 -0.0821414 0.996156 -0.030415 -0.0778753 0.0845226 0.0373713 0.995721 0.894005
9 12 0 1 0 0 0 0 1 0 0 0 0 1 0
9 13 0 1 0 0 0 0 1 0 0 0 0 1 0
9 14 0 1 0 0 0 0 1 0 0 0 0 1 0
9 15 0 1 0 0 0 0 1 0 0 0 0 1 0
9 16 0 1 0 0 0 0 1 0 0 0 0 1 0
9 17 0 1 0 0 0 0 1 0 0 0 0 1 0
9 18 0 1 0 0 0 0 1 0 0 0 0 1 0
9 19 0 1 0 0 0 0 1 0 0 0 0 1 0
9 20 0 1 0 0 0 0 1 0 0 0 0 1 0
9 21 0 1 0 0 0 0 1 0 0 0 0 1 0
9 22 0 1 0 0 0 0 1 0 0 0 0 1 0
9 23 0 1 0 0 0 0 1 0 0 0 0 1 0
9 24 0 1 0 0 0 0 1 0 0 0 0 1 0
9 25 0 1 0 0 0 0 1 0 0 0 0 1 0
9 26 0 1 0 0 0 0 1 0 0 0 0 1 0
9 27 0 1 0 0 0 0 1 0 0 0 0 1 0
9 28 0 1 0 0 0 0 1 0 0 0 0 1 0
9 29 0 1 0 0 0 0 1 0 0 0 0 1 0
9 30 0 1 0 0 0 0 1 0 0 0 0 1 0
9 31 0 1 0 0 0 0 1 0 0 0 0 1 0
9 32 0 1 0 0 0 0 1 0 0 0 0 1 0
9 33 0 1 0 0 0 0 1 0 0 0 0 1 0
9 34 0 1 0 0 0 0 1 0 0 0 0 1 0
9 35 0 1 0 0 0 0 1 0 0 0 0 1 0
9 36 0 1 0 0 0 0 1 0 0 0 0 1 0
9 37 0 1 0 0 0 0 1 0 0 0 0 1 0
9 38 0 1 0 0 0 0 1 0 0 0 0 1 0
9 39 0 1 0 0 0 0 1 0 0 0 0 1 0
9 40 0 1 0 0 0 0 1 0 0 0 0 1 0
9 41 0 1 0 0 0 0 1 0 0 0 0 1 0
9 42 0 1 0 0 0 0 1 0 0 0 0 1 0
9 43 0 1 0 0 0 0 1 0 0 0 0 1 0
9 44 0 1 0 0 0 0 1 0 0 0 0 1 0
9 45 0 1 0 0 0 0 1 0 0 0 0 1 0
9 46 0 1 0 0 0 0 1 0 0 0 0 1 0
9 47 0 1 0 0 0 0 1 0 0 0 0 1 0
9 48 0 1 0 0 0 0 1 0 0 0 0 1 0
9 49 0 1 0 0 0 0 1 0 0 0 0 1 0
9 50 0 1 0 0 0 0 1 0 0 0 0 1 0
9 51 0 1 0 0 0 0 1 0 0 0 0 1 0
9 52 0 1 0 0 0 0 1 0 0 0 0 1 0
9 53 0 1 0 0 0 0 1 0 0 0 0 1 0
9 54 0 1 0 0 0 0 1 0 0 0 0 1 0
9 55 0 1 0 0 0 0 1 0 0 0 0 1 0
9 56 0 1 0 0 0 0 1 0 0 0 0 1 0
9 57 0 1 0 0 0 0 1 0 0 0 0 1 0
9 58 0 1 0 0 0 0 1 0 0 0 0 1 0
9 59 0 1 0 0 0 0 1 0 0 0 0 1 0
9 60 0 1 0 0 0 0 1 0 0 0 0 1 0
9 61 0 1 0 0 0 0 1 0 0 0 0 1 0
9 62 0 1 0 0 0 0 1 0 0 0 0 1 0
9 63 0 1 0 0 0 0 1 0 0 0 0 1 0
9 64 0 1 0 0 0 0 1 0 0 0 0 1 0
9 65 0 1 0 0 0 0 1 0 0 0 0 1 0
9 66 0 1 0 0 0 0 1 0 0 0 0 1 0
9 67 0 1 0 0 0 0 1 0 0 0 0 1 0
10 11 75 0.993554 0.01504 -0.11236 0.992484 -0.0183074 0.999437 -0.0281052 0.0893645 0.111874 0.0299811 0.99327 -0.0836048
10 12 30 0.991183 0.0463544 -0.124124 0.990044 -0.0495075 0.998522 -0.0224377 0.0175937 0.1229 0.0283849 0.992013 -0.139657
10 13 25 0.977448 0.0644187 -0.201113 0.984622 -0.0709934 0.997147 -0.0256446 0.0464379 0.198887 0.0393439 0.979232 -0.168414
10 14 0 1 0 0 0 0 1 0 0 0 0 1 0
10 15 0 1 0 0 0 0 1 0 0 0 0 1 0
10 16 0 1 0 0 0 0 1 0 0 0 0 1 0
10 17 0 1 0 0 0 0 1 0 0 0 0 1 0
10 18 0 1 0 0 0 0 1 0 0 0 0 1 0
10 19 0 1 0 0 0 0 1 0 0 0 0 1 0
10 20 0 1 0 0 0 0 1 0 0 0 0 1 0
10 21 0 1 0 0 0 0 1 0 0 0 0 1 0
10 22 0 1 0 0 0 0 1 0 0 0 0 1 0
10 23 0 1 0 0 0 0 1 0 0 0 0 1 0
10 24 0 1 0 0 0 0 1 0 0 0 0 1 0
10 25 0 1 0 0 0 0 1 0 0 0 0 1 0
10 26 0 1 0 0 0 0 1 0 0 0 0 1 0
10 27 0 1 0 0 0 0 1 0 0 0 0 1 0
10 28 0 1 0 0 0 0 1 0 0 0 0 1 0
10 29 0 1 0 0 0 0 1 0 0 0 0 1 0
10 30 0 1 0 0 0 0 1 0 0 0 0 1 0
10 31 0 1 0 0 0 0 1 0 0 0 0 1 0
10 32 0 1 0 0 0 0 1 0 0 0 0 1 0
10 33 0 1 0 0 0 0 1 0 0 0 0 1 0
10 34 0 1 0 0 0 0 1 0 0 0 0 1 0
10 35 0 1 0 0 0 0 1 0 0 0 0 1 0
10 36 0 1 0 0 0 0 1 0 0 0 0 1 0
10 37 0 1 0 0 0 0 1 0 0 0 0 1 0
10 38 0 1 0 0 0 0 1 0 0 0 0 1 0
10 39 0 1 0 0 0 0 1 0 0 0 0 1 0
10 40 0 1 0 0 0 0 1 0 0 0 0 1 0
10 41 0 1 0 0 0 0 1 0 0 0 0 1 0
10 42 0 1 0 0 0 0 1 0 0 0 0 1 0
10 43 0 1 0 0 0 0 1 0 0 0 0 1 0
10 44 0 1 0 0 0 0 1 0 0 0 0 1 0
10 45 0 1 0 0 0 0 1 0 0 0 0 1 0
10 46 0 1 0 0 0 0 1 0 0 0 0 1 0
10 47 0 1 0 0 0 0 1 0 0 0 0 1 0
10 48 0 1 0 0 0 0 1 0 0 0 0 1 0
10 49 0 1 0 0 0 0 1 0 0 0 0 1 0
10 50 0 1 0 0 0 0 1 0 0 0 0 1 0
10 51 0 1 0 0 0 0 1 0 0 0 0 1 0
10 52 0 1 0 0 0 0 1 0 0 0 0 1 0
10 53 0 1 0 0 0 0 1 0 0 0 0 1 0
10 54 0 1 0 0 0 0 1 0 0 0 0 1 0
10 55 0 1 0 0 0 0 1 0 0 0 0 1 0
10 56 0 1 0 0 0 0 1 0 0 0 0 1 0
10 57 0 1 0 0 0 0 1 0 0 0 0 1 0
10 58 0 1 0 0 0 0 1 0 0 0 0 1 0
10 59 0 1 0 0 0 0 1 0 0 0 0 1 0
10 60 0 1 0 0 0 0 1 0 0 0 0 1 0
10 61 0 1 0 0 0 0 1 0 0 0 0 1 0
10 62 0 1 0 0 0 0 1 0 0 0 0 1 0
10 63 0 1 0 0 0 0 1 0 0 0 0 1 0
10 64 0 1 0 0 0 0 1 0 0 0 0 1 0
10 65 0 1 0 0 0 0 1 0 0 0 0 1 0
10 66 0 1 0 0 0 0 1 0 0 0 0 1 0
10 67 0 1 0 0 0 0 1 0 0 0 0 1 0
11 12 37 0.99863 0.0123588 0.0508564 -0.855702 -0.0122015 0.99992 -0.0034022 -0.0864718 -0.0508944 0.00277701 0.9987 0.510193
11 13 25 0.996526 0.0350046 -0.0755638 0.971784 -0.0358951 0.999301 -0.0104582 0.0877702 0.0751449 0.0131343 0.997086 -0.218934
11 14 14 0.998553 0.0531848 -0.00793034 0.550823 -0.0534432 0.997884 -0.0370231 0.118499 0.00594449 0.0373934 0.999283 -0.826167
11 15 0 1 0 0 0 0 1 0 0 0 0 1 0
11 16 0 1 0 0 0 0 1 0 0 0 0 1 0
11 17 0 1 0 0 0 0 1 0 0 0 0 1 0
11 18 0 1 0 0 0 0 1 0 0 0 0 1 0
11 19 0 1 0 0 0 0 1 0 0 0 0 1 0
11 20 0 1 0 0 0 0 1 0 0 0 0 1 0
11 21 0 1 0 0 0 0 1 0 0 0 0 1 0
11 22 0 1 0 0 0 0 1 0 0 0 0 1 0
11 23 0 1 0 0 0 0 1 0 0 0 0 1 0
11 24 0 1 0 0 0 0 1 0 0 0 0 1 0
11 25 0 1 0 0 0 0 1 0 0 0 0 1 0
11 26 0 1 0 0 0 0 1 0 0 0 0 1 0
11 27 0 1 0 0 0 0 1 0 0 0 0 1 0
11 28 0 1 0 0 0 0 1 0 0 0 0 1 0
11 29 0 1 0 0 0 0 1 0 0 0 0 1 0
11 30 0 1 0 0 0 0 1 0 0 0 0 1 0
11 31 0 1 0 0 0 0 1 0 0 0 0 1 0
11 32 0 1 0 0 0 0 1 0 0 0 0 1 0
11 33 0 1 0 0 0 0 1 0 0 0 0 1 0
11 34 0 1 0 0 0 0 1 0 0 0 0 1 0
11 35 0 1 0 0 0 0 1 0 0 0 0 1 0
11 36 0 1 0 0 0 0 1 0 0 0 0 1 0
11 37 0 1 0 0 0 0 1 0 0 0 0 1 0
11 38 0 1 0 0 0 0 1 0 0 0 0 1 0
11 39 0 1 0 0 0 0 1 0 0 0 0 1 0
11 40 0 1 0 0 0 0 1 0 0 0 0 1 0
11 41 0 1 0 0 0 0 1 0 0 0 0 1 0
11 42 0 1 0 0 0 0 1 0 0 0 0 1 0
11 43 0 1 0 0 0 0 1 0 0 0 0 1 0
11 44 0 1 0 0 0 0 1 0 0 0 0 1 0
11 45 0 1 0 0 0 0 1 0 0 0 0 1 0
11 46 0 1 0 0 0 0 1 0 0 0 0 1 0
11 47 0 1 0 0 0 0 1 0 0 0 0 1 0
11 48 0 1 0 0 0 0 1 0 0 0 0 1 0
11 49 0 1 0 0 0 0 1 0 0 0 0 1 0
11 50 0 1 0 0 0 0 1 0 0 0 0 1 0
11 51 0 1 0 0 0 0 1 0 0 0 0 1 0
11 52 0 1 0 0 0 0 1 0 0 0 0 1 0
11 53 0 1 0 0 0 0 1 0 0 0 0 1 0
11 54 0 1 0 0 0 0 1 0 0 0 0 1 0
11 55 0 1 0 0 0 0 1 0 0 0 0 1 0
11 56 0 1 0 0 0 0 1 0 0 0 0 1 0
11 57 0 1 0 0 0 0 1 0 0 0 0 1 0
11 58 0 1 0 0 0 0 1 0 0 0 0 1 0
11 59 0 1 0 0 0 0 1 0 0 0 0 1 0
11 60 0 1 0 0 0 0 1 0 0 0 0 1 0
11 61 0 1 0 0 0 0 1 0 0 0 0 1 0
11 62 0 1 0 0 0 0 1 0 0 0 0 1 0
11 63 0 1 0 0 0 0 1 0 0 0 0 1 0
11 64 0 1 0 0 0 0 1 0 0 0 0 1 0
11 65 0 1 0 0 0 0 1 0 0 0 0 1 0
11 66 0 1 0 0 0 0 1 0 0 0 0 1 0
11 67 0 1 0 0 0 0 1 0 0 0 0 1 0
12 13 75 0.995254 0.0259975 -0.0937781 0.938931 -0.0265458 0.999637 -0.00460442 0.104597 0.0936244 0.00707198 0.995582 -0.327824
12 14 37 0.964734 0.101874 -0.242714 0.958593 -0.0995565 0.994793 0.0218261 -0.145774 0.243674 0.00310746 0.969852 -0.244641
12 15 16 0.998072 0.0204791 -0.0585894 0.848101 -0.0202182 0.999783 0.00504352 0.0863962 0.05868 -0.00384923 0.998269 -0.522744
12 16 0 1 0 0 0 0 1 0 0 0 0 1 0
12 17 0 1 0 0 0 0 1 0 0 0 0 1 0
12 18 0 1 0 0 0 0 1 0 0 0 0 1 0
12 19 0 1 0 0 0 0 1 0 0 0 0 1 0
12 20 0 1 0 0 0 0 1 0 0 0 0 1 0
12 21 0 1 0 0 0 0 1 0 0 0 0 1 0
12 22 0 1 0 0 0 0 1 0 0 0 0 1 0
12 23 17 0.79858 0.217428 -0.561244 -0.343837 -0.173183 0.976044 0.131707 0.30121 0.576436 -0.00798048 0.817103 -0.889409
12 24 0 1 0 0 0 0 1 0 0 0 0 1 0
12 25 0 1 0 0 0 0 1 0 0 0 0 1 0
12 26 0 1 0 0 0 0 1 0 0 0 0 1 0
12 27 0 1 0 0 0 0 1 0 0 0 0 1 0
12 28 0 1 0 0 0 0 1 0 0 0 0 1 0
12 29 0 1 0 0 0 0 1 0 0 0 0 1 0
12 30 0 1 0 0 0 0 1 0 0 0 0 1 0
12 31 0 1 0 0 0 0 1 0 0 0 0 1 0
12 32 0 1 0 0 0 0 1 0 0 0 0 1 0
12 33 0 1 0 0 0 0 1 0 0 0 0 1 0
12 34 0 1 0 0 0 0 1 0 0 0 0 1 0
12 35 0 1 0 0 0 0 1 0 0 0 0 1 0
12 36 0 1 0 0 0 0 1 0 0 0 0 1 0
12 37 0 1 0 0 0 0 1 0 0 0 0 1 0
12 38 0 1 0 0 0 0 1 0 0 0 0 1 0
12 39 0 1 0 0 0 0 1 0 0 0 0 1 0
12 40 0 1 0 0 0 0 1 0 0 0 0 1 0
12 41 0 1 0 0 0 0 1 0 0 0 0 1 0
12 42 0 1 0 0 0 0 1 0 0 0 0 1 0
12 43 0 1 0 0 0 0 1 0 0 0 0 1 0
12 44 0 1 0 0 0 0 1 0 0 0 0 1 0
12 45 0 1 0 0 0 0 1 0 0 0 0 1 0
12 46 0 1 0 0 0 0 1 0 0 0 0 1 0
12 47 0 1 0 0 0 0 1 0 0 0 0 1 0
12 48 0 1 0 0 0 0 1 0 0 0 0 1 0
12 49 0 1 0 0 0 0 1 0 0 0 0 1 0
12 50 0 1 0 0 0 0 1 0 0 0 0 1 0
12 51 0 1 0 0 0 0 1 0 0 0 0 1 0
12 52 0 1 0 0 0 0 1 0 0 0 0 1 0
12 53 0 1 0 0 0 0 1 0 0 0 0 1 0
12 54 0 1 0 0 0 0 1 0 0 0 0 1 0
12 55 0 1 0 0 0 0 1 0 0 0 0 1 0
12 56 0 1 0 0 0 0 1 0 0 0 0 1 0
12 57 0 1 0 0 0 0 1 0 0 0 0 1 0
12 58 0 1 0 0 0 0 1 0 0 0 0 1 0
12 59 0 1 0 0 0 0 1 0 0 0 0 1 0
12 60 0 1 0 0 0 0 1 0 0 0 0 1 0
12 61 0 1 0 0 0 0 1 0 0 0 0 1 0
12 62 0 1 0 0 0 0 1 0 0 0 0 1 0
12 63 0 1 0 0 0 0 1 0 0 0 0 1 0
12 64 0 1 0 0 0 0 1 0 0 0 0 1 0
12 65 0 1 0 0 0 0 1 0 0 0 0 1 0
12 66 0 1 0 0 0 0 1 0 0 0 0 1 0
12 67 0 1 0 0 0 0 1 0 0 0 0 1 0
13 14 29 0.999798 0.0200863 -9.64083e-05 -0.826042 -0.0200842 0.999594 -0.0202154 -0.1686 -0.000309683 0.0202132 0.999796 0.5378
13 15 32 0.980957 0.0467753 -0.188507 0.994679 -0.0476978 0.998862 -0.000357738 0.0592036 0.188275 0.00934228 0.982072 -0.0843182
13 16 20 0.991019 0.0429228 -0.126646 0.999852 -0.0357607 0.997659 0.0582947 0.0113999 0.128851 -0.0532422 0.990234 0.012896
13 17 0 1 0 0 0 0 1 0 0 0 0 1 0
13 18 0 1 0 0 0 0 1 0 0 0 0 1 0
13 19 0 1 0 0 0 0 1 0 0 0 0 1 0
13 20 0 1 0 0 0 0 1 0 0 0 0 1 0
13 21 0 1 0 0 0 0 1 0 0 0 0 1 0
13 22 0 1 0 0 0 0 1 0 0 0 0 1 0
13 23 0 1 0 0 0 0 1 0 0 0 0 1 0
13 24 0 1 0 0 0 0 1 0 0 0 0 1 0
13 25 0 1 0 0 0 0 1 0 0 0 0 1 0
13 26 0 1 0 0 0 0 1 0 0 0 0 1 0
13 27 0 1 0 0 0 0 1 0 0 0 0 1 0
13 28 0 1 0 0 0 0 1 0 0 0 0 1 0
13 29 0 1 0 0 0 0 1 0 0 0 0 1 0
13 30 0 1 0 0 0 0 1 0 0 0 0 1 0
13 31 0 1 0 0 0 0 1 0 0 0 0 1 0
13 32 0 1 0 0 0 0 1 0 0 0 0 1 0
13 33 0 1 0 0 0 0 1 0 0 0 0 1 0
13 34 0 1 0 0 0 0 1 0 0 0 0 1 0
13 35 0 1 0 0 0 0 1 0 0 0 0 1 0
13 36 0 1 0 0 0 0 1 0 0 0 0 1 0
13 37 0 1 0 0 0 0 1 0 0 0 0 1 0
13 38 0 1 0 0 0 0 1 0 0 0 0 1 0
13 39 0 1 0 0 0 0 1 0 0 0 0 1 0
13 40 0 1 0 0 0 0 1 0 0 0 0 1 0
13 41 0 1 0 0 0 0 1 0 0 0 0 1 0
13 42 0 1 0 0 0 0 1 0 0 0 0 1 0
13 43 0 1 0 0 0 0 1 0 0 0 0 1 0
13 44 0 1 0 0 0 0 1 0 0 0 0 1 0
13 45 0 1 0 0 0 0 1 0 0 0 0 1 0
13 46 0 1 0 0 0 0 1 0 0 0 0 1 0
13 47 0 1 0 0 0 0 1 0 0 0 0 1 0
13 48 0 1 0 0 0 0 1 0 0 0 0 1 0
13 49 0 1 0 0 0 0 1 0 0 0 0 1 0
13 50 0 1 0 0 0 0 1 0 0 0 0 1 0
13 51 0 1 0 0 0 0 1 0 0 0 0 1 0
13 52 0 1 0 0 0 0 1 0 0 0 0 1 0
13 53 0 1 0 0 0 0 1 0 0 0 0 1 0
13 54 0 1 0 0 0 0 1 0 0 0 0 1 0
13 55 0 1 0 0 0 0 1 0 0 0 0 1 0
13 56 0 1 0 0 0 0 1 0 0 0 0 1 0
13 57 0 1 0 0 0 0 1 0 0 0 0 1 0
13 58 0 1 0 0 0 0 1 0 0 0 0 1 0
13 59 0 1 0 0 0 0 1 0 0 0 0 1 0
13 60 0 1 0 0 0 0 1 0 0 0 0 1 0
13 61 0 1 0 0 0 0 1 0 0 0 0 1 0
13 62 0 1 0 0 0 0 1 0 0 0 0 1 0
13 63 0 1 0 0 0 0 1 0 0 0 0 1 0
13 64 0 1 0 0 0 0 1 0 0 0 0 1 0
13 65 0 1 0 0 0 0 1 0 0 0 0 1 0
13 66 0 1 0 0 0 0 1 0 0 0 0 1 0
13 67 0 1 0 0 0 0 1 0 0 0 0 1 0
14 15 28 0.978204 0.00371886 -0.207613 0.997354 0.00476539 0.999174 0.0403507 -0.0595409 0.207591 -0.0404606 0.977379 0.0417063
14 16 0 1 0 0 0 0 1 0 0 0 0 1 0
14 17 0 1 0 0 0 0 1 0 0 0 0 1 0
14 18 0 1 0 0 0 0 1 0 0 0 0 1 0
14 19 0 1 0 0 0 0 1 0 0 0 0 1 0
14 20 0 1 0 0 0 0 1 0 0 0 0 1 0
14 21 0 1 0 0 0 0 1 0 0 0 0 1 0
14 22 0 1 0 0 0 0 1 0 0 0 0 1 0
14 23 0 1 0 0 0 0 1 0 0 0 0 1 0
14 24 0 1 0 0 0 0 1 0 0 0 0 1 0
14 25 0 1 0 0 0 0 1 0 0 0 0 1 0
14 26 0 1 0 0 0 0 1 0 0 0 0 1 0
14 27 0 1 0 0 0 0 1 0 0 0 0 1 0
14 28 0 1 0 0 0 0 1 0 0 0 0 1 0
14 29 0 1 0 0 0 0 1 0 0 0 0 1 0
14 30 0 1 0 0 0 0 1 0 0 0 0 1 0
14 31 0 1 0 0 0 0 1 0 0 0 0 1 0
14 32 0 1 0 0 0 0 1 0 0 0 0 1 0
14 33 0 1 0 0 0 0 1 0 0 0 0 1 0
14 34 0 1 0 0 0 0 1 0 0 0 0 1 0
14 35 0 1 0 0 0 0 1 0 0 0 0 1 0
14 36 0 1 0 0 0 0 1 0 0 0 0 1 0
14 37 0 1 0 0 0 0 1 0 0 0 0 1 0
14 38 0 1 0 0 0 0 1 0 0 0 0 1 0
14 39 0 1 0 0 0 0 1 0 0 0 0 1 0
14 40 0 1 0 0 0 0 1 0 0 0 0 1 0
14 41 0 1 0 0 0 0 1 0 0 0 0 1 0
14 42 0 1 0 0 0 0 1 0 0 0 0 1 0
14 43 0 1 0 0 0 0 1 0 0 0 0 1 0
14 44 0 1 0 0 0 0 1 0 0 0 0 1 0
14 45 0 1 0 0 0 0 1 0 0 0 0 1 0
14 46 0 1 0 0 0 0 1 0 0 0 0 1 0
14 47 0 1 0 0 0 0 1 0 0 0 0 1 0
14 48 0 1 0 0 0 0 1 0 0 0 0 1 0
14 49 0 1 0 0 0 0 1 0 0 0 0 1 0
14 50 0 1 0 0 0 0 1 0 0 0 0 1 0
14 51 0 1 0 0 0 0 1 0 0 0 0 1 0
14 52 0 1 0 0 0 0 1 0 0 0 0 1 0
14 53 0 1 0 0 0 0 1 0 0 0 0 1 0
14 54 0 1 0 0 0 0 1 0 0 0 0 1 0
14 55 0 1 0 0 0 0 1 0 0 0 0 1 0
14 56 0 1 0 0 0 0 1 0 0 0 0 1 0
14 57 0 1 0 0 0 0 1 0 0 0 0 1 0
14 58 0 1 0 0 0 0 1 0 0 0 0 1 0
14 59 0 1 0 0 0 0 1 0 0 0 0 1 0
14 60 0 1 0 0 0 0 1 0 0 0 0 1 0
14 61 0 1 0 0 0 0 1 0 0 0 0 1 0
14 62 0 1 0 0 0 0 1 0 0 0 0 1 0
14 63 0 1 0 0 0 0 1 0 0 0 0 1 0
14 64 0 1 0 0 0 0 1 0 0 0 0 1 0
14 65 0 1 0 0 0 0 1 0 0 0 0 1 0
14 66 0 1 0 0 0 0 1 0 0 0 0 1 0
14 67 0 1 0 0 0 0 1 0 0 0 0 1 0
15 16 47 0.996555 0.0368881 -0.0742828 0.998488 -0.0330181 0.998066 0.0526681 0.0535532 0.076082 -0.050034 0.995845 -0.0123803
15 17 30 0.995162 0.0525627 -0.0830015 0.987419 -0.0463664 0.996113 0.0748936 0.0343863 0.0866155 -0.0706828 0.993731 -0.154339
15 18 28 0.988326 0.098228 -0.116457 0.971364 -0.0942605 0.994779 0.0391126 0.0397717 0.119691 -0.0276788 0.992425 -0.234245
15 19 0 1 0 0 0 0 1 0 0 0 0 1 0
15 20 0 1 0 0 0 0 1 0 0 0 0 1 0
15 21 0 1 0 0 0 0 1 0 0 0 0 1 0
15 22 0 1 0 0 0 0 1 0 0 0 0 1 0
15 23 0 1 0 0 0 0 1 0 0 0 0 1 0
15 24 0 1 0 0 0 0 1 0 0 0 0 1 0
15 25 0 1 0 0 0 0 1 0 0 0 0 1 0
15 26 0 1 0 0 0 0 1 0 0 0 0 1 0
15 27 0 1 0 0 0 0 1 0 0 0 0 1 0
15 28 0 1 0 0 0 0 1 0 0 0 0 1 0
15 29 0 1 0 0 0 0 1 0 0 0 0 1 0
15 30 0 1 0 0 0 0 1 0 0 0 0 1 0
15 31 0 1 0 0 0 0 1 0 0 0 0 1 0
15 32 0 1 0 0 0 0 1 0 0 0 0 1 0
15 33 0 1 0 0 0 0 1 0 0 0 0 1 0
15 34 0 1 0 0 0 0 1 0 0 0 0 1 0
15 35 0 1 0 0 0 0 1 0 0 0 0 1 0
15 36 0 1 0 0 0 0 1 0 0 0 0 1 0
15 37 0 1 0 0 0 0 1 0 0 0 0 1 0
15 38 0 1 0 0 0 0 1 0 0 0 0 1 0
15 39 0 1 0 0 0 0 1 0 0 0 0 1 0
15 40 0 1 0 0 0 0 1 0 0 0 0 1 0
15 41 0 1 0 0 0 0 1 0 0 0 0 1 0
15 42 0 1 0 0 0 0 1 0 0 0 0 1 0
15 43 0 1 0 0 0 0 1 0 0 0 0 1 0
15 44 0 1 0 0 0 0 1 0 0 0 0 1 0
15 45 0 1 0 0 0 0 1 0 0 0 0 1 0
15 46 0 1 0 0 0 0 1 0 0 0 0 1 0
15 47 0 1 0 0 0 0 1 0 0 0 0 1 0
15 48 0 1 0 0 0 0 1 0 0 0 0 1 0
15 49 0 1 0 0 0 0 1 0 0 0 0 1 0
15 50 0 1 0 0 0 0 1 0 0 0 0 1 0
15 51 0 1 0 0 0 0 1 0 0 0 0 1 0
15 52 0 1 0 0 0 0 1 0 0 0 0 1 0
15 53 0 1 0 0 0 0 1 0 0 0 0 1 0
15 54 0 1 0 0 0 0 1 0 0 0 0 1 0
15 55 0 1 0 0 0 0 1 0 0 0 0 1 0
15 56 0 1 0 0 0 0 1 0 0 0 0 1 0
15 57 0 1 0 0 0 0 1 0 0 0 0 1 0
15 58 0 1 0 0 0 0 1 0 0 0 0 1 0
15 59 0 1 0 0 0 0 1 0 0 0 0 1 0
15 60 0 1 0 0 0 0 1 0 0 0 0 1 0
15 61 0 1 0 0 0 0 1 0 0 0 0 1 0
15 62 0 1 0 0 0 0 1 0 0 0 0 1 0
15 63 0 1 0 0 0 0 1 0 0 0 0 1 0
15 64 0 1 0 0 0 0 1 0 0 0 0 1 0
15 65 0 1 0 0 0 0 1 0 0 0 0 1 0
15 66 0 1 0 0 0 0 1 0 0 0 0 1 0
15 67 0 1 0 0 0 0 1 0 0 0 0 1 0
16 17 122 0.997921 0.0291473 -0.0574781 0.926827 -0.0280641 0.999415 0.0195637 0.0772224 0.0580147 -0.01791 0.998155 -0.367461
16 18 93 0.988702 0.0808863 -0.126201 0.937572 -0.0829161 0.996497 -0.0109062 0.0458157 0.124877 0.0212471 0.991945 -0.344761
16 19 38 0.934893 0.123297 -0.332827 0.987996 -0.125944 0.991943 0.013699 -0.0118884 0.331834 0.0291104 0.942888 -0.154021
16 20 14 0.697755 0.40194 -0.592944 0.0554233 0.298483 -0.9156 -0.269414 0.135945 -0.651188 0.0110011 -0.758836 0.989165
16 21 0 1 0 0 0 0 1 0 0 0 0 1 0
16 22 0 1 0 0 0 0 1 0 0 0 0 1 0
16 23 0 1 0 0 0 0 1 0 0 0 0 1 0
16 24 0 1 0 0 0 0 1 0 0 0 0 1 0
16 25 0 1 0 0 0 0 1 0 0 0 0 1 0
16 26 0 1 0 0 0 0 1 0 0 0 0 1 0
16 27 23 -0.018631 0.255048 -0.966749 0.833968 -0.152955 0.954808 0.254845 -0.202134 0.988058 0.152617 0.0212217 0.513459
16 28 0 1 0 0 0 0 1 0 0 0 0 1 0
16 29 0 1 0 0 0 0 1 0 0 0 0 1 0
16 30 0 1 0 0 0 0 1 0 0 0 0 1 0
16 31 0 1 0 0 0 0 1 0 0 0 0 1 0
16 32 0 1 0 0 0 0 1 0 0 0 0 1 0
16 33 0 1 0 0 0 0 1 0 0 0 0 1 0
16 34 0 1 0 0 0 0 1 0 0 0 0 1 0
16 35 0 1 0 0 0 0 1 0 0 0 0 1 0
16 36 0 1 0 0 0 0 1 0 0 0 0 1 0
16 37 0 1 0 0 0 0 1 0 0 0 0 1 0
16 38 0 1 0 0 0 0 1 0 0 0 0 1 0
16 39 0 1 0 0 0 0 1 0 0 0 0 1 0
16 40 0 1 0 0 0 0 1 0 0 0 0 1 0
16 41 0 1 0 0 0 0 1 0 0 0 0 1 0
16 42 0 1 0 0 0 0 1 0 0 0 0 1 0
16 43 0 1 0 0 0 0 1 0 0 0 0 1 0
16 44 0 1 0 0 0 0 1 0 0 0 0 1 0
16 45 0 1 0 0 0 0 1 0 0 0 0 1 0
16 46 0 1 0 0 0 0 1 0 0 0 0 1 0
16 47 0 1 0 0 0 0 1 0 0 0 0 1 0
16 48 0 1 0 0 0 0 1 0 0 0 0 1 0
16 49 0 1 0 0 0 0 1 0 0 0 0 1 0
16 50 0 1 0 0 0 0 1 0 0 0 0 1 0
16 51 0 1 0 0 0 0 1 0 0 0 0 1 0
16 52 0 1 0 0 0 0 1 0 0 0 0 1 0
16 53 0 1 0 0 0 0 1 0 0 0 0 1 0
16 54 0 1 0 0 0 0 1 0 0 0 0 1 0
16 55 0 1 0 0 0 0 1 0 0 0 0 1 0
16 56 0 1 0 0 0 0 1 0 0 0 0 1 0
16 57 0 1 0 0 0 0 1 0 0 0 0 1 0
16 58 0 1 0 0 0 0 1 0 0 0 0 1 0
16 59 0 1 0 0 0 0 1 0 0 0 0 1 0
16 60 0 1 0 0 0 0 1 0 0 0 0 1 0
16 61 0 1 0 0 0 0 1 0 0 0 0 1 0
16 62 0 1 0 0 0 0 1 0 0 0 0 1 0
16 63 0 1 0 0 0 0 1 0 0 0 0 1 0
16 64 0 1 0 0 0 0 1 0 0 0 0 1 0
16 65 0 1 0 0 0 0 1 0 0 0 0 1 0
16 66 0 1 0 0 0 0 1 0 0 0 0 1 0
16 67 0 1 0 0 0 0 1 0 0 0 0 1 0
