0 1 195 0.999446 0.0112697 -0.0313256 0.899807 -0.0120768 0.999597 -0.0256956 0.0285183 0.0310234 0.0260597 0.999179 -0.435356
0 2 105 0.993952 0.0470642 -0.0992188 0.983558 -0.047528 0.998867 -0.00231422 -0.17639 0.0989975 0.0070159 0.995063 0.0387462
0 3 100 0.977571 0.0582075 -0.202402 0.987466 -0.0690834 0.996499 -0.0470857 0.0953994 0.198953 0.0600123 0.97817 -0.125741
0 4 84 0.972648 0.101376 -0.208994 0.970307 -0.103255 0.994653 0.00192962 0.0665174 0.208072 0.0197029 0.977915 -0.232552
0 5 53 0.99617 -0.0617242 0.0619264 0.237857 0.0761128 0.960752 -0.266764 0.502279 -0.0430301 0.270455 0.96177 0.831348
0 6 41 0.950061 0.0694772 -0.304232 0.879311 -0.0271385 0.989602 0.141246 0.0175673 0.310882 -0.125936 0.942068 -0.475924
0 7 54 0.226515 0.00819942 -0.973973 0.873541 -0.523123 0.844523 -0.114552 -0.0323014 0.821604 0.535456 0.195586 0.485678
0 8 12 0.734049 -0.584284 0.346099 0.313717 0.53592 0.811424 0.233199 -0.111062 -0.417087 0.0143012 0.908754 0.942999
0 9 24 -0.688924 -0.706172 -0.163414 0.308417 0.715529 -0.626564 -0.308927 0.262747 0.115766 -0.329755 0.936942 -0.914244
0 10 18 0.71686 -0.490951 0.495054 0.271376 0.407003 0.871175 0.274596 -0.16329 -0.566092 0.00464142 0.824329 0.948521
0 11 0 1 0 0 0 0 1 0 0 0 0 1 0
0 12 57 -0.558397 0.36912 -0.742929 0.406697 -0.130693 0.845228 0.518178 -0.278771 0.819214 0.386445 -0.423731 0.869991
0 13 35 0.0228489 -0.964333 0.263703 0.353874 -0.188294 0.2549 0.948457 -0.230095 -0.981847 -0.0713249 -0.175754 0.906548
0 14 51 -0.90183 0.0143708 -0.431851 0.215971 0.0894032 0.984025 -0.153954 0.177031 0.42274 -0.177449 -0.888708 0.960217
0 15 28 -0.623852 0.46016 -0.631713 0.233695 0.17772 0.870641 0.458694 -0.203645 0.761068 0.173889 -0.62493 0.950745
0 16 31 0.455561 0.339731 0.822829 -0.300867 0.305485 0.808525 -0.502957 -0.0980671 -0.836148 0.480489 0.26455 0.948611
0 17 33 0.0509862 -0.990238 -0.129724 0.0284932 -0.966651 -0.0162904 -0.255577 -0.147353 0.250969 0.138429 -0.958046 0.988674
0 18 27 -0.818765 0.558717 0.13213 -0.141443 0.547248 0.689888 0.473893 -0.230556 0.173617 0.460316 -0.870613 0.962724
0 19 32 -0.305825 -0.89466 -0.32566 0.136714 -0.57521 -0.0989456 0.812 -0.270936 -0.758687 0.435652 -0.484357 0.95284
0 20 12 0.414511 0.902472 0.11715 0.345966 -0.707996 0.400678 -0.581548 0.275227 -0.571771 0.158117 0.805032 -0.896971
0 21 20 0.93944 -0.310579 0.14489 0.188594 0.264287 0.925685 0.270666 0.155464 -0.218186 -0.215982 0.951707 -0.969672
0 22 30 0.454671 -0.784272 0.422127 -0.397902 -0.680652 -0.611642 -0.403245 -0.125043 0.574445 -0.103978 -0.811913 0.908867
0 23 11 0.465936 -0.577548 -0.67033 0.603609 0.854589 0.0974058 0.510087 0.120916 -0.229306 -0.810525 0.538951 -0.788058
0 24 52 -0.524021 0.380642 -0.761914 0.374079 -0.324776 0.737678 0.591905 -0.36388 0.787351 0.557623 -0.262935 0.853028
0 25 39 -0.131918 -0.991203 0.0106705 -0.120128 -0.729699 0.0898176 -0.677844 0.41306 0.670922 -0.097206 -0.735129 0.902746
0 26 16 -0.599744 0.567331 0.564308 0.373657 -0.796091 -0.494344 -0.349089 -0.19279 0.080913 -0.658604 0.748126 0.907311
0 27 45 -0.945473 -0.306429 0.110376 -0.428362 0.315703 -0.945542 0.079253 -0.0838971 0.0800795 0.109778 0.990725 0.899704
0 28 62 -0.137472 0.324763 -0.935751 0.166241 -0.0256275 0.943238 0.331127 -0.250402 0.990174 0.0695015 -0.121346 0.953762
0 29 15 0.846268 -0.189032 0.498094 -0.61051 0.305368 0.938222 -0.162759 0.235749 -0.436556 0.28984 0.851711 -0.756108
0 30 11 0.874516 -0.394166 -0.282585 -0.485233 0.479469 0.790353 0.381381 -0.248866 0.0730148 -0.469015 0.880167 0.838221
0 31 31 -0.863858 0.198601 -0.462933 -0.0617322 -0.0689075 0.863772 0.499149 -0.0467486 0.499 0.463093 -0.732491 0.996997
0 32 39 0.470741 -0.527992 0.706843 -0.169124 -0.392327 -0.842866 -0.368316 -0.304109 0.790242 -0.103932 -0.603917 0.937505
0 33 12 0.918167 -0.158544 0.363087 -0.0904319 0.127539 0.985936 0.107998 0.292316 -0.375103 -0.0528521 0.925475 -0.952037
0 34 28 -0.518631 -0.419329 -0.745107 0.228691 -0.772651 0.60302 0.198437 -0.311268 0.366105 0.678623 -0.63674 0.922395
0 35 39 0.954697 -0.149726 -0.257168 0.745649 0.108652 0.979924 -0.167165 0.451226 0.277034 0.13165 0.951799 -0.490309
0 36 19 0.990617 0.134599 0.02369 -0.232017 -0.127465 0.972459 -0.195131 -0.271073 -0.049302 0.190281 0.980491 0.934178
0 37 16 -0.951023 -0.294633 -0.093527 -0.345519 0.272551 -0.656463 -0.703401 -0.291343 0.145848 -0.694441 0.704614 0.89204
0 38 45 0.15337 -0.16046 0.975054 -0.880825 -0.679342 -0.73369 -0.0138831 -0.239728 0.717615 -0.660266 -0.221534 0.408263
0 39 13 -0.737557 0.1797 -0.650935 0.350308 0.0712476 -0.937854 -0.339637 0.0472441 -0.671515 -0.296879 0.678918 -0.935442
0 40 16 -0.192179 0.972814 -0.129229 -0.114528 -0.0961011 -0.149707 -0.984049 -0.228926 -0.976643 -0.176694 0.122259 0.966683
0 41 31 0.87042 0.222882 0.438969 -0.188778 0.0774576 -0.942544 0.324979 -0.359141 0.486179 -0.248867 -0.837672 0.913992
0 42 19 0.157969 0.944857 0.286865 -0.113457 -0.855943 0.275878 -0.437325 -0.0143205 -0.492349 -0.176457 0.852323 0.99344
0 43 27 -0.924205 0.381845 0.00626363 -0.263611 0.285578 0.680128 0.675183 -0.247466 0.253555 0.625796 -0.737624 0.932346
0 44 31 -0.559764 -0.120886 -0.819787 0.532374 -0.428794 0.888809 0.161723 -0.19625 0.709084 0.442047 -0.549359 0.823446
0 45 18 -0.707424 -0.26234 -0.6563 -0.22016 0.504197 -0.838045 -0.208484 -0.316445 -0.495316 -0.478391 0.725124 0.922709
0 46 18 -0.116596 0.968319 0.220824 0.096859 -0.927436 -0.0266035 -0.373034 0.385827 -0.355341 -0.248295 0.901156 -0.917472
0 47 12 -0.752719 -0.528438 -0.392641 -0.000757776 0.585878 -0.80971 -0.0334141 -0.199055 -0.300268 -0.255191 0.919085 0.979988
0 48 29 0.924679 -0.318432 -0.208735 0.329863 -0.376459 -0.682565 -0.626406 -0.00194538 0.0569931 0.657804 -0.75103 0.944027
0 49 20 -0.775808 0.575799 0.258025 -0.414212 -0.626688 -0.655617 -0.421224 0.0152761 -0.073375 -0.48849 0.869479 -0.910052
0 50 12 -0.907002 0.402922 0.122482 -0.382645 -0.403674 -0.748963 -0.525455 0.294948 -0.119983 -0.526031 0.841959 -0.87555
0 51 25 0.137503 0.802263 0.58092 -0.121782 0.981334 -0.189948 0.0300406 0.278669 0.134445 0.565946 -0.813406 0.952635
0 52 26 -0.599635 0.328623 -0.729688 0.326364 -0.234562 0.799581 0.552856 -0.15129 0.765126 0.502669 -0.402375 0.933058
0 53 39 -0.13324 -0.90266 0.409208 -0.356737 -0.71361 -0.199144 -0.671641 -0.00247324 0.687755 -0.381505 -0.617614 0.934202
0 54 39 -0.108476 0.0345891 -0.993497 0.848886 0.745993 0.663392 -0.0583558 0.0661926 0.657059 -0.747473 -0.0977654 0.524416
0 55 16 0.319478 -0.0171485 0.947439 0.369309 0.0761043 0.997071 -0.00761568 -0.18242 -0.944533 0.0745372 0.319847 0.911226
0 56 24 -0.712857 -0.693805 0.102322 -0.2557 -0.453228 0.567101 0.687736 -0.379381 -0.535182 0.443882 -0.718714 0.889206
0 57 41 0.291933 -0.669744 0.682802 -0.451678 -0.711133 -0.629388 -0.313305 -0.200784 0.639582 -0.394099 -0.660016 0.869294
0 58 25 -0.820376 0.256151 -0.511243 0.359409 0.0537568 0.924644 0.377018 -0.0843606 0.569292 0.281814 -0.772326 0.929359
0 59 26 -0.450127 -0.0338132 -0.892324 0.451651 0.442647 0.859419 -0.255857 0.0601248 0.775532 -0.510152 -0.371881 0.890166
0 60 43 -0.726395 -1.67652e-05 -0.687277 0.353243 -0.358107 0.853535 0.378468 -0.20131 0.586609 0.521036 -0.620009 0.913616
0 61 32 0.189387 -0.938873 0.287488 -0.225864 -0.902474 -0.281799 -0.325775 -0.0832369 0.386876 -0.197752 -0.900678 0.970596
0 62 21 -0.150167 -0.902578 -0.403487 0.148257 -0.798652 0.351304 -0.48861 0.322929 0.582756 0.248873 -0.773601 0.934739
0 63 23 0.582364 0.787032 0.203551 0.362678 0.684739 -0.609865 0.398995 -0.259904 0.43816 -0.0929813 -0.894075 0.894939
0 64 12 0.782264 -0.567399 0.257141 -0.170356 0.525253 0.822698 0.217435 0.254075 -0.334922 -0.0350274 0.941595 -0.952063
0 65 31 -0.922569 0.381301 0.058958 -0.199327 0.350334 0.763827 0.542064 -0.27045 0.161656 0.520747 -0.838266 0.941873
0 66 16 0.992264 -0.021613 0.122249 0.248946 0.00660511 0.992525 0.121861 0.292576 -0.123969 -0.120111 0.98499 -0.923269
0 67 25 -0.830414 0.542321 0.127672 -0.243295 0.473824 0.566884 0.673895 -0.311749 0.293092 0.620106 -0.727713 0.918488
1 2 141 0.996845 0.0393202 -0.0689466 0.846883 -0.0413323 0.998753 -0.0280042 0.157528 0.0677595 0.0307656 0.997227 -0.507911
1 3 128 0.985588 0.0399759 -0.164371 0.847569 -0.0345849 0.99877 0.0355307 0.0682979 0.165589 -0.0293339 0.985758 -0.526272
1 4 140 0.950663 0.113208 -0.288833 0.948525 -0.101761 0.993321 0.0543932 0.0883177 0.293061 -0.0223175 0.955833 -0.30414
1 5 80 0.943777 0.114673 -0.310058 0.992166 -0.111074 0.99338 0.0292999 0.0254084 0.311365 0.00678685 0.950266 -0.122315
1 6 54 -0.173589 0.775406 0.607135 -0.696142 0.832719 -0.21357 0.51085 -0.0675568 0.525782 0.594251 -0.608621 0.714719
1 7 54 -0.90594 -0.217079 -0.363525 0.141365 0.0407108 -0.899252 0.435533 0.331556 -0.421445 0.379768 0.823505 0.932784
1 8 31 0.116013 0.647263 0.753387 0.277549 -0.415808 -0.657194 0.628649 -0.248978 0.902022 -0.386196 0.192894 0.927888
1 9 44 -0.7065 -0.522035 0.477847 -0.494086 -0.161015 0.776058 0.609761 -0.299802 -0.689153 0.353855 -0.63234 0.816087
1 10 91 0.428096 0.899582 0.0865221 0.191351 0.704108 -0.392019 0.592074 -0.144126 0.566538 -0.192544 -0.801225 0.970882
1 11 72 0.719499 -0.577076 0.386399 -0.0502017 0.609311 0.791506 0.0475169 -0.335209 -0.333258 0.201249 0.921107 0.940805
1 12 94 -0.230906 0.245277 -0.941553 0.300092 -0.288121 0.907065 0.306951 -0.102667 0.929338 0.342158 -0.138777 0.948369
1 13 100 0.096977 -0.527476 -0.844017 0.652456 -0.363781 0.770555 -0.523364 0.137062 0.926423 0.357791 -0.11716 0.745329
1 14 91 -0.463061 0.47693 -0.747069 0.397929 0.332031 0.874848 0.352699 -0.146456 0.821784 -0.0847287 -0.563464 0.905651
1 15 42 0.741631 0.517422 -0.426918 0.914696 -0.52386 0.84425 0.11319 -0.188074 0.418992 0.1397 0.897179 0.357713
1 16 59 -0.831375 0.546285 0.101921 -0.0998071 0.555668 0.814902 0.164826 -0.0939144 0.00698642 0.193666 -0.981043 0.990565
1 17 89 -0.384927 0.256609 -0.886557 0.42898 -0.0688666 0.949908 0.304847 -0.21376 0.920374 0.178398 -0.347973 0.877658
1 18 34 -0.782732 0.564095 0.26292 -0.234348 0.608577 0.605331 0.513038 -0.154907 0.130248 0.561579 -0.817108 0.959732
1 19 65 -0.633057 0.720481 -0.283101 0.329401 0.440895 0.0349841 -0.896876 -0.155689 -0.636278 -0.692592 -0.339804 0.931266
1 20 35 -0.690094 0.718757 -0.0846105 0.393714 -0.446629 -0.51495 -0.731676 -0.117226 -0.569467 -0.467136 0.676381 0.911728
1 21 79 -0.29511 -0.902778 0.312893 -0.829557 0.591095 -0.429791 -0.682559 -0.45956 0.750678 -0.0164806 0.660463 0.317237
1 22 40 0.84584 -0.531324 -0.0474395 0.815564 0.374189 0.65436 -0.657112 0.562814 0.380182 0.53806 0.752299 0.134519
1 23 24 -0.755192 -0.593798 0.277648 0.195888 -0.319547 0.703317 0.635008 -0.0238194 -0.572341 0.390831 -0.720886 0.980337
1 24 91 -0.448338 0.657271 -0.605795 0.252641 0.725704 0.66333 0.182614 0.131151 0.521869 -0.357755 -0.77438 0.95863
1 25 108 -0.546386 0.756662 -0.359062 0.188808 -0.833012 -0.535452 0.139222 -0.515834 -0.0869159 0.375172 0.922871 -0.835623
1 26 21 -0.703948 -0.383591 -0.597758 0.306911 0.628529 -0.728388 -0.272767 0.0895008 -0.330769 -0.567722 0.753846 -0.947521
1 27 0 1 0 0 0 0 1 0 0 0 0 1 0
1 28 47 -0.0457184 -0.822165 -0.567411 -0.349214 0.768117 -0.392083 0.506229 -0.0940848 -0.638676 -0.412694 0.649444 0.932308
1 29 30 0.494287 -0.865644 0.0796311 -0.253651 0.608274 0.409855 0.679722 -0.20468 -0.621034 -0.28754 0.729135 0.945393
1 30 22 -0.868773 0.373332 -0.325356 0.0454644 0.0717691 0.74499 0.663203 -0.431842 0.489982 0.552823 -0.674021 0.900803
1 31 43 -0.455268 0.619403 -0.639586 -0.0493459 -0.0427005 0.702334 0.710566 -0.198606 0.88933 0.350809 -0.293301 0.978836
1 32 63 0.278744 -0.954319 0.107595 0.0950715 -0.846449 -0.297059 -0.441905 -0.2802 0.453681 0.0321046 -0.890586 0.955222
1 33 39 0.87551 0.0526922 -0.480319 0.714689 -0.474345 0.283159 -0.833558 0.503573 0.0920845 0.957624 0.272903 -0.485422
1 34 68 -0.130651 -0.873451 0.469056 -0.365897 -0.959825 -0.00706755 -0.28051 -0.171805 0.248327 -0.486861 -0.837437 0.91466
1 35 16 0.989434 0.142344 0.0275292 0.301674 -0.144645 0.982113 0.120553 0.0661745 -0.00987685 -0.123261 0.992325 -0.951112
1 36 98 -0.321002 -0.336143 0.885419 -0.545033 0.0301219 0.930798 0.364291 -0.660136 -0.9466 0.143608 -0.288662 0.516875
1 37 32 -0.0981845 0.903547 0.417088 -0.118151 0.108412 0.42633 -0.898048 -0.297143 -0.989245 -0.0429568 -0.139815 0.947495
1 38 113 0.649963 -0.575183 -0.496702 0.783486 -0.701956 -0.203925 -0.682402 -0.106795 0.291216 0.792199 -0.536297 0.612164
1 39 19 -0.889228 -0.177055 -0.421812 -0.159396 0.301425 -0.920372 -0.249114 -0.0643656 -0.344117 -0.348663 0.87179 0.985114
1 40 40 -0.592879 0.774618 0.220138 -0.439964 -0.677867 -0.62763 0.382853 -0.314713 0.43473 0.0777611 0.897197 0.841063
1 41 75 0.523999 -0.424843 0.738196 -0.364548 -0.526095 -0.843052 -0.111748 -0.158762 0.669813 -0.329805 -0.665266 0.917551
1 42 101 0.0257624 -0.839588 -0.542612 0.10491 0.126402 0.541172 -0.831358 0.771895 0.991644 -0.0471697 0.120068 0.627034
1 43 48 0.707786 -0.566506 -0.422032 0.434821 -0.706426 -0.568571 -0.421532 -0.123735 -0.00115466 0.596489 -0.80262 0.891976
1 44 69 -0.0461444 0.826468 0.561089 -0.514855 0.781664 -0.319863 0.535433 -0.0841935 0.62199 0.46329 -0.631261 0.853133
1 45 41 0.834195 0.240474 -0.496277 -0.318246 -0.516872 0.654668 -0.551591 -0.361329 0.192254 0.716646 0.670415 0.876448
1 46 52 -0.0441757 -0.448586 -0.892647 0.837508 -0.52254 0.771923 -0.362059 0.0825373 0.85147 0.45045 -0.268504 0.540156
1 47 76 0.265653 -0.932379 -0.245149 0.105025 -0.722295 -0.0240691 -0.691166 -0.18068 0.638528 0.360681 -0.679847 0.977918
1 48 16 -0.823796 -0.554092 0.119759 0.0198708 0.507063 -0.81469 -0.281368 -0.380583 0.253471 -0.171065 0.952097 0.924533
1 49 73 -0.114135 -0.993251 -0.0206449 0.440258 -0.822981 0.0828884 0.56199 -0.28233 -0.556485 0.0811332 -0.826887 0.852328
1 50 43 0.444865 -0.492913 0.747752 -0.424073 0.877245 0.407983 -0.252965 0.643801 -0.18038 0.768497 0.613902 -0.636932
1 51 77 0.624972 0.390914 -0.675719 0.884128 -0.536526 0.843846 -0.00805441 -0.186864 0.567054 0.367574 0.737116 0.428252
1 52 19 0.286081 0.852387 0.437714 -0.362652 -0.81385 0.457266 -0.358546 -0.182609 -0.505772 -0.25366 0.824531 -0.913859
1 53 44 -0.666361 0.745425 0.0174564 0.724021 -0.0259434 0.000218475 -0.999663 0.149328 -0.745178 -0.666589 0.0191933 0.67342
1 54 44 0.535897 0.133986 -0.833584 0.949438 0.147547 0.957271 0.248722 0.164801 0.831291 -0.256282 0.493229 0.267224
1 55 34 -0.645805 -0.699074 -0.306971 0.224779 -0.757165 0.638094 0.139774 -0.204433 0.0981634 0.322695 -0.941399 0.952723
1 56 36 -0.750455 0.130737 -0.647862 0.360429 -0.153219 0.919122 0.362959 -0.204989 0.642916 0.371649 -0.669728 0.909984
1 57 65 0.510266 0.185314 -0.839814 0.93512 0.159868 0.939051 0.304346 -0.0195265 0.845027 -0.289557 0.44954 0.353793
1 58 16 0.586116 -0.731496 0.348397 -0.420982 0.700563 0.673562 0.23564 0.161995 -0.407037 0.105962 0.907245 -0.892486
1 59 44 0.0234154 -0.325813 -0.945144 0.403752 -0.0939447 0.940503 -0.32654 -0.0197627 0.995302 0.0964374 -0.00858608 0.914655
1 60 91 -0.136441 0.241804 -0.960685 0.553654 -0.0878797 0.962976 0.254862 -0.17237 0.986743 0.119198 -0.110139 0.814712
1 61 71 -0.501575 -0.0788109 -0.861517 0.43497 -0.179591 0.983633 0.0145759 -0.0975775 0.846268 0.162031 -0.50752 0.895142
1 62 29 0.0594963 -0.721689 0.689656 -0.148639 -0.59325 -0.581197 -0.557014 -0.338248 0.802817 -0.375998 -0.462721 0.929244
1 63 38 0.86188 0.293792 -0.413339 0.700632 -0.341584 0.938774 -0.0449985 0.155224 0.374812 0.179973 0.909464 -0.696434
1 64 32 -0.523178 0.829034 0.197452 0.411417 -0.611134 -0.203486 -0.764924 -0.112273 -0.593969 -0.520861 0.613111 0.904506
1 65 41 -0.553224 0.165332 0.816461 -0.311407 -0.524389 -0.830665 -0.187112 -0.916047 0.64727 -0.531658 0.546242 -0.252752
1 66 32 -0.791034 0.569897 0.222446 -0.287124 0.584124 0.595515 0.551508 -0.31391 0.181833 0.566198 -0.803963 0.904997
1 67 60 0.306548 -0.950185 0.0563665 0.0224148 -0.529648 -0.219479 -0.81933 0.193029 0.790886 0.221309 -0.570544 0.980937
2 3 87 0.997192 0.0138087 -0.0736053 0.924577 -0.0115036 0.999433 0.0316498 0.164127 0.0740006 -0.0307142 0.996785 -0.343832
2 4 43 0.988831 0.139457 -0.0525868 -0.792129 -0.129447 0.978469 0.160754 0.0712071 0.0738729 -0.152152 0.985593 -0.606186
2 5 37 0.973036 0.0861073 -0.213977 0.957349 -0.0854686 0.996266 0.0122518 0.0863703 0.214233 0.00636688 0.976762 -0.275723
2 6 56 -0.20888 0.618113 -0.757829 0.504863 0.423887 0.755569 0.499434 -0.289114 0.881299 -0.216913 -0.419834 0.813343
2 7 35 0.119383 -0.991225 0.0567511 -0.00789058 0.916279 0.132008 0.378162 -0.0763739 -0.382335 0.00685358 0.923998 0.997048
2 8 0 1 0 0 0 0 1 0 0 0 0 1 0
2 9 22 -0.131619 0.78456 -0.605923 0.383746 0.920123 0.324124 0.219811 -0.275387 0.368849 -0.528592 -0.764553 0.88142
2 10 34 0.00583473 -0.999275 -0.0376122 0.273006 -0.999303 -0.00721353 0.0366274 -0.149857 -0.0368722 0.0373722 -0.998621 0.950269
2 11 0 1 0 0 0 0 1 0 0 0 0 1 0
2 12 53 -0.189911 0.342192 -0.920238 0.334764 -0.158566 0.914301 0.372707 -0.157105 0.968912 0.2167 -0.119376 0.929113
2 13 42 0.415761 0.135073 -0.899387 0.758338 -0.171735 0.982779 0.0682088 0.0113746 0.893112 0.126098 0.431798 0.651762
2 14 0 1 0 0 0 0 1 0 0 0 0 1 0
2 15 29 0.860502 0.447699 0.243109 -0.983092 -0.442119 0.893358 -0.0802596 0.0806914 -0.253116 -0.0384196 0.966673 0.164374
2 16 28 -0.826187 0.561545 0.0456387 -0.163005 0.499641 0.692855 0.519915 -0.246226 0.260334 0.45235 -0.852998 0.955407
2 17 17 -0.534515 -0.692291 0.484796 -0.171392 0.844659 -0.417839 0.334608 -0.263456 -0.0290789 0.58834 0.808091 -0.949324
2 18 16 0.0727344 -0.844597 0.530439 -0.277915 -0.975493 0.0504933 0.214159 -0.339228 -0.207662 -0.533016 -0.820226 0.898715
2 19 22 0.763171 -0.636238 -0.113013 0.46401 -0.638767 -0.716324 -0.280814 -0.159003 0.0977108 0.286498 -0.953085 0.871443
2 20 24 0.888488 0.445648 0.109486 0.300555 -0.338575 0.797643 -0.499132 0.145934 -0.309768 0.406404 0.859581 -0.942534
2 21 54 0.0553796 -0.987177 0.149717 -0.0838489 -0.877114 -0.119745 -0.465116 -0.0900542 0.477079 -0.105561 -0.872498 0.992401
2 22 26 -0.800066 0.579235 -0.156146 0.473303 0.36879 0.269588 -0.889559 -0.0444466 -0.473169 -0.769291 -0.429304 0.879778
2 23 0 1 0 0 0 0 1 0 0 0 0 1 0
2 24 55 -0.391851 0.152939 -0.907228 0.324163 -0.0667738 0.978758 0.193839 -0.0944499 0.917602 0.136535 -0.373315 0.941275
2 25 0 1 0 0 0 0 1 0 0 0 0 1 0
2 26 0 1 0 0 0 0 1 0 0 0 0 1 0
2 27 58 0.482519 0.840588 -0.246143 -0.078266 0.874716 -0.44794 0.184992 -0.12549 0.0452447 -0.304567 -0.951416 0.989003
2 28 27 0.467784 0.794947 -0.386313 -0.691066 -0.657728 0.0211289 -0.752959 0.0509555 -0.5904 0.606311 0.532743 0.720993
2 29 13 -0.328687 -0.939316 -0.0982394 0.456189 0.294538 -0.200781 0.93431 -0.0695214 -0.897336 0.27816 0.342658 0.887163
2 30 0 1 0 0 0 0 1 0 0 0 0 1 0
2 31 21 0.878346 -0.438181 0.191064 0.448682 0.474432 0.847996 -0.236258 0.414594 -0.0584982 0.298163 0.952721 -0.791704
2 32 30 -0.763507 0.516536 -0.387618 -0.0962866 -0.427172 -0.854091 -0.296736 -0.353434 -0.484336 -0.0609805 0.872754 0.930491
2 33 25 -0.63033 0.108669 -0.768684 0.0839354 0.209463 -0.929626 -0.303184 -0.248429 -0.747535 -0.352117 0.563209 0.965007
2 34 40 0.545934 -0.752762 0.367839 -0.268416 0.313661 0.590742 0.743398 -0.305341 -0.7769 -0.29047 0.558618 0.91363
2 35 25 -0.00573136 -0.615448 0.788157 -0.500935 -0.638341 0.608941 0.470862 -0.298769 -0.769732 -0.500414 -0.396356 0.812282
2 36 47 0.1805 -0.947415 -0.264242 0.240721 -0.819375 0.00377677 -0.573245 -0.0653951 0.5441 0.319984 -0.775607 0.968389
2 37 0 1 0 0 0 0 1 0 0 0 0 1 0
2 38 48 -0.0630185 -0.996821 -0.0487562 -0.0314924 -0.86134 0.0789998 -0.50185 -0.326586 0.504106 0.0103698 -0.86358 0.944643
2 39 22 -0.389295 -0.768573 -0.507685 0.327081 0.58788 0.216999 -0.7793 0.943097 0.709116 -0.601836 0.367352 0.0598847
2 40 0 1 0 0 0 0 1 0 0 0 0 1 0
2 41 0 1 0 0 0 0 1 0 0 0 0 1 0
2 42 27 -0.421432 0.906852 0.0036924 -0.287946 0.892538 0.414052 0.178711 -0.121382 0.160536 0.0786102 -0.983895 0.949923
2 43 20 0.218387 -0.829135 0.514629 -0.225567 -0.569336 -0.536559 -0.622865 -0.26682 0.792568 -0.156971 -0.589233 0.936977
2 44 40 0.576379 0.0805035 -0.813207 0.81781 0.775672 0.259236 0.575438 0.476269 0.257137 -0.962453 0.0869738 0.32304
2 45 33 0.847429 -0.415597 -0.330369 0.7699 -0.407909 -0.111388 -0.906202 -0.180127 0.339816 0.902703 -0.263919 0.612216
2 46 36 -0.604321 -0.677421 -0.419401 0.459755 0.642801 -0.725558 0.245708 -0.323726 -0.470747 -0.121105 0.873917 0.826938
2 47 0 1 0 0 0 0 1 0 0 0 0 1 0
2 48 0 1 0 0 0 0 1 0 0 0 0 1 0
2 49 31 -0.69899 0.566319 -0.436687 0.334881 0.714195 0.521568 -0.46679 -0.116236 -0.0365901 -0.638161 -0.769033 0.935064
2 50 0 1 0 0 0 0 1 0 0 0 0 1 0
2 51 16 -0.941131 -0.095124 -0.324382 0.153798 -0.035014 -0.926999 0.373425 0.24947 -0.336224 0.3628 0.869097 0.956091
2 52 0 1 0 0 0 0 1 0 0 0 0 1 0
2 53 0 1 0 0 0 0 1 0 0 0 0 1 0
2 54 21 -0.21103 0.0217464 -0.977238 0.669804 0.10579 0.994388 -0.000716786 0.00147628 0.971738 -0.103533 -0.212147 0.742536
2 55 0 1 0 0 0 0 1 0 0 0 0 1 0
2 56 21 -0.00493364 0.220765 -0.975314 0.645173 -0.0588138 0.973574 0.220669 -0.119931 0.998257 0.0584506 0.00818078 0.754565
2 57 17 -0.816691 -0.485322 0.312215 -0.670035 -0.369501 0.0242055 -0.928915 0.651087 0.443265 -0.874001 -0.199095 0.356564
2 58 16 -0.647614 0.551285 -0.526004 0.502926 0.615151 -0.0291011 -0.787872 -0.0141015 -0.449649 -0.833809 -0.320277 0.864214
2 59 23 0.705004 0.157371 -0.691523 0.443426 -0.38835 0.901553 -0.190754 -0.032324 0.593425 0.403035 0.696713 0.895728
2 60 39 0.786539 0.0245268 -0.617054 0.459818 -0.291388 0.895722 -0.33582 -0.0603902 0.544472 0.443937 0.711667 0.885957
2 61 33 -0.236793 -0.2221 -0.945833 0.354757 -0.296561 0.943582 -0.147326 -0.0541572 0.925192 0.245611 -0.2893 0.933389
2 62 0 1 0 0 0 0 1 0 0 0 0 1 0
2 63 12 -0.972738 0.199565 -0.118127 -0.144934 0.133713 0.898829 0.417404 -0.175191 0.189475 0.39023 -0.90101 0.973808
2 64 25 0.161824 -0.982035 0.0970598 0.178033 -0.964476 -0.178204 -0.19501 0.261125 0.208803 -0.0620546 -0.975987 0.948745
2 65 13 -0.343661 0.93391 -0.0985386 -0.181544 0.888209 0.357317 0.288807 -0.209643 0.304929 0.011729 -0.952303 0.960777
2 66 0 1 0 0 0 0 1 0 0 0 0 1 0
2 67 28 0.0973429 -0.837795 0.537238 0.295577 0.25134 0.542998 0.801237 0.13098 -0.962992 0.0570344 0.263428 0.946297
3 4 96 0.996228 0.0506453 -0.0704625 0.99875 -0.050231 0.998708 0.00764054 0.0359996 0.0707585 -0.00407232 0.997485 0.0346696
3 5 57 0.983849 0.0675191 -0.165781 0.976252 -0.072038 0.997172 -0.0213916 0.0606378 0.163867 0.0329886 0.985931 -0.207978
3 6 53 0.973547 0.203323 -0.104242 0.493179 -0.188729 0.972743 0.134735 -0.307653 0.128795 -0.111497 0.985383 0.81371
3 7 47 -0.859104 0.278193 -0.429592 -0.112755 0.265616 0.959833 0.0903818 0.0674233 0.43748 -0.0364592 -0.898489 0.991333
3 8 0 1 0 0 0 0 1 0 0 0 0 1 0
3 9 35 0.522748 -0.194518 -0.829998 0.883212 -0.0203701 0.970491 -0.240274 0.105756 0.852244 0.14251 0.50336 0.456894
3 10 38 -0.39703 0.731181 -0.554744 0.307851 0.594968 0.665266 0.451037 -0.245873 0.698842 -0.15098 -0.69916 0.919116
3 11 28 -0.308613 0.940203 -0.144141 0.177392 -0.882956 -0.226808 0.411032 0.0333197 0.353761 0.25412 0.900153 0.983576
3 12 37 0.0673392 -0.896789 0.437304 0.329227 0.302897 0.435988 0.847448 -0.167275 -0.950641 0.0753918 0.300994 0.929316
3 13 44 0.0365261 0.535214 0.843926 -0.905872 -0.497023 0.742364 -0.449292 0.320016 -0.866968 -0.40304 0.293129 0.277463
3 14 52 0.93967 -0.0611991 0.336565 -0.0414853 0.0375887 -0.959437 -0.279404 0.516139 0.340012 0.275199 -0.899254 0.8555
3 15 45 0.668728 0.314055 -0.673924 0.809593 -0.266902 0.947395 0.176651 -0.1027 0.69395 0.0617398 0.717371 0.577938
3 16 39 -0.756642 0.545316 -0.360727 -0.00559755 0.228316 0.737349 0.635758 -0.284383 0.61267 0.398682 -0.682414 0.958695
3 17 23 -0.332379 -0.710542 0.620205 -0.304594 -0.774952 0.580556 0.249807 -0.336591 -0.537562 -0.397599 -0.743601 0.891027
3 18 30 -0.585025 0.511255 -0.629574 0.252188 0.282066 0.856081 0.433086 -0.203546 0.760384 0.0757844 -0.645037 0.946029
3 19 16 0.869169 0.493279 -0.0349563 0.450712 -0.44594 0.751277 -0.486539 0.0934999 -0.213737 0.438473 0.872959 -0.887759
3 20 0 1 0 0 0 0 1 0 0 0 0 1 0
3 21 31 0.713662 0.673905 0.191154 -0.477314 0.668106 -0.57282 -0.47488 0.579398 -0.210528 0.466615 -0.85904 0.660658
3 22 12 -0.31391 -0.944565 -0.0962217 0.195781 0.928006 -0.326658 0.179162 0.223371 -0.200661 -0.0330538 0.979103 -0.954869
3 23 0 1 0 0 0 0 1 0 0 0 0 1 0
3 24 31 0.232337 -0.377781 0.896271 0.38483 0.590992 0.786704 0.178397 -0.43636 -0.772494 0.488241 0.406046 0.813324
3 25 30 0.148056 -0.569718 0.808394 -0.368403 -0.614817 -0.693278 -0.375987 -0.212888 0.774648 -0.441347 -0.452916 0.904963
3 26 0 1 0 0 0 0 1 0 0 0 0 1 0
3 27 44 0.20036 -0.884866 0.420556 0.00933015 -0.426922 0.307506 0.850398 -0.467897 -0.881813 -0.34993 -0.316157 0.883734
3 28 28 0.774707 -0.45827 -0.43568 -0.457389 0.287218 0.868869 -0.403202 -0.0502679 0.563325 0.187228 0.804743 0.887845
3 29 31 -0.121793 -0.340721 0.932242 -0.825465 -0.713496 -0.622872 -0.320865 0.239186 0.689993 -0.70423 -0.167242 0.51127
3 30 16 0.00561797 -0.541264 -0.840834 -0.178599 0.473848 -0.739012 0.478884 -0.211624 -0.880589 -0.401118 0.252325 0.960894
3 31 16 -0.56321 0.706241 -0.428974 -0.182653 0.365394 0.678487 0.637293 1.80223e-05 0.741136 0.202185 -0.640186 0.983177
3 32 18 -0.580525 0.723207 -0.374116 0.0591855 -0.808693 -0.565658 0.16139 -0.143345 -0.094903 0.396236 0.913231 -0.987901
3 33 16 -0.954533 0.089479 -0.284359 0.0869899 -0.0537797 -0.989926 -0.130972 0.380421 -0.293214 -0.109724 0.94973 -0.920713
3 34 24 0.594158 -0.179618 -0.784036 -0.18983 0.126245 -0.941842 0.311442 0.142357 -0.794379 -0.284027 -0.536927 0.971442
3 35 11 -0.930848 -0.0652555 -0.359532 0.195709 0.24726 -0.836934 -0.488266 0.565271 -0.269042 -0.5434 0.795193 -0.801353
3 36 43 0.245782 0.968763 -0.0330043 -0.201699 0.94235 -0.230828 0.242269 -0.0857094 0.227083 -0.0906471 -0.969648 0.97569
3 37 27 0.208388 -0.312533 -0.926767 0.410677 -0.076351 0.93948 -0.333988 -0.0906891 0.975061 0.140359 0.171914 0.90726
3 38 29 -0.751635 0.529549 0.39322 -0.0947347 0.494214 0.846972 -0.195934 -0.330314 -0.436803 0.0470645 -0.898325 0.939105
3 39 12 -0.74859 -0.432342 0.502686 -0.147492 -0.420366 0.895785 0.144432 0.207465 -0.512743 -0.103192 -0.852318 0.96706
3 40 0 1 0 0 0 0 1 0 0 0 0 1 0
3 41 36 0.117642 0.918031 0.378655 -0.696492 0.312358 0.327742 -0.891638 0.658081 -0.942652 0.22317 -0.248198 0.286058
3 42 28 -0.637009 -0.35974 -0.681767 0.618546 -0.53736 0.841347 0.0581384 -0.434669 0.552688 0.403389 -0.729255 0.654571
3 43 11 0.758773 -0.65125 -0.0117419 0.426342 0.645936 0.750017 0.142271 0.16944 -0.0838472 -0.115536 0.989758 -0.888551
3 44 22 0.992935 -0.015926 0.117583 0.464345 -0.0470752 -0.962501 0.267163 -0.156449 0.108919 -0.270811 -0.956451 0.871727
3 45 23 -0.918757 -0.346021 -0.190145 -0.41979 0.355275 -0.934628 -0.015829 -0.328814 -0.172238 -0.0820968 0.981628 0.845966
3 46 23 -0.392479 -0.765929 -0.509228 0.436824 0.61997 -0.629278 0.468665 -0.36878 -0.67941 -0.131765 0.721831 0.820479
3 47 20 -0.755512 -0.653112 -0.051439 0.402547 0.592616 -0.714778 0.371346 -0.108768 -0.279298 0.250073 0.927069 0.908914
3 48 16 0.886784 0.0573494 -0.458612 0.322709 0.242151 -0.902831 0.35533 -0.568052 -0.393671 -0.426154 -0.814503 0.757084
3 49 12 -0.838548 0.468222 0.278577 0.416122 -0.544743 -0.71153 -0.443825 -0.238698 -0.00959245 -0.523921 0.851713 0.87742
3 50 43 -0.336311 0.352282 -0.87338 0.429209 0.0199909 0.929862 0.367366 -0.326192 0.941539 0.10609 -0.319765 0.842246
3 51 13 -0.775899 -0.428847 -0.462678 0.169155 0.138102 -0.831086 0.538725 0.254009 -0.615556 0.354099 0.704063 0.952295
3 52 0 1 0 0 0 0 1 0 0 0 0 1 0
3 53 30 -0.434123 0.427097 -0.793174 0.478335 0.637796 0.767525 0.0642049 0.0675869 0.636203 -0.47801 -0.6056 0.875573
3 54 13 0.109993 -0.991641 0.0674469 0.215274 0.993301 0.107253 -0.0430012 0.244223 0.0354079 0.071725 0.996796 -0.945522
3 55 13 0.952808 0.0837421 0.291794 0.135816 -0.285629 0.572868 0.76827 -0.709066 -0.102823 -0.815359 0.569752 -0.691939
3 56 31 0.535849 0.398509 -0.74435 0.847199 -0.58522 0.810774 0.0127777 -0.431321 0.608592 0.428762 0.667667 0.310186
3 57 20 -0.0286668 -0.984568 -0.17264 0.146469 0.997255 -0.0163749 -0.0722076 0.302664 0.0682663 -0.174237 0.982335 0.941776
3 58 11 0.23495 -0.840978 0.487396 -0.178203 0.954933 0.29328 0.0457135 0.0244362 -0.181388 0.45469 0.871984 -0.98369
3 59 31 -0.280208 0.607202 -0.743498 0.477946 0.775936 0.599268 0.196979 -0.194978 0.565161 -0.521712 -0.639069 0.856476
3 60 39 -0.329133 -0.389533 -0.860195 0.402947 -0.259225 0.913225 -0.314361 -0.00724787 0.908005 0.119517 -0.401549 0.915195
3 61 16 0.75136 0.627703 -0.203585 0.133185 -0.615658 0.777853 0.126134 0.31123 0.237534 0.0305667 0.970898 0.940956
3 62 0 1 0 0 0 0 1 0 0 0 0 1 0
3 63 10 -0.855908 -0.336991 0.392249 -0.115532 0.429172 -0.88606 0.175239 -0.38477 0.288503 0.31833 0.903013 -0.915753
3 64 20 0.205205 -0.978709 0.00442621 0.304505 -0.974142 -0.203807 0.0975246 -0.101898 -0.0945462 -0.0243243 -0.995223 0.947045
3 65 17 -0.450792 -0.846016 0.284682 0.158262 0.478103 0.0404801 0.87737 -0.876613 -0.753793 0.531619 0.386235 -0.454425
3 66 17 -0.999328 0.0356506 0.00855743 -0.00835274 0.0286568 0.905108 -0.424214 0.113914 -0.0228689 -0.423684 -0.905521 0.993456
3 67 35 -0.759124 0.090177 -0.64467 0.33945 0.29609 0.92981 -0.218594 0.10457 0.579709 -0.35682 -0.732542 0.934793
4 5 167 0.998206 0.00639303 -0.0595353 0.908775 -0.007163 0.999893 -0.0127286 0.0379509 0.0594476 0.0131322 0.998145 -0.415557
4 6 46 0.999527 0.0194033 -0.0238645 -0.974005 -0.01826 0.998717 0.0472254 -0.051668 0.0247502 -0.0467673 0.998599 0.220554
4 7 75 0.983907 0.0470743 -0.172371 0.977058 -0.0461701 0.998891 0.00925368 0.0599904 0.172616 -0.00114636 0.984989 -0.204348
4 8 34 -0.619127 0.42332 -0.661425 0.365288 -0.0507332 0.818946 0.571624 -0.380502 0.783651 0.387464 -0.485555 0.849578
4 9 25 0.850783 -0.418974 -0.31722 0.488651 0.427534 0.902838 -0.0457954 0.311929 0.305585 -0.0966604 0.947246 -0.814813
4 10 33 -0.847376 -0.328844 -0.416912 0.117456 -0.403084 0.909471 0.101914 -0.0964496 0.345656 0.25441 -0.903215 0.988383
4 11 49 0.591763 0.0621337 0.803714 -0.942741 0.250964 0.933276 -0.256931 0.13391 -0.76605 0.353746 0.536685 0.305464
4 12 13 -0.921369 -0.304701 -0.241324 -0.254249 0.380873 -0.831641 -0.404115 0.326536 -0.0775602 -0.464253 0.8823 -0.910347
4 13 34 -0.0876267 -0.300824 0.949645 -0.110438 -0.0141001 -0.952842 -0.303138 0.318863 0.996054 -0.0399531 0.0792528 0.941345
4 14 32 -0.0451706 0.920507 -0.388106 0.375791 0.696787 0.307427 0.648056 -0.166681 0.715854 -0.241154 -0.655284 0.911591
4 15 20 0.277792 -0.958953 0.0569192 -0.462867 0.81313 0.203173 -0.545472 0.158967 0.511518 0.197811 0.836194 -0.872057
4 16 54 0.631887 0.413685 -0.655426 0.622479 -0.226943 0.907336 0.353891 -0.177234 0.741091 -0.074875 0.667217 0.762304
4 17 52 0.226152 0.331547 -0.915932 0.592276 -0.143645 0.941364 0.305286 -0.189889 0.963442 0.0625281 0.260517 0.78304
4 18 17 -0.979557 0.0517396 0.1944 -0.276873 -0.131325 -0.896504 -0.423125 -0.22013 0.152388 -0.440004 0.884971 0.935352
4 19 30 -0.102906 -0.884155 -0.45572 0.157964 -0.571571 -0.3224 0.754563 -0.269007 -0.814075 0.338125 -0.47218 0.950096
4 20 29 0.432135 0.421319 0.797339 -0.76006 0.684091 0.422952 -0.594248 -0.217037 -0.587604 0.802248 -0.105448 0.612539
4 21 0 1 0 0 0 0 1 0 0 0 0 1 0
4 22 40 -0.0892435 0.16354 0.982492 -0.700995 0.732923 0.678727 -0.0464029 -0.180777 -0.674433 0.71595 -0.180434 0.689874
4 23 24 0.238785 0.937462 -0.253272 0.340552 0.833269 -0.0638789 0.549165 -0.0186733 0.498642 -0.342176 -0.796412 0.94004
4 24 28 0.0614324 0.913792 0.40151 -0.0512929 0.972793 0.0352135 -0.228983 -0.245504 -0.223381 0.404653 -0.886767 0.968038
4 25 20 -0.440919 -0.464114 -0.768237 -0.112586 -0.331431 0.879627 -0.341188 -0.10913 0.834112 0.104181 -0.541667 0.987631
4 26 0 1 0 0 0 0 1 0 0 0 0 1 0
4 27 21 -0.881647 0.468395 -0.0574796 -0.456163 -0.46255 -0.881866 -0.0914294 0.00563871 -0.0935144 -0.0540213 0.994151 -0.889878
4 28 18 0.832955 -0.123186 -0.539455 0.0650247 0.380614 0.835191 0.396975 -0.302224 0.401646 -0.535986 0.742563 -0.951017
4 29 20 -0.548958 -0.556482 -0.623678 0.636902 -0.693288 -0.113659 0.711641 -0.216298 -0.466902 0.823049 -0.323408 0.73998
4 30 19 -0.110011 -0.778533 0.617887 -0.75901 -0.953143 0.258894 0.156502 -0.0233759 -0.281809 -0.571717 -0.770534 0.650659
4 31 18 -0.056343 0.74349 0.666369 -0.565318 -0.913708 0.230635 -0.334583 -0.0944368 -0.402448 -0.627718 0.666338 -0.819449
4 32 17 0.653487 0.698453 0.29175 -0.448802 -0.570356 0.707761 -0.416855 0.277829 -0.497643 0.106008 0.86088 -0.849346
4 33 18 0.666162 0.698428 0.261585 -0.323234 -0.595369 0.709249 -0.377495 -0.0446882 -0.449182 0.095733 0.888297 -0.945263
4 34 16 -0.443553 0.676491 -0.587895 -0.309805 -0.0932189 0.617571 0.780971 -0.433607 0.891387 0.401205 -0.210864 0.846171
4 35 16 0.69854 0.364136 -0.615992 -0.255241 -0.405991 0.910554 0.0778648 -0.354786 0.589248 0.195695 0.783894 0.899433
4 36 21 0.559409 -0.78504 -0.266032 0.299804 -0.825702 -0.499649 -0.261852 0.0199385 0.0726418 0.366145 -0.927718 0.953792
4 37 31 0.874421 -0.260987 0.40899 -0.00632497 -0.130351 -0.93837 -0.320109 -0.0602755 0.467329 0.226598 -0.854551 0.998162
4 38 31 0.554924 0.129859 -0.821703 0.984499 -0.816472 0.274367 -0.508031 0.174747 0.159475 0.952817 0.258279 -0.0150232
4 39 0 1 0 0 0 0 1 0 0 0 0 1 0
4 40 34 0.368523 -0.839877 -0.398494 0.00849305 -0.591383 -0.542547 0.596581 -0.424265 -0.717256 0.0158093 -0.69663 0.905498
4 41 14 -0.985961 -0.0895846 -0.140913 0.492917 0.16635 -0.600145 -0.782403 0.421396 -0.014477 -0.794859 0.606621 -0.761221
4 42 22 0.0465359 -0.752996 -0.656377 0.696382 0.692493 -0.449248 0.564473 -0.102824 -0.719922 -0.480805 0.500538 -0.710267
4 43 18 -0.595692 0.119444 -0.794282 0.494546 -0.213848 0.929604 0.300174 -0.265182 0.774222 0.348667 -0.528215 0.827709
4 44 18 -0.904574 -0.361449 -0.226056 0.534312 -0.38722 0.474771 0.79035 -0.230187 -0.178346 0.802463 -0.569426 0.813341
4 45 15 -0.674371 0.238179 -0.698924 0.43979 -0.0482656 -0.958742 -0.28015 0.356395 -0.736813 -0.155191 0.658044 -0.824359
4 46 17 -0.495509 0.499673 -0.710491 0.456762 0.244281 0.865121 0.438056 -0.31308 0.833545 0.0435014 -0.550736 0.832676
4 47 12 -0.924919 -0.290942 0.244699 -0.0809039 0.239787 -0.945949 -0.218362 0.117359 0.295004 -0.143292 0.944691 0.989789
4 48 19 -0.578488 -0.339457 -0.741701 0.79396 0.797335 -0.427144 -0.426386 -0.0972553 -0.172073 -0.838043 0.517759 -0.600141
4 49 19 -0.566876 0.599326 -0.565207 0.384572 0.274802 0.784368 0.556103 -0.123202 0.776618 0.159922 -0.609335 0.914836
4 50 0 1 0 0 0 0 1 0 0 0 0 1 0
4 51 26 0.950202 -0.167271 0.262938 -0.0967529 -0.0979833 -0.961309 -0.257457 -0.0656074 0.29583 0.218873 -0.929828 0.993144
4 52 11 0.677191 0.289303 0.676547 -0.785635 -0.655107 0.65571 0.375338 -0.0574747 -0.335032 -0.697386 0.633566 -0.616015
4 53 15 -0.876157 -0.429014 -0.219764 -0.253928 0.345922 -0.877123 0.333156 -0.295352 -0.335688 0.215875 0.916903 -0.921026
4 54 16 -0.351177 0.933048 0.0780795 0.425233 0.866871 0.355516 -0.349491 -0.0827007 -0.35385 -0.0550483 -0.933681 0.901298
4 55 13 0.873474 -0.0916297 -0.478171 0.302003 -0.218662 -0.951337 -0.21713 -0.0311002 -0.435006 0.294215 -0.851004 0.9528
4 56 13 0.978353 0.062876 0.19716 0.411836 -0.0426523 0.993536 -0.105197 -0.207411 -0.2025 0.0945104 0.974711 0.88734
4 57 0 1 0 0 0 0 1 0 0 0 0 1 0
4 58 23 -0.705216 0.0365476 -0.70805 0.316316 -0.44472 0.754975 0.48191 -0.392622 0.552173 0.654735 -0.516167 0.863593
4 59 27 -0.78008 0.335792 -0.527938 0.306268 0.131619 0.912972 0.386211 -0.235243 0.61168 0.231789 -0.756387 0.922421
4 60 16 0.520917 -0.853259 -0.0243868 0.344971 0.839765 0.507136 0.193926 -0.34352 -0.153102 -0.121499 0.980713 0.873493
4 61 14 0.488694 -0.597837 -0.635428 0.709904 0.864704 0.428762 0.261628 0.151387 0.116037 -0.677314 0.726486 -0.687836
4 62 0 1 0 0 0 0 1 0 0 0 0 1 0
4 63 19 -0.519503 0.854116 0.0245632 -0.118198 0.709312 0.415043 0.569751 -0.200524 0.476438 0.31341 -0.82145 0.972532
4 64 11 0.713602 0.497691 0.493027 -0.0964591 -0.309501 0.855337 -0.415461 0.339041 -0.628476 0.143881 0.764406 -0.935813
4 65 20 -0.573814 -0.594607 -0.563188 0.112446 -0.556569 0.787588 -0.264455 0.174989 0.600806 0.161705 -0.782869 0.978128
4 66 23 -0.417058 -0.452594 -0.788176 0.365046 -0.445027 -0.654437 0.61128 -0.163108 -0.792473 0.605699 0.0715216 0.91659
4 67 10 0.714491 0.0328136 0.698874 -0.311226 0.114629 0.979911 -0.163199 0.182095 -0.69019 0.196716 0.696377 -0.932727
5 6 66 0.998174 0.052448 -0.0299612 0.619324 -0.0520266 0.998538 0.0146761 0.246614 0.0306871 -0.0130905 0.999443 -0.745399
5 7 90 0.986808 0.0555849 -0.152051 0.959525 -0.0550134 0.998454 0.0079657 0.105058 0.152259 0.000504232 0.988341 -0.261296
5 8 36 0.987589 0.142698 -0.0656111 0.886888 -0.149277 0.982694 -0.109676 0.0411789 0.0488252 0.118109 0.9918 -0.460145
5 9 31 0.430357 0.618117 -0.657818 -0.347157 -0.463674 0.77664 0.426423 -0.285552 0.774467 0.121499 0.620837 0.893276
5 10 38 0.932156 0.0441684 -0.359353 0.952002 0.162404 0.836069 0.524036 -0.295886 0.323589 -0.546843 0.772174 -0.0783886
5 11 37 0.740477 -0.0998667 -0.66462 0.952798 0.00733367 0.99004 -0.140594 0.283961 0.672042 0.0992326 0.733834 -0.107433
5 12 48 0.92952 -0.283324 -0.236053 0.741169 0.249775 0.954617 -0.162233 0.023625 0.271304 0.091839 0.958102 0.670903
5 13 15 -0.0333895 0.989184 0.142826 0.0940515 -0.975265 -0.0634903 0.211726 -0.385313 0.218504 -0.132224 0.966836 -0.917981
5 14 29 0.188191 -0.516247 -0.835508 0.76118 0.164208 -0.822194 0.545007 -0.59106 -0.968308 -0.239762 -0.0699579 -0.266933
5 15 18 0.996982 0.0719449 -0.0291557 -0.992905 -0.0719043 0.997409 0.00244042 -0.0495089 0.0292557 -0.000336637 0.999572 -0.10811
5 16 52 0.0329301 0.262359 -0.964408 0.634245 -0.250008 0.936418 0.246208 -0.178782 0.967684 0.233002 0.0964281 0.752177
5 17 27 -0.247088 -0.294458 -0.92317 0.879923 0.803045 -0.595393 -0.0250276 -0.269818 -0.542279 -0.747531 0.383577 -0.391068
5 18 30 0.316888 0.845643 0.4295 -0.125873 0.947316 -0.259927 -0.187165 -0.165646 -0.0466358 0.466182 -0.883459 0.978119
5 19 28 -0.966235 -0.203008 0.158677 0.0166094 -0.120206 0.899861 0.419287 -0.177956 -0.227906 0.386055 -0.893879 0.983898
5 20 14 -0.0310011 0.996081 -0.082836 -0.365863 -0.9913 -0.020034 0.130088 -0.289707 0.127918 0.0861482 0.988036 0.884429
5 21 30 -0.376794 0.713077 0.591226 -0.354388 0.924776 0.253018 0.284203 -0.284725 0.0530683 0.653837 -0.754772 0.890697
5 22 10 0.402992 0.844281 0.353252 -0.236026 -0.908583 0.322732 0.265179 0.224663 0.10988 -0.427824 0.897158 -0.94542
5 23 0 1 0 0 0 0 1 0 0 0 0 1 0
5 24 15 0.853678 0.321043 0.41008 0.105672 -0.192238 0.926043 -0.324791 0.386569 -0.484024 0.198434 0.852259 -0.916187
5 25 24 -0.963649 -0.227975 0.13931 -0.376376 -0.227471 0.973585 0.0197419 -0.162025 -0.140131 -0.0126647 -0.990052 0.912189
5 26 14 -0.0661823 0.837688 0.542124 0.0421094 -0.762371 -0.392978 0.514158 -0.14331 0.643747 -0.379272 0.664638 0.988782
5 27 26 0.968274 0.222959 -0.112845 -0.0427788 0.191882 -0.952665 -0.23582 -0.112501 -0.160081 0.206686 -0.965223 0.99273
5 28 12 -0.877089 -0.393349 -0.275664 -0.454633 0.464367 -0.547685 -0.695992 -0.309983 0.122791 -0.738456 0.663027 0.834997
5 29 11 0.648546 0.643192 0.407053 0.353731 -0.681519 0.252505 0.686858 -0.250561 0.338998 -0.722873 0.602109 0.901162
5 30 0 1 0 0 0 0 1 0 0 0 0 1 0
5 31 11 0.444448 -0.765313 0.465577 -0.365677 0.696374 0.622104 0.357841 0.010771 -0.563498 0.165174 0.809437 -0.930679
5 32 26 0.594611 0.282723 -0.752666 0.464918 0.164637 -0.959114 -0.230207 0.0168004 -0.786977 0.0129669 -0.616846 0.885194
5 33 13 -0.537891 0.771987 0.338687 -0.397106 -0.801438 -0.343666 -0.489481 -0.0190943 -0.261478 -0.534724 0.803555 -0.917574
5 34 18 -0.921686 0.27732 0.271273 0.175301 0.369545 0.840395 0.396451 -0.279454 -0.118033 0.465651 -0.877062 0.944021
