0 1 229 0.999164 0.0090293 -0.0398808 0.984303 -0.00974315 0.999795 -0.0177417 -0.076099 0.0397124 0.0181155 0.999047 0.159238
0 2 101 0.995472 0.0418674 -0.08534 0.96675 -0.0452717 0.998238 -0.0383534 0.0386699 0.0835839 0.0420432 0.995613 -0.252785
0 3 100 0.985213 0.0524839 -0.163096 0.932902 -0.0531025 0.998589 0.000567467 0.0547833 0.162896 0.00810174 0.98661 -0.35594
0 4 60 0.980597 0.0970101 -0.170348 0.891526 -0.0960242 0.99528 0.0140369 0.102796 0.170906 0.002593 0.985284 -0.441151
0 5 65 0.702458 0.203019 -0.682156 0.813083 -0.223228 0.972937 0.059688 -0.146997 0.675812 0.110348 0.728767 0.563283
0 6 41 0.959628 0.115754 -0.256351 0.975157 -0.109595 0.993241 0.038233 0.0190922 0.259044 -0.00859461 0.965827 -0.22069
0 7 20 -0.784115 0.606522 -0.131508 -0.114103 -0.56092 -0.783278 -0.268039 0.086999 -0.265579 -0.136408 0.95439 0.989652
0 8 26 0.0302659 0.999193 -0.0264097 0.308415 0.957003 -0.0365937 -0.287759 -0.156364 -0.288494 -0.0165648 -0.957339 0.938312
0 9 19 -0.72878 -0.0480062 -0.683063 0.460862 0.299224 -0.919583 -0.254623 0.296303 -0.615909 -0.389953 0.684538 -0.836547
0 10 32 -0.448202 0.650116 -0.613567 0.258528 0.31939 0.757524 0.569339 -0.129591 0.834928 0.0592116 -0.547164 0.957272
0 11 56 -0.0790397 0.841074 0.535114 -0.227786 0.574834 -0.400106 0.71378 -0.372935 0.814444 0.364019 -0.451854 0.899463
0 12 47 0.806678 0.543777 -0.23147 0.811374 -0.554809 0.831728 0.0204033 -0.189021 0.203614 0.111962 0.972628 -0.553122
0 13 38 -0.799918 -0.0377723 -0.598919 0.404787 -0.247741 0.929789 0.272245 -0.137317 0.546585 0.36615 -0.753113 0.904042
0 14 53 0.885407 -0.441966 0.143946 0.157823 -0.297403 -0.776656 -0.555298 0.305167 0.35722 0.448855 -0.819099 0.93913
0 15 33 -0.877246 0.0245505 -0.479412 0.281813 -0.111432 0.960997 0.253116 -0.152493 0.466928 0.275467 -0.840295 0.947274
0 16 33 -0.979071 0.183185 -0.0886745 0.168267 0.193425 0.973058 -0.125478 0.10305 0.0632998 -0.140003 -0.988126 0.98034
0 17 12 -0.0752999 -0.944925 0.318507 -0.409936 0.981083 -0.0130768 0.193147 0.217745 -0.178345 0.327026 0.928034 -0.885743
0 18 13 0.993145 0.0883826 0.0765011 0.109503 -0.0862652 0.995803 -0.0305593 0.22907 -0.0788809 0.0237504 0.996601 -0.967231
0 19 19 0.779272 -0.513864 -0.35872 0.0793424 0.511036 0.852379 -0.110869 -0.250765 0.362737 -0.0969214 0.926838 0.964791
0 20 27 0.51078 0.513444 0.68955 -0.399426 0.399148 -0.852015 0.338749 -0.270147 0.761436 0.102206 -0.640132 0.876059
0 21 44 -0.931586 -0.315246 0.181017 -0.39924 -0.179222 0.831528 0.525777 -0.253915 -0.31627 0.457364 -0.831139 0.880985
0 22 21 -0.0586745 -0.77674 0.627082 0.117748 -0.767507 0.436781 0.469208 -0.282297 -0.63835 -0.453759 -0.621781 0.952073
0 23 15 0.958203 -0.0417923 0.283019 0.103218 -0.0327625 0.966734 0.253676 0.0694335 -0.284206 -0.252346 0.924959 -0.992232
0 24 45 0.439266 -0.831745 -0.339478 0.22669 -0.653991 -0.0369909 -0.755597 0.202436 0.615907 0.553923 -0.560203 0.952697
0 25 33 -0.534564 0.650668 -0.539326 -0.346815 -0.400164 -0.756961 -0.516603 -0.140615 -0.744386 -0.0603384 0.665018 0.927333
0 26 17 -0.876524 0.424796 0.226394 0.429432 -0.481324 -0.767822 -0.42282 -0.148508 -0.0057818 -0.479581 0.877478 0.890805
0 27 39 0.9464 -0.193196 0.258847 -0.0992266 -0.176022 -0.980428 -0.0881877 -0.248633 0.270819 0.037898 -0.961884 0.963502
0 28 29 0.736108 -0.551242 -0.392782 -0.450265 0.59329 0.804796 -0.0175967 -0.349992 0.325809 -0.220081 0.919463 0.821442
0 29 12 0.0802069 0.800346 0.594149 -0.402916 -0.730541 0.452725 -0.511223 0.309518 -0.678142 -0.393047 0.620998 -0.861311
0 30 14 -0.969085 0.243029 0.0425534 -0.394091 -0.239189 -0.883095 -0.403648 -0.232778 -0.0605197 -0.401348 0.913924 0.889105
0 31 26 0.614883 -0.781331 -0.106964 0.41958 0.786592 0.597918 0.154165 0.264414 -0.0564978 -0.17893 0.982238 -0.868353
0 32 17 -0.772394 0.588496 -0.238912 -0.103184 -0.303869 -0.672706 -0.674633 -0.261502 -0.557737 -0.448485 0.69842 0.959672
0 33 13 0.982663 0.185062 -0.0112066 0.165588 -0.184923 0.974001 -0.130866 0.275368 -0.0133031 0.130669 0.991337 -0.94697
0 34 22 0.998171 -0.0201769 0.0569785 -0.43822 0.0178077 0.998968 0.0417874 -0.286765 -0.0577629 -0.0406964 0.997501 0.851897
0 35 25 0.995839 0.0756704 0.0507842 0.424132 -0.0773735 0.996474 0.0324513 0.243411 -0.0481495 -0.0362456 0.998182 -0.872275
0 36 20 0.927327 0.304053 -0.218212 -0.163848 -0.358683 0.88847 -0.286301 -0.204959 0.106824 0.343763 0.932961 0.964959
0 37 11 0.990999 -0.0547274 0.122169 0.0476235 0.0663519 0.993434 -0.0932039 0.0714514 -0.116266 0.100471 0.988123 -0.996307
0 38 35 -0.156101 -0.65975 -0.735093 0.383479 -0.970024 0.24272 -0.0118524 -0.271234 0.186242 0.711208 -0.677862 0.882823
0 39 28 -0.705835 -0.578311 -0.409088 -0.0910967 -0.684585 0.705294 0.184129 -0.230469 0.182044 0.41002 -0.893725 0.968806
0 40 18 -0.855649 0.00711449 -0.517508 0.222807 -0.285793 0.827141 0.483901 -0.386824 0.431495 0.56195 -0.705709 0.894832
0 41 29 0.283071 -0.719969 -0.633653 -0.202981 0.863726 -0.0958532 0.494762 -0.347418 -0.416951 -0.687355 0.594723 0.915478
0 42 46 -0.998243 -0.0405973 0.0431507 -0.351072 0.014689 -0.875179 -0.483577 -0.0447343 0.0573965 -0.482094 0.874238 0.935279
0 43 26 0.606311 -0.639711 0.472395 -0.334421 -0.656611 -0.737832 -0.156414 -0.255526 0.448608 -0.215345 -0.867397 0.907121
0 44 30 0.965 0.0487171 -0.257685 0.486599 0.0584239 -0.997837 0.030143 -0.165263 -0.255659 -0.044143 -0.965759 0.857851
0 45 24 -0.507652 0.857389 0.0846944 -0.334018 -0.859937 -0.498205 -0.110908 -0.359479 -0.052896 -0.129134 0.990215 0.871325
0 46 31 -0.00930662 0.0752597 0.997121 -0.832821 0.383887 -0.920485 0.0730585 -0.177672 0.923333 0.383462 -0.0203246 0.524253
0 47 11 0.583758 0.28752 0.759315 0.299482 -0.370172 0.926596 -0.0662753 -0.146589 -0.722634 -0.242388 0.647339 0.942774
0 48 28 0.116919 0.953528 -0.277694 0.465237 0.492996 0.187005 0.849696 -0.499358 0.86214 -0.236247 -0.448221 0.730887
0 49 48 0.135213 0.988669 -0.0651968 0.384732 -0.968598 0.145751 0.201429 -0.633211 0.208649 0.0359137 0.977331 -0.671584
0 50 18 -0.727417 0.620801 0.292354 -0.374212 -0.686156 -0.653484 -0.319606 -0.203791 -0.00736318 -0.433088 0.901322 -0.904674
0 51 15 -0.837282 0.420558 -0.349412 0.129483 -0.148766 -0.790162 -0.59457 0.362486 -0.526143 -0.445842 0.724153 -0.922951
0 52 37 -0.527185 0.495104 -0.690614 0.524306 -0.243907 0.690361 0.681111 -0.450297 0.813994 0.527517 -0.243189 0.722728
0 53 37 0.739096 -0.67348 -0.0126952 0.00137887 -0.647126 -0.704691 -0.290927 0.0163509 0.186987 0.223239 -0.956661 0.999865
0 54 30 -0.932876 -0.205958 0.295505 -0.132593 0.0359967 0.762985 0.645413 -0.376126 -0.358394 0.612728 -0.704357 0.917032
0 55 30 -0.465043 -0.0286118 -0.884826 0.466887 -0.504406 0.829942 0.238266 -0.200534 0.727537 0.557115 -0.400391 0.86128
0 56 20 -0.736381 0.102671 -0.668731 0.417377 -0.190549 0.916934 0.350603 -0.194123 0.64918 0.385604 -0.655649 0.887757
0 57 22 -0.459522 -0.888016 -0.0163721 -0.421686 0.882929 -0.454735 -0.116839 0.270267 0.0963097 -0.0681454 0.993016 -0.865527
0 58 31 -0.765342 0.269509 -0.58448 0.362869 -0.100929 0.846618 0.522544 -0.199614 0.635661 0.458916 -0.620751 0.910209
0 59 0 1 0 0 0 0 1 0 0 0 0 1 0
0 60 28 -0.700836 -0.248387 -0.66868 0.337969 -0.585608 0.735598 0.340526 -0.242687 0.407298 0.630237 -0.660992 0.909329
0 61 27 0.106669 0.962235 -0.250449 0.359401 0.796371 0.0681339 0.600958 -0.191862 0.595327 -0.263554 -0.759029 0.913247
0 62 15 -0.753156 0.542237 0.372473 0.36558 -0.615496 -0.7807 -0.108035 -0.203017 0.23221 -0.310623 0.921733 0.90837
0 63 15 -0.871697 -0.486476 -0.0590401 0.367578 0.489751 -0.869005 -0.0705314 -0.213832 -0.0169943 -0.0903969 0.995761 0.905076
0 64 29 0.915169 -0.398152 -0.062782 0.355924 -0.39877 -0.871658 -0.284948 -0.210181 0.0587281 0.285811 -0.956485 0.910572
0 65 33 -0.591752 0.771184 0.234745 -0.201212 0.72908 0.387771 0.563982 -0.270618 0.343907 0.504885 -0.791719 0.941424
0 66 16 0.989292 -0.0486284 0.137608 0.256999 0.0326634 0.992714 0.115984 0.308592 -0.142245 -0.110248 0.983673 -0.915818
0 67 29 -0.596535 -0.41994 -0.683957 0.164625 -0.377635 0.898825 -0.222499 0.27938 0.708193 0.125558 -0.694764 0.945963
1 2 136 0.997231 0.0382259 -0.0637873 0.867895 -0.0395978 0.999008 -0.0203834 0.0748397 0.0629448 0.0228528 0.997755 -0.491078
1 3 126 0.98652 0.0507705 -0.155567 0.960304 -0.0489053 0.998679 0.0157961 0.0859548 0.156164 -0.00797505 0.987699 -0.265382
1 4 150 -0.27417 -0.746714 -0.606011 -0.0815491 -0.636771 0.613186 -0.467468 0.11584 0.720662 0.257724 -0.643603 0.989915
1 5 80 0.952938 0.109651 -0.282641 0.992221 -0.107941 0.993921 0.0216661 0.028412 0.283299 0.00986202 0.958981 -0.121199
1 6 44 -0.471948 0.829324 0.299143 0.237556 -0.881126 -0.432262 -0.191747 0.166485 -0.0297123 -0.354077 0.934744 0.957
1 7 91 -0.0412087 -0.645841 -0.762359 -0.114103 -0.997794 0.0663426 -0.00226786 0.086999 0.0520415 0.760584 -0.64715 0.989652
1 8 14 0.0822614 0.73791 0.669868 -0.342329 -0.807874 0.442962 -0.388747 0.279908 -0.583587 -0.509189 0.632576 -0.896918
1 9 21 0.54168 -0.725271 0.42493 -0.392638 0.799001 0.601281 0.00773946 0.268792 -0.261115 0.335327 0.905193 -0.879538
1 10 83 0.51185 0.543453 -0.665333 0.272653 -0.193497 0.827507 0.527059 -0.150681 0.836999 -0.141035 0.528716 0.95024
1 11 102 -0.0429057 -0.931722 -0.360629 0.179677 -0.773985 0.259245 -0.577702 0.0397124 0.631749 0.254335 -0.732261 0.982924
1 12 78 -0.834188 0.485006 -0.262487 0.220699 0.550609 0.705738 -0.445828 0.026974 -0.0309824 -0.516433 -0.855767 0.974969
1 13 69 -0.769604 0.58711 -0.251021 0.17323 -0.573342 -0.808442 -0.133046 0.291442 -0.281048 0.0415278 0.958795 0.940772
1 14 144 -0.376923 0.54416 -0.749546 0.404734 0.371778 0.830065 0.41566 -0.161117 0.848357 -0.121992 -0.515177 0.900129
1 15 37 0.943971 -0.246976 0.218908 -0.987652 0.246784 0.968646 0.0286684 -0.15081 -0.219125 0.0269609 0.975324 -0.042414
1 16 29 -0.858724 0.508989 0.0593577 -0.155218 -0.506815 -0.860697 0.0483711 -0.450328 0.0757093 0.0114541 0.997064 -0.879268
1 17 72 0.981364 -0.188946 -0.0349949 0.262337 -0.187174 -0.898705 -0.396605 0.095792 0.043487 0.395764 -0.917322 0.96021
1 18 38 -0.835185 0.504386 -0.219229 0.19732 0.245436 0.698552 0.67215 -0.326087 0.492166 0.507563 -0.707215 0.924517
1 19 73 0.990121 0.0812631 -0.114266 0.403627 -0.0747608 0.995389 0.0600896 -0.260145 0.118622 -0.0509534 0.991631 0.87716
1 20 59 0.399495 0.480676 0.780612 -0.399426 0.168459 -0.875504 0.452895 -0.270147 0.901125 -0.0494279 -0.430733 0.876059
1 21 111 0.331869 -0.770905 0.543661 -0.39924 0.178755 0.617275 0.766171 -0.253915 -0.926234 -0.157086 0.342658 0.880985
1 22 36 -0.980317 -0.0853237 0.17804 -0.417957 0.0381388 0.802961 0.59481 -0.256404 -0.19371 0.589892 -0.783903 0.871532
1 23 18 -0.996215 0.00253933 0.0868864 0.291481 -0.0378113 -0.912708 -0.406859 -0.0137249 0.0782688 -0.408604 0.90935 0.956478
1 24 63 0.715935 -0.681674 0.150857 0.22799 -0.591034 -0.706776 -0.388775 0.203982 0.37164 0.189176 -0.908898 0.952057
1 25 59 -0.222592 0.713469 -0.66439 -0.390525 -0.252494 -0.700424 -0.667572 -0.294005 -0.941647 0.0191582 0.336055 0.872383
1 26 44 0.442948 0.227624 -0.867171 0.429432 0.872172 -0.333409 0.357986 -0.148508 -0.207636 -0.914891 -0.34621 0.890805
1 27 115 0.474538 -0.79085 0.386485 -0.0947584 0.307501 0.560348 0.76906 -0.276771 -0.824777 -0.246103 0.509094 0.956252
1 28 48 -0.264386 0.961868 -0.070071 -0.460239 -0.904391 -0.222043 0.364381 -0.0527412 0.334928 0.159709 0.92861 0.886227
1 29 28 -0.64777 -0.457578 -0.609111 -0.470382 0.645645 -0.754134 -0.120101 -0.0196239 -0.404396 -0.471067 0.783939 0.882245
1 30 18 0.264359 0.775693 0.573075 -0.395058 -0.903966 0.406377 -0.133057 -0.233242 -0.336096 -0.482865 0.808629 0.888554
1 31 35 0.141441 -0.976622 -0.161874 0.0250092 -0.787569 -0.0119415 -0.61611 0.376415 0.599774 0.21463 -0.770847 0.926114
1 32 43 -0.873855 0.43837 0.210259 -0.103404 -0.373483 -0.328392 -0.867565 -0.403721 -0.311268 -0.836654 0.450691 0.90902
1 33 56 0.227269 0.846268 0.48185 -0.217308 0.767038 -0.460416 0.446844 -0.385113 0.600001 0.268043 -0.753758 0.89692
1 34 64 -0.301276 -0.280074 0.911478 -0.362623 0.93824 0.0834632 0.335768 -0.224533 -0.170115 0.956343 0.237631 0.904483
1 35 20 0.993934 0.00310726 0.109935 0.392117 -0.0154967 0.993585 0.112023 0.208109 -0.108882 -0.113047 0.987606 -0.896066
1 36 86 -0.805029 -0.215377 0.552757 -0.163848 0.139886 0.836575 0.529692 -0.204959 -0.576506 0.503741 -0.643339 0.964959
1 37 38 -0.880971 -0.133446 -0.453963 0.485172 -0.344154 0.839134 0.421203 -0.169928 0.324728 0.5273 -0.785179 0.857749
1 38 88 -0.405145 -0.768599 0.495089 -0.296991 0.48792 -0.639731 -0.593867 -0.341525 0.77317 0.000961736 0.634199 0.891716
1 39 27 -0.239832 -0.836352 -0.492947 -0.0141537 0.892526 0.00981443 -0.450889 -0.0193325 0.38194 -0.548106 0.744112 0.999713
1 40 25 -0.0600029 -0.997315 0.0419716 -0.261354 -0.991003 0.0645571 0.11724 -0.362752 -0.119635 -0.0345592 -0.992216 0.894486
1 41 78 -0.224301 -0.320643 0.920259 -0.423949 0.256175 -0.93051 -0.261776 -0.0801495 0.940246 0.177031 0.290855 0.902133
1 42 93 -0.0702779 -0.723151 0.687105 -0.351072 0.911669 -0.326133 -0.249995 -0.0447343 0.404872 0.608843 0.682194 0.935279
1 43 44 0.151356 -0.968435 0.198051 -0.291414 -0.980595 -0.121849 0.153575 -0.392753 -0.124596 -0.217453 -0.968086 0.872252
1 44 58 0.194883 0.64393 0.739848 0.498651 -0.744547 0.588158 -0.315785 -0.18731 -0.638491 -0.48931 0.594057 0.846323
1 45 45 0.657817 0.0897735 -0.747808 -0.334018 -0.723999 -0.19831 -0.66068 -0.359479 -0.207609 0.976019 -0.0654559 0.871325
1 46 26 -0.488607 0.872502 0.0016263 0.394189 -0.8221 -0.459756 -0.335822 0.352951 -0.292257 -0.165422 0.941924 -0.848552
1 47 64 0.0860062 -0.727699 0.680483 -0.1604 -0.653314 0.474471 0.589965 -0.233906 -0.752186 -0.49531 -0.434609 0.958937
1 48 26 0.974417 -0.103952 -0.199262 0.41307 -0.0658207 -0.979723 0.189235 -0.306797 -0.214893 -0.171278 -0.961501 0.857467
1 49 48 -0.807539 0.240938 0.538358 0.433652 -0.460952 -0.827257 -0.321198 -0.273278 0.367972 -0.507537 0.779104 0.858642
1 50 97 0.0652709 0.837542 -0.54246 0.426471 0.130254 0.531817 0.836782 -0.288572 0.98933 -0.125275 -0.0743809 0.857233
1 51 26 0.445319 0.740984 0.502627 0.173825 -0.812244 0.570533 -0.121458 0.251464 -0.376764 -0.354168 0.855929 0.95213
1 52 20 0.269663 0.88529 0.37887 -0.0889472 -0.956613 0.29136 6.67417e-05 -0.29376 -0.110329 -0.362451 0.92545 -0.951732
1 53 46 -0.173416 0.950356 -0.258361 0.00137887 0.975669 0.201517 0.0863774 0.0163509 0.134153 -0.237096 -0.962179 0.999865
1 54 44 -0.12591 0.0290018 -0.991618 0.612428 -0.0332178 0.998889 0.0334322 0.0499904 0.991485 0.0371488 -0.124807 0.788945
1 55 25 0.457578 -0.860549 -0.223782 0.33731 -0.883804 -0.467783 -0.00830732 -0.288651 -0.0975327 0.201581 -0.974604 0.896048
1 56 39 -0.745688 0.115469 -0.656213 0.383191 -0.169462 0.919616 0.354386 -0.196033 0.644385 0.375464 -0.666179 0.902627
1 57 50 -0.805568 -0.11858 0.580516 -0.372166 0.214459 0.854982 0.472243 -0.243236 -0.552329 0.504921 -0.663315 0.895728
1 58 21 0.571099 -0.749449 0.334921 0.255681 0.774955 0.626788 0.0811232 -0.0658349 -0.270722 0.213219 0.938747 0.964517
1 59 27 -0.879999 -0.356588 -0.313761 0.383296 -0.293127 0.927504 -0.231977 -0.153066 0.373735 -0.112167 -0.920728 0.910854
1 60 34 0.059277 -0.960532 -0.27178 -0.0787778 0.996476 0.0731234 -0.0410965 -0.30623 0.059348 -0.268386 0.961482 -0.948692
1 61 27 -0.235244 0.893431 0.382677 0.404288 -0.827928 0.0220362 -0.560401 -0.0640437 -0.509113 -0.44866 0.734513 0.912387
1 62 17 0.98566 0.0858566 0.145272 -0.106401 -0.108189 0.982197 0.153571 -0.0458558 -0.129501 -0.167085 0.977401 0.993265
1 63 20 0.994788 -0.101687 -0.00750748 -0.163345 0.101964 0.991968 0.0748531 -0.215292 -0.00016442 -0.0752285 0.997166 0.962792
1 64 22 -0.247891 0.939961 0.234569 0.367314 -0.734832 -0.0246469 -0.677801 -0.209385 -0.631325 -0.34039 0.696823 0.906222
1 65 24 -0.909421 0.106725 -0.40195 0.156769 0.0358605 -0.942787 -0.331462 0.169031 -0.414329 -0.315852 0.853563 -0.973063
1 66 16 -0.929071 0.118286 -0.350479 0.151833 0.00673206 -0.941929 -0.335745 0.139694 -0.369841 -0.31429 0.874322 -0.978485
1 67 35 0.841051 0.373508 0.391312 0.0102335 -0.506148 0.798635 0.325572 0.192789 -0.190912 -0.471884 0.860743 0.981187
2 3 85 0.997065 0.010639 -0.0758157 0.947217 -0.00773514 0.999229 0.0384922 0.127264 0.0761668 -0.0377928 0.996379 -0.294253
2 4 27 0.992873 0.0359292 -0.113632 -0.0815491 -0.0303222 0.998254 0.0506928 0.11584 0.115255 -0.0468859 0.992229 0.989915
2 5 35 0.980416 0.0733723 -0.182759 0.966574 -0.06783 0.997033 0.0364031 0.0828033 0.184887 -0.0232936 0.982484 -0.24265
2 6 24 -0.65027 -0.755552 0.0793112 0.237556 0.729811 -0.592273 0.341452 0.166485 -0.211011 0.279918 0.936547 0.957
2 7 49 -0.0267469 0.16756 -0.985499 -0.114103 -0.745613 0.653312 0.131316 0.086999 0.665842 0.738313 0.107461 0.989652
2 8 0 1 0 0 0 0 1 0 0 0 0 1 0
2 9 22 0.268325 0.6141 -0.742215 0.443753 0.752865 0.346995 0.559275 -0.328872 0.600996 -0.708855 -0.369227 0.833622
2 10 36 0.0459342 -0.212201 -0.976146 0.272653 -0.99711 0.0494479 -0.0576701 -0.150681 0.060506 0.975974 -0.209317 0.95024
2 11 37 0.178631 -0.980559 0.081208 0.179677 -0.776033 -0.0896703 0.624285 0.0397124 -0.604866 -0.174537 -0.776965 0.982924
2 12 56 0.848822 0.490649 0.196885 0.220699 0.505872 -0.861983 -0.0328331 0.026974 0.153602 0.127468 -0.979877 0.974969
2 13 23 -0.872462 0.482318 0.0786133 0.17323 -0.486964 -0.844593 -0.22255 0.291442 -0.0409434 -0.232448 0.971747 0.940772
2 14 39 -0.627991 0.492397 -0.602638 0.153819 0.6269 0.778917 -0.0168444 0.276513 0.461111 -0.388372 -0.797837 0.94862
2 15 35 0.371373 0.242642 -0.896218 0.865349 -0.321638 0.939103 0.120973 -0.0715468 0.870994 0.243331 0.4268 0.496036
2 16 34 -0.822632 -0.187963 -0.536607 0.23812 0.0660336 0.905805 -0.418518 0.318238 0.564727 -0.37972 -0.732732 0.917618
2 17 29 0.235484 -0.715947 -0.657242 0.262337 -0.9653 -0.0937509 -0.243734 0.095792 0.112883 0.691831 -0.713181 0.96021
2 18 24 -0.648726 0.216134 -0.729685 0.424879 -0.130486 0.913033 0.38645 -0.213706 0.749752 0.345914 -0.564106 0.879663
2 19 31 -0.0639248 0.95527 -0.288742 0.403627 0.985175 0.106563 0.134443 -0.260145 0.159198 -0.275867 -0.94792 0.87716
2 20 24 0.410228 -0.0174244 0.911817 0.416949 0.094281 0.995271 -0.023398 -0.207046 -0.907097 0.0955654 0.40993 0.885034
2 21 74 -0.158964 -0.748531 -0.643764 0.210294 -0.478643 0.628731 -0.612861 0.064961 0.8635 0.21071 -0.458225 0.975478
2 22 10 0.713074 0.268198 -0.647761 -0.447995 -0.133396 0.958961 0.2502 -0.0620313 0.688281 -0.0920023 0.719587 0.891881
2 23 12 -0.908643 -0.378174 -0.177067 0.280671 -0.415864 0.781195 0.465609 -0.0151963 -0.0377569 0.496708 -0.867096 0.959684
2 24 45 -0.926754 0.369285 -0.0689648 0.22799 0.230925 0.415197 -0.879935 0.203982 -0.296313 -0.831409 -0.470062 0.952057
2 25 30 0.340922 -0.674207 0.655147 -0.390525 -0.596656 0.383367 0.705005 -0.294005 -0.72648 -0.631249 -0.271571 0.872383
2 26 0 1 0 0 0 0 1 0 0 0 0 1 0
2 27 38 0.66453 -0.747196 0.00984694 -0.0987891 0.743117 0.662173 0.0964565 -0.261023 -0.0785923 -0.0567808 0.995288 0.960264
2 28 26 0.8367 -0.540698 0.0870535 -0.460239 -0.547425 -0.821043 0.161908 -0.0527412 -0.0160685 -0.183124 -0.982959 0.886227
2 29 14 0.358498 -0.271918 0.893051 -0.477193 0.569797 0.821507 0.0214007 -0.0253551 -0.739467 0.501185 0.449447 0.878433
2 30 0 1 0 0 0 0 1 0 0 0 0 1 0
2 31 18 -0.678053 -0.723976 0.126898 0.0250092 0.720682 -0.688776 -0.0787739 0.376415 0.144435 0.0380403 0.988783 0.926114
2 32 29 -0.809468 -0.027026 0.586542 -0.103404 -0.581989 -0.0954001 -0.807581 -0.403721 0.0777819 -0.995072 0.0614945 0.90902
2 33 22 -0.135366 -0.923156 -0.359803 -0.217308 0.782029 0.123427 -0.610897 -0.385113 0.608363 -0.364072 0.705228 0.89692
2 34 28 -0.682943 -0.392745 -0.615906 -0.362623 0.640721 -0.727001 -0.246871 -0.224533 -0.350807 -0.563223 0.748141 0.904483
2 35 18 -0.591829 -0.197743 -0.781432 0.0224302 -0.426967 0.899175 0.0958324 -0.316298 0.683694 0.390363 -0.616587 0.948395
2 36 48 0.065164 0.98801 -0.139965 -0.163848 0.730258 0.0483733 0.681456 -0.204959 0.680056 -0.146617 -0.71835 0.964959
2 37 22 -0.591602 0.28983 -0.752334 0.479934 -0.0309078 0.924311 0.380387 -0.160127 0.805638 0.248291 -0.537866 0.862567
2 38 28 -0.000665164 0.510589 -0.859825 -0.296991 -0.897022 0.379725 0.226185 -0.341525 0.441985 0.771433 0.457757 0.891716
2 39 13 -0.353564 0.794528 -0.493678 -0.192266 -0.732275 -0.563486 -0.382434 -0.0142589 -0.582035 0.226293 0.781042 0.981239
2 40 18 0.670898 0.647885 0.360749 -0.00700912 0.74122 -0.600406 -0.300178 0.282398 0.022115 0.468783 -0.883036 0.959272
2 41 50 0.402563 0.890603 0.211588 -0.423949 0.907604 -0.358242 -0.2189 -0.0801495 -0.119154 0.280159 -0.95253 0.902133
2 42 42 0.0621951 -0.723852 0.687146 -0.351072 0.988842 -0.0486858 -0.140789 -0.0447343 0.135364 0.688235 0.712747 0.935279
2 43 17 -0.0767545 0.954055 0.289635 -0.291414 0.716456 -0.149247 0.681481 -0.392753 0.693397 0.259817 -0.672083 0.872252
2 44 38 0.600139 0.704243 -0.379309 0.498651 -0.758977 0.651069 0.00795768 -0.18731 0.25256 0.283111 0.925236 0.846323
2 45 37 -0.468351 0.76011 0.450423 -0.334018 0.705995 0.0154344 0.708048 -0.359479 0.531242 0.649612 -0.543862 0.871325
2 46 32 -0.859841 0.232176 0.454717 -0.394189 0.425681 0.817754 0.387395 -0.352951 -0.281903 0.526663 -0.801971 0.848552
2 47 53 0.106767 0.959186 0.261847 -0.1604 0.933821 -0.18717 0.304869 -0.233906 0.341436 0.211968 -0.915691 0.958937
2 48 0 1 0 0 0 0 1 0 0 0 0 1 0
2 49 21 -0.898918 -0.23633 0.368911 0.433652 -0.291046 -0.307266 -0.906024 -0.273278 0.327475 -0.921811 0.207424 0.858642
2 50 50 0.358858 -0.352629 -0.864218 0.375474 -0.645658 -0.762416 0.0429875 0.0361543 -0.674053 0.542563 -0.501277 0.926128
2 51 22 -0.60595 -0.609949 -0.510672 0.23957 0.251938 -0.756049 0.604084 0.228869 -0.754554 0.237387 0.611797 0.943518
2 52 0 1 0 0 0 0 1 0 0 0 0 1 0
2 53 0 1 0 0 0 0 1 0 0 0 0 1 0
2 54 0 1 0 0 0 0 1 0 0 0 0 1 0
2 55 0 1 0 0 0 0 1 0 0 0 0 1 0
2 56 18 0.657508 0.716489 -0.233083 0.759437 -0.699981 0.695342 0.162868 -0.245358 0.278765 0.0560663 0.958721 0.602541
2 57 0 1 0 0 0 0 1 0 0 0 0 1 0
2 58 11 0.180107 -0.98315 0.0312724 -0.0680929 0.818883 0.167477 0.548983 -0.3044 -0.54497 -0.0732675 0.835248 -0.950107
2 59 23 -0.730595 0.275469 -0.624778 0.131635 0.458714 0.875787 -0.150264 0.259791 0.505779 -0.396376 -0.766207 0.956651
2 60 18 0.16999 -0.983979 0.0537477 0.0787778 0.693911 0.158249 0.702456 0.30623 -0.699707 -0.0821146 0.709695 0.948692
2 61 22 -0.818305 0.549393 -0.168948 0.0874829 -0.55868 -0.829333 0.00911798 0.357942 -0.135104 0.101849 0.985583 0.929637
2 62 0 1 0 0 0 0 1 0 0 0 0 1 0
2 63 14 -0.948188 0.317642 0.00652981 -0.150716 0.281389 0.830073 0.481454 -0.169204 0.14751 0.458347 -0.876447 0.973989
2 64 24 -0.427536 0.901631 0.0653764 0.112084 0.890934 0.408004 0.199422 0.326996 0.153131 0.143506 -0.977731 0.938355
2 65 17 0.845215 -0.0607919 0.530957 -0.137743 -0.138702 -0.984418 0.108084 -0.186561 0.516113 -0.164999 -0.840477 0.972739
2 66 0 1 0 0 0 0 1 0 0 0 0 1 0
2 67 29 0.592873 -0.706417 -0.386622 0.136956 -0.804434 -0.497316 -0.324903 0.305048 0.037244 0.503638 -0.863111 0.942438
3 4 97 0.996022 0.051075 -0.0730195 0.998373 -0.0508147 0.998693 0.00541866 0.0564158 0.0732008 -0.00168664 0.997316 -0.00822743
3 5 57 0.988548 0.0576282 -0.13947 0.993977 -0.0587781 0.998263 -0.00413677 0.0387259 0.138989 0.0122872 0.990218 -0.102521
3 6 30 0.991647 0.0825113 -0.0991381 0.237556 -0.0796501 0.996293 0.0324872 0.166485 0.101451 -0.0243195 0.994543 0.957
3 7 39 0.586514 -0.668159 0.457782 -0.114103 0.286076 0.699673 0.654689 0.086999 -0.757734 -0.253024 0.601513 0.989652
3 8 10 -0.681285 0.731342 -0.0314552 -0.331408 -0.725758 -0.680442 -0.101357 0.243433 -0.0955304 -0.0462244 0.994353 -0.911542
3 9 29 0.85334 -0.505081 0.129243 -0.106255 -0.196211 -0.540802 -0.817945 0.306423 0.483023 0.672627 -0.560591 0.945947
3 10 32 0.389305 0.842124 -0.373187 0.270139 0.910311 -0.289896 0.295455 -0.150512 0.140624 -0.454738 -0.879453 0.950984
3 11 29 -0.943425 -0.330635 -0.0251053 0.179677 0.331578 -0.941255 -0.0639868 0.0397124 -0.00247415 -0.0686911 0.997635 0.982924
3 12 65 -0.760274 0.537451 -0.36487 0.220699 0.648456 0.661266 -0.377137 0.026974 0.0385839 -0.523329 -0.851256 0.974969
3 13 28 -0.851081 -0.288871 -0.438423 0.17323 -0.0227458 0.854539 -0.518888 0.291442 0.524542 -0.431644 -0.733853 0.940772
3 14 39 0.53233 0.844731 -0.05527 0.153819 0.702524 -0.477256 -0.527908 0.276513 -0.472318 0.242193 -0.847501 0.94862
3 15 45 -0.207384 0.118797 -0.97102 0.709116 -0.358182 0.914451 0.188375 -0.112438 0.910328 0.386867 -0.147092 0.696069
3 16 24 0.924931 0.154634 -0.347262 0.999756 -0.157964 0.987264 0.0188865 0.00594915 0.34576 0.0373861 0.937578 0.0212786
3 17 11 0.292689 0.93429 -0.203557 0.282547 -0.949936 0.259761 -0.173627 0.340163 -0.109341 0.244185 0.963545 -0.896915
3 18 22 -0.368129 0.774709 -0.514109 0.180937 0.923684 0.367912 -0.107002 -0.220969 0.106251 -0.514264 -0.851025 0.95835
3 19 13 -0.82935 -0.385329 0.404597 0.403627 0.311686 -0.920064 -0.23735 -0.260145 0.463713 -0.0707388 0.883157 0.87716
3 20 31 0.805766 0.282426 -0.520555 0.416949 -0.505644 0.785678 -0.356418 -0.207046 0.308327 0.550404 0.77588 0.885034
3 21 28 0.393503 -0.240357 -0.887346 -0.39924 -0.919183 -0.119752 -0.375184 -0.253915 -0.0160833 0.963269 -0.268055 0.880985
3 22 13 0.416677 0.826008 -0.379594 -0.447995 -0.883166 0.268885 -0.384341 -0.0620313 -0.215402 0.495391 0.84154 0.891881
3 23 0 1 0 0 0 0 1 0 0 0 0 1 0
3 24 53 -0.893945 0.408025 -0.185413 0.22799 -0.136775 -0.642343 -0.754114 0.203982 -0.426796 -0.648776 0.630027 0.952057
3 25 33 0.653003 -0.751978 0.0900897 -0.390525 0.740049 0.658835 0.135146 -0.294005 -0.160981 -0.0215799 0.986722 0.872383
3 26 0 1 0 0 0 0 1 0 0 0 0 1 0
3 27 39 0.885762 -0.267859 0.379047 -0.0987891 -0.265397 -0.962281 -0.059827 -0.261023 0.380775 -0.0476055 -0.923442 0.960264
3 28 31 -0.748822 -0.264158 0.607854 -0.460239 -0.0874953 0.948513 0.304413 -0.0527412 -0.656971 0.174767 -0.73338 0.886227
3 29 16 -0.139995 0.176403 0.974312 -0.477193 0.564382 0.82272 -0.0678628 -0.0253551 -0.813557 0.540384 -0.214735 0.878433
3 30 14 -0.866941 -0.0656699 0.494065 -0.257163 0.214219 0.845954 0.488335 -0.249762 -0.450025 0.529196 -0.719325 0.933534
3 31 22 -0.0379346 -0.985603 -0.164769 0.0250092 0.948472 0.0163948 -0.316436 0.376415 0.314581 -0.168282 0.934195 0.926114
3 32 29 -0.307743 0.928192 -0.209174 -0.10157 0.584748 0.357929 0.727982 -0.33291 0.750576 0.101717 -0.652908 0.937472
3 33 21 0.918018 -0.381879 0.106819 -0.217308 0.394192 0.908111 -0.141237 -0.385113 -0.0430684 0.171765 0.984196 0.89692
3 34 25 0.274092 0.665789 -0.693973 -0.362623 0.851366 0.167622 0.49707 -0.224533 0.447269 -0.727068 -0.520886 0.904483
3 35 11 -0.918736 -0.0953733 -0.383182 0.232297 0.294109 -0.812787 -0.502869 0.589998 -0.263485 -0.574701 0.774787 -0.773266
3 36 43 -0.122136 -0.974396 0.188771 -0.163848 -0.990782 0.108466 -0.08116 -0.204959 0.0586068 -0.196943 -0.978662 0.964959
3 37 14 0.872911 0.324565 0.364258 0.485172 -0.242647 0.936542 -0.253005 -0.169928 -0.42326 0.132465 0.896272 0.857749
3 38 20 0.979764 0.104395 -0.170775 0.296991 -0.18858 0.767409 -0.612798 0.341525 0.0670814 0.632602 0.771566 -0.891716
3 39 13 0.255426 -0.945891 0.200119 0.00843088 -0.838853 -0.31973 -0.440566 0.265089 0.480711 -0.0553383 -0.875131 0.964187
3 40 19 -0.729773 -0.570198 -0.377234 -0.00700912 -0.480101 0.820226 -0.311018 0.282398 0.486759 -0.0458622 -0.872332 0.959272
3 41 26 0.374415 0.924307 0.0739641 -0.423949 -0.37033 0.222186 -0.901936 -0.0801495 -0.850099 0.310307 0.425488 0.902133
3 42 22 -0.434508 0.572611 0.695212 -0.317565 0.0878483 0.795148 -0.600018 -0.0640275 -0.896374 -0.199639 -0.395801 0.946072
3 43 16 -0.39679 -0.912116 -0.102963 0.291414 0.916462 -0.387368 -0.100215 0.392753 0.0515227 -0.134126 0.989624 -0.872252
3 44 28 -0.435352 0.79708 -0.418487 0.498651 0.887733 0.302815 -0.346746 -0.18731 -0.14966 -0.522461 -0.839426 0.846323
3 45 20 0.00530843 0.984422 -0.175741 -0.334018 -0.914422 -0.0663509 -0.399288 -0.359479 -0.404728 0.162821 0.899824 0.871325
3 46 19 0.0168596 0.928267 0.371532 -0.394189 0.486084 -0.332328 0.808258 -0.352951 0.873749 0.166969 -0.456819 0.848552
3 47 23 0.0973447 -0.731133 0.675255 -0.1604 -0.574599 0.512692 0.637952 -0.233906 -0.812625 -0.450102 -0.3702 0.958937
3 48 0 1 0 0 0 0 1 0 0 0 0 1 0
3 49 23 0.974225 -0.0897543 0.206956 0.433652 0.0979786 0.994742 -0.0298167 -0.273278 -0.203191 0.0493254 0.977896 0.858642
3 50 40 0.672354 -0.687024 0.275568 0.375474 -0.3341 -0.613851 -0.715237 0.0361543 0.660543 0.388825 -0.64226 0.926128
3 51 10 -0.41174 -0.880782 -0.233867 0.0945473 0.674637 -0.467129 0.571538 0.268325 -0.612646 0.0775494 0.786544 0.958678
3 52 0 1 0 0 0 0 1 0 0 0 0 1 0
3 53 16 -0.93491 -0.150617 -0.321338 -0.023911 0.0239738 0.876598 -0.480627 0.356286 0.354074 -0.457046 -0.815929 0.934071
3 54 0 1 0 0 0 0 1 0 0 0 0 1 0
3 55 14 0.467461 -0.715726 0.518861 0.287757 0.865993 0.488664 -0.106134 0.125233 -0.177586 0.498944 0.848244 0.94948
3 56 22 0.846129 0.33712 0.412815 0.0866302 0.490656 -0.795173 -0.35631 0.300919 0.20814 0.504034 -0.838229 0.949707
3 57 13 -0.173122 -0.981549 0.0811866 0.285725 0.968145 -0.154457 0.197075 0.380306 -0.180898 0.112718 0.977021 0.879618
3 58 25 -0.486376 0.561197 -0.669699 0.398667 0.617255 0.763168 0.191234 -0.324828 0.618413 -0.320364 -0.717588 0.857643
3 59 22 -0.0668129 0.921666 0.382189 -0.0617822 -0.870357 0.133457 -0.473991 0.415673 -0.487867 -0.36431 0.793262 0.907413
3 60 36 -0.48066 0.293275 -0.826412 0.365044 0.368712 0.922653 0.112978 0.0308374 0.795624 -0.250404 -0.551616 0.930479
3 61 31 0.736686 -0.444339 0.509762 0.0874829 0.128953 -0.647684 -0.750917 0.357942 0.663826 0.618925 -0.419841 0.929637
3 62 12 -0.096588 0.9953 0.0069588 0.357325 0.992712 0.0968383 -0.071727 -0.191286 -0.0720638 -1.98809e-05 -0.9974 0.914182
3 63 0 1 0 0 0 0 1 0 0 0 0 1 0
3 64 20 -0.708051 0.701248 0.0831553 -0.167505 -0.404655 -0.499421 0.76605 -0.0565719 0.578721 0.508754 0.637379 0.984247
3 65 13 0.242893 0.969828 -0.0208804 -0.364904 -0.969942 0.243134 0.00987089 -0.00794594 0.0146498 0.0178552 0.999733 -0.931011
3 66 19 -0.771227 0.45703 0.443094 -0.212495 0.553398 0.137386 0.821508 -0.14046 0.314579 0.878777 -0.358875 0.967014
3 67 23 -0.0654058 0.91241 0.404018 0.169985 -0.717177 0.238535 -0.654796 0.269201 -0.693815 -0.33258 0.638758 0.947964
4 5 167 0.997456 0.00805553 -0.0708241 0.997349 -0.00868346 0.999926 -0.00856269 -0.0352671 0.0707499 0.00915591 0.997452 -0.0636441
4 6 26 0.997721 0.0499178 -0.0453912 0.455366 -0.04904 0.998591 0.0202523 0.433723 0.0463383 -0.0179802 0.998764 0.777513
4 7 75 0.981361 0.0538311 -0.184479 0.968469 -0.0548128 0.998497 -0.00022191 0.0598584 0.184189 0.0103296 0.982836 -0.241837
4 8 14 -0.8161 -0.257624 0.517311 0.285354 0.167729 -0.962198 -0.214575 -0.147977 0.553035 -0.0883463 0.828461 0.94693
4 9 22 0.975104 0.0502786 -0.215971 0.460862 -0.101726 0.96685 -0.234206 0.296303 0.197037 0.250345 0.947894 -0.836547
4 10 38 -0.608489 -0.143618 -0.780459 0.376964 -0.351761 0.930401 0.103043 -0.109096 0.711341 0.337236 -0.616658 0.91978
4 11 49 0.750422 0.324955 -0.575562 0.889898 -0.29584 0.943834 0.147158 -0.241804 0.591055 0.0598436 0.804408 0.386797
4 12 13 -0.991027 0.0223295 -0.131785 0.320398 0.0410944 -0.887293 -0.459372 -0.208514 -0.12719 -0.460665 0.878414 0.924049
4 13 19 0.952059 -0.303629 0.0373345 -0.361794 0.304845 0.951837 -0.0327916 -0.143064 -0.0255799 0.0426007 0.998765 0.921215
4 14 32 0.00627388 -0.93489 0.354882 0.291404 -0.965583 0.0866157 0.245248 -0.177977 -0.260019 -0.344207 -0.902171 0.939898
4 15 15 -0.837194 0.383547 0.389869 -0.119435 -0.517337 -0.786606 -0.337065 -0.285517 0.177393 -0.483883 0.856965 0.950902
4 16 34 0.825217 0.105334 -0.554907 0.731113 -0.114479 0.993257 0.0182974 -0.107371 0.553093 0.0484261 0.831711 0.673755
4 17 29 0.743031 0.103038 -0.661277 0.735366 -0.101815 0.99398 0.0404767 0.179561 0.661467 0.0372523 0.749049 -0.653448
4 18 33 -0.997008 -0.0126549 -0.076259 0.0851622 -0.0478309 0.875978 0.479974 -0.252162 0.0607272 0.482186 -0.873962 0.96393
4 19 21 -0.551213 0.346368 0.759074 -0.293524 0.629284 0.769964 0.105627 -0.136882 -0.547874 0.535896 -0.642378 0.946101
4 20 18 0.951616 -0.0904968 -0.293663 -0.156052 -0.100236 -0.994796 -0.018253 -0.162719 -0.290483 0.0468054 -0.955735 0.974254
4 21 0 1 0 0 0 0 1 0 0 0 0 1 0
4 22 22 -0.938394 0.34487 0.0219509 -0.417957 -0.330484 -0.877058 -0.34864 -0.256404 -0.100983 -0.334416 0.937 0.871532
4 23 19 -0.675713 0.1114 0.728699 0.0722342 0.700852 0.403511 0.588205 -0.0322725 -0.228512 0.908168 -0.350733 0.996865
4 24 13 -0.70149 -0.457745 -0.546243 -0.157921 0.63866 -0.743898 -0.196794 -0.363743 -0.316268 -0.486913 0.814181 0.918015
4 25 0 1 0 0 0 0 1 0 0 0 0 1 0
4 26 11 0.971689 -0.225888 0.0692483 0.429432 0.22374 0.973929 0.0374478 -0.148508 -0.0759019 -0.020894 0.996896 0.890805
4 27 30 0.289915 -0.95183 -0.0998412 -0.0707193 -0.925055 -0.251944 -0.284248 -0.120371 0.245402 0.174767 -0.953538 0.990207
4 28 30 0.270381 0.623275 0.733772 -0.450265 0.758155 -0.607587 0.236726 -0.349992 0.593376 0.492307 -0.63682 0.821442
4 29 11 -0.144406 0.817853 0.557013 -0.402916 -0.979422 -0.198345 0.0373114 0.309518 0.140996 -0.540162 0.829665 -0.861311
4 30 13 0.666357 0.744921 -0.0325734 0.419608 -0.743883 0.661168 -0.0974461 -0.018816 -0.0510531 0.0891647 0.994708 -0.907511
4 31 13 0.450762 -0.88256 0.133799 0.022378 0.857722 0.46975 0.208923 0.255688 -0.247239 0.020588 0.968736 -0.9665
4 32 18 0.604315 -0.539287 0.586492 -0.415329 0.448375 0.838674 0.30917 -0.0398389 -0.658607 0.0761328 0.748626 -0.908798
4 33 37 -0.521324 -0.162793 -0.837687 0.498148 -0.191091 0.978977 -0.0713274 0.0838633 0.831689 0.12289 -0.541472 0.863027
4 34 18 0.722402 -0.644452 0.250631 -0.308981 0.635081 0.76174 0.128161 0.146291 -0.273509 0.0665873 0.959562 -0.93975
4 35 16 -0.160449 -0.660712 -0.733291 0.530153 0.872755 -0.441973 0.207264 0.113996 -0.461037 -0.606728 0.647554 -0.840204
4 36 0 1 0 0 0 0 1 0 0 0 0 1 0
4 37 20 0.0577047 -0.986787 0.151396 -0.326121 0.898055 0.11755 0.423887 0.0313141 -0.436083 0.111502 0.892972 -0.944809
4 38 26 -0.513231 -0.360005 -0.779096 0.486826 -0.537088 0.842774 -0.0356205 -0.0177097 0.669425 0.400162 -0.625892 0.87332
4 39 20 0.413621 -0.845912 0.336675 -0.151076 -0.831396 -0.501651 -0.239013 -0.164577 0.371077 -0.18105 -0.910781 0.974726
4 40 19 -0.45091 0.869115 0.203271 -0.330774 -0.72098 -0.220401 -0.656972 0.236844 -0.526183 -0.442789 0.725995 -0.913506
4 41 11 -0.242517 0.947708 -0.20745 0.234937 -0.832887 -0.31304 -0.456405 0.00276287 -0.497478 0.0620963 0.865251 -0.972007
4 42 21 -0.809821 -0.481565 -0.335089 -0.077866 -0.506902 0.861896 -0.0136044 -0.0915183 0.295364 0.15884 -0.942088 0.992754
4 43 22 0.847219 -0.151041 -0.509319 0.51335 -0.106408 -0.987549 0.11586 -0.27113 -0.520478 -0.0439629 -0.852743 0.814224
4 44 17 0.343505 -0.816914 0.463309 -0.414074 -0.837723 -0.489527 -0.24204 -0.113399 0.424529 -0.304983 -0.852503 0.903152
4 45 13 -0.719436 0.257242 -0.645166 0.337087 0.118044 -0.870086 -0.478556 0.361826 -0.684455 -0.420448 0.595605 -0.869169
4 46 20 0.838496 -0.544177 -0.0282031 0.332502 -0.543026 -0.838778 0.039682 -0.295501 -0.0452502 -0.0179582 -0.998814 0.895613
4 47 12 -0.865637 0.492665 0.0891854 0.418169 -0.497479 -0.866446 -0.0422583 0.0600164 0.0564552 -0.0809482 0.995118 -0.906385
4 48 11 -0.430905 -0.902285 0.0142515 0.321024 0.897075 -0.426598 0.115196 -0.172663 -0.0978599 0.0624233 0.993241 0.931199
4 49 0 1 0 0 0 0 1 0 0 0 0 1 0
4 50 0 1 0 0 0 0 1 0 0 0 0 1 0
4 51 24 0.986443 0.133845 -0.0949468 0.374321 0.110806 -0.970033 -0.216236 -0.048874 -0.121044 0.202784 -0.971714 0.92601
4 52 19 -0.517775 0.574086 -0.634298 0.494405 0.270204 -0.593733 -0.757939 -0.0332628 -0.811726 -0.563831 0.1523 0.868595
4 53 15 -0.969051 0.0169321 -0.24628 0.00137887 -0.0044775 -0.998686 -0.0510432 0.0163509 -0.246821 -0.0483607 0.967854 0.999865
4 54 24 -0.684109 0.451706 -0.572675 0.326045 0.00967967 0.790707 0.612119 -0.29403 0.729315 0.413213 -0.545302 0.898466
4 55 17 0.0902958 -0.964879 0.246688 -0.326646 -0.924928 -0.173088 -0.338452 -0.161553 0.369264 -0.197608 -0.908072 0.931237
4 56 12 -0.748383 0.660438 0.0611919 0.316136 -0.643053 -0.699877 -0.310893 -0.320304 -0.162499 -0.272017 0.948473 0.893008
4 57 0 1 0 0 0 0 1 0 0 0 0 1 0
4 58 14 -0.926202 -0.371865 -0.06217 0.396537 0.374839 -0.890484 -0.257943 -0.329171 0.0405587 -0.262211 0.964158 0.856974
4 59 32 -0.46947 0.633351 0.615195 -0.213144 0.457492 0.770415 -0.444029 0.33706 -0.755182 0.0729887 -0.65144 0.917039
4 60 17 -0.0727766 0.777925 0.624129 0.04897 0.694936 -0.409313 0.591208 -0.402162 0.715379 0.476756 -0.51082 0.914258
4 61 16 -0.349164 0.906541 -0.237208 0.153142 0.709356 0.421114 0.565223 -0.180279 0.61229 0.0290906 -0.790098 0.971621
4 62 10 -0.305431 0.944905 -0.117757 0.121957 -0.846836 -0.326092 -0.420158 -0.0495241 -0.435409 -0.0286084 0.899778 -0.991299
4 63 21 -0.720293 0.68485 0.11027 -0.190007 0.556293 0.475335 0.681611 -0.347294 0.414386 0.552302 -0.723358 0.918305
4 64 31 0.483739 0.404313 -0.776226 0.383935 0.398538 -0.891373 -0.215922 -0.211094 -0.779207 -0.204906 -0.592326 0.898907
4 65 25 -0.802632 -0.361277 -0.474616 0.0636122 -0.295097 0.932013 -0.210404 0.161999 0.518363 -0.0288187 -0.854675 0.984738
4 66 11 -0.983387 0.154006 -0.0960831 -0.302493 -0.117078 -0.942634 -0.312625 0.141377 -0.138717 -0.296182 0.945005 -0.942608
4 67 28 -0.088511 0.929812 0.357234 -0.175551 0.679532 -0.205857 0.704173 -0.368396 0.728287 0.305079 -0.613616 0.912944
5 6 53 0.998878 0.0348559 -0.0320721 0.911911 -0.0342119 0.999206 0.0204138 0.226437 0.0327582 -0.0192937 0.999277 -0.342263
5 7 90 0.992734 0.0424209 -0.112601 0.812053 -0.0418681 0.999097 0.00727037 0.167914 0.112807 -0.00250317 0.993614 -0.558906
5 8 37 0.983882 0.092752 -0.152881 0.998375 -0.0999942 0.994169 -0.0403666 -0.0565536 0.148246 0.0550032 0.98742 -0.0070493
5 9 28 0.999785 0.00028692 0.0207293 0.460862 -0.000254567 0.999999 -0.00156337 0.296303 -0.0207297 0.00155776 0.999784 -0.836547
5 10 21 -0.742772 -0.667002 -0.0582898 -0.150263 0.668568 -0.734174 -0.118343 0.311829 0.0361401 -0.126872 0.99126 0.938181
5 11 37 0.486582 -0.0428872 -0.872582 0.83147 -0.01157 0.99839 -0.0555225 0.0257343 0.873558 0.0371121 0.485302 0.554974
5 12 30 0.783465 -0.618737 0.0578494 -0.242125 0.603847 0.735994 -0.306076 -0.160283 0.146804 0.274732 0.950248 0.956914
5 13 29 0.557202 0.64052 0.52845 -0.272569 0.82991 -0.450888 -0.328555 -0.192654 0.0278256 0.621638 -0.782811 0.942651
5 14 34 -0.106121 -0.632861 -0.766958 0.291404 -0.925784 -0.218578 0.308459 -0.177977 -0.362852 0.742772 -0.562697 0.939898
5 15 23 -0.981279 0.107024 0.160115 -0.0909742 0.18375 0.769271 0.61193 -0.282532 -0.0576802 0.629895 -0.774535 0.954934
5 16 52 -0.00331511 0.161912 -0.9868 0.685706 -0.282804 0.946369 0.156228 -0.107553 0.959172 0.279589 0.0426521 0.719888
5 17 36 -0.641999 0.0966015 -0.760596 0.458923 -0.198131 0.937432 0.286298 -0.137256 0.740663 0.3345 -0.58269 0.87781
5 18 25 0.988088 -0.153541 -0.0103978 0.0768247 -0.151907 -0.983928 0.0938656 -0.246097 -0.0246429 -0.091168 -0.995531 0.966196
5 19 17 0.0926072 0.945834 0.311161 0.0351744 -0.750926 0.271559 -0.601968 -0.241762 -0.653861 -0.177912 0.7354 0.969698
5 20 23 0.642648 0.727291 -0.240937 0.232744 0.390395 -0.581432 -0.713813 0.373364 -0.659238 0.364671 -0.657587 0.898014
5 21 35 -0.299199 0.802351 -0.516443 0.158007 0.0251351 -0.534421 -0.844844 -0.140489 -0.95386 -0.265757 0.139731 0.977393
5 22 33 0.586929 -0.188367 0.787421 -0.417348 -0.304796 -0.952417 -0.000648154 -0.255646 0.750076 -0.239622 -0.616415 0.872047
5 23 0 1 0 0 0 0 1 0 0 0 0 1 0
5 24 36 0.777864 0.304462 0.549755 -0.109425 0.0993555 -0.923382 0.370802 -0.389555 0.620529 -0.233812 -0.748515 0.914479
5 25 0 1 0 0 0 0 1 0 0 0 0 1 0
5 26 11 0.978742 -0.202196 -0.0343667 0.427085 0.20278 0.979118 0.014436 -0.147163 0.0307301 -0.021098 0.999305 0.892156
