0 1 75 0.999635 0.00676857 -0.0261375 0.979267 -0.00727286 0.999788 -0.0192469 -0.0201253 0.0260017 0.01943 0.999473 -0.20157
0 2 51 0.996633 0.0430949 -0.0697543 0.81064 -0.0459597 0.998142 -0.0399984 0.0936324 0.067901 0.0430696 0.996762 -0.57801
0 3 23 0.995669 0.0555131 -0.0745763 0.905792 -0.0553825 0.998458 0.00381964 0.0897491 0.0746734 0.000327127 0.997208 -0.414108
0 4 27 0.199788 0.590447 -0.781957 0.546738 0.278047 0.731078 0.623069 -0.316949 0.939561 -0.341903 -0.0181121 0.774998
0 5 0 1 0 0 0 0 1 0 0 0 0 1 0
0 6 0 1 0 0 0 0 1 0 0 0 0 1 0
0 7 0 1 0 0 0 0 1 0 0 0 0 1 0
0 8 0 1 0 0 0 0 1 0 0 0 0 1 0
0 9 0 1 0 0 0 0 1 0 0 0 0 1 0
0 10 0 1 0 0 0 0 1 0 0 0 0 1 0
0 11 0 1 0 0 0 0 1 0 0 0 0 1 0
0 12 0 1 0 0 0 0 1 0 0 0 0 1 0
0 13 0 1 0 0 0 0 1 0 0 0 0 1 0
0 14 0 1 0 0 0 0 1 0 0 0 0 1 0
0 15 0 1 0 0 0 0 1 0 0 0 0 1 0
0 16 0 1 0 0 0 0 1 0 0 0 0 1 0
0 17 0 1 0 0 0 0 1 0 0 0 0 1 0
0 18 0 1 0 0 0 0 1 0 0 0 0 1 0
0 19 0 1 0 0 0 0 1 0 0 0 0 1 0
0 20 0 1 0 0 0 0 1 0 0 0 0 1 0
0 21 0 1 0 0 0 0 1 0 0 0 0 1 0
0 22 0 1 0 0 0 0 1 0 0 0 0 1 0
0 23 0 1 0 0 0 0 1 0 0 0 0 1 0
0 24 0 1 0 0 0 0 1 0 0 0 0 1 0
0 25 0 1 0 0 0 0 1 0 0 0 0 1 0
0 26 0 1 0 0 0 0 1 0 0 0 0 1 0
0 27 0 1 0 0 0 0 1 0 0 0 0 1 0
0 28 0 1 0 0 0 0 1 0 0 0 0 1 0
0 29 0 1 0 0 0 0 1 0 0 0 0 1 0
0 30 0 1 0 0 0 0 1 0 0 0 0 1 0
0 31 0 1 0 0 0 0 1 0 0 0 0 1 0
0 32 0 1 0 0 0 0 1 0 0 0 0 1 0
0 33 0 1 0 0 0 0 1 0 0 0 0 1 0
0 34 0 1 0 0 0 0 1 0 0 0 0 1 0
0 35 0 1 0 0 0 0 1 0 0 0 0 1 0
0 36 0 1 0 0 0 0 1 0 0 0 0 1 0
0 37 0 1 0 0 0 0 1 0 0 0 0 1 0
0 38 0 1 0 0 0 0 1 0 0 0 0 1 0
0 39 0 1 0 0 0 0 1 0 0 0 0 1 0
0 40 0 1 0 0 0 0 1 0 0 0 0 1 0
0 41 0 1 0 0 0 0 1 0 0 0 0 1 0
0 42 0 1 0 0 0 0 1 0 0 0 0 1 0
0 43 0 1 0 0 0 0 1 0 0 0 0 1 0
0 44 0 1 0 0 0 0 1 0 0 0 0 1 0
0 45 0 1 0 0 0 0 1 0 0 0 0 1 0
0 46 0 1 0 0 0 0 1 0 0 0 0 1 0
0 47 0 1 0 0 0 0 1 0 0 0 0 1 0
0 48 0 1 0 0 0 0 1 0 0 0 0 1 0
0 49 11 0.918528 -0.386202 -0.0845807 0.186548 -0.379253 -0.800284 -0.464448 0.225787 0.111682 0.458686 -0.881552 0.956148
0 50 0 1 0 0 0 0 1 0 0 0 0 1 0
0 51 0 1 0 0 0 0 1 0 0 0 0 1 0
0 52 0 1 0 0 0 0 1 0 0 0 0 1 0
0 53 0 1 0 0 0 0 1 0 0 0 0 1 0
0 54 0 1 0 0 0 0 1 0 0 0 0 1 0
0 55 0 1 0 0 0 0 1 0 0 0 0 1 0
0 56 0 1 0 0 0 0 1 0 0 0 0 1 0
0 57 0 1 0 0 0 0 1 0 0 0 0 1 0
0 58 0 1 0 0 0 0 1 0 0 0 0 1 0
0 59 0 1 0 0 0 0 1 0 0 0 0 1 0
0 60 0 1 0 0 0 0 1 0 0 0 0 1 0
0 61 0 1 0 0 0 0 1 0 0 0 0 1 0
0 62 0 1 0 0 0 0 1 0 0 0 0 1 0
0 63 0 1 0 0 0 0 1 0 0 0 0 1 0
0 64 0 1 0 0 0 0 1 0 0 0 0 1 0
0 65 13 -0.802292 -0.584735 -0.120048 0.328701 0.591662 -0.805626 -0.0300559 -0.199191 -0.0791387 -0.0951413 0.992313 0.923189
0 66 0 1 0 0 0 0 1 0 0 0 0 1 0
0 67 0 1 0 0 0 0 1 0 0 0 0 1 0
1 2 102 0.996328 0.0403105 -0.0755407 0.895656 -0.041809 0.998957 -0.0183604 0.0507713 0.0747218 0.0214512 0.996974 -0.44184
1 3 68 0.98425 0.0541681 -0.168277 0.98576 -0.052772 0.998525 0.0127608 0.0783805 0.16872 -0.00367955 0.985657 -0.148771
1 4 34 0.970655 0.0976677 -0.219752 0.995676 -0.0936167 0.995192 0.0287989 0.0405236 0.221508 -0.00738131 0.975131 -0.0835888
1 5 33 0.993106 -0.0373392 0.111116 -0.244664 0.0474035 0.994871 -0.0893572 0.478598 -0.107209 0.0940084 0.989782 -0.843258
1 6 0 1 0 0 0 0 1 0 0 0 0 1 0
1 7 0 1 0 0 0 0 1 0 0 0 0 1 0
1 8 0 1 0 0 0 0 1 0 0 0 0 1 0
1 9 0 1 0 0 0 0 1 0 0 0 0 1 0
1 10 0 1 0 0 0 0 1 0 0 0 0 1 0
1 11 0 1 0 0 0 0 1 0 0 0 0 1 0
1 12 0 1 0 0 0 0 1 0 0 0 0 1 0
1 13 0 1 0 0 0 0 1 0 0 0 0 1 0
1 14 0 1 0 0 0 0 1 0 0 0 0 1 0
1 15 14 0.827324 0.530724 0.18403 -0.445479 0.523128 -0.8473 0.0917578 -0.33013 0.204627 0.020358 -0.978628 0.832204
1 16 0 1 0 0 0 0 1 0 0 0 0 1 0
1 17 0 1 0 0 0 0 1 0 0 0 0 1 0
1 18 0 1 0 0 0 0 1 0 0 0 0 1 0
1 19 0 1 0 0 0 0 1 0 0 0 0 1 0
1 20 0 1 0 0 0 0 1 0 0 0 0 1 0
1 21 0 1 0 0 0 0 1 0 0 0 0 1 0
1 22 0 1 0 0 0 0 1 0 0 0 0 1 0
1 23 0 1 0 0 0 0 1 0 0 0 0 1 0
1 24 0 1 0 0 0 0 1 0 0 0 0 1 0
1 25 0 1 0 0 0 0 1 0 0 0 0 1 0
1 26 0 1 0 0 0 0 1 0 0 0 0 1 0
1 27 0 1 0 0 0 0 1 0 0 0 0 1 0
1 28 0 1 0 0 0 0 1 0 0 0 0 1 0
1 29 0 1 0 0 0 0 1 0 0 0 0 1 0
1 30 0 1 0 0 0 0 1 0 0 0 0 1 0
1 31 0 1 0 0 0 0 1 0 0 0 0 1 0
1 32 0 1 0 0 0 0 1 0 0 0 0 1 0
1 33 0 1 0 0 0 0 1 0 0 0 0 1 0
1 34 0 1 0 0 0 0 1 0 0 0 0 1 0
1 35 0 1 0 0 0 0 1 0 0 0 0 1 0
1 36 0 1 0 0 0 0 1 0 0 0 0 1 0
1 37 0 1 0 0 0 0 1 0 0 0 0 1 0
1 38 0 1 0 0 0 0 1 0 0 0 0 1 0
1 39 0 1 0 0 0 0 1 0 0 0 0 1 0
1 40 0 1 0 0 0 0 1 0 0 0 0 1 0
1 41 0 1 0 0 0 0 1 0 0 0 0 1 0
1 42 0 1 0 0 0 0 1 0 0 0 0 1 0
1 43 0 1 0 0 0 0 1 0 0 0 0 1 0
1 44 0 1 0 0 0 0 1 0 0 0 0 1 0
1 45 0 1 0 0 0 0 1 0 0 0 0 1 0
1 46 0 1 0 0 0 0 1 0 0 0 0 1 0
1 47 0 1 0 0 0 0 1 0 0 0 0 1 0
1 48 0 1 0 0 0 0 1 0 0 0 0 1 0
1 49 0 1 0 0 0 0 1 0 0 0 0 1 0
1 50 0 1 0 0 0 0 1 0 0 0 0 1 0
1 51 0 1 0 0 0 0 1 0 0 0 0 1 0
1 52 0 1 0 0 0 0 1 0 0 0 0 1 0
1 53 0 1 0 0 0 0 1 0 0 0 0 1 0
1 54 0 1 0 0 0 0 1 0 0 0 0 1 0
1 55 0 1 0 0 0 0 1 0 0 0 0 1 0
1 56 0 1 0 0 0 0 1 0 0 0 0 1 0
1 57 0 1 0 0 0 0 1 0 0 0 0 1 0
1 58 0 1 0 0 0 0 1 0 0 0 0 1 0
1 59 0 1 0 0 0 0 1 0 0 0 0 1 0
1 60 0 1 0 0 0 0 1 0 0 0 0 1 0
1 61 0 1 0 0 0 0 1 0 0 0 0 1 0
1 62 0 1 0 0 0 0 1 0 0 0 0 1 0
1 63 0 1 0 0 0 0 1 0 0 0 0 1 0
1 64 0 1 0 0 0 0 1 0 0 0 0 1 0
1 65 0 1 0 0 0 0 1 0 0 0 0 1 0
1 66 0 1 0 0 0 0 1 0 0 0 0 1 0
1 67 0 1 0 0 0 0 1 0 0 0 0 1 0
2 3 48 0.998135 0.0126736 -0.0597201 0.979072 -0.0103769 0.9992 0.0386133 0.142947 0.0601618 -0.0379216 0.997468 -0.14486
2 4 28 0.991627 0.0605577 -0.114054 0.986491 -0.0554674 0.99734 0.0472901 0.0777656 0.116614 -0.0405678 0.992348 -0.144178
2 5 18 0.988693 -0.0767863 -0.128801 0.175795 0.071475 0.99641 -0.0453704 0.0639318 0.131823 0.0356513 0.990632 0.982349
2 6 21 0.29764 0.387958 -0.872295 0.617591 0.271228 0.841692 0.466894 -0.282922 0.915339 -0.375557 0.145296 0.73385
2 7 0 1 0 0 0 0 1 0 0 0 0 1 0
2 8 0 1 0 0 0 0 1 0 0 0 0 1 0
2 9 0 1 0 0 0 0 1 0 0 0 0 1 0
2 10 0 1 0 0 0 0 1 0 0 0 0 1 0
2 11 0 1 0 0 0 0 1 0 0 0 0 1 0
2 12 0 1 0 0 0 0 1 0 0 0 0 1 0
2 13 0 1 0 0 0 0 1 0 0 0 0 1 0
2 14 0 1 0 0 0 0 1 0 0 0 0 1 0
2 15 0 1 0 0 0 0 1 0 0 0 0 1 0
2 16 0 1 0 0 0 0 1 0 0 0 0 1 0
2 17 0 1 0 0 0 0 1 0 0 0 0 1 0
2 18 0 1 0 0 0 0 1 0 0 0 0 1 0
2 19 0 1 0 0 0 0 1 0 0 0 0 1 0
2 20 0 1 0 0 0 0 1 0 0 0 0 1 0
2 21 0 1 0 0 0 0 1 0 0 0 0 1 0
2 22 0 1 0 0 0 0 1 0 0 0 0 1 0
2 23 0 1 0 0 0 0 1 0 0 0 0 1 0
2 24 0 1 0 0 0 0 1 0 0 0 0 1 0
2 25 0 1 0 0 0 0 1 0 0 0 0 1 0
2 26 0 1 0 0 0 0 1 0 0 0 0 1 0
2 27 0 1 0 0 0 0 1 0 0 0 0 1 0
2 28 0 1 0 0 0 0 1 0 0 0 0 1 0
2 29 0 1 0 0 0 0 1 0 0 0 0 1 0
2 30 0 1 0 0 0 0 1 0 0 0 0 1 0
2 31 0 1 0 0 0 0 1 0 0 0 0 1 0
2 32 0 1 0 0 0 0 1 0 0 0 0 1 0
2 33 0 1 0 0 0 0 1 0 0 0 0 1 0
2 34 0 1 0 0 0 0 1 0 0 0 0 1 0
2 35 0 1 0 0 0 0 1 0 0 0 0 1 0
2 36 0 1 0 0 0 0 1 0 0 0 0 1 0
2 37 0 1 0 0 0 0 1 0 0 0 0 1 0
2 38 0 1 0 0 0 0 1 0 0 0 0 1 0
2 39 0 1 0 0 0 0 1 0 0 0 0 1 0
2 40 0 1 0 0 0 0 1 0 0 0 0 1 0
2 41 0 1 0 0 0 0 1 0 0 0 0 1 0
2 42 0 1 0 0 0 0 1 0 0 0 0 1 0
2 43 0 1 0 0 0 0 1 0 0 0 0 1 0
2 44 0 1 0 0 0 0 1 0 0 0 0 1 0
2 45 0 1 0 0 0 0 1 0 0 0 0 1 0
2 46 0 1 0 0 0 0 1 0 0 0 0 1 0
2 47 0 1 0 0 0 0 1 0 0 0 0 1 0
2 48 0 1 0 0 0 0 1 0 0 0 0 1 0
2 49 0 1 0 0 0 0 1 0 0 0 0 1 0
2 50 0 1 0 0 0 0 1 0 0 0 0 1 0
2 51 0 1 0 0 0 0 1 0 0 0 0 1 0
2 52 0 1 0 0 0 0 1 0 0 0 0 1 0
2 53 0 1 0 0 0 0 1 0 0 0 0 1 0
2 54 0 1 0 0 0 0 1 0 0 0 0 1 0
2 55 0 1 0 0 0 0 1 0 0 0 0 1 0
2 56 0 1 0 0 0 0 1 0 0 0 0 1 0
2 57 0 1 0 0 0 0 1 0 0 0 0 1 0
2 58 0 1 0 0 0 0 1 0 0 0 0 1 0
2 59 0 1 0 0 0 0 1 0 0 0 0 1 0
2 60 0 1 0 0 0 0 1 0 0 0 0 1 0
2 61 0 1 0 0 0 0 1 0 0 0 0 1 0
2 62 0 1 0 0 0 0 1 0 0 0 0 1 0
2 63 0 1 0 0 0 0 1 0 0 0 0 1 0
2 64 0 1 0 0 0 0 1 0 0 0 0 1 0
2 65 0 1 0 0 0 0 1 0 0 0 0 1 0
2 66 0 1 0 0 0 0 1 0 0 0 0 1 0
2 67 0 1 0 0 0 0 1 0 0 0 0 1 0
3 4 77 0.994823 0.0539442 -0.0861278 0.998857 -0.0536656 0.998544 0.00554785 0.0376037 0.0863016 -0.000897023 0.996269 0.0295186
3 5 57 0.989544 0.0547046 -0.133454 0.991379 -0.0554826 0.998457 -0.00211482 0.0277863 0.133133 0.0094971 0.991053 -0.128044
3 6 31 0.934963 0.129097 -0.330421 0.996471 -0.12979 0.991339 0.0200649 0.0169608 0.330149 0.0241253 0.94362 0.0822067
3 7 0 1 0 0 0 0 1 0 0 0 0 1 0
3 8 0 1 0 0 0 0 1 0 0 0 0 1 0
3 9 0 1 0 0 0 0 1 0 0 0 0 1 0
3 10 20 -0.582875 0.336355 -0.739677 0.216479 0.280326 0.937654 0.205481 -0.0777682 0.762676 -0.0875816 -0.640824 0.973185
3 11 0 1 0 0 0 0 1 0 0 0 0 1 0
3 12 0 1 0 0 0 0 1 0 0 0 0 1 0
3 13 0 1 0 0 0 0 1 0 0 0 0 1 0
3 14 0 1 0 0 0 0 1 0 0 0 0 1 0
3 15 0 1 0 0 0 0 1 0 0 0 0 1 0
3 16 0 1 0 0 0 0 1 0 0 0 0 1 0
3 17 0 1 0 0 0 0 1 0 0 0 0 1 0
3 18 0 1 0 0 0 0 1 0 0 0 0 1 0
3 19 0 1 0 0 0 0 1 0 0 0 0 1 0
3 20 0 1 0 0 0 0 1 0 0 0 0 1 0
3 21 0 1 0 0 0 0 1 0 0 0 0 1 0
3 22 0 1 0 0 0 0 1 0 0 0 0 1 0
3 23 0 1 0 0 0 0 1 0 0 0 0 1 0
3 24 0 1 0 0 0 0 1 0 0 0 0 1 0
3 25 0 1 0 0 0 0 1 0 0 0 0 1 0
3 26 0 1 0 0 0 0 1 0 0 0 0 1 0
3 27 0 1 0 0 0 0 1 0 0 0 0 1 0
3 28 0 1 0 0 0 0 1 0 0 0 0 1 0
3 29 0 1 0 0 0 0 1 0 0 0 0 1 0
3 30 0 1 0 0 0 0 1 0 0 0 0 1 0
3 31 0 1 0 0 0 0 1 0 0 0 0 1 0
3 32 0 1 0 0 0 0 1 0 0 0 0 1 0
3 33 0 1 0 0 0 0 1 0 0 0 0 1 0
3 34 0 1 0 0 0 0 1 0 0 0 0 1 0
3 35 0 1 0 0 0 0 1 0 0 0 0 1 0
3 36 0 1 0 0 0 0 1 0 0 0 0 1 0
3 37 0 1 0 0 0 0 1 0 0 0 0 1 0
3 38 0 1 0 0 0 0 1 0 0 0 0 1 0
3 39 0 1 0 0 0 0 1 0 0 0 0 1 0
3 40 0 1 0 0 0 0 1 0 0 0 0 1 0
3 41 0 1 0 0 0 0 1 0 0 0 0 1 0
3 42 0 1 0 0 0 0 1 0 0 0 0 1 0
3 43 0 1 0 0 0 0 1 0 0 0 0 1 0
3 44 0 1 0 0 0 0 1 0 0 0 0 1 0
3 45 0 1 0 0 0 0 1 0 0 0 0 1 0
3 46 0 1 0 0 0 0 1 0 0 0 0 1 0
3 47 0 1 0 0 0 0 1 0 0 0 0 1 0
3 48 0 1 0 0 0 0 1 0 0 0 0 1 0
3 49 0 1 0 0 0 0 1 0 0 0 0 1 0
3 50 0 1 0 0 0 0 1 0 0 0 0 1 0
3 51 0 1 0 0 0 0 1 0 0 0 0 1 0
3 52 0 1 0 0 0 0 1 0 0 0 0 1 0
3 53 0 1 0 0 0 0 1 0 0 0 0 1 0
3 54 0 1 0 0 0 0 1 0 0 0 0 1 0
3 55 0 1 0 0 0 0 1 0 0 0 0 1 0
3 56 0 1 0 0 0 0 1 0 0 0 0 1 0
3 57 0 1 0 0 0 0 1 0 0 0 0 1 0
3 58 0 1 0 0 0 0 1 0 0 0 0 1 0
3 59 0 1 0 0 0 0 1 0 0 0 0 1 0
3 60 0 1 0 0 0 0 1 0 0 0 0 1 0
3 61 0 1 0 0 0 0 1 0 0 0 0 1 0
3 62 0 1 0 0 0 0 1 0 0 0 0 1 0
3 63 0 1 0 0 0 0 1 0 0 0 0 1 0
3 64 0 1 0 0 0 0 1 0 0 0 0 1 0
3 65 0 1 0 0 0 0 1 0 0 0 0 1 0
3 66 0 1 0 0 0 0 1 0 0 0 0 1 0
3 67 0 1 0 0 0 0 1 0 0 0 0 1 0
4 5 121 0.997733 0.00701852 -0.0669326 0.988012 -0.00773939 0.999915 -0.0105169 0.0276904 0.0668531 0.011011 0.997702 -0.151872
4 6 59 0.992338 0.0671199 -0.103731 0.965643 -0.0638296 0.997357 0.0347235 -0.107283 0.105788 -0.0278363 0.993999 -0.236695
4 7 47 0.983553 0.0474815 -0.174266 0.971146 -0.0485232 0.998821 -0.00171974 0.0701728 0.173979 0.0101474 0.984697 -0.22793
4 8 0 1 0 0 0 0 1 0 0 0 0 1 0
4 9 0 1 0 0 0 0 1 0 0 0 0 1 0
4 10 0 1 0 0 0 0 1 0 0 0 0 1 0
4 11 24 0.545058 -0.719039 0.431156 -0.215157 -0.831692 -0.398806 0.38632 -0.163018 -0.105831 -0.569155 -0.815391 0.962877
4 12 0 1 0 0 0 0 1 0 0 0 0 1 0
4 13 0 1 0 0 0 0 1 0 0 0 0 1 0
4 14 0 1 0 0 0 0 1 0 0 0 0 1 0
4 15 0 1 0 0 0 0 1 0 0 0 0 1 0
4 16 0 1 0 0 0 0 1 0 0 0 0 1 0
4 17 15 0.87057 0.136028 -0.472869 -0.836477 -0.117177 0.990693 0.0692601 -0.0298367 0.477889 -0.00488623 0.878407 -0.547189
4 18 0 1 0 0 0 0 1 0 0 0 0 1 0
4 19 0 1 0 0 0 0 1 0 0 0 0 1 0
4 20 0 1 0 0 0 0 1 0 0 0 0 1 0
4 21 0 1 0 0 0 0 1 0 0 0 0 1 0
4 22 0 1 0 0 0 0 1 0 0 0 0 1 0
4 23 0 1 0 0 0 0 1 0 0 0 0 1 0
4 24 0 1 0 0 0 0 1 0 0 0 0 1 0
4 25 0 1 0 0 0 0 1 0 0 0 0 1 0
4 26 0 1 0 0 0 0 1 0 0 0 0 1 0
4 27 0 1 0 0 0 0 1 0 0 0 0 1 0
4 28 0 1 0 0 0 0 1 0 0 0 0 1 0
4 29 0 1 0 0 0 0 1 0 0 0 0 1 0
4 30 0 1 0 0 0 0 1 0 0 0 0 1 0
4 31 0 1 0 0 0 0 1 0 0 0 0 1 0
4 32 0 1 0 0 0 0 1 0 0 0 0 1 0
4 33 0 1 0 0 0 0 1 0 0 0 0 1 0
4 34 0 1 0 0 0 0 1 0 0 0 0 1 0
4 35 0 1 0 0 0 0 1 0 0 0 0 1 0
4 36 0 1 0 0 0 0 1 0 0 0 0 1 0
4 37 0 1 0 0 0 0 1 0 0 0 0 1 0
4 38 0 1 0 0 0 0 1 0 0 0 0 1 0
4 39 0 1 0 0 0 0 1 0 0 0 0 1 0
4 40 0 1 0 0 0 0 1 0 0 0 0 1 0
4 41 0 1 0 0 0 0 1 0 0 0 0 1 0
4 42 0 1 0 0 0 0 1 0 0 0 0 1 0
4 43 0 1 0 0 0 0 1 0 0 0 0 1 0
4 44 0 1 0 0 0 0 1 0 0 0 0 1 0
4 45 0 1 0 0 0 0 1 0 0 0 0 1 0
4 46 0 1 0 0 0 0 1 0 0 0 0 1 0
4 47 0 1 0 0 0 0 1 0 0 0 0 1 0
4 48 0 1 0 0 0 0 1 0 0 0 0 1 0
4 49 0 1 0 0 0 0 1 0 0 0 0 1 0
4 50 0 1 0 0 0 0 1 0 0 0 0 1 0
4 51 0 1 0 0 0 0 1 0 0 0 0 1 0
4 52 0 1 0 0 0 0 1 0 0 0 0 1 0
4 53 0 1 0 0 0 0 1 0 0 0 0 1 0
4 54 0 1 0 0 0 0 1 0 0 0 0 1 0
4 55 0 1 0 0 0 0 1 0 0 0 0 1 0
4 56 0 1 0 0 0 0 1 0 0 0 0 1 0
4 57 0 1 0 0 0 0 1 0 0 0 0 1 0
4 58 0 1 0 0 0 0 1 0 0 0 0 1 0
4 59 0 1 0 0 0 0 1 0 0 0 0 1 0
4 60 0 1 0 0 0 0 1 0 0 0 0 1 0
4 61 0 1 0 0 0 0 1 0 0 0 0 1 0
4 62 0 1 0 0 0 0 1 0 0 0 0 1 0
4 63 0 1 0 0 0 0 1 0 0 0 0 1 0
4 64 0 1 0 0 0 0 1 0 0 0 0 1 0
4 65 0 1 0 0 0 0 1 0 0 0 0 1 0
4 66 0 1 0 0 0 0 1 0 0 0 0 1 0
4 67 0 1 0 0 0 0 1 0 0 0 0 1 0
5 6 71 0.997824 0.0379893 -0.0538817 0.964151 -0.0370401 0.999142 0.0185079 0.170606 0.0545386 -0.0164719 0.998376 -0.203239
5 7 56 0.982477 0.0623182 -0.175657 0.992533 -0.061266 0.998056 0.0114123 0.0279603 0.176027 -0.000450495 0.984385 -0.118728
5 8 0 1 0 0 0 0 1 0 0 0 0 1 0
5 9 0 1 0 0 0 0 1 0 0 0 0 1 0
5 10 11 0.999666 -0.0228533 -0.0120926 -0.169562 0.0230512 0.999598 0.0164844 0.0630815 0.011711 -0.0167577 0.999791 0.983498
5 11 0 1 0 0 0 0 1 0 0 0 0 1 0
5 12 0 1 0 0 0 0 1 0 0 0 0 1 0
5 13 0 1 0 0 0 0 1 0 0 0 0 1 0
5 14 0 1 0 0 0 0 1 0 0 0 0 1 0
5 15 0 1 0 0 0 0 1 0 0 0 0 1 0
5 16 0 1 0 0 0 0 1 0 0 0 0 1 0
5 17 14 0.785497 0.133914 -0.604203 0.156612 -0.121135 0.990692 0.062093 0.168472 0.606894 0.0244161 0.794408 -0.973186
5 18 0 1 0 0 0 0 1 0 0 0 0 1 0
5 19 0 1 0 0 0 0 1 0 0 0 0 1 0
5 20 0 1 0 0 0 0 1 0 0 0 0 1 0
5 21 0 1 0 0 0 0 1 0 0 0 0 1 0
5 22 0 1 0 0 0 0 1 0 0 0 0 1 0
5 23 0 1 0 0 0 0 1 0 0 0 0 1 0
5 24 0 1 0 0 0 0 1 0 0 0 0 1 0
5 25 0 1 0 0 0 0 1 0 0 0 0 1 0
5 26 0 1 0 0 0 0 1 0 0 0 0 1 0
5 27 0 1 0 0 0 0 1 0 0 0 0 1 0
5 28 0 1 0 0 0 0 1 0 0 0 0 1 0
5 29 0 1 0 0 0 0 1 0 0 0 0 1 0
5 30 0 1 0 0 0 0 1 0 0 0 0 1 0
5 31 0 1 0 0 0 0 1 0 0 0 0 1 0
5 32 0 1 0 0 0 0 1 0 0 0 0 1 0
5 33 0 1 0 0 0 0 1 0 0 0 0 1 0
5 34 0 1 0 0 0 0 1 0 0 0 0 1 0
5 35 0 1 0 0 0 0 1 0 0 0 0 1 0
5 36 0 1 0 0 0 0 1 0 0 0 0 1 0
5 37 0 1 0 0 0 0 1 0 0 0 0 1 0
5 38 0 1 0 0 0 0 1 0 0 0 0 1 0
5 39 0 1 0 0 0 0 1 0 0 0 0 1 0
5 40 16 0.0107483 -0.920852 0.389765 -0.0438568 -0.916075 0.147193 0.373016 0.00298029 -0.400863 -0.361063 -0.841987 0.999033
5 41 0 1 0 0 0 0 1 0 0 0 0 1 0
5 42 0 1 0 0 0 0 1 0 0 0 0 1 0
5 43 0 1 0 0 0 0 1 0 0 0 0 1 0
5 44 0 1 0 0 0 0 1 0 0 0 0 1 0
5 45 0 1 0 0 0 0 1 0 0 0 0 1 0
5 46 0 1 0 0 0 0 1 0 0 0 0 1 0
5 47 0 1 0 0 0 0 1 0 0 0 0 1 0
5 48 0 1 0 0 0 0 1 0 0 0 0 1 0
5 49 0 1 0 0 0 0 1 0 0 0 0 1 0
5 50 0 1 0 0 0 0 1 0 0 0 0 1 0
5 51 0 1 0 0 0 0 1 0 0 0 0 1 0
5 52 0 1 0 0 0 0 1 0 0 0 0 1 0
5 53 0 1 0 0 0 0 1 0 0 0 0 1 0
5 54 0 1 0 0 0 0 1 0 0 0 0 1 0
5 55 0 1 0 0 0 0 1 0 0 0 0 1 0
5 56 0 1 0 0 0 0 1 0 0 0 0 1 0
5 57 0 1 0 0 0 0 1 0 0 0 0 1 0
5 58 0 1 0 0 0 0 1 0 0 0 0 1 0
5 59 0 1 0 0 0 0 1 0 0 0 0 1 0
5 60 0 1 0 0 0 0 1 0 0 0 0 1 0
5 61 0 1 0 0 0 0 1 0 0 0 0 1 0
5 62 0 1 0 0 0 0 1 0 0 0 0 1 0
5 63 0 1 0 0 0 0 1 0 0 0 0 1 0
5 64 0 1 0 0 0 0 1 0 0 0 0 1 0
5 65 0 1 0 0 0 0 1 0 0 0 0 1 0
5 66 0 1 0 0 0 0 1 0 0 0 0 1 0
5 67 0 1 0 0 0 0 1 0 0 0 0 1 0
6 7 63 0.996925 0.0046116 -0.0782284 0.933849 -0.00586285 0.999858 -0.0157726 0.0575336 0.0781446 0.0161828 0.996811 -0.35301
6 8 0 1 0 0 0 0 1 0 0 0 0 1 0
6 9 0 1 0 0 0 0 1 0 0 0 0 1 0
6 10 0 1 0 0 0 0 1 0 0 0 0 1 0
6 11 0 1 0 0 0 0 1 0 0 0 0 1 0
6 12 0 1 0 0 0 0 1 0 0 0 0 1 0
6 13 0 1 0 0 0 0 1 0 0 0 0 1 0
6 14 0 1 0 0 0 0 1 0 0 0 0 1 0
6 15 0 1 0 0 0 0 1 0 0 0 0 1 0
6 16 0 1 0 0 0 0 1 0 0 0 0 1 0
6 17 0 1 0 0 0 0 1 0 0 0 0 1 0
6 18 0 1 0 0 0 0 1 0 0 0 0 1 0
6 19 0 1 0 0 0 0 1 0 0 0 0 1 0
6 20 0 1 0 0 0 0 1 0 0 0 0 1 0
6 21 0 1 0 0 0 0 1 0 0 0 0 1 0
6 22 0 1 0 0 0 0 1 0 0 0 0 1 0
6 23 0 1 0 0 0 0 1 0 0 0 0 1 0
6 24 0 1 0 0 0 0 1 0 0 0 0 1 0
6 25 0 1 0 0 0 0 1 0 0 0 0 1 0
6 26 0 1 0 0 0 0 1 0 0 0 0 1 0
6 27 0 1 0 0 0 0 1 0 0 0 0 1 0
6 28 0 1 0 0 0 0 1 0 0 0 0 1 0
6 29 0 1 0 0 0 0 1 0 0 0 0 1 0
6 30 0 1 0 0 0 0 1 0 0 0 0 1 0
6 31 0 1 0 0 0 0 1 0 0 0 0 1 0
6 32 0 1 0 0 0 0 1 0 0 0 0 1 0
6 33 0 1 0 0 0 0 1 0 0 0 0 1 0
6 34 0 1 0 0 0 0 1 0 0 0 0 1 0
6 35 0 1 0 0 0 0 1 0 0 0 0 1 0
6 36 0 1 0 0 0 0 1 0 0 0 0 1 0
6 37 0 1 0 0 0 0 1 0 0 0 0 1 0
6 38 0 1 0 0 0 0 1 0 0 0 0 1 0
6 39 0 1 0 0 0 0 1 0 0 0 0 1 0
6 40 0 1 0 0 0 0 1 0 0 0 0 1 0
6 41 0 1 0 0 0 0 1 0 0 0 0 1 0
6 42 0 1 0 0 0 0 1 0 0 0 0 1 0
6 43 0 1 0 0 0 0 1 0 0 0 0 1 0
6 44 0 1 0 0 0 0 1 0 0 0 0 1 0
6 45 0 1 0 0 0 0 1 0 0 0 0 1 0
6 46 0 1 0 0 0 0 1 0 0 0 0 1 0
6 47 0 1 0 0 0 0 1 0 0 0 0 1 0
6 48 0 1 0 0 0 0 1 0 0 0 0 1 0
6 49 0 1 0 0 0 0 1 0 0 0 0 1 0
6 50 0 1 0 0 0 0 1 0 0 0 0 1 0
6 51 0 1 0 0 0 0 1 0 0 0 0 1 0
6 52 0 1 0 0 0 0 1 0 0 0 0 1 0
6 53 0 1 0 0 0 0 1 0 0 0 0 1 0
6 54 0 1 0 0 0 0 1 0 0 0 0 1 0
6 55 0 1 0 0 0 0 1 0 0 0 0 1 0
6 56 0 1 0 0 0 0 1 0 0 0 0 1 0
6 57 0 1 0 0 0 0 1 0 0 0 0 1 0
6 58 0 1 0 0 0 0 1 0 0 0 0 1 0
6 59 0 1 0 0 0 0 1 0 0 0 0 1 0
6 60 0 1 0 0 0 0 1 0 0 0 0 1 0
6 61 0 1 0 0 0 0 1 0 0 0 0 1 0
6 62 0 1 0 0 0 0 1 0 0 0 0 1 0
6 63 0 1 0 0 0 0 1 0 0 0 0 1 0
6 64 0 1 0 0 0 0 1 0 0 0 0 1 0
6 65 0 1 0 0 0 0 1 0 0 0 0 1 0
6 66 0 1 0 0 0 0 1 0 0 0 0 1 0
6 67 0 1 0 0 0 0 1 0 0 0 0 1 0
7 8 0 1 0 0 0 0 1 0 0 0 0 1 0
7 9 26 0.99372 0.0306622 -0.107616 0.825687 -0.0312338 0.999506 -0.00362999 -0.12089 0.107451 0.00696843 0.994186 0.551023
7 10 0 1 0 0 0 0 1 0 0 0 0 1 0
7 11 0 1 0 0 0 0 1 0 0 0 0 1 0
7 12 0 1 0 0 0 0 1 0 0 0 0 1 0
7 13 0 1 0 0 0 0 1 0 0 0 0 1 0
7 14 0 1 0 0 0 0 1 0 0 0 0 1 0
7 15 0 1 0 0 0 0 1 0 0 0 0 1 0
7 16 0 1 0 0 0 0 1 0 0 0 0 1 0
7 17 0 1 0 0 0 0 1 0 0 0 0 1 0
7 18 13 0.185493 -0.66099 -0.727107 0.0667653 -0.978593 -0.0571274 -0.197717 0.126162 0.0891511 0.748217 -0.657437 0.98976
7 19 0 1 0 0 0 0 1 0 0 0 0 1 0
7 20 0 1 0 0 0 0 1 0 0 0 0 1 0
7 21 0 1 0 0 0 0 1 0 0 0 0 1 0
7 22 0 1 0 0 0 0 1 0 0 0 0 1 0
7 23 0 1 0 0 0 0 1 0 0 0 0 1 0
7 24 0 1 0 0 0 0 1 0 0 0 0 1 0
7 25 0 1 0 0 0 0 1 0 0 0 0 1 0
7 26 0 1 0 0 0 0 1 0 0 0 0 1 0
7 27 0 1 0 0 0 0 1 0 0 0 0 1 0
7 28 0 1 0 0 0 0 1 0 0 0 0 1 0
7 29 0 1 0 0 0 0 1 0 0 0 0 1 0
7 30 0 1 0 0 0 0 1 0 0 0 0 1 0
7 31 0 1 0 0 0 0 1 0 0 0 0 1 0
7 32 0 1 0 0 0 0 1 0 0 0 0 1 0
7 33 0 1 0 0 0 0 1 0 0 0 0 1 0
7 34 0 1 0 0 0 0 1 0 0 0 0 1 0
7 35 0 1 0 0 0 0 1 0 0 0 0 1 0
7 36 0 1 0 0 0 0 1 0 0 0 0 1 0
7 37 0 1 0 0 0 0 1 0 0 0 0 1 0
7 38 0 1 0 0 0 0 1 0 0 0 0 1 0
7 39 0 1 0 0 0 0 1 0 0 0 0 1 0
7 40 0 1 0 0 0 0 1 0 0 0 0 1 0
7 41 0 1 0 0 0 0 1 0 0 0 0 1 0
7 42 0 1 0 0 0 0 1 0 0 0 0 1 0
7 43 0 1 0 0 0 0 1 0 0 0 0 1 0
7 44 0 1 0 0 0 0 1 0 0 0 0 1 0
7 45 0 1 0 0 0 0 1 0 0 0 0 1 0
7 46 0 1 0 0 0 0 1 0 0 0 0 1 0
7 47 0 1 0 0 0 0 1 0 0 0 0 1 0
7 48 0 1 0 0 0 0 1 0 0 0 0 1 0
7 49 0 1 0 0 0 0 1 0 0 0 0 1 0
7 50 0 1 0 0 0 0 1 0 0 0 0 1 0
7 51 0 1 0 0 0 0 1 0 0 0 0 1 0
7 52 0 1 0 0 0 0 1 0 0 0 0 1 0
7 53 0 1 0 0 0 0 1 0 0 0 0 1 0
7 54 0 1 0 0 0 0 1 0 0 0 0 1 0
7 55 0 1 0 0 0 0 1 0 0 0 0 1 0
7 56 0 1 0 0 0 0 1 0 0 0 0 1 0
7 57 0 1 0 0 0 0 1 0 0 0 0 1 0
7 58 0 1 0 0 0 0 1 0 0 0 0 1 0
7 59 0 1 0 0 0 0 1 0 0 0 0 1 0
7 60 0 1 0 0 0 0 1 0 0 0 0 1 0
7 61 0 1 0 0 0 0 1 0 0 0 0 1 0
7 62 0 1 0 0 0 0 1 0 0 0 0 1 0
7 63 0 1 0 0 0 0 1 0 0 0 0 1 0
7 64 0 1 0 0 0 0 1 0 0 0 0 1 0
7 65 0 1 0 0 0 0 1 0 0 0 0 1 0
7 66 0 1 0 0 0 0 1 0 0 0 0 1 0
7 67 0 1 0 0 0 0 1 0 0 0 0 1 0
8 9 50 0.996136 -0.0687207 -0.0546782 0.4068 0.0721743 0.995342 0.0639162 -0.148333 0.0500312 -0.0676156 0.996456 0.901394
8 10 29 0.988823 -0.0164754 -0.14818 0.684069 0.0237202 0.998601 0.0472582 -0.156737 0.147194 -0.0502449 0.987831 0.712378
8 11 20 0.991793 -0.109754 -0.0655746 -0.172107 0.108311 0.993798 -0.025178 0.0909312 0.0679313 0.017869 0.99753 0.980872
8 12 0 1 0 0 0 0 1 0 0 0 0 1 0
8 13 0 1 0 0 0 0 1 0 0 0 0 1 0
8 14 0 1 0 0 0 0 1 0 0 0 0 1 0
8 15 0 1 0 0 0 0 1 0 0 0 0 1 0
8 16 0 1 0 0 0 0 1 0 0 0 0 1 0
8 17 0 1 0 0 0 0 1 0 0 0 0 1 0
8 18 0 1 0 0 0 0 1 0 0 0 0 1 0
8 19 0 1 0 0 0 0 1 0 0 0 0 1 0
8 20 0 1 0 0 0 0 1 0 0 0 0 1 0
8 21 0 1 0 0 0 0 1 0 0 0 0 1 0
8 22 0 1 0 0 0 0 1 0 0 0 0 1 0
8 23 0 1 0 0 0 0 1 0 0 0 0 1 0
8 24 0 1 0 0 0 0 1 0 0 0 0 1 0
8 25 0 1 0 0 0 0 1 0 0 0 0 1 0
8 26 0 1 0 0 0 0 1 0 0 0 0 1 0
8 27 0 1 0 0 0 0 1 0 0 0 0 1 0
8 28 0 1 0 0 0 0 1 0 0 0 0 1 0
8 29 0 1 0 0 0 0 1 0 0 0 0 1 0
8 30 0 1 0 0 0 0 1 0 0 0 0 1 0
8 31 0 1 0 0 0 0 1 0 0 0 0 1 0
8 32 0 1 0 0 0 0 1 0 0 0 0 1 0
8 33 0 1 0 0 0 0 1 0 0 0 0 1 0
8 34 0 1 0 0 0 0 1 0 0 0 0 1 0
8 35 0 1 0 0 0 0 1 0 0 0 0 1 0
8 36 0 1 0 0 0 0 1 0 0 0 0 1 0
8 37 0 1 0 0 0 0 1 0 0 0 0 1 0
8 38 0 1 0 0 0 0 1 0 0 0 0 1 0
8 39 0 1 0 0 0 0 1 0 0 0 0 1 0
8 40 0 1 0 0 0 0 1 0 0 0 0 1 0
8 41 0 1 0 0 0 0 1 0 0 0 0 1 0
8 42 0 1 0 0 0 0 1 0 0 0 0 1 0
8 43 0 1 0 0 0 0 1 0 0 0 0 1 0
8 44 0 1 0 0 0 0 1 0 0 0 0 1 0
8 45 0 1 0 0 0 0 1 0 0 0 0 1 0
8 46 0 1 0 0 0 0 1 0 0 0 0 1 0
8 47 0 1 0 0 0 0 1 0 0 0 0 1 0
8 48 0 1 0 0 0 0 1 0 0 0 0 1 0
8 49 0 1 0 0 0 0 1 0 0 0 0 1 0
8 50 0 1 0 0 0 0 1 0 0 0 0 1 0
8 51 0 1 0 0 0 0 1 0 0 0 0 1 0
8 52 0 1 0 0 0 0 1 0 0 0 0 1 0
8 53 0 1 0 0 0 0 1 0 0 0 0 1 0
8 54 0 1 0 0 0 0 1 0 0 0 0 1 0
8 55 0 1 0 0 0 0 1 0 0 0 0 1 0
8 56 0 1 0 0 0 0 1 0 0 0 0 1 0
8 57 0 1 0 0 0 0 1 0 0 0 0 1 0
8 58 0 1 0 0 0 0 1 0 0 0 0 1 0
8 59 0 1 0 0 0 0 1 0 0 0 0 1 0
8 60 0 1 0 0 0 0 1 0 0 0 0 1 0
8 61 0 1 0 0 0 0 1 0 0 0 0 1 0
8 62 0 1 0 0 0 0 1 0 0 0 0 1 0
8 63 0 1 0 0 0 0 1 0 0 0 0 1 0
8 64 0 1 0 0 0 0 1 0 0 0 0 1 0
8 65 0 1 0 0 0 0 1 0 0 0 0 1 0
8 66 0 1 0 0 0 0 1 0 0 0 0 1 0
8 67 0 1 0 0 0 0 1 0 0 0 0 1 0
9 10 35 0.998198 0.0104959 -0.0590817 -0.329575 -0.0115369 0.999784 -0.0173052 -0.274696 0.0588873 0.0179556 0.998103 0.903284
9 11 44 0.963231 0.00930029 -0.268513 0.963164 -0.0340445 0.99557 -0.0876443 0.262415 0.266508 0.0935631 0.959281 0.0587634
9 12 15 0.999803 0.01872 -0.00653095 0.149186 -0.0190363 0.998449 -0.0523116 0.185588 0.00554155 0.0524256 0.998609 -0.971237
9 13 12 0.99998 0.000934257 -0.00627576 0.118861 -0.00116884 0.999297 -0.0374807 -0.0148787 0.00623633 0.0374873 0.999278 -0.992799
9 14 0 1 0 0 0 0 1 0 0 0 0 1 0
9 15 0 1 0 0 0 0 1 0 0 0 0 1 0
9 16 0 1 0 0 0 0 1 0 0 0 0 1 0
9 17 0 1 0 0 0 0 1 0 0 0 0 1 0
9 18 0 1 0 0 0 0 1 0 0 0 0 1 0
9 19 0 1 0 0 0 0 1 0 0 0 0 1 0
9 20 0 1 0 0 0 0 1 0 0 0 0 1 0
9 21 0 1 0 0 0 0 1 0 0 0 0 1 0
9 22 0 1 0 0 0 0 1 0 0 0 0 1 0
9 23 0 1 0 0 0 0 1 0 0 0 0 1 0
9 24 0 1 0 0 0 0 1 0 0 0 0 1 0
9 25 0 1 0 0 0 0 1 0 0 0 0 1 0
9 26 0 1 0 0 0 0 1 0 0 0 0 1 0
9 27 0 1 0 0 0 0 1 0 0 0 0 1 0
9 28 0 1 0 0 0 0 1 0 0 0 0 1 0
9 29 0 1 0 0 0 0 1 0 0 0 0 1 0
9 30 0 1 0 0 0 0 1 0 0 0 0 1 0
9 31 0 1 0 0 0 0 1 0 0 0 0 1 0
9 32 0 1 0 0 0 0 1 0 0 0 0 1 0
9 33 0 1 0 0 0 0 1 0 0 0 0 1 0
9 34 0 1 0 0 0 0 1 0 0 0 0 1 0
9 35 0 1 0 0 0 0 1 0 0 0 0 1 0
9 36 0 1 0 0 0 0 1 0 0 0 0 1 0
9 37 0 1 0 0 0 0 1 0 0 0 0 1 0
9 38 0 1 0 0 0 0 1 0 0 0 0 1 0
9 39 0 1 0 0 0 0 1 0 0 0 0 1 0
9 40 0 1 0 0 0 0 1 0 0 0 0 1 0
9 41 0 1 0 0 0 0 1 0 0 0 0 1 0
9 42 0 1 0 0 0 0 1 0 0 0 0 1 0
9 43 0 1 0 0 0 0 1 0 0 0 0 1 0
9 44 0 1 0 0 0 0 1 0 0 0 0 1 0
9 45 0 1 0 0 0 0 1 0 0 0 0 1 0
9 46 0 1 0 0 0 0 1 0 0 0 0 1 0
9 47 0 1 0 0 0 0 1 0 0 0 0 1 0
9 48 0 1 0 0 0 0 1 0 0 0 0 1 0
9 49 0 1 0 0 0 0 1 0 0 0 0 1 0
9 50 0 1 0 0 0 0 1 0 0 0 0 1 0
9 51 0 1 0 0 0 0 1 0 0 0 0 1 0
9 52 0 1 0 0 0 0 1 0 0 0 0 1 0
9 53 0 1 0 0 0 0 1 0 0 0 0 1 0
9 54 0 1 0 0 0 0 1 0 0 0 0 1 0
9 55 0 1 0 0 0 0 1 0 0 0 0 1 0
9 56 0 1 0 0 0 0 1 0 0 0 0 1 0
9 57 0 1 0 0 0 0 1 0 0 0 0 1 0
9 58 0 1 0 0 0 0 1 0 0 0 0 1 0
9 59 0 1 0 0 0 0 1 0 0 0 0 1 0
9 60 0 1 0 0 0 0 1 0 0 0 0 1 0
9 61 0 1 0 0 0 0 1 0 0 0 0 1 0
9 62 0 1 0 0 0 0 1 0 0 0 0 1 0
9 63 0 1 0 0 0 0 1 0 0 0 0 1 0
9 64 0 1 0 0 0 0 1 0 0 0 0 1 0
9 65 0 1 0 0 0 0 1 0 0 0 0 1 0
9 66 0 1 0 0 0 0 1 0 0 0 0 1 0
9 67 0 1 0 0 0 0 1 0 0 0 0 1 0
10 11 57 0.999309 0.0262769 -0.0262985 -0.973256 -0.026687 0.999526 -0.0153694 0.0921546 0.0258822 0.0160606 0.999536 -0.210428
10 12 50 0.986163 0.0164287 -0.164965 0.984105 -0.0245725 0.998571 -0.0474478 0.127322 0.16395 0.0508448 0.985157 -0.123802
10 13 13 0.998199 -0.036159 0.0478764 0.155942 0.0381332 0.998432 -0.040986 0.203417 -0.0463193 0.0427379 0.998012 -0.966594
10 14 0 1 0 0 0 0 1 0 0 0 0 1 0
10 15 0 1 0 0 0 0 1 0 0 0 0 1 0
10 16 0 1 0 0 0 0 1 0 0 0 0 1 0
10 17 0 1 0 0 0 0 1 0 0 0 0 1 0
10 18 0 1 0 0 0 0 1 0 0 0 0 1 0
10 19 0 1 0 0 0 0 1 0 0 0 0 1 0
10 20 0 1 0 0 0 0 1 0 0 0 0 1 0
10 21 0 1 0 0 0 0 1 0 0 0 0 1 0
10 22 0 1 0 0 0 0 1 0 0 0 0 1 0
10 23 0 1 0 0 0 0 1 0 0 0 0 1 0
10 24 0 1 0 0 0 0 1 0 0 0 0 1 0
10 25 0 1 0 0 0 0 1 0 0 0 0 1 0
10 26 0 1 0 0 0 0 1 0 0 0 0 1 0
10 27 0 1 0 0 0 0 1 0 0 0 0 1 0
10 28 0 1 0 0 0 0 1 0 0 0 0 1 0
10 29 0 1 0 0 0 0 1 0 0 0 0 1 0
10 30 0 1 0 0 0 0 1 0 0 0 0 1 0
10 31 0 1 0 0 0 0 1 0 0 0 0 1 0
10 32 0 1 0 0 0 0 1 0 0 0 0 1 0
10 33 0 1 0 0 0 0 1 0 0 0 0 1 0
10 34 0 1 0 0 0 0 1 0 0 0 0 1 0
10 35 0 1 0 0 0 0 1 0 0 0 0 1 0
10 36 0 1 0 0 0 0 1 0 0 0 0 1 0
10 37 0 1 0 0 0 0 1 0 0 0 0 1 0
10 38 0 1 0 0 0 0 1 0 0 0 0 1 0
10 39 0 1 0 0 0 0 1 0 0 0 0 1 0
10 40 0 1 0 0 0 0 1 0 0 0 0 1 0
10 41 0 1 0 0 0 0 1 0 0 0 0 1 0
10 42 0 1 0 0 0 0 1 0 0 0 0 1 0
10 43 0 1 0 0 0 0 1 0 0 0 0 1 0
10 44 0 1 0 0 0 0 1 0 0 0 0 1 0
10 45 0 1 0 0 0 0 1 0 0 0 0 1 0
10 46 0 1 0 0 0 0 1 0 0 0 0 1 0
10 47 0 1 0 0 0 0 1 0 0 0 0 1 0
10 48 0 1 0 0 0 0 1 0 0 0 0 1 0
10 49 0 1 0 0 0 0 1 0 0 0 0 1 0
10 50 0 1 0 0 0 0 1 0 0 0 0 1 0
10 51 0 1 0 0 0 0 1 0 0 0 0 1 0
10 52 0 1 0 0 0 0 1 0 0 0 0 1 0
10 53 0 1 0 0 0 0 1 0 0 0 0 1 0
10 54 0 1 0 0 0 0 1 0 0 0 0 1 0
10 55 0 1 0 0 0 0 1 0 0 0 0 1 0
10 56 0 1 0 0 0 0 1 0 0 0 0 1 0
10 57 0 1 0 0 0 0 1 0 0 0 0 1 0
10 58 0 1 0 0 0 0 1 0 0 0 0 1 0
10 59 0 1 0 0 0 0 1 0 0 0 0 1 0
10 60 0 1 0 0 0 0 1 0 0 0 0 1 0
10 61 0 1 0 0 0 0 1 0 0 0 0 1 0
10 62 0 1 0 0 0 0 1 0 0 0 0 1 0
10 63 0 1 0 0 0 0 1 0 0 0 0 1 0
10 64 0 1 0 0 0 0 1 0 0 0 0 1 0
10 65 0 1 0 0 0 0 1 0 0 0 0 1 0
10 66 0 1 0 0 0 0 1 0 0 0 0 1 0
10 67 0 1 0 0 0 0 1 0 0 0 0 1 0
11 12 79 0.996541 0.0276591 -0.0783597 0.991158 -0.0286762 0.999518 -0.0118836 0.101654 0.0779933 0.0140896 0.996854 -0.085277
11 13 24 0.99831 0.0438207 -0.0381589 0.725982 -0.0441437 0.998996 -0.00766217 0.0668984 0.0377848 0.0093337 0.999242 -0.684453
11 14 21 0.86158 0.372727 -0.344609 0.520305 -0.131063 0.819188 0.558349 -0.74872 0.490411 -0.435897 0.754646 0.410733
11 15 0 1 0 0 0 0 1 0 0 0 0 1 0
11 16 0 1 0 0 0 0 1 0 0 0 0 1 0
11 17 0 1 0 0 0 0 1 0 0 0 0 1 0
11 18 0 1 0 0 0 0 1 0 0 0 0 1 0
11 19 0 1 0 0 0 0 1 0 0 0 0 1 0
11 20 0 1 0 0 0 0 1 0 0 0 0 1 0
11 21 0 1 0 0 0 0 1 0 0 0 0 1 0
11 22 0 1 0 0 0 0 1 0 0 0 0 1 0
11 23 0 1 0 0 0 0 1 0 0 0 0 1 0
11 24 0 1 0 0 0 0 1 0 0 0 0 1 0
11 25 0 1 0 0 0 0 1 0 0 0 0 1 0
11 26 0 1 0 0 0 0 1 0 0 0 0 1 0
11 27 0 1 0 0 0 0 1 0 0 0 0 1 0
11 28 0 1 0 0 0 0 1 0 0 0 0 1 0
11 29 0 1 0 0 0 0 1 0 0 0 0 1 0
11 30 0 1 0 0 0 0 1 0 0 0 0 1 0
11 31 0 1 0 0 0 0 1 0 0 0 0 1 0
11 32 0 1 0 0 0 0 1 0 0 0 0 1 0
11 33 0 1 0 0 0 0 1 0 0 0 0 1 0
11 34 0 1 0 0 0 0 1 0 0 0 0 1 0
11 35 0 1 0 0 0 0 1 0 0 0 0 1 0
11 36 0 1 0 0 0 0 1 0 0 0 0 1 0
11 37 0 1 0 0 0 0 1 0 0 0 0 1 0
11 38 0 1 0 0 0 0 1 0 0 0 0 1 0
11 39 0 1 0 0 0 0 1 0 0 0 0 1 0
11 40 0 1 0 0 0 0 1 0 0 0 0 1 0
11 41 0 1 0 0 0 0 1 0 0 0 0 1 0
11 42 0 1 0 0 0 0 1 0 0 0 0 1 0
11 43 13 0.992238 0.0969002 -0.0779326 -0.0824737 -0.0910212 0.992964 0.0757532 0.0467279 0.0847247 -0.0680718 0.994076 0.995497
11 44 0 1 0 0 0 0 1 0 0 0 0 1 0
11 45 0 1 0 0 0 0 1 0 0 0 0 1 0
11 46 0 1 0 0 0 0 1 0 0 0 0 1 0
11 47 0 1 0 0 0 0 1 0 0 0 0 1 0
11 48 0 1 0 0 0 0 1 0 0 0 0 1 0
11 49 0 1 0 0 0 0 1 0 0 0 0 1 0
11 50 0 1 0 0 0 0 1 0 0 0 0 1 0
11 51 0 1 0 0 0 0 1 0 0 0 0 1 0
11 52 0 1 0 0 0 0 1 0 0 0 0 1 0
11 53 0 1 0 0 0 0 1 0 0 0 0 1 0
11 54 0 1 0 0 0 0 1 0 0 0 0 1 0
11 55 0 1 0 0 0 0 1 0 0 0 0 1 0
11 56 0 1 0 0 0 0 1 0 0 0 0 1 0
11 57 0 1 0 0 0 0 1 0 0 0 0 1 0
11 58 0 1 0 0 0 0 1 0 0 0 0 1 0
11 59 0 1 0 0 0 0 1 0 0 0 0 1 0
11 60 0 1 0 0 0 0 1 0 0 0 0 1 0
11 61 0 1 0 0 0 0 1 0 0 0 0 1 0
11 62 0 1 0 0 0 0 1 0 0 0 0 1 0
11 63 0 1 0 0 0 0 1 0 0 0 0 1 0
11 64 0 1 0 0 0 0 1 0 0 0 0 1 0
11 65 0 1 0 0 0 0 1 0 0 0 0 1 0
11 66 0 1 0 0 0 0 1 0 0 0 0 1 0
11 67 0 1 0 0 0 0 1 0 0 0 0 1 0
12 13 47 0.998507 0.0180201 -0.0515585 0.730326 -0.0182832 0.999822 -0.00463532 0.13033 0.0514658 0.00557105 0.998659 -0.67055
12 14 24 0.998079 -0.055204 0.0281053 0.0428643 0.056166 0.997819 -0.0346729 0.683153 -0.0261299 0.0361849 0.999003 0.729016
12 15 13 0.958378 -0.274397 0.0788512 -0.113398 0.242789 0.928613 0.28059 -0.14888 -0.150215 -0.249767 0.956583 0.982332
12 16 0 1 0 0 0 0 1 0 0 0 0 1 0
12 17 0 1 0 0 0 0 1 0 0 0 0 1 0
12 18 0 1 0 0 0 0 1 0 0 0 0 1 0
12 19 0 1 0 0 0 0 1 0 0 0 0 1 0
12 20 0 1 0 0 0 0 1 0 0 0 0 1 0
12 21 0 1 0 0 0 0 1 0 0 0 0 1 0
12 22 0 1 0 0 0 0 1 0 0 0 0 1 0
12 23 0 1 0 0 0 0 1 0 0 0 0 1 0
12 24 0 1 0 0 0 0 1 0 0 0 0 1 0
12 25 0 1 0 0 0 0 1 0 0 0 0 1 0
12 26 0 1 0 0 0 0 1 0 0 0 0 1 0
12 27 0 1 0 0 0 0 1 0 0 0 0 1 0
12 28 0 1 0 0 0 0 1 0 0 0 0 1 0
12 29 0 1 0 0 0 0 1 0 0 0 0 1 0
12 30 0 1 0 0 0 0 1 0 0 0 0 1 0
12 31 0 1 0 0 0 0 1 0 0 0 0 1 0
12 32 0 1 0 0 0 0 1 0 0 0 0 1 0
12 33 0 1 0 0 0 0 1 0 0 0 0 1 0
12 34 0 1 0 0 0 0 1 0 0 0 0 1 0
12 35 0 1 0 0 0 0 1 0 0 0 0 1 0
12 36 0 1 0 0 0 0 1 0 0 0 0 1 0
12 37 0 1 0 0 0 0 1 0 0 0 0 1 0
12 38 0 1 0 0 0 0 1 0 0 0 0 1 0
12 39 0 1 0 0 0 0 1 0 0 0 0 1 0
12 40 0 1 0 0 0 0 1 0 0 0 0 1 0
12 41 0 1 0 0 0 0 1 0 0 0 0 1 0
12 42 0 1 0 0 0 0 1 0 0 0 0 1 0
12 43 0 1 0 0 0 0 1 0 0 0 0 1 0
12 44 0 1 0 0 0 0 1 0 0 0 0 1 0
12 45 0 1 0 0 0 0 1 0 0 0 0 1 0
12 46 0 1 0 0 0 0 1 0 0 0 0 1 0
12 47 0 1 0 0 0 0 1 0 0 0 0 1 0
12 48 0 1 0 0 0 0 1 0 0 0 0 1 0
12 49 0 1 0 0 0 0 1 0 0 0 0 1 0
12 50 0 1 0 0 0 0 1 0 0 0 0 1 0
12 51 0 1 0 0 0 0 1 0 0 0 0 1 0
12 52 0 1 0 0 0 0 1 0 0 0 0 1 0
12 53 0 1 0 0 0 0 1 0 0 0 0 1 0
12 54 0 1 0 0 0 0 1 0 0 0 0 1 0
12 55 0 1 0 0 0 0 1 0 0 0 0 1 0
12 56 0 1 0 0 0 0 1 0 0 0 0 1 0
12 57 0 1 0 0 0 0 1 0 0 0 0 1 0
12 58 0 1 0 0 0 0 1 0 0 0 0 1 0
12 59 0 1 0 0 0 0 1 0 0 0 0 1 0
12 60 0 1 0 0 0 0 1 0 0 0 0 1 0
12 61 0 1 0 0 0 0 1 0 0 0 0 1 0
12 62 0 1 0 0 0 0 1 0 0 0 0 1 0
12 63 0 1 0 0 0 0 1 0 0 0 0 1 0
12 64 0 1 0 0 0 0 1 0 0 0 0 1 0
12 65 0 1 0 0 0 0 1 0 0 0 0 1 0
12 66 0 1 0 0 0 0 1 0 0 0 0 1 0
12 67 0 1 0 0 0 0 1 0 0 0 0 1 0
13 14 51 0.998135 0.0320524 -0.0519627 0.974661 -0.0331964 0.999222 -0.0213053 0.04295 0.0512394 0.0229906 0.998422 -0.219525
13 15 18 0.999486 0.0180501 -0.0264837 0.642955 -0.0176941 0.999751 0.013617 -0.0596398 0.0267229 -0.0131414 0.999556 0.763579
13 16 0 1 0 0 0 0 1 0 0 0 0 1 0
13 17 0 1 0 0 0 0 1 0 0 0 0 1 0
13 18 17 0.0580867 -0.933312 0.354336 0.203216 -0.907133 0.0988481 0.40907 0.0254595 -0.416816 -0.345192 -0.840897 0.978803
13 19 0 1 0 0 0 0 1 0 0 0 0 1 0
13 20 0 1 0 0 0 0 1 0 0 0 0 1 0
13 21 0 1 0 0 0 0 1 0 0 0 0 1 0
13 22 0 1 0 0 0 0 1 0 0 0 0 1 0
13 23 0 1 0 0 0 0 1 0 0 0 0 1 0
13 24 0 1 0 0 0 0 1 0 0 0 0 1 0
13 25 0 1 0 0 0 0 1 0 0 0 0 1 0
13 26 0 1 0 0 0 0 1 0 0 0 0 1 0
13 27 0 1 0 0 0 0 1 0 0 0 0 1 0
13 28 0 1 0 0 0 0 1 0 0 0 0 1 0
13 29 0 1 0 0 0 0 1 0 0 0 0 1 0
13 30 0 1 0 0 0 0 1 0 0 0 0 1 0
13 31 0 1 0 0 0 0 1 0 0 0 0 1 0
13 32 0 1 0 0 0 0 1 0 0 0 0 1 0
13 33 0 1 0 0 0 0 1 0 0 0 0 1 0
13 34 0 1 0 0 0 0 1 0 0 0 0 1 0
13 35 0 1 0 0 0 0 1 0 0 0 0 1 0
13 36 0 1 0 0 0 0 1 0 0 0 0 1 0
13 37 0 1 0 0 0 0 1 0 0 0 0 1 0
13 38 0 1 0 0 0 0 1 0 0 0 0 1 0
13 39 0 1 0 0 0 0 1 0 0 0 0 1 0
13 40 0 1 0 0 0 0 1 0 0 0 0 1 0
13 41 0 1 0 0 0 0 1 0 0 0 0 1 0
13 42 0 1 0 0 0 0 1 0 0 0 0 1 0
13 43 0 1 0 0 0 0 1 0 0 0 0 1 0
13 44 0 1 0 0 0 0 1 0 0 0 0 1 0
13 45 0 1 0 0 0 0 1 0 0 0 0 1 0
13 46 0 1 0 0 0 0 1 0 0 0 0 1 0
13 47 0 1 0 0 0 0 1 0 0 0 0 1 0
13 48 0 1 0 0 0 0 1 0 0 0 0 1 0
13 49 0 1 0 0 0 0 1 0 0 0 0 1 0
13 50 0 1 0 0 0 0 1 0 0 0 0 1 0
13 51 0 1 0 0 0 0 1 0 0 0 0 1 0
13 52 0 1 0 0 0 0 1 0 0 0 0 1 0
13 53 0 1 0 0 0 0 1 0 0 0 0 1 0
13 54 0 1 0 0 0 0 1 0 0 0 0 1 0
13 55 0 1 0 0 0 0 1 0 0 0 0 1 0
13 56 0 1 0 0 0 0 1 0 0 0 0 1 0
13 57 0 1 0 0 0 0 1 0 0 0 0 1 0
13 58 0 1 0 0 0 0 1 0 0 0 0 1 0
13 59 0 1 0 0 0 0 1 0 0 0 0 1 0
13 60 0 1 0 0 0 0 1 0 0 0 0 1 0
13 61 0 1 0 0 0 0 1 0 0 0 0 1 0
13 62 0 1 0 0 0 0 1 0 0 0 0 1 0
13 63 0 1 0 0 0 0 1 0 0 0 0 1 0
13 64 0 1 0 0 0 0 1 0 0 0 0 1 0
13 65 0 1 0 0 0 0 1 0 0 0 0 1 0
13 66 0 1 0 0 0 0 1 0 0 0 0 1 0
13 67 0 1 0 0 0 0 1 0 0 0 0 1 0
14 15 25 0.999406 0.00788109 -0.0335576 0.341081 -0.00677681 0.999436 0.0328945 0.0104782 0.0337979 -0.0326475 0.998895 0.939975
14 16 0 1 0 0 0 0 1 0 0 0 0 1 0
14 17 0 1 0 0 0 0 1 0 0 0 0 1 0
14 18 0 1 0 0 0 0 1 0 0 0 0 1 0
14 19 0 1 0 0 0 0 1 0 0 0 0 1 0
14 20 0 1 0 0 0 0 1 0 0 0 0 1 0
14 21 0 1 0 0 0 0 1 0 0 0 0 1 0
14 22 0 1 0 0 0 0 1 0 0 0 0 1 0
14 23 0 1 0 0 0 0 1 0 0 0 0 1 0
14 24 0 1 0 0 0 0 1 0 0 0 0 1 0
14 25 0 1 0 0 0 0 1 0 0 0 0 1 0
14 26 0 1 0 0 0 0 1 0 0 0 0 1 0
14 27 0 1 0 0 0 0 1 0 0 0 0 1 0
14 28 0 1 0 0 0 0 1 0 0 0 0 1 0
14 29 0 1 0 0 0 0 1 0 0 0 0 1 0
14 30 0 1 0 0 0 0 1 0 0 0 0 1 0
14 31 0 1 0 0 0 0 1 0 0 0 0 1 0
14 32 0 1 0 0 0 0 1 0 0 0 0 1 0
14 33 0 1 0 0 0 0 1 0 0 0 0 1 0
14 34 0 1 0 0 0 0 1 0 0 0 0 1 0
14 35 0 1 0 0 0 0 1 0 0 0 0 1 0
14 36 0 1 0 0 0 0 1 0 0 0 0 1 0
14 37 0 1 0 0 0 0 1 0 0 0 0 1 0
14 38 0 1 0 0 0 0 1 0 0 0 0 1 0
14 39 0 1 0 0 0 0 1 0 0 0 0 1 0
14 40 0 1 0 0 0 0 1 0 0 0 0 1 0
14 41 0 1 0 0 0 0 1 0 0 0 0 1 0
14 42 0 1 0 0 0 0 1 0 0 0 0 1 0
14 43 0 1 0 0 0 0 1 0 0 0 0 1 0
14 44 0 1 0 0 0 0 1 0 0 0 0 1 0
14 45 0 1 0 0 0 0 1 0 0 0 0 1 0
14 46 0 1 0 0 0 0 1 0 0 0 0 1 0
14 47 0 1 0 0 0 0 1 0 0 0 0 1 0
14 48 0 1 0 0 0 0 1 0 0 0 0 1 0
14 49 0 1 0 0 0 0 1 0 0 0 0 1 0
14 50 0 1 0 0 0 0 1 0 0 0 0 1 0
14 51 0 1 0 0 0 0 1 0 0 0 0 1 0
14 52 0 1 0 0 0 0 1 0 0 0 0 1 0
14 53 0 1 0 0 0 0 1 0 0 0 0 1 0
14 54 0 1 0 0 0 0 1 0 0 0 0 1 0
14 55 0 1 0 0 0 0 1 0 0 0 0 1 0
14 56 0 1 0 0 0 0 1 0 0 0 0 1 0
14 57 0 1 0 0 0 0 1 0 0 0 0 1 0
14 58 0 1 0 0 0 0 1 0 0 0 0 1 0
14 59 0 1 0 0 0 0 1 0 0 0 0 1 0
14 60 0 1 0 0 0 0 1 0 0 0 0 1 0
14 61 0 1 0 0 0 0 1 0 0 0 0 1 0
14 62 0 1 0 0 0 0 1 0 0 0 0 1 0
14 63 0 1 0 0 0 0 1 0 0 0 0 1 0
14 64 0 1 0 0 0 0 1 0 0 0 0 1 0
14 65 0 1 0 0 0 0 1 0 0 0 0 1 0
14 66 0 1 0 0 0 0 1 0 0 0 0 1 0
14 67 0 1 0 0 0 0 1 0 0 0 0 1 0
15 16 38 0.997117 0.0292832 -0.0699986 0.994448 -0.0253611 0.998093 0.056277 0.00627774 0.0715131 -0.0543396 0.995958 0.105039
15 17 22 0.986213 0.0495948 -0.157876 0.901184 -0.0342969 0.994577 0.0981895 -0.130809 0.16189 -0.0914211 0.982565 -0.413226
15 18 10 0.995143 0.0513534 0.0839816 0.339779 -0.054509 0.997874 0.0357219 -0.149891 -0.0819686 -0.0401261 0.995827 0.928484
15 19 0 1 0 0 0 0 1 0 0 0 0 1 0
15 20 0 1 0 0 0 0 1 0 0 0 0 1 0
15 21 0 1 0 0 0 0 1 0 0 0 0 1 0
15 22 0 1 0 0 0 0 1 0 0 0 0 1 0
15 23 0 1 0 0 0 0 1 0 0 0 0 1 0
15 24 0 1 0 0 0 0 1 0 0 0 0 1 0
15 25 0 1 0 0 0 0 1 0 0 0 0 1 0
15 26 0 1 0 0 0 0 1 0 0 0 0 1 0
15 27 0 1 0 0 0 0 1 0 0 0 0 1 0
15 28 0 1 0 0 0 0 1 0 0 0 0 1 0
15 29 0 1 0 0 0 0 1 0 0 0 0 1 0
15 30 0 1 0 0 0 0 1 0 0 0 0 1 0
15 31 0 1 0 0 0 0 1 0 0 0 0 1 0
15 32 0 1 0 0 0 0 1 0 0 0 0 1 0
15 33 0 1 0 0 0 0 1 0 0 0 0 1 0
15 34 0 1 0 0 0 0 1 0 0 0 0 1 0
15 35 0 1 0 0 0 0 1 0 0 0 0 1 0
15 36 0 1 0 0 0 0 1 0 0 0 0 1 0
15 37 0 1 0 0 0 0 1 0 0 0 0 1 0
15 38 0 1 0 0 0 0 1 0 0 0 0 1 0
15 39 0 1 0 0 0 0 1 0 0 0 0 1 0
15 40 0 1 0 0 0 0 1 0 0 0 0 1 0
15 41 0 1 0 0 0 0 1 0 0 0 0 1 0
15 42 0 1 0 0 0 0 1 0 0 0 0 1 0
15 43 0 1 0 0 0 0 1 0 0 0 0 1 0
15 44 0 1 0 0 0 0 1 0 0 0 0 1 0
15 45 0 1 0 0 0 0 1 0 0 0 0 1 0
15 46 0 1 0 0 0 0 1 0 0 0 0 1 0
15 47 0 1 0 0 0 0 1 0 0 0 0 1 0
15 48 0 1 0 0 0 0 1 0 0 0 0 1 0
15 49 0 1 0 0 0 0 1 0 0 0 0 1 0
15 50 0 1 0 0 0 0 1 0 0 0 0 1 0
15 51 0 1 0 0 0 0 1 0 0 0 0 1 0
15 52 0 1 0 0 0 0 1 0 0 0 0 1 0
15 53 0 1 0 0 0 0 1 0 0 0 0 1 0
15 54 0 1 0 0 0 0 1 0 0 0 0 1 0
15 55 0 1 0 0 0 0 1 0 0 0 0 1 0
15 56 0 1 0 0 0 0 1 0 0 0 0 1 0
15 57 0 1 0 0 0 0 1 0 0 0 0 1 0
15 58 0 1 0 0 0 0 1 0 0 0 0 1 0
15 59 0 1 0 0 0 0 1 0 0 0 0 1 0
15 60 0 1 0 0 0 0 1 0 0 0 0 1 0
15 61 0 1 0 0 0 0 1 0 0 0 0 1 0
15 62 0 1 0 0 0 0 1 0 0 0 0 1 0
15 63 0 1 0 0 0 0 1 0 0 0 0 1 0
15 64 0 1 0 0 0 0 1 0 0 0 0 1 0
15 65 0 1 0 0 0 0 1 0 0 0 0 1 0
15 66 0 1 0 0 0 0 1 0 0 0 0 1 0
15 67 0 1 0 0 0 0 1 0 0 0 0 1 0
16 17 103 0.998748 0.0288798 -0.0408557 0.70554 -0.0281628 0.999441 0.0180182 0.149206 0.0413532 -0.016845 0.999003 -0.692785
16 18 41 0.997556 0.0467483 -0.0519381 0.481858 -0.0473268 0.99883 -0.00996427 -0.257134 0.0514115 0.012398 0.998601 0.837672
16 19 33 0.946855 0.104707 -0.304141 0.991207 -0.107975 0.994135 0.00610566 -0.0673656 0.302997 0.0270584 0.952607 0.113889
16 20 0 1 0 0 0 0 1 0 0 0 0 1 0
16 21 0 1 0 0 0 0 1 0 0 0 0 1 0
16 22 0 1 0 0 0 0 1 0 0 0 0 1 0
16 23 0 1 0 0 0 0 1 0 0 0 0 1 0
16 24 0 1 0 0 0 0 1 0 0 0 0 1 0
16 25 0 1 0 0 0 0 1 0 0 0 0 1 0
16 26 0 1 0 0 0 0 1 0 0 0 0 1 0
16 27 0 1 0 0 0 0 1 0 0 0 0 1 0
16 28 0 1 0 0 0 0 1 0 0 0 0 1 0
16 29 0 1 0 0 0 0 1 0 0 0 0 1 0
16 30 0 1 0 0 0 0 1 0 0 0 0 1 0
16 31 0 1 0 0 0 0 1 0 0 0 0 1 0
16 32 0 1 0 0 0 0 1 0 0 0 0 1 0
16 33 0 1 0 0 0 0 1 0 0 0 0 1 0
16 34 0 1 0 0 0 0 1 0 0 0 0 1 0
16 35 0 1 0 0 0 0 1 0 0 0 0 1 0
16 36 0 1 0 0 0 0 1 0 0 0 0 1 0
16 37 0 1 0 0 0 0 1 0 0 0 0 1 0
16 38 0 1 0 0 0 0 1 0 0 0 0 1 0
16 39 0 1 0 0 0 0 1 0 0 0 0 1 0
16 40 0 1 0 0 0 0 1 0 0 0 0 1 0
16 41 0 1 0 0 0 0 1 0 0 0 0 1 0
16 42 0 1 0 0 0 0 1 0 0 0 0 1 0
16 43 0 1 0 0 0 0 1 0 0 0 0 1 0
16 44 0 1 0 0 0 0 1 0 0 0 0 1 0
16 45 0 1 0 0 0 0 1 0 0 0 0 1 0
16 46 0 1 0 0 0 0 1 0 0 0 0 1 0
16 47 0 1 0 0 0 0 1 0 0 0 0 1 0
16 48 0 1 0 0 0 0 1 0 0 0 0 1 0
16 49 0 1 0 0 0 0 1 0 0 0 0 1 0
16 50 0 1 0 0 0 0 1 0 0 0 0 1 0
16 51 0 1 0 0 0 0 1 0 0 0 0 1 0
16 52 0 1 0 0 0 0 1 0 0 0 0 1 0
16 53 0 1 0 0 0 0 1 0 0 0 0 1 0
16 54 0 1 0 0 0 0 1 0 0 0 0 1 0
16 55 0 1 0 0 0 0 1 0 0 0 0 1 0
16 56 0 1 0 0 0 0 1 0 0 0 0 1 0
16 57 0 1 0 0 0 0 1 0 0 0 0 1 0
16 58 0 1 0 0 0 0 1 0 0 0 0 1 0
16 59 0 1 0 0 0 0 1 0 0 0 0 1 0
16 60 0 1 0 0 0 0 1 0 0 0 0 1 0
16 61 0 1 0 0 0 0 1 0 0 0 0 1 0
16 62 0 1 0 0 0 0 1 0 0 0 0 1 0
16 63 0 1 0 0 0 0 1 0 0 0 0 1 0
16 64 0 1 0 0 0 0 1 0 0 0 0 1 0
16 65 0 1 0 0 0 0 1 0 0 0 0 1 0
16 66 0 1 0 0 0 0 1 0 0 0 0 1 0
16 67 0 1 0 0 0 0 1 0 0 0 0 1 0
17 18 92 0.996546 0.0495696 -0.0666178 0.940181 -0.0518207 0.998127 -0.0324985 0.0370765 0.0648822 0.0358384 0.997249 -0.338652
17 19 30 0.998863 0.0471665 -0.00686067 -0.914455 -0.0473755 0.998284 -0.0344193 0.0921226 0.00522546 0.0347052 0.999384 -0.394064
17 20 0 1 0 0 0 0 1 0 0 0 0 1 0
17 21 0 1 0 0 0 0 1 0 0 0 0 1 0
17 22 0 1 0 0 0 0 1 0 0 0 0 1 0
17 23 0 1 0 0 0 0 1 0 0 0 0 1 0
17 24 0 1 0 0 0 0 1 0 0 0 0 1 0
17 25 0 1 0 0 0 0 1 0 0 0 0 1 0
17 26 0 1 0 0 0 0 1 0 0 0 0 1 0
17 27 0 1 0 0 0 0 1 0 0 0 0 1 0
17 28 0 1 0 0 0 0 1 0 0 0 0 1 0
17 29 0 1 0 0 0 0 1 0 0 0 0 1 0
17 30 0 1 0 0 0 0 1 0 0 0 0 1 0
17 31 0 1 0 0 0 0 1 0 0 0 0 1 0
17 32 0 1 0 0 0 0 1 0 0 0 0 1 0
17 33 0 1 0 0 0 0 1 0 0 0 0 1 0
17 34 0 1 0 0 0 0 1 0 0 0 0 1 0
17 35 0 1 0 0 0 0 1 0 0 0 0 1 0
17 36 0 1 0 0 0 0 1 0 0 0 0 1 0
17 37 0 1 0 0 0 0 1 0 0 0 0 1 0
17 38 0 1 0 0 0 0 1 0 0 0 0 1 0
17 39 0 1 0 0 0 0 1 0 0 0 0 1 0
17 40 0 1 0 0 0 0 1 0 0 0 0 1 0
17 41 0 1 0 0 0 0 1 0 0 0 0 1 0
17 42 0 1 0 0 0 0 1 0 0 0 0 1 0
17 43 0 1 0 0 0 0 1 0 0 0 0 1 0
17 44 0 1 0 0 0 0 1 0 0 0 0 1 0
17 45 0 1 0 0 0 0 1 0 0 0 0 1 0
17 46 0 1 0 0 0 0 1 0 0 0 0 1 0
17 47 0 1 0 0 0 0 1 0 0 0 0 1 0
17 48 0 1 0 0 0 0 1 0 0 0 0 1 0
17 49 0 1 0 0 0 0 1 0 0 0 0 1 0
17 50 0 1 0 0 0 0 1 0 0 0 0 1 0
17 51 0 1 0 0 0 0 1 0 0 0 0 1 0
17 52 0 1 0 0 0 0 1 0 0 0 0 1 0
17 53 0 1 0 0 0 0 1 0 0 0 0 1 0
17 54 0 1 0 0 0 0 1 0 0 0 0 1 0
17 55 0 1 0 0 0 0 1 0 0 0 0 1 0
17 56 0 1 0 0 0 0 1 0 0 0 0 1 0
17 57 0 1 0 0 0 0 1 0 0 0 0 1 0
17 58 0 1 0 0 0 0 1 0 0 0 0 1 0
17 59 0 1 0 0 0 0 1 0 0 0 0 1 0
17 60 0 1 0 0 0 0 1 0 0 0 0 1 0
17 61 0 1 0 0 0 0 1 0 0 0 0 1 0
17 62 0 1 0 0 0 0 1 0 0 0 0 1 0
17 63 0 1 0 0 0 0 1 0 0 0 0 1 0
17 64 0 1 0 0 0 0 1 0 0 0 0 1 0
17 65 0 1 0 0 0 0 1 0 0 0 0 1 0
17 66 0 1 0 0 0 0 1 0 0 0 0 1 0
17 67 0 1 0 0 0 0 1 0 0 0 0 1 0
18 19 81 0.990153 0.0250175 -0.137739 0.971234 -0.0245987 0.999686 0.00474217 0.0522395 0.137814 -0.00130727 0.990457 -0.232326
18 20 27 0.970971 0.0792866 -0.225673 0.666078 -0.065557 0.995549 0.0677074 0.00902311 0.230037 -0.0509475 0.971847 -0.745827
18 21 0 1 0 0 0 0 1 0 0 0 0 1 0
18 22 0 1 0 0 0 0 1 0 0 0 0 1 0
18 23 0 1 0 0 0 0 1 0 0 0 0 1 0
18 24 0 1 0 0 0 0 1 0 0 0 0 1 0
18 25 0 1 0 0 0 0 1 0 0 0 0 1 0
18 26 0 1 0 0 0 0 1 0 0 0 0 1 0
18 27 28 0.678205 0.146467 -0.720128 0.904893 -0.234367 0.971875 -0.023053 0.389372 0.696498 0.184409 0.693458 0.171922
18 28 0 1 0 0 0 0 1 0 0 0 0 1 0
18 29 0 1 0 0 0 0 1 0 0 0 0 1 0
18 30 0 1 0 0 0 0 1 0 0 0 0 1 0
18 31 0 1 0 0 0 0 1 0 0 0 0 1 0
18 32 0 1 0 0 0 0 1 0 0 0 0 1 0
18 33 0 1 0 0 0 0 1 0 0 0 0 1 0
18 34 0 1 0 0 0 0 1 0 0 0 0 1 0
18 35 0 1 0 0 0 0 1 0 0 0 0 1 0
18 36 0 1 0 0 0 0 1 0 0 0 0 1 0
18 37 0 1 0 0 0 0 1 0 0 0 0 1 0
18 38 0 1 0 0 0 0 1 0 0 0 0 1 0
18 39 0 1 0 0 0 0 1 0 0 0 0 1 0
18 40 0 1 0 0 0 0 1 0 0 0 0 1 0
18 41 0 1 0 0 0 0 1 0 0 0 0 1 0
18 42 0 1 0 0 0 0 1 0 0 0 0 1 0
18 43 0 1 0 0 0 0 1 0 0 0 0 1 0
18 44 0 1 0 0 0 0 1 0 0 0 0 1 0
18 45 0 1 0 0 0 0 1 0 0 0 0 1 0
18 46 0 1 0 0 0 0 1 0 0 0 0 1 0
18 47 0 1 0 0 0 0 1 0 0 0 0 1 0
18 48 0 1 0 0 0 0 1 0 0 0 0 1 0
