0 1 195 0.999446 0.0112697 -0.0313256 0.899807 -0.0120768 0.999597 -0.0256956 0.0285183 0.0310234 0.0260597 0.999179 -0.435356
0 2 54 0.996839 0.0381703 -0.0696725 0.985551 -0.0399433 0.998908 -0.0242342 0.101768 0.0686714 0.0269405 0.997276 0.135396
0 3 100 0.978942 0.0605733 -0.194943 0.993464 -0.0650881 0.997738 -0.0168315 -0.00286252 0.193482 0.0291655 0.98067 -0.114106
0 4 86 0.956596 0.136226 -0.257617 0.917723 -0.153384 0.987018 -0.0476265 0.0885977 0.247785 0.0850736 0.965073 -0.387215
0 5 61 0.89435 0.150642 -0.421242 0.999207 -0.144357 0.98841 0.0469812 -0.00652726 0.423438 0.0187916 0.90573 0.039272
0 6 49 0.484669 -0.104054 0.868486 -0.825736 0.274494 0.960835 -0.038067 0.0290943 -0.830511 0.256844 0.494249 0.563307
0 7 49 -0.491448 -0.586273 -0.644021 0.112657 -0.0463064 0.756028 -0.6529 0.0904262 0.869675 -0.291044 -0.398696 0.989511
0 8 27 0.193444 -0.618701 -0.761438 0.421283 0.914558 -0.167259 0.368249 -0.7215 -0.355194 -0.767615 0.533483 -0.549508
0 9 45 0.530078 0.698382 -0.480915 0.514079 0.830373 -0.542406 0.127581 -0.16413 -0.171751 -0.466967 -0.867435 0.841893
0 10 44 -0.734621 0.374065 0.566045 -0.778258 -0.555846 -0.810219 -0.18596 -0.122734 0.389059 -0.451244 0.803126 -0.615834
0 11 10 0.0348181 -0.151484 -0.987846 -0.301515 0.904757 -0.415075 0.0955403 -0.695628 -0.424503 -0.897087 0.122604 0.652067
0 12 57 -0.404529 0.542316 -0.736376 0.396605 -0.0836298 0.77989 0.620305 -0.320163 0.910693 0.312514 -0.270134 0.860349
0 13 45 -0.511782 -0.801292 0.309856 0.0117277 0.608227 -0.0832192 0.789389 -0.907509 -0.606745 0.592458 0.529957 -0.419868
0 14 70 0.540857 0.202106 -0.816472 0.53463 0.504929 -0.854353 0.122998 -0.515688 -0.672696 -0.478785 -0.564132 0.669504
0 15 28 -0.96585 0.241448 -0.0940007 -0.157226 0.134979 0.778558 0.612885 -0.265605 0.221164 0.579267 -0.784561 0.951175
0 16 31 0.532464 -0.0402124 -0.845497 0.101641 -0.327409 -0.930906 -0.161916 0.155302 -0.780568 0.363037 -0.50884 0.982624
0 17 30 -0.481605 0.86581 -0.135754 -0.00769018 0.577779 0.430148 0.693646 -0.249131 0.65896 0.255627 -0.707408 0.968439
0 18 33 -0.377505 -0.840552 0.388539 -0.457384 -0.42798 -0.213709 -0.878158 -0.130887 0.821172 -0.497796 -0.279063 0.879584
0 19 18 -0.387481 0.759156 0.523011 0.102467 -0.903237 -0.426147 -0.0506197 -0.239515 0.184451 -0.492017 0.850822 0.96547
0 20 22 0.680881 -0.0958781 0.726091 -0.390284 -0.229609 -0.969359 0.0873115 -0.311973 0.695472 -0.226166 -0.682032 0.866228
0 21 20 -0.0918879 0.909615 -0.405164 -0.473001 -0.710673 0.225101 0.666539 -0.290271 0.697496 0.349186 0.625754 0.831873
0 22 28 -0.711419 0.46285 0.528822 -0.239456 0.656246 0.706763 0.264249 -0.109695 -0.251444 0.535029 -0.806548 0.964691
0 23 35 0.135491 -0.89624 0.42237 -0.694464 -0.896806 0.0702769 0.436807 -0.0785604 -0.421167 -0.437967 -0.794231 0.715226
0 24 41 0.674571 0.489738 -0.552368 0.432805 0.494406 -0.855372 -0.154601 -0.243464 -0.548194 -0.168805 -0.819139 0.867989
0 25 21 -0.611297 0.533798 -0.584274 -0.358793 -0.29363 -0.838562 -0.458907 -0.178683 -0.734914 -0.108967 0.669349 0.916155
0 26 17 -0.301882 -0.735715 -0.606292 0.402463 0.947395 -0.16057 -0.276876 0.0815445 0.10635 -0.657982 0.745486 -0.911797
0 27 41 0.629714 0.466792 -0.620939 -0.146407 0.157931 -0.859562 -0.486015 -0.0619038 -0.760604 0.207985 -0.614999 0.987286
0 28 39 0.280086 0.893347 0.351402 -0.135957 0.954443 -0.219903 -0.201696 -0.199743 -0.10291 0.391886 -0.91424 0.97037
0 29 25 -0.352764 -0.725446 -0.591004 0.1072 -0.827356 0.536854 -0.165137 -0.270362 0.437081 0.430716 -0.789585 0.956772
0 30 17 0.81216 0.55514 -0.179486 -0.0684243 -0.493927 0.817959 0.294921 -0.143086 0.310535 -0.15087 0.938513 0.987342
0 31 36 -0.670944 -0.0892988 0.736112 -0.409226 0.255731 0.903949 0.342751 -0.27447 -0.696014 0.418213 -0.583662 0.870173
0 32 50 0.397996 0.0599048 0.915429 -0.259244 -0.111427 -0.987321 0.113054 -0.293189 0.910595 -0.146999 -0.386275 0.920235
0 33 23 0.612466 0.0114051 0.790415 -0.739798 -0.592422 -0.655393 0.468504 -0.498157 0.523376 -0.755202 -0.394649 0.452259
0 34 13 0.587206 -0.797343 0.139404 -0.474862 0.619159 0.331524 -0.711852 0.26194 0.521375 0.504317 0.688355 -0.840175
0 35 15 0.85185 0.495502 -0.169792 0.0632773 -0.480349 0.868274 0.123954 -0.159639 0.208845 -0.0240309 0.977653 0.985145
0 36 21 0.608719 0.507735 -0.609645 -0.237785 -0.605268 0.793985 0.0569117 -0.489237 0.512945 0.334355 0.790629 0.83911
0 37 16 -0.895652 -0.389074 -0.215475 -0.367934 0.434689 -0.663286 -0.609177 -0.271067 0.0940933 -0.639275 0.7632 0.889465
0 38 38 -0.4997 0.841151 -0.206798 0.368428 -0.165019 -0.326814 -0.93057 -0.0230239 -0.850335 -0.43088 0.302115 0.929371
0 39 23 -0.349889 -0.132768 0.927335 -0.125206 -0.0659501 -0.983959 -0.165758 -0.381669 0.934467 -0.119155 0.33552 0.915779
0 40 27 -0.710472 0.590012 -0.383557 0.316179 0.107859 0.629894 0.769155 -0.520276 0.695411 0.505093 -0.51116 0.793312
0 41 40 -0.416042 0.2245 0.881197 -0.324624 -0.430733 -0.902091 0.0264596 -0.210807 0.800861 -0.368553 0.472008 0.922052
0 42 43 -0.0929442 0.846266 0.52459 -0.164006 0.880379 0.315949 -0.353707 -0.0240718 -0.465074 0.428963 -0.774401 0.986166
0 43 28 -0.583252 0.803781 0.117276 -0.216733 0.614716 0.342385 0.710561 -0.30687 0.530982 0.486527 -0.693793 0.926746
0 44 23 0.811679 -0.580551 -0.0643336 0.579082 0.44985 0.691568 -0.565127 -0.256381 0.372576 0.429761 0.822492 0.773907
0 45 30 -0.25993 0.846426 -0.464757 0.733851 -0.716943 -0.491582 -0.494308 0.615274 -0.646861 0.204719 0.734616 -0.287925
0 46 10 0.786889 -0.41794 -0.454017 0.132193 0.609176 0.408614 0.679661 -0.645716 -0.0985403 -0.811394 0.576133 -0.752048
0 47 18 0.156654 -0.801971 0.576457 -0.628054 0.987639 0.124011 -0.0958702 0.0241284 0.00539831 0.58435 0.811484 -0.777795
0 48 16 0.874262 0.444855 0.194344 0.386926 -0.28206 0.791312 -0.542464 -0.271108 -0.395104 0.419439 0.81729 0.881356
0 49 22 -0.47179 0.363989 0.803073 0.289751 -0.623534 -0.781704 -0.0120114 -0.0697452 0.623393 -0.50641 0.59576 0.954558
0 50 12 0.356688 0.800817 0.48111 -0.431248 -0.565215 0.595023 -0.571384 0.357917 -0.743845 -0.0681246 0.664871 -0.828203
0 51 18 -0.657111 0.611112 0.441302 -0.490123 -0.747188 -0.450725 -0.488423 0.146786 -0.0995749 -0.650684 0.752792 -0.859205
0 52 11 -0.769083 -0.621784 -0.147974 -0.091069 0.635289 -0.718261 -0.283741 0.0164376 0.0701419 -0.312227 0.947415 0.995709
0 53 23 -0.882579 -0.4544 0.120723 -0.342881 0.242169 -0.65944 -0.711683 -0.257217 0.402998 -0.598882 0.69205 0.903478
0 54 39 0.675571 -0.300198 0.673413 -0.988422 -0.304107 0.718589 0.625419 -0.135193 -0.671656 -0.627305 0.394166 -0.0688777
0 55 11 0.838713 0.111473 0.533042 0.299106 -0.197889 0.974299 0.107615 -0.239947 -0.507346 -0.195741 0.839217 0.923559
0 56 20 -0.597514 -0.420334 -0.682859 0.449163 -0.761892 0.563106 0.32005 -0.178889 0.249994 0.711499 -0.656713 0.875358
0 57 22 -0.844474 -0.522642 0.117085 -0.469952 0.466249 -0.824935 -0.319521 0.321007 0.263583 -0.215236 0.940318 -0.822253
0 58 36 -0.780119 -0.613466 0.122773 0.223062 -0.496894 0.726784 0.474216 -0.101674 -0.380145 0.30894 -0.871806 0.969487
0 59 27 -0.253781 -0.130038 -0.958481 0.486124 0.80753 0.516978 -0.283952 0.0472612 0.532438 -0.846064 -0.0261891 0.872611
0 60 48 -0.489739 0.400599 -0.774388 0.360651 -0.0834646 0.862572 0.499002 -0.19519 0.867865 0.309014 -0.388999 0.912048
0 61 15 0.830216 0.482426 0.279297 0.156707 -0.421272 0.871103 -0.252408 0.203657 -0.365064 0.0918934 0.926436 -0.966419
0 62 33 -0.589378 -0.457234 0.666012 -0.00788734 -0.0627081 0.847823 0.526559 -0.307081 -0.80542 0.268578 -0.52836 0.951651
0 63 23 0.168843 0.784816 0.596285 0.357935 -0.440408 -0.481149 0.757982 -0.218211 0.881778 -0.390589 0.264401 0.907892
0 64 13 0.868243 -0.461868 -0.181194 0.380626 0.412553 0.874966 -0.253446 -0.301088 0.275598 0.145301 0.950228 0.87434
0 65 18 0.822103 -0.251493 0.510781 -0.0669397 0.047206 0.924169 0.379055 -0.236417 -0.567378 -0.287511 0.771635 -0.969343
0 66 12 0.905857 0.39724 0.14705 -0.291482 -0.338507 0.88758 -0.312432 -0.203343 -0.254629 0.233242 0.938489 0.934714
0 67 21 0.101892 0.0458663 0.993738 0.0329459 -0.262344 0.964813 -0.0176322 0.173607 -0.95958 -0.258904 0.110339 0.984264
1 2 141 0.996898 0.0395272 -0.0680594 0.870401 -0.0416537 0.998678 -0.0301141 0.162223 0.0667791 0.0328556 0.997227 -0.464851
1 3 54 0.995127 0.034556 -0.0923444 0.994733 -0.0304463 0.998498 0.0455482 0.0592181 0.0937796 -0.0425148 0.994685 -0.0836621
1 4 131 0.974763 0.126073 -0.184234 0.870948 -0.131267 0.991214 -0.0162242 0.127445 0.18057 0.0399986 0.982749 -0.47456
1 5 80 0.943777 0.114673 -0.310058 0.992166 -0.111074 0.99338 0.0292999 0.0254084 0.311365 0.00678685 0.950266 -0.122315
1 6 25 0.759144 0.453667 0.466784 0.170752 -0.231002 0.858201 -0.458399 0.247175 -0.608555 0.240162 0.756296 -0.953807
1 7 109 -0.0658011 0.287141 -0.955626 0.543517 -0.363788 0.884882 0.290934 -0.315445 0.929155 0.366788 0.0462322 0.777871
1 8 33 -0.354394 -0.45617 -0.81628 0.318894 -0.728998 0.681486 -0.0643418 -0.125433 0.585634 0.572264 -0.574061 0.939454
1 9 34 -0.756904 -0.622826 0.197951 -0.125362 -0.399948 0.681005 0.613412 -0.235407 -0.516855 0.385124 -0.764553 0.963778
1 10 62 0.0428956 -0.803273 0.594065 0.461167 0.791818 0.389935 0.470081 -0.302926 -0.609249 0.450227 0.652772 0.834003
1 11 101 -0.179206 -0.625681 -0.759216 0.182632 -0.459451 0.73561 -0.497778 0.037348 0.869937 0.259618 -0.419295 0.982472
1 12 104 -0.228664 0.283376 -0.931349 0.338782 -0.247501 0.908339 0.337141 -0.165206 0.941518 0.307602 -0.137568 0.926247
1 13 100 0.552105 0.196111 -0.810383 0.903976 -0.256748 0.964704 0.0585365 -0.0534539 0.793259 0.175746 0.58297 0.424229
1 14 82 0.111355 -0.812802 0.571797 0.406838 0.830332 0.392235 0.395854 -0.164525 -0.54603 0.430702 0.718573 0.898563
1 15 42 0.741631 0.517422 -0.426918 0.914696 -0.52386 0.84425 0.11319 -0.188074 0.418992 0.1397 0.897179 0.357713
1 16 74 0.262984 0.0306533 -0.964313 0.870203 -0.1475 0.989023 -0.00878677 -0.0587082 0.953459 0.144547 0.264618 0.489183
1 17 51 0.792571 -0.593774 0.138796 0.196596 0.606762 0.745333 -0.276258 0.319107 0.0605859 0.30317 0.951009 -0.927103
1 18 48 -0.00552066 0.254562 -0.967041 0.726568 0.28094 0.928501 0.242813 0.0465465 0.95971 -0.270339 -0.0766424 0.685516
1 19 66 -0.339754 0.704812 -0.622741 0.323678 0.904563 0.0635568 -0.421577 -0.146961 -0.257553 -0.706541 -0.659141 0.934684
1 20 35 -0.690094 0.718757 -0.0846105 0.393714 -0.446629 -0.51495 -0.731676 -0.117226 -0.569467 -0.467136 0.676381 0.911728
1 21 104 0.296809 -0.323558 0.898451 -0.773494 0.672366 0.738911 0.0439828 -0.38868 -0.678107 0.591033 0.436865 -0.500634
1 22 41 -0.148344 -0.952861 -0.264669 -0.0253051 -0.645522 0.296049 -0.704029 0.0284487 0.749197 0.0664111 -0.65901 0.999275
1 23 35 0.401233 0.806719 -0.433838 0.399732 0.589495 -0.589936 -0.551789 -0.0287451 -0.701076 -0.0343495 -0.712259 0.916181
1 24 92 -0.63175 0.725096 -0.274094 0.286763 0.174463 -0.21152 -0.961677 -0.0364233 -0.755285 -0.655358 0.00712475 0.957309
1 25 75 -0.547523 -0.616841 0.565443 -0.358916 -0.759092 0.650486 -0.0254205 -0.179428 -0.352133 -0.443142 -0.824395 0.915961
1 26 31 -0.358464 -0.813478 0.457992 -0.535063 -0.711878 0.555571 0.429618 0.0608157 -0.603932 -0.172032 -0.778249 0.84262
1 27 0 1 0 0 0 0 1 0 0 0 0 1 0
1 28 84 0.822966 -0.501817 -0.266283 -0.709551 0.544496 0.83045 0.117801 -0.377251 0.16202 -0.241937 0.956669 0.595163
1 29 32 0.559127 -0.797481 -0.22672 -0.509452 0.828993 0.541755 0.13882 -0.306224 0.0121207 -0.265567 0.964016 0.804167
1 30 23 -0.85844 0.401485 -0.319205 0.0420195 0.0938667 0.734795 0.671763 -0.430922 0.504253 0.546705 -0.668463 0.90141
1 31 43 -0.594676 0.590265 -0.545846 -0.132783 -0.0349057 0.659346 0.751029 -0.229303 0.803207 0.465672 -0.371494 0.964256
1 32 49 -0.975904 0.161132 0.147132 -0.422573 -0.186342 -0.966269 -0.177764 0.288705 0.113525 -0.200898 0.973012 -0.859117
1 33 69 0.845987 0.0641072 0.529336 -0.285231 -0.214548 -0.867907 0.448003 -0.334986 0.488135 -0.492573 -0.720484 0.898013
1 34 56 -0.768679 -0.251309 -0.588197 0.279814 -0.369738 0.92496 0.0879959 -0.322039 0.521944 0.28512 -0.803916 0.90443
1 35 34 0.926402 -0.351877 -0.134025 0.534965 0.337585 0.933832 -0.118297 0.425473 0.166783 0.064346 0.983892 -0.729922
1 36 50 0.687966 -0.555917 0.466539 -0.367806 0.722779 0.582863 -0.371297 -0.006774 -0.0655177 0.592644 0.802795 -0.929878
1 37 36 -0.452512 0.682018 0.57453 -0.0339343 0.172415 0.699022 -0.694004 -0.289966 -0.874932 -0.214988 -0.433906 0.956435
1 38 85 0.239534 0.970711 -0.0185557 0.407005 0.280585 -0.0509159 0.958478 -0.247682 0.92946 -0.234795 -0.284563 0.879205
1 39 26 -0.958814 0.0612367 -0.277356 -0.198952 0.0637071 -0.905239 -0.420099 -0.0886323 -0.276799 -0.420466 0.864055 0.975993
1 40 32 -0.667937 -0.736002 -0.11028 -0.464866 0.133473 0.0273091 -0.990676 0.882922 0.732151 -0.676429 0.079996 0.0659362
1 41 60 0.310587 -0.949954 -0.033514 -0.199615 0.919444 0.291293 0.264143 -0.361486 -0.241161 -0.112853 0.963901 0.910759
1 42 95 0.756533 -0.0657581 0.650641 -0.371479 -0.0497431 0.986263 0.157517 -0.164192 -0.652061 -0.151532 0.742869 0.913807
1 43 52 0.677839 -0.364205 0.638662 0.176359 0.697605 0.0443467 -0.715109 0.979688 0.232124 0.930262 0.284131 0.0954417
1 44 63 0.983387 -0.173937 0.0519215 0.49162 -0.104234 -0.775269 -0.622971 0.484256 0.148611 0.60721 -0.78052 0.723744
1 45 44 0.455097 -0.782242 -0.425422 -0.275013 -0.129896 0.414332 -0.900808 -0.363726 0.880917 0.465215 0.0869515 0.889984
1 46 38 -0.360565 0.509259 -0.78144 0.590066 -0.668806 -0.72513 -0.163967 0.441873 -0.650147 0.463511 0.602052 -0.675699
1 47 116 0.525147 -0.5284 -0.667093 0.76203 -0.663576 0.23653 -0.709732 0.0149341 0.53281 0.815381 -0.226421 0.64737
1 48 38 -0.681162 -0.551215 0.481851 -0.175558 -0.446363 0.834347 0.32346 -0.441713 -0.580327 0.00524768 -0.814367 0.879812
1 49 67 0.472933 -0.18688 0.861052 0.281475 0.430018 -0.804003 -0.410686 0.107948 0.769038 0.564495 -0.299878 0.953477
1 50 52 -0.182398 0.973436 0.138394 -0.289308 -0.980032 -0.168661 -0.105313 -0.337808 -0.0791738 -0.15484 0.984762 -0.895649
1 51 52 0.634697 0.760276 0.138344 0.0677783 -0.759741 0.646647 -0.0681257 0.279441 -0.141254 -0.0618662 0.988038 0.957768
1 52 54 0.149853 0.455319 -0.877627 0.62502 0.0728644 0.88015 0.46907 0.0691938 0.98602 -0.134239 0.0987162 0.777536
1 53 50 0.0146997 -0.927861 0.372636 -0.418454 -0.429906 -0.342336 -0.835456 0.0736205 0.902754 -0.147917 -0.403925 0.905249
1 54 44 0.0153073 -0.00788222 -0.999852 0.535887 -0.173272 0.984819 -0.0104164 0.0542136 0.984755 0.173405 0.0137092 0.842548
1 55 25 -0.82167 -0.403962 -0.402086 0.495226 -0.5669 0.506189 0.64992 -0.248684 -0.0590118 0.761963 -0.644927 0.832411
1 56 45 0.957177 -0.00268343 -0.289492 0.303636 -0.0897886 0.947896 -0.305664 0.162328 0.275228 0.318567 0.907063 0.938858
1 57 36 0.963652 -0.0388993 -0.264314 0.392687 -0.121851 -0.944442 -0.305256 -0.159637 -0.237755 0.326368 -0.914853 0.905711
1 58 39 0.868621 -0.448556 -0.210465 0.196505 0.401863 0.886264 -0.230311 0.219454 0.289834 0.115475 0.950085 0.955628
1 59 33 0.919124 0.202158 -0.338146 0.478376 -0.338625 0.844058 -0.415811 -0.107893 0.201356 0.496687 0.84425 0.871502
1 60 91 -0.0478476 0.188266 -0.980952 0.620386 -0.163225 0.967402 0.193627 -0.134371 0.985428 0.169381 -0.0155581 0.772701
1 61 80 -0.0124192 0.770145 -0.637747 0.508863 0.251475 0.619703 0.743458 -0.242684 0.967784 -0.151144 -0.201368 0.825931
1 62 49 -0.0430084 0.211574 -0.976415 0.762263 0.152274 0.967289 0.202889 0.0351393 0.987402 -0.139957 -0.0738188 0.646313
1 63 56 -0.209843 -0.264125 0.941384 -0.408491 0.360077 0.874274 0.325561 -0.237884 -0.909016 0.407287 -0.0883551 0.881218
1 64 32 -0.523178 0.829034 0.197452 0.411417 -0.611134 -0.203486 -0.764924 -0.112273 -0.593969 -0.520861 0.613111 0.904506
1 65 24 -0.921648 0.33045 -0.203388 -0.126696 -0.283642 -0.93143 -0.228002 -0.222628 -0.264785 -0.152448 0.952181 -0.966636
1 66 30 -0.736656 -0.525163 0.426077 -0.822737 -0.453948 -0.0830071 -0.887154 0.54304 0.501267 -0.846944 -0.177249 0.167965
1 67 65 -0.286406 0.45954 0.840711 -0.246423 0.858679 -0.266135 0.437999 0.631388 0.425021 0.847346 -0.318375 0.735272
2 3 46 0.998189 0.0252252 -0.0546126 0.907371 -0.0247563 0.999651 0.00924491 0.121517 0.0548268 -0.00787616 0.998465 -0.402382
2 4 85 0.509123 0.317378 -0.800041 0.903264 -0.299345 0.936794 0.181134 -0.278671 0.806961 0.147269 0.571949 0.326276
2 5 37 0.969789 0.0896748 -0.226866 0.955228 -0.0874428 0.995971 0.0198903 0.0850019 0.227735 0.00054838 0.973723 -0.283396
2 6 56 -0.00923396 0.542719 -0.839864 0.653907 0.300605 0.802556 0.515306 -0.290889 0.953704 -0.247709 -0.170555 0.698419
2 7 52 -0.486893 0.834482 -0.258023 -0.0845121 0.183542 0.386553 0.903819 -0.686545 0.85396 0.392705 -0.341372 0.722159
2 8 0 1 0 0 0 0 1 0 0 0 0 1 0
2 9 19 -0.0164078 0.754114 -0.656538 0.410167 0.866883 0.337931 0.366491 -0.266311 0.498241 -0.563129 -0.659274 0.872262
2 10 36 0.0503639 0.869599 -0.491184 0.272636 0.945019 0.117618 0.305131 -0.159589 0.323113 -0.479546 -0.815864 0.948789
2 11 41 -0.450723 0.890425 0.0631879 -0.190677 0.334115 0.102638 0.936927 -0.669202 0.827777 0.443407 -0.343766 0.7182
2 12 53 -0.189911 0.342192 -0.920238 0.334764 -0.158566 0.914301 0.372707 -0.157105 0.968912 0.2167 -0.119376 0.929113
2 13 42 0.189143 0.256432 -0.947875 0.62764 -0.164318 0.959954 0.226911 -0.0530236 0.968103 0.112835 0.223705 0.776696
2 14 49 0.356101 -0.495308 0.792377 -0.554302 0.932325 0.131201 -0.336982 0.538119 0.0629497 0.858753 0.508509 -0.634963
2 15 25 0.88336 0.374029 -0.28245 0.99775 -0.403452 0.913517 -0.0520843 -0.0620383 0.238542 0.159964 0.957867 -0.0254278
2 16 34 0.392053 -0.00519432 -0.919928 0.950532 -0.0593151 0.997761 -0.0309126 0.0293232 0.918028 0.066685 0.390867 0.30924
2 17 17 -0.534515 -0.692291 0.484796 -0.171392 0.844659 -0.417839 0.334608 -0.263456 -0.0290789 0.58834 0.808091 -0.949324
2 18 17 -0.971033 -0.0268489 0.237434 -0.0335729 0.0491533 0.949971 0.308445 -0.13553 -0.233836 0.311181 -0.921134 0.990204
2 19 40 0.306468 0.650382 -0.69504 0.716485 0.564885 0.463438 0.682738 -0.0911466 0.766148 -0.601855 -0.225362 0.691622
2 20 23 -0.880246 0.385255 -0.277029 0.242335 -0.440697 -0.880182 0.176256 0.152189 -0.175932 0.277235 0.944557 -0.958182
2 21 35 0.791233 -0.580347 -0.192736 -0.558551 0.532488 0.808837 -0.249477 -0.332972 0.300675 0.0947649 0.949007 0.759704
2 22 11 0.288204 0.679554 -0.674644 -0.670997 -0.500576 -0.493687 -0.711123 0.127089 -0.81631 0.54266 0.197886 0.730487
2 23 0 1 0 0 0 0 1 0 0 0 0 1 0
2 24 55 -0.391851 0.152939 -0.907228 0.324163 -0.0667738 0.978758 0.193839 -0.0944499 0.917602 0.136535 -0.373315 0.941275
2 25 30 -0.930696 0.0609969 -0.360673 -0.0961862 -0.0424747 -0.99735 -0.059068 0.1385 -0.36332 -0.0396548 0.93082 -0.98568
2 26 0 1 0 0 0 0 1 0 0 0 0 1 0
2 27 56 0.12499 0.978893 -0.161695 -0.154888 0.990118 -0.112619 0.0835708 -0.143846 0.0635969 -0.170543 -0.983296 0.977404
2 28 33 -0.079817 -0.90397 -0.420081 -0.323483 -0.294053 0.424024 -0.856584 -0.107402 0.952451 0.0551559 -0.299659 0.940119
2 29 11 -0.544157 -0.806392 0.23157 -0.493137 0.79954 -0.414794 0.434376 0.158874 -0.254223 0.421518 0.870456 -0.855322
2 30 0 1 0 0 0 0 1 0 0 0 0 1 0
2 31 21 0.884648 -0.440563 0.152648 0.530334 0.46624 0.838814 -0.28109 0.455539 -0.00420511 0.319836 0.947463 -0.715003
2 32 32 -0.0613423 -0.823365 0.564187 -0.0933929 0.626976 -0.471601 -0.620076 -0.0565973 0.77662 0.315695 0.545159 0.994019
2 33 25 -0.63033 0.108669 -0.768684 0.0839354 0.209463 -0.929626 -0.303184 -0.248429 -0.747535 -0.352117 0.563209 0.965007
2 34 40 0.545934 -0.752762 0.367839 -0.268416 0.313661 0.590742 0.743398 -0.305341 -0.7769 -0.29047 0.558618 0.91363
2 35 15 -0.843867 0.416032 0.33883 0.0556246 0.480549 0.866919 0.132378 0.00323147 -0.238665 0.274534 -0.931488 0.998447
2 36 47 0.186682 0.932282 -0.309839 -0.405476 0.589316 -0.358607 -0.723953 -0.0254369 -0.786039 -0.0474443 -0.616354 0.913752
2 37 19 -0.980929 -0.116531 0.155557 0.335148 0.126096 -0.990597 0.0530728 0.315467 0.147909 0.0716757 0.9864 -0.887782
2 38 51 0.680046 -0.0182332 -0.732943 0.983913 -0.665829 0.403154 -0.627805 0.158402 0.306936 0.91495 0.262023 -0.0826071
2 39 22 -0.382112 -0.772049 -0.507869 0.327947 0.59217 0.217349 -0.775947 0.943136 0.709454 -0.597243 0.374133 0.0542727
2 40 16 -0.803889 0.192331 -0.562824 0.98649 0.535084 -0.179323 -0.825547 -0.0401877 -0.259706 -0.964807 0.041243 -0.158817
2 41 47 -0.9022 -0.412182 -0.12705 -0.442819 0.124067 -0.530113 0.838801 -0.585982 -0.41309 0.741004 0.529406 -0.678628
2 42 31 -0.155556 0.931751 0.328089 -0.384898 0.770539 -0.0933766 0.630517 -0.0678891 0.61812 0.350886 -0.703425 0.920459
2 43 13 -0.322216 0.840046 -0.436463 0.184989 -0.845983 -0.462425 -0.265473 0.219964 -0.424841 0.283701 0.859665 -0.957807
2 44 41 0.100961 0.739984 -0.665004 0.501426 -0.148131 0.67215 0.725446 -0.193517 0.983801 0.0252657 0.177476 0.843281
2 45 32 0.561552 -0.651901 -0.509593 0.699423 -0.740034 -0.120182 -0.661745 -0.198838 0.370148 0.74872 -0.549917 0.686492
2 46 36 0.731091 -0.395494 -0.555958 0.325265 0.0898582 -0.751942 0.653076 -0.295748 -0.676337 -0.527416 -0.5142 0.898185
2 47 26 0.797176 -0.490648 0.351815 -0.419118 0.585769 0.487411 -0.647538 0.108157 0.146235 0.722284 0.675959 -0.901467
2 48 0 1 0 0 0 0 1 0 0 0 0 1 0
2 49 31 -0.623638 0.708685 -0.329912 0.274453 0.732408 0.382203 -0.563471 -0.0356736 -0.27323 -0.593032 -0.757402 0.960938
2 50 24 -0.537507 -0.565984 0.625098 -0.411286 0.77514 -0.623504 0.101984 0.047514 0.33203 0.539356 0.773855 -0.910267
2 51 21 -0.463386 -0.870128 -0.167781 0.22129 0.50073 -0.413315 0.760552 0.234067 -0.731124 0.268416 0.627224 0.946701
2 52 0 1 0 0 0 0 1 0 0 0 0 1 0
2 53 0 1 0 0 0 0 1 0 0 0 0 1 0
2 54 21 -0.21103 0.0217464 -0.977238 0.669804 0.10579 0.994388 -0.000716786 0.00147628 0.971738 -0.103533 -0.212147 0.742536
2 55 0 1 0 0 0 0 1 0 0 0 0 1 0
2 56 19 -0.228038 -0.70478 0.671776 -0.372783 -0.834208 0.497221 0.238473 -0.288745 -0.502092 -0.50602 -0.701318 0.88185
2 57 25 -0.279844 -0.294727 -0.913687 0.446743 0.231073 0.903056 -0.362071 -0.0252645 0.931822 -0.312451 -0.184611 0.894305
2 58 26 -0.686642 -0.0582186 -0.72466 0.820517 0.725886 -0.109955 -0.67897 -0.378087 -0.0401518 -0.99223 0.11776 0.428721
2 59 24 -0.786117 0.208943 -0.58169 0.374299 0.380954 0.904905 -0.189792 0.0380555 0.486718 -0.370796 -0.790959 0.926527
2 60 39 -0.194217 0.0176522 -0.9808 0.470607 -0.116521 0.992344 0.0409334 -0.0753985 0.974014 0.122234 -0.190673 0.879116
2 61 33 -0.21921 -0.220092 -0.95053 0.353893 -0.288096 0.945387 -0.15246 -0.0549203 0.932174 0.240423 -0.270646 0.933672
2 62 0 1 0 0 0 0 1 0 0 0 0 1 0
2 63 14 0.473304 -0.702759 -0.531143 0.71038 -0.326172 -0.699911 0.635403 -0.219561 -0.818288 -0.127494 -0.560491 0.668695
2 64 35 -0.356503 -0.214243 -0.909399 0.369282 -0.268341 0.955823 -0.119985 -0.0878254 0.89493 0.201254 -0.398243 0.925158
2 65 13 -0.343661 0.93391 -0.0985386 -0.181544 0.888209 0.357317 0.288807 -0.209643 0.304929 0.011729 -0.952303 0.960777
2 66 0 1 0 0 0 0 1 0 0 0 0 1 0
2 67 28 0.0973429 -0.837795 0.537238 0.295577 0.25134 0.542998 0.801237 0.13098 -0.962992 0.0570344 0.263428 0.946297
3 4 61 0.998497 0.0491708 -0.0242191 -0.999815 -0.0488451 0.99871 0.0138616 -0.0187268 0.0248695 -0.0126578 0.999611 0.00430948
3 5 57 0.983849 0.0675191 -0.165781 0.976252 -0.072038 0.997172 -0.0213916 0.0606378 0.163867 0.0329886 0.985931 -0.207978
3 6 58 0.698126 -0.0794648 -0.711552 0.992881 -0.516549 0.632274 -0.577414 0.00274095 0.49578 0.770659 0.400359 0.119075
3 7 42 0.370344 0.499873 -0.782926 -0.105819 -0.785756 0.618111 0.0229611 -0.186948 0.495412 0.606685 0.621691 0.976654
3 8 15 -0.899118 -0.160074 0.407385 0.0686415 0.193456 -0.980218 0.0418087 -0.977903 0.392633 0.116402 0.912299 0.19747
3 9 35 0.629234 -0.116145 -0.768489 0.991893 -0.0538045 0.97989 -0.192149 0.0587275 0.775351 0.162255 0.610331 0.112693
3 10 32 0.0328222 -0.9994 -0.0110681 0.382247 -0.896327 -0.0343328 0.442063 -0.24002 -0.442177 -0.0045888 -0.896916 0.892344
3 11 37 -0.315928 0.743081 -0.589933 0.314977 0.90825 0.41666 0.0384302 -0.0974986 0.274358 -0.523665 -0.806537 0.944078
3 12 49 0.100377 0.80024 -0.591219 0.379319 -0.185358 0.598858 0.779109 -0.152486 0.977531 0.0313824 0.208443 0.912614
3 13 44 0.567399 -0.678017 -0.46728 0.234243 0.200437 0.664125 -0.720252 0.275683 0.798676 0.31501 0.512724 0.932271
3 14 72 0.676614 0.73348 -0.0648135 0.539768 0.0964741 -0.00104242 0.995335 -0.607007 0.729991 -0.67971 -0.0714672 0.583262
3 15 45 0.668728 0.314055 -0.673924 0.809593 -0.266902 0.947395 0.176651 -0.1027 0.69395 0.0617398 0.717371 0.577938
3 16 16 0.877589 0.45603 -0.147899 -0.203147 -0.385585 0.854728 0.347511 -0.0646692 0.284889 -0.247944 0.925938 -0.97701
3 17 31 -0.481462 0.279485 -0.830712 0.385282 -0.0485138 0.937845 0.343646 -0.159433 0.875123 0.205754 -0.437978 0.908922
3 18 19 -0.389426 0.864277 -0.318392 -0.112901 0.127559 0.392957 0.910667 -0.2568 0.912182 0.314023 -0.263274 0.959847
3 19 16 0.869169 0.493279 -0.0349563 0.450712 -0.44594 0.751277 -0.486539 0.0934999 -0.213737 0.438473 0.872959 -0.887759
3 20 0 1 0 0 0 0 1 0 0 0 0 1 0
3 21 36 -0.61348 0.167835 -0.771669 0.729971 -0.19447 -0.979171 -0.058361 0.418758 -0.765391 0.114263 0.633341 -0.540171
3 22 17 0.585686 0.285919 -0.758434 -0.265167 -0.708538 0.635026 -0.307758 -0.2567 0.393632 0.717629 0.57451 0.929404
3 23 0 1 0 0 0 0 1 0 0 0 0 1 0
3 24 51 -0.252872 0.651381 -0.715373 0.360987 0.374594 0.747651 0.548359 -0.28423 0.89204 -0.12931 -0.433064 0.888201
3 25 31 -0.840697 0.469124 -0.270464 -0.411082 0.164563 0.69718 0.697752 -0.368672 0.515895 0.54209 -0.663318 0.833722
3 26 0 1 0 0 0 0 1 0 0 0 0 1 0
3 27 44 0.0478627 -0.849076 0.526098 -0.0596744 -0.507512 0.432977 0.744958 -0.438496 -0.860314 -0.302657 -0.410193 0.89675
3 28 20 0.581634 0.242301 -0.776526 -0.458512 -0.648581 0.714294 -0.262918 -0.120472 0.490963 0.656562 0.57261 0.880485
3 29 21 -0.725702 0.633694 0.267936 -0.483714 0.0609795 -0.328661 0.942477 -0.0244305 0.685302 0.700296 0.199868 0.874885
3 30 22 0.182064 0.932342 -0.312395 0.443609 0.218572 0.271382 0.937325 -0.121891 0.958686 -0.238934 -0.154374 0.887893
3 31 22 -0.0904862 -0.658173 0.747409 -0.554283 -0.628737 -0.544262 -0.5554 -0.262485 0.772336 -0.52018 -0.36457 0.789855
3 32 18 -0.580525 0.723207 -0.374116 0.0591855 -0.808693 -0.565658 0.16139 -0.143345 -0.094903 0.396236 0.913231 -0.987901
3 33 16 -0.954533 0.089479 -0.284359 0.0869899 -0.0537797 -0.989926 -0.130972 0.380421 -0.293214 -0.109724 0.94973 -0.920713
3 34 23 0.584313 0.710765 -0.391653 -0.368222 -0.770328 0.333959 -0.5432 -0.216811 -0.255292 0.6191 0.742658 0.904105
3 35 11 -0.930848 -0.0652555 -0.359532 0.195709 0.24726 -0.836934 -0.488266 0.565271 -0.269042 -0.5434 0.795193 -0.801353
3 36 23 -0.0275296 0.892526 -0.450155 -0.163094 -0.956449 -0.154433 -0.247703 -0.192072 -0.2906 0.423731 0.857906 0.967734
3 37 25 0.15599 0.0501521 0.986485 -0.849605 0.970823 -0.191929 -0.143756 0.522188 0.182125 0.980127 -0.0786279 -0.0741032
3 38 19 0.325817 -0.944216 -0.0479618 -0.196523 0.305066 0.153013 -0.939958 -0.33873 0.894862 0.291623 0.337902 0.920131
3 39 12 -0.74859 -0.432342 0.502686 -0.147492 -0.420366 0.895785 0.144432 0.207465 -0.512743 -0.103192 -0.852318 0.96706
3 40 0 1 0 0 0 0 1 0 0 0 0 1 0
3 41 36 0.117642 0.918031 0.378655 -0.696492 0.312358 0.327742 -0.891638 0.658081 -0.942652 0.22317 -0.248198 0.286058
3 42 27 -0.809026 -0.275401 -0.51926 0.432187 -0.353853 0.933614 0.0561538 -0.382624 0.469324 0.229172 -0.852769 0.816586
3 43 22 0.327937 -0.0850984 0.940859 -0.43036 -0.257172 -0.966363 0.00223238 -0.165729 0.909021 -0.242695 -0.338791 0.887313
3 44 28 0.930658 0.365526 0.0163163 0.170728 0.350896 -0.904268 0.243252 0.08159 0.103669 -0.220659 -0.969826 0.981934
3 45 16 0.716537 -0.529386 0.45423 -0.308166 0.686439 0.419382 -0.594071 0.301708 0.123997 0.737475 0.663894 -0.902223
3 46 23 -0.582039 -0.765812 -0.273427 0.45112 0.69059 -0.643053 0.33101 -0.352787 -0.42932 0.00383444 0.903144 0.819776
3 47 29 -0.564236 -0.0885967 -0.820846 0.258923 -0.733605 0.509917 0.449231 -0.844432 0.378763 0.855649 -0.352708 0.468928
3 48 16 0.886784 0.0573494 -0.458612 0.322709 0.242151 -0.902831 0.35533 -0.568052 -0.393671 -0.426154 -0.814503 0.757084
3 49 21 -0.517441 0.506821 -0.689483 0.317458 0.255437 -0.677518 -0.689725 -0.0773537 -0.816705 -0.533012 0.221114 0.945112
3 50 43 -0.336311 0.352282 -0.87338 0.429209 0.0199909 0.929862 0.367366 -0.326192 0.941539 0.10609 -0.319765 0.842246
3 51 13 -0.775899 -0.428847 -0.462678 0.169155 0.138102 -0.831086 0.538725 0.254009 -0.615556 0.354099 0.704063 0.952295
3 52 0 1 0 0 0 0 1 0 0 0 0 1 0
3 53 30 -0.56364 0.447713 -0.694164 0.375967 0.722071 0.675176 -0.150834 0.172747 0.401153 -0.586252 -0.703836 0.910389
3 54 18 0.941481 0.310829 -0.130382 0.979955 -0.1812 0.792889 0.581802 0.0905326 0.284219 -0.52413 0.802812 0.177458
3 55 15 0.382615 -0.601617 -0.701186 0.345532 -0.882062 -0.463679 -0.0834777 -0.00363182 -0.274904 0.65043 -0.708074 0.9384
3 56 31 0.318144 0.275051 -0.907266 0.487692 -0.545716 0.835675 0.0619855 -0.316012 0.775228 0.475389 0.415965 0.813814
3 57 32 -0.0793413 0.624382 -0.777079 0.523967 0.951409 0.280103 0.127921 -0.151237 0.297534 -0.729171 -0.616266 0.838204
3 58 11 0.23495 -0.840978 0.487396 -0.178203 0.954933 0.29328 0.0457135 0.0244362 -0.181388 0.45469 0.871984 -0.98369
3 59 33 -0.508869 0.604487 -0.612902 0.316533 0.819217 0.558771 -0.129064 0.101799 0.264454 -0.567776 -0.779547 0.943103
3 60 39 -0.329133 -0.389533 -0.860195 0.402947 -0.259225 0.913225 -0.314361 -0.00724787 0.908005 0.119517 -0.401549 0.915195
3 61 30 -0.308003 0.105118 -0.94556 0.422817 -0.261742 0.946162 0.190443 -0.334823 0.914672 0.30615 -0.263907 0.842092
3 62 0 1 0 0 0 0 1 0 0 0 0 1 0
3 63 14 -0.565021 0.187457 -0.803499 0.278957 0.107843 0.982273 0.15333 0.0550364 0.817998 -1.71417e-05 -0.575221 0.958725
3 64 23 -0.402994 0.911094 -0.086623 -0.255501 0.721027 0.37436 0.583073 -0.165788 0.563663 0.172517 -0.807789 0.952488
3 65 0 1 0 0 0 0 1 0 0 0 0 1 0
3 66 22 -0.688676 0.387878 0.612599 0.13511 -0.25847 0.658048 -0.707224 0.29046 -0.677436 -0.645386 -0.352927 0.947301
3 67 37 -0.667843 0.0247265 -0.743892 0.406408 0.192848 0.971066 -0.140855 0.0131701 0.718885 -0.237527 -0.653288 0.913597
4 5 164 0.998496 0.0246886 -0.0489542 0.650368 -0.0260229 0.999302 -0.0268093 0.150849 0.0482582 0.0280429 0.998441 -0.74449
4 6 80 0.995495 0.0340563 -0.0884914 0.90063 -0.0321528 0.999222 0.0228482 0.114197 0.0892006 -0.0199 0.995815 -0.419315
4 7 75 0.977357 0.0570607 -0.203759 0.985956 -0.0582519 0.998302 0.000151517 0.129419 0.203421 0.0117212 0.979021 -0.105549
4 8 28 0.984062 0.177765 -0.00463151 0.631805 -0.177821 0.983525 -0.0325221 -0.236519 -0.00122607 0.0328273 0.99946 0.738161
4 9 54 0.869431 0.477982 0.124992 -0.471355 -0.021137 -0.216774 0.975993 -0.300758 0.493602 -0.8512 -0.178367 0.829078
4 10 15 -0.956831 -0.236861 0.168435 -0.0295208 0.19157 -0.94979 -0.247387 -0.102368 0.218574 -0.204441 0.954164 0.994309
4 11 27 -0.606343 0.657594 -0.447122 0.787686 -0.758665 -0.309897 0.573054 -0.338899 0.238275 0.686684 0.686798 -0.514488
4 12 35 0.860493 -0.290454 0.418555 -0.968793 0.0740341 0.884132 0.461335 -0.204927 -0.504054 -0.365988 0.782293 -0.139445
4 13 12 -0.021017 -0.997452 0.068181 -0.144334 0.720608 0.0321588 0.692596 0.27046 -0.693024 0.0636881 0.718096 0.95185
4 14 22 -0.226166 0.880154 0.417347 -0.43877 -0.714204 0.141515 -0.685482 0.351238 -0.662391 -0.453103 0.596604 -0.827111
4 15 27 -0.959875 0.0604044 0.273847 -0.085967 0.145155 0.942548 0.300886 -0.221091 -0.239939 0.328563 -0.913496 0.971457
4 16 44 -0.183234 -0.168063 -0.968597 0.131822 -0.387865 0.917708 -0.0858593 -0.246116 0.903319 0.359953 -0.233341 0.960234
4 17 33 0.602632 0.148261 -0.784126 0.886832 -0.100009 0.988875 0.110114 0.085767 0.791728 0.0120614 0.610755 -0.454063
4 18 22 0.589248 0.0337927 -0.807245 -0.227033 -0.014295 0.999405 0.0314022 -0.301347 0.807826 -0.00696408 0.58938 0.926092
4 19 25 0.331683 -0.931926 0.146626 -0.227857 -0.942543 -0.320771 0.0933752 -0.274052 -0.0399856 -0.169172 -0.984775 0.934332
4 20 22 -0.830785 0.197301 0.520451 -0.294555 0.236534 0.971579 0.00925335 -0.0811304 -0.503833 0.130792 -0.853842 0.952185
4 21 0 1 0 0 0 0 1 0 0 0 0 1 0
4 22 0 1 0 0 0 0 1 0 0 0 0 1 0
4 23 13 -0.784574 -0.601972 -0.148573 0.400168 0.552586 -0.570169 -0.607911 0.279722 0.281234 -0.55905 0.779981 -0.872709
4 24 15 -0.702466 -0.672568 0.232796 -0.153005 0.207136 -0.506129 -0.837215 -0.336953 0.680909 -0.539895 0.494851 0.929006
4 25 11 0.917752 -0.205735 -0.339712 0.219327 0.274884 0.946428 0.169446 -0.108298 0.286652 -0.248891 0.92514 0.969622
4 26 0 1 0 0 0 0 1 0 0 0 0 1 0
4 27 33 0.529073 -0.302239 0.792927 -0.931073 -0.73035 0.313575 0.606844 -0.340673 -0.432054 -0.900179 -0.0548363 0.130557
4 28 45 0.466551 -0.19102 0.863621 -0.442663 0.412553 -0.816687 -0.403511 -0.0238704 0.782387 0.544548 -0.30222 0.89637
4 29 16 -0.459882 -0.864953 -0.200908 -0.494975 0.748405 -0.499315 0.436549 -0.397955 -0.477911 0.0504008 0.876961 0.772419
4 30 23 0.0562367 0.97513 -0.214381 0.196778 0.419092 -0.217943 -0.881398 -0.0104718 -0.9062 -0.0402785 -0.420926 0.980392
4 31 26 0.175089 -0.483566 0.857618 -0.695026 -0.863412 -0.494022 -0.102281 -0.381481 0.473142 -0.722569 -0.504014 0.609435
4 32 26 0.457641 0.26487 0.848769 -0.0594278 0.379322 -0.92153 0.0830522 0.294372 0.804164 0.283949 -0.522201 0.953841
4 33 15 0.0133065 0.838326 0.545008 -0.391475 -0.86052 0.287191 -0.420745 0.0706816 -0.509242 -0.463391 0.725218 -0.91747
4 34 11 0.988374 0.151767 -0.0091034 0.426204 -0.151438 0.97738 -0.14763 0.319317 -0.0135078 0.147292 0.989001 -0.846396
4 35 34 -0.969956 0.003834 0.243249 -0.443716 0.210551 -0.487666 0.847261 -0.290766 0.121873 0.873022 0.472207 0.847686
4 36 12 0.811272 0.371945 0.451103 0.268538 -0.422597 0.906227 0.0128009 -0.0163409 -0.404041 -0.20102 0.89238 0.963131
4 37 25 0.419136 0.865435 -0.274497 0.600499 0.748499 -0.500488 -0.435042 0.14679 -0.513883 -0.0231187 -0.857549 0.786037
4 38 33 0.55843 -0.118867 -0.820991 0.945252 -0.81032 0.133701 -0.57053 0.157885 0.177585 0.983867 -0.0216578 0.285605
4 39 19 0.43187 -0.808911 0.398938 -0.186171 -0.82128 -0.535518 -0.196773 -0.133397 0.37281 -0.242659 -0.895616 0.97342
4 40 31 -0.280432 -0.956025 0.0858675 -0.168892 -0.711999 0.267175 0.649365 -0.201986 -0.643752 0.120965 -0.755613 0.964716
4 41 28 -0.220399 -0.0579049 -0.97369 0.38302 -0.329745 0.943889 0.0185066 -0.148007 0.917983 0.325148 -0.227126 0.911806
4 42 18 0.133745 0.990998 -0.00586391 0.376844 -0.927969 0.123157 -0.351719 0.0306429 -0.347831 0.0524821 0.936087 -0.92577
4 43 17 -0.596159 0.285921 -0.750229 0.47542 -0.0827646 0.907574 0.411654 -0.316013 0.798589 0.307504 -0.517394 0.821043
4 44 0 1 0 0 0 0 1 0 0 0 0 1 0
4 45 27 0.26016 -0.573025 -0.777148 0.478751 -0.923359 -0.383009 -0.0266968 -0.348856 -0.282357 0.724532 -0.628752 0.805666
4 46 19 0.60228 -0.285022 0.745668 -0.436042 -0.103523 0.898313 0.426985 -0.467932 -0.791544 -0.334358 0.51153 -0.768705
4 47 25 -0.105011 0.9834 -0.147979 0.43621 0.552404 -0.0660518 -0.830955 0.233147 -0.826935 -0.169004 -0.536298 0.869116
4 48 16 -0.986379 0.00355056 -0.164449 0.407116 -0.10141 0.77403 0.624975 -0.294567 0.129508 0.633139 -0.763127 0.864573
4 49 21 0.159519 0.941352 0.297338 -0.0484401 0.786681 -0.303176 0.53779 -0.238411 0.596395 0.148122 -0.788906 0.969956
4 50 0 1 0 0 0 0 1 0 0 0 0 1 0
4 51 25 0.936321 -0.341631 0.0811896 0.0871601 -0.323732 -0.929394 -0.177268 -0.187282 0.136017 0.139696 -0.980808 0.978432
4 52 11 0.677191 0.289303 0.676547 -0.785635 -0.655107 0.65571 0.375338 -0.0574747 -0.335032 -0.697386 0.633566 -0.616015
4 53 20 -0.905254 0.394106 -0.158732 -0.11083 0.291121 0.847478 0.44388 -0.0939121 0.309457 0.355614 -0.881916 0.989392
4 54 17 -0.0989484 -0.513378 -0.852439 0.420631 -0.521575 -0.702784 0.483792 -0.097316 -0.847448 0.492481 -0.198226 0.901997
4 55 14 0.475818 -0.476784 -0.739104 0.380369 -0.570457 -0.8069 0.153271 -0.201994 -0.66946 0.348697 -0.655922 0.902507
4 56 17 0.0686847 -0.394344 0.916392 -0.962584 -0.677112 0.656167 0.333114 -0.0488052 -0.732668 -0.64338 -0.221946 0.266552
4 57 0 1 0 0 0 0 1 0 0 0 0 1 0
4 58 21 -0.783544 0.582105 -0.217283 0.491271 0.607671 0.790865 -0.0725791 0.0535153 0.129593 -0.188906 -0.973407 0.869361
4 59 18 0.742274 0.224993 0.631195 -0.139418 -0.334253 0.940712 0.0577523 -0.231151 -0.580779 -0.253847 0.773471 -0.962877
4 60 18 -0.606316 0.440005 -0.662402 0.321944 0.275665 0.897621 0.343927 -0.219931 0.745915 0.0259276 -0.665536 0.92086
4 61 15 0.216885 -0.96627 -0.138865 0.110561 -0.954906 -0.180449 -0.235781 -0.178374 0.20277 0.18374 -0.961834 0.977731
4 62 0 1 0 0 0 0 1 0 0 0 0 1 0
4 63 20 -0.396038 0.915662 0.0686865 -0.116141 0.697506 0.251344 0.671053 -0.310351 0.597193 0.313672 -0.738221 0.943501
4 64 16 -0.958679 -0.155105 -0.238489 0.281098 0.278215 -0.686249 -0.672055 -0.217385 -0.0594236 -0.710636 0.701045 0.934734
4 65 32 -0.962118 -0.270095 -0.0371066 -0.239031 0.244979 -0.796757 -0.552416 0.833814 0.11964 -0.54058 0.832742 -0.497613
4 66 11 -0.964087 -0.238858 -0.116118 0.377339 0.240892 -0.970545 -0.00360987 -0.132169 -0.111835 -0.0314522 0.993229 0.916595
4 67 13 0.226442 0.973853 0.0182632 0.214608 -0.718821 0.179735 -0.671559 0.332096 -0.657283 0.138941 0.740726 -0.918507
5 6 66 0.998174 0.052448 -0.0299612 0.619324 -0.0520266 0.998538 0.0146761 0.246614 0.0306871 -0.0130905 0.999443 -0.745399
5 7 90 0.988831 0.0775402 -0.12728 0.736977 -0.080225 0.996647 -0.0160967 0.182941 0.125605 0.026128 0.991736 -0.65069
5 8 46 0.959446 0.195626 -0.202961 0.755461 -0.217516 0.971747 -0.0916255 0.15325 0.179302 0.132057 0.974891 -0.637019
5 9 51 0.987309 0.0546246 -0.149119 0.67882 -0.047975 0.997703 0.0478336 -0.215843 0.151389 -0.0400726 0.987662 0.701865
5 10 17 0.927569 0.330636 -0.174056 0.114385 -0.287106 0.928799 0.234314 -0.0918435 0.239136 -0.16737 0.956453 0.989182
5 11 27 0.0616139 -0.71761 0.693715 -0.212868 -0.993039 -0.113977 -0.0297036 -0.299298 0.100383 -0.687056 -0.719637 0.930112
5 12 26 0.98599 -0.00890969 0.166567 -0.316937 -0.0451281 0.947085 0.317795 -0.0592517 -0.160585 -0.320859 0.933414 0.946594
5 13 35 -0.727907 0.416014 0.545054 0.187217 -0.15843 0.671362 -0.723998 0.884445 -0.667122 -0.613356 -0.42278 0.427443
5 14 28 0.427623 -0.214237 0.878203 0.251159 0.505214 -0.748974 -0.428715 -0.191992 0.749598 0.627009 -0.212043 0.948714
5 15 20 -0.941316 -0.166903 0.293373 -0.0869079 -0.131935 0.981977 0.135332 -0.0838712 -0.310673 0.0886837 -0.946371 0.99268
5 16 52 0.0329301 0.262359 -0.964408 0.634245 -0.250008 0.936418 0.246208 -0.178782 0.967684 0.233002 0.0964281 0.752177
5 17 22 0.823548 -0.111258 -0.556229 -0.287717 -0.0374813 0.96776 -0.249068 -0.0834719 0.566007 0.225968 0.792827 0.954071
5 18 43 -0.0509487 0.989691 -0.133852 -0.178741 -0.604359 0.0761468 0.793065 -0.406388 0.795082 0.1213 0.594249 0.896047
5 19 28 -0.966235 -0.203008 0.158677 0.0166094 -0.120206 0.899861 0.419287 -0.177956 -0.227906 0.386055 -0.893879 0.983898
5 20 17 0.0640934 -0.647352 -0.759492 -0.241815 0.478996 0.687614 -0.545664 -0.220284 0.875474 -0.32882 0.35415 0.944987
5 21 13 0.175382 0.894878 -0.410408 -0.427926 -0.663957 -0.200286 -0.720449 -0.209522 -0.726913 0.398847 0.559034 0.879193
5 22 0 1 0 0 0 0 1 0 0 0 0 1 0
5 23 0 1 0 0 0 0 1 0 0 0 0 1 0
5 24 33 -0.71387 -0.686575 -0.137856 -0.202222 -0.667373 0.726649 -0.163078 -0.187883 0.212139 -0.0244152 -0.976935 0.961148
5 25 13 0.42154 -0.90664 -0.0175591 -0.361931 0.904297 0.418853 0.0825211 -0.155302 -0.0674622 -0.0506646 0.996435 0.919178
5 26 13 -0.340222 0.705629 0.621561 0.0133001 -0.784177 -0.577688 0.22659 -0.158336 0.518957 -0.410322 0.74988 0.987296
5 27 18 0.488472 0.867365 -0.0952509 -0.0751651 -0.773605 0.379981 -0.507099 -0.149106 -0.403647 0.32139 0.856608 0.98596
5 28 0 1 0 0 0 0 1 0 0 0 0 1 0
5 29 24 -0.99802 -0.0561344 0.0283771 0.00535033 0.0626365 -0.92816 0.366874 -0.589506 0.00574422 0.367925 0.929838 0.807747
5 30 0 1 0 0 0 0 1 0 0 0 0 1 0
