0 1 0 1 0 0 0 0 1 0 0 0 0 1 0
0 2 26 0.981388 0.0641705 -0.180997 0.982095 -0.0675119 0.997642 -0.0123544 -0.154734 0.179777 0.0243439 0.983406 -0.107456
0 3 22 0.986675 0.0482158 -0.155398 0.97906 -0.0488483 0.998806 -0.00025168 0.0776471 0.155201 0.00783927 0.987852 -0.18818
0 4 0 1 0 0 0 0 1 0 0 0 0 1 0
0 5 10 -0.775899 0.30596 -0.551697 0.34243 -0.0876219 -0.918309 -0.386045 0.238495 -0.624743 -0.251191 0.739323 -0.908769
0 6 10 -0.857291 0.451229 0.247882 0.323271 -0.501426 -0.622651 -0.60073 -0.254563 -0.116723 -0.639295 0.760051 0.911424
0 7 0 1 0 0 0 0 1 0 0 0 0 1 0
0 8 0 1 0 0 0 0 1 0 0 0 0 1 0
0 9 0 1 0 0 0 0 1 0 0 0 0 1 0
0 10 15 0.993844 0.0589464 0.0938053 0.309118 0.0416682 -0.983417 0.176506 -0.236001 0.102654 -0.17151 -0.97982 0.921276
0 11 0 1 0 0 0 0 1 0 0 0 0 1 0
0 12 0 1 0 0 0 0 1 0 0 0 0 1 0
0 13 0 1 0 0 0 0 1 0 0 0 0 1 0
0 14 0 1 0 0 0 0 1 0 0 0 0 1 0
0 15 0 1 0 0 0 0 1 0 0 0 0 1 0
0 16 0 1 0 0 0 0 1 0 0 0 0 1 0
0 17 0 1 0 0 0 0 1 0 0 0 0 1 0
0 18 0 1 0 0 0 0 1 0 0 0 0 1 0
0 19 0 1 0 0 0 0 1 0 0 0 0 1 0
0 20 0 1 0 0 0 0 1 0 0 0 0 1 0
0 21 0 1 0 0 0 0 1 0 0 0 0 1 0
0 22 0 1 0 0 0 0 1 0 0 0 0 1 0
0 23 0 1 0 0 0 0 1 0 0 0 0 1 0
0 24 0 1 0 0 0 0 1 0 0 0 0 1 0
0 25 13 0.9451 0.261224 0.196338 0.210471 0.186474 -0.924511 0.332426 -0.284044 0.268355 -0.277564 -0.922466 0.935425
0 26 0 1 0 0 0 0 1 0 0 0 0 1 0
0 27 0 1 0 0 0 0 1 0 0 0 0 1 0
0 28 0 1 0 0 0 0 1 0 0 0 0 1 0
0 29 0 1 0 0 0 0 1 0 0 0 0 1 0
0 30 0 1 0 0 0 0 1 0 0 0 0 1 0
0 31 0 1 0 0 0 0 1 0 0 0 0 1 0
0 32 0 1 0 0 0 0 1 0 0 0 0 1 0
0 33 0 1 0 0 0 0 1 0 0 0 0 1 0
0 34 0 1 0 0 0 0 1 0 0 0 0 1 0
0 35 0 1 0 0 0 0 1 0 0 0 0 1 0
0 36 0 1 0 0 0 0 1 0 0 0 0 1 0
0 37 0 1 0 0 0 0 1 0 0 0 0 1 0
0 38 0 1 0 0 0 0 1 0 0 0 0 1 0
0 39 0 1 0 0 0 0 1 0 0 0 0 1 0
0 40 0 1 0 0 0 0 1 0 0 0 0 1 0
0 41 0 1 0 0 0 0 1 0 0 0 0 1 0
0 42 0 1 0 0 0 0 1 0 0 0 0 1 0
0 43 12 0.272336 -0.944054 0.185996 -0.299859 -0.893832 -0.319778 -0.314336 -0.0261616 0.356227 -0.0806442 -0.930913 0.953625
0 44 0 1 0 0 0 0 1 0 0 0 0 1 0
0 45 0 1 0 0 0 0 1 0 0 0 0 1 0
0 46 0 1 0 0 0 0 1 0 0 0 0 1 0
0 47 0 1 0 0 0 0 1 0 0 0 0 1 0
0 48 0 1 0 0 0 0 1 0 0 0 0 1 0
0 49 0 1 0 0 0 0 1 0 0 0 0 1 0
0 50 0 1 0 0 0 0 1 0 0 0 0 1 0
0 51 0 1 0 0 0 0 1 0 0 0 0 1 0
0 52 0 1 0 0 0 0 1 0 0 0 0 1 0
0 53 0 1 0 0 0 0 1 0 0 0 0 1 0
0 54 0 1 0 0 0 0 1 0 0 0 0 1 0
0 55 0 1 0 0 0 0 1 0 0 0 0 1 0
0 56 0 1 0 0 0 0 1 0 0 0 0 1 0
0 57 0 1 0 0 0 0 1 0 0 0 0 1 0
0 58 0 1 0 0 0 0 1 0 0 0 0 1 0
0 59 0 1 0 0 0 0 1 0 0 0 0 1 0
0 60 0 1 0 0 0 0 1 0 0 0 0 1 0
0 61 0 1 0 0 0 0 1 0 0 0 0 1 0
0 62 0 1 0 0 0 0 1 0 0 0 0 1 0
0 63 0 1 0 0 0 0 1 0 0 0 0 1 0
0 64 0 1 0 0 0 0 1 0 0 0 0 1 0
0 65 0 1 0 0 0 0 1 0 0 0 0 1 0
0 66 0 1 0 0 0 0 1 0 0 0 0 1 0
0 67 0 1 0 0 0 0 1 0 0 0 0 1 0
1 2 22 0.998465 0.0288772 -0.0472664 0.412208 -0.0299701 0.999296 -0.0225802 0.141515 0.0465811 0.0239621 0.998627 -0.900032
1 3 28 0.991435 0.0402364 -0.124249 0.91083 -0.0380414 0.999076 0.0199895 0.0636318 0.124938 -0.0150917 0.99205 -0.407848
1 4 14 0.983786 0.169492 0.0586263 -0.23123 -0.169954 0.985448 0.00294617 0.0980156 -0.0572738 -0.0128622 0.998276 -0.967949
1 5 19 -0.307045 0.842966 0.441738 -0.39842 -0.85878 -0.0453777 -0.510331 0.239108 -0.410147 -0.53605 0.737855 -0.885488
1 6 19 -0.444569 -0.661912 -0.603515 0.323271 -0.87588 0.462337 0.138129 -0.254563 0.187598 0.590015 -0.785296 0.911424
1 7 13 0.452708 0.869981 0.195419 0.316946 -0.891354 0.435819 0.1247 -0.239159 0.0233196 -0.23064 0.97276 0.917795
1 8 22 -0.263833 0.817017 0.512713 -0.0590928 0.637448 0.546615 -0.54302 0.287886 -0.723914 0.183561 -0.665022 0.95584
1 9 26 -0.0617747 0.974124 0.21741 0.270858 0.816957 -0.0757861 0.571697 -0.24773 0.57338 0.212931 -0.791136 0.930196
1 10 25 -0.180092 -0.949164 0.258177 0.308025 -0.685694 0.309324 0.658895 -0.235246 -0.70526 -0.0583688 -0.706542 0.921835
1 11 20 -0.225983 0.974118 -0.0050389 0.200301 0.849312 0.199557 0.488719 -0.224569 0.477076 0.106163 -0.872426 0.95365
1 12 30 -0.449113 -0.747045 0.490123 -0.214666 0.885104 -0.446906 0.12987 -0.286743 0.12202 0.492136 0.861924 0.933647
1 13 16 -0.0274787 0.9721 -0.232951 0.311455 0.769811 0.169239 0.615425 -0.318746 0.63768 -0.162417 -0.752984 0.895208
1 14 25 -0.872912 -0.37263 -0.314915 0.270878 -0.486115 0.609494 0.626266 -0.303253 -0.041427 0.69976 -0.713176 0.913599
1 15 10 0.911414 0.227154 0.343111 -0.274788 -0.267408 0.960715 0.0742885 0.279166 -0.312758 -0.159458 0.936352 -0.920086
1 16 11 0.753007 -0.644333 -0.133476 0.202185 0.656766 0.748434 0.0922196 0.273145 0.0404776 -0.157104 0.986752 -0.940485
1 17 22 0.0566286 0.914851 0.399801 -0.251377 0.776482 -0.292075 0.558362 -0.253936 0.627589 0.278819 -0.726905 0.933984
1 18 12 -0.483149 -0.768731 -0.419071 -0.134192 0.864432 -0.494823 -0.0889188 -0.213397 -0.139011 -0.405219 0.903589 0.967706
1 19 17 -0.894703 -0.437027 -0.0922715 -0.22676 -0.445778 0.886659 0.122956 -0.243709 0.0280782 0.151142 -0.988113 0.942967
1 20 0 1 0 0 0 0 1 0 0 0 0 1 0
1 21 13 0.89783 -0.130708 -0.420497 -0.207414 0.0717973 0.985604 -0.153068 -0.265348 0.43445 0.107238 0.894289 0.941578
1 22 12 0.504273 0.590778 0.629833 0.377985 -0.549337 0.782215 -0.293887 -0.133546 -0.666287 -0.197791 0.718986 0.916129
1 23 11 -0.398741 -0.902516 0.162698 -0.239666 0.913282 -0.374703 0.159729 -0.0699231 -0.0831944 0.21228 0.973661 0.968334
1 24 10 0.843427 -0.504023 -0.185987 -0.372712 0.524576 0.84735 0.0825743 -0.197738 0.115977 -0.16721 0.979076 0.906634
1 25 19 -0.740741 0.248226 -0.624249 0.375131 0.0691723 0.952475 0.296661 -0.132046 0.668221 0.176568 -0.722707 0.917519
1 26 12 -0.41346 -0.910517 -0.00317278 0.255356 0.904286 -0.411032 0.115412 -0.166531 -0.106388 0.044849 0.993313 0.952397
1 27 12 -0.620249 -0.540437 0.568524 -0.139749 0.597951 -0.794857 -0.103236 -0.155003 0.507687 0.275918 0.816164 0.97798
1 28 0 1 0 0 0 0 1 0 0 0 0 1 0
1 29 16 0.873131 0.479159 -0.0897119 -0.0972566 0.477518 -0.803648 0.355142 -0.167532 0.0980726 -0.352925 -0.930498 0.981058
1 30 14 0.191459 -0.96366 -0.186288 -0.368508 0.96176 0.146324 0.231531 -0.13064 -0.195859 -0.223493 0.954825 0.920399
1 31 16 0.480747 -0.75575 -0.444662 0.156546 0.876295 0.432277 0.212706 -0.160645 0.0314649 -0.491913 0.870076 0.974519
1 32 0 1 0 0 0 0 1 0 0 0 0 1 0
1 33 0 1 0 0 0 0 1 0 0 0 0 1 0
1 34 0 1 0 0 0 0 1 0 0 0 0 1 0
1 35 22 0.619255 0.119501 0.776043 -0.408836 0.295522 -0.951148 -0.0893504 0.0110545 0.727455 0.284668 -0.624318 0.912541
1 36 20 0.905632 -0.286053 -0.313058 0.228487 -0.232455 -0.952303 0.197697 -0.30738 -0.354678 -0.106269 -0.92893 0.923748
1 37 18 0.543401 -0.809906 -0.220836 0.25686 -0.834367 -0.550044 -0.035828 -0.303882 -0.0924519 0.203727 -0.974653 0.917431
1 38 14 0.278342 -0.959617 0.0407467 -0.0399273 -0.955655 -0.280942 -0.0882912 -0.281461 0.0961732 -0.0143646 -0.995261 0.958742
1 39 17 0.317487 0.933059 -0.169125 -0.0158357 -0.948212 0.310536 -0.0667994 -0.313942 -0.00980856 0.181574 0.983328 0.94931
1 40 13 -0.975642 0.219227 -0.00793331 0.362355 -0.199245 -0.900689 -0.386084 -0.214636 -0.0917853 -0.375098 0.92243 0.906989
1 41 0 1 0 0 0 0 1 0 0 0 0 1 0
1 42 10 0.562645 -0.786923 0.253342 -0.273857 0.796182 0.598299 0.0901843 0.290124 -0.222542 0.150964 0.963164 -0.916968
1 43 28 0.392753 -0.695106 0.60214 -0.300155 -0.636464 -0.678066 -0.367614 -0.0185388 0.663821 -0.238859 -0.708723 0.95371
1 44 0 1 0 0 0 0 1 0 0 0 0 1 0
1 45 12 -0.400797 0.877093 -0.264707 0.396969 -0.702364 -0.479677 -0.525924 0.197169 -0.588258 -0.0248685 0.808291 -0.896404
1 46 17 -0.552797 0.76195 -0.337413 0.29394 0.639009 0.647486 0.415246 -0.117169 0.534867 0.0139373 -0.844821 0.948615
1 47 0 1 0 0 0 0 1 0 0 0 0 1 0
1 48 0 1 0 0 0 0 1 0 0 0 0 1 0
1 49 14 -0.0291865 -0.938399 -0.344318 0.214789 -0.982932 0.0895389 -0.160709 -0.184281 0.181639 0.333751 -0.924996 0.959117
1 50 0 1 0 0 0 0 1 0 0 0 0 1 0
1 51 22 0.235622 -0.249348 -0.939312 0.189382 -0.949438 -0.26541 -0.167707 -0.286811 -0.207486 0.931334 -0.299277 0.939081
1 52 20 0.957301 0.26451 0.11666 0.227967 0.275474 -0.957032 -0.0905781 -0.0203735 0.0876889 0.118847 -0.989033 0.973456
1 53 0 1 0 0 0 0 1 0 0 0 0 1 0
1 54 18 0.938765 -0.262907 0.22271 -0.0214724 -0.283782 -0.956545 0.067006 -0.311181 0.195415 -0.126104 -0.972579 0.950108
1 55 13 0.355821 -0.852622 -0.382658 0.386694 0.934259 0.334817 0.122712 0.250411 0.0234932 -0.401166 0.915704 -0.88756
1 56 22 0.682328 0.109912 0.722736 -0.00904208 -0.132186 0.990887 -0.0258964 -0.314419 -0.718996 -0.0778659 0.690639 0.949241
1 57 13 -0.947049 -0.318038 0.0441589 -0.177228 -0.264501 0.850701 0.454255 -0.310567 -0.182036 0.418522 -0.889777 0.933883
1 58 0 1 0 0 0 0 1 0 0 0 0 1 0
1 59 19 0.106722 -0.939262 -0.326186 0.355308 -0.917759 -0.219269 0.331117 -0.208835 -0.382528 0.264023 -0.885417 0.911123
1 60 10 -0.387196 0.798138 0.461578 -0.410818 -0.902865 -0.226769 -0.365253 0.0667786 -0.186851 -0.558168 0.808415 -0.909268
1 61 20 -0.391851 0.0420459 -0.919068 0.624279 -0.128989 0.986578 0.10013 -0.0699001 0.910942 0.157785 -0.381168 0.778068
1 62 16 0.852788 -0.183866 0.48882 -0.233653 -0.30441 -0.935538 0.179174 -0.337472 0.424366 -0.3016 -0.853787 0.911876
1 63 0 1 0 0 0 0 1 0 0 0 0 1 0
1 64 14 0.916972 -0.376827 0.131009 0.317604 0.383246 0.923256 -0.0268587 0.275214 -0.110833 0.0748372 0.991017 -0.907406
1 65 18 0.302174 0.562847 0.769346 -0.213267 0.526707 -0.77127 0.357381 -0.224989 0.794525 0.297229 -0.529514 0.950735
1 66 27 0.47757 -0.484588 0.732872 -0.310313 -0.655559 -0.751894 -0.0699755 -0.267665 0.584952 -0.447023 -0.676758 0.912174
1 67 13 -0.689089 0.557369 -0.463138 0.316196 -0.323717 -0.808539 -0.491398 0.26926 -0.648355 -0.188692 0.737585 -0.909681
2 3 0 1 0 0 0 0 1 0 0 0 0 1 0
2 4 0 1 0 0 0 0 1 0 0 0 0 1 0
2 5 0 1 0 0 0 0 1 0 0 0 0 1 0
2 6 14 -0.631807 0.68922 -0.354677 0.323271 0.400383 0.681987 0.612035 -0.254563 0.663712 0.244682 -0.706836 0.911424
2 7 0 1 0 0 0 0 1 0 0 0 0 1 0
2 8 0 1 0 0 0 0 1 0 0 0 0 1 0
2 9 0 1 0 0 0 0 1 0 0 0 0 1 0
2 10 0 1 0 0 0 0 1 0 0 0 0 1 0
2 11 0 1 0 0 0 0 1 0 0 0 0 1 0
2 12 0 1 0 0 0 0 1 0 0 0 0 1 0
2 13 0 1 0 0 0 0 1 0 0 0 0 1 0
2 14 0 1 0 0 0 0 1 0 0 0 0 1 0
2 15 0 1 0 0 0 0 1 0 0 0 0 1 0
2 16 0 1 0 0 0 0 1 0 0 0 0 1 0
2 17 0 1 0 0 0 0 1 0 0 0 0 1 0
2 18 0 1 0 0 0 0 1 0 0 0 0 1 0
2 19 0 1 0 0 0 0 1 0 0 0 0 1 0
2 20 0 1 0 0 0 0 1 0 0 0 0 1 0
2 21 0 1 0 0 0 0 1 0 0 0 0 1 0
2 22 0 1 0 0 0 0 1 0 0 0 0 1 0
2 23 0 1 0 0 0 0 1 0 0 0 0 1 0
2 24 0 1 0 0 0 0 1 0 0 0 0 1 0
2 25 0 1 0 0 0 0 1 0 0 0 0 1 0
2 26 0 1 0 0 0 0 1 0 0 0 0 1 0
2 27 0 1 0 0 0 0 1 0 0 0 0 1 0
2 28 0 1 0 0 0 0 1 0 0 0 0 1 0
2 29 0 1 0 0 0 0 1 0 0 0 0 1 0
2 30 0 1 0 0 0 0 1 0 0 0 0 1 0
2 31 0 1 0 0 0 0 1 0 0 0 0 1 0
2 32 0 1 0 0 0 0 1 0 0 0 0 1 0
2 33 0 1 0 0 0 0 1 0 0 0 0 1 0
2 34 0 1 0 0 0 0 1 0 0 0 0 1 0
2 35 0 1 0 0 0 0 1 0 0 0 0 1 0
2 36 0 1 0 0 0 0 1 0 0 0 0 1 0
2 37 0 1 0 0 0 0 1 0 0 0 0 1 0
2 38 0 1 0 0 0 0 1 0 0 0 0 1 0
2 39 0 1 0 0 0 0 1 0 0 0 0 1 0
2 40 0 1 0 0 0 0 1 0 0 0 0 1 0
2 41 0 1 0 0 0 0 1 0 0 0 0 1 0
2 42 0 1 0 0 0 0 1 0 0 0 0 1 0
2 43 0 1 0 0 0 0 1 0 0 0 0 1 0
2 44 0 1 0 0 0 0 1 0 0 0 0 1 0
2 45 0 1 0 0 0 0 1 0 0 0 0 1 0
2 46 0 1 0 0 0 0 1 0 0 0 0 1 0
2 47 0 1 0 0 0 0 1 0 0 0 0 1 0
2 48 0 1 0 0 0 0 1 0 0 0 0 1 0
2 49 0 1 0 0 0 0 1 0 0 0 0 1 0
2 50 0 1 0 0 0 0 1 0 0 0 0 1 0
2 51 0 1 0 0 0 0 1 0 0 0 0 1 0
2 52 0 1 0 0 0 0 1 0 0 0 0 1 0
2 53 0 1 0 0 0 0 1 0 0 0 0 1 0
2 54 0 1 0 0 0 0 1 0 0 0 0 1 0
2 55 0 1 0 0 0 0 1 0 0 0 0 1 0
2 56 0 1 0 0 0 0 1 0 0 0 0 1 0
2 57 0 1 0 0 0 0 1 0 0 0 0 1 0
2 58 0 1 0 0 0 0 1 0 0 0 0 1 0
2 59 0 1 0 0 0 0 1 0 0 0 0 1 0
2 60 0 1 0 0 0 0 1 0 0 0 0 1 0
2 61 0 1 0 0 0 0 1 0 0 0 0 1 0
2 62 0 1 0 0 0 0 1 0 0 0 0 1 0
2 63 0 1 0 0 0 0 1 0 0 0 0 1 0
2 64 0 1 0 0 0 0 1 0 0 0 0 1 0
2 65 0 1 0 0 0 0 1 0 0 0 0 1 0
2 66 0 1 0 0 0 0 1 0 0 0 0 1 0
2 67 0 1 0 0 0 0 1 0 0 0 0 1 0
3 4 0 1 0 0 0 0 1 0 0 0 0 1 0
3 5 0 1 0 0 0 0 1 0 0 0 0 1 0
3 6 0 1 0 0 0 0 1 0 0 0 0 1 0
3 7 0 1 0 0 0 0 1 0 0 0 0 1 0
3 8 0 1 0 0 0 0 1 0 0 0 0 1 0
3 9 0 1 0 0 0 0 1 0 0 0 0 1 0
3 10 0 1 0 0 0 0 1 0 0 0 0 1 0
3 11 0 1 0 0 0 0 1 0 0 0 0 1 0
3 12 0 1 0 0 0 0 1 0 0 0 0 1 0
3 13 0 1 0 0 0 0 1 0 0 0 0 1 0
3 14 0 1 0 0 0 0 1 0 0 0 0 1 0
3 15 0 1 0 0 0 0 1 0 0 0 0 1 0
3 16 0 1 0 0 0 0 1 0 0 0 0 1 0
3 17 0 1 0 0 0 0 1 0 0 0 0 1 0
3 18 0 1 0 0 0 0 1 0 0 0 0 1 0
3 19 0 1 0 0 0 0 1 0 0 0 0 1 0
3 20 0 1 0 0 0 0 1 0 0 0 0 1 0
3 21 0 1 0 0 0 0 1 0 0 0 0 1 0
3 22 0 1 0 0 0 0 1 0 0 0 0 1 0
3 23 0 1 0 0 0 0 1 0 0 0 0 1 0
3 24 0 1 0 0 0 0 1 0 0 0 0 1 0
3 25 0 1 0 0 0 0 1 0 0 0 0 1 0
3 26 0 1 0 0 0 0 1 0 0 0 0 1 0
3 27 0 1 0 0 0 0 1 0 0 0 0 1 0
3 28 0 1 0 0 0 0 1 0 0 0 0 1 0
3 29 0 1 0 0 0 0 1 0 0 0 0 1 0
3 30 0 1 0 0 0 0 1 0 0 0 0 1 0
3 31 0 1 0 0 0 0 1 0 0 0 0 1 0
3 32 0 1 0 0 0 0 1 0 0 0 0 1 0
3 33 0 1 0 0 0 0 1 0 0 0 0 1 0
3 34 0 1 0 0 0 0 1 0 0 0 0 1 0
3 35 0 1 0 0 0 0 1 0 0 0 0 1 0
3 36 0 1 0 0 0 0 1 0 0 0 0 1 0
3 37 0 1 0 0 0 0 1 0 0 0 0 1 0
3 38 0 1 0 0 0 0 1 0 0 0 0 1 0
3 39 0 1 0 0 0 0 1 0 0 0 0 1 0
3 40 0 1 0 0 0 0 1 0 0 0 0 1 0
3 41 0 1 0 0 0 0 1 0 0 0 0 1 0
3 42 0 1 0 0 0 0 1 0 0 0 0 1 0
3 43 0 1 0 0 0 0 1 0 0 0 0 1 0
3 44 0 1 0 0 0 0 1 0 0 0 0 1 0
3 45 0 1 0 0 0 0 1 0 0 0 0 1 0
3 46 0 1 0 0 0 0 1 0 0 0 0 1 0
3 47 0 1 0 0 0 0 1 0 0 0 0 1 0
3 48 0 1 0 0 0 0 1 0 0 0 0 1 0
3 49 0 1 0 0 0 0 1 0 0 0 0 1 0
3 50 0 1 0 0 0 0 1 0 0 0 0 1 0
3 51 0 1 0 0 0 0 1 0 0 0 0 1 0
3 52 0 1 0 0 0 0 1 0 0 0 0 1 0
3 53 0 1 0 0 0 0 1 0 0 0 0 1 0
3 54 0 1 0 0 0 0 1 0 0 0 0 1 0
3 55 0 1 0 0 0 0 1 0 0 0 0 1 0
3 56 0 1 0 0 0 0 1 0 0 0 0 1 0
3 57 0 1 0 0 0 0 1 0 0 0 0 1 0
3 58 0 1 0 0 0 0 1 0 0 0 0 1 0
3 59 0 1 0 0 0 0 1 0 0 0 0 1 0
3 60 0 1 0 0 0 0 1 0 0 0 0 1 0
3 61 0 1 0 0 0 0 1 0 0 0 0 1 0
3 62 0 1 0 0 0 0 1 0 0 0 0 1 0
3 63 0 1 0 0 0 0 1 0 0 0 0 1 0
3 64 0 1 0 0 0 0 1 0 0 0 0 1 0
3 65 0 1 0 0 0 0 1 0 0 0 0 1 0
3 66 0 1 0 0 0 0 1 0 0 0 0 1 0
3 67 0 1 0 0 0 0 1 0 0 0 0 1 0
4 5 0 1 0 0 0 0 1 0 0 0 0 1 0
4 6 0 1 0 0 0 0 1 0 0 0 0 1 0
4 7 0 1 0 0 0 0 1 0 0 0 0 1 0
4 8 0 1 0 0 0 0 1 0 0 0 0 1 0
4 9 0 1 0 0 0 0 1 0 0 0 0 1 0
4 10 0 1 0 0 0 0 1 0 0 0 0 1 0
4 11 0 1 0 0 0 0 1 0 0 0 0 1 0
4 12 0 1 0 0 0 0 1 0 0 0 0 1 0
4 13 0 1 0 0 0 0 1 0 0 0 0 1 0
4 14 12 0.289778 0.887422 0.358484 -0.123673 0.956366 -0.253874 -0.14461 -0.304114 -0.0373206 0.384747 -0.922267 0.944574
4 15 0 1 0 0 0 0 1 0 0 0 0 1 0
4 16 0 1 0 0 0 0 1 0 0 0 0 1 0
4 17 0 1 0 0 0 0 1 0 0 0 0 1 0
4 18 0 1 0 0 0 0 1 0 0 0 0 1 0
4 19 0 1 0 0 0 0 1 0 0 0 0 1 0
4 20 0 1 0 0 0 0 1 0 0 0 0 1 0
4 21 0 1 0 0 0 0 1 0 0 0 0 1 0
4 22 0 1 0 0 0 0 1 0 0 0 0 1 0
4 23 0 1 0 0 0 0 1 0 0 0 0 1 0
4 24 0 1 0 0 0 0 1 0 0 0 0 1 0
4 25 0 1 0 0 0 0 1 0 0 0 0 1 0
4 26 0 1 0 0 0 0 1 0 0 0 0 1 0
4 27 0 1 0 0 0 0 1 0 0 0 0 1 0
4 28 0 1 0 0 0 0 1 0 0 0 0 1 0
4 29 0 1 0 0 0 0 1 0 0 0 0 1 0
4 30 0 1 0 0 0 0 1 0 0 0 0 1 0
4 31 0 1 0 0 0 0 1 0 0 0 0 1 0
4 32 0 1 0 0 0 0 1 0 0 0 0 1 0
4 33 0 1 0 0 0 0 1 0 0 0 0 1 0
4 34 0 1 0 0 0 0 1 0 0 0 0 1 0
4 35 0 1 0 0 0 0 1 0 0 0 0 1 0
4 36 0 1 0 0 0 0 1 0 0 0 0 1 0
4 37 0 1 0 0 0 0 1 0 0 0 0 1 0
4 38 0 1 0 0 0 0 1 0 0 0 0 1 0
4 39 0 1 0 0 0 0 1 0 0 0 0 1 0
4 40 0 1 0 0 0 0 1 0 0 0 0 1 0
4 41 0 1 0 0 0 0 1 0 0 0 0 1 0
4 42 0 1 0 0 0 0 1 0 0 0 0 1 0
4 43 0 1 0 0 0 0 1 0 0 0 0 1 0
4 44 0 1 0 0 0 0 1 0 0 0 0 1 0
4 45 0 1 0 0 0 0 1 0 0 0 0 1 0
4 46 0 1 0 0 0 0 1 0 0 0 0 1 0
4 47 0 1 0 0 0 0 1 0 0 0 0 1 0
4 48 0 1 0 0 0 0 1 0 0 0 0 1 0
4 49 0 1 0 0 0 0 1 0 0 0 0 1 0
4 50 0 1 0 0 0 0 1 0 0 0 0 1 0
4 51 0 1 0 0 0 0 1 0 0 0 0 1 0
4 52 0 1 0 0 0 0 1 0 0 0 0 1 0
4 53 0 1 0 0 0 0 1 0 0 0 0 1 0
4 54 0 1 0 0 0 0 1 0 0 0 0 1 0
4 55 0 1 0 0 0 0 1 0 0 0 0 1 0
4 56 0 1 0 0 0 0 1 0 0 0 0 1 0
4 57 0 1 0 0 0 0 1 0 0 0 0 1 0
4 58 0 1 0 0 0 0 1 0 0 0 0 1 0
4 59 0 1 0 0 0 0 1 0 0 0 0 1 0
4 60 0 1 0 0 0 0 1 0 0 0 0 1 0
4 61 0 1 0 0 0 0 1 0 0 0 0 1 0
4 62 0 1 0 0 0 0 1 0 0 0 0 1 0
4 63 0 1 0 0 0 0 1 0 0 0 0 1 0
4 64 0 1 0 0 0 0 1 0 0 0 0 1 0
4 65 0 1 0 0 0 0 1 0 0 0 0 1 0
4 66 0 1 0 0 0 0 1 0 0 0 0 1 0
4 67 0 1 0 0 0 0 1 0 0 0 0 1 0
5 6 0 1 0 0 0 0 1 0 0 0 0 1 0
5 7 0 1 0 0 0 0 1 0 0 0 0 1 0
5 8 0 1 0 0 0 0 1 0 0 0 0 1 0
5 9 0 1 0 0 0 0 1 0 0 0 0 1 0
5 10 0 1 0 0 0 0 1 0 0 0 0 1 0
5 11 0 1 0 0 0 0 1 0 0 0 0 1 0
5 12 0 1 0 0 0 0 1 0 0 0 0 1 0
5 13 0 1 0 0 0 0 1 0 0 0 0 1 0
5 14 0 1 0 0 0 0 1 0 0 0 0 1 0
5 15 0 1 0 0 0 0 1 0 0 0 0 1 0
5 16 0 1 0 0 0 0 1 0 0 0 0 1 0
5 17 0 1 0 0 0 0 1 0 0 0 0 1 0
5 18 0 1 0 0 0 0 1 0 0 0 0 1 0
5 19 0 1 0 0 0 0 1 0 0 0 0 1 0
5 20 0 1 0 0 0 0 1 0 0 0 0 1 0
5 21 0 1 0 0 0 0 1 0 0 0 0 1 0
5 22 0 1 0 0 0 0 1 0 0 0 0 1 0
5 23 0 1 0 0 0 0 1 0 0 0 0 1 0
5 24 0 1 0 0 0 0 1 0 0 0 0 1 0
5 25 0 1 0 0 0 0 1 0 0 0 0 1 0
5 26 0 1 0 0 0 0 1 0 0 0 0 1 0
5 27 0 1 0 0 0 0 1 0 0 0 0 1 0
5 28 0 1 0 0 0 0 1 0 0 0 0 1 0
5 29 0 1 0 0 0 0 1 0 0 0 0 1 0
5 30 0 1 0 0 0 0 1 0 0 0 0 1 0
5 31 0 1 0 0 0 0 1 0 0 0 0 1 0
5 32 0 1 0 0 0 0 1 0 0 0 0 1 0
5 33 0 1 0 0 0 0 1 0 0 0 0 1 0
5 34 0 1 0 0 0 0 1 0 0 0 0 1 0
5 35 0 1 0 0 0 0 1 0 0 0 0 1 0
5 36 0 1 0 0 0 0 1 0 0 0 0 1 0
5 37 0 1 0 0 0 0 1 0 0 0 0 1 0
5 38 0 1 0 0 0 0 1 0 0 0 0 1 0
5 39 0 1 0 0 0 0 1 0 0 0 0 1 0
5 40 0 1 0 0 0 0 1 0 0 0 0 1 0
5 41 0 1 0 0 0 0 1 0 0 0 0 1 0
5 42 0 1 0 0 0 0 1 0 0 0 0 1 0
5 43 0 1 0 0 0 0 1 0 0 0 0 1 0
5 44 0 1 0 0 0 0 1 0 0 0 0 1 0
5 45 0 1 0 0 0 0 1 0 0 0 0 1 0
5 46 0 1 0 0 0 0 1 0 0 0 0 1 0
5 47 0 1 0 0 0 0 1 0 0 0 0 1 0
5 48 0 1 0 0 0 0 1 0 0 0 0 1 0
5 49 0 1 0 0 0 0 1 0 0 0 0 1 0
5 50 0 1 0 0 0 0 1 0 0 0 0 1 0
5 51 0 1 0 0 0 0 1 0 0 0 0 1 0
5 52 0 1 0 0 0 0 1 0 0 0 0 1 0
5 53 0 1 0 0 0 0 1 0 0 0 0 1 0
5 54 0 1 0 0 0 0 1 0 0 0 0 1 0
5 55 0 1 0 0 0 0 1 0 0 0 0 1 0
5 56 0 1 0 0 0 0 1 0 0 0 0 1 0
5 57 0 1 0 0 0 0 1 0 0 0 0 1 0
5 58 0 1 0 0 0 0 1 0 0 0 0 1 0
5 59 0 1 0 0 0 0 1 0 0 0 0 1 0
5 60 0 1 0 0 0 0 1 0 0 0 0 1 0
5 61 0 1 0 0 0 0 1 0 0 0 0 1 0
5 62 0 1 0 0 0 0 1 0 0 0 0 1 0
5 63 0 1 0 0 0 0 1 0 0 0 0 1 0
5 64 0 1 0 0 0 0 1 0 0 0 0 1 0
5 65 0 1 0 0 0 0 1 0 0 0 0 1 0
5 66 0 1 0 0 0 0 1 0 0 0 0 1 0
5 67 0 1 0 0 0 0 1 0 0 0 0 1 0
6 7 0 1 0 0 0 0 1 0 0 0 0 1 0
6 8 0 1 0 0 0 0 1 0 0 0 0 1 0
6 9 0 1 0 0 0 0 1 0 0 0 0 1 0
6 10 0 1 0 0 0 0 1 0 0 0 0 1 0
6 11 0 1 0 0 0 0 1 0 0 0 0 1 0
6 12 0 1 0 0 0 0 1 0 0 0 0 1 0
6 13 0 1 0 0 0 0 1 0 0 0 0 1 0
6 14 0 1 0 0 0 0 1 0 0 0 0 1 0
6 15 0 1 0 0 0 0 1 0 0 0 0 1 0
6 16 0 1 0 0 0 0 1 0 0 0 0 1 0
6 17 0 1 0 0 0 0 1 0 0 0 0 1 0
6 18 0 1 0 0 0 0 1 0 0 0 0 1 0
6 19 0 1 0 0 0 0 1 0 0 0 0 1 0
6 20 0 1 0 0 0 0 1 0 0 0 0 1 0
6 21 0 1 0 0 0 0 1 0 0 0 0 1 0
6 22 0 1 0 0 0 0 1 0 0 0 0 1 0
6 23 0 1 0 0 0 0 1 0 0 0 0 1 0
6 24 0 1 0 0 0 0 1 0 0 0 0 1 0
6 25 0 1 0 0 0 0 1 0 0 0 0 1 0
6 26 0 1 0 0 0 0 1 0 0 0 0 1 0
6 27 0 1 0 0 0 0 1 0 0 0 0 1 0
6 28 0 1 0 0 0 0 1 0 0 0 0 1 0
6 29 0 1 0 0 0 0 1 0 0 0 0 1 0
6 30 0 1 0 0 0 0 1 0 0 0 0 1 0
6 31 0 1 0 0 0 0 1 0 0 0 0 1 0
6 32 0 1 0 0 0 0 1 0 0 0 0 1 0
6 33 0 1 0 0 0 0 1 0 0 0 0 1 0
6 34 0 1 0 0 0 0 1 0 0 0 0 1 0
6 35 0 1 0 0 0 0 1 0 0 0 0 1 0
6 36 0 1 0 0 0 0 1 0 0 0 0 1 0
6 37 0 1 0 0 0 0 1 0 0 0 0 1 0
6 38 0 1 0 0 0 0 1 0 0 0 0 1 0
6 39 0 1 0 0 0 0 1 0 0 0 0 1 0
6 40 0 1 0 0 0 0 1 0 0 0 0 1 0
6 41 0 1 0 0 0 0 1 0 0 0 0 1 0
6 42 0 1 0 0 0 0 1 0 0 0 0 1 0
6 43 0 1 0 0 0 0 1 0 0 0 0 1 0
6 44 0 1 0 0 0 0 1 0 0 0 0 1 0
6 45 0 1 0 0 0 0 1 0 0 0 0 1 0
6 46 0 1 0 0 0 0 1 0 0 0 0 1 0
6 47 0 1 0 0 0 0 1 0 0 0 0 1 0
6 48 0 1 0 0 0 0 1 0 0 0 0 1 0
6 49 0 1 0 0 0 0 1 0 0 0 0 1 0
6 50 0 1 0 0 0 0 1 0 0 0 0 1 0
6 51 0 1 0 0 0 0 1 0 0 0 0 1 0
6 52 0 1 0 0 0 0 1 0 0 0 0 1 0
6 53 0 1 0 0 0 0 1 0 0 0 0 1 0
6 54 0 1 0 0 0 0 1 0 0 0 0 1 0
6 55 0 1 0 0 0 0 1 0 0 0 0 1 0
6 56 0 1 0 0 0 0 1 0 0 0 0 1 0
6 57 0 1 0 0 0 0 1 0 0 0 0 1 0
6 58 0 1 0 0 0 0 1 0 0 0 0 1 0
6 59 0 1 0 0 0 0 1 0 0 0 0 1 0
6 60 0 1 0 0 0 0 1 0 0 0 0 1 0
6 61 0 1 0 0 0 0 1 0 0 0 0 1 0
6 62 0 1 0 0 0 0 1 0 0 0 0 1 0
6 63 0 1 0 0 0 0 1 0 0 0 0 1 0
6 64 0 1 0 0 0 0 1 0 0 0 0 1 0
6 65 0 1 0 0 0 0 1 0 0 0 0 1 0
6 66 0 1 0 0 0 0 1 0 0 0 0 1 0
6 67 0 1 0 0 0 0 1 0 0 0 0 1 0
7 8 0 1 0 0 0 0 1 0 0 0 0 1 0
7 9 0 1 0 0 0 0 1 0 0 0 0 1 0
7 10 15 0.993916 0.00228019 -0.110115 -0.201621 0.00948641 -0.997843 0.0649632 -0.307974 -0.109729 -0.0656126 -0.991794 0.929785
7 11 0 1 0 0 0 0 1 0 0 0 0 1 0
7 12 0 1 0 0 0 0 1 0 0 0 0 1 0
7 13 0 1 0 0 0 0 1 0 0 0 0 1 0
7 14 0 1 0 0 0 0 1 0 0 0 0 1 0
7 15 0 1 0 0 0 0 1 0 0 0 0 1 0
7 16 0 1 0 0 0 0 1 0 0 0 0 1 0
7 17 0 1 0 0 0 0 1 0 0 0 0 1 0
7 18 0 1 0 0 0 0 1 0 0 0 0 1 0
7 19 0 1 0 0 0 0 1 0 0 0 0 1 0
7 20 0 1 0 0 0 0 1 0 0 0 0 1 0
7 21 0 1 0 0 0 0 1 0 0 0 0 1 0
7 22 0 1 0 0 0 0 1 0 0 0 0 1 0
7 23 0 1 0 0 0 0 1 0 0 0 0 1 0
7 24 0 1 0 0 0 0 1 0 0 0 0 1 0
7 25 0 1 0 0 0 0 1 0 0 0 0 1 0
7 26 0 1 0 0 0 0 1 0 0 0 0 1 0
7 27 0 1 0 0 0 0 1 0 0 0 0 1 0
7 28 0 1 0 0 0 0 1 0 0 0 0 1 0
7 29 0 1 0 0 0 0 1 0 0 0 0 1 0
7 30 0 1 0 0 0 0 1 0 0 0 0 1 0
7 31 0 1 0 0 0 0 1 0 0 0 0 1 0
7 32 0 1 0 0 0 0 1 0 0 0 0 1 0
7 33 0 1 0 0 0 0 1 0 0 0 0 1 0
7 34 0 1 0 0 0 0 1 0 0 0 0 1 0
7 35 0 1 0 0 0 0 1 0 0 0 0 1 0
7 36 0 1 0 0 0 0 1 0 0 0 0 1 0
7 37 0 1 0 0 0 0 1 0 0 0 0 1 0
7 38 0 1 0 0 0 0 1 0 0 0 0 1 0
7 39 0 1 0 0 0 0 1 0 0 0 0 1 0
7 40 0 1 0 0 0 0 1 0 0 0 0 1 0
7 41 0 1 0 0 0 0 1 0 0 0 0 1 0
7 42 0 1 0 0 0 0 1 0 0 0 0 1 0
7 43 0 1 0 0 0 0 1 0 0 0 0 1 0
7 44 0 1 0 0 0 0 1 0 0 0 0 1 0
7 45 0 1 0 0 0 0 1 0 0 0 0 1 0
7 46 0 1 0 0 0 0 1 0 0 0 0 1 0
7 47 0 1 0 0 0 0 1 0 0 0 0 1 0
7 48 0 1 0 0 0 0 1 0 0 0 0 1 0
7 49 0 1 0 0 0 0 1 0 0 0 0 1 0
7 50 0 1 0 0 0 0 1 0 0 0 0 1 0
7 51 0 1 0 0 0 0 1 0 0 0 0 1 0
7 52 0 1 0 0 0 0 1 0 0 0 0 1 0
7 53 0 1 0 0 0 0 1 0 0 0 0 1 0
7 54 0 1 0 0 0 0 1 0 0 0 0 1 0
7 55 0 1 0 0 0 0 1 0 0 0 0 1 0
7 56 0 1 0 0 0 0 1 0 0 0 0 1 0
7 57 0 1 0 0 0 0 1 0 0 0 0 1 0
7 58 0 1 0 0 0 0 1 0 0 0 0 1 0
7 59 0 1 0 0 0 0 1 0 0 0 0 1 0
7 60 0 1 0 0 0 0 1 0 0 0 0 1 0
7 61 0 1 0 0 0 0 1 0 0 0 0 1 0
7 62 0 1 0 0 0 0 1 0 0 0 0 1 0
7 63 0 1 0 0 0 0 1 0 0 0 0 1 0
7 64 0 1 0 0 0 0 1 0 0 0 0 1 0
7 65 0 1 0 0 0 0 1 0 0 0 0 1 0
7 66 0 1 0 0 0 0 1 0 0 0 0 1 0
7 67 0 1 0 0 0 0 1 0 0 0 0 1 0
8 9 0 1 0 0 0 0 1 0 0 0 0 1 0
8 10 0 1 0 0 0 0 1 0 0 0 0 1 0
8 11 0 1 0 0 0 0 1 0 0 0 0 1 0
8 12 0 1 0 0 0 0 1 0 0 0 0 1 0
8 13 0 1 0 0 0 0 1 0 0 0 0 1 0
8 14 0 1 0 0 0 0 1 0 0 0 0 1 0
8 15 0 1 0 0 0 0 1 0 0 0 0 1 0
8 16 0 1 0 0 0 0 1 0 0 0 0 1 0
8 17 0 1 0 0 0 0 1 0 0 0 0 1 0
8 18 0 1 0 0 0 0 1 0 0 0 0 1 0
8 19 0 1 0 0 0 0 1 0 0 0 0 1 0
8 20 0 1 0 0 0 0 1 0 0 0 0 1 0
8 21 0 1 0 0 0 0 1 0 0 0 0 1 0
8 22 0 1 0 0 0 0 1 0 0 0 0 1 0
8 23 0 1 0 0 0 0 1 0 0 0 0 1 0
8 24 0 1 0 0 0 0 1 0 0 0 0 1 0
8 25 0 1 0 0 0 0 1 0 0 0 0 1 0
8 26 0 1 0 0 0 0 1 0 0 0 0 1 0
8 27 0 1 0 0 0 0 1 0 0 0 0 1 0
8 28 0 1 0 0 0 0 1 0 0 0 0 1 0
8 29 0 1 0 0 0 0 1 0 0 0 0 1 0
8 30 0 1 0 0 0 0 1 0 0 0 0 1 0
8 31 0 1 0 0 0 0 1 0 0 0 0 1 0
8 32 0 1 0 0 0 0 1 0 0 0 0 1 0
8 33 0 1 0 0 0 0 1 0 0 0 0 1 0
8 34 0 1 0 0 0 0 1 0 0 0 0 1 0
8 35 0 1 0 0 0 0 1 0 0 0 0 1 0
8 36 0 1 0 0 0 0 1 0 0 0 0 1 0
8 37 0 1 0 0 0 0 1 0 0 0 0 1 0
8 38 0 1 0 0 0 0 1 0 0 0 0 1 0
8 39 0 1 0 0 0 0 1 0 0 0 0 1 0
8 40 0 1 0 0 0 0 1 0 0 0 0 1 0
8 41 0 1 0 0 0 0 1 0 0 0 0 1 0
8 42 0 1 0 0 0 0 1 0 0 0 0 1 0
8 43 0 1 0 0 0 0 1 0 0 0 0 1 0
8 44 0 1 0 0 0 0 1 0 0 0 0 1 0
8 45 0 1 0 0 0 0 1 0 0 0 0 1 0
8 46 0 1 0 0 0 0 1 0 0 0 0 1 0
8 47 0 1 0 0 0 0 1 0 0 0 0 1 0
8 48 0 1 0 0 0 0 1 0 0 0 0 1 0
8 49 0 1 0 0 0 0 1 0 0 0 0 1 0
8 50 0 1 0 0 0 0 1 0 0 0 0 1 0
8 51 0 1 0 0 0 0 1 0 0 0 0 1 0
8 52 0 1 0 0 0 0 1 0 0 0 0 1 0
8 53 0 1 0 0 0 0 1 0 0 0 0 1 0
8 54 0 1 0 0 0 0 1 0 0 0 0 1 0
8 55 0 1 0 0 0 0 1 0 0 0 0 1 0
8 56 0 1 0 0 0 0 1 0 0 0 0 1 0
8 57 0 1 0 0 0 0 1 0 0 0 0 1 0
8 58 0 1 0 0 0 0 1 0 0 0 0 1 0
8 59 0 1 0 0 0 0 1 0 0 0 0 1 0
8 60 0 1 0 0 0 0 1 0 0 0 0 1 0
8 61 0 1 0 0 0 0 1 0 0 0 0 1 0
8 62 0 1 0 0 0 0 1 0 0 0 0 1 0
8 63 0 1 0 0 0 0 1 0 0 0 0 1 0
8 64 0 1 0 0 0 0 1 0 0 0 0 1 0
8 65 0 1 0 0 0 0 1 0 0 0 0 1 0
8 66 0 1 0 0 0 0 1 0 0 0 0 1 0
8 67 0 1 0 0 0 0 1 0 0 0 0 1 0
9 10 0 1 0 0 0 0 1 0 0 0 0 1 0
9 11 0 1 0 0 0 0 1 0 0 0 0 1 0
9 12 0 1 0 0 0 0 1 0 0 0 0 1 0
9 13 0 1 0 0 0 0 1 0 0 0 0 1 0
9 14 0 1 0 0 0 0 1 0 0 0 0 1 0
9 15 0 1 0 0 0 0 1 0 0 0 0 1 0
9 16 0 1 0 0 0 0 1 0 0 0 0 1 0
9 17 0 1 0 0 0 0 1 0 0 0 0 1 0
9 18 0 1 0 0 0 0 1 0 0 0 0 1 0
9 19 0 1 0 0 0 0 1 0 0 0 0 1 0
9 20 0 1 0 0 0 0 1 0 0 0 0 1 0
9 21 0 1 0 0 0 0 1 0 0 0 0 1 0
9 22 0 1 0 0 0 0 1 0 0 0 0 1 0
9 23 0 1 0 0 0 0 1 0 0 0 0 1 0
9 24 0 1 0 0 0 0 1 0 0 0 0 1 0
9 25 0 1 0 0 0 0 1 0 0 0 0 1 0
9 26 0 1 0 0 0 0 1 0 0 0 0 1 0
9 27 0 1 0 0 0 0 1 0 0 0 0 1 0
9 28 0 1 0 0 0 0 1 0 0 0 0 1 0
9 29 0 1 0 0 0 0 1 0 0 0 0 1 0
9 30 0 1 0 0 0 0 1 0 0 0 0 1 0
9 31 0 1 0 0 0 0 1 0 0 0 0 1 0
9 32 0 1 0 0 0 0 1 0 0 0 0 1 0
9 33 0 1 0 0 0 0 1 0 0 0 0 1 0
9 34 0 1 0 0 0 0 1 0 0 0 0 1 0
9 35 0 1 0 0 0 0 1 0 0 0 0 1 0
9 36 0 1 0 0 0 0 1 0 0 0 0 1 0
9 37 0 1 0 0 0 0 1 0 0 0 0 1 0
9 38 0 1 0 0 0 0 1 0 0 0 0 1 0
9 39 0 1 0 0 0 0 1 0 0 0 0 1 0
9 40 0 1 0 0 0 0 1 0 0 0 0 1 0
9 41 0 1 0 0 0 0 1 0 0 0 0 1 0
9 42 0 1 0 0 0 0 1 0 0 0 0 1 0
9 43 0 1 0 0 0 0 1 0 0 0 0 1 0
9 44 0 1 0 0 0 0 1 0 0 0 0 1 0
9 45 0 1 0 0 0 0 1 0 0 0 0 1 0
9 46 0 1 0 0 0 0 1 0 0 0 0 1 0
9 47 0 1 0 0 0 0 1 0 0 0 0 1 0
9 48 0 1 0 0 0 0 1 0 0 0 0 1 0
9 49 0 1 0 0 0 0 1 0 0 0 0 1 0
9 50 0 1 0 0 0 0 1 0 0 0 0 1 0
9 51 0 1 0 0 0 0 1 0 0 0 0 1 0
9 52 0 1 0 0 0 0 1 0 0 0 0 1 0
9 53 0 1 0 0 0 0 1 0 0 0 0 1 0
9 54 0 1 0 0 0 0 1 0 0 0 0 1 0
9 55 0 1 0 0 0 0 1 0 0 0 0 1 0
9 56 0 1 0 0 0 0 1 0 0 0 0 1 0
9 57 0 1 0 0 0 0 1 0 0 0 0 1 0
9 58 0 1 0 0 0 0 1 0 0 0 0 1 0
9 59 0 1 0 0 0 0 1 0 0 0 0 1 0
9 60 0 1 0 0 0 0 1 0 0 0 0 1 0
9 61 0 1 0 0 0 0 1 0 0 0 0 1 0
9 62 0 1 0 0 0 0 1 0 0 0 0 1 0
9 63 0 1 0 0 0 0 1 0 0 0 0 1 0
9 64 0 1 0 0 0 0 1 0 0 0 0 1 0
9 65 0 1 0 0 0 0 1 0 0 0 0 1 0
9 66 0 1 0 0 0 0 1 0 0 0 0 1 0
9 67 0 1 0 0 0 0 1 0 0 0 0 1 0
10 11 26 0.993131 0.0219482 -0.114928 0.989048 -0.0244362 0.999496 -0.0202843 0.0111 0.114425 0.0229534 0.993167 -0.147174
10 12 0 1 0 0 0 0 1 0 0 0 0 1 0
10 13 0 1 0 0 0 0 1 0 0 0 0 1 0
10 14 0 1 0 0 0 0 1 0 0 0 0 1 0
10 15 0 1 0 0 0 0 1 0 0 0 0 1 0
10 16 0 1 0 0 0 0 1 0 0 0 0 1 0
10 17 0 1 0 0 0 0 1 0 0 0 0 1 0
10 18 0 1 0 0 0 0 1 0 0 0 0 1 0
10 19 0 1 0 0 0 0 1 0 0 0 0 1 0
10 20 0 1 0 0 0 0 1 0 0 0 0 1 0
10 21 0 1 0 0 0 0 1 0 0 0 0 1 0
10 22 0 1 0 0 0 0 1 0 0 0 0 1 0
10 23 0 1 0 0 0 0 1 0 0 0 0 1 0
10 24 0 1 0 0 0 0 1 0 0 0 0 1 0
10 25 0 1 0 0 0 0 1 0 0 0 0 1 0
10 26 0 1 0 0 0 0 1 0 0 0 0 1 0
10 27 0 1 0 0 0 0 1 0 0 0 0 1 0
10 28 0 1 0 0 0 0 1 0 0 0 0 1 0
10 29 0 1 0 0 0 0 1 0 0 0 0 1 0
10 30 0 1 0 0 0 0 1 0 0 0 0 1 0
10 31 0 1 0 0 0 0 1 0 0 0 0 1 0
10 32 0 1 0 0 0 0 1 0 0 0 0 1 0
10 33 0 1 0 0 0 0 1 0 0 0 0 1 0
10 34 0 1 0 0 0 0 1 0 0 0 0 1 0
10 35 0 1 0 0 0 0 1 0 0 0 0 1 0
10 36 0 1 0 0 0 0 1 0 0 0 0 1 0
10 37 0 1 0 0 0 0 1 0 0 0 0 1 0
10 38 0 1 0 0 0 0 1 0 0 0 0 1 0
10 39 0 1 0 0 0 0 1 0 0 0 0 1 0
10 40 0 1 0 0 0 0 1 0 0 0 0 1 0
10 41 0 1 0 0 0 0 1 0 0 0 0 1 0
10 42 0 1 0 0 0 0 1 0 0 0 0 1 0
10 43 0 1 0 0 0 0 1 0 0 0 0 1 0
10 44 0 1 0 0 0 0 1 0 0 0 0 1 0
10 45 0 1 0 0 0 0 1 0 0 0 0 1 0
10 46 0 1 0 0 0 0 1 0 0 0 0 1 0
10 47 0 1 0 0 0 0 1 0 0 0 0 1 0
10 48 0 1 0 0 0 0 1 0 0 0 0 1 0
10 49 0 1 0 0 0 0 1 0 0 0 0 1 0
10 50 0 1 0 0 0 0 1 0 0 0 0 1 0
10 51 0 1 0 0 0 0 1 0 0 0 0 1 0
10 52 0 1 0 0 0 0 1 0 0 0 0 1 0
10 53 0 1 0 0 0 0 1 0 0 0 0 1 0
10 54 0 1 0 0 0 0 1 0 0 0 0 1 0
10 55 0 1 0 0 0 0 1 0 0 0 0 1 0
10 56 0 1 0 0 0 0 1 0 0 0 0 1 0
10 57 0 1 0 0 0 0 1 0 0 0 0 1 0
10 58 0 1 0 0 0 0 1 0 0 0 0 1 0
10 59 0 1 0 0 0 0 1 0 0 0 0 1 0
10 60 0 1 0 0 0 0 1 0 0 0 0 1 0
10 61 0 1 0 0 0 0 1 0 0 0 0 1 0
10 62 0 1 0 0 0 0 1 0 0 0 0 1 0
10 63 0 1 0 0 0 0 1 0 0 0 0 1 0
10 64 0 1 0 0 0 0 1 0 0 0 0 1 0
10 65 0 1 0 0 0 0 1 0 0 0 0 1 0
10 66 0 1 0 0 0 0 1 0 0 0 0 1 0
10 67 0 1 0 0 0 0 1 0 0 0 0 1 0
11 12 21 0.998086 0.0231358 -0.0573546 0.986923 -0.0236093 0.999692 -0.00759212 0.0686732 0.0571613 0.00893169 0.998325 -0.145834
11 13 0 1 0 0 0 0 1 0 0 0 0 1 0
11 14 18 -0.268821 -0.116016 0.956178 -0.123673 0.558117 0.790315 0.252801 -0.304114 -0.78501 0.601617 -0.147702 0.944574
11 15 0 1 0 0 0 0 1 0 0 0 0 1 0
11 16 0 1 0 0 0 0 1 0 0 0 0 1 0
11 17 0 1 0 0 0 0 1 0 0 0 0 1 0
11 18 0 1 0 0 0 0 1 0 0 0 0 1 0
11 19 0 1 0 0 0 0 1 0 0 0 0 1 0
11 20 0 1 0 0 0 0 1 0 0 0 0 1 0
11 21 0 1 0 0 0 0 1 0 0 0 0 1 0
11 22 13 -0.372195 -0.397158 0.83889 0.305919 0.143131 -0.917574 -0.370905 -0.14525 0.917052 -0.0179777 0.398362 0.940912
11 23 0 1 0 0 0 0 1 0 0 0 0 1 0
11 24 0 1 0 0 0 0 1 0 0 0 0 1 0
11 25 10 -0.517142 -0.713723 0.472403 0.201288 0.605177 -0.695214 -0.387863 -0.307996 0.605248 0.085307 0.791453 0.92985
11 26 20 -0.880031 0.428594 0.204579 0.243931 0.423955 0.903105 -0.0682964 -0.0567377 -0.214028 0.0266292 -0.976465 0.968131
11 27 0 1 0 0 0 0 1 0 0 0 0 1 0
11 28 0 1 0 0 0 0 1 0 0 0 0 1 0
11 29 0 1 0 0 0 0 1 0 0 0 0 1 0
11 30 0 1 0 0 0 0 1 0 0 0 0 1 0
11 31 0 1 0 0 0 0 1 0 0 0 0 1 0
11 32 0 1 0 0 0 0 1 0 0 0 0 1 0
11 33 0 1 0 0 0 0 1 0 0 0 0 1 0
11 34 0 1 0 0 0 0 1 0 0 0 0 1 0
11 35 0 1 0 0 0 0 1 0 0 0 0 1 0
11 36 0 1 0 0 0 0 1 0 0 0 0 1 0
11 37 0 1 0 0 0 0 1 0 0 0 0 1 0
11 38 0 1 0 0 0 0 1 0 0 0 0 1 0
11 39 0 1 0 0 0 0 1 0 0 0 0 1 0
11 40 0 1 0 0 0 0 1 0 0 0 0 1 0
11 41 0 1 0 0 0 0 1 0 0 0 0 1 0
11 42 0 1 0 0 0 0 1 0 0 0 0 1 0
11 43 0 1 0 0 0 0 1 0 0 0 0 1 0
11 44 0 1 0 0 0 0 1 0 0 0 0 1 0
11 45 0 1 0 0 0 0 1 0 0 0 0 1 0
11 46 0 1 0 0 0 0 1 0 0 0 0 1 0
11 47 0 1 0 0 0 0 1 0 0 0 0 1 0
11 48 0 1 0 0 0 0 1 0 0 0 0 1 0
11 49 0 1 0 0 0 0 1 0 0 0 0 1 0
11 50 0 1 0 0 0 0 1 0 0 0 0 1 0
11 51 0 1 0 0 0 0 1 0 0 0 0 1 0
11 52 20 0.27402 -0.699129 -0.660402 0.345271 -0.884712 -0.452498 0.111941 0.024732 -0.377092 0.553591 -0.742522 0.938177
11 53 14 -0.797812 -0.468255 -0.379781 0.356333 -0.414305 0.883424 -0.218891 -0.104954 0.438005 -0.0172892 -0.898806 0.928446
11 54 12 -0.892282 0.451376 0.00965109 0.3757 0.402118 0.784826 0.471539 -0.282531 0.205267 0.424627 -0.881792 0.882624
11 55 0 1 0 0 0 0 1 0 0 0 0 1 0
11 56 0 1 0 0 0 0 1 0 0 0 0 1 0
11 57 0 1 0 0 0 0 1 0 0 0 0 1 0
11 58 0 1 0 0 0 0 1 0 0 0 0 1 0
11 59 0 1 0 0 0 0 1 0 0 0 0 1 0
11 60 0 1 0 0 0 0 1 0 0 0 0 1 0
11 61 0 1 0 0 0 0 1 0 0 0 0 1 0
11 62 0 1 0 0 0 0 1 0 0 0 0 1 0
11 63 0 1 0 0 0 0 1 0 0 0 0 1 0
11 64 17 0.758937 0.448024 -0.472535 0.368613 0.558978 -0.820474 0.119858 -0.209295 -0.334003 -0.355101 -0.873124 0.905715
11 65 0 1 0 0 0 0 1 0 0 0 0 1 0
11 66 0 1 0 0 0 0 1 0 0 0 0 1 0
11 67 0 1 0 0 0 0 1 0 0 0 0 1 0
12 13 24 0.998336 -0.00204118 0.0576353 -0.980325 0.00232129 0.999986 -0.00479341 0.0358801 -0.0576247 0.00491922 0.998326 -0.194102
12 14 25 0.714209 -0.650048 0.259505 -0.123673 -0.609196 -0.394755 0.687785 -0.304114 -0.344653 -0.649312 -0.677944 0.944574
12 15 10 0.938321 0.291234 -0.186379 0.255764 -0.303837 0.951779 -0.042421 0.282255 0.165038 0.0964335 0.981562 -0.924617
12 16 0 1 0 0 0 0 1 0 0 0 0 1 0
12 17 13 0.906466 0.422117 -0.0116714 0.309566 0.420818 -0.900692 0.108013 -0.220673 0.0350817 -0.102821 -0.994081 0.924918
12 18 0 1 0 0 0 0 1 0 0 0 0 1 0
12 19 0 1 0 0 0 0 1 0 0 0 0 1 0
12 20 0 1 0 0 0 0 1 0 0 0 0 1 0
12 21 13 -0.779672 0.179774 -0.599827 0.40547 -0.248123 0.790799 0.559528 -0.284519 0.574931 0.58508 -0.571958 0.868702
12 22 25 -0.972375 -0.142059 -0.185219 0.409023 -0.220439 0.819825 0.528483 -0.254508 0.0767715 0.554713 -0.828492 0.876314
12 23 0 1 0 0 0 0 1 0 0 0 0 1 0
12 24 0 1 0 0 0 0 1 0 0 0 0 1 0
12 25 19 -0.70748 -0.677789 0.200188 0.201288 -0.0302754 0.312064 0.949579 -0.307996 -0.706085 0.665747 -0.241299 0.92985
12 26 0 1 0 0 0 0 1 0 0 0 0 1 0
12 27 0 1 0 0 0 0 1 0 0 0 0 1 0
12 28 0 1 0 0 0 0 1 0 0 0 0 1 0
12 29 0 1 0 0 0 0 1 0 0 0 0 1 0
12 30 0 1 0 0 0 0 1 0 0 0 0 1 0
12 31 0 1 0 0 0 0 1 0 0 0 0 1 0
12 32 0 1 0 0 0 0 1 0 0 0 0 1 0
12 33 0 1 0 0 0 0 1 0 0 0 0 1 0
12 34 0 1 0 0 0 0 1 0 0 0 0 1 0
12 35 0 1 0 0 0 0 1 0 0 0 0 1 0
12 36 0 1 0 0 0 0 1 0 0 0 0 1 0
12 37 0 1 0 0 0 0 1 0 0 0 0 1 0
12 38 0 1 0 0 0 0 1 0 0 0 0 1 0
12 39 0 1 0 0 0 0 1 0 0 0 0 1 0
12 40 0 1 0 0 0 0 1 0 0 0 0 1 0
12 41 0 1 0 0 0 0 1 0 0 0 0 1 0
12 42 0 1 0 0 0 0 1 0 0 0 0 1 0
12 43 0 1 0 0 0 0 1 0 0 0 0 1 0
12 44 0 1 0 0 0 0 1 0 0 0 0 1 0
12 45 0 1 0 0 0 0 1 0 0 0 0 1 0
12 46 0 1 0 0 0 0 1 0 0 0 0 1 0
12 47 0 1 0 0 0 0 1 0 0 0 0 1 0
12 48 0 1 0 0 0 0 1 0 0 0 0 1 0
12 49 0 1 0 0 0 0 1 0 0 0 0 1 0
12 50 0 1 0 0 0 0 1 0 0 0 0 1 0
12 51 0 1 0 0 0 0 1 0 0 0 0 1 0
12 52 13 -0.810691 -0.560669 -0.168611 0.345053 -0.582664 0.744436 0.326064 0.0250571 -0.0572944 0.362581 -0.930189 0.938249
12 53 0 1 0 0 0 0 1 0 0 0 0 1 0
12 54 0 1 0 0 0 0 1 0 0 0 0 1 0
12 55 0 1 0 0 0 0 1 0 0 0 0 1 0
12 56 0 1 0 0 0 0 1 0 0 0 0 1 0
12 57 0 1 0 0 0 0 1 0 0 0 0 1 0
12 58 0 1 0 0 0 0 1 0 0 0 0 1 0
12 59 13 -0.565089 -0.705195 -0.428222 0.346859 -0.778072 0.282909 0.560863 -0.223979 -0.27437 0.650125 -0.708561 0.910781
12 60 0 1 0 0 0 0 1 0 0 0 0 1 0
12 61 0 1 0 0 0 0 1 0 0 0 0 1 0
12 62 0 1 0 0 0 0 1 0 0 0 0 1 0
12 63 0 1 0 0 0 0 1 0 0 0 0 1 0
12 64 0 1 0 0 0 0 1 0 0 0 0 1 0
12 65 0 1 0 0 0 0 1 0 0 0 0 1 0
12 66 0 1 0 0 0 0 1 0 0 0 0 1 0
12 67 0 1 0 0 0 0 1 0 0 0 0 1 0
13 14 16 0.998955 0.032318 -0.032322 0.967658 -0.0329733 0.999257 -0.0199523 0.0651519 0.0316531 0.0209972 0.999278 -0.243706
13 15 0 1 0 0 0 0 1 0 0 0 0 1 0
13 16 0 1 0 0 0 0 1 0 0 0 0 1 0
13 17 0 1 0 0 0 0 1 0 0 0 0 1 0
13 18 0 1 0 0 0 0 1 0 0 0 0 1 0
13 19 0 1 0 0 0 0 1 0 0 0 0 1 0
13 20 0 1 0 0 0 0 1 0 0 0 0 1 0
13 21 0 1 0 0 0 0 1 0 0 0 0 1 0
13 22 0 1 0 0 0 0 1 0 0 0 0 1 0
13 23 0 1 0 0 0 0 1 0 0 0 0 1 0
13 24 0 1 0 0 0 0 1 0 0 0 0 1 0
13 25 0 1 0 0 0 0 1 0 0 0 0 1 0
13 26 0 1 0 0 0 0 1 0 0 0 0 1 0
13 27 0 1 0 0 0 0 1 0 0 0 0 1 0
13 28 0 1 0 0 0 0 1 0 0 0 0 1 0
13 29 0 1 0 0 0 0 1 0 0 0 0 1 0
13 30 0 1 0 0 0 0 1 0 0 0 0 1 0
13 31 0 1 0 0 0 0 1 0 0 0 0 1 0
13 32 0 1 0 0 0 0 1 0 0 0 0 1 0
13 33 0 1 0 0 0 0 1 0 0 0 0 1 0
13 34 0 1 0 0 0 0 1 0 0 0 0 1 0
13 35 0 1 0 0 0 0 1 0 0 0 0 1 0
13 36 0 1 0 0 0 0 1 0 0 0 0 1 0
13 37 0 1 0 0 0 0 1 0 0 0 0 1 0
13 38 0 1 0 0 0 0 1 0 0 0 0 1 0
13 39 0 1 0 0 0 0 1 0 0 0 0 1 0
13 40 0 1 0 0 0 0 1 0 0 0 0 1 0
13 41 0 1 0 0 0 0 1 0 0 0 0 1 0
13 42 0 1 0 0 0 0 1 0 0 0 0 1 0
13 43 0 1 0 0 0 0 1 0 0 0 0 1 0
13 44 0 1 0 0 0 0 1 0 0 0 0 1 0
13 45 0 1 0 0 0 0 1 0 0 0 0 1 0
13 46 0 1 0 0 0 0 1 0 0 0 0 1 0
13 47 0 1 0 0 0 0 1 0 0 0 0 1 0
13 48 0 1 0 0 0 0 1 0 0 0 0 1 0
13 49 0 1 0 0 0 0 1 0 0 0 0 1 0
13 50 0 1 0 0 0 0 1 0 0 0 0 1 0
13 51 0 1 0 0 0 0 1 0 0 0 0 1 0
13 52 0 1 0 0 0 0 1 0 0 0 0 1 0
13 53 0 1 0 0 0 0 1 0 0 0 0 1 0
13 54 0 1 0 0 0 0 1 0 0 0 0 1 0
13 55 0 1 0 0 0 0 1 0 0 0 0 1 0
13 56 0 1 0 0 0 0 1 0 0 0 0 1 0
13 57 0 1 0 0 0 0 1 0 0 0 0 1 0
13 58 0 1 0 0 0 0 1 0 0 0 0 1 0
13 59 0 1 0 0 0 0 1 0 0 0 0 1 0
13 60 0 1 0 0 0 0 1 0 0 0 0 1 0
13 61 0 1 0 0 0 0 1 0 0 0 0 1 0
13 62 0 1 0 0 0 0 1 0 0 0 0 1 0
13 63 0 1 0 0 0 0 1 0 0 0 0 1 0
13 64 0 1 0 0 0 0 1 0 0 0 0 1 0
13 65 0 1 0 0 0 0 1 0 0 0 0 1 0
13 66 0 1 0 0 0 0 1 0 0 0 0 1 0
13 67 0 1 0 0 0 0 1 0 0 0 0 1 0
14 15 0 1 0 0 0 0 1 0 0 0 0 1 0
14 16 0 1 0 0 0 0 1 0 0 0 0 1 0
14 17 0 1 0 0 0 0 1 0 0 0 0 1 0
14 18 0 1 0 0 0 0 1 0 0 0 0 1 0
14 19 0 1 0 0 0 0 1 0 0 0 0 1 0
14 20 0 1 0 0 0 0 1 0 0 0 0 1 0
14 21 0 1 0 0 0 0 1 0 0 0 0 1 0
14 22 0 1 0 0 0 0 1 0 0 0 0 1 0
14 23 0 1 0 0 0 0 1 0 0 0 0 1 0
14 24 0 1 0 0 0 0 1 0 0 0 0 1 0
14 25 0 1 0 0 0 0 1 0 0 0 0 1 0
14 26 0 1 0 0 0 0 1 0 0 0 0 1 0
14 27 0 1 0 0 0 0 1 0 0 0 0 1 0
14 28 0 1 0 0 0 0 1 0 0 0 0 1 0
14 29 0 1 0 0 0 0 1 0 0 0 0 1 0
14 30 0 1 0 0 0 0 1 0 0 0 0 1 0
14 31 0 1 0 0 0 0 1 0 0 0 0 1 0
14 32 0 1 0 0 0 0 1 0 0 0 0 1 0
14 33 0 1 0 0 0 0 1 0 0 0 0 1 0
14 34 0 1 0 0 0 0 1 0 0 0 0 1 0
14 35 0 1 0 0 0 0 1 0 0 0 0 1 0
14 36 0 1 0 0 0 0 1 0 0 0 0 1 0
14 37 0 1 0 0 0 0 1 0 0 0 0 1 0
14 38 0 1 0 0 0 0 1 0 0 0 0 1 0
14 39 0 1 0 0 0 0 1 0 0 0 0 1 0
14 40 0 1 0 0 0 0 1 0 0 0 0 1 0
14 41 0 1 0 0 0 0 1 0 0 0 0 1 0
14 42 0 1 0 0 0 0 1 0 0 0 0 1 0
14 43 0 1 0 0 0 0 1 0 0 0 0 1 0
14 44 0 1 0 0 0 0 1 0 0 0 0 1 0
14 45 0 1 0 0 0 0 1 0 0 0 0 1 0
14 46 0 1 0 0 0 0 1 0 0 0 0 1 0
14 47 0 1 0 0 0 0 1 0 0 0 0 1 0
14 48 0 1 0 0 0 0 1 0 0 0 0 1 0
14 49 0 1 0 0 0 0 1 0 0 0 0 1 0
14 50 0 1 0 0 0 0 1 0 0 0 0 1 0
14 51 0 1 0 0 0 0 1 0 0 0 0 1 0
14 52 0 1 0 0 0 0 1 0 0 0 0 1 0
14 53 0 1 0 0 0 0 1 0 0 0 0 1 0
14 54 0 1 0 0 0 0 1 0 0 0 0 1 0
14 55 0 1 0 0 0 0 1 0 0 0 0 1 0
14 56 0 1 0 0 0 0 1 0 0 0 0 1 0
14 57 0 1 0 0 0 0 1 0 0 0 0 1 0
14 58 0 1 0 0 0 0 1 0 0 0 0 1 0
14 59 0 1 0 0 0 0 1 0 0 0 0 1 0
14 60 0 1 0 0 0 0 1 0 0 0 0 1 0
14 61 0 1 0 0 0 0 1 0 0 0 0 1 0
14 62 0 1 0 0 0 0 1 0 0 0 0 1 0
14 63 0 1 0 0 0 0 1 0 0 0 0 1 0
14 64 0 1 0 0 0 0 1 0 0 0 0 1 0
14 65 0 1 0 0 0 0 1 0 0 0 0 1 0
14 66 0 1 0 0 0 0 1 0 0 0 0 1 0
14 67 0 1 0 0 0 0 1 0 0 0 0 1 0
15 16 0 1 0 0 0 0 1 0 0 0 0 1 0
15 17 0 1 0 0 0 0 1 0 0 0 0 1 0
15 18 0 1 0 0 0 0 1 0 0 0 0 1 0
15 19 0 1 0 0 0 0 1 0 0 0 0 1 0
15 20 0 1 0 0 0 0 1 0 0 0 0 1 0
15 21 0 1 0 0 0 0 1 0 0 0 0 1 0
15 22 0 1 0 0 0 0 1 0 0 0 0 1 0
15 23 0 1 0 0 0 0 1 0 0 0 0 1 0
15 24 0 1 0 0 0 0 1 0 0 0 0 1 0
15 25 0 1 0 0 0 0 1 0 0 0 0 1 0
15 26 0 1 0 0 0 0 1 0 0 0 0 1 0
15 27 0 1 0 0 0 0 1 0 0 0 0 1 0
15 28 0 1 0 0 0 0 1 0 0 0 0 1 0
15 29 0 1 0 0 0 0 1 0 0 0 0 1 0
15 30 0 1 0 0 0 0 1 0 0 0 0 1 0
15 31 0 1 0 0 0 0 1 0 0 0 0 1 0
15 32 0 1 0 0 0 0 1 0 0 0 0 1 0
15 33 0 1 0 0 0 0 1 0 0 0 0 1 0
15 34 0 1 0 0 0 0 1 0 0 0 0 1 0
15 35 0 1 0 0 0 0 1 0 0 0 0 1 0
15 36 0 1 0 0 0 0 1 0 0 0 0 1 0
15 37 0 1 0 0 0 0 1 0 0 0 0 1 0
15 38 0 1 0 0 0 0 1 0 0 0 0 1 0
15 39 0 1 0 0 0 0 1 0 0 0 0 1 0
15 40 0 1 0 0 0 0 1 0 0 0 0 1 0
15 41 0 1 0 0 0 0 1 0 0 0 0 1 0
15 42 0 1 0 0 0 0 1 0 0 0 0 1 0
15 43 0 1 0 0 0 0 1 0 0 0 0 1 0
15 44 0 1 0 0 0 0 1 0 0 0 0 1 0
15 45 0 1 0 0 0 0 1 0 0 0 0 1 0
15 46 0 1 0 0 0 0 1 0 0 0 0 1 0
15 47 0 1 0 0 0 0 1 0 0 0 0 1 0
15 48 0 1 0 0 0 0 1 0 0 0 0 1 0
15 49 0 1 0 0 0 0 1 0 0 0 0 1 0
15 50 0 1 0 0 0 0 1 0 0 0 0 1 0
15 51 0 1 0 0 0 0 1 0 0 0 0 1 0
15 52 0 1 0 0 0 0 1 0 0 0 0 1 0
15 53 0 1 0 0 0 0 1 0 0 0 0 1 0
15 54 0 1 0 0 0 0 1 0 0 0 0 1 0
15 55 0 1 0 0 0 0 1 0 0 0 0 1 0
15 56 0 1 0 0 0 0 1 0 0 0 0 1 0
15 57 0 1 0 0 0 0 1 0 0 0 0 1 0
15 58 0 1 0 0 0 0 1 0 0 0 0 1 0
15 59 0 1 0 0 0 0 1 0 0 0 0 1 0
15 60 0 1 0 0 0 0 1 0 0 0 0 1 0
15 61 0 1 0 0 0 0 1 0 0 0 0 1 0
15 62 0 1 0 0 0 0 1 0 0 0 0 1 0
15 63 0 1 0 0 0 0 1 0 0 0 0 1 0
15 64 0 1 0 0 0 0 1 0 0 0 0 1 0
15 65 0 1 0 0 0 0 1 0 0 0 0 1 0
15 66 0 1 0 0 0 0 1 0 0 0 0 1 0
15 67 0 1 0 0 0 0 1 0 0 0 0 1 0
16 17 25 0.998952 0.0347445 -0.0297917 0.314064 -0.0342717 0.999281 0.0162397 0.242204 0.0303345 -0.0152017 0.999424 -0.917987
16 18 20 0.992353 0.0777993 -0.0958318 0.483515 -0.0759586 0.996852 0.0227136 -0.17876 0.0972973 -0.0152607 0.995138 -0.856889
16 19 0 1 0 0 0 0 1 0 0 0 0 1 0
16 20 0 1 0 0 0 0 1 0 0 0 0 1 0
16 21 0 1 0 0 0 0 1 0 0 0 0 1 0
16 22 0 1 0 0 0 0 1 0 0 0 0 1 0
16 23 0 1 0 0 0 0 1 0 0 0 0 1 0
16 24 0 1 0 0 0 0 1 0 0 0 0 1 0
16 25 0 1 0 0 0 0 1 0 0 0 0 1 0
16 26 0 1 0 0 0 0 1 0 0 0 0 1 0
16 27 0 1 0 0 0 0 1 0 0 0 0 1 0
16 28 0 1 0 0 0 0 1 0 0 0 0 1 0
16 29 0 1 0 0 0 0 1 0 0 0 0 1 0
16 30 0 1 0 0 0 0 1 0 0 0 0 1 0
16 31 0 1 0 0 0 0 1 0 0 0 0 1 0
16 32 0 1 0 0 0 0 1 0 0 0 0 1 0
16 33 0 1 0 0 0 0 1 0 0 0 0 1 0
16 34 0 1 0 0 0 0 1 0 0 0 0 1 0
16 35 0 1 0 0 0 0 1 0 0 0 0 1 0
16 36 0 1 0 0 0 0 1 0 0 0 0 1 0
16 37 0 1 0 0 0 0 1 0 0 0 0 1 0
16 38 0 1 0 0 0 0 1 0 0 0 0 1 0
16 39 0 1 0 0 0 0 1 0 0 0 0 1 0
16 40 0 1 0 0 0 0 1 0 0 0 0 1 0
16 41 0 1 0 0 0 0 1 0 0 0 0 1 0
16 42 0 1 0 0 0 0 1 0 0 0 0 1 0
16 43 0 1 0 0 0 0 1 0 0 0 0 1 0
16 44 0 1 0 0 0 0 1 0 0 0 0 1 0
16 45 0 1 0 0 0 0 1 0 0 0 0 1 0
16 46 0 1 0 0 0 0 1 0 0 0 0 1 0
16 47 0 1 0 0 0 0 1 0 0 0 0 1 0
16 48 0 1 0 0 0 0 1 0 0 0 0 1 0
16 49 0 1 0 0 0 0 1 0 0 0 0 1 0
16 50 0 1 0 0 0 0 1 0 0 0 0 1 0
16 51 0 1 0 0 0 0 1 0 0 0 0 1 0
16 52 0 1 0 0 0 0 1 0 0 0 0 1 0
16 53 0 1 0 0 0 0 1 0 0 0 0 1 0
16 54 0 1 0 0 0 0 1 0 0 0 0 1 0
16 55 0 1 0 0 0 0 1 0 0 0 0 1 0
16 56 0 1 0 0 0 0 1 0 0 0 0 1 0
16 57 0 1 0 0 0 0 1 0 0 0 0 1 0
16 58 0 1 0 0 0 0 1 0 0 0 0 1 0
16 59 0 1 0 0 0 0 1 0 0 0 0 1 0
16 60 0 1 0 0 0 0 1 0 0 0 0 1 0
16 61 0 1 0 0 0 0 1 0 0 0 0 1 0
16 62 0 1 0 0 0 0 1 0 0 0 0 1 0
16 63 0 1 0 0 0 0 1 0 0 0 0 1 0
16 64 0 1 0 0 0 0 1 0 0 0 0 1 0
16 65 0 1 0 0 0 0 1 0 0 0 0 1 0
16 66 0 1 0 0 0 0 1 0 0 0 0 1 0
16 67 0 1 0 0 0 0 1 0 0 0 0 1 0
17 18 0 1 0 0 0 0 1 0 0 0 0 1 0
17 19 0 1 0 0 0 0 1 0 0 0 0 1 0
17 20 0 1 0 0 0 0 1 0 0 0 0 1 0
17 21 0 1 0 0 0 0 1 0 0 0 0 1 0
17 22 0 1 0 0 0 0 1 0 0 0 0 1 0
17 23 0 1 0 0 0 0 1 0 0 0 0 1 0
17 24 0 1 0 0 0 0 1 0 0 0 0 1 0
17 25 0 1 0 0 0 0 1 0 0 0 0 1 0
17 26 0 1 0 0 0 0 1 0 0 0 0 1 0
17 27 0 1 0 0 0 0 1 0 0 0 0 1 0
17 28 0 1 0 0 0 0 1 0 0 0 0 1 0
17 29 0 1 0 0 0 0 1 0 0 0 0 1 0
17 30 0 1 0 0 0 0 1 0 0 0 0 1 0
17 31 0 1 0 0 0 0 1 0 0 0 0 1 0
17 32 0 1 0 0 0 0 1 0 0 0 0 1 0
17 33 0 1 0 0 0 0 1 0 0 0 0 1 0
17 34 0 1 0 0 0 0 1 0 0 0 0 1 0
17 35 0 1 0 0 0 0 1 0 0 0 0 1 0
17 36 0 1 0 0 0 0 1 0 0 0 0 1 0
17 37 0 1 0 0 0 0 1 0 0 0 0 1 0
17 38 0 1 0 0 0 0 1 0 0 0 0 1 0
17 39 0 1 0 0 0 0 1 0 0 0 0 1 0
17 40 0 1 0 0 0 0 1 0 0 0 0 1 0
17 41 0 1 0 0 0 0 1 0 0 0 0 1 0
