0 1 23 0.999854 0.00392135 -0.0166419 0.998016 -0.00416238 0.999887 -0.0144734 -0.0366209 0.0165832 0.0145405 0.999757 0.0512067
0 2 67 0.994829 0.0675486 -0.0758469 0.653829 -0.0719649 0.995772 -0.0570854 0.0545397 0.0716702 0.0622485 0.995484 -0.754674
0 3 53 0.978179 0.0531854 -0.200841 0.994644 -0.0623557 0.997268 -0.0396081 0.0928206 0.198186 0.0512674 0.978823 -0.0454707
0 4 44 0.971102 0.103847 -0.214886 0.993144 -0.10592 0.994373 0.00187899 0.0200027 0.213872 0.0209359 0.976637 -0.115175
0 5 13 0.977012 0.125739 -0.172156 -0.953745 -0.111277 0.98959 0.0912608 0.0751165 0.181839 -0.070006 0.980833 -0.29108
0 6 20 -0.551799 0.653068 -0.518672 -0.482287 -0.443777 0.296634 0.845618 -0.748429 0.706102 0.696786 0.126134 0.455251
0 7 22 -0.978681 0.168917 -0.116836 -0.114104 0.162658 0.98478 0.0612445 0.0869951 0.125403 0.0409344 -0.991261 0.989653
0 8 13 -0.358785 0.824987 -0.436657 0.414373 -0.921652 -0.387156 0.0258232 -0.589235 -0.147751 0.411711 0.899257 -0.693611
0 9 21 0.854427 -0.0821649 0.513033 -0.460863 0.108758 0.993826 -0.0219637 -0.296302 -0.508061 0.0745628 0.858088 0.836547
0 10 12 0.486384 -0.857059 0.169943 0.272657 0.811136 0.515209 0.2768 -0.150683 -0.32479 0.00321533 0.945781 0.950238
0 11 15 -0.818858 0.571088 -0.0577027 0.177668 0.494935 0.753407 0.432916 0.0377421 0.290707 0.325938 -0.899585 0.983366
0 12 14 0.0856073 0.971774 0.219832 0.220699 0.951948 -0.014659 -0.305909 0.0269758 -0.294052 0.235456 -0.926334 0.974969
0 13 15 0.157258 0.968078 0.195177 -0.0420151 0.704666 0.028469 -0.708968 0.331718 -0.691893 0.249025 -0.677695 0.942442
0 14 22 -0.149352 0.43134 -0.889742 0.404762 0.862782 0.496411 0.0958297 -0.161178 0.483013 -0.75334 -0.446292 0.900105
0 15 13 -0.434657 0.33415 0.836312 -0.453423 0.679016 0.731619 0.0605855 -0.133756 -0.591617 0.594203 -0.544897 0.881202
0 16 17 0.396201 -0.347391 -0.849908 0.339271 -0.828317 -0.534595 -0.167626 0.475922 -0.396125 0.770407 -0.499558 0.811414
0 17 17 -0.542012 -0.119903 -0.831773 0.409898 -0.433577 0.887763 0.15456 -0.217652 0.719885 0.444411 -0.533165 0.885783
0 18 15 0.287152 0.544422 -0.788129 0.139435 -0.054065 0.830681 0.554118 0.107018 0.956358 -0.116506 0.267966 0.984431
0 19 17 -0.74937 0.31066 0.584752 0.0351754 0.512502 0.831298 0.215138 -0.241758 -0.419268 0.460905 -0.782164 0.969699
0 20 10 0.841095 0.498973 0.20877 -0.2036 0.425408 -0.848635 0.3144 -0.27138 0.334046 -0.175628 -0.92605 0.940691
0 21 21 0.829028 -0.548207 -0.11037 -0.859301 0.0879436 -0.0671003 0.993863 -0.279739 -0.552248 -0.833647 -0.00741672 0.428192
0 22 0 1 0 0 0 0 1 0 0 0 0 1 0
0 23 15 0.426362 -0.413712 0.804399 -0.989754 -0.239905 0.805712 0.541547 -0.139079 -0.872159 -0.423875 0.244274 0.0323185
0 24 13 0.117111 0.903751 0.411728 0.22799 -0.866011 -0.109999 0.487776 0.20397 0.486117 -0.413685 0.769776 0.952059
0 25 25 0.424279 0.0708356 0.902757 -0.421411 0.427428 0.863221 -0.268617 -0.430202 -0.798306 0.499832 0.335969 0.798335
0 26 19 -0.0688374 -0.72086 -0.689654 0.422731 -0.955998 0.245279 -0.160955 -0.147631 0.285184 0.648228 -0.706025 0.894149
0 27 22 0.159843 -0.303077 0.939465 -0.0987888 -0.620823 -0.770792 -0.143034 -0.261021 0.767482 -0.560379 -0.311363 0.960265
0 28 21 0.935072 -0.350897 0.0501156 -0.450265 0.354341 0.929 -0.106775 -0.34999 -0.00909052 0.1176 0.993019 0.821443
0 29 0 1 0 0 0 0 1 0 0 0 0 1 0
0 30 16 0.673184 0.430076 -0.601546 0.945943 -0.491638 0.867953 0.0703567 0.0747271 0.552373 0.24838 0.795733 -0.315606
0 31 16 -0.58621 -0.223113 0.778832 -0.42855 0.251273 0.863855 0.436597 -0.260324 -0.770208 0.451637 -0.450338 0.865203
0 32 22 -0.546563 0.826258 0.136257 -0.103462 0.540748 0.22399 0.810815 -0.403754 0.639422 0.516842 -0.569222 0.908999
0 33 0 1 0 0 0 0 1 0 0 0 0 1 0
0 34 16 0.121433 0.6788 0.724213 -0.362646 0.867074 -0.427685 0.255479 -0.224529 0.483154 0.596922 -0.640505 0.904475
0 35 17 -0.512183 0.109359 0.851885 -0.468968 0.585515 0.770115 0.25317 -0.2619 -0.628363 0.628461 -0.458471 0.843491
0 36 20 0.00679049 -0.998891 -0.0466 -0.163848 -0.997916 -0.00377906 -0.0644094 -0.204959 0.0641619 0.0469403 -0.996835 0.964959
0 37 14 -0.966038 0.22016 -0.135276 -0.0897441 0.191198 0.961184 0.19892 -0.0747117 0.173819 0.1663 -0.970634 0.993159
0 38 18 -0.128679 0.976812 0.171117 -0.0160216 0.205886 -0.142477 0.968148 -0.369678 0.970079 0.159811 -0.182778 0.929022
0 39 14 -0.173034 0.984071 0.0407895 -0.0826329 0.804988 0.11744 0.581552 -0.248177 0.567498 0.133463 -0.812486 0.965184
0 40 0 1 0 0 0 0 1 0 0 0 0 1 0
0 41 12 0.296147 -0.687877 0.662663 -0.296138 0.241989 0.725184 0.644631 -0.241994 -0.923979 -0.0305481 0.38122 0.923981
0 42 16 -0.372872 0.926927 0.0421122 -0.0778662 -0.927875 -0.372676 -0.0127099 -0.091519 0.00391299 -0.043814 0.999032 0.992754
0 43 20 0.568369 0.472684 0.673444 -0.291415 0.274733 -0.880557 0.386187 -0.392751 0.77555 -0.0344794 -0.630344 0.872252
0 44 19 0.0887365 0.98275 -0.162258 0.190378 0.982816 -0.112859 -0.146069 0.163562 -0.161861 -0.146508 -0.975877 0.967989
0 45 15 -0.724868 0.676246 0.131369 -0.334018 -0.671731 -0.65155 -0.352506 -0.359479 -0.152787 -0.343765 0.926543 0.871325
0 46 11 -0.98609 -0.0245168 -0.164393 -0.733972 0.0811091 -0.934282 -0.347187 0.00486575 -0.145078 -0.355692 0.923275 0.679162
0 47 12 0.690987 0.627604 0.358677 -0.160406 -0.511897 0.775176 -0.370221 -0.233907 -0.51039 0.0722127 0.856906 0.958936
0 48 0 1 0 0 0 0 1 0 0 0 0 1 0
0 49 10 -0.00382493 0.090302 0.995907 0.433647 -0.490185 -0.868225 0.076842 -0.273264 0.87161 -0.487885 0.0475856 0.858648
0 50 0 1 0 0 0 0 1 0 0 0 0 1 0
0 51 0 1 0 0 0 0 1 0 0 0 0 1 0
0 52 18 0.432442 -0.115758 -0.8942 0.394151 -0.177401 0.961417 -0.210253 -0.176277 0.884038 0.249554 0.395221 0.901982
0 53 16 -0.695874 0.706757 -0.127495 -0.0725953 -0.65397 -0.696972 -0.2942 -0.306851 -0.296788 -0.121348 0.947202 -0.948985
0 54 14 -0.580947 0.222068 0.783062 -0.126571 0.153834 0.974679 -0.162281 0.23014 -0.799272 0.0261852 -0.600399 0.964891
0 55 13 0.468659 0.393585 -0.790854 0.470708 0.342917 -0.906111 -0.247733 -0.198136 -0.814105 -0.155095 -0.559623 0.859753
0 56 0 1 0 0 0 0 1 0 0 0 0 1 0
0 57 15 0.0652509 0.356806 0.931897 -0.481496 0.562237 0.758393 -0.329742 -0.161026 -0.824398 0.545463 -0.151124 0.861529
0 58 0 1 0 0 0 0 1 0 0 0 0 1 0
0 59 13 -0.106949 -0.331312 -0.93744 0.434984 0.734811 0.608813 -0.298999 -0.0254752 0.669787 -0.720819 0.17834 0.900078
0 60 0 1 0 0 0 0 1 0 0 0 0 1 0
0 61 10 -0.62756 0.718374 0.300179 0.358294 -0.738303 -0.426711 -0.522327 -0.190612 -0.247137 -0.549414 0.798165 0.913943
0 62 16 0.232561 -0.111564 -0.966162 0.365399 -0.396732 0.896111 -0.198971 -0.202303 0.887986 0.42958 0.164139 0.908602
0 63 14 0.918443 -0.394427 0.0298307 0.365186 -0.395011 -0.918521 0.0169308 -0.211102 0.0207221 -0.0273335 -0.999412 0.906684
0 64 12 0.132824 -0.862209 -0.488829 0.361767 -0.987275 -0.158604 0.01149 -0.212738 -0.0874372 0.481082 -0.872304 0.907671
0 65 0 1 0 0 0 0 1 0 0 0 0 1 0
0 66 14 0.972521 0.0121936 -0.232497 0.354262 -0.119112 0.884096 -0.451871 -0.171625 0.200039 0.467147 0.861254 0.919262
0 67 11 -0.561208 0.819536 0.115789 -0.142172 -0.809562 -0.514421 -0.282808 -0.318118 -0.172207 -0.252452 0.952162 -0.93733
1 2 108 0.996363 0.044308 -0.0727814 0.817897 -0.0465376 0.998489 -0.0292292 0.118635 0.0713763 0.03251 0.99692 -0.563001
1 3 87 0.989464 0.0615494 -0.131047 0.831721 -0.0615705 0.998095 0.00389409 0.0663653 0.131037 0.00421557 0.991369 -0.551214
1 4 43 0.984102 0.170666 -0.0491597 -0.081551 -0.164825 0.980703 0.105142 0.115835 0.0661552 -0.0953676 0.993241 0.989915
1 5 33 0.97047 0.110633 -0.214354 0.949267 -0.115027 0.993329 -0.00809519 0.0878892 0.212029 0.0325125 0.976723 -0.301941
1 6 47 0.407566 -0.5808 -0.704671 0.241391 -0.823967 -0.566557 -0.00960025 0.172149 -0.393661 0.584538 -0.709469 0.955037
1 7 65 -0.786283 -0.0492069 -0.615904 -0.114102 -0.030897 0.998708 -0.0403464 0.0869991 0.617094 -0.0126941 -0.786787 0.989652
1 8 11 0.890541 -0.289854 -0.350602 0.404013 -0.372809 -0.906674 -0.197371 -0.194471 -0.260673 0.306474 -0.915491 0.893842
1 9 10 -0.863019 -0.250946 0.438433 -0.460862 -0.105752 0.938407 0.328952 -0.296302 -0.493978 0.237527 -0.836401 0.836547
1 10 59 -0.419437 0.873922 -0.245629 0.272653 0.570926 0.464321 0.677089 -0.150682 0.705774 0.14376 -0.693698 0.95024
1 11 0 1 0 0 0 0 1 0 0 0 0 1 0
1 12 66 0.558223 0.376694 -0.739249 0.2207 -0.363655 0.911934 0.190084 0.0269756 0.745749 0.162723 0.646049 0.974969
1 13 47 -0.682909 -0.0692613 0.727213 0.173125 0.425738 -0.84669 0.31916 0.29141 0.593618 0.527559 0.607699 0.940802
1 14 79 0.543021 0.415312 0.729825 0.230349 -0.180831 -0.790902 0.584615 0.157739 0.820017 -0.449433 -0.354375 0.960238
1 15 15 -0.682351 -0.374254 0.627958 -0.453441 -0.383276 0.914633 0.128633 -0.133643 -0.622493 -0.152908 -0.767543 0.88121
1 16 20 -0.431457 -0.0789991 -0.898668 0.544277 0.0880401 0.987716 -0.129096 0.115806 0.897827 -0.134818 -0.419202 0.830874
1 17 34 0.401637 -0.394053 -0.826686 0.302198 0.320029 0.906174 -0.276459 -0.923162 0.858061 -0.153528 0.490061 0.237588
1 18 17 0.133472 0.00285763 0.991048 -0.571981 -0.1106 0.993792 0.0120298 -0.0549742 -0.984862 -0.111216 0.132959 0.818423
1 19 29 -0.492562 -0.794564 0.355036 0.404088 0.419805 -0.574286 -0.702822 -0.260094 0.762329 -0.197138 0.616434 0.876963
1 20 25 0.470285 0.746349 -0.470952 0.416962 0.861194 -0.271521 0.429676 -0.207088 0.192815 -0.607651 -0.770443 0.885018
1 21 31 -0.256269 -0.961481 -0.0993978 -0.399191 0.915971 -0.208712 -0.342689 -0.253909 0.308744 -0.178866 0.934176 0.881009
1 22 0 1 0 0 0 0 1 0 0 0 0 1 0
1 23 17 -0.13246 0.906191 -0.401587 0.291484 0.990468 0.136452 -0.0187902 -0.0137233 0.03777 -0.400249 -0.915628 0.956477
1 24 51 0.217556 0.974454 -0.0557634 0.228272 -0.936163 0.22449 0.27056 0.199428 0.276166 -0.00665814 0.961087 0.952954
1 25 93 0.486728 -0.176113 -0.855617 0.181694 0.358886 -0.852675 0.379665 0.849011 -0.796427 -0.491862 -0.351816 0.496154
1 26 17 -0.115976 0.649332 0.75161 0.42934 -0.98223 -0.187395 0.0103334 -0.148506 0.147558 -0.737056 0.659526 0.89085
1 27 74 -0.523275 -0.587436 -0.617335 0.225161 -0.513129 -0.36117 0.778624 -0.968517 -0.680354 0.724207 -0.112439 -0.106198
1 28 51 -0.659961 -0.523967 -0.538434 -0.460239 0.743914 -0.555985 -0.370773 -0.0527402 -0.105088 -0.645244 0.756714 0.886227
1 29 29 0.716748 -0.641824 0.272642 -0.337755 0.439342 0.719251 0.538198 -0.249923 -0.541526 -0.26597 0.797502 0.907447
1 30 0 1 0 0 0 0 1 0 0 0 0 1 0
1 31 17 0.678027 0.668983 -0.304534 0.0197402 -0.176359 0.550271 0.816149 0.367207 0.713566 -0.499664 0.49108 0.92993
1 32 45 0.366555 -0.441359 0.819048 -0.103411 -0.318844 -0.886605 -0.335068 -0.403726 0.874057 -0.138328 -0.465714 0.909017
1 33 24 -0.859767 0.509875 -0.0287912 -0.217308 0.480944 0.827364 0.290106 -0.385112 0.171738 0.235576 -0.956561 0.89692
1 34 43 -0.240308 0.274859 0.93097 -0.991152 -0.741092 -0.671368 0.00691908 0.107883 0.626925 -0.688271 0.365031 -0.0773281
1 35 24 0.596657 0.325769 0.7334 -0.392118 0.217957 0.813761 -0.538783 -0.208111 -0.772331 0.481318 0.414533 0.896065
1 36 53 0.831662 -0.543441 -0.114066 -0.163655 0.553109 0.828897 0.0836648 -0.204992 0.049082 -0.132672 0.989944 0.964985
1 37 19 -0.19564 0.945789 -0.259244 0.485165 0.71886 0.31812 0.618094 -0.169929 0.667057 -0.0654364 -0.742127 0.857752
1 38 48 -0.428996 -0.822315 0.373845 -0.296878 -0.796001 0.539784 0.273888 -0.341491 -0.427018 -0.180084 -0.886129 0.891767
1 39 11 -0.876605 0.40039 -0.266931 -0.204659 -0.244401 -0.848278 -0.46978 -0.107924 -0.414526 -0.346573 0.84146 0.972865
1 40 17 0.205493 -0.798446 -0.565912 0.222808 -0.559918 -0.570181 0.601154 -0.386823 -0.802661 0.193331 -0.564232 0.894832
1 41 93 0.574382 -0.197914 0.794302 -0.245637 -0.78323 0.149225 0.603558 -0.299236 -0.237982 -0.968794 -0.0693001 0.92202
1 42 70 -0.858517 0.492383 0.143203 -0.259261 0.505936 0.767859 0.392965 -0.061419 0.08353 0.409819 -0.908334 0.963852
1 43 26 0.919631 0.387733 0.0627909 -0.291419 -0.350478 0.882196 -0.314476 -0.392776 -0.177326 0.267195 0.947186 0.872239
1 44 49 0.100181 -0.834643 0.541603 0.498665 0.953103 0.236744 0.18854 -0.187309 -0.285585 0.497316 0.819218 0.846315
1 45 31 -0.797431 0.603406 0.00214481 0.797428 0.182711 0.244846 -0.952191 -0.182658 -0.575083 -0.758915 -0.305496 0.575104
1 46 43 0.279162 0.027365 0.959854 -0.394189 -0.102147 -0.993076 0.0580205 -0.352951 0.954795 -0.114243 -0.274434 0.848552
1 47 32 0.601928 -0.687358 0.406475 -0.200349 0.798041 0.499602 -0.336941 0.162449 0.0285228 0.527198 0.849264 -0.966163
1 48 11 -0.553972 0.824898 0.112509 -0.343511 -0.544272 -0.256576 -0.79871 0.881778 -0.629987 -0.503698 0.591105 -0.323214
1 49 54 0.423415 0.825983 -0.372118 0.433654 -0.286991 0.511896 0.809691 -0.273277 0.859276 -0.236041 0.453794 0.85864
1 50 44 -0.187639 -0.981259 0.0438462 -0.145425 -0.00814521 -0.0430831 -0.999038 0.964749 0.982204 -0.187816 9.15166e-05 0.219342
1 51 20 0.828932 0.0532365 -0.55681 0.197567 -0.307569 -0.788078 -0.53323 0.240699 -0.467197 0.613269 -0.636889 0.95028
1 52 21 0.120905 0.392888 -0.911604 0.61967 0.0588442 0.913889 0.401677 0.0672953 0.990918 -0.102207 0.0873747 0.781972
1 53 22 0.532322 -0.488525 0.691358 0.00137815 -0.0832483 -0.842936 -0.531534 0.0163502 0.842438 0.225393 -0.489383 0.999865
1 54 16 0.904916 0.34101 -0.254637 0.941409 -0.197831 0.866787 0.45776 -0.245251 0.376816 -0.363859 0.851831 -0.231519
1 55 14 0.459872 -0.834956 -0.302268 0.343215 -0.824905 -0.527698 0.20265 -0.291927 -0.32871 0.15615 -0.931433 0.892739
1 56 12 0.990164 0.0263814 0.137403 0.0736287 -0.0367424 0.996624 0.0734238 0.299589 -0.135002 -0.0777501 0.98779 0.951223
1 57 21 -0.0820371 0.271476 -0.958943 0.67466 0.258557 0.93504 0.242589 0.0710662 0.962506 -0.22804 -0.1469 0.7347
1 58 18 0.390586 -0.537664 -0.747235 0.296695 0.289225 0.842282 -0.454874 0.118576 0.873952 -0.0384521 0.484489 0.947582
1 59 10 0.672183 -0.682208 0.287683 0.487945 0.677312 0.723535 0.133216 -0.121601 -0.29903 0.105306 0.948415 0.864363
1 60 14 -0.253185 -0.917673 -0.306223 0.0489712 0.89444 -0.342659 0.287338 -0.402161 -0.368612 -0.201149 0.90756 0.914258
1 61 16 -0.556381 0.163973 -0.814587 0.358293 -0.0192989 0.977521 0.209952 -0.190615 0.830703 0.132534 -0.54071 0.913943
1 62 0 1 0 0 0 0 1 0 0 0 0 1 0
1 63 15 0.674974 -0.686279 0.270982 -0.150504 -0.648248 -0.72698 -0.226437 -0.162785 0.352397 -0.0228245 -0.935572 0.975115
1 64 24 -0.411555 -0.869595 0.272812 0.155262 -0.545759 0.474883 0.690386 0.283103 -0.72991 0.135242 -0.67003 0.946439
1 65 27 0.405899 0.334191 0.850625 -0.156836 0.593988 -0.803823 0.0323653 -0.169207 0.694568 0.492123 -0.524776 0.973022
1 66 17 -0.374636 0.878379 -0.296815 0.0350745 -0.69754 -0.477914 -0.533888 0.41579 -0.610808 0.00702692 0.791748 0.908784
1 67 35 0.681373 0.316461 -0.659987 0.132982 0.518844 0.427178 0.740486 0.300903 0.516267 -0.846978 0.126874 0.944337
2 3 73 0.997132 0.0158564 -0.0740017 0.91179 -0.0134682 0.999376 0.0326603 0.147465 0.0744733 -0.03157 0.996723 -0.383267
2 4 16 0.992768 0.0543567 -0.107035 -0.0804718 -0.0492327 0.997538 0.0499483 0.11591 0.109487 -0.0443175 0.993 0.989995
2 5 23 0.959834 0.108791 -0.258619 0.973104 -0.124768 0.991113 -0.0461382 0.080178 0.251301 0.0765524 0.964877 -0.215961
2 6 24 0.979085 0.181511 0.0919023 0.237531 0.200014 -0.94143 -0.271484 0.16648 0.0372423 0.284187 -0.958045 0.957007
2 7 40 -0.84475 -0.306455 0.43873 -0.173851 0.319087 0.369719 0.872635 -0.812401 -0.42963 0.877151 -0.214535 0.556579
2 8 0 1 0 0 0 0 1 0 0 0 0 1 0
2 9 16 0.679062 -0.313601 0.663724 -0.461039 -0.683873 -0.598892 0.416708 -0.296265 0.266819 -0.736874 -0.621148 0.836463
2 10 24 0.253967 0.959895 -0.118754 0.272655 -0.96719 0.251197 -0.0379849 -0.150682 -0.00663093 0.124504 0.992197 0.950239
2 11 34 0.165219 0.63906 0.751202 0.179503 0.0567602 -0.766569 0.639649 0.0395616 0.984622 -0.0630435 -0.162925 0.982962
2 12 34 0.932877 0.0782074 -0.351602 0.220706 -0.0622568 0.996462 0.0564636 0.0269739 0.354774 -0.030784 0.934445 0.974967
2 13 25 0.13862 0.237665 -0.961405 0.173231 -0.668975 0.738287 0.086053 0.291443 0.730245 0.631227 0.261333 0.940772
2 14 48 -0.477577 0.266644 -0.83715 -0.266644 0.425123 -0.763731 -0.485783 0.763731 -0.768889 -0.587891 0.251384 0.587891
2 15 0 1 0 0 0 0 1 0 0 0 0 1 0
2 16 0 1 0 0 0 0 1 0 0 0 0 1 0
2 17 13 0.989489 0.0065515 0.144461 0.262339 -0.0573676 0.934786 0.350547 0.0957923 -0.132743 -0.35515 0.925337 0.960209
2 18 11 -0.518903 0.573907 -0.633538 0.235171 0.131585 0.785917 0.604169 -0.235174 0.844645 0.230141 -0.483332 0.943074
2 19 20 -0.0678738 -0.92593 0.371547 0.403628 0.99393 -0.0304371 0.105718 -0.260145 -0.0865787 0.376467 0.922376 0.87716
2 20 23 0.233761 -0.918643 0.318512 0.416945 -0.177315 -0.362373 -0.915011 -0.207046 0.955989 0.157417 -0.247598 0.885036
2 21 50 -0.757932 0.51192 -0.404324 -0.757947 -0.425777 0.0813633 0.901163 -0.425749 0.49422 0.855171 0.156296 0.494221
2 22 15 0.410839 -0.723402 0.554888 -0.447995 -0.629177 -0.665429 -0.401672 -0.0620312 0.659809 -0.1841 -0.728532 0.891881
2 23 13 0.256582 0.958002 -0.128057 0.291346 0.61664 -0.264279 -0.741561 -0.0047209 -0.744259 0.111306 -0.658551 0.956606
2 24 24 -0.680993 -0.700067 0.214838 0.228 0.514101 -0.248127 0.821056 0.203983 -0.521487 0.669581 0.528878 0.952054
2 25 21 -0.535814 -0.688577 0.488636 -0.390524 -0.775748 0.629953 0.0370715 -0.294006 -0.333344 -0.359195 -0.8717 0.872383
2 26 0 1 0 0 0 0 1 0 0 0 0 1 0
2 27 33 0.940348 -0.287057 0.182602 -0.0985906 0.302129 0.951358 -0.0603086 -0.261802 -0.156407 0.11188 0.981336 0.960073
2 28 20 -0.332151 -0.863414 -0.379727 -0.460239 0.876374 -0.431359 0.214239 -0.0527421 -0.348776 -0.261623 0.89995 0.886227
2 29 18 -0.518759 -0.707959 0.479253 -0.707959 0.609589 0.0867298 0.787959 0.0867295 -0.599408 0.700908 0.386572 0.700908
2 30 0 1 0 0 0 0 1 0 0 0 0 1 0
2 31 0 1 0 0 0 0 1 0 0 0 0 1 0
2 32 18 -0.0776763 -0.185453 -0.979578 -0.0768321 -0.987753 -0.11904 0.100861 -0.987828 -0.135314 0.975416 -0.173935 -0.135251
2 33 22 0.178704 -0.623963 0.760747 -0.217374 0.432547 0.74429 0.508857 -0.385156 -0.883724 0.238125 0.402901 0.896885
2 34 28 -0.752829 -0.238179 -0.613611 -0.362622 0.43878 -0.876482 -0.198118 -0.224534 -0.490632 -0.41839 0.76435 0.904483
2 35 14 -0.246469 -0.924979 0.289253 -0.247973 -0.607453 0.38 0.697568 -0.316042 -0.755151 -0.00377884 -0.655539 0.915766
2 36 21 -0.971986 -0.234599 0.0143446 -0.163827 -0.0223676 0.153083 0.98796 -0.20496 -0.23397 0.959963 -0.154042 0.964962
2 37 12 0.20572 -0.865448 -0.456814 0.485172 -0.891473 -0.358287 0.277322 -0.169927 -0.403678 0.350187 -0.84523 0.857749
2 38 0 1 0 0 0 0 1 0 0 0 0 1 0
2 39 16 0.388607 -0.138608 0.910918 -0.240177 -0.0112281 0.987835 0.155102 -0.28537 -0.921335 -0.0705016 0.382323 0.927836
2 40 0 1 0 0 0 0 1 0 0 0 0 1 0
2 41 45 0.708427 0.0190147 0.705528 -0.0190147 -0.610138 0.518981 0.598657 -0.518981 -0.354773 -0.854574 0.379262 0.854574
2 42 23 0.706374 -0.169204 -0.687318 -0.351072 0.396376 0.899041 0.18604 -0.044734 0.586449 -0.403851 0.702127 0.935279
2 43 15 0.815656 -0.578534 0.00198732 -0.291414 -0.576614 -0.813219 -0.0786852 -0.392752 0.0471382 0.0630341 -0.996898 0.872252
2 44 28 -0.637985 -0.572379 0.515128 0.498652 0.197111 -0.768055 -0.609294 -0.18731 0.744394 -0.287183 0.60283 0.846322
2 45 16 -0.952152 0.139511 0.271926 -0.334018 0.159217 0.98589 0.0516901 -0.359479 -0.260878 0.092512 -0.960929 0.871325
2 46 18 -0.907393 0.405396 0.11087 -0.394189 0.382926 0.688727 0.615649 -0.352951 0.173223 0.60109 -0.780182 0.848552
2 47 46 -0.886287 -0.317506 -0.337171 0.886271 -0.0835181 -0.606514 0.790674 0.0835987 -0.455543 0.728925 0.511028 0.45556
2 48 0 1 0 0 0 0 1 0 0 0 0 1 0
2 49 24 -0.622733 0.468202 -0.62689 0.433654 0.106199 0.844367 0.525134 -0.273278 0.775194 0.260443 -0.575538 0.85864
2 50 26 -0.755886 0.607903 -0.243086 0.375482 -0.498951 -0.775279 -0.387286 0.0361486 -0.423892 -0.171455 0.889336 0.926125
2 51 0 1 0 0 0 0 1 0 0 0 0 1 0
2 52 0 1 0 0 0 0 1 0 0 0 0 1 0
2 53 0 1 0 0 0 0 1 0 0 0 0 1 0
2 54 14 -0.310864 -0.817574 -0.484702 0.158111 -0.552786 0.570368 -0.607542 0.273349 0.773169 0.0790732 -0.629251 0.948832
2 55 0 1 0 0 0 0 1 0 0 0 0 1 0
2 56 12 0.724721 0.42994 0.538452 -0.885888 -0.685179 0.532298 0.497181 -0.378205 -0.0728584 -0.729253 0.680354 -0.268632
2 57 13 -0.533874 -0.538373 -0.652022 0.201034 -0.228639 0.834298 -0.501668 0.232738 0.814065 -0.11875 -0.568504 0.951535
2 58 0 1 0 0 0 0 1 0 0 0 0 1 0
2 59 14 -0.887027 -0.438819 -0.143598 0.0940021 -0.300017 0.784196 -0.543164 0.288581 0.350959 -0.438719 -0.827256 0.95283
2 60 18 0.294525 -0.908411 0.296721 0.0495819 -0.843452 -0.393071 -0.366176 0.352889 0.449271 -0.142422 -0.88197 0.93435
2 61 17 -0.433393 0.900297 -0.040448 0.0874816 0.899994 0.4347 0.032336 0.35794 0.0466947 -0.0223887 -0.998658 0.929637
2 62 0 1 0 0 0 0 1 0 0 0 0 1 0
2 63 0 1 0 0 0 0 1 0 0 0 0 1 0
2 64 25 0.684925 -0.728432 0.0162304 0.112085 0.655665 0.606483 -0.449759 0.326996 0.317775 0.318693 0.893003 0.938355
2 65 0 1 0 0 0 0 1 0 0 0 0 1 0
2 66 0 1 0 0 0 0 1 0 0 0 0 1 0
2 67 20 -0.810808 0.574189 -0.113569 0.136058 -0.567521 -0.723746 0.39257 0.305913 0.143215 0.382751 0.912683 0.942287
3 4 75 0.995948 0.0558647 -0.0704716 0.963704 -0.0560995 0.998424 -0.00135549 0.0805421 0.0702848 0.00530341 0.997513 -0.254533
3 5 38 0.989764 0.0575603 -0.130589 0.973957 -0.0582687 0.9983 -0.00160719 0.0574322 0.130274 0.00919997 0.991435 -0.219338
3 6 24 0.986409 0.162722 -0.0227689 0.237557 -0.162414 0.986612 0.0147713 0.166485 0.0248677 -0.0108726 0.999632 0.957
3 7 27 -0.964501 0.101803 -0.243668 -0.114123 -0.110867 -0.993552 0.0237398 0.0870108 -0.23968 0.0499118 0.969568 0.989649
3 8 11 -0.065598 -0.960225 -0.271411 0.386951 -0.987813 0.100965 -0.118456 -0.159457 0.141147 0.260333 -0.955146 0.908208
3 9 16 -0.230009 0.775391 -0.588102 0.280572 0.679545 0.560549 0.47329 -0.239263 0.696645 -0.290781 -0.655845 0.929533
3 10 18 0.565096 0.824961 0.010236 0.272653 -0.824495 0.565134 -0.0288355 -0.150682 -0.0295729 0.00785527 0.999532 0.95024
3 11 15 0.923633 -0.381255 0.0393185 0.179677 -0.37841 -0.890798 0.251563 0.039722 -0.0608849 -0.247231 -0.967042 0.982923
3 12 27 -0.805775 0.526245 -0.271647 0.2207 0.53142 0.844943 0.0605287 0.0269652 0.261379 -0.095586 -0.960492 0.974969
3 13 20 -0.359095 -0.142515 -0.922356 0.173236 0.139328 0.969012 -0.203967 0.291461 0.922843 -0.201754 -0.328111 0.940766
3 14 13 0.990864 0.117142 -0.0668237 0.404736 -0.134436 0.81865 -0.558336 -0.161122 -0.0106993 0.562219 0.826919 0.900127
3 15 19 0.574061 0.273372 -0.77183 0.854785 -0.232719 0.95822 0.1663 -0.134333 0.785045 0.0841527 0.613696 0.501295
3 16 16 0.621052 0.214822 -0.753755 0.938261 -0.239878 0.967653 0.0781382 -0.0714581 0.746159 0.132281 0.652494 0.338467
3 17 0 1 0 0 0 0 1 0 0 0 0 1 0
3 18 13 -0.991015 0.0171619 0.132643 -0.0146811 -0.0461335 0.88701 -0.45944 0.121126 -0.125541 -0.461432 -0.878248 0.992529
3 19 14 -0.805832 0.572676 -0.150591 0.403626 0.484574 0.783925 0.388136 -0.260145 0.340328 0.2398 -0.909215 0.87716
3 20 19 0.118063 0.839203 0.530848 -0.421361 -0.0479485 0.538781 -0.84108 -0.053878 -0.991848 0.0738472 0.103849 0.905291
3 21 20 -0.881655 0.273332 -0.384673 -0.39924 -0.279739 -0.959224 -0.040431 -0.253915 -0.380039 0.071962 0.922167 0.880985
3 22 11 -0.281192 -0.959175 -0.0302464 0.30862 0.943949 -0.270776 -0.188788 0.340244 0.172891 -0.0816368 0.981552 -0.88825
3 23 0 1 0 0 0 0 1 0 0 0 0 1 0
3 24 25 0.926293 0.333516 0.17535 0.22799 -0.329799 0.942683 -0.0508081 0.203981 -0.182245 -0.0107673 0.983194 0.952057
3 25 18 -0.405233 0.454345 -0.79332 -0.390501 0.702662 0.709926 0.0476598 -0.293913 0.584852 -0.538123 -0.606936 0.872424
3 26 0 1 0 0 0 0 1 0 0 0 0 1 0
3 27 26 -0.389878 0.00811836 -0.920831 -0.0987454 -0.235193 0.965919 0.108096 -0.261191 0.890325 0.258717 -0.374682 0.960223
3 28 0 1 0 0 0 0 1 0 0 0 0 1 0
3 29 15 -0.3787 0.672555 -0.635811 -0.477193 -0.848142 -0.527165 -0.0524618 -0.0253539 -0.370461 0.519391 0.77006 0.878433
3 30 0 1 0 0 0 0 1 0 0 0 0 1 0
3 31 12 -0.0742279 0.991667 0.105298 0.0250076 0.98674 0.0883189 -0.136177 0.376415 -0.144342 0.0937935 -0.985073 0.926113
3 32 23 0.294226 -0.859026 0.418933 -0.103405 -0.857099 -0.04322 0.513336 -0.403726 -0.422863 -0.510104 -0.748986 0.909018
3 33 18 0.0541699 -0.995832 0.0733718 -0.217307 0.969415 0.0348331 -0.242944 -0.385113 0.239375 0.0842879 0.967262 0.89692
3 34 23 -0.926566 0.357771 0.116085 -0.362617 0.362762 0.931562 0.0244349 -0.224536 -0.0993984 0.0647518 -0.992939 0.904484
3 35 12 -0.730789 -0.407978 -0.547267 0.245419 -0.0035216 0.803978 -0.594649 0.354414 0.682594 -0.432635 -0.588975 0.902308
3 36 32 0.598863 -0.67855 0.425362 -0.163853 -0.560137 -0.734501 -0.383086 -0.204959 0.572371 -0.00884506 -0.819947 0.964958
3 37 21 -0.619492 0.150974 -0.770348 0.485173 -0.115806 0.953018 0.279902 -0.169927 0.776414 0.262609 -0.572903 0.857748
3 38 14 -0.819779 -0.478646 -0.314421 -0.29699 0.510303 -0.85972 -0.0217366 -0.341525 -0.25991 -0.178269 0.949035 0.891716
3 39 0 1 0 0 0 0 1 0 0 0 0 1 0
3 40 11 -0.474888 0.862816 -0.173289 -0.00700993 0.795518 0.336665 -0.503794 0.282397 -0.376341 -0.377101 -0.846264 0.959272
3 41 30 -0.123904 -0.589177 -0.798447 -0.0358687 -0.753777 0.579192 -0.310415 -0.504563 0.645344 0.563389 -0.515872 0.862629
3 42 18 -0.517695 -0.55833 0.648274 -0.351075 -0.771311 0.632459 -0.0712396 -0.0447374 -0.370232 -0.536902 -0.758067 0.935278
3 43 0 1 0 0 0 0 1 0 0 0 0 1 0
3 44 19 -0.416732 -0.898276 -0.139411 0.498654 -0.895886 0.379863 0.230417 -0.187315 -0.15402 0.220919 -0.963054 0.84632
3 45 14 -0.289553 0.481873 -0.827018 -0.334018 -0.0756287 -0.872847 -0.482097 -0.359479 -0.954169 -0.0770463 0.289179 0.871325
3 46 11 0.68579 -0.714597 -0.137995 -0.404956 0.717094 0.695846 -0.0396659 -0.372473 0.124369 -0.0717532 0.989638 0.83503
3 47 16 -0.476479 -0.737019 -0.479343 -0.160399 -0.773835 0.0927809 0.626555 -0.233906 -0.417309 0.669473 -0.61454 0.958937
3 48 10 0.530247 0.533412 -0.659022 0.47956 0.83513 -0.462699 0.297434 -0.320075 -0.146274 -0.708083 -0.690813 0.817052
3 49 17 0.114091 -0.610313 -0.783902 0.519976 -0.610777 -0.665409 0.429165 -0.444533 -0.78354 0.429825 -0.448682 0.729394
3 50 18 0.699384 -0.636741 -0.324689 0.375472 -0.505822 -0.761884 0.40457 0.0361521 -0.504981 -0.118715 -0.854927 0.926128
3 51 10 -0.790253 -0.497046 -0.358393 0.0945478 0.299329 -0.823452 0.482006 0.268327 -0.534699 0.273629 0.799515 0.958677
3 52 0 1 0 0 0 0 1 0 0 0 0 1 0
3 53 0 1 0 0 0 0 1 0 0 0 0 1 0
3 54 13 0.693058 -0.520772 -0.498465 0.831199 0.70867 0.618928 0.338696 0.263239 0.132131 -0.587983 0.798008 -0.489708
3 55 0 1 0 0 0 0 1 0 0 0 0 1 0
3 56 15 -0.291246 -0.606252 -0.740023 0.0866327 0.63549 0.455609 -0.623357 0.300916 0.715072 -0.651827 0.252573 0.949707
3 57 11 0.256031 -0.960592 -0.108216 0.431289 0.953634 0.269313 -0.13436 0.115384 0.158209 -0.0687981 0.985006 -0.894805
3 58 0 1 0 0 0 0 1 0 0 0 0 1 0
3 59 12 -0.993536 0.108381 0.0337721 0.0206462 0.0580738 0.740871 -0.669132 0.345919 -0.0975418 -0.662845 -0.742376 0.938037
3 60 22 -0.109783 -0.0253019 -0.993634 0.524383 -0.233041 0.972466 0.000984924 -0.156537 0.96625 0.231666 -0.112656 0.83697
3 61 19 -0.523408 -0.725727 0.446502 0.0874785 0.839517 -0.349556 0.41596 0.357943 -0.145796 0.592563 0.79222 0.929637
3 62 10 -0.628617 -0.000834736 -0.777714 0.425935 -0.329519 0.906087 0.265374 -0.263942 0.704456 0.42309 -0.569857 0.865398
3 63 13 -0.900135 0.347235 0.26303 0.547298 -0.13434 0.353109 -0.925887 0.720197 -0.414378 -0.868759 -0.271198 0.426359
3 64 13 0.809519 0.532337 -0.247579 0.112071 -0.236834 0.681972 0.691971 0.326981 0.537204 -0.501528 0.678145 0.938362
3 65 0 1 0 0 0 0 1 0 0 0 0 1 0
3 66 14 -0.621893 -0.651227 -0.434916 0.307896 -0.220809 0.678665 -0.70047 0.484928 0.751327 -0.339584 -0.565853 0.818563
3 67 11 0.979094 0.15307 -0.133955 0.499655 -0.200405 0.838644 -0.506473 -0.139816 0.0348145 0.52273 0.851787 0.854866
4 5 140 0.998277 0.00462227 -0.0584938 0.938669 -0.00514688 0.999948 -0.00882117 0.0363201 0.05845 0.00910703 0.998249 -0.342902
4 6 35 0.997118 0.0755044 -0.00745777 -0.752859 -0.0747019 0.994183 0.0775858 0.104129 0.0132725 -0.0768051 0.996958 -0.649893
4 7 45 0.981254 0.0546385 -0.184809 0.95178 -0.0571694 0.998329 -0.00838994 0.0859603 0.184042 0.0187981 0.982739 -0.294493
4 8 11 0.98852 0.130718 -0.0757639 0.820031 -0.132668 0.990932 -0.0212845 -0.25914 0.0722946 0.0310917 0.996899 0.51029
4 9 12 0.980524 0.179266 -0.0802324 0.460881 -0.182024 0.982883 -0.0284285 0.296292 0.0737628 0.0424791 0.996371 -0.83654
4 10 11 0.706314 -0.0566816 -0.705626 0.272654 0.115292 0.992691 0.0356637 -0.15068 0.698447 -0.106543 0.707687 0.95024
4 11 16 -0.268444 0.418303 0.867733 -0.476431 0.115364 0.908274 -0.402157 0.57042 -0.956362 -0.00785158 -0.292078 0.669055
4 12 0 1 0 0 0 0 1 0 0 0 0 1 0
4 13 15 -0.806166 0.163673 0.568601 -0.105864 -0.425898 0.506576 -0.749661 0.334622 -0.410739 -0.846517 -0.338676 0.936387
4 14 14 0.980549 0.0501499 0.189761 0.291406 0.0404757 -0.997692 0.0545199 -0.177977 0.192057 -0.0457787 -0.980315 0.939897
4 15 10 0.779714 0.0669754 0.622544 -0.0840487 -0.394472 -0.719587 0.571477 -0.279402 0.48625 -0.691165 -0.534652 0.956488
4 16 22 0.36033 0.180358 -0.915223 0.677858 -0.288952 0.954454 0.0743262 -0.205261 0.886944 0.237674 0.396033 0.705958
4 17 10 0.757631 0.100185 -0.644948 0.299959 -0.101348 0.994222 0.0353849 0.221556 0.644767 0.0385557 0.763406 -0.927867
4 18 0 1 0 0 0 0 1 0 0 0 0 1 0
4 19 15 0.964628 -0.0819484 -0.250554 -0.0862549 -0.260195 -0.448562 -0.855038 -0.165358 -0.0423199 0.889987 -0.454018 0.982454
4 20 13 0.610945 0.234917 -0.756016 0.464579 0.339313 -0.940501 -0.0180392 -0.312371 -0.715272 -0.245505 -0.654304 0.828607
4 21 0 1 0 0 0 0 1 0 0 0 0 1 0
4 22 13 0.800603 0.522573 0.293178 -0.416444 0.560289 -0.479453 -0.675427 -0.256231 -0.212395 0.705013 -0.676643 0.872307
4 23 11 -0.361464 0.682515 -0.635231 0.291482 0.580366 0.697919 0.419625 -0.013736 0.729739 -0.216987 -0.64838 0.956478
4 24 0 1 0 0 0 0 1 0 0 0 0 1 0
4 25 16 0.155718 -0.256587 0.953895 -0.391817 0.985408 0.107533 -0.131937 -0.29529 -0.0687214 0.960521 0.269587 0.871368
4 26 0 1 0 0 0 0 1 0 0 0 0 1 0
4 27 0 1 0 0 0 0 1 0 0 0 0 1 0
4 28 20 -0.426411 0.896107 -0.123151 -0.450265 -0.902255 -0.411731 0.128112 -0.349992 0.0640971 0.165742 0.984084 0.821442
4 29 15 0.552638 0.301128 -0.777118 0.402931 -0.0210569 -0.927101 -0.37422 -0.309521 -0.833155 0.223172 -0.506011 0.861303
4 30 0 1 0 0 0 0 1 0 0 0 0 1 0
4 31 11 -0.617972 0.786031 0.0162993 -0.0140571 0.781943 0.616648 -0.0911575 0.3077 -0.0817036 -0.0435876 -0.995703 0.951379
4 32 17 0.622296 0.260778 -0.738067 0.458269 0.545159 -0.821005 0.169565 -0.275293 -0.561738 -0.507883 -0.653074 0.845105
4 33 10 -0.635671 0.768214 0.0759596 0.454991 -0.736933 -0.633187 0.23665 -0.254912 0.229895 0.0944547 0.968621 0.853231
4 34 0 1 0 0 0 0 1 0 0 0 0 1 0
4 35 0 1 0 0 0 0 1 0 0 0 0 1 0
4 36 12 -0.837988 0.219868 -0.499434 0.360759 0.500199 0.675332 -0.541967 0.00357052 0.218122 -0.703978 -0.675898 0.932652
4 37 14 -0.579666 0.0260658 -0.814437 0.501126 -0.0970947 0.990158 0.100796 0.0640743 0.809049 0.137505 -0.57143 0.862999
4 38 0 1 0 0 0 0 1 0 0 0 0 1 0
4 39 0 1 0 0 0 0 1 0 0 0 0 1 0
4 40 17 -0.204907 0.626122 -0.75232 0.222815 0.440077 0.745491 0.500576 -0.386851 0.874268 -0.228507 -0.428298 0.894818
4 41 0 1 0 0 0 0 1 0 0 0 0 1 0
4 42 16 -0.330625 -0.8556 0.398292 -0.0778671 -0.943144 0.314819 -0.106624 -0.0915156 -0.0341629 -0.410899 -0.91104 0.992755
4 43 0 1 0 0 0 0 1 0 0 0 0 1 0
4 44 0 1 0 0 0 0 1 0 0 0 0 1 0
4 45 10 0.649547 0.317246 0.690973 -0.286187 -0.576498 0.79802 0.175541 -0.946163 -0.49572 -0.512367 0.701243 -0.151237
4 46 0 1 0 0 0 0 1 0 0 0 0 1 0
4 47 0 1 0 0 0 0 1 0 0 0 0 1 0
4 48 11 0.564409 0.821232 0.0837928 -0.158067 -0.610324 0.483483 -0.627494 0.94618 -0.555831 0.303023 0.774099 -0.282415
4 49 0 1 0 0 0 0 1 0 0 0 0 1 0
4 50 0 1 0 0 0 0 1 0 0 0 0 1 0
4 51 13 0.0180695 0.917341 0.397693 -0.132741 0.855819 -0.219849 0.468231 -0.0846651 0.51696 0.331892 -0.78905 0.987528
4 52 0 1 0 0 0 0 1 0 0 0 0 1 0
4 53 10 -0.900649 -0.241127 -0.361509 0.00137794 0.244713 -0.968905 0.0365933 0.0163495 -0.359092 -0.0555083 0.93165 0.999865
4 54 11 -0.499128 0.133902 0.85612 -0.48516 0.798468 0.454886 0.39437 -0.524518 -0.33663 0.880426 -0.333963 0.699643
4 55 0 1 0 0 0 0 1 0 0 0 0 1 0
4 56 0 1 0 0 0 0 1 0 0 0 0 1 0
4 57 0 1 0 0 0 0 1 0 0 0 0 1 0
4 58 12 -0.855097 0.457985 0.243021 0.316876 0.517341 0.784589 0.341728 -0.27455 -0.0341654 0.417936 -0.907834 0.907861
4 59 10 -0.049007 -0.992134 0.115187 -0.216042 -0.685015 -0.0505418 -0.726774 0.335967 0.726879 -0.114522 -0.67715 0.916762
4 60 12 -0.928957 -0.0461664 0.367297 0.0488116 0.301309 -0.670713 0.677759 -0.402073 0.215061 0.740279 0.636974 0.914306
4 61 0 1 0 0 0 0 1 0 0 0 0 1 0
4 62 0 1 0 0 0 0 1 0 0 0 0 1 0
4 63 0 1 0 0 0 0 1 0 0 0 0 1 0
4 64 0 1 0 0 0 0 1 0 0 0 0 1 0
4 65 0 1 0 0 0 0 1 0 0 0 0 1 0
4 66 14 -0.157215 -0.715814 -0.680363 0.40086 -0.630072 -0.457795 0.627242 -0.349211 -0.760455 0.52729 -0.379043 0.846973
4 67 0 1 0 0 0 0 1 0 0 0 0 1 0
5 6 18 0.998732 0.0361246 -0.0350527 0.834309 -0.0353507 0.999123 0.022454 0.224255 0.0358331 -0.0211864 0.999133 -0.503625
5 7 53 0.989608 0.0496635 -0.134944 0.967791 -0.049211 0.998766 0.0066885 0.0992196 0.13511 2.17467e-05 0.990831 -0.23138
5 8 18 0.95242 0.150029 -0.265305 0.99808 -0.163704 0.986051 -0.0300741 -0.0611888 0.257092 0.0720746 0.963695 -0.0096528
5 9 25 -0.928804 -0.362076 0.0788965 -0.460881 0.136019 -0.531146 -0.836291 -0.296301 0.344706 -0.766019 0.542579 0.836537
5 10 0 1 0 0 0 0 1 0 0 0 0 1 0
5 11 0 1 0 0 0 0 1 0 0 0 0 1 0
5 12 15 0.553412 -0.800716 -0.229326 -0.250411 0.788976 0.592199 -0.163759 -0.150778 0.266931 -0.0903065 0.959475 0.956326
5 13 10 0.510035 -0.710489 0.484841 -0.105843 0.850818 0.499537 -0.163005 0.334685 -0.126383 0.49565 0.859278 0.936367
5 14 18 0.200683 -0.716257 -0.668357 0.291536 -0.905681 0.124428 -0.405288 -0.178123 0.373453 0.686654 -0.62373 0.939829
5 15 0 1 0 0 0 0 1 0 0 0 0 1 0
5 16 11 0.811931 0.191064 -0.5516 -0.256119 -0.185355 0.980401 0.0667573 -0.397012 0.553544 0.0480396 0.831433 0.881354
5 17 15 0.50622 0.228561 -0.831566 0.649448 -0.228125 0.965383 0.126469 0.0385057 0.831685 0.12568 0.540837 0.75943
5 18 0 1 0 0 0 0 1 0 0 0 0 1 0
5 19 10 0.940427 -0.316142 -0.1251 0.0351764 0.313084 0.948709 -0.0439178 -0.241778 0.132568 0.0021345 0.991172 0.969694
5 20 0 1 0 0 0 0 1 0 0 0 0 1 0
5 21 15 -0.644593 0.578962 -0.499302 0.158008 0.420697 0.813928 0.400669 -0.140489 0.638368 0.048213 -0.76822 0.977393
5 22 20 0.575477 0.0689318 0.814908 -0.421524 -0.580604 -0.667318 0.466462 -0.256617 0.575956 -0.741577 -0.344004 0.86975
5 23 0 1 0 0 0 0 1 0 0 0 0 1 0
5 24 12 -0.44905 0.822565 0.348912 0.236168 0.871187 0.489807 -0.0335068 -0.213217 -0.198461 0.288922 -0.936556 0.948031
5 25 0 1 0 0 0 0 1 0 0 0 0 1 0
5 26 16 0.796111 -0.00773134 -0.605101 0.429433 0.544484 -0.427219 0.721818 -0.148509 -0.264091 -0.904115 -0.335904 0.890805
5 27 13 -0.650373 -0.668786 0.360196 -0.390729 -0.720932 0.692837 -0.0153112 -0.206151 -0.239317 -0.269635 -0.932751 0.897125
5 28 10 -0.720349 0.693519 -0.0113669 -0.450265 0.659301 0.679533 -0.321803 -0.349992 -0.215452 -0.239305 -0.946738 0.821442
5 29 13 -0.537564 -0.801339 0.262452 -0.210204 -0.0315746 0.33016 0.943397 -0.361643 -0.842631 0.49885 -0.202784 0.908311
5 30 0 1 0 0 0 0 1 0 0 0 0 1 0
5 31 0 1 0 0 0 0 1 0 0 0 0 1 0
5 32 13 0.523529 0.462116 -0.715798 0.439125 0.445831 -0.864516 -0.232051 -0.278562 -0.726053 -0.197639 -0.658624 0.85415
5 33 0 1 0 0 0 0 1 0 0 0 0 1 0
5 34 0 1 0 0 0 0 1 0 0 0 0 1 0
5 35 0 1 0 0 0 0 1 0 0 0 0 1 0
5 36 0 1 0 0 0 0 1 0 0 0 0 1 0
5 37 0 1 0 0 0 0 1 0 0 0 0 1 0
5 38 0 1 0 0 0 0 1 0 0 0 0 1 0
5 39 0 1 0 0 0 0 1 0 0 0 0 1 0
5 40 13 -0.259971 -0.96011 -0.102972 0.222912 0.731082 -0.265371 0.628568 -0.386819 -0.63082 0.0881285 0.770908 0.894808
5 41 10 -0.313134 -0.734668 0.601839 -0.423949 -0.948272 0.20702 -0.240671 -0.0801501 0.0522207 -0.64607 -0.76149 0.902133
5 42 0 1 0 0 0 0 1 0 0 0 0 1 0
5 43 0 1 0 0 0 0 1 0 0 0 0 1 0
5 44 0 1 0 0 0 0 1 0 0 0 0 1 0
5 45 11 0.766745 -0.609466 0.201628 -0.339763 0.079338 0.401643 0.912353 -0.345674 -0.637031 -0.683545 0.356312 0.874683
5 46 10 0.01255 0.994248 -0.106362 0.455402 0.614879 0.0762083 0.784931 -0.317104 0.788522 -0.0752505 -0.610386 0.831898
5 47 0 1 0 0 0 0 1 0 0 0 0 1 0
5 48 12 -0.976919 -0.0353843 -0.21066 0.392844 -0.159252 0.777915 0.607854 -0.239602 0.142367 0.627372 -0.765595 0.887842
5 49 11 -0.0133377 -0.102036 0.994691 -0.882335 -0.0131831 0.994711 0.101861 0.205586 -0.999824 -0.0117545 -0.0146124 0.423342
5 50 11 -0.878487 0.445316 0.173071 -0.46207 -0.428559 -0.894609 0.126541 -0.477397 0.211182 0.0369936 0.976746 -0.747385
5 51 11 -0.28992 0.950364 0.112939 0.0993628 -0.928501 -0.250698 -0.273928 -0.276405 -0.232018 -0.184281 0.955096 -0.955891
5 52 0 1 0 0 0 0 1 0 0 0 0 1 0
5 53 16 0.904705 -0.382006 0.188627 -0.465547 0.414688 0.688069 -0.595479 -0.0165961 0.0976884 0.616954 0.780913 0.884868
5 54 11 -0.122319 -0.978901 -0.163677 -0.0161356 -0.27646 -0.124783 0.95289 -0.372571 -0.953209 0.161807 -0.255363 0.927864
5 55 0 1 0 0 0 0 1 0 0 0 0 1 0
5 56 0 1 0 0 0 0 1 0 0 0 0 1 0
5 57 10 -0.547215 0.146763 -0.824025 0.457633 -0.221613 0.923965 0.311731 -0.295642 0.80712 0.353199 -0.473083 0.838551
5 58 12 0.635802 -0.64219 -0.428191 0.293658 -0.754408 -0.399764 -0.520632 -0.117812 0.163169 0.65405 -0.738644 0.948623
5 59 0 1 0 0 0 0 1 0 0 0 0 1 0
5 60 0 1 0 0 0 0 1 0 0 0 0 1 0
5 61 0 1 0 0 0 0 1 0 0 0 0 1 0
5 62 0 1 0 0 0 0 1 0 0 0 0 1 0
5 63 0 1 0 0 0 0 1 0 0 0 0 1 0
5 64 0 1 0 0 0 0 1 0 0 0 0 1 0
5 65 0 1 0 0 0 0 1 0 0 0 0 1 0
5 66 0 1 0 0 0 0 1 0 0 0 0 1 0
5 67 13 -0.512696 -0.684255 -0.518592 0.169766 0.856056 -0.453601 -0.247819 0.279517 -0.0656626 -0.571 0.81832 0.945013
6 7 49 0.997417 0.0303634 -0.0650935 0.743605 -0.0293404 0.999431 0.0166155 -0.204686 0.065561 -0.0146628 0.997741 0.636518
6 8 0 1 0 0 0 0 1 0 0 0 0 1 0
6 9 11 -0.883862 0.462676 -0.0686861 0.332925 -0.395581 -0.661031 0.637615 -0.229087 0.249606 0.590735 0.767287 0.914702
6 10 10 0.691392 0.682204 0.237855 -0.155553 -0.708628 0.70449 0.0392411 0.294098 -0.140796 -0.195682 0.970508 0.943032
6 11 0 1 0 0 0 0 1 0 0 0 0 1 0
6 12 12 -0.974263 0.0199985 -0.224524 0.0925135 0.127824 0.869441 -0.477215 0.162827 0.185667 -0.493633 -0.84962 0.982308
6 13 0 1 0 0 0 0 1 0 0 0 0 1 0
6 14 0 1 0 0 0 0 1 0 0 0 0 1 0
6 15 15 -0.896121 0.17525 0.407743 -0.0891764 0.376726 0.786049 0.490107 -0.290799 -0.234614 0.592803 -0.770416 0.952619
6 16 0 1 0 0 0 0 1 0 0 0 0 1 0
6 17 16 0.596176 -0.250705 -0.762706 0.196752 0.0134352 0.952977 -0.302745 -0.308308 0.802741 0.170243 0.571511 0.930718
6 18 17 0.543947 0.83368 -0.09539 -0.143842 0.588477 -0.297961 0.751608 -0.523848 0.598178 -0.46497 -0.652676 0.839579
6 19 0 1 0 0 0 0 1 0 0 0 0 1 0
6 20 0 1 0 0 0 0 1 0 0 0 0 1 0
6 21 0 1 0 0 0 0 1 0 0 0 0 1 0
6 22 0 1 0 0 0 0 1 0 0 0 0 1 0
6 23 0 1 0 0 0 0 1 0 0 0 0 1 0
6 24 0 1 0 0 0 0 1 0 0 0 0 1 0
6 25 0 1 0 0 0 0 1 0 0 0 0 1 0
6 26 0 1 0 0 0 0 1 0 0 0 0 1 0
6 27 0 1 0 0 0 0 1 0 0 0 0 1 0
6 28 0 1 0 0 0 0 1 0 0 0 0 1 0
6 29 0 1 0 0 0 0 1 0 0 0 0 1 0
6 30 0 1 0 0 0 0 1 0 0 0 0 1 0
6 31 0 1 0 0 0 0 1 0 0 0 0 1 0
6 32 0 1 0 0 0 0 1 0 0 0 0 1 0
6 33 0 1 0 0 0 0 1 0 0 0 0 1 0
6 34 0 1 0 0 0 0 1 0 0 0 0 1 0
6 35 0 1 0 0 0 0 1 0 0 0 0 1 0
6 36 0 1 0 0 0 0 1 0 0 0 0 1 0
6 37 12 0.235263 -0.681671 -0.692804 0.409825 -0.362576 0.599801 -0.713286 0.524352 0.90177 0.419004 -0.106047 0.74639
6 38 0 1 0 0 0 0 1 0 0 0 0 1 0
6 39 0 1 0 0 0 0 1 0 0 0 0 1 0
6 40 0 1 0 0 0 0 1 0 0 0 0 1 0
6 41 0 1 0 0 0 0 1 0 0 0 0 1 0
6 42 0 1 0 0 0 0 1 0 0 0 0 1 0
6 43 0 1 0 0 0 0 1 0 0 0 0 1 0
6 44 0 1 0 0 0 0 1 0 0 0 0 1 0
6 45 0 1 0 0 0 0 1 0 0 0 0 1 0
6 46 0 1 0 0 0 0 1 0 0 0 0 1 0
6 47 0 1 0 0 0 0 1 0 0 0 0 1 0
6 48 0 1 0 0 0 0 1 0 0 0 0 1 0
6 49 0 1 0 0 0 0 1 0 0 0 0 1 0
6 50 0 1 0 0 0 0 1 0 0 0 0 1 0
6 51 0 1 0 0 0 0 1 0 0 0 0 1 0
6 52 0 1 0 0 0 0 1 0 0 0 0 1 0
6 53 0 1 0 0 0 0 1 0 0 0 0 1 0
6 54 0 1 0 0 0 0 1 0 0 0 0 1 0
6 55 0 1 0 0 0 0 1 0 0 0 0 1 0
6 56 0 1 0 0 0 0 1 0 0 0 0 1 0
