0 1 759 0.6757 -0.108849 -0.729097 0.399594 0.110149 0.992843 -0.0461425 0.141154 0.728901 -0.0491308 0.682854 0.905759
0 2 814 0.854225 -0.0928342 -0.511549 0.507999 0.104277 0.994528 -0.00635314 0.178948 0.509339 -0.0479159 0.859231 0.842564
0 3 1330 0.946308 -0.0558345 -0.318407 0.711353 0.0577776 0.998324 -0.00334627 0.142628 0.31806 -0.0152302 0.947948 0.68821
0 4 1733 0.986342 -0.0296141 -0.162025 0.656139 0.0249091 0.999209 -0.0309941 0.134966 0.162814 0.0265349 0.9863 0.742473
0 5 1455 0.999698 0.0047815 -0.0241111 0.478226 -0.00514096 0.999876 -0.0148685 0.149002 0.0240371 0.0149879 0.999599 0.865505
0 6 1686 0.998291 0.00973952 0.0576152 0.399008 -0.0113436 0.999555 0.0275801 0.192678 -0.0573209 -0.0281865 0.997958 0.896475
0 7 556 0.915919 0.0793743 0.393437 0.545566 -0.0923674 0.995624 0.0141676 0.21004 -0.39059 -0.0493171 0.919243 0.811321
0 8 718 0.849335 0.097395 0.51879 0.103867 -0.11153 0.993753 -0.00397067 0.2145 -0.515936 -0.0544884 0.854892 0.971186
0 9 874 0.798057 0.111651 0.592148 -0.382685 -0.126181 0.991862 -0.0169608 0.162796 -0.589222 -0.061182 0.805651 0.909422
0 10 866 0.71495 0.126389 0.687657 -0.728058 -0.122237 0.990973 -0.0550486 0.116317 -0.688407 -0.0447002 0.723946 0.675575
0 11 811 0.581333 0.161875 0.797401 -0.810344 -0.167111 0.982872 -0.0776963 0.126307 -0.79632 -0.0880869 0.598427 0.572179
0 12 705 0.446369 0.151009 0.882015 -0.784361 -0.194453 0.978474 -0.0691155 0.0992021 -0.873466 -0.140659 0.466125 0.61232
0 13 687 0.0965849 0.172125 0.980329 -0.618984 -0.202713 0.967692 -0.149935 0.147637 -0.974463 -0.184244 0.128356 0.771403
0 14 424 -0.113186 -0.83097 -0.544682 0.479863 -0.790706 0.40729 -0.457054 0.139616 0.601642 0.378951 -0.703152 0.866163
0 15 269 0.377142 -0.746021 0.548832 -0.262564 -0.786076 -0.571199 -0.236255 0.0631201 0.489744 -0.342322 -0.801852 0.962848
0 16 132 0.832823 -0.393816 0.388992 -0.218171 0.282641 0.906763 0.312881 -0.135464 -0.475941 -0.15063 0.866482 -0.966463
0 17 217 0.841183 0.385618 -0.379091 0.397918 0.422699 -0.906125 0.0162221 0.183627 -0.337248 -0.173887 -0.925217 0.898856
0 18 88 0.968073 0.245672 -0.0497939 0.13408 -0.235754 0.95983 0.152141 -0.154833 0.0851705 -0.135545 0.987104 -0.9788
0 19 273 -0.917785 -0.0201233 0.396567 -0.425934 0.0321531 0.991669 0.124734 -0.14982 -0.395773 0.12723 -0.909492 0.892264
0 20 223 0.450406 -0.891701 -0.044773 -0.441977 0.871293 0.428044 0.240057 -0.127953 -0.194894 -0.147133 0.969726 0.887854
0 21 237 -0.819841 0.419777 -0.389421 -0.113211 0.382798 0.907595 0.172444 -0.0751862 0.425824 -0.00769302 -0.904773 0.990722
0 22 373 -0.303066 -0.756232 0.579882 -0.385719 -0.838676 0.500602 0.214521 -0.152703 -0.452518 -0.42132 -0.78595 0.909891
0 23 88 -0.447141 -0.890026 -0.0889838 0.00539733 0.863659 -0.455483 0.215936 0.169506 -0.232719 0.0197023 0.972344 -0.985514
0 24 169 0.0206181 -0.634861 -0.772351 -0.213245 0.947792 -0.233471 0.217211 -0.111019 -0.318221 -0.736507 0.596903 0.970671
0 25 381 -0.650511 -0.418242 -0.633963 0.264467 -0.649301 0.739282 0.178526 -0.28288 0.39401 0.527765 -0.752476 0.921974
0 26 344 0.920345 -0.295892 -0.25576 0.922499 0.310349 0.950468 0.0171747 -0.0227528 0.23801 -0.0951815 0.966588 -0.385328
0 27 467 -0.0366315 -0.20575 -0.977919 0.224789 0.180539 0.961111 -0.208976 0.232299 0.982886 -0.184207 0.00193883 0.946312
0 28 551 0.153644 -0.190532 -0.969583 0.211632 0.163235 0.972646 -0.165267 0.18199 0.97455 -0.132877 0.180543 0.960256
0 29 796 0.879342 -0.0830147 -0.4689 0.631764 0.0850186 0.996235 -0.0169371 0.153684 0.46854 -0.0249717 0.883089 0.759773
1 2 1875 0.964688 0.0232036 0.26237 -0.990142 -0.0320878 0.999046 0.0296274 -0.0236436 -0.261432 -0.0370001 0.964512 -0.138058
1 3 1507 0.873702 0.0630338 0.48236 -0.959665 -0.071857 0.997415 -0.000184967 -0.0528415 -0.481125 -0.0344993 0.875973 -0.276135
1 4 1166 0.793983 0.0807774 0.602549 -0.999457 -0.0697795 0.996692 -0.041667 -0.00103501 -0.603922 -0.00896267 0.796993 -0.0329461
1 5 910 0.702084 0.101509 0.704821 -0.958223 -0.100353 0.994014 -0.0431959 0.0231956 -0.704987 -0.0404039 0.708068 0.28508
1 6 819 0.668565 0.116412 0.734486 -0.988324 -0.134673 0.990294 -0.0343707 0.0482599 -0.731358 -0.0759365 0.677753 0.144524
1 7 168 0.979961 0.0403668 0.195057 0.92155 -0.0496702 0.997838 0.0430404 -0.092194 -0.192898 -0.0518664 0.979847 -0.377156
1 8 81 0.794333 0.13609 0.592043 -0.442173 -0.204656 0.977562 0.0498753 -0.0654489 -0.571971 -0.160783 0.804362 -0.894539
1 9 168 -0.799744 0.174626 -0.574382 0.215671 0.228304 0.973342 -0.0219602 0.0313052 0.555236 -0.148696 -0.818292 0.975964
1 10 107 0.291096 0.84162 -0.454906 0.201753 -0.954434 0.28814 -0.0776593 -0.000173427 0.0657168 0.456784 0.887147 0.979436
1 11 178 0.899667 -0.000539557 0.436577 -0.497906 -0.00515128 0.999917 0.0118512 0.117776 -0.436547 -0.012911 0.899589 0.859196
1 12 61 0.934645 -0.187032 -0.30242 -0.241941 0.158218 0.980406 -0.117352 -0.0628986 0.318442 0.0618338 0.945923 0.96825
1 13 90 0.948547 0.135515 0.28617 -0.0254904 -0.1536 0.987257 0.0416119 -0.156883 -0.276884 -0.0834265 0.957275 0.987288
1 14 85 -0.939129 -0.0439303 -0.340746 0.31779 -0.00414283 -0.990271 0.139088 -0.095982 -0.343541 0.132033 0.92981 -0.94329
1 15 115 -0.507662 0.857294 -0.0855894 -0.281651 -0.861327 -0.50731 0.0274425 -0.193889 -0.0198941 0.0876519 0.995952 -0.939723
1 16 128 -0.932541 -0.0703298 0.354147 0.18134 0.346293 -0.451886 0.82212 -0.0890986 0.102215 0.889299 0.445757 0.979376
1 17 392 0.462422 -0.430671 -0.775041 0.460557 -0.142218 0.826768 -0.544269 0.410141 0.87518 0.361907 0.321067 0.787192
1 18 168 0.99162 0.00165521 0.129177 -0.463713 -0.00590486 0.999454 0.0325218 -0.351548 -0.129053 -0.033012 0.991088 -0.813255
1 19 64 0.370929 0.906418 -0.202034 -0.196875 -0.865423 0.416298 0.278816 -0.130135 0.33683 0.0714239 0.938853 -0.971754
1 20 206 0.413356 0.392955 0.821415 -0.258944 -0.420459 0.88253 -0.210607 0.161462 -0.807682 -0.258316 0.530021 0.952302
1 21 180 0.869142 0.0413267 0.492833 -0.99965 -0.0637858 0.997547 0.0288405 -0.0227762 -0.490432 -0.0565022 0.869646 -0.0134794
1 22 67 -0.874018 -0.483916 0.0437831 0.300675 0.45054 -0.840872 -0.299915 0.0319781 0.18195 -0.242405 0.952961 0.95319
1 23 118 0.329819 0.894295 0.302416 -0.477043 -0.91438 0.382293 -0.13327 0.166056 -0.234794 -0.232568 0.943813 -0.86305
1 24 263 0.524235 -0.230095 -0.819899 0.981123 0.255669 0.960914 -0.106197 0.0975033 0.812287 -0.15395 0.562573 -0.167002
1 25 259 0.79785 -0.138921 -0.586632 0.876388 0.17781 0.984025 0.00880293 -0.0681135 0.576038 -0.111332 0.809806 -0.476765
1 26 431 0.62235 -0.153579 -0.767524 0.953668 0.219837 0.97539 -0.0169171 0.0704264 0.751234 -0.158202 0.640797 0.292503
1 27 572 0.737328 -0.139857 -0.660898 0.977123 0.177856 0.984008 -0.00980814 0.0436149 0.651701 -0.110313 0.750411 0.208156
1 28 929 0.844246 -0.119104 -0.522554 0.999715 0.125081 0.991857 -0.0239878 0.00662569 0.521155 -0.0451098 0.852269 -0.0229463
1 29 310 0.951356 0.0346686 0.306138 -0.790395 -0.0409093 0.999065 0.0139908 0.0502226 -0.305367 -0.0258341 0.951884 0.610535
2 3 2274 0.969204 0.0495976 0.241213 -0.772326 -0.0466107 0.99875 -0.0180767 -0.132062 -0.241808 0.00627689 0.970304 -0.621348
2 4 1644 0.925999 0.0734842 0.370304 -0.982081 -0.0552006 0.996686 -0.059748 -0.0170314 -0.373467 0.0348856 0.926987 -0.18769
2 5 1230 0.868385 0.107376 0.484126 -0.967016 -0.0882325 0.994154 -0.0622332 0.0482067 -0.487978 0.0113267 0.872783 0.250112
2 6 1042 0.824606 0.113013 0.554303 -0.994103 -0.115233 0.992855 -0.0310001 0.0191836 -0.553846 -0.0383113 0.831737 0.106732
2 7 389 0.575182 0.17149 0.799848 -0.949742 -0.187177 0.979429 -0.0753914 0.0641465 -0.796323 -0.10635 0.595449 0.306391
2 8 323 0.477941 0.171951 0.861397 -0.931575 -0.133593 0.983474 -0.122197 0.124497 -0.868174 -0.0566736 0.493014 0.341569
2 9 119 0.818015 0.446218 0.362962 -0.215671 -0.411675 0.894885 -0.172351 -0.0313052 -0.401715 -0.00843718 0.915726 -0.975964
2 10 92 0.878856 0.353131 0.320797 -0.201753 -0.31906 0.934958 -0.155097 0.000173427 -0.354701 0.0339541 0.934363 -0.979436
2 11 275 0.0903435 0.214637 0.972507 -0.871824 -0.209084 0.958825 -0.192194 0.0978186 -0.973716 -0.185972 0.131501 0.479953
2 12 110 0.978098 0.0847638 0.190102 0.241941 -0.0674643 0.993121 -0.0957062 0.0628986 -0.196907 0.080785 0.977088 -0.96825
2 13 268 -0.44977 0.190075 0.872684 -0.569516 -0.153 0.946252 -0.284953 0.165782 -0.879942 -0.261685 -0.396514 0.805089
2 14 201 0.583934 0.106423 -0.804795 0.145748 -0.0336148 0.993689 0.107012 0.0552181 0.811105 -0.0354349 0.583827 0.98778
2 15 263 -0.791703 0.122507 0.598496 -0.345875 0.0523551 0.989689 -0.133323 0.0812465 -0.608658 -0.0742183 -0.789954 0.934756
2 16 109 -0.564112 0.824105 0.0512648 0.245117 -0.815288 -0.565753 0.123404 -0.114904 0.130701 0.0278183 0.991031 0.96266
2 17 292 0.14105 0.756403 0.638717 -0.385722 0.990001 -0.109028 -0.0895087 0.0844271 0.00193308 0.644955 -0.764218 0.918744
2 18 120 0.974895 0.0375609 0.219475 -0.035889 -0.0393381 0.999219 0.00373131 0.0564893 -0.219163 -0.0122714 0.975611 -0.997758
2 19 264 -0.764846 0.0606391 -0.641352 0.359862 -0.119661 0.964862 0.233929 -0.142933 0.633002 0.255664 -0.730715 0.921992
2 20 215 -0.0755678 0.0524707 -0.995759 0.296772 -0.550764 0.830265 0.0855474 -0.0704762 0.831233 0.554893 -0.0338423 0.952344
2 21 85 -0.978814 0.102791 0.17708 -0.375672 -0.107583 -0.994039 -0.0176528 0.0686362 0.17421 -0.0363296 0.984038 -0.924207
2 22 151 -0.0855583 -0.939753 -0.330974 0.300675 -0.993718 0.104539 -0.0399438 0.0319781 0.0721371 0.325477 -0.942794 0.95319
2 23 65 0.595255 -0.788734 -0.153526 -0.356563 0.673138 0.59381 -0.440765 -0.0136023 0.438812 0.159023 0.884396 0.934172
2 24 119 0.371548 0.923507 0.0953236 -0.340444 -0.917983 0.38078 -0.110967 -0.145423 -0.138776 -0.0462759 0.989242 -0.928951
2 25 101 0.98911 0.103093 -0.105038 0.0708956 -0.0976606 0.993664 0.0556254 -0.070291 0.110107 -0.0447616 0.992911 -0.995004
2 26 343 0.40779 -0.193979 -0.892233 0.902546 0.231781 0.967157 -0.104334 0.0969385 0.883167 -0.164256 0.439358 0.41954
2 27 483 0.554966 -0.177445 -0.812728 0.931162 0.19171 0.977968 -0.0826149 0.0626569 0.809481 -0.109959 0.576757 0.359182
2 28 594 0.686295 -0.157864 -0.709985 0.972114 0.141474 0.986491 -0.0825904 0.0178319 0.713432 -0.0437634 0.699357 0.233829
2 29 2103 0.998784 0.0136787 0.0473722 0.975904 -0.0129744 0.999801 -0.0151428 0.0474353 -0.0475699 0.0145097 0.998763 0.212984
3 4 3530 0.990699 0.0228978 0.134132 -0.992788 -0.0177444 0.999062 -0.0394908 0.058698 -0.134911 0.0367434 0.990176 0.104532
3 5 2625 0.9625 0.058286 0.264947 -0.87924 -0.0511919 0.998123 -0.0336082 0.0902622 -0.266408 0.0187848 0.963677 0.46775
3 6 2225 0.939892 0.0636515 0.335486 -0.971139 -0.0686165 0.997639 0.0029539 0.0518813 -0.334506 -0.0257963 0.942041 0.232804
3 7 895 0.756924 0.128326 0.64078 -0.922218 -0.143071 0.989284 -0.0291155 0.0983147 -0.63765 -0.0696388 0.767172 0.373962
3 8 678 0.66661 0.14487 0.731194 -0.925738 -0.155409 0.986387 -0.0537487 0.0815553 -0.729026 -0.0778047 0.680049 0.369267
3 9 655 0.590256 0.154962 0.792203 -0.929015 -0.160168 0.984371 -0.0732131 0.0727313 -0.791166 -0.0836714 0.605851 0.362823
3 10 584 0.470464 0.165993 0.866666 -0.908269 -0.153249 0.982593 -0.105006 0.0655664 -0.86901 -0.0834145 0.487713 0.413217
3 11 523 0.316155 0.192268 0.92902 -0.864667 -0.190843 0.97212 -0.136242 0.10299 -0.929314 -0.134223 0.344034 0.491675
3 12 485 0.156295 0.196777 0.96791 -0.795819 -0.169373 0.970778 -0.170011 0.138686 -0.97308 -0.137366 0.185056 0.589439
3 13 444 -0.0583907 0.199704 0.978115 -0.647882 -0.215105 0.954254 -0.207674 0.157165 -0.974844 -0.222523 -0.0127623 0.745351
3 14 483 0.362131 0.246755 0.898873 -0.814546 -0.30423 0.942804 -0.136249 0.185198 -0.881082 -0.224125 0.416489 0.549742
3 15 120 -0.952027 0.287701 -0.10427 0.327391 -0.301358 -0.940649 0.156084 0.128889 -0.0531764 0.180019 0.982225 0.936057
3 16 258 -0.927411 0.192884 -0.320476 0.245312 0.165308 0.979929 0.111409 -0.115564 0.335533 0.0503448 -0.940682 0.962532
3 17 276 0.134593 0.844943 -0.517644 0.363821 0.963014 0.0115252 0.269207 0.131161 0.23343 -0.534732 -0.812141 0.922188
3 18 279 -0.495319 -0.128243 0.859193 -0.272383 -0.428084 0.896653 -0.112953 0.156211 -0.755913 -0.423755 -0.499027 0.949424
3 19 182 0.995768 -0.0188334 0.0899467 -0.387167 0.0199727 0.999731 -0.0117835 -0.00990902 -0.0897006 0.0135301 0.995877 -0.921956
3 20 135 -0.645348 -0.688049 -0.331834 0.419203 0.72181 -0.691444 0.02992 0.0105602 -0.250031 -0.220212 0.942863 -0.907831
3 21 226 -0.718111 0.0386715 -0.694853 0.365506 -0.0676935 0.989839 0.125048 -0.0579268 0.692628 0.136835 -0.708196 0.929005
3 22 224 -0.843898 0.0972114 -0.527622 0.300675 0.0377206 0.991764 0.122395 0.0319781 0.535175 0.0833869 -0.840615 0.95319
3 23 59 0.279495 -0.899745 -0.335173 -0.356563 0.919534 0.150379 0.363103 -0.0136023 -0.276298 -0.409689 0.869376 0.934172
3 24 224 -0.643434 -0.245647 -0.725017 0.340444 -0.0990116 0.965865 -0.239379 0.145423 0.759071 -0.0822395 -0.645792 0.928951
3 25 187 0.297034 -0.566535 -0.768641 -0.0708956 -0.656725 0.463147 -0.595153 0.070291 0.693168 0.681567 -0.234487 0.995004
3 26 430 0.220501 -0.176731 -0.959242 0.854357 0.266465 0.956953 -0.115057 0.0613211 0.938284 -0.230234 0.258101 0.516055
3 27 610 0.326614 -0.193033 -0.925236 0.831803 0.212084 0.968927 -0.127281 0.122109 0.921056 -0.154655 0.357405 0.541473
3 28 860 0.450093 -0.177947 -0.875072 0.84272 0.162062 0.979948 -0.115917 0.0913101 0.878153 -0.0896423 0.469906 0.530552
3 29 2426 0.98098 -0.0343601 -0.191043 0.842891 0.0338868 0.999409 -0.0057449 0.110858 0.191128 -0.000838218 0.981565 0.52654
4 5 3454 0.991877 0.0295565 0.123719 -0.731837 -0.0309035 0.999482 0.0089823 0.0992456 -0.12339 -0.0127327 0.992277 0.674214
4 6 2954 0.977382 0.033634 0.208788 -0.980995 -0.0448548 0.997779 0.049241 0.0185207 -0.206669 -0.0574924 0.97672 0.193145
4 7 1267 0.837995 0.0919468 0.537875 -0.961914 -0.129204 0.991106 0.0318728 0.0421295 -0.530161 -0.096205 0.842422 0.270086
4 8 1022 0.758764 0.103255 0.643129 -0.964321 -0.139023 0.990276 0.00502963 0.0433849 -0.636356 -0.0932263 0.765741 0.261155
4 9 884 0.699359 0.114421 0.705553 -0.969299 -0.155385 0.987835 -0.0061791 0.0213031 -0.697676 -0.105311 0.708631 0.244961
4 10 815 0.592265 0.123879 0.796164 -0.948471 -0.144265 0.988447 -0.0464787 0.0391824 -0.792723 -0.0873309 0.603294 0.314431
4 11 703 0.442002 0.149954 0.884391 -0.907019 -0.187698 0.979563 -0.0722835 0.0791545 -0.877157 -0.134049 0.461115 0.413584
4 12 628 0.296349 0.140094 0.944749 -0.851399 -0.201226 0.976138 -0.0816281 0.0923193 -0.933641 -0.165918 0.317468 0.51633
4 13 619 -0.059192 0.158445 0.985592 -0.659282 -0.189185 0.96765 -0.166922 0.150677 -0.980156 -0.196339 -0.0273018 0.736644
4 14 578 -0.693813 0.0982824 0.713417 -0.362176 -0.143272 0.952004 -0.270485 0.197933 -0.70576 -0.289879 -0.646431 0.910852
4 15 105 0.686347 0.720968 0.0955659 0.327391 -0.685359 0.597216 0.416672 0.128889 0.243334 -0.351478 0.90402 0.936057
4 16 138 0.989249 0.0915443 0.114047 -0.245312 -0.0910304 0.995801 -0.00971652 0.115564 -0.114457 -0.000769675 0.993428 -0.962532
4 17 177 0.934033 0.354734 -0.0417944 -0.363821 -0.338492 0.916424 0.213519 -0.131161 0.114044 -0.185287 0.976044 -0.922188
4 18 92 0.998081 0.025577 -0.0563963 -0.0300777 -0.0315164 0.993751 -0.107078 0.0407567 0.0533051 0.10865 0.99265 0.998716
4 19 414 0.927341 0.0172295 0.37382 -0.920094 -0.0290344 0.999241 0.0259707 0.0186396 -0.373089 -0.0349373 0.927137 0.391255
4 20 235 -0.624967 -0.531553 -0.571724 0.296772 0.630215 -0.775747 0.0323359 -0.0704762 -0.460701 -0.3401 0.819809 0.952344
4 21 203 -0.820916 -0.291296 -0.491165 0.22748 -0.231646 0.956034 -0.179832 0.205542 0.521955 -0.0338504 -0.852301 0.951843
4 22 218 -0.80575 0.423592 -0.413928 0.300675 0.404663 0.904074 0.137466 0.0319781 0.432452 -0.0567381 -0.89987 0.95319
4 23 184 0.432228 0.793597 0.428233 -0.356563 0.901318 -0.39513 -0.177475 -0.0136023 0.0283643 0.462684 -0.886069 0.934172
4 24 124 0.64628 0.763091 0.00378939 -0.340444 -0.687954 0.580482 0.435614 -0.145423 0.330213 -0.284136 0.900126 -0.928951
4 25 84 0.0294221 -0.983476 -0.178629 -0.0708956 0.898458 -0.0523 0.435933 0.070291 -0.438072 -0.173317 0.882074 0.995004
4 26 486 0.03268 -0.152202 -0.987809 0.749678 0.270805 0.952715 -0.137835 0.121678 0.962079 -0.263 0.0723518 0.650521
4 27 650 0.156598 -0.177484 -0.971585 0.725068 0.19328 0.970208 -0.14608 0.186464 0.968566 -0.164912 0.186236 0.662953
4 28 873 0.351928 -0.175705 -0.919388 0.745417 0.142458 0.980836 -0.132918 0.204194 0.925123 -0.084197 0.370215 0.634554
4 29 1983 0.942495 -0.0468369 -0.330923 0.906788 0.0573892 0.998105 0.0221828 0.0783379 0.329257 -0.0398986 0.943397 0.414246
5 6 3511 0.997025 0.00527781 0.0768986 -0.851789 -0.0085367 0.999076 0.0421122 -0.127965 -0.0766053 -0.0426434 0.996149 -0.508016
5 7 1723 0.904879 0.0691047 0.420021 -0.972354 -0.0908243 0.995356 0.0319062 -0.0472308 -0.415866 -0.0670194 0.906953 -0.228683
5 8 1325 0.838966 0.0843534 0.537607 -0.997138 -0.102689 0.994705 0.00417677 -0.00432064 -0.534408 -0.0587102 0.843185 -0.0754779
5 9 1138 0.786244 0.0978094 0.610127 -0.99965 -0.114962 0.993308 -0.0110901 -0.0049975 -0.607128 -0.0614221 0.792226 -0.0259647
5 10 1000 0.690493 0.113018 0.714455 -0.994211 -0.113867 0.992387 -0.0469352 0.0163467 -0.71432 -0.0489443 0.698105 0.106197
5 11 856 0.551621 0.147759 0.820903 -0.962804 -0.157006 0.984985 -0.0717896 0.0662565 -0.819184 -0.0892864 0.566538 0.26195
5 12 751 0.417534 0.145816 0.896885 -0.91608 -0.170612 0.982066 -0.0802384 0.0818985 -0.8925 -0.119517 0.434924 0.392543
5 13 700 0.064775 0.184839 0.980632 -0.751189 -0.164479 0.971233 -0.172202 0.155637 -0.984251 -0.150139 0.0933136 0.641477
5 14 637 -0.106085 0.174388 0.978946 -0.714202 -0.244497 0.949702 -0.195674 0.177567 -0.96383 -0.260107 -0.0581119 0.677042
5 15 346 -0.690932 0.0874007 0.717617 -0.262564 -0.013244 0.990968 -0.133444 0.0631201 -0.722798 -0.101705 -0.683534 0.962848
5 16 365 0.353031 0.560453 -0.749174 0.219887 0.350639 -0.821627 -0.449424 0.136865 -0.867422 -0.104029 -0.486576 0.965877
5 17 289 -0.496194 -0.599642 0.62787 -0.385722 -0.8053 0.588142 -0.0747132 0.0844271 -0.324475 -0.542696 -0.774724 0.918744
5 18 282 0.804497 -0.574512 0.150736 -0.116021 -0.591364 -0.798449 0.112992 -0.0583395 0.0554398 -0.180041 -0.982096 0.991532
5 19 316 0.997738 0.00744604 0.0668062 -0.100785 -0.0071438 0.999963 -0.00476181 0.477462 -0.0668392 0.00427379 0.997755 -0.872853
5 20 185 0.924628 -0.231108 0.302741 -0.209666 0.174416 0.963549 0.202858 -0.0674569 -0.338588 -0.134765 0.931234 -0.975443
5 21 262 0.31829 -0.946966 -0.044127 0.22748 -0.801423 -0.243923 -0.546098 0.205542 0.506372 0.209182 -0.836558 0.951843
5 22 130 -0.983344 0.106671 -0.147161 0.300675 -0.113637 -0.992727 0.0397422 0.0319781 -0.141851 0.0558032 0.988314 0.95319
5 23 190 -0.683168 -0.640396 0.350962 -0.356563 -0.72945 0.621079 -0.286642 -0.0136023 -0.0344104 -0.451834 -0.891438 0.934172
5 24 292 0.623109 -0.03522 -0.781342 0.990777 0.06329 0.99798 0.00548758 -0.0747485 0.77957 -0.0528705 0.624079 0.11302
5 25 155 0.91959 -0.204919 -0.335206 -0.0711329 0.218051 0.975936 0.0015788 0.069924 0.326816 -0.0745438 0.942144 0.995013
5 26 483 -0.168767 -0.200474 -0.965053 0.668058 0.21128 0.948982 -0.234083 0.222202 0.962745 -0.243402 -0.117801 0.710158
5 27 641 0.0205991 -0.18335 -0.982832 0.720368 0.208588 0.962196 -0.175128 0.170454 0.977787 -0.201399 0.0580649 0.672321
5 28 701 0.252653 -0.172993 -0.951966 0.792509 0.194 0.972964 -0.12532 0.0948731 0.947908 -0.153019 0.279383 0.602435
5 29 1757 0.89294 -0.0774298 -0.443466 0.977352 0.0888584 0.996032 0.00501206 0.0382591 0.441318 -0.0438812 0.896277 0.208131
6 7 1870 0.93589 0.0782611 0.34349 -0.956452 -0.0824273 0.996594 -0.00247936 -0.0494371 -0.342514 -0.0259925 0.939153 -0.287672
6 8 1389 0.878749 0.100733 0.466532 -0.995508 -0.101908 0.994533 -0.0227857 -0.0270212 -0.466277 -0.0275207 0.884211 -0.090741
6 9 1154 0.823936 0.115452 0.554798 -0.999417 -0.109939 0.992992 -0.043367 -0.00679021 -0.555917 -0.0252626 0.830854 -0.033458
6 10 968 0.741515 0.136491 0.656906 -0.995506 -0.112476 0.990521 -0.0788455 0.0148001 -0.661441 -0.0154212 0.749839 0.0935335
6 11 851 0.620977 0.176304 0.763744 -0.967006 -0.153994 0.982827 -0.10167 0.0696638 -0.768553 -0.0544769 0.637463 0.245044
6 12 726 0.495252 0.173241 0.851301 -0.92659 -0.177989 0.979362 -0.0957548 0.0659675 -0.85032 -0.1041 0.515867 0.370243
6 13 673 0.13177 0.206355 0.969564 -0.763214 -0.181862 0.966524 -0.180991 0.133214 -0.974455 -0.152478 0.164887 0.632264
6 14 630 -0.133157 0.242368 0.961003 -0.67689 -0.212434 0.940122 -0.266537 0.217604 -0.96806 -0.239641 -0.0736963 0.703185
6 15 299 -0.525792 0.822326 0.217539 -0.262564 0.835098 0.450412 0.315817 0.0631201 0.161723 0.347721 -0.923545 0.962848
6 16 155 -0.906749 0.374377 -0.194033 -0.245312 -0.332108 -0.917595 -0.218458 0.115564 -0.25983 -0.133647 0.956361 -0.962532
6 17 185 0.913924 -0.375259 -0.154676 0.363821 0.38976 0.91774 0.0764245 0.131161 0.113273 -0.130133 0.985005 0.922188
6 18 257 0.647509 -0.569672 0.506168 -0.279178 0.658009 0.752989 0.00570989 0.154258 -0.384391 0.329366 0.862416 0.947768
6 19 154 0.996719 -0.0187124 -0.0787496 0.0580465 0.0154119 0.998986 -0.0423121 0.0539702 0.0794615 0.0409595 0.995996 -0.996854
6 20 246 0.973447 -0.137095 -0.183318 0.296772 -0.1251 -0.989265 0.0755264 -0.0704762 -0.191705 -0.0505879 -0.980148 0.952344
6 21 173 0.960586 0.154696 0.230963 -0.375672 -0.144509 0.987652 -0.0604965 0.0686362 -0.23747 0.0247358 0.97108 -0.924207
6 22 279 -0.76975 0.369828 -0.5203 0.300675 0.345747 0.926711 0.147193 0.0319781 0.536604 -0.06659 -0.841203 0.95319
6 23 209 -0.0702469 -0.901869 0.426259 -0.356563 -0.922494 -0.103863 -0.371776 -0.0136023 0.379566 -0.419338 -0.824673 0.934172
6 24 97 0.999298 -0.00869003 -0.0364486 0.401604 0.00178388 0.982666 -0.185378 0.179074 0.0374278 0.185183 0.981991 -0.898135
6 25 268 0.013328 -0.940213 -0.340327 -0.0708956 -0.993081 0.027268 -0.114224 0.070291 0.116675 0.339495 -0.933344 0.995004
6 26 480 -0.0652223 -0.200252 -0.977571 0.667455 0.298021 0.931037 -0.210603 0.135733 0.952329 -0.305073 -0.00104518 0.732175
6 27 570 -0.088317 -0.221912 -0.971059 0.598059 0.200302 0.950998 -0.235545 0.187027 0.975745 -0.215308 -0.0395398 0.779324
6 28 657 0.109869 -0.214686 -0.970484 0.641807 0.162843 0.967089 -0.1955 0.147439 0.980516 -0.136557 0.141213 0.75256
6 29 1273 0.870777 -0.101687 -0.481047 0.916366 0.0966388 0.994692 -0.0353315 0.0590341 0.482087 -0.015722 0.875982 0.395964
7 8 2825 0.99081 0.0262296 0.132695 -0.998326 -0.0246993 0.999608 -0.013166 -0.0253769 -0.132989 0.00976748 0.991069 -0.0519701
7 9 2309 0.974128 0.0458499 0.221299 -0.998986 -0.0400617 0.998729 -0.0305763 -0.00124815 -0.22242 0.0209196 0.974727 -0.0450098
7 10 1798 0.933305 0.0724037 0.351709 -0.995912 -0.0539396 0.996616 -0.0620301 0.0156844 -0.35501 0.0389219 0.934052 0.0889523
7 11 1365 0.858464 0.122694 0.497981 -0.967735 -0.104053 0.992436 -0.0651428 0.06526 -0.502207 0.00410626 0.864737 0.243374
7 12 1129 0.765975 0.134631 0.628616 -0.924701 -0.121161 0.990535 -0.0645074 0.0767839 -0.63135 -0.0267525 0.775036 0.37287
7 13 926 0.477034 0.192828 0.857471 -0.77719 -0.160852 0.978311 -0.130517 0.131517 -0.86404 -0.0756645 0.497704 0.615369
7 14 832 0.285693 0.192977 0.93869 -0.743827 -0.243669 0.961951 -0.123598 0.138066 -0.926825 -0.193418 0.321845 0.653956
7 15 474 -0.526924 -0.695467 0.488546 -0.262564 -0.849554 0.414303 -0.326512 0.0631201 0.0246718 -0.587094 -0.809143 0.962848
7 16 656 0.472394 0.681413 0.559034 -0.46325 0.848743 -0.180666 -0.496987 0.0267378 -0.237655 0.70925 -0.66369 0.885824
7 17 573 -0.373596 -0.527418 -0.763058 0.363821 -0.521854 0.799598 -0.297173 0.131161 0.766874 0.287182 -0.573961 0.922188
7 18 309 -0.76459 -0.0241177 -0.644065 0.138974 -0.137131 0.982506 0.126002 -0.0443525 0.629759 0.184661 -0.754522 0.989302
7 19 164 0.983504 -0.0203826 -0.179733 0.42871 0.0176984 0.999707 -0.0165258 0.217937 0.180018 0.0130722 0.983577 -0.876762
7 20 233 -0.966665 -0.0927192 0.238669 -0.432688 0.0913067 -0.995678 -0.0169923 -0.0120364 0.239213 0.00536617 0.970952 0.901464
7 21 185 0.993771 0.0177748 0.110012 0.214142 -0.0185394 0.999811 0.00593087 -0.0441762 -0.109885 -0.00793347 0.993913 -0.975803
7 22 310 -0.352099 0.848662 0.394714 -0.0584055 0.920998 0.389265 -0.015384 -0.10489 -0.166704 0.358114 -0.918675 0.992767
7 23 172 0.764008 0.460276 -0.452149 0.0852785 -0.554197 0.826995 -0.0945813 -0.152792 0.330391 0.32284 0.886914 0.984572
7 24 146 0.75139 -0.550548 -0.363744 0.186826 0.424907 0.825441 -0.371618 -0.14284 0.504843 0.124673 0.85416 0.971953
7 25 111 -0.857226 0.488475 -0.162958 -0.0141107 -0.501153 -0.864136 0.0459782 -0.0364821 -0.118359 0.121081 0.985561 0.999235
7 26 90 0.0232004 0.980054 -0.197374 0.26882 -0.927942 -0.0523526 -0.369031 -0.0785223 -0.372003 0.191713 0.908218 -0.959984
7 27 104 -0.204807 -0.949187 -0.238953 -0.148801 0.97713 -0.184005 -0.106581 0.078539 0.0571967 -0.255317 0.965164 0.985743
7 28 306 0.571962 -0.703217 0.42231 -0.221795 -0.697841 -0.687742 -0.200074 0.0281073 0.431136 -0.180271 -0.884095 0.974688
7 29 578 0.962579 -0.0588029 -0.264545 0.765135 0.0510066 0.99804 -0.0362504 -0.127074 0.266158 0.0214003 0.963692 -0.631206
8 9 3216 0.995297 0.0190369 0.0949844 -0.986593 -0.0181345 0.999782 -0.0103544 -0.0382132 -0.0951608 0.00858323 0.995425 -0.158661
8 10 2450 0.973677 0.0441042 0.223623 -0.999351 -0.0361263 0.998561 -0.0396439 -0.000696737 -0.22505 0.0305217 0.973869 0.0360239
8 11 1752 0.91917 0.0931206 0.382694 -0.975121 -0.0854187 0.995654 -0.0371096 0.0574921 -0.384487 0.00142076 0.923129 0.214088
8 12 1429 0.848193 0.102806 0.519615 -0.938202 -0.103724 0.994229 -0.0273945 0.0585381 -0.519432 -0.030661 0.853961 0.341101
8 13 1022 0.603194 0.170992 0.77905 -0.807404 -0.152526 0.983453 -0.0977604 0.132828 -0.782875 -0.0598565 0.619293 0.574853
8 14 410 0.890014 0.267593 0.369146 0.427526 -0.265889 0.962344 -0.0565414 0.151598 -0.370375 -0.047829 0.92765 0.891201
8 15 502 0.130345 -0.898396 0.419397 -0.262564 -0.947733 -0.237149 -0.213454 0.0631201 0.291226 -0.369654 -0.882351 0.962848
8 16 373 0.999332 -0.0276863 -0.0238583 -0.46325 0.0278751 0.999582 0.00761662 0.0267378 0.0236374 -0.00827658 0.999686 0.885824
8 17 351 0.98081 0.00861347 0.194774 -0.363821 -0.0383394 0.988038 0.149369 -0.131161 -0.191158 -0.153971 0.969408 -0.922188
8 18 116 -0.396136 -0.91127 0.112527 -0.11683 0.916996 -0.398891 -0.00215515 0.0411471 0.0468499 0.102333 0.993646 0.992299
8 19 322 -0.273039 -0.660451 0.699467 -0.242929 0.153101 -0.74766 -0.646192 0.109305 0.949742 -0.0693469 0.305256 0.963866
8 20 226 0.723052 0.485581 0.491331 -0.419203 0.428949 -0.87312 0.231654 -0.0105602 0.541478 0.0432586 -0.839601 0.907831
8 21 153 0.848385 0.506616 -0.153566 0.0674327 -0.515232 0.856823 -0.0197641 -0.0554333 0.121566 0.0958898 0.987941 0.996183
8 22 234 0.599475 0.712266 0.365111 -0.479152 -0.663443 0.697371 -0.271139 0.109997 -0.447741 -0.0796893 0.890605 -0.870813
8 23 97 0.361756 0.926758 0.101252 -0.0860463 -0.843492 0.371626 -0.387834 0.152745 -0.397056 0.0548966 0.916151 -0.984513
8 24 98 0.987113 0.109668 0.116539 0.186826 -0.107555 0.993902 -0.0242911 -0.14284 -0.118492 0.0114437 0.992889 0.971953
8 25 276 -0.978789 -0.0831334 -0.187245 -0.0141107 -0.111842 0.982585 0.148384 -0.0364821 0.171649 0.166178 -0.971041 0.999235
8 26 248 -0.909804 -0.216778 -0.353927 0.382012 -0.273219 0.954741 0.117566 -0.0936496 0.312423 0.203661 -0.927855 0.9194
8 27 253 -0.86824 0.0339001 0.494985 -0.16493 -0.0635165 0.981859 -0.178657 0.0784287 -0.492062 -0.186557 -0.850336 0.983182
8 28 234 0.9603 0.27349 0.0550229 -0.221795 -0.255549 0.941503 -0.219696 0.0281073 -0.111889 0.196913 0.974015 0.974688
8 29 759 0.508033 -0.210627 -0.835188 0.799867 0.16696 0.975331 -0.14441 0.160544 0.845001 -0.066078 0.530666 0.578306
9 10 2838 0.991122 0.0236881 0.130829 -0.995803 -0.0202747 0.99942 -0.0273617 0.0067432 -0.131402 0.0244662 0.991027 0.0912745
9 11 2070 0.953131 0.0714275 0.294006 -0.970472 -0.0699425 0.997429 -0.0155763 0.051619 -0.294363 -0.00571729 0.955677 0.235626
9 12 1532 0.89419 0.0814374 0.440218 -0.932895 -0.0871845 0.996166 -0.00719097 0.0569241 -0.439116 -0.0319501 0.897862 0.355622
9 13 1125 0.675474 0.151658 0.72162 -0.809915 -0.142492 0.987022 -0.0740555 0.13506 -0.723485 -0.0528028 0.688317 0.570786
9 14 748 -0.427571 -0.736084 -0.524751 0.479863 -0.635948 0.65748 -0.404091 0.139616 0.642458 0.160937 -0.749231 0.866163
9 15 473 0.892822 -0.174859 0.415083 -0.262564 -0.1147 -0.979451 -0.165892 0.0631201 0.435561 0.100502 -0.894531 0.962848
9 16 392 0.936266 -0.349295 -0.0374005 -0.46325 0.351195 0.933186 0.0763251 0.0267378 0.00824171 -0.0845955 0.996381 0.885824
9 17 328 0.946089 -0.323125 -0.0224854 -0.397918 0.321044 0.926257 0.197429 -0.183627 -0.042967 -0.194004 0.980059 -0.898856
9 18 298 0.830413 -0.148978 0.536861 -0.265361 0.084592 0.98613 0.142803 -0.0753227 -0.550689 -0.073171 0.831497 0.961202
9 19 293 -0.440476 -0.885694 -0.146721 -0.242929 -0.74366 0.451517 -0.493054 0.109305 0.502942 -0.108067 -0.857538 0.963866
9 20 176 0.951818 0.168278 0.256367 -0.317376 -0.224832 0.951453 0.21021 0.00178304 -0.208548 -0.257721 0.943445 0.948298
9 21 259 0.997855 0.0651886 -0.00597903 -0.107664 0.064656 -0.995737 -0.0657837 0.0638273 -0.0102419 0.065256 -0.997816 0.992136
9 22 404 0.369482 0.878544 0.302728 -0.141222 0.789968 -0.46852 0.395525 -0.130218 0.48932 0.0930061 -0.867131 0.981377
9 23 200 0.999319 0.00292307 -0.0367841 0.0860463 -0.00275372 0.999985 0.00465374 -0.152745 0.0367972 -0.00454928 0.999312 0.984513
9 24 292 -0.434964 -0.587762 -0.68216 0.186826 -0.802046 0.597254 -0.00319917 -0.14284 0.409303 0.545732 -0.731196 0.971953
9 25 93 -0.963704 0.266334 -0.0184847 0.0141107 -0.261123 -0.954735 -0.142462 0.0364821 -0.0555904 -0.132464 0.989628 -0.999235
9 26 282 0.814824 0.171892 -0.553638 0.382012 -0.13585 0.985053 0.105899 -0.0936496 0.563566 -0.011077 0.825997 0.9194
9 27 310 -0.332983 0.169194 -0.927629 0.404314 -0.448498 -0.893782 -0.00202679 0.0121359 -0.829441 0.415365 0.373497 0.91454
9 28 168 0.98305 -0.180176 -0.033902 -0.22188 0.183101 0.974236 0.131674 0.027833 0.00930397 -0.13565 0.990713 0.974677
9 29 730 0.424198 -0.181591 -0.887176 0.758462 0.16913 0.978337 -0.119382 0.130672 0.889635 -0.0994068 0.445721 0.638483
10 11 2530 0.984526 0.0448347 0.169406 -0.971195 -0.0479186 0.998751 0.014158 0.0663308 -0.168559 -0.0220566 0.985445 0.228867
10 12 1847 0.945658 0.0537152 0.320695 -0.937712 -0.0634232 0.997788 0.0198951 0.0752174 -0.318917 -0.0391534 0.946974 0.339174
10 13 1196 0.767958 0.108586 0.631229 -0.850708 -0.125502 0.991931 -0.0179482 0.105624 -0.628084 -0.0654368 0.775389 0.514917
10 14 1094 0.597026 0.158475 0.786413 -0.86397 -0.205736 0.977755 -0.0408434 0.159656 -0.775392 -0.137409 0.616349 0.477562
10 15 519 -0.905972 0.00787087 0.423264 -0.262564 -0.0188837 0.998081 -0.0589795 0.0631201 -0.422915 -0.0614266 -0.904085 0.962848
10 16 287 0.91953 -0.340928 -0.195531 -0.20597 0.375267 0.909459 0.179051 -0.147231 0.116784 -0.23802 0.964214 -0.967419
10 17 380 0.993281 -0.0431365 0.107389 -0.137723 -0.0246349 -0.98548 -0.167994 0.00545431 0.113076 0.16422 -0.979921 0.990456
10 18 167 -0.703226 -0.664433 -0.252986 -0.11715 0.705632 -0.608757 -0.362627 0.0416219 0.0869346 -0.433524 0.896939 0.992242
10 19 420 -0.193275 -0.228021 -0.954281 0.382249 -0.852537 0.520429 0.0483144 0.0249812 0.485618 0.822898 -0.294982 0.923721
10 20 180 -0.998168 0.00706756 0.0600854 -0.419203 -0.00452535 -0.999093 0.0423413 -0.0105602 0.0603302 0.0419918 0.997295 0.907831
10 21 107 0.0623568 0.903421 -0.424195 -0.280271 -0.9673 0.159401 0.197288 0.0138065 0.245851 0.398021 0.883819 0.959822
10 22 304 0.807931 -0.52199 0.273446 -0.385719 0.453573 0.847104 0.276924 -0.152703 -0.376189 -0.0997079 0.921162 0.909891
10 23 169 0.997826 -0.052382 -0.0399962 0.0781901 0.0518802 0.998562 -0.0134834 0.155964 0.040645 0.0113791 0.999109 -0.984663
10 24 135 0.689458 -0.646954 0.325728 -0.186826 0.622961 0.759067 0.189042 0.14284 -0.369551 0.072579 0.926372 -0.971953
10 25 335 -0.310621 0.177637 -0.933788 0.388812 -0.36688 -0.928663 -0.0546209 -0.118194 -0.876877 0.325622 0.353634 0.913704
10 26 262 0.769534 -0.341411 -0.53968 0.382083 -0.329515 -0.936184 0.122389 -0.0937241 -0.547025 0.0836501 -0.832926 0.919363
10 27 164 0.966679 -0.127281 0.222107 -0.330276 0.0775475 0.972465 0.21977 0.055455 -0.243964 -0.195223 0.949931 0.942254
10 28 113 0.744018 0.66719 -0.0359782 -0.221759 -0.661923 0.743344 0.0964211 0.0280929 0.0910754 -0.0479243 0.99469 0.974697
10 29 760 0.346979 -0.217801 -0.912232 0.721174 0.18019 0.970022 -0.163061 0.196237 0.9204 -0.107797 0.375823 0.664378
11 12 2611 0.988339 0.0135012 0.151667 -0.955764 -0.0148122 0.999862 0.00751708 0.0705265 -0.151545 -0.00967595 0.988403 0.285554
11 13 1469 0.863257 0.0837926 0.497761 -0.933382 -0.0831457 0.99626 -0.0235115 0.0838521 -0.497869 -0.0210903 0.866996 0.348951
11 14 1218 0.74294 0.154628 0.651253 -0.96769 -0.168511 0.984822 -0.0415935 0.158447 -0.6478 -0.0788416 0.75772 0.196138
11 15 670 0.730363 0.173552 0.660644 -0.885825 -0.169286 0.983 -0.071084 0.0227938 -0.66175 -0.0599208 0.747327 -0.463459
11 16 432 0.43893 0.639024 -0.631655 0.20597 0.88079 -0.444975 0.161885 0.147231 -0.177622 -0.627411 -0.758159 0.967419
11 17 441 0.665138 0.593767 -0.452804 0.397918 0.544922 -0.800559 -0.249328 0.183627 -0.510539 -0.0809059 -0.85604 0.898856
11 18 161 0.98264 -0.123959 -0.138034 -0.115385 0.137037 0.986502 0.0896354 -0.0537254 0.12506 -0.106995 0.986363 0.991867
11 19 249 -0.687012 0.722101 0.0811502 -0.242929 0.711672 0.6912 -0.125561 0.109305 -0.146758 -0.0285093 -0.988761 0.963866
11 20 295 -0.744234 0.10034 -0.660339 0.290556 0.0898192 0.994706 0.049917 -0.0500664 0.661852 -0.0221611 -0.749307 0.955547
11 21 305 -0.819634 0.00788219 0.572833 -0.210808 0.174967 0.955574 0.237202 -0.0880176 -0.545515 0.294646 -0.7846 0.973557
11 22 221 0.331796 -0.932096 0.145291 -0.384574 0.875177 0.361631 0.321386 -0.150533 -0.352104 0.0205204 0.935736 0.910737
11 23 165 0.859373 -0.444351 0.253042 -0.477185 0.462142 0.886719 -0.0124 0.16606 -0.218867 0.127597 0.967376 -0.862971
11 24 326 -0.485438 0.0722958 0.871277 -0.38368 0.253251 -0.94222 0.219283 -0.0942602 0.836788 0.3271 0.439081 0.918643
11 25 218 0.737472 -0.394225 0.548382 -0.0130752 -0.338365 -0.918376 -0.20517 -0.0372302 0.584504 -0.0342463 -0.810668 0.999221
11 26 329 -0.359048 0.661417 -0.658492 0.382012 0.735749 0.634683 0.236329 -0.0936496 0.574246 -0.399631 -0.714519 0.9194
11 27 265 0.808655 -0.132283 0.573218 -0.344747 0.217265 0.972659 -0.0820389 0.0551036 -0.546693 0.190881 0.815286 0.937077
11 28 292 0.407059 -0.141068 0.902443 -0.219444 -0.11638 -0.987959 -0.101941 0.0282182 0.905957 -0.0635301 -0.418575 0.975217
11 29 710 0.136182 -0.2081 -0.968581 0.657908 0.192751 0.964571 -0.180138 0.158991 0.971752 -0.162163 0.171469 0.736124
12 13 1890 0.933457 0.071715 0.351446 -0.995819 -0.0702493 0.997386 -0.0169379 -0.0264688 -0.351742 -0.00887808 0.936055 -0.087432
12 14 1396 0.833256 0.118077 0.540132 -0.978762 -0.144983 0.989407 0.00737217 -0.0743402 -0.53354 -0.0844529 0.841548 -0.191047
12 15 871 0.696735 0.154974 0.700388 -0.968653 -0.163725 0.984968 -0.0550722 -0.0605645 -0.698394 -0.0763002 0.711634 -0.240921
12 16 420 0.735849 0.167786 0.656029 -0.754156 -0.154563 0.984858 -0.0785183 -0.0385358 -0.65927 -0.0436204 0.75064 -0.655564
12 17 528 -0.31887 -0.185944 -0.92938 0.397918 0.484458 0.810819 -0.328441 0.183627 0.81463 -0.554975 -0.168464 0.898856
12 18 273 0.51795 0.822863 0.233717 -0.128546 0.83633 -0.429742 -0.340403 0.0513449 -0.179667 0.371776 -0.91077 0.990374
12 19 317 0.322114 -0.854813 0.406863 -0.242701 -0.814744 -0.469172 -0.34069 0.108775 0.482115 -0.221748 -0.847581 0.963983
12 20 119 0.843616 0.112618 0.525005 0.289556 -0.111229 0.993202 -0.0343201 -0.102172 -0.525301 -0.0294427 0.850407 0.951692
12 21 138 -0.927566 -0.135856 -0.348086 0.177712 0.0746443 -0.980155 0.183641 0.0785453 -0.366127 0.144357 0.9193 0.980943
12 22 118 -0.997516 -0.052433 0.0470331 -0.394348 0.0596143 -0.98411 0.167252 -0.0605601 0.0375162 0.16964 0.984792 -0.916963
12 23 143 0.387047 -0.89142 0.235722 -0.429406 0.916817 0.399282 0.00456707 -0.146463 -0.0981907 0.214346 0.97181 0.891156
12 24 275 -0.0151861 -0.159336 0.987108 -0.380678 -0.36135 0.921374 0.143166 -0.0933389 -0.932307 -0.354517 -0.0715679 0.919985
12 25 299 0.979603 0.200908 -0.00368968 -0.121719 0.19427 -0.951609 -0.238116 0.0757955 -0.0513505 0.232542 -0.97123 0.989666
12 26 163 -0.98829 0.145141 0.0470877 -0.270806 -0.139924 -0.985125 0.0997461 0.0790626 0.0608645 0.0919893 0.993898 0.959382
12 27 315 -0.770724 -0.125489 0.62469 -0.329672 -0.278064 0.948371 -0.152557 0.0558538 -0.573294 -0.291283 -0.765825 0.942442
12 28 205 0.334456 0.35836 0.871618 -0.105362 0.827995 0.329958 -0.453378 0.0286965 -0.45007 0.87333 -0.186364 0.99402
12 29 665 -0.0802666 -0.199093 -0.976688 0.594291 0.177813 0.961273 -0.210564 0.150286 0.980785 -0.190569 -0.0417569 0.790084
13 14 1760 0.976867 0.0542066 0.206864 -0.898042 -0.0649575 0.996849 0.0455325 -0.112542 -0.203744 -0.0579166 0.97731 -0.425271
13 15 955 0.909062 0.0978598 0.405007 -0.898106 -0.104093 0.994545 -0.00666335 -0.0857997 -0.40345 -0.0361011 0.914289 -0.431328
13 16 711 0.871497 0.111487 0.477561 -0.874628 -0.115041 0.993119 -0.0219083 -0.0748432 -0.476717 -0.0358459 0.878326 -0.478983
13 17 500 0.865783 0.0935471 0.491598 -0.90969 -0.114311 0.993369 0.01229 -0.121753 -0.487189 -0.0668356 0.870735 -0.39704
13 18 210 0.726191 -0.568043 -0.387264 0.162217 0.568219 0.813015 -0.127024 0.183963 0.387006 -0.127807 0.913177 0.969455
13 19 321 -0.644562 0.101495 -0.757786 0.382249 0.124944 0.991808 0.0265632 0.0249812 0.754274 -0.0775591 -0.651963 0.923721
13 20 281 -0.986361 -0.164489 0.00592109 0.0979126 -0.156941 0.92904 -0.335045 0.162042 0.0496103 -0.331404 -0.942184 0.981914
13 21 216 0.861204 0.0973791 -0.498843 0.375672 0.333272 -0.849217 0.409586 -0.0686362 -0.383741 -0.518988 -0.763803 0.924207
13 22 87 0.451944 0.821218 0.348351 0.300675 -0.884727 0.462568 0.0573484 0.0319781 -0.114041 -0.334114 0.935608 0.95319
13 23 133 0.0664147 0.0150937 0.997678 -0.356563 0.813966 0.577495 -0.062922 -0.0136023 -0.577104 0.816255 0.0260685 0.934172
13 24 69 -0.949618 -0.0966119 0.298146 -0.340444 0.169228 -0.958765 0.228325 -0.145423 0.263793 0.267276 0.92681 -0.928951
13 25 98 -0.967585 0.0315331 -0.250569 -0.0708956 -0.067205 -0.988549 0.135111 0.070291 -0.243439 0.147571 0.958624 0.995004
13 26 111 -0.226958 -0.950447 0.212465 -0.252377 0.973804 -0.224603 0.0354821 0.0663295 0.0139965 0.214952 0.976524 -0.965353
13 27 285 -0.612675 0.457723 -0.644297 0.266351 0.38908 0.884273 0.258222 -0.105603 0.687929 -0.0924767 -0.719863 0.958074
13 28 98 0.990245 0.015011 0.138528 -0.0199575 -0.0142284 0.999877 -0.0066377 0.00654767 -0.138611 0.00460191 0.990336 0.999779
13 29 198 0.875057 -0.0881638 -0.475923 0.466468 0.0852797 0.995972 -0.0277021 -0.157284 0.476448 -0.0163456 0.879051 -0.870442
14 15 1317 0.972608 0.0558831 0.225634 -0.860657 -0.0481503 0.998053 -0.0396347 -0.129615 -0.227409 0.0276847 0.973406 -0.492412
14 16 826 0.941083 0.0767199 0.329357 -0.874776 -0.0637482 0.996712 -0.0500224 -0.112531 -0.332112 0.0260793 0.942879 -0.471279
14 17 548 0.877145 0.113108 0.466715 -0.998117 -0.107928 0.993435 -0.0379179 -0.0234789 -0.46794 -0.0171122 0.883595 -0.0566691
14 18 314 0.661327 0.193498 0.72471 -0.960548 -0.146459 0.980869 -0.128244 0.0551426 -0.73566 -0.0213292 0.677015 0.272594
14 19 235 0.779193 0.251308 0.574198 -0.934205 -0.20199 0.967907 -0.149519 0.102777 -0.593346 0.00052168 0.804948 0.341611
14 20 164 0.819699 -0.443755 -0.36218 0.282445 -0.374731 -0.893668 0.246848 0.0146747 -0.433208 -0.0666207 -0.898828 0.959171
14 21 149 0.846406 0.0970756 -0.523616 0.36376 0.242724 -0.945499 0.217064 0.0340621 -0.474006 -0.310819 -0.823838 0.93087
