0 1 400 0.465417 -0.094589 -0.880023 0.488914 0.145747 0.988891 -0.0292097 0.0899094 0.873009 -0.114666 0.474033 0.867686
0 2 443 0.867614 -0.0972232 -0.487641 0.503299 0.105496 0.994364 -0.0105525 0.191122 0.485919 -0.0422886 0.87298 0.842711
0 3 904 0.940994 -0.062597 -0.332584 0.724978 0.0670421 0.997748 0.00189467 0.130723 0.331717 -0.02408 0.943072 0.676253
0 4 1299 0.983086 -0.0601099 -0.172997 0.674456 0.0605505 0.998161 -0.00273414 0.0719036 0.172843 -0.00778713 0.984919 0.734806
0 5 828 0.999326 0.000890165 -0.0367048 0.495716 -0.00144991 0.999883 -0.0152261 0.146898 0.036687 0.0152691 0.99921 0.855971
0 6 994 0.998714 0.00859673 0.0499634 0.413455 -0.00974732 0.999692 0.0228307 0.201532 -0.0497517 -0.0232884 0.99849 0.887941
0 7 311 0.917998 0.0804464 0.388339 -0.56476 -0.0941696 0.995421 0.0164021 -0.201592 -0.385242 -0.0516269 0.92137 -0.800254
0 8 435 0.850407 0.0978985 0.516937 0.11255 -0.10804 0.994091 -0.0105279 0.246186 -0.514913 -0.0468967 0.855959 0.962666
0 9 577 0.798746 0.110981 0.591344 -0.372101 -0.121256 0.992367 -0.0224597 0.194209 -0.589323 -0.0537641 0.806106 0.907647
0 10 582 0.716259 0.12647 0.686278 -0.726605 -0.122391 0.990963 -0.0548809 0.116262 -0.687018 -0.0446851 0.725265 0.677147
0 11 562 0.586182 0.161697 0.79388 -0.811912 -0.167343 0.982916 -0.0766374 0.125538 -0.792709 -0.0879265 0.603226 0.570122
0 12 571 0.452166 0.161976 0.877103 -0.779599 -0.181769 0.979469 -0.0871744 0.132926 -0.873216 -0.120013 0.472325 0.61201
0 13 472 0.150425 0.177434 0.972568 -0.632614 -0.211012 0.966855 -0.143755 0.147209 -0.96584 -0.183599 0.18288 0.760348
0 14 271 -0.85053 0.523758 -0.0477069 0.22751 0.51481 0.810571 -0.279187 0.079325 -0.107556 -0.262017 -0.959051 0.970539
0 15 336 -0.283816 -0.864807 0.414196 -0.47778 0.772071 -0.462267 -0.436137 0.0339668 0.568643 0.196006 0.798891 0.877823
0 16 176 0.996769 -0.0802589 -0.00326402 0.449744 0.0793107 0.989804 -0.11831 0.0805597 0.0127262 0.117669 0.992971 -0.889517
0 17 108 -0.0694746 -0.937358 -0.341371 0.393908 0.97369 0.010729 -0.227622 -0.0407647 0.217026 -0.348203 0.911951 -0.918245
0 18 183 0.988725 0.0881858 -0.121022 -0.466765 -0.0652969 0.981216 0.181525 -0.0100975 0.134757 -0.171576 0.975911 0.884324
0 19 211 -0.00301609 -0.871254 -0.490823 0.314226 -0.855092 0.256725 -0.450456 0.134292 0.518468 0.41834 -0.745777 0.939802
0 20 215 -0.55881 -0.459419 0.69041 -0.537278 -0.393752 0.879686 0.26667 -0.157567 -0.729857 -0.122832 -0.672473 0.828556
0 21 207 0.936662 0.108343 0.333056 -0.953844 -0.128532 0.990933 0.0391238 -0.0456912 -0.325798 -0.0794543 0.942095 -0.296806
0 22 183 -0.441995 -0.223812 0.868647 -0.228609 0.127357 0.942906 0.307748 -0.118934 -0.88793 0.246651 -0.388256 0.966226
0 23 153 -0.74628 -0.27894 -0.604366 0.04918 -0.170095 0.95773 -0.231995 0.156582 0.643532 -0.0703331 -0.762181 0.98644
0 24 223 0.916025 -0.222905 0.333483 -0.46741 -0.388202 -0.701942 0.597141 -0.225042 0.10098 -0.676455 -0.729528 0.854918
0 25 73 0.964318 -0.154823 -0.214757 0.0856485 0.2286 0.896098 0.380461 -0.251998 0.133539 -0.415979 0.899516 -0.96393
0 26 218 -0.999393 -0.0172564 0.0302503 0.0617846 -0.0129404 0.990421 0.137472 -0.0235306 -0.0323328 0.136997 -0.990044 0.997812
0 27 317 -0.49837 0.822297 -0.27469 0.143894 0.69695 0.568444 0.437186 -0.0747659 0.515643 0.0264356 -0.856396 0.986765
0 28 251 0.427066 -0.168595 -0.888364 0.0982172 0.265892 0.962442 -0.0548304 0.0593579 0.864243 -0.212793 0.455855 0.993393
0 29 545 0.734123 -0.120324 -0.668271 0.721454 0.113738 0.99206 -0.0536772 0.150983 0.669423 -0.0366022 0.741979 0.675802
1 2 1579 0.966783 0.0231325 0.254552 -0.983967 -0.0321012 0.999 0.0311355 -0.0444984 -0.253577 -0.0382726 0.966558 -0.172709
1 3 1427 0.868881 0.063683 0.490908 -0.969642 -0.0727257 0.997352 -0.000660687 -0.0473638 -0.48965 -0.0351276 0.871211 -0.239898
1 4 1121 0.790661 0.0808084 0.606897 -0.999527 -0.0702431 0.996679 -0.0411956 -0.00291194 -0.608211 -0.0100586 0.793712 -0.0306013
1 5 1124 0.722571 0.108106 0.682791 -0.965299 -0.101796 0.993569 -0.0495843 0.0446086 -0.68376 -0.0336769 0.728929 0.257308
1 6 958 0.64524 0.109659 0.756069 -0.982315 -0.132544 0.990705 -0.0305755 0.0363452 -0.752395 -0.0804837 0.653777 0.183674
1 7 91 0.561145 0.546402 0.62174 0.403899 -0.503792 0.821453 -0.267223 0.0382965 -0.656742 -0.163276 0.736228 0.914002
1 8 130 -0.89575 0.341976 -0.284049 0.282834 -0.309064 -0.938319 -0.15504 0.243426 -0.319549 -0.0510881 0.946192 -0.927765
1 9 175 -0.980369 -0.0477966 0.191289 -0.293221 -0.115423 0.925685 -0.360256 0.154984 -0.159854 -0.375263 -0.91303 0.943399
1 10 101 0.645503 -0.763311 -0.0261036 0.444607 0.754462 0.631958 0.177246 0.283418 -0.118797 -0.134107 0.98382 -0.849705
1 11 224 0.760181 -0.417188 0.498075 -0.458855 0.451134 0.890606 0.0574345 -0.190797 -0.46755 0.181038 0.86523 0.867784
1 12 195 -0.598181 0.744487 0.296512 -0.414318 0.777348 0.449174 0.440423 -0.0702705 0.194704 0.493946 -0.847413 0.907415
1 13 245 0.939461 0.304681 -0.15679 -0.128181 0.341678 -0.867515 0.361488 -0.184527 -0.0258792 -0.393175 -0.919099 0.974433
1 14 217 0.968594 0.0556493 0.242339 -0.474106 -0.0713347 0.995855 0.0564323 -0.131677 -0.238194 -0.0719472 0.968549 0.870566
1 15 116 -0.98386 -0.176506 -0.0294304 -0.331097 0.175588 -0.983965 0.0313288 0.0940751 -0.0344882 0.0256555 0.999076 0.938895
1 16 404 0.910516 0.372542 0.17937 -0.167399 -0.277035 0.227629 0.933508 -0.773844 0.306942 -0.899665 0.310466 0.610854
1 17 131 0.90117 -0.432037 0.0351708 -0.0489841 0.416682 0.88578 0.204374 -0.0584703 -0.119451 -0.169521 0.978261 0.997087
1 18 147 0.871402 0.341314 0.35237 0.1287 -0.311062 0.939855 -0.141116 0.194128 -0.379341 0.0133601 0.92516 -0.972497
1 19 267 0.507309 -0.0455497 -0.86056 0.714037 0.436719 0.874463 0.211165 -0.0755968 0.742909 -0.482949 0.463515 0.696014
1 20 128 -0.403079 -0.903664 0.144632 -0.111192 -0.91075 0.411599 0.0334838 -0.180105 -0.0897886 -0.118227 -0.988919 0.977343
1 21 135 -0.927871 -0.251322 0.275486 -0.0125689 -0.310118 0.930317 -0.195799 0.259818 -0.20708 -0.267109 -0.941154 0.965576
1 22 187 0.596673 -0.531767 -0.601003 0.30448 -0.739017 -0.656027 -0.153241 0.0707362 -0.312786 0.535587 -0.784418 0.949889
1 23 152 0.983028 -0.0988185 0.154568 -0.920854 0.114735 0.988582 -0.0976773 0.103292 -0.143151 0.113754 0.983142 -0.375976
1 24 161 0.978491 0.10338 -0.178515 0.979156 -0.113329 0.992472 -0.046437 -0.0488533 0.17237 0.0656692 0.982841 -0.197149
1 25 223 0.0330915 -0.62109 -0.78304 -0.0856485 -0.818808 0.432415 -0.377585 0.251998 0.573113 0.653655 -0.494244 0.96393
1 26 350 0.626979 -0.155451 -0.763369 0.955636 0.219544 0.975431 -0.0183168 0.0744854 0.747461 -0.156108 0.645703 0.284977
1 27 420 0.739086 -0.13979 -0.658946 0.978041 0.17825 0.983946 -0.00880813 0.0407974 0.649599 -0.110947 0.752139 0.204381
1 28 756 0.840612 -0.118638 -0.528486 0.999873 0.125741 0.991805 -0.0226418 -0.000577532 0.526841 -0.0474196 0.84864 -0.0159005
1 29 1469 0.948548 0.0352033 0.314671 -0.926335 -0.0413797 0.999059 0.0129674 0.0748805 -0.313918 -0.0253212 0.949112 0.369184
2 3 1844 0.967585 0.0502404 0.247496 -0.797771 -0.0477919 0.998731 -0.015895 -0.148048 -0.247981 0.00355143 0.968758 -0.584502
2 4 1279 0.924866 0.0744844 0.372928 -0.98174 -0.0569926 0.996704 -0.0577279 -0.0281575 -0.375999 0.0321364 0.926063 -0.188134
2 5 1189 0.86621 0.107588 0.487961 -0.967136 -0.0881584 0.994131 -0.0626959 0.0488808 -0.491842 0.01129 0.870611 0.249516
2 6 1099 0.825116 0.111753 0.5538 -0.993794 -0.112775 0.993093 -0.0323744 0.0236999 -0.553593 -0.0357422 0.83202 0.10868
2 7 419 0.571913 0.166034 0.803336 -0.945548 -0.162776 0.982799 -0.0872412 0.101469 -0.804002 -0.0808694 0.589102 0.309263
2 8 326 0.469717 0.182303 0.863789 -0.943617 -0.193689 0.975888 -0.100636 0.0575333 -0.861307 -0.120036 0.493701 0.326001
2 9 273 0.351294 0.185124 0.917781 -0.931564 -0.183294 0.974887 -0.126485 0.0647668 -0.918148 -0.12379 0.376404 0.357761
2 10 198 0.0887414 0.215848 0.972386 -0.817305 0.141761 0.963563 -0.226827 0.219373 -0.985915 0.157975 0.0549092 0.532812
2 11 267 0.606332 -0.455515 0.651819 -0.34753 0.168599 0.874683 0.454428 -0.202486 -0.777134 -0.165638 0.607147 0.915545
2 12 199 0.475671 0.789569 0.387708 -0.271224 0.736799 -0.598409 0.314698 -0.177712 0.480483 0.13597 -0.8664 0.945968
2 13 137 0.758839 0.5077 0.407926 -0.0850944 0.41015 -0.859074 0.306217 -0.0893251 0.505905 -0.065058 -0.860132 0.992361
2 14 300 -0.642311 0.152916 0.751035 -0.468641 -0.0666529 0.965038 -0.253493 0.182915 -0.76354 -0.21288 -0.609662 0.864244
2 15 149 0.969137 0.218643 0.113883 0.331814 -0.208066 0.97321 -0.0978294 -0.0774733 -0.132222 0.0711149 0.988666 -0.940158
2 16 265 0.480418 0.168677 0.860666 -0.975118 -0.152173 0.982479 -0.107608 0.0905964 -0.863737 -0.0792728 0.497669 0.20233
2 17 199 0.302642 0.953098 -0.00352085 0.102576 0.897442 -0.283721 0.337787 -0.172919 0.320946 -0.105388 -0.941216 0.97958
2 18 263 -0.832451 -0.0297812 -0.553298 0.170006 -0.155417 0.97102 0.181564 -0.124839 0.531856 0.237135 -0.812955 0.977504
2 19 164 -0.361009 -0.890302 -0.277553 0.349806 -0.852052 0.435868 -0.289873 0.239901 0.379051 0.131843 -0.915935 0.905584
2 20 156 0.8584 -0.294659 -0.419911 0.820292 0.264593 0.955603 -0.12967 0.0966511 0.439476 0.000203334 0.898254 0.56372
2 21 154 -0.425501 0.773564 -0.469625 0.280205 0.67575 0.616769 0.403681 -0.145172 0.601923 -0.145582 -0.785172 0.9489
2 22 49 0.911424 -0.00688241 0.41141 -0.30448 -0.0528328 0.989626 0.133599 -0.0707362 -0.408062 -0.143502 0.901606 -0.949889
2 23 71 0.951521 -0.270589 -0.146252 0.479339 0.274048 0.961709 0.00365498 -0.0173495 0.139663 -0.043558 0.989241 -0.877458
2 24 236 0.580218 0.170168 -0.796486 0.955756 -0.167083 0.982 0.0880877 -0.173741 0.797139 0.0819692 0.598207 0.237371
2 25 206 0.561241 -0.823593 0.0818704 -0.0856485 -0.704762 -0.527429 -0.474478 0.251998 0.433958 0.208597 -0.876452 0.96393
2 26 270 0.536176 -0.188544 -0.822779 0.963773 0.238193 0.968917 -0.0668109 0.0273767 0.809802 -0.160158 0.56442 0.265315
2 27 360 0.540833 -0.181848 -0.821238 0.923971 0.189569 0.977583 -0.0916259 0.0835816 0.81949 -0.106127 0.563182 0.373218
2 28 472 0.633369 -0.167495 -0.755505 0.938883 0.140811 0.984941 -0.100314 0.0711165 0.760931 -0.042848 0.647417 0.33681
2 29 1717 0.998617 0.0138676 0.0507083 0.97169 -0.0131542 0.99981 -0.0143762 0.0406166 -0.050898 0.0136892 0.99861 0.23274
3 4 3051 0.990617 0.0236116 0.134613 -0.994151 -0.0185745 0.999084 -0.0385533 0.0506091 -0.1354 0.0356912 0.990148 0.0954114
3 5 2501 0.963807 0.0577621 0.260269 -0.875156 -0.0507222 0.998144 -0.0336903 0.0921162 -0.261732 0.0192695 0.964948 0.474991
3 6 2163 0.940723 0.0641854 0.333048 -0.972061 -0.0695172 0.997572 0.00410377 0.0486247 -0.331976 -0.0270131 0.942901 0.229636
3 7 795 0.759703 0.127847 0.637578 -0.922101 -0.144451 0.989164 -0.0262278 0.0924819 -0.634023 -0.0721733 0.769939 0.375736
3 8 711 0.655999 0.145096 0.740683 -0.925918 -0.156036 0.986219 -0.0549988 0.081456 -0.738456 -0.0794942 0.669599 0.368838
3 9 616 0.585216 0.155806 0.795768 -0.931201 -0.16892 0.983261 -0.0682905 0.0619038 -0.793088 -0.0944567 0.601739 0.359211
3 10 516 0.471426 0.166919 0.865965 -0.909357 -0.153713 0.982447 -0.105691 0.0665745 -0.868406 -0.0832849 0.488809 0.410656
3 11 413 0.31577 0.197134 0.928131 -0.861903 -0.174272 0.973588 -0.147498 0.117168 -0.932694 -0.115172 0.341784 0.493351
3 12 452 0.214363 0.189733 0.958149 -0.814692 -0.23262 0.962644 -0.13858 0.103976 -0.94865 -0.193178 0.250491 0.570497
3 13 301 0.985126 0.0940461 -0.143812 0.952421 -0.0931792 0.995568 0.0127666 9.47294e-05 0.144375 0.000823486 0.989523 0.304784
3 14 340 -0.979992 -0.194292 0.0432071 0.0028865 -0.188059 0.832753 -0.520727 0.25862 0.0651922 -0.518434 -0.852629 0.965975
3 15 167 -0.287808 0.166224 -0.943152 0.115706 -0.115316 -0.983672 -0.138176 0.161391 -0.95072 0.0689922 0.302277 0.980084
3 16 135 0.813577 -0.096203 0.573443 -0.0151881 0.1308 0.991221 -0.0192827 -0.152417 -0.566554 0.0906944 0.819018 0.9882
3 17 94 0.909745 0.280295 0.306267 -0.0560807 -0.203982 0.944286 -0.258295 -0.0109832 -0.361603 0.17251 0.916234 0.998366
3 18 437 0.999336 -0.0292582 0.0217127 -0.0275854 0.0149707 -0.213564 -0.976814 0.575498 0.0332169 0.976491 -0.212984 0.817338
3 19 161 0.973027 0.217897 0.0757615 0.202463 -0.221386 0.97432 0.041097 -0.194179 -0.064861 -0.0567611 0.996279 -0.959846
3 20 64 0.432394 -0.899205 -0.0668269 -0.206776 0.900411 0.426658 0.0849934 -0.0676168 -0.0479143 -0.0969223 0.994138 -0.976049
3 21 174 0.485701 -0.722757 -0.491647 0.280205 -0.769441 -0.620395 0.151892 -0.145172 -0.414796 0.304519 -0.857445 0.9489
3 22 179 -0.241141 -0.847987 -0.471984 0.325311 -0.951713 0.30183 -0.0560419 0.0656017 0.189982 0.43568 -0.879824 0.943329
3 23 107 0.889564 -0.436825 -0.133642 -0.16979 -0.384388 -0.873856 0.297694 -0.146365 -0.246824 -0.213448 -0.945261 0.97455
3 24 86 -0.994868 0.0436512 0.0912829 -0.357598 -0.0314846 -0.99092 0.130713 0.0569629 0.0961599 0.127168 0.987209 0.932137
3 25 238 0.47475 -0.873678 0.106296 -0.0856485 -0.775013 -0.472228 -0.419947 0.251998 0.417095 0.116989 -0.901302 0.96393
3 26 344 0.12244 -0.210054 -0.969993 0.789966 0.238031 0.955036 -0.176769 0.171054 0.963509 -0.209245 0.166934 0.588807
3 27 529 0.33132 -0.196217 -0.92289 0.829785 0.206967 0.969428 -0.13181 0.138018 0.920539 -0.147337 0.361802 0.540747
3 28 717 0.458651 -0.180809 -0.870027 0.842621 0.160406 0.979843 -0.11907 0.105275 0.874019 -0.0849464 0.478409 0.528116
3 29 2277 0.980829 -0.0337435 -0.191926 0.847276 0.0335025 0.999428 -0.00450134 0.10294 0.191968 -0.00201495 0.981399 0.521082
4 5 3172 0.991906 0.0297966 0.123431 -0.734237 -0.0311827 0.99947 0.00931281 0.0980449 -0.123088 -0.0130864 0.992309 0.671776
4 6 2723 0.979466 0.0342147 0.198685 -0.981261 -0.0445921 0.997852 0.0479918 0.0266874 -0.196616 -0.0558661 0.978888 0.190825
4 7 1136 0.842333 0.0899502 0.531398 -0.96109 -0.123392 0.991972 0.0276799 0.060976 -0.524642 -0.0888859 0.84667 0.269422
4 8 932 0.763392 0.10685 0.637037 -0.966497 -0.14643 0.989175 0.00956004 0.03007 -0.62912 -0.10058 0.770774 0.254909
4 9 779 0.7059 0.11655 0.698656 -0.968084 -0.148698 0.988773 -0.0147068 0.0395457 -0.692527 -0.0935074 0.715306 0.247488
4 10 727 0.587459 0.122799 0.799883 -0.945453 -0.137085 0.989236 -0.0511885 0.0474953 -0.797559 -0.079581 0.597969 0.322276
4 11 601 0.433913 0.148092 0.8887 -0.904974 -0.186989 0.979723 -0.071961 0.0781616 -0.881337 -0.134952 0.452806 0.418227
4 12 547 0.29899 0.144224 0.943294 -0.849513 -0.1946 0.976955 -0.0876896 0.0997627 -0.934203 -0.157347 0.320166 0.518049
4 13 510 -0.044454 0.144481 0.988509 -0.670315 -0.211575 0.96568 -0.150659 0.133033 -0.97635 -0.215841 -0.0123599 0.730055
4 14 330 -0.994119 0.0738243 0.0792348 0.0028865 0.0341143 0.90787 -0.417862 0.25862 -0.102783 -0.412701 -0.905049 0.965975
4 15 298 0.525226 -0.816386 0.240108 -0.269392 -0.568477 -0.546578 -0.614887 0.193846 0.633223 0.186459 -0.751174 0.943319
4 16 204 -0.0134474 0.91275 -0.408297 -0.00990263 0.790109 0.259957 0.555113 -0.153211 0.612819 -0.315134 -0.724668 0.988144
4 17 179 -0.00890084 -0.903168 0.429195 -0.126814 -0.781749 -0.261352 -0.566183 0.0800965 0.62353 -0.340563 -0.703724 0.988687
4 18 157 -0.266436 0.907506 -0.324722 0.466765 -0.95259 -0.196577 0.232229 0.0100975 0.146917 0.371202 0.916856 -0.884324
4 19 170 0.982918 0.141564 -0.117607 0.426488 -0.118103 0.975261 0.186862 -0.127612 0.14115 -0.169781 0.975321 -0.895446
4 20 111 0.711198 0.40531 0.574388 -0.204219 -0.488647 0.872418 -0.0105759 -0.0281257 -0.505393 -0.273151 0.818515 0.978521
4 21 65 -0.396055 -0.913415 0.0938805 -0.252879 0.916411 -0.399628 -0.0221249 -0.0886527 0.0577264 0.0772704 0.995338 -0.963428
4 22 74 0.841863 -0.486793 0.233021 -0.162888 0.504135 0.863446 -0.0175669 -0.272905 -0.19265 0.132263 0.972313 0.948151
4 23 41 -0.921555 0.34968 -0.168701 -0.401877 -0.346249 -0.936792 -0.050326 0.0181416 -0.175636 0.0120344 0.984382 0.915514
4 24 215 -0.835961 0.120193 0.535465 -0.475723 0.36344 0.852336 0.376077 -0.216646 -0.411194 0.508995 -0.756203 0.852497
4 25 265 0.809643 -0.572966 -0.127233 -0.0856485 -0.568926 -0.712886 -0.41002 0.251998 0.144225 0.404356 -0.903158 0.96393
4 26 353 0.0456272 -0.149568 -0.987698 0.755572 0.260415 0.956322 -0.132787 0.12275 0.964418 -0.251153 0.082584 0.643462
4 27 471 0.167411 -0.164931 -0.971993 0.740395 0.214215 0.968438 -0.127433 0.145053 0.962333 -0.186882 0.197458 0.656334
4 28 720 0.3482 -0.151067 -0.925168 0.770912 0.174097 0.980181 -0.0945261 0.0873602 0.921112 -0.128155 0.367599 0.630922
4 29 1940 0.945793 -0.0443426 -0.321727 0.909987 0.0557297 0.9981 0.0262657 0.0672463 0.319952 -0.0427717 0.946468 0.409148
5 6 2901 0.997053 0.00443092 0.0765865 -0.848788 -0.00753042 0.999162 0.0402293 -0.110595 -0.0763441 -0.0406874 0.996251 -0.517038
5 7 1382 0.90316 0.0694403 0.42365 -0.97498 -0.0918066 0.995243 0.0325885 -0.0504639 -0.419372 -0.0683265 0.905239 -0.216488
5 8 1151 0.83658 0.0850627 0.541201 -0.997352 -0.106344 0.994296 0.00810784 -0.0169975 -0.537424 -0.0643365 0.840854 -0.070707
5 9 914 0.782444 0.0971157 0.615102 -0.999742 -0.112683 0.993539 -0.0135263 0.00101247 -0.612442 -0.0587281 0.788331 -0.0226951
5 10 814 0.691502 0.113033 0.713477 -0.994074 -0.112635 0.992473 -0.0480673 0.0187271 -0.71354 -0.0471239 0.699028 0.107078
5 11 759 0.548846 0.147741 0.822764 -0.963069 -0.158344 0.984813 -0.0712116 0.0649808 -0.820789 -0.0911956 0.563905 0.261297
5 12 644 0.424905 0.147005 0.893222 -0.918426 -0.171274 0.981959 -0.0801347 0.0823432 -0.888887 -0.118936 0.442418 0.386928
5 13 630 0.0217831 0.161886 0.986569 -0.740014 -0.173655 0.972416 -0.15573 0.131789 -0.984566 -0.16793 0.0492946 0.659554
5 14 432 -0.544719 -0.83824 -0.0251787 0.0028865 -0.608389 0.415662 -0.676082 0.25862 0.577185 -0.352957 -0.736396 0.965975
5 15 146 0.85595 0.49517 0.148851 -0.330593 -0.494725 0.868002 -0.0426484 0.076986 -0.150322 -0.0371356 0.987939 0.940628
5 16 293 0.990772 0.0005234 -0.135535 0.468484 0.0138979 0.994329 0.105435 -0.172619 0.134821 -0.106346 0.985147 -0.866444
5 17 149 0.974828 0.221647 -0.0241473 -0.0124488 -0.221257 0.975053 0.0178019 0.0821 0.0274907 -0.012011 0.99955 -0.996546
5 18 351 -0.64162 -0.283585 0.712673 -0.466765 -0.334428 0.939605 0.0727999 -0.0100975 -0.690277 -0.191628 -0.697708 0.884324
5 19 303 0.581565 -0.701288 0.412284 -0.423774 -0.799517 -0.399165 0.448821 -0.151243 -0.150183 -0.590646 -0.792831 0.893051
5 20 85 0.891572 -0.341647 -0.297282 0.0715821 0.320995 0.939784 -0.117342 -0.0589705 0.319471 0.00919295 0.947552 0.99569
5 21 88 -0.99146 -0.130411 -7.50997e-05 -0.310621 0.128982 -0.980515 -0.148171 0.160346 0.0192494 -0.146915 0.988962 -0.936912
5 22 152 -0.14928 -0.91252 -0.380818 0.303028 -0.835243 0.322505 -0.445375 0.038461 0.529229 0.25159 -0.81032 0.952205
5 23 118 0.598052 0.58935 0.54314 -0.417047 0.593964 -0.780914 0.193339 -0.112861 0.53809 0.206979 -0.81708 0.90185
5 24 166 -0.928857 0.215792 0.301097 -0.46741 0.318982 0.879198 0.353922 -0.225042 -0.18835 0.424787 -0.885483 0.854918
5 25 162 0.898783 0.365091 -0.242688 0.0856485 -0.340617 0.930064 0.1377 -0.251998 0.275988 -0.0410987 0.960282 -0.96393
5 26 173 0.92922 0.0910989 -0.358122 0.358165 -0.0393752 0.988028 0.149167 -0.061647 0.367424 -0.124508 0.921682 -0.931621
5 27 461 0.116121 -0.209189 -0.970956 0.748319 0.212215 0.960221 -0.181497 0.204667 0.970299 -0.184976 0.155895 0.630975
5 28 613 0.175033 -0.189778 -0.966099 0.749638 0.156287 0.974161 -0.163046 0.168428 0.972079 -0.12245 0.20017 0.640059
5 29 1818 0.892749 -0.0781768 -0.44372 0.976745 0.0891778 0.996008 0.00394114 0.0405672 0.44164 -0.0430884 0.896157 0.210531
6 7 1432 0.935411 0.0789919 0.344625 -0.961056 -0.0832505 0.996526 -0.00244911 -0.0518762 -0.343621 -0.0263992 0.938737 -0.271441
6 8 1051 0.875397 0.0998924 0.472971 -0.996901 -0.101137 0.994609 -0.0228738 -0.0250364 -0.472706 -0.0278113 0.880781 -0.0745751
6 9 945 0.829295 0.117736 0.546268 -0.998722 -0.111637 0.992753 -0.044488 -0.0046204 -0.547547 -0.0240903 0.836428 -0.0503268
6 10 772 0.746799 0.135493 0.651102 -0.996543 -0.116868 0.990528 -0.0720819 -0.000360025 -0.654701 -0.0222622 0.75556 0.083077
6 11 673 0.615818 0.176882 0.767777 -0.966546 -0.15765 0.98243 -0.0998867 0.0654113 -0.771955 -0.0595282 0.632883 0.248012
6 12 595 0.4873 0.177135 0.85508 -0.923034 -0.171787 0.979521 -0.105014 0.0783603 -0.856171 -0.095718 0.50775 0.376653
6 13 549 0.17138 0.170316 0.970372 -0.790865 -0.220884 0.966513 -0.130627 0.0716306 -0.960125 -0.191953 0.203261 0.607784
6 14 273 0.866716 0.440512 0.233995 -0.892211 -0.451924 0.89204 -0.00540624 0.30059 -0.211114 -0.101062 0.972223 0.337053
6 15 143 -0.0390493 -0.976146 -0.213575 0.329968 0.993313 -0.0146807 -0.114516 -0.0754633 0.108648 -0.216618 0.970192 -0.940971
6 16 255 -0.197498 0.941138 -0.274324 -0.0697238 0.848293 0.304326 0.433342 -0.0958761 0.491318 -0.147123 -0.858464 0.992948
6 17 130 0.791973 -0.584226 0.177365 -0.102576 0.593323 0.804961 0.00216247 0.172919 -0.144036 0.103522 0.984143 -0.97958
6 18 259 -0.133958 -0.963057 -0.233615 0.385341 -0.846646 -0.0112944 0.532037 -0.2391 -0.51502 0.26906 -0.813856 0.891259
6 19 118 0.983621 0.146985 -0.104328 0.0712413 -0.12992 0.979354 0.154876 -0.14914 0.124939 -0.138785 0.98241 -0.986246
6 20 204 0.651064 -0.308449 -0.693523 0.374112 -0.184564 -0.950616 0.249529 -0.100951 -0.736242 -0.0344602 -0.675841 0.921873
6 21 72 0.93566 -0.299654 0.186407 -0.263293 0.27777 0.951151 0.134744 -0.0615545 -0.217677 -0.0742961 0.973189 -0.96275
6 22 74 -0.991534 0.111765 -0.0661046 -0.342849 -0.0984207 -0.978938 -0.178867 0.186833 -0.0847034 -0.170847 0.98165 -0.920623
6 23 115 -0.867029 0.49056 0.087242 -0.16979 0.491306 0.812579 0.313582 -0.146365 0.0829398 0.314748 -0.945545 0.97455
6 24 192 0.257094 -0.591456 0.764253 -0.46741 -0.590028 0.530254 0.608849 -0.225042 -0.765356 -0.607462 -0.212651 0.854918
6 25 271 0.769304 0.629193 -0.110846 -0.0856485 0.52828 -0.724049 -0.443479 0.251998 -0.359292 0.282612 -0.889404 0.96393
6 26 430 -0.440231 -0.147743 -0.885646 0.497777 0.211792 0.94145 -0.262329 0.167021 0.872548 -0.303058 -0.383165 0.851071
6 27 563 -0.0264536 -0.244556 -0.969274 0.607513 0.176572 0.953225 -0.245325 0.225769 0.983932 -0.177636 0.0179654 0.761548
6 28 695 0.124712 -0.213952 -0.968851 0.643964 0.168617 0.96684 -0.191803 0.141904 0.97776 -0.139445 0.156652 0.75178
6 29 1402 0.854143 -0.101479 -0.510041 0.921492 0.0932038 0.994768 -0.0418379 0.0701183 0.511618 -0.0118022 0.859132 0.382016
7 8 2368 0.990914 0.0263607 0.131889 -0.99898 -0.0245331 0.999579 -0.015463 -0.00903849 -0.132241 0.0120868 0.991144 -0.0442445
7 9 1889 0.972485 0.0457897 0.228423 -0.998972 -0.0401244 0.998762 -0.029387 -0.00523104 -0.229486 0.0194131 0.973118 -0.0450389
7 10 1318 0.934081 0.0727801 0.349564 -0.99568 -0.0537273 0.996508 -0.0639091 0.0201772 -0.352995 0.0409152 0.93473 0.0906336
7 11 1081 0.855117 0.122631 0.503723 -0.967563 -0.102934 0.992438 -0.0668677 0.0671721 -0.508114 0.00532925 0.861273 0.243536
7 12 868 0.773748 0.134792 0.618988 -0.926891 -0.120854 0.990564 -0.0646369 0.0781717 -0.621859 -0.0247947 0.782736 0.367101
7 13 784 0.48773 0.189006 0.852289 -0.783136 -0.164468 0.978694 -0.12292 0.123896 -0.857362 -0.0802226 0.508423 0.609383
7 14 474 -0.234359 -0.0965727 0.967341 -0.314834 -0.058521 0.994651 0.0851211 -0.056111 -0.970387 -0.0366608 -0.238757 0.947487
7 15 230 0.821907 0.45185 -0.346843 0.476323 -0.406129 0.891797 0.199392 -0.000288546 0.399409 -0.0230185 0.916484 -0.87927
7 16 446 0.899055 -0.0418008 0.435835 -0.996958 0.0179132 0.99811 0.0587765 -0.0777406 -0.437468 -0.0450361 0.898105 0.00558078
7 17 281 0.675206 0.0954573 -0.731427 -0.0640516 0.178919 -0.983173 0.036854 -0.0644854 -0.715601 -0.15575 -0.680924 0.995861
7 18 282 0.421684 -0.751053 -0.508037 0.385341 -0.648227 -0.641469 0.410267 -0.2391 -0.634023 0.15632 -0.75735 0.891259
7 19 188 0.346663 0.584223 0.733831 -0.424562 0.931231 -0.308111 -0.194619 -0.144568 0.112401 0.750834 -0.650857 0.893782
7 20 145 0.999465 -0.00874904 0.0315177 -0.170456 0.00786032 0.999571 0.0282119 -0.177194 -0.031751 -0.027949 0.999105 -0.969303
7 21 246 0.955344 -0.000280169 0.295497 -0.988296 -0.0043967 0.999875 0.0151626 -0.0387972 -0.295464 -0.0157847 0.955223 0.147534
7 22 194 -0.938052 0.322221 -0.127407 0.132874 0.273652 0.914495 0.298017 -0.216763 0.21254 0.24469 -0.94602 0.967139
7 23 119 0.729245 -0.457264 0.509029 -0.16979 -0.516956 -0.855556 -0.0279509 -0.146365 0.448284 -0.242762 -0.860295 0.97455
7 24 156 -0.786235 -0.349536 0.509568 -0.357781 -0.552508 0.766934 -0.326414 0.0570478 -0.276711 -0.538179 -0.796112 0.932061
7 25 276 -0.861788 0.43939 0.253491 -0.0856485 0.285481 0.833169 -0.473635 0.251998 -0.419311 -0.335806 -0.843453 0.96393
7 26 82 0.887749 0.115145 -0.445694 -0.379748 -0.0886032 0.992848 0.0800184 0.0576161 0.45172 -0.0315464 0.891602 0.923294
7 27 174 0.981869 0.0623254 0.179019 -0.258189 0.093055 -0.981255 -0.168756 0.0531427 0.165146 0.182355 -0.969264 0.964632
7 28 217 0.823439 0.547039 -0.150653 0.0614007 0.46981 -0.806215 -0.359578 0.196542 -0.318162 0.225312 -0.920873 0.978571
7 29 762 0.605638 -0.165928 -0.778249 0.859801 0.148401 0.984412 -0.0943962 0.0840464 0.78178 -0.0583231 0.620821 0.503665
8 9 2885 0.995322 0.0193219 0.0946649 -0.985206 -0.0184844 0.999782 -0.00971672 -0.0429561 -0.094832 0.00792144 0.995462 -0.165904
8 10 2016 0.974404 0.0442641 0.220404 -0.999471 -0.0364887 0.998564 -0.0392271 -0.00235603 -0.221824 0.0301808 0.97462 0.0324218
8 11 1497 0.919563 0.0939261 0.381551 -0.975305 -0.0849768 0.995568 -0.0402785 0.0638829 -0.383643 0.00461566 0.92347 0.21142
8 12 1303 0.848923 0.103864 0.518211 -0.937811 -0.102835 0.994221 -0.0308085 0.0643084 -0.518416 -0.027136 0.854698 0.341138
8 13 989 0.598617 0.161401 0.784607 -0.809659 -0.153403 0.98446 -0.0854733 0.11351 -0.78621 -0.0691953 0.614073 0.57582
8 14 570 0.428614 0.221433 0.875932 -0.777891 -0.227834 0.964659 -0.132378 0.197556 -0.874289 -0.142828 0.463917 0.596537
8 15 376 0.740646 -0.56 0.371272 -0.476323 0.637922 0.759575 -0.126894 0.000288546 -0.210948 0.330826 0.919812 0.87927
8 16 553 0.945056 -0.289443 0.151963 -0.300501 0.323587 0.762124 -0.560766 0.862767 0.046495 0.579128 0.81391 0.406611
8 17 342 0.146029 0.0558567 0.987702 -0.387814 -0.0359921 0.998044 -0.0511202 0.0416849 -0.988625 -0.0280845 0.147753 0.920794
8 18 340 0.473793 -0.271689 -0.837678 0.385341 0.0356016 -0.944533 0.326483 -0.2391 -0.879916 -0.184508 -0.43784 0.891259
8 19 70 -0.672355 0.68769 -0.273901 0.433504 -0.727895 -0.681491 0.075755 0.0192131 -0.134565 0.250305 0.95877 -0.900947
8 20 187 -0.304558 -0.546547 0.780084 -0.322827 -0.816664 0.571336 0.081454 -0.0225684 -0.490209 -0.612259 -0.62035 0.946189
8 21 239 -0.600884 0.101494 -0.792866 0.454363 -0.063439 0.982722 0.173876 -0.102869 0.796815 0.154778 -0.584064 0.884857
8 22 182 0.802683 0.596321 0.0100705 0.132874 0.569304 -0.771129 0.285048 -0.216763 0.177746 -0.22307 -0.95846 0.967139
8 23 77 0.995237 0.0773852 -0.0592875 0.395432 -0.0748818 0.99625 0.0433462 -0.107941 0.0624195 -0.0387002 0.997299 -0.912131
8 24 69 0.748742 0.638078 0.179561 -0.357411 -0.662768 0.716084 0.219004 0.0569871 0.0111613 -0.282984 0.95906 0.932207
8 25 301 -0.851646 0.268758 0.449964 -0.0856485 -0.0864524 0.774723 -0.626362 0.251998 -0.516938 -0.57234 -0.636556 0.96393
8 26 161 0.806921 -0.14347 -0.57297 0.234144 0.176962 0.984214 0.00277263 0.0812243 0.563527 -0.103631 0.819572 0.968803
8 27 193 -0.614686 -0.238125 0.751969 -0.310319 -0.162152 0.971128 0.174977 0.0351558 -0.771925 -0.0143768 -0.635551 0.949982
8 28 250 0.707104 -0.615537 -0.348022 0.0614007 -0.703587 -0.661534 -0.259496 0.196542 -0.0704989 0.428354 -0.900857 0.978571
8 29 642 0.506729 -0.193751 -0.840051 0.804198 0.16744 0.977982 -0.124562 0.135091 0.845689 -0.0775391 0.528013 0.578806
9 10 2372 0.990617 0.0240786 0.134531 -0.995935 -0.0204163 0.999384 -0.0285362 0.0134876 -0.135136 0.0255218 0.990498 0.0890605
9 11 1681 0.953723 0.0729401 0.291707 -0.96937 -0.0696591 0.997336 -0.0216326 0.0682759 -0.292508 0.00031144 0.956263 0.235924
9 12 1418 0.891646 0.0816487 0.445309 -0.932223 -0.0872474 0.996155 -0.00795147 0.0576367 -0.444246 -0.0317622 0.895342 0.357266
9 13 987 0.676313 0.142348 0.72273 -0.815601 -0.141851 0.987954 -0.0618458 0.114013 -0.722827 -0.0606929 0.688358 0.567271
9 14 584 0.462688 0.19198 0.865485 -0.780274 -0.204067 0.973118 -0.106761 0.187577 -0.862715 -0.12722 0.489426 0.596646
9 15 593 0.536926 -0.170061 0.826311 -0.477633 -0.0508293 -0.984213 -0.169531 0.0338961 0.842096 0.0490248 -0.537094 0.877905
9 16 407 -0.591629 0.139774 -0.794001 -0.13487 -0.136552 0.953254 0.269556 -0.102355 0.794562 0.267899 -0.544887 0.985563
9 17 424 -0.79798 0.0504427 -0.600569 -0.0640516 -0.0790292 0.979129 0.187245 -0.0644854 0.59748 0.19688 -0.777339 0.995861
9 18 229 0.299986 0.758741 0.578204 -0.466703 0.951051 -0.285045 -0.119381 -0.0102572 0.074235 0.585714 -0.807111 0.884355
9 19 141 0.72338 -0.386371 0.572223 -0.325086 -0.534007 -0.838431 0.108952 0.00358587 0.437673 -0.384384 -0.812829 0.945678
9 20 201 0.151595 -0.0724673 -0.985783 0.381554 -0.00645971 -0.99736 0.072325 -0.110899 -0.988422 -0.00459626 -0.151663 0.91767
9 21 256 0.611699 0.149936 -0.776752 0.523884 -0.107562 0.98852 0.106108 -0.0990458 0.783744 0.0186425 0.620804 0.846011
9 22 139 0.8482 -0.377438 0.371614 -0.477339 0.382522 0.921787 0.0631344 0.123053 -0.366378 0.0885999 0.926238 -0.870061
9 23 148 0.936556 -0.343258 0.0709689 -0.16979 -0.347769 -0.884659 0.310539 -0.146365 -0.0438118 -0.315518 -0.947908 0.97455
9 24 251 0.391369 0.812947 -0.431216 0.330825 0.757895 -0.0189685 0.652101 -0.29795 0.521944 -0.582028 -0.623553 0.895422
9 25 222 0.393342 0.839312 0.375284 -0.0856485 0.814293 -0.128519 -0.566048 0.251998 -0.426859 0.528241 -0.733997 0.96393
9 26 48 -0.376505 0.909234 0.17759 0.244652 -0.86069 -0.414223 0.296027 0.0999267 0.34272 -0.0413945 0.938525 0.964448
9 27 176 -0.850414 0.465445 -0.245269 0.275015 0.171404 -0.195644 -0.96558 0.0347227 -0.497409 -0.863183 0.0865995 0.960813
9 28 150 0.780425 0.0904681 -0.61867 -0.119305 -0.151896 -0.932402 -0.327955 0.029611 -0.606519 0.349917 -0.713928 0.992416
9 29 678 0.408479 -0.145038 -0.901171 0.762834 0.164205 0.982864 -0.0837559 0.0884384 0.897876 -0.113765 0.425296 0.640518
10 11 2177 0.984595 0.0444376 0.169109 -0.973244 -0.0477799 0.998734 0.0157446 0.0596537 -0.168196 -0.0235821 0.985472 0.221896
10 12 1687 0.945531 0.0547917 0.320889 -0.936272 -0.06382 0.997805 0.0176769 0.0812507 -0.319216 -0.0371932 0.946952 0.34175
10 13 1076 0.771954 0.105445 0.626872 -0.854431 -0.125984 0.991963 -0.0117145 0.0924603 -0.623069 -0.0699327 0.779034 0.511271
10 14 576 0.611611 0.134748 0.779599 -0.874861 -0.202204 0.979286 -0.0106301 0.101433 -0.764883 -0.151136 0.626189 0.473634
10 15 490 -0.657605 0.471055 0.587931 -0.47778 0.731658 0.585315 0.349404 0.0339668 -0.179536 0.659934 -0.729557 0.877823
10 16 495 0.500843 -0.0458044 -0.864325 0.569392 0.0897769 0.995962 -0.000758178 0.0700586 0.86087 -0.0772167 0.502932 0.819076
10 17 407 -0.731856 0.112242 -0.672152 -0.0640516 -0.039577 0.977677 0.206354 -0.0644854 0.680309 0.177623 -0.711076 0.995861
10 18 266 -0.379209 0.41291 0.828074 -0.393462 -0.851259 -0.506471 -0.137281 0.141016 0.362711 -0.756963 0.543551 0.908461
10 19 114 0.233019 -0.253105 0.938957 -0.393898 -0.556343 -0.826619 -0.0847563 -0.00980146 0.797612 -0.502632 -0.333431 0.919102
10 20 65 -0.444489 0.895383 0.026807 -0.371128 -0.796261 -0.381219 -0.469723 0.108422 -0.410363 -0.230132 0.882407 -0.92223
10 21 55 -0.946432 -0.321925 0.025116 0.0884273 0.32286 -0.94217 0.089869 0.171202 -0.00526756 0.0931638 0.995637 0.98126
10 22 114 -0.535255 0.708255 -0.4603 0.477339 0.824334 0.556898 -0.10168 -0.123053 0.184325 -0.433865 -0.881921 0.870061
10 23 120 0.389466 0.914117 0.112721 -0.302474 0.840995 -0.303042 -0.448212 0.148617 -0.375559 0.269361 -0.886792 0.9415
10 24 146 0.850465 0.29289 0.436949 -0.330825 -0.244856 0.955595 -0.163961 0.29795 -0.465569 0.0324542 0.884416 -0.895422
10 25 313 0.32221 0.894802 0.309047 -0.0856485 0.826803 -0.106997 -0.552222 0.251998 -0.461062 0.433452 -0.7743 0.96393
10 26 76 0.894688 0.430833 0.11797 0.23562 -0.41921 0.901037 -0.111332 0.0810367 -0.154261 0.0501534 0.986756 0.968461
10 27 160 -0.255259 -0.854995 -0.451471 0.277512 -0.939625 0.109291 0.324283 0.0498388 -0.227919 0.50699 -0.831273 0.959429
10 28 175 0.66065 0.263032 -0.703104 -0.0825405 0.0353234 -0.94646 -0.320881 0.0371559 -0.749862 0.187154 -0.634571 0.995895
10 29 601 0.337379 -0.209979 -0.917652 0.717513 0.176457 0.971633 -0.157456 0.187583 0.924683 -0.108804 0.364861 0.670811
11 12 2353 0.988061 0.0137295 0.15345 -0.955676 -0.0150741 0.999857 0.0076028 0.0690961 -0.153324 -0.00982516 0.988127 0.286198
11 13 1198 0.860329 0.0831687 0.502908 -0.935259 -0.0830905 0.996285 -0.0226175 0.0774837 -0.502921 -0.0223284 0.864044 0.345378
11 14 704 0.754006 0.128229 0.64423 -0.98687 -0.159454 0.987156 -0.00986128 0.0478446 -0.63722 -0.0952895 0.764768 0.154267
11 15 558 0.525592 0.144385 0.838395 -0.985619 -0.162693 0.984363 -0.0675305 0.00626922 -0.835035 -0.100907 0.540864 0.168869
11 16 286 0.817973 0.105208 0.565555 -0.451826 -0.0847377 0.994445 -0.0624349 0.027557 -0.568982 0.00314619 0.822344 0.89168
11 17 110 0.969209 0.24559 0.0178871 0.0640516 -0.243463 0.966625 -0.0797633 0.0644854 -0.0368791 0.0729525 0.996653 -0.995861
11 18 108 0.964747 0.243067 0.100903 -0.113585 -0.24162 0.970009 -0.0265111 0.029081 -0.104321 0.00119634 0.994543 0.993103
11 19 133 -0.130248 0.560922 -0.817559 0.375962 0.615132 0.692414 0.377063 -0.204375 0.777591 -0.453795 -0.435226 0.903816
11 20 156 -0.401735 -0.827719 0.391779 -0.237339 -0.794138 0.527932 0.301053 -0.266083 -0.45602 -0.190183 -0.869411 0.934275
11 21 125 -0.891279 0.213497 0.40005 0.0868882 0.0695104 0.936127 -0.344724 0.173022 -0.448095 -0.279438 -0.849191 0.981078
11 22 126 -0.254874 0.487093 0.835332 0.0247889 -0.914906 -0.401123 -0.0452535 0.202693 0.313028 -0.775784 0.54788 0.978928
11 23 75 0.994933 -0.000841124 0.100534 -0.480588 -0.0167667 0.984573 0.174169 0.0363508 -0.0991295 -0.174972 0.97957 -0.876193
11 24 246 -0.530192 0.561329 -0.635457 0.17565 0.126756 0.793521 0.595195 -0.258513 0.838349 0.23502 -0.491871 0.949904
11 25 325 0.123032 0.927025 0.354242 -0.0856485 0.809846 0.112529 -0.575748 0.251998 -0.573596 0.357717 -0.736903 0.96393
11 26 145 0.984769 0.152485 0.0835389 0.0893468 0.156074 -0.987005 -0.0382281 0.0778094 0.0766241 0.0506841 -0.995771 0.992957
11 27 153 -0.891715 0.428571 0.145507 0.19429 0.376583 0.880894 -0.286725 0.0407292 -0.251058 -0.200881 -0.946898 0.980098
11 28 178 0.0765969 0.603395 -0.793755 0.203822 -0.98881 -0.05624 -0.138172 0.00374566 -0.128013 0.795457 0.592336 0.979001
11 29 550 0.129511 -0.20567 -0.970014 0.654857 0.198413 0.963843 -0.177871 0.157677 0.971524 -0.169427 0.165636 0.739121
12 13 1556 0.934743 0.0726644 0.347816 -0.992892 -0.0712722 0.997315 -0.0168138 -0.0313393 -0.348104 -0.00907308 0.937412 -0.114819
12 14 906 0.830358 0.116175 0.544985 -0.981003 -0.144093 0.989527 0.00860714 -0.0780357 -0.538277 -0.0856755 0.838402 -0.177603
12 15 542 0.731394 0.159693 0.662994 -0.924265 -0.161878 0.985064 -0.0586896 -0.0534729 -0.662464 -0.0643992 0.746321 -0.377988
12 16 213 0.965853 0.170855 0.194775 0.739773 -0.177334 0.984017 0.0161929 -0.249966 -0.188895 -0.0501801 0.980714 -0.624702
12 17 287 -0.912168 -0.389316 -0.127994 -0.145129 -0.310863 0.860821 -0.402928 0.227317 0.267046 -0.32775 -0.906238 0.962946
12 18 222 0.980718 -0.0393558 0.191423 -0.920714 0.0391473 0.999222 0.00487235 0.0855651 -0.191466 0.00271529 0.981496 0.380743
12 19 168 -0.90863 -0.368686 0.196118 -0.137646 -0.381373 0.923934 -0.0300101 -0.07471 -0.170136 -0.102062 -0.980121 0.98766
12 20 225 -0.833487 -0.142325 0.533894 -0.237339 0.0653139 0.934103 0.350978 -0.266083 -0.548665 0.327406 -0.769267 0.934275
12 21 84 0.391326 0.76547 0.510802 0.181791 -0.838088 0.525706 -0.145745 0.153338 -0.380096 -0.371063 0.847254 0.971308
12 22 72 0.846472 0.531435 -0.0326042 -0.0247889 -0.529406 0.8466 0.0547585 -0.202693 0.0567033 -0.0290907 0.997967 -0.978928
12 23 72 -0.0985073 0.471563 0.876313 -0.125109 -0.960707 -0.274691 0.0398232 0.189909 0.259495 -0.837958 0.480093 0.973798
12 24 205 0.550362 0.794116 -0.257839 0.15523 0.632158 -0.59807 -0.492635 0.17167 -0.545415 0.108133 -0.831161 0.972848
12 25 327 0.337167 0.922196 0.189401 -0.0856485 0.83754 -0.201947 -0.507685 0.251998 -0.429936 0.329805 -0.840466 0.96393
12 26 198 0.94257 -0.0157312 0.333638 -0.573475 0.0128296 0.999858 0.0108986 0.090477 -0.333762 -0.00599225 0.942638 0.814212
12 27 281 -0.0119198 0.195681 -0.980595 0.714668 0.0690361 0.978486 0.194421 -0.106367 0.997543 -0.065379 -0.0251725 0.691329
12 28 186 -0.861785 0.470011 -0.190829 0.0614007 0.506142 0.82181 -0.261627 0.196542 0.0338576 -0.322053 -0.946116 0.978571
12 29 453 -0.0588552 -0.223499 -0.972926 0.599126 0.17592 0.95704 -0.230492 0.168536 0.982644 -0.184722 -0.0170089 0.782715
13 14 1366 0.975341 0.0500454 0.214954 -0.91707 -0.0622063 0.996801 0.0501834 -0.145947 -0.211755 -0.0623174 0.975334 -0.371056
13 15 637 0.906256 0.0945404 0.412023 -0.907892 -0.102377 0.994741 -0.00306568 -0.100324 -0.410146 -0.0394035 0.911168 -0.407023
13 16 498 0.854165 0.10927 0.508391 -0.921061 -0.116292 0.993051 -0.0180523 -0.083531 -0.506831 -0.0437022 0.860937 -0.380353
13 17 106 0.954416 -0.0923581 0.283832 0.102576 0.0791645 0.995194 0.0576342 -0.172919 -0.287791 -0.0325375 0.95714 0.97958
13 18 245 -0.45315 0.295716 -0.840956 0.288815 0.0295356 0.947837 0.317384 -0.182464 0.890945 0.118984 -0.438246 0.939837
13 19 165 0.999858 0.0166602 -0.00271798 -0.0117956 -0.0168805 0.9867 -0.16167 0.528561 -1.16329e-05 0.161693 0.986841 -0.848813
13 20 93 0.961195 0.0599946 0.269266 0.194722 -0.0546664 0.998133 -0.02725 -0.189995 -0.270398 0.0114728 0.96268 0.962281
13 21 223 -0.558562 0.561774 -0.610261 0.331525 0.395573 0.827087 0.399311 -0.167288 0.729062 -0.0183629 -0.684202 0.928497
13 22 180 -0.865844 -0.481347 -0.136454 0.305 -0.497469 0.799234 0.337267 -0.177807 -0.0532842 0.359902 -0.931467 0.935607
13 23 63 0.0880581 -0.988711 0.121226 -0.476468 0.925444 0.0361804 -0.377154 0.124437 0.36851 0.145399 0.918183 -0.870341
13 24 50 0.716648 -0.521463 -0.463133 -0.357967 0.500307 0.847029 -0.179539 0.0569025 0.48591 -0.103042 0.867913 0.931999
13 25 268 0.99149 -0.114648 0.0616697 -0.0856485 -0.0943054 -0.959111 -0.266858 0.251998 0.0897427 0.258771 -0.961761 0.96393
13 26 174 0.719443 -0.651295 0.24128 -0.0623942 -0.688148 -0.715481 0.120578 -0.0192423 0.0940994 -0.252786 -0.962935 0.997866
13 27 279 0.941543 -0.00663055 -0.336827 0.99142 0.0200844 0.999133 0.0364743 -0.0722479 0.336293 -0.0411071 0.94086 0.108931
13 28 278 -0.28429 0.501434 -0.817155 0.263134 0.282221 0.858328 0.428514 -0.1639 0.916259 -0.108797 -0.385529 0.950735
13 29 367 0.155904 -0.294898 -0.942724 0.803129 0.240019 0.9371 -0.253445 0.212897 0.958167 -0.186759 0.216879 0.55647
14 15 1115 0.973918 0.0561024 0.219854 -0.841621 -0.0480372 0.997968 -0.0418644 -0.116688 -0.221756 0.0302113 0.974634 -0.527312
14 16 655 0.93942 0.0773162 0.333936 -0.882958 -0.064348 0.996687 -0.0497409 -0.11186 -0.336675 0.0252395 0.941283 -0.455931
14 17 451 0.87789 0.113189 0.465292 -0.9983 -0.108638 0.993404 -0.0366866 -0.0277114 -0.466376 -0.0183418 0.884396 -0.051271
14 18 137 0.899821 0.169067 0.402167 -0.993282 -0.139499 0.98496 -0.101948 0.0524462 -0.413355 0.0356331 0.909872 0.103148
14 19 215 0.61704 0.330452 0.714188 -0.657504 -0.256504 0.942451 -0.214455 0.178794 -0.743954 -0.0508645 0.666292 0.731929
14 20 137 0.968823 0.00306641 0.247736 -0.412769 0.0109718 0.998411 -0.0552655 0.123102 -0.247512 0.0562606 0.96725 0.902479
14 21 102 0.98496 0.0213872 0.171454 0.345961 -0.023037 0.999705 0.00763877 -0.203684 -0.17124 -0.0114737 0.985163 -0.915873
14 22 135 0.980927 0.0272037 0.192464 0.484614 -0.0213057 0.99924 -0.0326485 -0.248843 -0.193206 0.0279252 0.980761 -0.838586
