0 1 525 0.71355 -0.106533 -0.692457 0.366834 0.0972392 0.993865 -0.052703 0.158856 0.693824 -0.0297278 0.719531 0.916623
0 2 666 0.862075 -0.0902709 -0.498677 0.496805 0.0998356 0.994976 -0.00752324 0.184499 0.49685 -0.0433001 0.866755 0.848024
0 3 1082 0.956459 -0.0522694 -0.287148 0.690586 0.0555495 0.998451 0.0032821 0.139935 0.286532 -0.0190901 0.957881 0.709584
0 4 1466 0.986831 -0.0300087 -0.158948 0.652732 0.0251055 0.999148 -0.032767 0.138521 0.159796 0.028345 0.986743 0.744817
0 5 1117 0.999775 0.00513066 -0.0205876 0.472938 -0.00543113 0.999879 -0.0145656 0.148661 0.0205104 0.0146741 0.999682 0.868464
0 6 1423 0.998592 0.00974516 0.0521403 0.409838 -0.0110682 0.999622 0.0251474 0.197113 -0.0518756 -0.0256891 0.998323 0.890606
0 7 498 0.916012 0.0794111 0.393213 0.549227 -0.0944247 0.995352 0.018952 0.193191 -0.38988 -0.0544892 0.919252 0.813036
0 8 671 0.851289 0.0967601 0.515698 0.120289 -0.111408 0.993771 -0.00255392 0.209139 -0.512733 -0.0552787 0.856767 0.970459
0 9 751 0.799031 0.110995 0.590956 -0.378737 -0.122949 0.992209 -0.0201198 0.182495 -0.588585 -0.0565811 0.806453 0.907333
0 10 746 0.716092 0.124345 0.686841 -0.732411 -0.124398 0.990986 -0.0497103 0.0975357 -0.686832 -0.0498448 0.725105 0.67384
0 11 673 0.583591 0.160334 0.796062 -0.812518 -0.169575 0.982763 -0.073622 0.118097 -0.794145 -0.0920273 0.60072 0.570849
0 12 597 0.449653 0.158281 0.879067 -0.780972 -0.180902 0.979915 -0.0839063 0.127502 -0.874692 -0.121296 0.469255 0.611413
0 13 477 0.0971267 0.1707 0.980524 -0.619965 -0.205185 0.967453 -0.148099 0.144148 -0.973892 -0.186805 0.128991 0.771275
0 14 392 -0.103788 0.196809 0.974933 -0.603925 -0.244012 0.94523 -0.21679 0.214642 -0.964202 -0.260395 -0.0500802 0.767596
0 15 76 -0.256338 0.882721 -0.39382 0.47759 -0.938679 -0.324537 -0.11644 0.00124935 -0.230593 0.339822 0.911783 -0.878582
0 16 134 0.850088 0.435736 0.295778 -0.218171 -0.432438 0.89809 -0.0801964 -0.135464 -0.30058 -0.0597315 0.951884 -0.966463
0 17 94 -0.0897108 -0.97245 -0.215159 -0.402002 0.995475 -0.0943459 0.011349 0.0662441 -0.0313357 -0.213167 0.976513 0.913239
0 18 202 -0.216174 0.281996 0.934744 -0.461673 -0.974179 0.00158399 -0.225772 0.000530386 -0.0651474 -0.959414 0.274372 0.88705
0 19 79 0.858682 -0.475023 -0.192402 0.4252 0.498647 0.861072 0.099534 0.160601 0.118391 -0.181409 0.976255 -0.890737
0 20 128 0.277951 -0.892468 -0.355308 0.105269 0.960137 0.26954 0.074064 0.0479426 0.02967 -0.361731 0.93181 0.993287
0 21 192 0.669171 0.195601 0.716904 -0.356775 0.112112 -0.980267 0.162809 -0.124428 0.734603 -0.0285736 -0.677896 0.925867
0 22 123 0.980289 -0.127394 0.151008 0.428785 0.120134 0.99116 0.0563027 -0.145958 -0.156846 -0.0370518 0.986928 -0.891538
0 23 43 -0.99669 0.0686545 -0.0435387 0.215738 -0.0695145 -0.997408 0.0185562 0.0454804 -0.0421519 0.0215213 0.998879 -0.975391
0 24 134 0.830731 0.544174 0.117304 -0.234494 0.519536 -0.833579 0.187692 -0.116902 0.199919 -0.0949783 -0.975198 0.965063
0 25 79 0.979171 -0.0306432 -0.200713 0.0184057 0.0469459 0.995927 0.0769738 0.0517519 0.197537 -0.0847932 0.976621 0.99849
0 26 286 -0.151388 -0.168098 -0.974076 0.262944 0.263125 0.943026 -0.203634 0.215241 0.95281 -0.287132 -0.0985315 0.940496
0 27 373 0.0314326 -0.208912 -0.977429 0.21556 0.203465 0.958774 -0.198381 0.230517 0.978577 -0.192637 0.072643 0.948892
0 28 437 0.185453 -0.186475 -0.964798 0.204682 0.181065 0.971502 -0.152966 0.1705 0.965827 -0.146323 0.213932 0.963865
0 29 627 0.967272 -0.0632225 -0.245738 0.446743 0.0702573 0.997329 0.0199574 0.142955 0.24382 -0.0365691 0.969131 0.883167
1 2 1838 0.965473 0.0230287 0.259484 -0.987936 -0.0319151 0.999038 0.0300852 -0.0298237 -0.258542 -0.0373279 0.965279 -0.151961
1 3 1452 0.8709 0.063272 0.48737 -0.965165 -0.0730432 0.997328 0.00104713 -0.0602205 -0.486001 -0.036511 0.873195 -0.254616
1 4 1147 0.79751 0.0805276 0.597907 -0.998936 -0.0700907 0.996708 -0.0407496 -0.00444885 -0.59922 -0.00940946 0.800529 -0.0459096
1 5 909 0.70275 0.110916 0.702738 -0.95477 -0.100136 0.99336 -0.0566481 0.0617756 -0.704354 -0.03056 0.70919 0.290856
1 6 777 0.661495 0.110707 0.741733 -0.985873 -0.131965 0.990795 -0.0301908 0.0377091 -0.738248 -0.0779115 0.670015 0.163193
1 7 280 0.343952 0.15231 0.926552 -0.917259 -0.185381 0.97835 -0.0920087 0.0900622 -0.920506 -0.140118 0.364741 0.387976
1 8 88 0.648228 0.572207 0.502373 -0.217022 -0.566201 0.803364 -0.184451 -0.0255382 -0.509133 -0.164878 0.844748 -0.975833
1 9 58 0.828824 0.504881 0.241135 0.216029 -0.555987 0.694904 0.456057 0.0303878 0.0626886 -0.512059 0.85666 0.975914
1 10 109 0.827222 0.190215 -0.528698 0.200294 0.273913 -0.95809 0.0838731 -0.000197304 -0.490587 -0.214199 -0.844656 0.979736
1 11 69 0.976576 -0.205294 0.064445 -0.41311 0.187106 0.958115 0.216813 -0.106393 -0.106256 -0.199676 0.974084 -0.904445
1 12 194 0.0231757 -0.922918 0.384299 -0.445526 -0.640975 0.28128 0.714166 -0.120812 -0.767212 -0.262877 -0.585048 0.88708
1 13 109 0.462304 0.886359 0.0253392 -0.368833 -0.848471 0.450484 -0.277778 0.175629 -0.257626 0.106918 0.960311 0.912752
1 14 138 -0.701016 -0.0120228 0.713045 -0.119252 0.458659 0.758031 0.463703 -0.121928 -0.546085 0.652107 -0.525877 0.985349
1 15 93 0.976361 0.0671253 -0.20546 0.119592 -0.0698223 0.997542 -0.00589601 0.0297857 0.204559 0.0201023 0.978648 0.992376
1 16 147 0.464312 -0.151863 0.872555 0.168911 -0.835187 0.252791 0.488425 -0.0911211 -0.294748 -0.955528 -0.00945993 0.98141
1 17 299 0.675582 0.175286 -0.716145 0.728382 0.127358 0.928982 0.347524 -0.256236 0.726201 -0.325988 0.60528 0.635455
1 18 60 0.600626 0.790771 0.118024 -0.0979199 -0.772908 0.612041 -0.167387 0.0970201 -0.204601 0.00931517 0.978801 -0.990454
1 19 161 -0.781695 -0.202989 -0.589702 0.237712 -0.322296 0.940984 0.10332 -0.0684713 0.533927 0.270823 -0.800985 0.968919
1 20 67 -0.953033 -0.182087 0.242017 -0.381997 0.146054 -0.976345 -0.159429 0.10116 0.265322 -0.116594 0.957084 -0.91861
1 21 137 -0.679189 0.402249 -0.61392 0.228928 0.474615 0.878733 0.0506849 -0.0294817 0.55986 -0.256951 -0.787739 0.972997
1 22 145 -0.0237722 0.615566 -0.787727 0.300675 0.996619 0.0765835 0.0297698 0.0319781 0.0786521 -0.784355 -0.615305 0.95319
1 23 45 0.522387 -0.82425 0.218457 0.0861298 0.851956 0.515269 -0.0931068 0.313882 -0.0358209 0.234753 0.971395 -0.945547
1 24 194 0.475367 -0.189337 -0.859172 0.99946 0.24888 0.965619 -0.0750929 -0.0137189 0.843851 -0.178134 0.506146 -0.0298739
1 25 279 0.470214 -0.13955 -0.87145 0.957163 0.230147 0.972644 -0.0315734 0.0222779 0.852016 -0.185715 0.489468 0.288692
1 26 344 0.617342 -0.151699 -0.771931 0.952335 0.22065 0.975235 -0.01519 0.0652165 0.755118 -0.160949 0.635525 0.298001
1 27 538 0.737562 -0.13945 -0.660724 0.978117 0.177824 0.984019 -0.00917938 0.0419793 0.651445 -0.110722 0.750573 0.203775
1 28 867 0.838036 -0.119341 -0.532403 0.99999 0.126178 0.991725 -0.0236881 0.00455797 0.530824 -0.0473263 0.84616 0.000142168
1 29 300 0.951813 0.0334044 0.304853 -0.742931 -0.0392858 0.999141 0.0131769 0.153684 -0.304151 -0.0245183 0.952308 0.651486
2 3 2247 0.970538 0.0497392 0.23576 -0.732755 -0.0466028 0.998735 -0.0188603 -0.126762 -0.2364 0.00731759 0.971628 -0.668582
2 4 1559 0.926579 0.0744308 0.368663 -0.97895 -0.0563361 0.99663 -0.0596214 -0.0178632 -0.371858 0.0344749 0.927649 -0.203316
2 5 1225 0.867822 0.10791 0.485015 -0.96717 -0.0887693 0.994099 -0.0623426 0.0485156 -0.488881 0.0110478 0.872281 0.249458
2 6 1016 0.823152 0.112126 0.55664 -0.993454 -0.114348 0.992959 -0.0309185 0.0190862 -0.556188 -0.0382002 0.830178 0.112625
2 7 344 0.57026 0.168614 0.803973 -0.946848 -0.178568 0.980749 -0.0790297 0.075767 -0.801821 -0.0984963 0.589391 0.312631
2 8 257 0.470638 0.183591 0.863015 -0.943792 -0.196832 0.97531 -0.100139 0.0551897 -0.860091 -0.12274 0.495154 0.3259
2 9 142 -0.339157 -0.705957 -0.62177 0.215671 -0.679676 0.640845 -0.356872 0.0313052 0.650394 0.301566 -0.697169 0.975964
2 10 102 0.868364 0.367367 0.333144 -0.201753 -0.330776 0.929552 -0.162852 0.000173427 -0.369501 0.031219 0.928706 -0.979436
2 11 240 0.0448293 0.215338 0.97551 -0.855264 -0.184885 0.961411 -0.203729 0.111353 -0.981737 -0.171225 0.0829123 0.506088
2 12 219 -0.0411564 0.164711 0.985483 -0.830991 -0.306225 0.936773 -0.169358 0.0544123 -0.951069 -0.30875 0.0118842 0.553619
2 13 201 -0.23433 0.245589 0.940625 -0.654147 -0.210286 0.931853 -0.295685 0.184635 -0.949141 -0.267088 -0.166717 0.733486
2 14 168 0.697023 0.39632 0.59757 -0.424416 -0.409143 0.904216 -0.122458 0.215633 -0.588865 -0.159135 0.79241 0.879417
2 15 132 0.966589 0.248084 -0.0644979 0.955936 -0.247568 0.968738 0.016003 -0.179989 0.0664517 0.000499356 0.99779 -0.231929
2 16 150 -0.753837 -0.620627 -0.215759 0.167136 -0.614241 0.782235 -0.104001 -0.0930273 0.23332 0.0541283 -0.970892 0.981535
2 17 73 0.993042 -0.0246477 -0.115157 0.290269 0.0278026 0.999279 0.0258709 0.116913 0.114436 -0.0288925 0.99301 -0.949777
2 18 199 0.711032 0.0951921 0.696686 -0.917955 -0.111945 0.993482 -0.0214952 0.016444 -0.694191 -0.0627064 0.717054 0.396344
2 19 61 0.929508 0.0597405 0.363931 0.263493 -0.0643366 0.997928 0.000507596 -0.111687 -0.363147 -0.0238859 0.931426 0.958174
2 20 47 0.931453 0.21481 -0.293687 0.209666 -0.214282 0.976167 0.0343793 0.0674569 0.294073 0.0309091 0.955283 0.975443
2 21 164 0.349349 -0.244782 -0.904454 0.941268 0.196276 0.962975 -0.184808 0.124797 0.916205 -0.11296 0.38446 0.313751
2 22 171 0.143666 -0.472049 -0.869787 0.309264 -0.973266 0.0917561 -0.210556 0.0328189 0.179201 0.876784 -0.446247 0.95041
2 23 110 -0.76581 -0.292535 -0.572677 0.483927 -0.424972 0.898586 0.109276 -0.0371539 0.482633 0.327056 -0.812465 0.874319
2 24 107 0.951798 -0.0478307 -0.302972 0.413087 0.0525936 0.998587 0.00757632 -0.235192 0.302182 -0.0231455 0.952969 -0.879798
2 25 175 0.915223 0.0814831 0.394622 -0.989526 -0.0663576 0.996448 -0.051851 0.111446 -0.397446 0.0212691 0.917379 0.0917531
2 26 256 0.466668 -0.188293 -0.864157 0.93319 0.227454 0.969761 -0.0884719 0.0741647 0.854685 -0.155269 0.495384 0.351649
2 27 373 0.548117 -0.176599 -0.817545 0.92776 0.190147 0.978171 -0.0838143 0.065284 0.814501 -0.109513 0.569732 0.367424
2 28 520 0.668357 -0.159532 -0.726532 0.962546 0.13858 0.986335 -0.0890958 0.0413674 0.730818 -0.0411348 0.681332 0.267943
2 29 2021 0.998648 0.0130256 0.0503307 0.971412 -0.0122608 0.999805 -0.0154728 0.0523579 -0.0505225 0.0148348 0.998613 0.231555
3 4 3384 0.990443 0.0232413 0.135949 -0.99308 -0.0181617 0.999094 -0.038486 0.0479706 -0.136721 0.0356491 0.989968 0.107197
3 5 2394 0.964416 0.057821 0.257988 -0.874161 -0.0511057 0.998159 -0.0326656 0.0886929 -0.259402 0.0183186 0.965596 0.477469
3 6 2043 0.938401 0.0635814 0.339648 -0.970868 -0.0682521 0.997666 0.00181026 0.0547319 -0.33874 -0.0248804 0.940551 0.233281
3 7 798 0.757527 0.132957 0.639121 -0.927493 -0.157031 0.987405 -0.0192872 0.0703059 -0.633636 -0.0857514 0.768864 0.36717
3 8 621 0.660226 0.142064 0.737509 -0.923973 -0.148301 0.987274 -0.0574147 0.0894125 -0.73628 -0.0714667 0.672892 0.371859
3 9 649 0.587566 0.155231 0.794147 -0.929449 -0.1605 0.984284 -0.0736471 0.0731008 -0.793099 -0.0841881 0.603247 0.361637
3 10 529 0.480348 0.166858 0.86106 -0.908186 -0.143672 0.983445 -0.110426 0.0755489 -0.865231 -0.070667 0.496368 0.411692
3 11 460 0.316631 0.192978 0.928711 -0.864382 -0.188602 0.972346 -0.137744 0.105081 -0.92961 -0.131543 0.344271 0.491734
3 12 344 0.175681 0.18728 0.966469 -0.804613 -0.194622 0.968969 -0.152387 0.121427 -0.965017 -0.161325 0.206679 0.581252
3 13 360 -0.117557 0.20144 0.972421 -0.619382 -0.210535 0.951896 -0.22264 0.162763 -0.970492 -0.230902 -0.0694913 0.768033
3 14 322 -0.418519 0.18427 0.889318 -0.496567 -0.21716 0.930493 -0.294998 0.219319 -0.881864 -0.316587 -0.349413 0.839833
3 15 203 -0.880626 0.444196 -0.164887 0.193063 0.449782 0.89313 0.00384682 0.0497468 0.148974 -0.0707757 -0.986305 0.979925
3 16 96 -0.504006 -0.775249 0.380746 -0.431395 0.860089 -0.410228 0.303251 -0.251203 -0.078902 0.480315 0.87354 -0.866484
3 17 70 0.989989 0.12711 0.0613514 0.125335 -0.137388 0.967437 0.212578 -0.236274 -0.0323329 -0.218879 0.975216 -0.963569
3 18 97 0.999703 0.0159416 -0.0184212 0.0296659 -0.0159725 0.999871 -0.00153243 -0.129999 0.0183944 0.00182621 0.999829 -0.99107
3 19 229 0.982948 0.174816 -0.0570252 0.177662 -0.0279935 -0.164242 -0.986023 0.571164 -0.181738 0.970806 -0.156548 0.801379
3 20 100 0.901345 0.430032 0.0514726 0.209666 0.433054 -0.893103 -0.121782 0.0674569 -0.00639959 0.132058 -0.991221 0.975443
3 21 113 -0.863495 -0.48725 -0.130245 0.22748 -0.402259 0.821113 -0.404922 0.205542 0.304245 -0.297256 -0.905027 0.951843
3 22 58 0.948882 -0.0775414 0.305958 0.300675 0.0442083 0.992448 0.114419 0.0319781 -0.31252 -0.095044 0.945144 0.95319
3 23 31 -0.950263 -0.247913 -0.188518 0.356563 0.275075 -0.951939 -0.134709 0.0136023 -0.146062 -0.179866 0.972787 -0.934172
3 24 122 0.144763 -0.882484 -0.447511 0.340444 -0.988959 -0.114559 -0.0940058 0.145423 0.0316922 0.456178 -0.889324 0.928951
3 25 174 0.875382 0.120262 -0.468234 0.978795 -0.107385 0.992738 0.0542166 -0.0957022 0.471354 0.00282091 0.881939 0.18111
3 26 325 0.135637 -0.193803 -0.971619 0.807474 0.246743 0.95639 -0.156321 0.134287 0.959542 -0.218537 0.177542 0.574415
3 27 501 0.280076 -0.191833 -0.940616 0.80881 0.207694 0.968732 -0.135725 0.130264 0.937241 -0.157347 0.311161 0.573461
3 28 736 0.473625 -0.179041 -0.862336 0.853076 0.162751 0.980048 -0.114093 0.0926294 0.865558 -0.0863084 0.493315 0.513499
3 29 2354 0.980846 -0.0349747 -0.191618 0.844967 0.0344562 0.999388 -0.0060386 0.111142 0.191712 -0.000679498 0.981451 0.523142
4 5 3270 0.99248 0.029662 0.118759 -0.716137 -0.0310307 0.999471 0.00969254 0.0968153 -0.118408 -0.0133048 0.992876 0.691213
4 6 2773 0.977643 0.0336235 0.207564 -0.980762 -0.0446062 0.997829 0.0484595 0.0227514 -0.205484 -0.0566348 0.97702 0.193876
4 7 1177 0.841604 0.0922695 0.532156 -0.960615 -0.129134 0.991098 0.03238 0.0418849 -0.524431 -0.0959703 0.846027 0.27471
4 8 903 0.759507 0.102588 0.642359 -0.961705 -0.129489 0.991567 -0.00525359 0.0705127 -0.637481 -0.0791884 0.766386 0.264862
4 9 800 0.694862 0.112807 0.710241 -0.965672 -0.141672 0.989739 -0.0185954 0.049071 -0.705051 -0.0877003 0.703713 0.255086
4 10 739 0.589032 0.123614 0.7986 -0.947424 -0.14178 0.988711 -0.0484664 0.0424372 -0.795575 -0.0846774 0.599908 0.317154
4 11 587 0.440611 0.153654 0.88445 -0.904306 -0.175514 0.980973 -0.0829859 0.0938149 -0.880373 -0.118669 0.459196 0.416448
4 12 541 0.303455 0.141272 0.942315 -0.851723 -0.199925 0.976374 -0.0819965 0.0933632 -0.931636 -0.16351 0.324529 0.515608
4 13 457 -0.0797049 0.148256 0.985732 -0.653236 -0.197672 0.966889 -0.161406 0.141524 -0.977022 -0.207717 -0.0477596 0.74381
4 14 158 0.6492 0.749451 0.129857 -0.0028865 -0.760389 0.64366 0.0866608 -0.25862 -0.0186356 -0.155002 0.987738 -0.965975
4 15 229 0.96332 -0.236492 -0.126833 0.923347 0.238722 0.971085 0.00245682 0.073256 0.122584 -0.0326445 0.991921 -0.376914
4 16 180 -0.947399 -0.0860294 -0.308275 0.218171 -0.00263968 0.965265 -0.261261 0.135464 0.320043 -0.246705 -0.914718 0.966463
4 17 137 0.979462 0.107378 0.170659 -0.363821 -0.120407 0.9904 0.0678966 -0.131161 -0.161731 -0.0870507 0.982988 -0.922188
4 18 154 0.997287 -0.0541633 0.049841 -0.970929 0.0518315 0.997552 0.0469447 -0.0318387 -0.0522617 -0.044234 0.997653 0.237241
4 19 138 0.999452 -0.0138932 0.0300436 -0.79097 0.0128642 0.999333 0.034177 0.0538055 -0.0304984 -0.0337718 0.998964 -0.609485
4 20 128 -0.999392 0.0149781 -0.0315 0.209666 0.0180373 0.994905 -0.0991899 0.0674569 0.0298538 -0.0996978 -0.99457 0.975443
4 21 48 0.922159 -0.373567 0.100353 -0.22748 0.337705 0.904033 0.262068 -0.205542 -0.188622 -0.207779 0.959818 -0.951843
4 22 167 -0.813607 0.018493 -0.581121 0.300675 0.109891 0.98637 -0.122465 0.0319781 0.570936 -0.163498 -0.80455 0.95319
4 23 135 0.283522 0.835361 0.470942 -0.356563 0.775639 -0.488548 0.399631 -0.0136023 0.563914 0.251977 -0.786453 0.934172
4 24 150 -0.698773 -0.1853 -0.690928 0.340444 -0.0808836 0.98014 -0.181062 0.145423 0.710756 -0.0706362 -0.699883 0.928951
4 25 85 0.969124 -0.0473899 -0.241976 -0.0824436 0.0597994 0.997232 0.0441957 0.0600378 0.239211 -0.0573011 0.969275 0.994786
4 26 316 0.0147217 -0.164169 -0.986322 0.732889 0.240977 0.957936 -0.155847 0.162034 0.970419 -0.235387 0.0536635 0.660771
4 27 488 0.171172 -0.166086 -0.971141 0.740237 0.215942 0.968047 -0.127495 0.145181 0.961285 -0.187886 0.201567 0.656484
4 28 703 0.35294 -0.151043 -0.923374 0.773629 0.173769 0.980296 -0.0939342 0.0876099 0.919368 -0.127301 0.372232 0.627553
4 29 1849 0.94346 -0.0458627 -0.328298 0.906743 0.0567305 0.998111 0.0235971 0.0745138 0.326596 -0.0408874 0.944279 0.415048
5 6 3340 0.996832 0.00446357 0.0794111 -0.858958 -0.00767744 0.999162 0.0402122 -0.109584 -0.079165 -0.0406945 0.996031 -0.500183
5 7 1606 0.904007 0.0690196 0.42191 -0.974688 -0.0905484 0.995404 0.0311773 -0.0436303 -0.417819 -0.0663877 0.906102 -0.219272
5 8 1204 0.839833 0.0858711 0.53601 -0.996693 -0.108525 0.994035 0.0107901 -0.0262819 -0.531887 -0.0672323 0.844142 -0.0768924
5 9 1046 0.780268 0.0983004 0.617672 -0.99983 -0.114911 0.993292 -0.0129193 -0.00127792 -0.614799 -0.0608966 0.78633 -0.018406
5 10 934 0.693834 0.112552 0.711285 -0.994415 -0.113742 0.992441 -0.0460906 0.0153167 -0.711096 -0.0489237 0.701391 0.104426
5 11 773 0.554933 0.147049 0.818796 -0.963465 -0.156245 0.985161 -0.0710328 0.0660509 -0.817091 -0.088514 0.569673 0.259563
5 12 684 0.415256 0.143233 0.898358 -0.916681 -0.173004 0.981939 -0.0765895 0.0771469 -0.893102 -0.123615 0.432536 0.392102
5 13 563 0.0690002 0.154273 0.985616 -0.761571 -0.194315 0.971127 -0.138401 0.115296 -0.978509 -0.18197 0.0969854 0.637743
5 14 449 -0.216718 0.22887 0.949027 -0.626669 -0.161515 0.950327 -0.266067 0.24215 -0.96278 -0.210944 -0.168987 0.740709
5 15 314 0.14183 0.155656 0.977576 -0.471033 -0.944264 -0.275095 0.180799 0.00501318 0.297068 -0.948733 0.107963 0.882101
5 16 136 0.769295 0.580697 0.266414 -0.218171 -0.562811 0.813305 -0.147574 -0.135464 -0.302372 -0.0364128 0.952494 -0.966463
5 17 92 0.986336 0.164482 0.00935578 0.402002 -0.164677 0.982649 0.085335 -0.0662441 0.00484263 -0.0857097 0.996308 -0.913239
5 18 183 -0.449886 0.676233 0.583363 -0.461325 0.812772 0.580732 -0.0463785 0.000569545 -0.37014 0.453276 -0.810887 0.887231
5 19 139 0.999924 -0.00780316 0.00950455 0.921778 0.00782796 0.999966 -0.00257503 0.197787 -0.00948414 0.00264923 0.999952 -0.333476
5 20 97 0.990185 -0.0943024 0.103152 -0.209666 0.0876936 0.993903 0.0668387 -0.0674569 -0.108826 -0.0571369 0.992417 -0.975443
5 21 167 0.929802 0.158969 -0.331961 0.22734 0.0618757 -0.956594 -0.284781 0.205283 -0.362823 0.24425 -0.899279 0.951933
5 22 164 0.774516 -0.378449 -0.506854 0.300675 -0.42594 -0.904422 0.0244262 0.0319781 -0.467654 0.196971 -0.861686 0.95319
5 23 176 -0.0640928 0.291058 -0.954556 0.48572 0.994713 -0.0582708 -0.0845568 -0.0070651 -0.0802337 -0.954929 -0.285785 0.874086
5 24 147 -0.515851 -0.518838 -0.681693 0.340444 -0.647287 0.757314 -0.0865785 0.145423 0.561176 0.396589 -0.726498 0.928951
5 25 109 0.750148 -0.518829 -0.409993 0.351104 0.542296 0.837467 -0.0675615 0.0755198 0.378408 -0.171656 0.909583 -0.933286
5 26 378 -0.0954944 -0.178622 -0.979273 0.715338 0.241703 0.950167 -0.196883 0.179048 0.96564 -0.255495 -0.047562 0.67545
5 27 475 0.053079 -0.171784 -0.983704 0.742433 0.240087 0.958392 -0.154409 0.130134 0.969299 -0.227978 0.0921135 0.657159
5 28 597 0.187399 -0.159977 -0.969169 0.771301 0.192829 0.973442 -0.123397 0.0811083 0.963171 -0.16376 0.21327 0.631282
5 29 1601 0.890894 -0.0778325 -0.447493 0.976103 0.0892127 0.996003 0.00437472 0.039527 0.445364 -0.0438195 0.894277 0.213685
6 7 1737 0.933419 0.0791344 0.349953 -0.967472 -0.0842741 0.996442 -0.000542459 -0.0681726 -0.348751 -0.0289857 0.936767 -0.243621
6 8 1265 0.87916 0.100515 0.465805 -0.995696 -0.100819 0.994607 -0.0243387 -0.0196551 -0.465739 -0.0255642 0.884553 -0.0905667
6 9 1106 0.832401 0.117349 0.541606 -0.998531 -0.111101 0.992819 -0.04436 -0.0048697 -0.542923 -0.0232479 0.839461 -0.0539614
6 10 876 0.747601 0.136041 0.650066 -0.996123 -0.111888 0.990605 -0.0786306 0.0148155 -0.654655 -0.0139503 0.755799 0.0867145
6 11 788 0.619228 0.175554 0.765335 -0.967372 -0.156206 0.982747 -0.0990386 0.0650025 -0.769517 -0.0582226 0.635967 0.244878
6 12 638 0.497232 0.178566 0.849043 -0.924625 -0.172905 0.979356 -0.104713 0.0785917 -0.850214 -0.0947372 0.517843 0.372683
6 13 528 0.141457 0.205903 0.968294 -0.772014 -0.189859 0.965615 -0.177597 0.129904 -0.971568 -0.158717 0.175685 0.622189
6 14 449 -0.109965 0.214558 0.970501 -0.695473 -0.233068 0.943632 -0.235026 0.184386 -0.966223 -0.252038 -0.0537604 0.694492
6 15 306 -0.637299 0.0531048 0.768785 -0.47759 0.0325733 0.998587 -0.0419764 -0.00124935 -0.769928 -0.00170966 -0.638128 0.878582
6 16 219 -0.418856 0.0422446 0.90707 -0.278016 -0.137146 0.984515 -0.109181 0.0519078 -0.897636 -0.170132 -0.406576 0.959173
6 17 77 0.980857 0.190924 -0.0383194 0.404135 -0.18709 0.978526 0.0865053 -0.0412757 0.0540124 -0.0776801 0.995514 -0.913768
6 18 154 0.352971 0.751574 0.557268 -0.461103 0.777884 -0.566694 0.271578 0.000520213 0.519912 0.337631 -0.784664 0.887346
6 19 103 0.985672 -0.0462624 -0.162208 0.122599 0.0613941 0.994088 0.0895492 -0.200791 0.157106 -0.0982246 0.982685 -0.971932
6 20 180 0.905951 0.385355 -0.175369 0.209666 0.353632 -0.916493 -0.187045 0.0674569 -0.232803 0.107437 -0.966571 0.975443
6 21 82 0.39034 0.770029 0.504669 0.22748 -0.879507 0.473948 -0.0428926 0.205542 -0.272215 -0.427117 0.862247 0.951843
6 22 98 0.778376 0.0979575 0.620109 0.300675 -0.104986 0.994153 -0.0252641 0.0319781 -0.618958 -0.0454375 0.784109 0.95319
6 23 100 0.146577 -0.890818 0.430067 -0.356563 0.905843 0.295557 0.30347 -0.0136023 -0.397446 0.345092 0.850264 0.934172
6 24 159 -0.623269 -0.131476 -0.770876 0.340444 0.200442 0.925974 -0.319991 0.145423 0.755882 -0.353957 -0.550778 0.928951
6 25 161 0.988949 -0.0293491 -0.145319 -0.983164 0.0321835 0.999334 0.0171916 -0.0368298 0.144718 -0.0216785 0.989235 -0.178977
6 26 363 -0.00522507 -0.246808 -0.96905 0.669405 0.275701 0.931149 -0.238642 0.201688 0.961229 -0.268415 0.06318 0.714996
6 27 475 0.00976132 -0.209421 -0.977777 0.644182 0.237996 0.950211 -0.201141 0.146207 0.971217 -0.230744 0.0591167 0.750768
6 28 554 0.141944 -0.216904 -0.965818 0.648097 0.170593 0.966459 -0.191976 0.14522 0.975064 -0.137512 0.174185 0.747584
6 29 1186 0.853314 -0.102651 -0.511193 0.920579 0.0939983 0.994651 -0.0428251 0.0714491 0.512855 -0.011508 0.858398 0.383965
7 8 2575 0.990551 0.0254154 0.134768 -0.998883 -0.0234459 0.999594 -0.0161811 -0.00325698 -0.135125 0.0128684 0.990745 -0.0471369
7 9 2133 0.972461 0.0459882 0.228483 -0.999258 -0.0395505 0.998683 -0.0326776 0.00690541 -0.229685 0.0227411 0.972999 -0.0378881
7 10 1564 0.934731 0.0719748 0.34799 -0.995973 -0.053625 0.996629 -0.0620913 0.0161327 -0.351286 0.0393777 0.93544 0.0881888
7 11 1238 0.857824 0.122023 0.499248 -0.968148 -0.103684 0.992521 -0.0644324 0.0637479 -0.503376 0.00350764 0.86406 0.242128
7 12 943 0.767913 0.134481 0.626279 -0.924794 -0.119846 0.990612 -0.0657659 0.0786879 -0.629243 -0.0245544 0.77682 0.372241
7 13 727 0.486434 0.182368 0.854473 -0.786941 -0.168223 0.979224 -0.113227 0.111872 -0.85737 -0.0886644 0.507007 0.606802
7 14 679 0.296814 0.223921 0.928311 -0.743865 -0.227895 0.96064 -0.158853 0.183599 -0.927343 -0.164407 0.336162 0.642617
7 15 135 0.0528452 0.953467 -0.29683 0.47759 -0.896965 0.175974 0.40557 0.00124935 0.438932 0.244814 0.864526 -0.878582
7 16 465 0.742889 -0.0419317 -0.6681 0.54921 0.0243651 0.999069 -0.0356116 0.0654605 0.668971 0.0101771 0.743219 0.833116
7 17 328 -0.347234 -0.0435128 -0.936768 0.363821 0.361725 0.915405 -0.176602 0.131161 0.865207 -0.400174 -0.302121 0.922188
7 18 156 0.611288 0.668747 0.423208 -0.461325 -0.783237 0.587858 0.202393 0.000569545 -0.113437 -0.455192 0.883138 0.887231
7 19 229 0.130714 -0.0188699 -0.991241 0.382249 0.172033 0.985083 0.00393311 0.0249812 0.97638 -0.17104 0.13201 0.923721
7 20 107 0.973456 0.204054 0.103663 -0.243603 -0.208578 0.977389 0.034738 0.0194835 -0.0942302 -0.0554376 0.994006 0.969679
7 21 130 0.996007 0.00888845 0.0888334 -0.376933 -0.00956286 0.999929 0.00716915 0.0795701 -0.0887633 -0.00799003 0.996021 0.922817
7 22 201 -0.839859 0.162916 0.517779 -0.429235 0.00148783 0.954583 -0.29794 0.146146 -0.542802 -0.249457 -0.801958 0.891291
7 23 77 0.770228 0.284568 0.570762 0.0860463 -0.249431 0.958063 -0.141066 -0.152745 -0.586969 -0.0337128 0.808907 0.984513
7 24 179 -0.572166 -0.561312 -0.597959 -0.118058 -0.336579 0.825577 -0.45292 0.178297 0.74789 -0.057885 -0.661294 0.976869
7 25 226 0.769139 0.00969006 -0.639008 0.156492 0.375318 0.802444 0.463918 -0.952954 0.517263 -0.596648 0.613555 0.259595
7 26 68 -0.995824 0.0716608 -0.0565539 0.380626 -0.066095 -0.993299 -0.0948049 -0.0428265 -0.0629688 -0.0906711 0.993888 -0.923737
7 27 68 0.879081 -0.140823 -0.455397 -0.164879 0.152459 0.988245 -0.0112959 0.0782754 0.451634 -0.0594994 0.890217 0.983203
7 28 73 0.108693 -0.976949 -0.183728 -0.105362 0.95487 0.0512143 0.292575 0.0286965 -0.276421 -0.207238 0.938426 0.99402
7 29 675 0.600101 -0.177145 -0.780063 0.854437 0.151883 0.982665 -0.106311 0.102526 0.785372 -0.0546811 0.616604 0.509338
8 9 3018 0.995518 0.0189665 0.0926473 -0.985665 -0.0179512 0.999769 -0.0117804 -0.024324 -0.0928494 0.0100645 0.995629 -0.166953
8 10 2210 0.973684 0.0437063 0.223673 -0.99933 -0.0366013 0.998688 -0.035815 -0.0155084 -0.224945 0.0266858 0.974006 0.0331642
8 11 1580 0.917879 0.0935981 0.385665 -0.974777 -0.0850043 0.995605 -0.0393165 0.0617627 -0.38765 0.00330457 0.921801 0.214466
8 12 1219 0.850279 0.106464 0.515453 -0.936834 -0.102256 0.994083 -0.0366419 0.0745205 -0.516304 -0.0215525 0.856134 0.341743
8 13 896 0.598492 0.167653 0.78339 -0.805963 -0.15264 0.983808 -0.0939309 0.126208 -0.786453 -0.0633595 0.614392 0.578356
8 14 804 0.423984 0.222963 0.877796 -0.776486 -0.223131 0.965063 -0.137354 0.203167 -0.877753 -0.137627 0.458921 0.596484
8 15 451 -0.485416 -0.0455674 0.873095 -0.47759 -0.183295 0.981751 -0.0506682 -0.00124935 -0.854854 -0.184629 -0.48491 0.878582
8 16 368 0.976518 0.114477 -0.182503 -0.19534 0.138165 -0.982763 0.122829 -0.0115706 -0.165296 -0.14516 -0.975503 0.980667
8 17 381 -0.652649 -0.157698 0.741067 -0.402002 -0.463782 0.856596 -0.226165 0.0662441 -0.599129 -0.4913 -0.632194 0.913239
8 18 58 0.125939 -0.991555 0.030961 -0.113585 0.935908 0.129105 0.327732 0.029081 -0.328962 -0.0122977 0.944263 0.993103
8 19 208 0.363286 0.648542 -0.668892 0.382256 0.643679 -0.693763 -0.323064 0.0250937 -0.673574 -0.313187 -0.669487 0.923716
8 20 194 0.642386 0.690786 0.331897 -0.161169 0.601935 -0.722829 0.339398 -0.106786 0.474357 -0.0182438 -0.880144 0.981133
8 21 239 -0.107949 0.290588 0.950739 -0.392689 0.115054 0.953554 -0.278385 0.173627 -0.987476 0.0793345 -0.136369 0.903133
8 22 144 0.892776 0.450303 0.0133773 0.429235 -0.450091 0.890301 0.0691518 -0.146146 0.0192295 -0.067758 0.997516 -0.891291
8 23 51 -0.12459 0.945429 0.301068 -0.0860463 -0.952265 -0.199165 0.231355 0.152745 0.278692 -0.257872 0.925112 -0.984513
8 24 148 -0.809591 0.108569 -0.576866 0.185453 0.0355621 0.990013 0.136417 -0.143371 0.585916 0.0899276 -0.805367 0.972138
8 25 87 -0.925708 -0.218388 -0.308821 0.449271 0.215329 -0.975531 0.0444038 -0.0367016 -0.310962 -0.0253932 0.950083 -0.892641
8 26 99 0.976281 -0.197102 -0.0895865 0.378918 0.205539 0.973787 0.0974286 -0.0421424 0.0680348 -0.113531 0.991202 -0.92447
8 27 159 0.0617275 -0.998085 -0.00397627 -0.164818 -0.882967 -0.0527496 -0.466462 0.0792699 0.465359 0.0323044 -0.884532 0.983133
8 28 142 0.887929 0.208018 -0.410257 -0.105362 -0.258119 0.963568 -0.0700825 0.0286965 0.380732 0.168123 0.909273 0.99402
8 29 607 0.509158 -0.171926 -0.843327 0.811206 0.16182 0.981494 -0.102396 0.105095 0.845324 -0.0843313 0.527556 0.575238
9 10 2581 0.991274 0.0244738 0.129529 -0.995576 -0.0209231 0.999369 -0.0287024 0.0148632 -0.13015 0.0257418 0.99116 0.0927801
9 11 1790 0.953088 0.0714291 0.294145 -0.970878 -0.0697194 0.997433 -0.0163086 0.0531274 -0.294555 -0.00496409 0.955622 0.233611
9 12 1393 0.894759 0.0829325 0.43878 -0.932285 -0.0864041 0.996187 -0.0120913 0.0666949 -0.43811 -0.0270936 0.898513 0.355523
9 13 989 0.671413 0.141177 0.727512 -0.81372 -0.142223 0.987986 -0.0604668 0.110331 -0.727308 -0.0628704 0.683426 0.57069
9 14 811 0.504939 0.196595 0.840468 -0.80016 -0.21718 0.971327 -0.096726 0.185256 -0.835386 -0.133692 0.533158 0.57046
9 15 354 0.800446 0.258671 0.540717 -0.47759 -0.26345 0.962111 -0.0702632 -0.00124935 -0.538405 -0.0862099 0.838265 0.878582
9 16 422 0.99887 0.0111367 0.0462031 -0.999622 -0.0118125 0.999827 0.0143781 0.00593497 -0.046035 -0.0149077 0.998829 0.0268303
9 17 380 0.824433 -0.0911794 0.558567 -0.402177 0.10211 0.994705 0.0116622 0.0662981 -0.556672 0.0474203 0.829378 0.913158
9 18 154 0.0962251 0.963806 0.248634 -0.113585 0.911101 0.0152948 -0.411899 0.029081 -0.400794 0.266165 -0.876653 0.993103
9 19 183 0.564525 -0.44414 -0.695737 0.381697 0.508982 0.850875 -0.130185 0.0247195 0.649806 -0.280625 0.7064 0.923957
9 20 136 -0.109607 0.984915 -0.133901 0.0302788 0.93867 0.0582562 -0.339861 0.153573 -0.326934 -0.16294 -0.930895 0.987673
9 21 176 0.880172 0.129724 -0.456583 0.093399 0.17297 -0.983444 0.0540255 0.060005 -0.442016 -0.126527 -0.888039 0.993819
9 22 99 0.0752473 -0.92433 -0.374101 0.429235 0.948091 0.182562 -0.260375 -0.146146 0.308969 -0.335089 0.890086 -0.891291
9 23 191 0.0915285 0.885025 -0.456457 0.0860463 0.805099 0.203992 0.556959 -0.152745 0.586036 -0.41847 -0.693862 0.984513
9 24 149 -0.867661 0.369316 -0.33282 0.186826 0.260785 0.908054 0.327764 -0.14284 0.423267 0.197594 -0.884195 0.971953
9 25 190 -0.733163 0.391875 -0.555792 0.241924 0.46088 0.887287 0.0176421 0.0362137 0.500061 -0.243219 -0.831134 0.969619
9 26 114 0.809329 0.200289 -0.552152 0.261007 -0.160057 0.979692 0.120769 0.0714951 0.565127 -0.00936597 0.824951 0.962686
9 27 67 0.703053 0.665855 -0.249707 0.166553 -0.60858 0.745005 0.273127 -0.07639 0.367896 -0.0400561 0.929004 -0.983069
9 28 161 0.860898 -0.0519911 -0.506114 -0.105362 0.12697 0.985245 0.114765 0.0286965 0.49268 -0.163062 0.854797 0.99402
9 29 567 0.403788 -0.149817 -0.902502 0.75595 0.166212 0.982096 -0.0886643 0.0927282 0.899627 -0.114205 0.421459 0.648029
10 11 2334 0.984019 0.0447781 0.172341 -0.973031 -0.0482125 0.998712 0.0157915 0.0585561 -0.171412 -0.0238481 0.984911 0.223119
10 12 1726 0.945876 0.055163 0.319805 -0.937744 -0.064062 0.997795 0.0173649 0.0825609 -0.318142 -0.0369124 0.947324 0.337373
10 13 1123 0.76202 0.11329 0.637566 -0.846509 -0.126421 0.991659 -0.0251104 0.120609 -0.635093 -0.0614673 0.769986 0.518533
10 14 861 0.612656 0.160935 0.773791 -0.861623 -0.203796 0.978109 -0.0420717 0.16889 -0.763623 -0.13192 0.632042 0.478624
10 15 418 0.778117 0.154183 0.608902 -0.47759 -0.164563 0.985585 -0.0392687 -0.00124935 -0.606179 -0.0696471 0.792273 0.878582
10 16 403 -0.651634 -0.297851 -0.697609 0.20597 -0.291055 0.947465 -0.132657 0.147231 0.700472 0.116599 -0.704091 0.967419
10 17 338 -0.154941 0.947308 0.280357 -0.402002 0.947851 0.22255 -0.228144 0.0662441 -0.278516 0.230388 -0.93239 0.913239
10 18 78 0.968676 0.246259 -0.0319852 -0.113585 -0.236312 0.953708 0.186005 0.029081 0.0763099 -0.17262 0.982028 0.993103
10 19 209 0.417548 -0.185147 -0.889592 0.382765 -0.120148 -0.981674 0.147917 0.0247241 -0.900676 0.0451204 -0.432142 0.923515
10 20 160 -0.558868 0.0354404 0.828499 -0.43195 0.104765 0.994099 0.0281459 -0.0120926 -0.822612 0.102528 -0.559283 0.901816
10 21 81 -0.917728 -0.368855 -0.147382 0.356775 0.39245 -0.899274 -0.193105 0.124428 -0.0613091 -0.235058 0.970046 -0.925867
10 22 229 0.519401 0.109965 0.847426 -0.429235 0.384042 -0.915933 -0.11653 0.146146 0.763371 0.385973 -0.517967 0.891291
10 23 209 0.667845 0.715097 -0.206444 0.223873 0.619071 -0.687666 -0.379297 0.134745 -0.413199 0.125509 -0.90195 0.965259
10 24 182 0.554778 -0.566506 -0.609338 0.186826 -0.745911 -0.663094 -0.062639 -0.14284 -0.368563 0.489263 -0.790433 0.971953
10 25 165 0.76484 -0.573345 0.293761 0.0355385 -0.622436 -0.775255 0.107485 0.0520114 0.166113 -0.265056 -0.949817 0.998014
10 26 63 0.812354 -0.547093 0.201919 0.262076 0.520207 0.836316 0.173092 0.0808817 -0.263565 -0.0355724 0.963985 0.961652
10 27 123 0.96577 0.0965867 -0.240748 0.32285 -0.0441321 0.975743 0.214425 0.0188441 0.255618 -0.196461 0.946606 0.946262
10 28 122 -0.989429 -0.0839336 0.118263 -0.221795 0.0824572 -0.996444 -0.0173303 0.0281073 0.119297 -0.00739551 0.992831 0.974688
10 29 560 0.299965 -0.145739 -0.942752 0.71339 0.177135 0.979584 -0.0950721 0.118257 0.93736 -0.138476 0.319657 0.690717
11 12 2423 0.98757 0.0135803 0.156595 -0.959141 -0.0150067 0.999856 0.00792986 0.0650511 -0.156465 -0.0101813 0.987631 0.275349
11 13 1351 0.864112 0.0806119 0.496801 -0.938472 -0.0823295 0.996434 -0.0184831 0.0607949 -0.496519 -0.0249299 0.867668 0.339963
11 14 1041 0.739767 0.127006 0.660768 -0.981997 -0.159942 0.987069 -0.0106605 0.0474641 -0.653578 -0.0977982 0.750514 0.182836
11 15 555 0.556427 0.175262 0.812202 -0.990977 -0.172638 0.980555 -0.0933183 0.0684907 -0.812764 -0.0882921 0.575864 0.115207
11 16 474 0.449878 0.204391 0.869387 -0.991218 -0.189258 0.973169 -0.130855 0.0885391 -0.872806 -0.10567 0.47649 0.0982237
11 17 373 -0.422412 -0.0720464 -0.903536 0.363821 0.0413072 0.99427 -0.0985929 0.131161 0.905462 -0.0789693 -0.417015 0.922188
11 18 179 -0.566532 -0.821994 -0.0580321 -0.113359 -0.82065 0.55642 0.130116 0.0292405 -0.0746645 0.121339 -0.989799 0.993124
11 19 241 -0.553737 0.327587 -0.765547 0.382249 0.378411 0.917945 0.119087 0.0249812 0.741741 -0.223749 -0.632263 0.923721
11 20 76 -0.960371 -0.100552 -0.259954 0.232686 0.0711011 -0.990184 0.120336 0.0402823 -0.269502 0.0970847 0.958093 0.971717
11 21 113 0.64809 0.180787 0.739794 -0.641159 -0.176534 0.980619 -0.0849876 0.289449 -0.740821 -0.0755189 0.667444 -0.710728
11 22 58 -0.998703 0.000764628 -0.0509178 -0.387181 -0.0162909 -0.952139 0.305231 -0.14636 -0.0482474 0.305665 0.950916 -0.910313
11 23 113 0.433 -0.444303 -0.784287 0.226294 -0.865917 0.0366688 -0.498841 0.148268 0.250396 0.895126 -0.368852 0.962708
11 24 111 0.998738 -0.0099007 -0.0492365 -0.389217 0.000164366 0.981015 -0.193933 0.0308261 0.0502218 0.19368 0.979778 0.92063
11 25 123 0.980283 -0.0207919 0.196502 -0.0275104 0.00256535 0.995704 0.0925581 0.0770361 -0.197582 -0.0902291 0.976125 0.996649
11 26 120 -0.191593 0.973494 0.124903 0.106884 0.945616 0.217177 -0.242165 0.081565 -0.262872 0.0717134 -0.962162 0.99092
11 27 213 0.456846 -0.110509 0.882655 -0.166553 -0.0888464 -0.99296 -0.0783336 0.07639 0.885098 -0.0426343 -0.463448 0.983069
11 28 179 0.637682 -0.6238 0.451924 -0.105362 -0.66278 -0.743292 -0.0907726 0.0286965 0.392535 -0.241643 -0.887426 0.99402
11 29 552 0.0878312 -0.186872 -0.97845 0.630651 0.183506 0.968471 -0.168493 0.140806 0.979087 -0.164753 0.119354 0.763186
12 13 1799 0.932107 0.0737641 0.354592 -0.997195 -0.0717049 0.997246 -0.0189634 -0.00367419 -0.355014 -0.00775007 0.934829 -0.0747511
12 14 1226 0.843399 0.120448 0.523613 -0.966305 -0.144491 0.989493 0.00512022 -0.0682318 -0.517495 -0.0799757 0.851941 -0.248193
12 15 676 0.701396 0.15372 0.695998 -0.964339 -0.162807 0.985205 -0.0535262 -0.0661589 -0.693929 -0.0757702 0.716046 -0.256267
12 16 524 0.628766 0.184707 0.755339 -0.957263 -0.178374 0.979737 -0.0910964 -0.0091212 -0.756859 -0.0774546 0.648972 -0.289074
12 17 351 -0.642154 0.442079 0.626262 -0.39726 0.607769 0.791492 0.0644769 0.0442699 -0.467178 0.422027 -0.776942 0.916638
12 18 207 0.989227 -0.0316056 0.14294 -0.812732 0.0304776 0.999485 0.0100742 0.0500741 -0.143185 -0.00560918 0.98968 0.580482
12 19 102 0.957457 0.0467162 0.284769 0.0348949 -0.0425695 0.998878 -0.020737 0.0289741 -0.285418 0.00773235 0.958372 0.998971
12 20 64 -0.998615 -0.0269221 0.0451964 -0.298534 0.0391913 -0.953835 0.297763 -0.133947 0.0350935 0.299122 0.953569 -0.944953
12 21 133 0.695986 0.140994 0.704077 -0.614824 -0.128836 0.989141 -0.0707242 0.118102 -0.706403 -0.0414872 0.706593 -0.779771
12 22 151 0.92931 0.14332 0.340356 0.756763 -0.161866 0.986455 0.0265747 -0.254455 -0.331937 -0.0797881 0.939921 -0.602132
12 23 36 0.917287 0.10526 0.384064 0.233799 -0.0937479 0.994407 -0.0486325 0.134492 -0.387035 0.00860483 0.922025 0.962938
12 24 76 -0.100728 -0.97657 -0.190172 -0.389217 0.98781 -0.0753643 -0.136202 0.0308261 0.118679 -0.201573 0.972257 0.92063
12 25 217 0.949638 -0.300522 -0.0887395 -0.0270184 -0.309667 -0.943348 -0.119169 0.0771113 -0.0478995 0.140647 -0.9889 0.996656
12 26 194 -0.306766 0.139411 -0.94152 0.341866 0.228677 0.971034 0.0692737 0.0452977 0.923905 -0.194054 -0.32976 0.938656
12 27 208 -0.859526 0.403413 0.313804 -0.164851 0.280572 0.885637 -0.370035 0.0783531 -0.427194 -0.23001 -0.874415 0.983201
12 28 188 0.390044 0.791412 0.470673 -0.0988151 0.823935 -0.528181 0.205319 0.0306655 0.411092 0.30772 -0.858086 0.994633
12 29 436 -0.0278854 -0.203929 -0.978588 0.620229 0.182591 0.96146 -0.205563 0.150829 0.982793 -0.184413 0.0104249 0.769783
13 14 1640 0.978506 0.0528031 0.199345 -0.877196 -0.0633417 0.996891 0.0468595 -0.130847 -0.196251 -0.0584792 0.978808 -0.461959
13 15 863 0.902222 0.0934991 0.421016 -0.920157 -0.101968 0.994785 -0.00240731 -0.100125 -0.419045 -0.0407583 0.90705 -0.37853
13 16 600 0.852506 0.108048 0.511428 -0.923416 -0.116098 0.993104 -0.0162836 -0.0896388 -0.509661 -0.0454941 0.859172 -0.373185
13 17 342 0.846817 0.108396 0.520722 -0.943553 -0.127087 0.991892 0.000196974 -0.0749663 -0.516478 -0.0663439 0.853727 -0.322626
13 18 223 0.480978 0.198082 -0.854063 0.759458 0.0404749 0.968088 0.247322 -0.260195 0.875798 -0.153524 0.457611 0.596257
13 19 151 0.999974 -0.00691267 0.00202955 0.00724049 0.00672947 0.996813 0.0794954 -0.940384 -0.0025726 -0.0794796 0.996833 0.340039
13 20 73 0.65031 -0.758444 0.0431193 0.209666 0.758331 0.651486 0.0223722 0.0674569 -0.0450596 0.0181498 0.998819 0.975443
13 21 104 0.899254 0.303373 0.315132 0.22748 -0.323515 0.946143 0.0123392 0.205542 -0.294416 -0.113046 0.948968 0.951843
13 22 81 0.902436 0.291406 0.31732 0.300675 -0.259709 0.955632 -0.138993 0.0319781 -0.343744 0.0430215 0.938077 0.95319
13 23 78 0.897085 0.304056 0.320607 -0.356674 0.292443 -0.952494 0.0850446 -0.0133246 0.331234 0.0174668 -0.943387 0.934134
13 24 48 0.966457 0.159219 -0.201521 -0.389217 -0.139813 0.984357 0.107209 0.0308261 0.215438 -0.0754381 0.973599 0.92063
13 25 143 0.908159 -0.341401 0.242265 -0.119386 -0.314124 -0.938288 -0.144711 0.0884275 0.276719 0.0553197 -0.959357 0.988902
13 26 144 0.998384 -0.026527 -0.0502536 0.143842 0.0312095 0.995006 0.0948104 -0.360408 0.0474876 -0.0962256 0.994226 0.921637
13 27 116 0.99597 -0.0298575 0.0845742 -0.0634483 0.0298774 0.999553 0.00103006 -0.0357061 -0.0845672 0.00150096 0.996417 0.997346
13 28 111 -0.399342 0.510957 -0.761215 0.0757281 -0.916365 -0.248093 0.314206 -0.0934498 -0.0283063 0.823027 0.567297 0.99274
13 29 322 -0.40674 -0.187528 -0.894089 0.556238 0.156949 0.949808 -0.270614 0.161173 0.899961 -0.250397 -0.356893 0.815244
14 15 1246 0.97397 0.0550051 0.219901 -0.841857 -0.0472522 0.998067 -0.0403662 -0.128224 -0.221696 0.0289247 0.974687 -0.524247
14 16 775 0.940143 0.0769847 0.33197 -0.880165 -0.0641084 0.99671 -0.0495837 -0.114378 -0.334695 0.0253337 0.941986 -0.460682
14 17 489 0.882559 0.111419 0.45681 -0.99658 -0.10647 0.99364 -0.036654 -0.0286192 -0.457989 -0.0162873 0.888809 -0.0775149
14 18 225 0.579754 0.203452 0.788982 -0.939441 -0.152888 0.978288 -0.139923 0.0613138 -0.800319 -0.0395053 0.598271 0.337183
14 19 236 0.274947 0.231506 0.933172 -0.826767 -0.153746 0.968675 -0.195015 0.0964232 -0.949087 -0.0898526 0.301927 0.554219
14 20 176 0.987835 -0.00993583 0.15519 -0.11595 -0.0105041 0.991414 0.130336 -0.924782 -0.155153 -0.13038 0.979249 -0.362399
14 21 74 0.972406 0.0267759 0.231755 0.305707 -0.0204227 0.999348 -0.0297695 0.200426 -0.232401 0.0242149 0.972319 0.930791
