0 1 388 0.599613 -0.116388 -0.791781 0.450685 0.124519 0.990887 -0.0513573 0.131008 0.790543 -0.0677976 0.608642 0.883018
0 2 426 0.826515 -0.0916596 -0.555402 0.540099 0.0965288 0.995117 -0.0205789 0.188262 0.554576 -0.0366035 0.831327 0.820275
0 3 640 0.951724 -0.0556077 -0.301876 0.701589 0.0603208 0.998159 0.00630526 0.131479 0.300969 -0.0242103 0.953326 0.700347
0 4 641 0.992107 -0.0334079 -0.120865 0.611147 0.0316006 0.999359 -0.0168397 0.11333 0.12135 0.0128874 0.992526 0.783362
0 5 564 0.99952 0.00422229 -0.0306764 0.487224 -0.00469185 0.999873 -0.0152513 0.14892 0.0306081 0.0153879 0.999413 0.860486
0 6 604 0.998273 0.0103609 0.0578321 0.398022 -0.0117379 0.999654 0.0235213 0.201834 -0.0575684 -0.0241595 0.998049 0.894897
0 7 284 0.91789 0.0797721 0.388735 0.564593 -0.0959844 0.99513 0.0224305 0.179499 -0.385052 -0.0579012 0.921077 0.805615
0 8 455 0.84201 0.10055 0.530009 0.044671 -0.10943 0.993886 -0.0147052 0.257083 -0.528247 -0.045617 0.847865 0.965356
0 9 639 0.798363 0.111555 0.591753 -0.382331 -0.122979 0.992184 -0.0211264 0.186201 -0.589485 -0.0559065 0.805842 0.90507
0 10 586 0.711362 0.126937 0.691268 -0.729846 -0.122999 0.990861 -0.0553759 0.115029 -0.691979 -0.0456331 0.720474 0.673865
0 11 586 0.581729 0.163879 0.796703 -0.808602 -0.163602 0.98305 -0.082753 0.137594 -0.79676 -0.0822021 0.598679 0.572041
0 12 523 0.483799 0.147973 0.862579 -0.81064 -0.214303 0.975628 -0.0471685 0.0633063 -0.848535 -0.162034 0.503719 0.582112
0 13 499 0.0836176 0.167719 0.982282 -0.613825 -0.199817 0.968536 -0.148362 0.144175 -0.976259 -0.183871 0.1145 0.776165
0 14 134 -0.169062 0.886819 0.430081 0.468401 -0.967762 -0.066708 -0.24287 0.155281 -0.186692 -0.457277 0.869508 0.869764
0 15 302 0.757203 -0.342946 0.555906 -0.330391 -0.246861 -0.938207 -0.242542 0.0742018 0.604733 0.0464218 -0.795074 0.940923
0 16 253 0.971172 -0.0841003 0.223052 -0.198249 -0.0608426 -0.992159 -0.109177 0.0837391 0.230485 0.0924589 -0.968673 0.976568
0 17 270 0.0245825 -0.914472 0.403903 -0.38649 0.932152 0.166958 0.321274 0.0646711 -0.361231 0.368601 0.856531 0.920023
0 18 121 0.9883 -0.0834035 0.127698 -0.058339 0.0719343 0.993163 0.0919405 0.1763 -0.134493 -0.0816789 0.987542 0.982606
0 19 233 0.869229 0.0324947 0.493341 -0.443194 -0.0273932 -0.99314 0.113679 -0.0252376 0.493651 -0.112328 -0.862375 0.89607
0 20 222 0.88448 -0.192742 0.424907 -0.232428 -0.310271 -0.923119 0.227121 -0.268598 0.348464 -0.33272 -0.876282 0.93479
0 21 86 -0.971047 -0.137958 -0.195024 0.128134 0.139524 -0.990202 0.00575202 0.0855839 -0.193907 -0.0216251 0.980782 -0.988057
0 22 268 0.316 -0.402801 0.859008 -0.267796 -0.933086 -0.295834 0.20453 -0.0389229 0.171739 -0.86616 -0.469331 0.962689
0 23 69 -0.944296 0.0747245 -0.320503 -0.16224 -0.157144 -0.958064 0.239623 0.170189 -0.289157 0.27664 0.916438 0.971964
0 24 330 -0.0879182 -0.683107 -0.725007 0.590741 0.981948 0.062934 -0.178373 -0.0757633 0.167475 -0.727602 0.665242 0.803296
0 25 78 0.786537 0.593276 0.171411 -0.225686 -0.578845 0.804993 -0.130096 -0.174034 -0.215168 0.00310449 0.976572 -0.958529
0 26 167 -0.583899 0.233951 0.777386 -0.0746224 -0.0145359 -0.960436 0.278122 0.184012 0.811696 0.151095 0.564199 0.980087
0 27 333 -0.0262343 -0.183735 -0.982626 0.234127 0.22293 0.957135 -0.184921 0.20321 0.974481 -0.223908 0.0158503 0.950731
0 28 181 0.655329 -0.137929 -0.742643 -0.27121 0.124253 0.989478 -0.0741292 0.182747 0.745053 -0.0436962 0.665572 0.945013
0 29 399 0.871452 -0.080944 -0.483755 0.638166 0.0804558 0.99652 -0.0218062 0.157054 0.483837 -0.0199179 0.874932 0.753709
1 2 1208 0.967197 0.0225294 0.253026 -0.983834 -0.0310198 0.99908 0.0296155 -0.0257066 -0.252126 -0.0364929 0.967006 -0.177227
1 3 959 0.876141 0.0632394 0.477889 -0.95286 -0.0726797 0.997355 0.00126713 -0.0656364 -0.476545 -0.035843 0.878419 -0.296225
1 4 729 0.824719 0.0781538 0.560116 -0.985189 -0.0681951 0.996921 -0.0386909 -0.0147455 -0.561416 -0.00628805 0.82751 -0.170839
1 5 699 0.712902 0.108524 0.692815 -0.95917 -0.100061 0.993586 -0.0526751 0.0524413 -0.694088 -0.0317716 0.719189 0.277925
1 6 558 0.662547 0.110968 0.740755 -0.986999 -0.13525 0.990433 -0.0274 0.0296767 -0.736708 -0.0820333 0.671216 0.157961
1 7 83 0.224237 -0.851437 0.474102 -0.329081 0.925669 0.338207 0.169569 0.164765 -0.304722 0.400837 0.863987 -0.929816
1 8 181 -0.926802 -0.375533 0.00366652 0.214002 -0.321128 0.797517 0.510728 -0.130211 -0.194719 0.472166 -0.859734 0.968116
1 9 167 -0.745693 0.610193 -0.267594 0.220499 0.654766 0.745471 -0.124715 0.00631306 0.123383 -0.268211 -0.955426 0.975367
1 10 186 -0.808428 -0.0389068 0.587307 -0.368837 0.254584 0.876535 0.408502 -0.258255 -0.530689 0.479764 -0.69871 0.892896
1 11 157 0.795426 0.290335 0.53198 -0.446014 0.120878 -0.936148 0.330176 -0.139895 0.593874 -0.198326 -0.779731 0.884025
1 12 222 0.912596 0.222083 -0.34329 0.876808 -0.214208 0.974868 0.061221 -0.0571162 0.348259 0.0176654 0.937232 -0.477437
1 13 150 0.0581665 0.993013 0.102675 -0.14172 0.906003 -0.0957016 0.412311 -0.233414 0.419257 0.0690408 -0.905239 0.961994
1 14 166 -0.423345 0.67983 0.59884 -0.0598478 0.764457 0.622781 -0.166583 -0.0508536 -0.486195 0.387265 -0.783352 0.996911
1 15 241 0.376354 0.199467 -0.904749 0.331599 -0.118961 0.978869 0.166323 -0.164314 0.918807 0.0450333 0.39213 0.929001
1 16 280 -0.403513 -0.306391 -0.86215 0.445026 -0.39699 0.907581 -0.136732 0.0363452 0.824364 0.287092 -0.487854 0.89478
1 17 262 0.857796 0.0165415 -0.513724 0.911566 0.0069942 0.999014 0.0438461 -0.0188471 0.513943 -0.0412041 0.856834 0.410722
1 18 163 -0.781923 -0.62326 0.0119716 -0.385341 0.622503 -0.781701 -0.0378581 0.2391 0.0329537 -0.0221498 0.999211 -0.891259
1 19 174 -0.51533 -0.771739 0.372631 -0.293034 -0.660702 0.634702 0.400782 -0.462593 -0.545809 -0.039663 -0.836971 0.836743
1 20 256 -0.747761 -0.089452 -0.657915 0.323461 -0.287518 0.936786 0.199414 -0.112957 0.598487 0.338276 -0.726211 0.939475
1 21 130 0.850285 -0.177516 0.495484 -0.208963 -0.146736 -0.984033 -0.100739 0.130729 0.505455 0.0129515 -0.862756 0.969146
1 22 52 -0.907813 -0.291793 0.301219 -0.252649 0.267554 -0.956067 -0.119793 -0.111778 0.32294 -0.0281575 0.946 -0.96108
1 23 247 0.296058 -0.678036 -0.672768 0.473164 -0.952582 -0.261403 -0.155743 -0.124129 -0.0702641 0.686976 -0.723275 0.872186
1 24 102 0.0932068 -0.95973 -0.265012 -0.365662 0.990276 0.116969 -0.0753089 -0.288586 0.103274 -0.255416 0.9613 0.884878
1 25 300 0.547652 0.0392127 0.835787 -0.587159 0.0740155 0.992715 -0.0950742 -0.013929 -0.833426 0.113929 0.54076 0.809352
1 26 295 0.61574 -0.148831 -0.773766 0.951926 0.221653 0.975062 -0.0111653 0.0559662 0.756131 -0.164633 0.633373 0.301173
1 27 367 0.750508 -0.137492 -0.646401 0.984151 0.176846 0.98423 -0.00402104 0.0267096 0.63676 -0.111296 0.762987 0.175311
1 28 488 0.837117 -0.119395 -0.533834 0.999987 0.126397 0.991699 -0.0235917 0.00396155 0.53222 -0.0477263 0.84526 0.00316459
1 29 256 0.950498 0.0344685 0.308814 -0.78311 -0.0408681 0.999063 0.0142768 0.0232564 -0.308032 -0.0261907 0.951015 0.621448
2 3 1340 0.968198 0.0495451 0.245229 -0.792124 -0.0466558 0.998756 -0.0175812 -0.134078 -0.245795 0.0055807 0.969306 -0.595451
2 4 915 0.924243 0.0735735 0.37465 -0.984225 -0.0551588 0.996694 -0.0596562 -0.0175121 -0.3778 0.0344716 0.925245 -0.176053
2 5 820 0.866319 0.107095 0.487876 -0.96545 -0.0875958 0.994181 -0.062692 0.0488865 -0.491751 0.0115754 0.870659 0.255963
2 6 647 0.825835 0.112578 0.552561 -0.994133 -0.115724 0.992848 -0.0293255 0.0151304 -0.55191 -0.0397264 0.832957 0.107098
2 7 284 0.567844 0.169673 0.805459 -0.945607 -0.179516 0.980498 -0.0799881 0.0766164 -0.803323 -0.099172 0.587229 0.316159
2 8 260 0.455967 0.184062 0.870756 -0.941653 -0.199175 0.974669 -0.10173 0.054598 -0.867423 -0.127048 0.481078 0.332126
2 9 250 0.426418 0.200043 0.882128 -0.956581 -0.233746 0.966483 -0.106181 0.017461 -0.873802 -0.160916 0.458885 0.290943
2 10 233 0.458474 0.273503 0.845575 -0.976134 -0.295076 0.944337 -0.145456 -0.00155129 -0.838291 -0.182821 0.513658 0.217162
2 11 186 0.611797 0.578184 0.539822 -0.243376 0.517757 -0.808646 0.27932 -0.124864 0.598024 0.10861 -0.794085 0.961861
2 12 109 0.997431 -0.0511059 0.0501949 0.292826 0.0538088 0.997087 -0.054061 0.165933 -0.0472858 0.056623 0.997275 -0.941658
2 13 123 -0.92744 0.003891 -0.373953 0.426065 -0.0488646 -0.992634 0.110861 -0.0281515 -0.370767 0.12109 0.920798 -0.904254
2 14 88 0.866031 0.48905 0.104022 0.204654 -0.491674 0.870779 -0.000481464 -0.0357757 -0.0908159 -0.0507281 0.994575 -0.97818
2 15 112 0.946638 0.047156 -0.318829 0.518745 -0.0432071 0.998877 0.0194511 -0.00537387 0.319389 -0.00463745 0.947613 -0.854912
2 16 200 -0.800742 -0.238055 -0.549675 0.254738 -0.362501 0.923111 0.128292 -0.112823 0.476871 0.301987 -0.825469 0.960406
2 17 291 0.939785 -0.278045 0.198733 -0.238828 0.254391 0.180787 -0.950053 0.793473 0.228229 0.943402 0.240633 0.559787
2 18 214 -0.768249 -0.584492 0.26108 -0.269785 -0.586865 0.80597 0.0774638 -0.0586257 -0.2557 -0.0937073 -0.962204 0.961134
2 19 67 0.859694 0.267345 0.435262 0.125143 -0.232433 0.963514 -0.132723 0.0318174 -0.454864 0.0129313 0.890467 0.991628
2 20 83 0.379705 -0.791345 0.479164 0.160491 0.885998 0.460081 0.0577367 -0.0464176 -0.266144 0.402615 0.875825 0.985945
2 21 98 0.0484927 0.9702 -0.237402 0.290458 -0.994994 0.026129 -0.0964593 0.0590375 -0.0873818 0.240891 0.966611 0.955065
2 22 141 -0.690653 -0.383241 -0.61329 0.397855 -0.397677 0.909572 -0.120544 0.0602722 0.604029 0.160638 -0.780605 0.915466
2 23 86 -0.474198 0.87439 -0.102851 -0.473861 -0.876591 -0.458024 0.147654 0.122173 0.0819992 0.160176 0.983677 -0.872083
2 24 119 0.943619 0.0465947 -0.327737 0.163951 -0.071217 0.995436 -0.0635254 -0.292437 0.323282 0.0832842 0.942631 0.942126
2 25 97 -0.999163 -0.0137912 0.0385145 -0.37374 0.0245927 -0.954844 0.296089 0.0451795 0.0326919 0.296789 0.954383 0.926432
2 26 129 0.785576 -0.208415 -0.58261 0.607836 0.219788 0.974154 -0.0521235 -0.00379123 0.578415 -0.0871037 0.811079 -0.794053
2 27 308 0.559222 -0.197362 -0.805182 0.924554 0.186387 0.976315 -0.109858 0.139198 0.807794 -0.0886401 0.582763 0.354717
2 28 342 0.666055 -0.169494 -0.72639 0.955663 0.136008 0.985112 -0.105153 0.100322 0.733398 -0.0287571 0.679191 0.276847
2 29 1242 0.998825 0.0139396 0.046416 0.975181 -0.0132367 0.999794 -0.0154169 0.0496331 -0.0466213 0.0147844 0.998803 0.215774
3 4 2110 0.990587 0.0227022 0.134992 -0.992784 -0.0175715 0.999082 -0.0390784 0.0530818 -0.135756 0.0363385 0.990076 0.107523
3 5 1508 0.963935 0.0581935 0.259699 -0.876089 -0.0512269 0.998124 -0.0335192 0.0922947 -0.261163 0.0190068 0.965108 0.473233
3 6 1365 0.939074 0.0638539 0.337732 -0.972258 -0.069178 0.997597 0.00373897 0.0492524 -0.336682 -0.0268748 0.941235 0.228669
3 7 536 0.757291 0.129034 0.640203 -0.922765 -0.146624 0.988854 -0.0258643 0.0895782 -0.636405 -0.0742824 0.76777 0.374808
3 8 480 0.655579 0.143698 0.741328 -0.920799 -0.148362 0.987103 -0.0601378 0.0927175 -0.740409 -0.0705601 0.668443 0.378858
3 9 401 0.586409 0.153238 0.795388 -0.929522 -0.160586 0.984446 -0.0712676 0.0695488 -0.793937 -0.0859359 0.601896 0.362149
3 10 365 0.418356 0.15805 0.894426 -0.900926 -0.140922 0.984114 -0.107984 0.0693241 -0.897284 -0.0808685 0.433983 0.4284
3 11 154 0.974565 0.118932 0.189944 -0.22862 -0.117225 0.992899 -0.0202408 0.131597 -0.191003 -0.00254022 0.981586 0.96458
3 12 349 0.108421 0.303945 0.9465 -0.708228 0.0864089 0.945628 -0.313563 0.279487 -0.990343 0.115783 0.0762626 0.648306
3 13 255 -0.953541 0.288903 0.0854027 -0.123869 0.270118 0.945419 -0.182261 0.205851 -0.133397 -0.150725 -0.979534 0.970712
3 14 232 0.615569 0.564938 0.549472 0.0028865 -0.611173 0.78239 -0.11972 0.25862 -0.497536 -0.262127 0.82689 0.965975
3 15 324 -0.675803 0.111047 0.728669 -0.395613 -0.164209 0.941059 -0.29571 0.174916 -0.718558 -0.319495 -0.617735 0.901607
3 16 115 -0.73044 0.671482 -0.12478 0.218171 -0.674176 -0.738127 -0.0255989 0.135464 -0.109293 0.0654254 0.991854 0.966463
3 17 220 -0.164287 -0.913253 -0.3728 0.209113 -0.945797 0.253172 -0.203403 -0.0141447 0.280141 0.319176 -0.905344 0.977789
3 18 243 -0.602702 -0.700388 0.38237 -0.269785 -0.680143 0.701493 0.212868 -0.0586257 -0.41732 -0.13177 -0.899156 0.961134
3 19 295 0.982113 0.180122 0.054856 0.115516 -0.00973344 0.339515 -0.94055 0.866631 -0.188038 0.923193 0.335195 0.485393
3 20 105 0.978391 -0.19844 0.0580767 -0.326316 0.188811 0.971951 0.14022 -0.190161 -0.084273 -0.126225 0.988416 -0.925935
3 21 119 -0.821921 -0.494955 -0.281897 0.281266 0.433245 -0.864528 0.254735 0.0583465 -0.369791 0.0872417 0.92501 0.957854
3 22 189 -0.839895 0.0378647 0.541427 -0.315947 -0.0344508 0.991833 -0.122806 0.0253465 -0.541655 -0.121797 -0.83173 0.948438
3 23 229 -0.649809 0.154768 -0.744175 0.474246 0.25088 0.967855 -0.0177804 -0.12251 0.717501 -0.198253 -0.667749 0.871827
3 24 242 -0.756729 0.132151 -0.640232 0.364058 0.371775 0.892559 -0.255189 0.152881 0.537722 -0.431131 -0.724556 0.918743
3 25 213 0.166728 -0.876383 0.451835 -0.271931 -0.984731 -0.124735 0.121429 -0.160594 -0.0500586 -0.465182 -0.883798 0.948822
3 26 390 0.256105 -0.193213 -0.947142 0.863326 0.26309 0.956765 -0.124038 0.0879126 0.930158 -0.217417 0.295864 0.49693
3 27 457 0.284849 -0.196185 -0.938282 0.810097 0.209845 0.967852 -0.138662 0.136307 0.935321 -0.157396 0.31686 0.570231
3 28 611 0.460431 -0.181475 -0.868948 0.843127 0.160541 0.979762 -0.119552 0.107113 0.873058 -0.0844565 0.480247 0.526939
3 29 1332 0.980595 -0.0348325 -0.192923 0.846945 0.0342175 0.999393 -0.00651965 0.113425 0.193033 -0.000208218 0.981192 0.519441
4 5 2041 0.991436 0.0300783 0.127081 -0.744564 -0.0316142 0.999449 0.0100855 0.0908294 -0.126707 -0.0140166 0.991841 0.661343
4 6 1873 0.978302 0.0333817 0.204479 -0.981558 -0.0443088 0.997811 0.0490945 0.0207506 -0.202393 -0.0570894 0.977639 0.190036
4 7 789 0.840901 0.0922143 0.533275 -0.962211 -0.12967 0.991004 0.033106 0.038962 -0.525425 -0.0969885 0.845294 0.269502
4 8 629 0.758292 0.101489 0.643967 -0.961117 -0.130441 0.991453 -0.00265407 0.0641138 -0.638732 -0.081987 0.765049 0.268595
4 9 575 0.696899 0.114572 0.707958 -0.96751 -0.149252 0.988713 -0.0130866 0.0360557 -0.701466 -0.096544 0.706133 0.250248
4 10 480 0.595281 0.123408 0.793984 -0.949219 -0.145611 0.988343 -0.0444469 0.0359865 -0.790214 -0.0891547 0.606311 0.312552
4 11 432 0.458871 0.153791 0.875092 -0.908622 -0.184815 0.979885 -0.0752971 0.085081 -0.869069 -0.127178 0.478063 0.40886
4 12 451 0.285519 0.140098 0.948078 -0.845285 -0.196495 0.976799 -0.0851671 0.095226 -0.938013 -0.161975 0.306424 0.525762
4 13 435 0.592662 0.186166 0.783642 -0.831173 -0.22473 0.972505 -0.0610716 0.123909 -0.773465 -0.139913 0.618204 0.542031
4 14 378 -0.934546 0.221958 0.278133 0.0028865 0.0796568 0.892276 -0.444409 0.25862 -0.346811 -0.393165 -0.851553 0.965975
4 15 220 0.678596 0.560305 0.474938 -0.306021 -0.56946 0.809728 -0.141621 0.0536775 -0.463921 -0.174354 0.868549 0.95051
4 16 133 0.738982 -0.599221 -0.307959 0.21787 0.641152 0.765896 0.0482498 0.135486 0.206952 -0.233104 0.950175 0.966528
4 17 160 0.85222 0.512088 -0.107177 0.399276 -0.498332 0.85691 0.131794 -0.0666517 0.159332 -0.0589076 0.985466 -0.914405
4 18 117 0.953465 -0.103653 -0.283128 0.269785 0.092797 0.994351 -0.0515282 0.0586257 0.286869 0.0228569 0.957697 -0.961134
4 19 279 0.0122517 -0.0243046 0.99963 -0.394694 0.179717 0.983479 0.0217093 -0.00999524 -0.983642 0.179385 0.0164172 0.918758
4 20 208 -0.211474 0.946261 -0.244683 0.295467 0.941821 0.264206 0.207768 -0.0601687 0.261249 -0.18651 -0.947081 0.953456
4 21 260 -0.703913 0.318392 -0.634928 0.280904 0.259088 0.94741 0.187851 0.0586015 0.661347 -0.032271 -0.749386 0.957945
4 22 111 0.376495 0.900117 -0.219181 0.316056 -0.92248 0.386043 0.000797781 -0.0255635 0.0853315 0.20189 0.975684 -0.948396
4 23 243 -0.660488 -0.0174707 -0.750634 0.474246 -0.292065 0.926972 0.235415 -0.12251 0.691704 0.374723 -0.617356 0.871827
4 24 97 0.832667 0.371725 -0.410469 0.104457 -0.325738 0.928205 0.179808 -0.146484 0.447839 -0.0160152 0.893971 -0.983682
4 25 232 0.516296 0.492992 0.700284 -0.175192 0.570576 -0.807797 0.148014 -0.012027 0.638656 0.323146 -0.698351 0.984461
4 26 404 -0.0532289 -0.118484 -0.991528 0.714014 0.266179 0.955327 -0.128447 0.0977357 0.962453 -0.270761 -0.0193131 0.693276
4 27 483 0.168509 -0.16357 -0.972034 0.74223 0.214059 0.968674 -0.125896 0.142645 0.962176 -0.186858 0.198244 0.654788
4 28 626 0.342067 -0.146912 -0.92812 0.775468 0.178766 0.979839 -0.0892122 0.0700182 0.922514 -0.1354 0.361433 0.627492
4 29 1041 0.944302 -0.0465623 -0.32577 0.907353 0.0571704 0.998098 0.0230604 0.0767125 0.324077 -0.0404004 0.945168 0.41331
5 6 2164 0.997023 0.00435446 0.0769808 -0.8529 -0.00746405 0.999166 0.040153 -0.109586 -0.0767417 -0.040608 0.996224 -0.510443
5 7 968 0.905483 0.0699287 0.418581 -0.972054 -0.0919487 0.995229 0.0326413 -0.0523126 -0.414301 -0.0680441 0.907593 -0.228857
5 8 803 0.839754 0.085452 0.536201 -0.996703 -0.107172 0.994196 0.00940304 -0.0213433 -0.532286 -0.0653619 0.844038 -0.0782822
5 9 703 0.782685 0.0984119 0.614588 -0.999687 -0.117419 0.993037 -0.0094775 -0.010079 -0.611242 -0.0647462 0.788791 -0.0229185
5 10 584 0.693122 0.113876 0.711768 -0.994374 -0.115166 0.992253 -0.0466011 0.0152771 -0.711561 -0.0496714 0.700867 0.104818
5 11 524 0.558301 0.146683 0.816568 -0.9643 -0.155423 0.985313 -0.0707303 0.0662482 -0.81495 -0.0874247 0.572899 0.256392
5 12 493 0.405556 0.14396 0.902663 -0.91351 -0.171169 0.982012 -0.07971 0.0797441 -0.8979 -0.122181 0.422902 0.398923
5 13 496 0.094902 0.164443 0.981811 -0.763506 -0.167015 0.974913 -0.147144 0.132632 -0.981376 -0.150013 0.119986 0.632034
5 14 456 -0.138113 0.219435 0.965802 -0.672469 -0.192663 0.950567 -0.243524 0.230256 -0.971497 -0.219708 -0.0890088 0.703397
5 15 195 -0.486049 0.87011 -0.0816446 0.405962 -0.852271 -0.451258 0.264574 -0.037218 0.193366 0.198179 0.960903 -0.913132
5 16 356 0.394776 0.8018 0.44863 -0.463588 0.908044 -0.26607 -0.323516 0.0508069 -0.140029 0.535092 -0.833108 0.884593
5 17 97 0.977625 0.205802 -0.0435285 -0.209113 -0.197719 0.969649 0.143832 0.0141447 0.0718082 -0.132007 0.988644 -0.977789
5 18 163 0.365746 0.892921 -0.26253 0.44424 -0.928185 0.370725 -0.0321953 0.00663613 0.0685787 0.255452 0.964386 -0.895883
5 19 365 -0.157962 -0.17774 0.971317 -0.457667 -0.208676 0.967459 0.143098 -0.0287509 -0.965144 -0.180086 -0.189911 0.888659
5 20 98 0.92248 -0.365852 0.123219 0.296354 0.332521 0.915167 0.227814 -0.06558 -0.196112 -0.16918 0.965877 0.952824
5 21 236 0.809456 0.507961 -0.294546 0.233034 0.424336 -0.852768 -0.304509 0.174074 -0.405858 0.1215 -0.905824 0.956762
5 22 188 -0.894025 0.30856 0.324822 -0.315947 0.278777 0.950704 -0.135816 0.0253465 -0.350717 -0.0308703 -0.935973 0.948438
5 23 93 -0.826409 -0.276022 0.490775 -0.474246 0.308326 -0.95115 -0.0157625 0.12251 0.471151 0.138292 0.871144 -0.871827
5 24 228 0.180447 0.846321 0.501178 -0.422238 0.973109 -0.0794422 -0.216212 0.0105575 -0.14317 0.526716 -0.837898 0.906424
5 25 289 -0.422842 0.756332 0.499165 -0.3258 0.64132 0.638925 -0.424834 0.224988 -0.640245 0.140487 -0.755215 0.918278
5 26 381 -0.219333 -0.112211 -0.969176 0.670822 0.281163 0.943952 -0.172921 0.110846 0.934259 -0.310424 -0.17549 0.733288
5 27 470 -0.0674002 -0.0861601 -0.993999 0.704511 0.301264 0.948005 -0.102601 0.0153652 0.951156 -0.306371 -0.0379388 0.709527
5 28 526 0.252513 -0.170795 -0.9524 0.794449 0.195586 0.972989 -0.122631 0.0886796 0.94762 -0.155311 0.279098 0.600822
5 29 1114 0.893272 -0.075114 -0.443195 0.977949 0.0878428 0.9961 0.00822776 0.0303919 0.440849 -0.0462812 0.896387 0.206621
6 7 1123 0.936531 0.0792795 0.341503 -0.956658 -0.0834007 0.996513 -0.00262275 -0.0520834 -0.34052 -0.0260253 0.939877 -0.286517
6 8 822 0.879994 0.100222 0.464291 -0.995625 -0.101516 0.994584 -0.0222843 -0.029054 -0.46401 -0.0275229 0.885402 -0.0888099
6 9 729 0.832498 0.116207 0.541704 -0.998619 -0.110524 0.992936 -0.0431505 -0.00757656 -0.542892 -0.0239486 0.839461 -0.0519962
6 10 575 0.745943 0.136351 0.651903 -0.995891 -0.112598 0.990547 -0.0783408 0.0137603 -0.656423 -0.0149655 0.754244 0.0895122
6 11 535 0.627009 0.176688 0.75871 -0.968781 -0.156894 0.982623 -0.099174 0.0659163 -0.763049 -0.0568541 0.643835 0.238995
6 12 454 0.482884 0.176521 0.857708 -0.922648 -0.174413 0.979235 -0.103338 0.0749946 -0.858139 -0.099695 0.503645 0.37828
6 13 441 0.14222 0.210701 0.96715 -0.769094 -0.187557 0.965117 -0.182678 0.135977 -0.971903 -0.155415 0.176777 0.624503
6 14 144 -0.459663 -0.806806 -0.37118 0.387353 0.747762 -0.577089 0.32836 -0.108614 -0.479126 -0.126619 0.868565 -0.915511
6 15 151 -0.923004 0.292349 -0.250192 0.330391 -0.33547 -0.929859 0.15107 -0.0742018 -0.188478 0.22337 0.956338 -0.940923
6 16 102 0.700337 0.541902 0.464619 -0.218171 -0.571016 0.815892 -0.0908919 -0.135464 -0.428333 -0.20165 0.880834 -0.966463
6 17 170 0.998951 0.0397195 -0.0227864 0.386949 -0.038544 0.99801 0.0498939 -0.0645402 0.0247228 -0.0489633 0.998495 -0.91984
6 18 218 -0.889965 -0.0459862 -0.453704 0.296881 -0.163981 0.960627 0.224291 -0.115494 0.425526 0.27401 -0.862465 0.947904
6 19 210 -0.270271 -0.74274 0.612611 -0.428727 -0.95211 0.300674 -0.0555088 -0.15255 -0.142967 -0.598275 -0.788433 0.890462
6 20 90 0.934152 0.316191 0.165478 -0.295616 -0.315656 0.948392 -0.0302311 0.0606948 -0.166497 -0.0239938 0.98575 -0.953377
6 21 88 0.711165 -0.583552 0.392059 -0.280953 0.551337 0.808959 0.203994 -0.0587083 -0.436201 0.0710832 0.897037 -0.957924
6 22 227 -0.723613 0.225291 0.652402 -0.211328 0.474577 0.848737 0.233287 -0.123821 -0.50116 0.478425 -0.721074 0.969541
6 23 240 -0.089049 0.0783176 -0.992943 0.474246 -0.487335 0.866002 0.11201 -0.12251 0.868663 0.49387 -0.0389496 0.871827
6 24 124 0.917697 0.169568 -0.359275 -0.000911958 -0.187751 0.982085 -0.0160567 0.13023 0.350116 0.0821895 0.933093 -0.991483
6 25 247 -0.677227 0.605448 0.418086 -0.230676 0.464546 0.792494 -0.395158 0.165793 -0.570579 -0.0733913 -0.817957 0.958802
6 26 417 -0.188585 -0.150195 -0.970504 0.626829 0.305398 0.930267 -0.203312 0.104592 0.933364 -0.334731 -0.129565 0.772105
6 27 463 -0.00194705 -0.252353 -0.967633 0.608649 0.179716 0.951792 -0.248584 0.235643 0.983717 -0.174383 0.0434986 0.75764
6 28 539 0.11703 -0.205707 -0.971591 0.649484 0.185073 0.965693 -0.182166 0.116846 0.975731 -0.158497 0.151086 0.751344
6 29 681 0.857424 -0.102398 -0.50432 0.921653 0.0937273 0.994686 -0.0426117 0.0722462 0.506003 -0.0107322 0.862465 0.38123
7 8 1514 0.990656 0.0264207 0.133803 -0.998958 -0.0246232 0.999583 -0.0150716 -0.0116215 -0.134146 0.0116361 0.990893 -0.0441287
7 9 1265 0.974084 0.0457871 0.221504 -0.998859 -0.0401185 0.998744 -0.0300256 -0.00320472 -0.222601 0.020361 0.974697 -0.0476504
7 10 964 0.933015 0.0728148 0.352393 -0.996256 -0.0545864 0.996619 -0.061405 0.0144561 -0.355673 0.0380559 0.933835 0.0852337
7 11 700 0.853402 0.122887 0.506561 -0.966992 -0.102817 0.992405 -0.067534 0.0680346 -0.511012 0.00555085 0.859555 0.245554
7 12 589 0.769168 0.132439 0.625172 -0.92647 -0.122158 0.990721 -0.0595844 0.0705574 -0.627262 -0.0305391 0.778209 0.369696
7 13 587 0.472005 0.183529 0.862281 -0.777509 -0.164605 0.979237 -0.118319 0.115506 -0.866092 -0.0860882 0.492415 0.618174
7 14 458 0.288903 0.226638 0.930145 -0.74191 -0.230517 0.959458 -0.162182 0.185348 -0.929191 -0.16756 0.329434 0.644372
7 15 145 0.355694 0.927138 0.117887 -0.330391 -0.908336 0.313242 0.277139 0.0742018 0.220019 -0.205658 0.953571 0.940923
7 16 359 -0.313832 0.588683 0.744958 -0.445187 0.735037 0.647286 -0.201848 0.0316582 -0.601025 0.484225 -0.635843 0.894878
7 17 301 0.619646 -0.467878 0.630181 -0.399276 -0.532023 -0.84068 -0.101035 0.0666517 0.577053 -0.272665 -0.769846 0.914405
7 18 120 0.934914 0.297185 -0.193949 -0.466765 -0.293692 0.954734 0.0472076 -0.0100975 0.199199 0.0128261 0.979875 0.884324
7 19 263 -0.605987 -0.0633617 0.792947 -0.457457 0.0338704 0.993863 0.105301 -0.028331 -0.794753 0.0906682 -0.600122 0.88878
7 20 244 -0.459584 0.635869 -0.620043 0.371128 0.674665 0.703985 0.221884 -0.108422 0.57759 -0.316347 -0.752539 0.92223
7 21 344 -0.482552 -0.273198 -0.83217 0.462136 -0.351229 0.930729 -0.101887 0.0185095 0.80236 0.243116 -0.54508 0.886616
7 22 128 0.615037 -0.714128 -0.334292 0.304143 0.642047 0.699674 -0.313419 0.29122 0.457717 -0.0218667 0.888829 -0.907021
7 23 187 0.997964 -0.0117736 0.0626776 -0.0581016 0.00795521 -0.952152 -0.305521 0.17223 0.0632757 0.305398 -0.95012 0.983342
7 24 235 -0.905285 0.194162 -0.377837 0.0606374 0.0622758 0.940484 0.334083 -0.15491 0.420215 0.27891 -0.863498 0.986066
7 25 201 -0.994962 0.0565289 0.0827899 0.124666 0.0200076 0.92121 -0.388552 0.200779 -0.0982313 -0.384938 -0.9177 0.971672
7 26 105 -0.82435 -0.348339 0.446214 0.0519901 0.464574 -0.866697 0.181678 0.217806 0.323446 0.357066 0.876291 0.974606
7 27 69 0.384612 0.88088 0.275908 -0.351031 -0.92297 0.362407 0.129564 -0.0121013 0.0141391 -0.304487 0.952412 -0.936286
7 28 253 -0.595607 0.012994 0.803171 -0.22347 0.0797579 -0.993972 0.0752268 0.0296053 0.799307 0.108865 0.59098 0.974261
7 29 460 0.612846 -0.138104 -0.778041 0.870227 0.14031 0.987982 -0.0648492 0.037347 0.777646 -0.0694245 0.624858 0.491233
8 9 1795 0.995571 0.0186366 0.0921473 -0.985835 -0.0176163 0.999774 -0.0118733 -0.0238745 -0.0923478 0.0101974 0.995675 -0.166008
8 10 1292 0.973377 0.0440824 0.224933 -0.999214 -0.0362605 0.998589 -0.0387899 -0.00394804 -0.226326 0.029601 0.973602 0.0394418
8 11 914 0.916967 0.0941525 0.387695 -0.974344 -0.0857338 0.995555 -0.0389969 0.0606459 -0.389643 0.00252038 0.920963 0.216739
8 12 777 0.848837 0.104372 0.51825 -0.937488 -0.102856 0.994189 -0.0317568 0.0658124 -0.518553 -0.0263488 0.85464 0.341739
8 13 658 0.603602 0.16732 0.779531 -0.808 -0.152975 0.98387 -0.0927298 0.125483 -0.782472 -0.0632765 0.619462 0.575665
8 14 551 0.450386 0.210159 0.867748 -0.78152 -0.217991 0.968373 -0.121385 0.187667 -0.865813 -0.134491 0.481954 0.594986
8 15 176 0.920479 0.0971292 0.37853 -0.330391 -0.0945913 0.995194 -0.025343 0.0742018 -0.379172 -0.0124779 0.925242 0.940923
8 16 350 -0.807918 0.19916 0.55462 -0.440722 0.240457 0.970658 0.00172023 0.0318045 -0.538004 0.134752 -0.832102 0.89708
8 17 345 -0.71863 0.297482 0.62855 -0.399276 0.105337 0.940016 -0.32446 0.0666517 -0.687368 -0.166957 -0.70686 0.914405
8 18 312 -0.434093 0.132023 0.891142 -0.466381 0.139944 0.987077 -0.0780663 -0.0101488 -0.889932 0.0908223 -0.446959 0.884526
8 19 93 0.836776 0.537738 0.103162 0.0340145 -0.522284 0.840444 -0.144474 -0.0732202 -0.164391 0.0670122 0.984116 -0.996736
8 20 92 0.84402 -0.513239 -0.155615 0.110908 0.477046 0.851039 -0.21945 0.180112 0.245065 0.110985 0.963133 -0.977374
8 21 248 0.682563 0.253485 -0.685458 0.285075 -0.234352 0.964308 0.123243 -0.0561394 0.692233 0.0765174 0.717606 0.95686
8 22 114 0.530914 0.745433 -0.403064 0.417985 -0.725753 0.645521 0.237878 0.00942228 0.437508 0.166232 0.883716 -0.908405
8 23 170 -0.32558 0.939593 0.105653 -0.450119 -0.93234 -0.300445 -0.201186 -0.125687 -0.15729 -0.164006 0.973839 -0.884079
8 24 89 0.178921 0.93646 -0.301712 -0.0948926 -0.876137 0.291175 0.384189 0.0241648 0.447629 0.195601 0.872564 0.995194
8 25 79 -0.717636 0.683326 0.134402 -0.208804 -0.609876 -0.709818 0.352435 -0.189231 0.336229 0.170951 0.926135 -0.959475
8 26 191 -0.940845 0.249301 0.229478 -0.122287 0.230708 0.967339 -0.105015 0.118119 -0.248164 -0.0458606 -0.967632 0.985441
8 27 213 -0.373728 0.849006 0.373518 -0.348158 0.841297 0.479849 -0.248926 0.052057 -0.390572 0.221209 -0.893599 0.935989
8 28 110 0.980641 -0.183374 0.0686862 -0.22347 0.183688 0.982983 0.00176943 0.0296053 -0.0678418 0.0108817 0.997637 0.974261
8 29 413 0.503258 -0.194271 -0.842016 0.799365 0.164309 0.978138 -0.127473 0.13653 0.848372 -0.0741991 0.524176 0.585129
9 10 1564 0.99079 0.0242909 0.133212 -0.995913 -0.0206477 0.999376 -0.0286626 0.0144042 -0.133825 0.0256481 0.990673 0.0891609
9 11 1048 0.951546 0.0735898 0.298572 -0.968364 -0.0701164 0.997289 -0.0223441 0.0686756 -0.299407 0.000326641 0.954126 0.239907
9 12 782 0.894291 0.0859233 0.439158 -0.930544 -0.0865035 0.996075 -0.018733 0.079871 -0.439044 -0.021236 0.898214 0.357364
9 13 710 0.678251 0.158667 0.717496 -0.807595 -0.141595 0.986332 -0.0842673 0.153802 -0.721059 -0.0444391 0.691447 0.569328
9 14 570 0.520915 0.146728 0.840904 -0.827914 -0.221464 0.974615 -0.0328685 0.0834564 -0.82438 -0.169108 0.540186 0.554611
9 15 412 -0.439317 0.405073 0.801821 -0.330391 0.471149 0.863851 -0.178268 0.0742018 -0.764866 0.299461 -0.570354 0.940923
9 16 249 0.920641 -0.122681 0.370633 -0.443959 0.0879107 0.990107 0.109362 0.0313544 -0.380383 -0.0681002 0.922318 0.895498
9 17 137 0.896332 -0.334792 -0.290695 0.399276 0.386054 0.911743 0.140309 -0.0666517 0.218065 -0.237988 0.946472 -0.914405
9 18 248 -0.400057 0.860335 0.315877 -0.464761 0.314538 -0.19484 0.929034 -0.000292155 0.860825 0.471022 -0.192661 0.885436
9 19 89 -0.239527 0.942706 -0.232235 0.368686 -0.953201 -0.273789 -0.128252 0.188808 -0.184487 0.190646 0.964167 -0.910177
9 20 102 -0.411767 0.836976 -0.360444 0.368578 -0.812015 -0.516514 -0.271745 0.291492 -0.413619 0.18079 0.89232 -0.882713
9 21 271 -0.00149193 0.22547 0.974249 -0.466415 0.599786 0.779758 -0.179541 0.00871166 -0.800159 0.584073 -0.136397 0.884523
9 22 137 -0.796813 -0.603126 0.0364287 0.412934 0.587925 -0.787816 -0.183548 0.00414631 0.139402 -0.124836 0.982336 -0.910751
9 23 182 0.874432 0.355563 0.330067 -0.427475 -0.328058 0.934574 -0.137654 -0.00403233 -0.357417 0.0120877 0.933867 0.904018
9 24 99 -0.893418 0.0708541 -0.443604 0.0691893 -0.0974204 -0.994542 0.0373523 0.144649 -0.438536 0.0765873 0.895444 0.987061
9 25 230 -0.508767 -0.701504 -0.499047 0.246063 -0.61858 0.701043 -0.35482 0.313865 0.598761 0.12818 -0.790604 0.917028
9 26 112 0.82404 0.53292 -0.192237 0.18623 -0.461077 0.82803 0.31902 0.0672865 0.32919 -0.17425 0.928047 0.980199
9 27 219 -0.37075 -0.0879819 0.924556 -0.253945 -0.126377 0.991022 0.0436291 0.0437331 -0.920094 -0.100667 -0.378541 0.966229
9 28 266 -0.104584 0.755938 0.646236 -0.223319 0.832184 0.422317 -0.35933 0.0294057 -0.544547 0.500207 -0.673247 0.974302
9 29 407 0.494095 -0.174665 -0.851682 0.803292 0.184939 0.978307 -0.0933431 0.114945 0.84951 -0.111389 0.515679 0.584388
10 11 1363 0.984325 0.0451893 0.170477 -0.971579 -0.0480901 0.998759 0.0129226 0.072414 -0.169682 -0.0209183 0.985277 0.225367
10 12 993 0.945582 0.0555311 0.320611 -0.937776 -0.0645027 0.997765 0.0174219 0.0823558 -0.318927 -0.0371541 0.947051 0.337334
10 13 826 0.769448 0.114979 0.628275 -0.845202 -0.125833 0.991674 -0.0273762 0.129216 -0.626192 -0.0579934 0.777509 0.518592
10 14 580 0.646068 0.216833 0.731833 -0.805789 -0.219756 0.971044 -0.0937063 0.298659 -0.730961 -0.100284 0.675011 0.511377
10 15 163 0.332113 -0.91044 -0.246577 0.330391 0.941555 0.304377 0.144318 -0.0742018 -0.0563406 -0.280096 0.958317 -0.940923
10 16 470 -0.273557 0.505214 0.81849 -0.447165 0.235066 -0.79003 0.566212 -0.0861156 0.93269 0.347291 0.0973598 0.890297
10 17 336 0.163096 0.814196 0.557211 -0.399276 0.98318 -0.181182 -0.0230338 0.0666517 0.0822024 0.551595 -0.830051 0.914405
10 18 350 -0.535136 0.457111 0.710408 -0.464761 0.40775 0.876272 -0.256686 -0.000292155 -0.739844 0.152307 -0.655311 0.885436
10 19 231 -0.419033 -0.835014 -0.356599 -0.0648271 -0.699829 0.547249 -0.459083 0.153566 0.578489 0.0571871 -0.813683 0.98601
10 20 106 0.947064 0.318238 0.0423537 0.110908 -0.317218 0.947905 -0.0291339 0.180112 -0.0494188 0.0141564 0.998678 -0.977374
10 21 127 0.940982 0.10356 0.322225 -0.462136 -0.153495 0.979079 0.133581 -0.0185095 -0.30165 -0.175157 0.937191 -0.886616
10 22 200 0.819477 -0.237181 -0.52173 0.367349 -0.208896 -0.971334 0.113462 -0.0574726 -0.533685 0.0160076 -0.845532 0.928306
10 23 177 0.591909 -0.637758 -0.492858 0.233799 -0.667659 -0.730517 0.143449 0.134492 -0.451526 0.244152 -0.858204 0.962938
10 24 124 0.88092 0.464025 0.0930598 -0.0255716 -0.432528 0.869187 -0.239653 0.281632 -0.192091 0.170864 0.966388 -0.959182
10 25 272 -0.488598 -0.202179 -0.848761 0.208804 0.131631 0.944567 -0.300775 0.189231 0.862523 -0.258681 -0.4349 0.959475
10 26 85 -0.813162 -0.550297 0.189577 -0.0590936 0.579331 -0.796613 0.172575 0.184707 0.0560523 0.25016 0.966581 0.981015
10 27 272 -0.709444 0.69673 -0.106098 0.212788 0.658638 0.601892 -0.451577 0.148192 -0.250768 -0.390249 -0.885901 0.965795
10 28 234 0.207882 -0.949987 -0.233043 0.0284465 -0.945369 -0.256295 0.201472 -0.0727043 -0.251124 0.178429 -0.951367 0.996948
10 29 385 0.184172 -0.270463 -0.94495 0.603513 0.130567 0.959607 -0.24921 0.23545 0.974183 -0.0774814 0.212046 0.761798
11 12 1422 0.987733 0.0134649 0.155572 -0.955694 -0.0148505 0.99986 0.00774728 0.0656313 -0.155446 -0.00996257 0.987794 0.286951
11 13 980 0.866407 0.0805649 0.492797 -0.939863 -0.0824274 0.996435 -0.017983 0.0598671 -0.492489 -0.0250394 0.869958 0.336265
11 14 670 0.739107 0.111812 0.664243 -0.982778 -0.155834 0.987758 0.00712837 -0.0140932 -0.655314 -0.10878 0.747483 0.184252
11 15 514 0.549659 0.198694 0.811416 -0.982985 -0.175343 0.977107 -0.120488 0.137942 -0.81678 -0.0760485 0.571915 0.121295
11 16 258 -0.682577 0.0633854 -0.728059 0.20597 -0.197319 -0.975216 0.10009 0.147231 -0.703671 0.211979 0.678168 0.967419
11 17 327 -0.039836 0.857974 0.512146 -0.399276 0.968918 0.158409 -0.190011 0.0666517 -0.244153 0.488658 -0.837617 0.914405
11 18 254 -0.971526 0.106044 0.211876 -0.058339 0.0411514 0.95618 -0.289874 0.1763 -0.23333 -0.272901 -0.933318 0.982606
11 19 195 -0.804443 0.320537 -0.500127 0.312653 0.135826 0.918871 0.370442 -0.166713 0.578293 0.230069 -0.782717 0.935123
11 20 185 0.769769 0.248337 0.588034 -0.263149 0.133207 -0.963432 0.232498 0.016539 0.624268 -0.10064 -0.7747 0.964613
11 21 95 -0.959045 0.151321 0.239446 -0.344498 -0.172147 -0.982689 -0.0684729 -0.0300721 0.224939 -0.106889 0.968492 -0.938305
11 22 96 0.968675 0.231839 0.0889967 -0.384777 -0.238692 0.968112 0.0760629 -0.00712431 -0.0685244 -0.0949231 0.993123 -0.922982
11 23 95 0.41409 0.898533 0.145494 -0.233825 -0.884621 0.434916 -0.168207 -0.134155 -0.214417 -0.059054 0.974955 -0.962979
11 24 137 0.999961 -0.00828821 0.00310675 -0.560228 0.00834465 0.999792 -0.0186196 -0.182097 -0.00295178 0.0186448 0.999822 0.808075
11 25 104 0.937978 0.190382 0.289744 0.0230073 -0.19217 0.981103 -0.0225446 0.0561057 -0.288561 -0.0345338 0.956839 0.99816
11 26 192 -0.790704 0.459676 -0.404333 0.214444 0.464059 0.880816 0.0938745 -0.0304155 0.399295 -0.113407 -0.909781 0.976263
11 27 270 0.644193 -0.528851 -0.55257 0.349653 -0.683297 -0.722541 -0.105071 0.0178858 -0.343687 0.445255 -0.826817 0.936708
11 28 241 -0.968114 0.246049 0.0470672 0.0284465 0.250495 0.948717 0.192843 -0.0727043 0.00279533 0.198484 -0.9801 0.996948
11 29 141 0.739535 0.670317 -0.0613423 -0.0620714 -0.668258 0.742072 0.0525386 0.0328131 0.0807379 0.00213831 0.996733 -0.997532
12 13 1189 0.93115 0.0740875 0.35703 -0.997955 -0.0719471 0.997222 -0.0192927 -0.00113808 -0.357468 -0.00772289 0.933894 -0.063906
12 14 797 0.837021 0.122157 0.533361 -0.975386 -0.146502 0.989205 0.00335159 -0.0559646 -0.527194 -0.080944 0.845881 -0.213283
12 15 562 0.676658 0.152802 0.720268 -0.982276 -0.163802 0.984955 -0.0550709 -0.0560134 -0.717846 -0.0807168 0.691507 -0.178877
12 16 135 0.832825 -0.0680276 0.549341 0.20597 0.0898725 0.995869 -0.0129271 0.147231 -0.546192 0.0601367 0.835498 0.967419
12 17 186 0.531046 -0.790519 0.305073 -0.399276 0.811573 0.578023 0.0850795 0.0666517 -0.243596 0.202408 0.948521 0.914405
12 18 82 0.689572 -0.702349 -0.176624 -0.058339 0.722893 0.68227 0.109238 0.1763 0.0437823 -0.203008 0.978198 0.982606
12 19 87 0.561628 -0.809815 0.16963 0.0648961 0.783125 0.586449 0.206863 -0.188061 -0.267 0.0166617 0.963553 -0.980011
12 20 210 0.273923 -0.411298 -0.869368 0.295616 -0.167087 -0.910547 0.378134 -0.0606948 -0.947126 0.041681 -0.318142 0.953377
12 21 89 0.0328602 0.889808 0.45515 0.23977 -0.999419 0.0333841 0.00688927 -0.111428 -0.00906463 -0.455111 0.890388 0.964414
12 22 236 -0.71348 -0.557541 -0.424375 0.384645 -0.586324 0.806684 -0.07406 0.00711648 0.383628 0.195981 -0.902453 0.923037
12 23 207 0.477016 -0.773138 -0.417988 0.233799 -0.878507 -0.433564 -0.20062 0.134492 -0.0261178 0.462904 -0.886024 0.962938
12 24 208 0.0905757 -0.841677 0.53233 -0.300159 -0.989823 -0.134995 -0.0450257 -0.0539902 0.109759 -0.522834 -0.845339 0.95236
12 25 70 0.153843 0.988039 -0.0105471 0.123573 -0.985515 0.154204 0.0705775 -0.0740535 0.0713597 -0.000463577 0.997451 -0.989568
12 26 255 0.972169 -0.225234 -0.0644803 0.0765905 -0.200879 -0.943002 0.265322 -0.0558469 -0.120564 -0.244985 -0.962001 0.995497
12 27 146 0.722313 0.678242 0.1351 0.353311 -0.651627 0.732912 -0.195507 0.0231082 -0.231618 0.0531826 0.971352 0.93522
12 28 135 0.851575 0.174485 0.494343 0.0291419 -0.124904 0.983359 -0.131925 -0.0726593 -0.509136 0.0505992 0.859197 0.996931
12 29 355 -0.000806156 -0.209331 -0.977844 0.631295 0.185368 0.960867 -0.205849 0.153553 0.982669 -0.181427 0.0380287 0.760189
13 14 1007 0.976426 0.0528217 0.20929 -0.905461 -0.0641284 0.996805 0.047607 -0.128045 -0.206107 -0.0599061 0.976694 -0.404654
13 15 583 0.91002 0.0950062 0.403531 -0.893275 -0.102028 0.994773 -0.0041195 -0.0978722 -0.401814 -0.0374226 0.914956 -0.438726
13 16 402 0.849068 0.106894 0.517356 -0.929652 -0.115891 0.993149 -0.015003 -0.0922174 -0.515415 -0.0472186 0.855639 -0.356712
13 17 232 0.576451 0.670015 -0.467743 0.318788 0.756963 -0.65345 -0.00314208 0.157178 -0.307752 -0.352253 -0.883859 0.934703
13 18 134 0.953582 0.190904 -0.232888 -0.269785 -0.107286 0.938001 0.329611 -0.0586257 0.281373 -0.289326 0.914942 0.961134
13 19 171 0.479994 -0.682486 -0.551198 0.13267 -0.712621 -0.669774 0.208742 0.0721445 -0.511642 0.2926 -0.807842 0.988531
13 20 144 0.940548 -0.0213345 -0.338989 0.292698 0.0316355 -0.988185 0.149967 -0.0851838 -0.338183 -0.151775 -0.928761 0.952403
13 21 163 0.0925942 0.939822 -0.328879 0.280904 0.987604 -0.128731 -0.0898143 0.0586015 -0.126746 -0.316486 -0.940091 0.957945
13 22 148 0.995501 0.0947327 0.00167017 0.286692 -0.0940454 0.990114 -0.104068 0.133687 -0.0115123 0.103443 0.994569 -0.948649
13 23 68 -0.0607146 -0.914801 0.399315 -0.474246 0.98278 0.0151584 0.184156 0.12251 -0.174519 0.40362 0.898128 -0.871827
13 24 108 0.901032 0.0443158 0.431483 -0.576708 -0.105921 0.987131 0.119802 -0.245124 -0.420621 -0.153648 0.894131 -0.779309
13 25 69 0.969761 -0.137581 -0.201581 -0.175533 0.0796135 0.959112 -0.2716 0.00556484 0.230706 0.247339 0.941062 0.984458
13 26 104 0.317646 -0.948056 0.0170272 -0.0428777 0.948195 0.317493 -0.011128 0.236523 0.00514396 0.0196799 0.999793 -0.970679
13 27 120 0.994072 -0.0842584 0.0687129 -0.399416 0.0834105 0.996401 0.0151216 0.117444 -0.0697397 -0.00930056 0.997522 -0.909216
13 28 82 -0.869534 -0.486566 -0.0846392 0.0786929 0.493846 -0.858416 -0.1387 0.023398 -0.00516888 -0.162403 0.986711 0.996624
13 29 179 0.624187 -0.729987 0.278405 -0.147251 -0.639743 -0.682108 -0.354199 0.118509 0.448463 0.0429788 -0.892767 0.981974
14 15 762 0.977196 0.0548158 0.205141 -0.790311 -0.0470033 0.997979 -0.0427683 -0.118627 -0.207071 0.0321507 0.977798 -0.601112
14 16 492 0.941315 0.077156 0.328592 -0.873902 -0.0639786 0.99666 -0.0507446 -0.10924 -0.33141 0.0267438 0.943108 -0.47367
14 17 348 0.85707 0.121959 0.500557 -0.999832 -0.112253 0.992441 -0.0496006 0.0144836 -0.502823 -0.0136779 0.864281 -0.0112253
14 18 234 0.578518 0.215019 0.786819 -0.938542 -0.158765 0.975863 -0.149947 0.080688 -0.800069 -0.038172 0.598692 0.335601
14 19 212 0.713673 0.170679 0.679367 -0.995286 -0.117959 0.985294 -0.123622 -0.0088372 -0.690476 0.00808796 0.72331 -0.0965837
14 20 165 -0.0153387 0.995989 -0.0881512 0.0325209 0.978118 -0.00334795 -0.208024 0.0506313 -0.207485 -0.0894131 -0.974143 0.998188
14 21 144 0.814711 0.386172 -0.43257 0.280904 0.402773 -0.913526 -0.0569504 0.0586015 -0.417157 -0.127829 -0.8998 0.957945
14 22 130 0.911833 0.342966 0.225689 -0.440072 -0.321293 0.938316 -0.127806 -0.0893002 -0.255601 0.0440257 0.965779 0.893511
