0 1 14149 0.691664 -0.11041 -0.71373 0.384936 0.110947 0.992759 -0.0460572 0.143611 0.713646 -0.0473297 0.698905 0.911702
0 2 15684 0.929767 -0.0698029 -0.36147 0.349757 0.0807384 0.996619 0.0152184 0.184405 0.359186 -0.043334 0.93226 0.918512
0 3 23087 0.953567 -0.0501034 -0.296983 0.697735 0.0514742 0.998669 -0.00320731 0.149044 0.296748 -0.0122286 0.954877 0.70068
0 4 29670 0.99174 -0.0277137 -0.125235 0.615657 0.0246035 0.999351 -0.0263144 0.132986 0.125883 0.0230158 0.991778 0.776712
0 5 29660 0.99971 0.0035105 -0.0238299 0.476999 -0.00396238 0.999813 -0.018942 0.155104 0.0237589 0.019031 0.999537 0.86511
0 6 36062 0.998727 0.0101385 0.0494084 0.415557 -0.0113706 0.99963 0.0247202 0.19728 -0.0491395 -0.0252505 0.998473 0.887915
0 7 12227 0.915762 0.0799305 0.393689 0.549922 -0.0951494 0.995277 0.019257 0.191424 -0.39029 -0.0550941 0.919042 0.812984
0 8 13646 0.851417 0.0969421 0.515453 0.120987 -0.11269 0.99363 -0.000734124 0.199992 -0.512241 -0.0574614 0.856918 0.972299
0 9 12856 0.806875 0.112459 0.579919 -0.338585 -0.132842 0.99111 -0.00736697 0.114248 -0.575592 -0.0710932 0.814641 0.933974
0 10 10830 0.717615 0.127276 0.684711 -0.723879 -0.120162 0.991042 -0.0582821 0.129878 -0.685996 -0.0404519 0.72648 0.677592
0 11 8997 0.574211 0.160165 0.802888 -0.811739 -0.168352 0.982819 -0.0756564 0.119456 -0.801211 -0.0917246 0.59131 0.571672
0 12 7085 0.439728 0.15714 0.884277 -0.780444 -0.183917 0.979465 -0.0825978 0.121895 -0.879098 -0.126313 0.459599 0.613228
0 13 5482 0.091242 0.171947 0.980872 -0.618547 -0.202661 0.967574 -0.150764 0.147987 -0.974989 -0.185029 0.12313 0.771686
0 14 3889 -0.114971 0.188341 0.975351 -0.604664 -0.238866 0.947811 -0.21118 0.208215 -0.964222 -0.257258 -0.0639827 0.768783
0 15 703 0.952576 0.267436 0.145179 0.190408 0.157113 -0.023657 -0.987297 0.760882 -0.260604 0.963285 -0.0645527 0.620325
0 16 379 0.868605 0.0924848 0.486797 0.274728 -0.127542 0.991055 0.0392894 -0.158941 -0.478809 -0.096214 0.872631 0.948294
0 17 369 0.863989 0.0727359 0.498229 -0.304348 -0.114419 0.991986 0.053597 -0.0167109 -0.490338 -0.103314 0.865387 -0.952414
0 18 398 0.995525 -0.00689228 0.0942422 -0.822241 0.00669271 0.999975 0.0024335 0.0989513 -0.0942566 -0.00179187 0.995546 0.560471
0 19 0 1 0 0 0 0 1 0 0 0 0 1 0
0 20 146 0.911574 -0.181076 -0.369112 0.27861 -0.235507 -0.965877 -0.107784 -0.0731167 -0.337 0.185182 -0.923114 0.957617
0 21 209 0.973811 0.0164733 0.22676 0.273461 -0.0398379 0.994305 0.0988498 -0.0574762 -0.22384 -0.105295 0.968921 0.960164
0 22 618 0.941192 0.150909 -0.302297 0.273746 -0.0653762 -0.79646 -0.601146 0.454454 -0.331487 0.585557 -0.739756 0.847664
0 23 257 0.399376 0.785292 -0.473091 -0.379617 -0.765163 0.569765 0.299823 0.044761 0.504999 0.242249 0.828427 0.92406
0 24 22 0.889541 -0.0947443 -0.446923 0.374102 0.126484 0.991094 0.0416462 -0.0953522 0.438997 -0.0935748 0.893603 -0.922473
0 25 1456 0.991776 0.0392996 0.121799 -0.924297 -0.0458574 0.997619 0.051513 0.0939482 -0.119485 -0.0566748 0.991217 0.36993
0 26 4166 -0.217911 -0.14088 -0.965747 0.262599 0.262215 0.944693 -0.196974 0.197853 0.940084 -0.296156 -0.168918 0.944403
0 27 7040 -0.0643323 -0.188106 -0.98004 0.233784 0.200009 0.959716 -0.197334 0.212871 0.97768 -0.208712 -0.0241179 0.9487
0 28 9734 0.267173 -0.193232 -0.944076 0.168731 0.177258 0.972827 -0.148953 0.182013 0.947206 -0.127549 0.294165 0.968711
0 29 14577 0.867069 -0.0918102 -0.489656 0.647371 0.103614 0.994613 -0.00301305 0.13156 0.487295 -0.0481226 0.871911 0.750735
1 2 34521 0.965109 0.0240065 0.260745 -0.989139 -0.0331526 0.998978 0.0307348 -0.0386241 -0.259741 -0.0383068 0.964918 -0.141816
1 3 26215 0.869241 0.0638733 0.490246 -0.96991 -0.0741063 0.997249 0.00146597 -0.063138 -0.488804 -0.0376046 0.871583 -0.235135
1 4 21899 0.79811 0.0813492 0.596994 -0.998411 -0.0708764 0.99664 -0.0410534 -0.00431413 -0.598328 -0.00954765 0.801194 -0.0561793
1 5 18796 0.698 0.106424 0.708146 -0.954846 -0.101282 0.993626 -0.0494965 0.0398252 -0.708899 -0.0371739 0.704329 0.294419
1 6 16283 0.667253 0.112429 0.736297 -0.987694 -0.134912 0.990434 -0.0289736 0.0339965 -0.732511 -0.0800022 0.676038 0.152659
1 7 2845 0.343245 0.151826 0.926894 -0.917484 -0.183298 0.978702 -0.0924338 0.0917539 -0.921187 -0.13817 0.363763 0.387046
1 8 1870 0.167307 0.162059 0.972494 -0.887912 -0.194911 0.972366 -0.128506 0.0859456 -0.966446 -0.16805 0.194271 0.451914
1 9 504 0.0648492 0.161652 0.984715 -0.875912 -0.163748 0.97514 -0.149296 0.0959033 -0.984368 -0.151563 0.0897072 0.472844
1 10 336 -0.0645459 0.170027 0.983323 -0.851768 -0.135751 0.974722 -0.177451 0.0965785 -0.988638 -0.144941 -0.0398329 0.51494
1 11 319 0.270811 0.228523 0.935114 -0.976243 -0.247175 0.955352 -0.161887 0.0612397 -0.930358 -0.187296 0.315205 0.207846
1 12 700 0.823873 -0.254918 0.506212 -0.96462 0.220635 0.966942 0.127842 -0.00995218 -0.522067 0.00636236 0.852881 -0.263457
1 13 404 0.929747 0.0157259 0.367862 0.00886645 0.00876146 0.99786 -0.0648019 0.265915 -0.368094 0.0634724 0.92762 -0.963956
1 14 534 0.879449 0.0685228 0.471035 -0.0866326 -0.0662795 0.997572 -0.0213722 0.193963 -0.471356 -0.0124242 0.881856 -0.977176
1 15 559 0.803701 0.0901914 0.588159 -0.214985 -0.0798113 0.995854 -0.0436499 0.237117 -0.589657 -0.0118602 0.807567 -0.947395
1 16 1023 0.836953 0.288186 -0.46525 0.958038 -0.241044 0.957339 0.159375 -0.231578 0.491332 -0.021244 0.870713 0.168922
1 17 1142 0.989673 -0.00279757 -0.143318 0.220947 -0.00265953 0.999279 -0.0378712 0.202428 0.14332 0.0378612 0.988952 0.954047
1 18 416 0.972539 -0.0949504 0.212493 -0.832838 0.0853147 0.994885 0.0540861 -0.179521 -0.216541 -0.0344721 0.975665 -0.523596
1 19 26 0.852177 -0.181413 -0.490799 0.432962 0.170773 0.98304 -0.0668442 0.0531132 0.494601 -0.0268522 0.868705 -0.899846
1 20 183 0.835418 -0.109998 -0.538495 0.544615 0.117374 0.992872 -0.0207195 -0.135164 0.536935 -0.045896 0.842374 -0.827723
1 21 334 0.993521 -0.0929318 0.0654143 -0.909186 0.0887649 0.993997 0.0639636 -0.159782 -0.0709659 -0.0577427 0.995806 -0.384512
1 22 299 0.956389 -0.189774 0.222051 -0.953464 0.190529 0.981512 0.0182237 -0.116663 -0.221404 0.0248781 0.974865 -0.278022
1 23 641 -0.289096 0.133149 0.947995 -0.863497 -0.0946492 0.981452 -0.166712 0.0540391 -0.95261 -0.137923 -0.271131 0.501451
1 24 2204 0.0388421 -0.128272 -0.990978 0.843181 0.240035 0.963886 -0.115357 0.0550479 0.969987 -0.233389 0.0682292 0.534803
1 25 3709 0.455637 -0.152117 -0.877072 0.952467 0.229038 0.972152 -0.049623 0.0555792 0.860196 -0.178273 0.477789 0.29953
1 26 6705 0.610492 -0.161441 -0.775394 0.947319 0.218929 0.975258 -0.0306838 0.0991832 0.761163 -0.151024 0.630731 0.304547
1 27 10507 0.737571 -0.141694 -0.660236 0.977299 0.1786 0.983853 -0.011626 0.049268 0.651223 -0.109343 0.750968 0.206057
1 28 18649 0.842743 -0.118209 -0.525176 0.999742 0.125582 0.991845 -0.021729 -0.00545365 0.523462 -0.0476406 0.850716 -0.0220316
1 29 3901 0.953281 0.0337377 0.300195 -0.373298 -0.0397997 0.999108 0.0140996 0.0697199 -0.299451 -0.0253885 0.953774 0.925088
2 3 42453 0.970378 0.050749 0.236202 -0.745319 -0.047873 0.998693 -0.0178988 -0.142285 -0.236802 0.0060609 0.971539 -0.651348
2 4 30332 0.927601 0.0734116 0.366288 -0.977515 -0.0553624 0.996689 -0.059555 -0.0182941 -0.369447 0.0349646 0.928594 -0.210072
2 5 25521 0.86467 0.107673 0.490665 -0.966871 -0.088922 0.994141 -0.0614557 0.0436267 -0.494408 0.00950796 0.869178 0.251511
2 6 21650 0.833431 0.11409 0.540719 -0.995326 -0.114968 0.992844 -0.0322823 0.0243343 -0.540533 -0.0352605 0.840584 0.0934569
2 7 6992 0.573935 0.168483 0.801381 -0.946679 -0.171032 0.981687 -0.0839005 0.0907423 -0.800841 -0.0889083 0.59224 0.309135
2 8 4485 0.453786 0.179758 0.872791 -0.935198 -0.175336 0.978307 -0.110328 0.0798418 -0.873691 -0.102966 0.475461 0.345006
2 9 2793 0.367986 0.186206 0.910996 -0.932518 -0.173623 0.976272 -0.129416 0.0745358 -0.913478 -0.110547 0.391584 0.353348
2 10 2114 0.273532 0.195275 0.941832 -0.916199 -0.170498 0.973513 -0.152327 0.0615855 -0.946631 -0.118914 0.299581 0.395962
2 11 1676 0.0718266 0.213967 0.974197 -0.859777 -0.186863 0.962312 -0.197579 0.108022 -0.979757 -0.16785 0.109102 0.499114
2 12 1809 -0.0628511 0.192253 0.979331 -0.808756 -0.228746 0.952374 -0.201641 0.103943 -0.971455 -0.236692 -0.0158805 0.578887
2 13 1912 -0.432517 0.192653 0.880803 -0.577552 -0.165646 0.943298 -0.287662 0.16594 -0.886279 -0.27032 -0.37608 0.799311
2 14 1621 -0.577033 0.184712 0.795559 -0.509158 -0.204225 0.910511 -0.359529 0.225911 -0.790775 -0.369933 -0.487672 0.830495
2 15 1509 0.954876 0.296054 0.0237571 0.925964 -0.296166 0.955136 0.00126223 -0.20742 -0.0223175 -0.00824131 0.999717 -0.315543
2 16 1078 0.228909 0.35949 -0.904637 0.81441 -0.20691 0.926045 0.315641 -0.26927 0.951204 0.114926 0.286362 0.514033
2 17 391 0.854563 0.125711 0.503903 0.275707 -0.15524 0.987733 0.0168553 -0.207918 -0.495603 -0.0926297 0.863596 0.938486
2 18 672 0.969145 0.0161661 0.245959 -0.0225338 0.152839 0.743452 -0.651091 0.823886 -0.193385 0.668594 0.718042 0.566308
2 19 149 0.983632 0.175239 -0.0419418 -0.853966 -0.176689 0.983687 -0.0337832 0.00673493 0.0353375 0.0406409 0.998549 -0.520286
2 20 425 0.99169 -0.0801482 0.100636 -0.988275 0.0814694 0.996634 -0.00908184 -0.0969683 -0.0995696 0.0172051 0.994882 -0.117937
2 21 341 0.954346 -0.115456 -0.275489 -0.778991 0.118212 0.992966 -0.00663593 -0.178661 0.274317 -0.0262333 0.961281 -0.601043
2 22 465 0.893904 -0.149419 -0.422621 -0.475837 0.139844 0.988712 -0.0537723 -0.18401 0.425886 -0.0110337 0.90471 -0.860069
2 23 684 0.993275 -0.114832 0.0148053 -0.909509 0.115468 0.991861 -0.0536455 -0.127504 -0.00852457 0.0549943 0.99845 -0.395647
2 24 587 0.985775 -0.0113386 0.167686 -0.902382 0.0302847 0.993374 -0.110865 0.130093 -0.165318 0.114366 0.979587 -0.410831
2 25 1489 0.962004 0.0260771 0.271788 -0.985271 -0.0247278 0.999659 -0.00838876 -0.0178148 -0.271914 0.00134931 0.962321 -0.170067
2 26 3396 0.378215 -0.181575 -0.907735 0.892905 0.233654 0.96755 -0.0961864 0.0753437 0.895745 -0.175717 0.408368 0.443896
2 27 5949 0.51614 -0.198557 -0.833172 0.898149 0.181387 0.976034 -0.120237 0.150199 0.837077 -0.0890672 0.539785 0.413241
2 28 9943 0.674218 -0.160022 -0.720988 0.965769 0.137176 0.98639 -0.0906506 0.0485561 0.725681 -0.0377837 0.686993 0.25482
2 29 40144 0.998967 0.0127852 0.043608 0.974472 -0.012085 0.999794 -0.0162838 0.0584831 -0.0438073 0.01574 0.998916 0.216757
3 4 48626 0.990977 0.0232778 0.131993 -0.99398 -0.0183451 0.999092 -0.0384647 0.0504265 -0.132769 0.0356962 0.990504 0.0972642
3 5 38468 0.964027 0.056547 0.25972 -0.871999 -0.0494821 0.998207 -0.0336653 0.0915082 -0.261158 0.0196027 0.965097 0.480878
3 6 33691 0.940062 0.0631501 0.335106 -0.970199 -0.0676122 0.99771 0.00165349 0.0564077 -0.334234 -0.0242116 0.942179 0.235653
3 7 13436 0.765243 0.127751 0.630937 -0.920966 -0.140816 0.989594 -0.0295799 0.103888 -0.628151 -0.0662102 0.77527 0.375539
3 8 9350 0.659497 0.144014 0.737783 -0.924769 -0.154889 0.98645 -0.0540991 0.0810433 -0.735577 -0.0785962 0.672867 0.371798
3 9 7289 0.590746 0.155437 0.791744 -0.928268 -0.155775 0.984779 -0.0771051 0.0795311 -0.791678 -0.0777846 0.605967 0.363309
3 10 5558 0.476906 0.167926 0.862764 -0.906469 -0.141335 0.983458 -0.113293 0.0790604 -0.867516 -0.0679091 0.492751 0.414805
3 11 4664 0.306296 0.191167 0.932544 -0.8641 -0.192982 0.971757 -0.13582 0.101221 -0.93217 -0.138364 0.334537 0.493037
3 12 4192 0.159453 0.182419 0.970205 -0.802933 -0.203447 0.967756 -0.148522 0.114633 -0.966015 -0.173703 0.191424 0.584943
3 13 3160 -0.205145 0.218269 0.954083 -0.578557 -0.149282 0.956432 -0.250904 0.186246 -0.96728 -0.193899 -0.163623 0.794093
3 14 2871 -0.409456 0.171224 0.896118 -0.50823 -0.230548 0.930933 -0.283218 0.209391 -0.882719 -0.322563 -0.341701 0.835379
3 15 2062 -0.640541 0.141789 0.754721 -0.396142 -0.162008 0.935735 -0.313294 0.187431 -0.750641 -0.322948 -0.576405 0.898855
3 16 1335 -0.365204 0.263026 0.892997 -0.519568 -0.201212 0.914277 -0.351583 0.250007 -0.908922 -0.308081 -0.280974 0.817035
3 17 782 0.991275 0.10639 0.0778158 0.485868 -0.11425 0.987918 0.104717 -0.380184 -0.0657347 -0.112694 0.991453 -0.787014
3 18 143 -0.998661 -0.00950222 -0.0508445 0.0355539 -0.00764903 -0.945044 0.326855 -0.169159 -0.0511562 0.326806 0.943706 -0.984947
3 19 462 0.982373 -0.186889 0.00407897 0.127711 -0.0519992 -0.252242 0.966266 -0.595374 -0.179555 -0.949445 -0.257514 0.793234
3 20 67 -0.990422 -0.00341464 -0.138028 0.245772 -0.0426721 -0.943181 0.329527 -0.112858 -0.131311 0.332261 0.934002 -0.962735
3 21 27 0.626511 0.117921 0.770441 0.46129 -0.226204 0.973453 0.0349519 -0.065599 -0.745866 -0.196174 0.636553 0.884821
3 22 55 0.513528 -0.100052 0.85222 -0.903374 0.102179 0.993242 0.055038 -0.0794076 -0.851967 0.0588154 0.520281 0.421438
3 23 187 -0.995375 0.0521483 -0.080675 0.195659 -0.0565429 -0.996983 0.0531825 0.0235008 -0.0776582 0.0574981 0.995321 -0.98039
3 24 448 0.90933 -0.0556331 -0.41234 -0.209878 0.0377305 0.997963 -0.051439 0.13757 0.414362 0.0312172 0.909577 -0.968001
3 25 664 0.968023 0.015107 -0.250405 0.924704 -0.0124657 0.999849 0.0121308 0.00724407 0.25055 -0.00862138 0.968065 0.380618
3 26 3482 0.129586 -0.191129 -0.972973 0.805817 0.251577 0.955477 -0.154185 0.126685 0.959123 -0.224797 0.1719 0.578455
3 27 6996 0.400663 -0.205098 -0.892975 0.856924 0.213629 0.968673 -0.126633 0.146824 0.890972 -0.140029 0.431926 0.494089
3 28 11450 0.43472 -0.170165 -0.884343 0.841946 0.163155 0.980618 -0.108488 0.0649518 0.885663 -0.0971228 0.454057 0.535637
3 29 38421 0.979616 -0.0353983 -0.197734 0.851848 0.0342395 0.999371 -0.00927735 0.126175 0.197938 0.00231794 0.980212 0.508365
4 5 49317 0.992131 0.0292919 0.121728 -0.727531 -0.0304936 0.999503 0.00802101 0.1073 -0.121432 -0.0116698 0.992531 0.677632
4 6 44838 0.978632 0.0325121 0.203032 -0.978941 -0.0427058 0.998027 0.0460286 0.0346073 -0.201135 -0.0537157 0.97809 0.201188
4 7 18471 0.836898 0.0915065 0.539656 -0.96303 -0.129227 0.991087 0.0323516 0.040088 -0.531886 -0.096813 0.841264 0.266394
4 8 14169 0.759859 0.101282 0.64215 -0.960648 -0.127349 0.991841 -0.0057434 0.0731081 -0.637493 -0.0774129 0.766557 0.267976
4 9 10993 0.687167 0.111724 0.717858 -0.964173 -0.138994 0.99007 -0.0210376 0.0534306 -0.71308 -0.0853219 0.695872 0.259839
4 10 8943 0.594188 0.124339 0.794657 -0.94823 -0.143087 0.988561 -0.0476892 0.041183 -0.791496 -0.0853684 0.605182 0.314904
4 11 6982 0.435986 0.148854 0.887557 -0.9058 -0.18941 0.979313 -0.0712009 0.0767983 -0.879795 -0.13707 0.455162 0.416688
4 12 6294 0.300285 0.142276 0.943179 -0.851096 -0.199197 0.976365 -0.0838628 0.0952717 -0.932818 -0.162695 0.321528 0.516293
4 13 5006 -0.0691075 0.14711 0.986703 -0.657335 -0.20136 0.966654 -0.158224 0.138892 -0.977076 -0.209617 -0.0371808 0.740688
4 14 3413 -0.209142 0.189055 0.959436 -0.601054 -0.239581 0.941326 -0.237712 0.222431 -0.948083 -0.279578 -0.151577 0.767632
4 15 2117 -0.516175 0.162899 0.840849 -0.484375 -0.158666 0.946566 -0.28078 0.202162 -0.841658 -0.278346 -0.462748 0.851183
4 16 1073 -0.192323 0.229127 0.954208 -0.645672 -0.213306 0.939351 -0.268552 0.229478 -0.957869 -0.255187 -0.131784 0.728318
4 17 418 0.944017 0.052165 0.325745 -0.287866 -0.0606257 0.998034 0.015869 0.233403 -0.324277 -0.0347292 0.945324 -0.928793
4 18 52 0.998395 -0.0124155 -0.0552597 -0.0282984 0.0135498 0.999704 0.0201983 0.191304 0.0549925 -0.0209147 0.998268 0.981123
4 19 122 0.42796 -0.158987 0.889704 -0.722164 -0.0556243 0.977907 0.201505 -0.155972 -0.902084 -0.135725 0.409662 0.673908
4 20 178 0.941436 0.231205 -0.245444 0.385725 -0.00481389 -0.718617 -0.69539 0.258426 -0.337158 0.655846 -0.675419 0.885682
4 21 0 1 0 0 0 0 1 0 0 0 0 1 0
4 22 76 0.979323 -0.202246 -0.00473747 -0.98483 0.20228 0.979292 0.00834714 -0.104378 0.00295119 -0.00913285 0.999954 -0.138618
4 23 339 0.582874 0.0602278 -0.810328 -0.335049 -0.04869 0.998046 0.039157 0.0731026 0.811103 0.0166313 0.584667 0.93936
4 24 575 0.934911 -0.0682957 -0.348249 -0.627886 0.0736687 0.99728 0.00219317 -0.0166222 0.347152 -0.0277055 0.937399 -0.778128
4 25 770 0.912986 -0.0406776 -0.405958 0.875405 0.0576319 0.997898 0.0296213 0.0377972 0.4039 -0.05044 0.913412 0.48191
4 26 3653 0.0573349 -0.186454 -0.980789 0.741462 0.23717 0.956825 -0.168034 0.194136 0.969775 -0.22298 0.0990808 0.642297
4 27 6692 0.227831 -0.159717 -0.960512 0.76613 0.228288 0.967722 -0.106766 0.112587 0.946561 -0.194948 0.256938 0.632748
4 28 11155 0.33772 -0.152454 -0.928818 0.767877 0.175859 0.979639 -0.0968525 0.0892679 0.924672 -0.130632 0.357654 0.634347
4 29 30537 0.945439 -0.0457417 -0.322573 0.909779 0.0568179 0.998071 0.0250001 0.0717632 0.320808 -0.041964 0.946214 0.408842
5 6 49214 0.997054 0.00455951 0.0765629 -0.852392 -0.00747646 0.999255 0.0378555 -0.0922398 -0.0763332 -0.0383164 0.996346 -0.514704
5 7 23322 0.903755 0.0686242 0.422514 -0.973689 -0.0902482 0.995425 0.0313645 -0.044758 -0.418429 -0.0664769 0.905813 -0.223441
5 8 18448 0.839059 0.0866313 0.537098 -0.996924 -0.108126 0.9941 0.00857112 -0.0202969 -0.533187 -0.0652657 0.843476 -0.0757018
5 9 14403 0.781612 0.0977116 0.616065 -0.999797 -0.114682 0.993329 -0.0120491 -0.00327258 -0.613133 -0.0612338 0.787603 -0.0199056
5 10 11898 0.690319 0.111748 0.714823 -0.994632 -0.123257 0.991721 -0.0360027 -0.00496831 -0.712928 -0.0632539 0.698378 0.103352
5 11 9254 0.553835 0.144458 0.819999 -0.964154 -0.162438 0.984657 -0.0637533 0.0551766 -0.816628 -0.0978905 0.568803 0.259545
5 12 8080 0.424578 0.143314 0.893977 -0.920068 -0.177649 0.981386 -0.0729554 0.0728519 -0.887792 -0.127839 0.442134 0.384926
5 13 5665 0.0600902 0.162652 0.984852 -0.757854 -0.188481 0.970736 -0.148821 0.126343 -0.980237 -0.176683 0.0889885 0.640074
5 14 3511 -0.142107 0.199644 0.969509 -0.685558 -0.216886 0.949369 -0.227287 0.209913 -0.965798 -0.242572 -0.0916123 0.697099
5 15 1553 -0.338677 0.14948 0.928953 -0.64027 -0.213352 0.949383 -0.230551 0.150051 -0.916394 -0.276276 -0.289642 0.753352
5 16 986 -0.490076 0.171635 0.854615 -0.580272 -0.159146 0.946327 -0.281315 0.186593 -0.857029 -0.273875 -0.436457 0.792759
5 17 796 0.852089 0.135121 0.505655 -0.980937 -0.184019 0.981762 0.0477486 -0.0204924 -0.489981 -0.133736 0.861413 0.193245
5 18 125 -0.995808 0.0605046 -0.0685986 -0.241586 -0.0704821 -0.985575 0.153864 0.0748624 -0.0582996 0.158054 0.985708 0.967487
5 19 97 0.997628 -0.012447 0.0676953 0.108305 0.0104253 0.999491 0.0301367 -0.281272 -0.068036 -0.0293595 0.997251 0.953497
5 20 251 -0.680199 -0.297066 0.670135 -0.19544 -0.182219 0.954029 0.237958 -0.139185 -0.710018 0.0397475 -0.703061 0.970789
5 21 91 0.527969 -0.0288045 0.848775 -0.781228 -0.0819765 0.993029 0.0846923 -0.12712 -0.845298 -0.114294 0.521927 0.611166
5 22 0 1 0 0 0 0 1 0 0 0 0 1 0
5 23 278 0.882187 0.00603376 -0.47086 -0.45881 -0.0262184 0.998996 -0.0363203 0.0472788 0.470168 0.0443865 0.88146 0.887276
5 24 489 0.717194 -0.0719045 -0.693154 0.956152 0.085907 0.996198 -0.0144544 -0.0281455 0.691558 -0.0491802 0.720644 -0.291516
5 25 946 0.877832 -0.0545695 -0.47585 0.991323 0.0825818 0.995854 0.0381419 -0.0667925 0.471795 -0.0727787 0.878699 -0.113216
5 26 3569 -0.119859 -0.176191 -0.977031 0.704537 0.255588 0.945478 -0.201856 0.17344 0.959327 -0.273912 -0.0682918 0.688146
5 27 5692 0.168917 -0.196888 -0.965765 0.785571 0.234847 0.959664 -0.154568 0.161438 0.957243 -0.200698 0.208342 0.597341
5 28 9075 0.290339 -0.174781 -0.940827 0.80578 0.188268 0.974395 -0.122917 0.102358 0.938221 -0.14144 0.31581 0.583302
5 29 26298 0.895699 -0.078208 -0.437729 0.977695 0.0895218 0.995971 0.00523538 0.0378238 0.435556 -0.0438756 0.899092 0.206595
6 7 27104 0.933782 0.0790301 0.349007 -0.965259 -0.0840303 0.996463 -0.000815477 -0.0663638 -0.347837 -0.0285657 0.93712 -0.252726
6 8 20415 0.878474 0.10172 0.466837 -0.994307 -0.10467 0.994312 -0.01969 -0.0421203 -0.466185 -0.0315665 0.884124 -0.0978714
6 9 16744 0.82616 0.117512 0.551045 -0.999122 -0.112061 0.99274 -0.0436951 -0.00772769 -0.552179 -0.0256517 0.833331 -0.0411786
6 10 13661 0.748512 0.137089 0.648796 -0.995911 -0.11173 0.990482 -0.0803846 0.018207 -0.653641 -0.0123212 0.756704 0.0884913
6 11 10523 0.612056 0.174957 0.771218 -0.966143 -0.15724 0.982672 -0.0981377 0.062468 -0.775024 -0.0612008 0.628961 0.250329
6 12 8579 0.479103 0.172958 0.86055 -0.921961 -0.177144 0.979274 -0.0981958 0.0674544 -0.859698 -0.105396 0.499811 0.381364
6 13 6324 0.137999 0.184617 0.973074 -0.777638 -0.206093 0.966321 -0.154108 0.0988029 -0.968753 -0.179277 0.1714 0.620901
6 14 4206 -0.0709729 0.203662 0.976465 -0.72108 -0.253749 0.943042 -0.215135 0.164467 -0.964663 -0.263046 -0.0152513 0.673049
6 15 1811 -0.37927 0.180497 0.90751 -0.622938 -0.193147 0.943739 -0.268423 0.153195 -0.904903 -0.277088 -0.323069 0.767125
6 16 726 -0.593643 0.106273 0.79768 -0.542831 -0.169239 0.952586 -0.25286 0.117549 -0.786731 -0.285108 -0.54751 0.831575
6 17 258 0.99977 0.00285368 -0.0212531 -0.389121 -0.00179662 0.998768 0.0495908 0.0966882 0.0213684 -0.0495412 0.998543 0.916098
6 18 135 0.904021 -0.0352533 -0.426031 -0.161739 0.0234975 0.999185 -0.03282 0.131546 0.426841 0.0196594 0.904113 0.978027
6 19 0 1 0 0 0 0 1 0 0 0 0 1 0
6 20 105 0.926161 0.363555 -0.100272 0.331833 -0.125283 0.0458163 -0.991063 0.658196 -0.355711 0.930446 0.0879805 0.67577
6 21 0 1 0 0 0 0 1 0 0 0 0 1 0
6 22 120 0.890444 -0.245894 -0.382943 0.286197 0.0490487 -0.784707 0.617924 -0.122155 -0.452442 -0.569009 -0.686677 0.950352
6 23 335 0.851362 -0.0731234 -0.519458 -0.66579 0.0370783 0.996148 -0.0794574 0.0641449 0.523267 0.0483863 0.850794 0.743377
6 24 358 0.7215 -0.12196 -0.681589 0.982222 0.12173 0.991376 -0.0485334 -0.0576929 0.68163 -0.0479528 0.730124 -0.178637
6 25 1071 0.92387 -0.0637267 -0.377364 0.889034 0.072503 0.997327 0.00908134 -0.119602 0.375776 -0.03575 0.926021 -0.441942
6 26 4207 -0.244791 -0.178475 -0.953008 0.589221 0.259949 0.934846 -0.241845 0.159415 0.934079 -0.306935 -0.182447 0.792089
6 27 6766 -0.0855359 -0.198399 -0.976382 0.612885 0.226382 0.950472 -0.212966 0.148852 0.970276 -0.239252 -0.0363854 0.776025
6 28 8467 0.647871 -0.189293 -0.737856 -0.119867 0.159975 0.980842 -0.111164 0.181427 0.744763 -0.0460184 0.665741 0.976072
6 29 20849 0.869845 -0.104639 -0.482099 0.917454 0.0996048 0.994372 -0.036112 0.0581727 0.483165 -0.0166075 0.875372 0.393565
7 8 41038 0.990512 0.0261078 0.134922 -0.998815 -0.0241361 0.999577 -0.0162295 -0.00311598 -0.135288 0.012819 0.990723 -0.0485731
7 9 33966 0.973649 0.0463539 0.223292 -0.998999 -0.0401164 0.99867 -0.0323922 0.00610388 -0.224497 0.0225809 0.974213 -0.0443231
7 10 26626 0.935993 0.0723822 0.344495 -0.995883 -0.0537453 0.996543 -0.0633583 0.0193693 -0.34789 0.040788 0.936648 0.0885546
7 11 20576 0.856967 0.12137 0.500877 -0.968452 -0.104852 0.992607 -0.0611281 0.0576868 -0.504593 -0.000133316 0.863357 0.242432
7 12 16191 0.766276 0.130452 0.629129 -0.926319 -0.123685 0.990807 -0.0547999 0.063591 -0.630495 -0.0358217 0.775366 0.371335
7 13 11320 0.482672 0.192254 0.854439 -0.780289 -0.163996 0.978192 -0.127458 0.128734 -0.86031 -0.0786041 0.503675 0.612027
7 14 8088 0.297305 0.216146 0.929995 -0.741636 -0.235554 0.960535 -0.147941 0.169028 -0.92527 -0.175081 0.336486 0.649158
7 15 3790 0.0756475 0.192051 0.978465 -0.711648 -0.221211 0.960057 -0.171336 0.111572 -0.972288 -0.203486 0.11511 0.69362
7 16 2532 0.0373586 0.321765 0.946082 -0.696 -0.195399 0.93082 -0.308859 0.262322 -0.980012 -0.173325 0.0976469 0.66841
7 17 2291 0.940744 0.317688 0.118638 -0.149738 -0.304876 0.639119 0.7061 -0.816251 0.148496 -0.700429 0.698103 0.557954
7 18 51 0.812673 0.0821555 0.5769 0.134783 -0.130923 0.990443 0.0433822 -0.0500229 -0.567822 -0.110785 0.815662 0.989612
7 19 204 0.978838 0.192186 0.0702888 0.809277 -0.197312 0.977455 0.0751691 -0.115124 -0.0542576 -0.0874473 0.99469 0.576036
7 20 268 0.972868 0.221734 -0.0660475 0.30981 -0.219716 0.796023 -0.56398 0.754355 -0.0724779 0.563189 0.823143 0.578763
7 21 281 0.983296 -0.0843539 0.161285 0.0154556 0.050965 0.978278 0.200936 -0.972417 -0.174731 -0.18936 0.966236 0.232736
7 22 243 0.993563 0.0342995 -0.107962 -0.078632 -0.0582774 0.972031 -0.227506 0.858231 0.0971395 0.232333 0.967773 -0.507205
7 23 0 1 0 0 0 0 1 0 0 0 0 1 0
7 24 138 0.654269 -0.271806 -0.705729 -0.595641 0.233017 0.960234 -0.1538 0.129957 0.719469 -0.0638204 0.691586 -0.792668
7 25 376 0.782623 -0.186621 -0.593864 0.637998 0.19298 0.97974 -0.0535634 -0.11904 0.591828 -0.0726838 0.802781 0.760781
7 26 147 0.848261 -0.16912 -0.501848 -0.0923394 0.192356 0.981309 -0.00556129 -0.17391 0.493409 -0.0918161 0.864938 0.980423
7 27 218 0.884853 -0.116338 -0.451111 -0.0163387 0.128134 0.991747 -0.00442964 -0.186486 0.447903 -0.0538832 0.892457 0.982322
7 28 247 0.912684 -0.0922426 -0.39812 -0.0315095 0.0835379 0.995733 -0.0391976 -0.23702 0.400037 0.00251686 0.916495 0.970994
7 29 8769 0.61151 -0.164323 -0.773986 0.863054 0.148548 0.984646 -0.0916829 0.0808978 0.777168 -0.058909 0.62653 0.498592
8 9 43403 0.995053 0.0193785 0.0974404 -0.974874 -0.0196224 0.999806 0.00154566 -0.138886 -0.0973915 -0.00345003 0.99524 -0.174156
8 10 33585 0.973345 0.0440304 0.22508 -0.999349 -0.0357073 0.998524 -0.0409182 0.00379123 -0.22655 0.0317905 0.973481 0.0358787
8 11 25556 0.919629 0.0923131 0.381786 -0.976427 -0.0860109 0.995728 -0.0335807 0.0496209 -0.383255 -0.00195602 0.92364 0.210066
8 12 19858 0.847079 0.103582 0.521275 -0.93783 -0.103357 0.994204 -0.0296005 0.0621903 -0.521319 -0.0288035 0.852875 0.341478
8 13 13925 0.591422 0.152698 0.791772 -0.811098 -0.154154 0.985207 -0.0748559 0.096347 -0.79149 -0.0777837 0.606212 0.576921
8 14 9243 0.415578 0.192984 0.888849 -0.785105 -0.229264 0.967904 -0.102956 0.152587 -0.880189 -0.160995 0.446484 0.600273
8 15 4634 0.177345 0.165416 0.970147 -0.764687 -0.216941 0.968096 -0.125409 0.0810578 -0.95994 -0.188224 0.207573 0.639283
8 16 3086 -6.90449e-05 0.157744 0.98748 -0.731801 -0.219457 0.963405 -0.153914 0.0810886 -0.975622 -0.21672 0.0345516 0.676677
8 17 2591 0.928966 -0.0156529 0.369834 -0.979329 -0.0133061 0.997048 0.0756221 -0.0197845 -0.369926 -0.0751714 0.926015 0.201302
8 18 263 0.92646 0.100522 0.362721 -0.258996 -0.0946733 0.994931 -0.0339135 0.136502 -0.364292 -0.00292054 0.93128 0.956184
8 19 77 0.815285 0.0855145 0.572711 0.308594 -0.125013 0.991705 0.0298855 -0.0479597 -0.565405 -0.0959614 0.819212 0.949984
8 20 0 1 0 0 0 0 1 0 0 0 0 1 0
8 21 0 1 0 0 0 0 1 0 0 0 0 1 0
8 22 96 0.989398 -0.0106155 -0.14484 0.784466 0.033055 0.987609 0.153415 0.132784 0.141417 -0.156576 0.977489 0.605791
8 23 51 0.791387 0.433823 0.430702 -0.381839 0.516429 -0.85145 -0.0912853 0.0494189 0.32712 0.294669 -0.897866 0.922907
8 24 0 1 0 0 0 0 1 0 0 0 0 1 0
8 25 181 0.785244 -0.155606 -0.599315 -0.253947 0.184788 0.982692 -0.0130291 -0.195721 0.59097 -0.100515 0.800407 0.947209
8 26 260 0.808383 -0.185705 -0.558597 0.354769 0.234722 0.971921 0.0165677 -0.237767 0.539836 -0.144508 0.829273 0.904215
8 27 332 -0.29668 0.313448 -0.902071 0.657145 0.159811 0.947575 0.2767 -0.187567 0.94151 -0.0620694 -0.331219 0.730054
8 28 194 0.872316 -0.173292 -0.457204 0.0484246 0.17558 0.983737 -0.0378645 -0.260746 0.45633 -0.0472463 0.888556 0.964192
8 29 6620 0.492404 -0.169419 -0.853719 0.804059 0.161241 0.98165 -0.101807 0.102122 0.855301 -0.0875241 0.510686 0.585713
9 10 40051 0.991097 0.0238177 0.130994 -0.995063 -0.0203328 0.999405 -0.0278772 0.0101782 -0.13158 0.0249656 0.990991 0.0987239
9 11 29129 0.952636 0.0716872 0.295544 -0.970433 -0.0700565 0.997413 -0.0161173 0.0530002 -0.295935 -0.00535084 0.955193 0.235481
9 12 23124 0.896905 0.0859105 0.433798 -0.930937 -0.0865447 0.996079 -0.0183295 0.079803 -0.433672 -0.021103 0.900824 0.356353
9 13 15322 0.668197 0.138316 0.731014 -0.814378 -0.142081 0.988206 -0.0571075 0.10388 -0.730292 -0.0657046 0.679968 0.570962
9 14 10775 0.503168 0.168428 0.847617 -0.812515 -0.21788 0.973863 -0.0641749 0.131933 -0.836272 -0.152388 0.526714 0.567814
9 15 4711 0.288907 0.19716 0.936835 -0.806382 -0.206855 0.968305 -0.139991 0.130455 -0.934743 -0.153344 0.320534 0.576827
9 16 2436 0.207488 0.254595 0.944527 -0.811718 -0.208426 0.954874 -0.211598 0.203969 -0.955776 -0.15296 0.251189 0.547276
9 17 2694 0.965064 -0.0279558 0.26052 -0.979066 0.00572238 0.996303 0.0857129 -0.0139957 -0.261953 -0.0812276 0.961656 0.20306
9 18 702 0.870622 0.0539598 0.488985 -0.631129 -0.136976 0.981249 0.135599 -0.471293 -0.472499 -0.185035 0.861688 0.616083
9 19 325 0.809172 0.218888 -0.545279 0.851234 -0.130768 0.971833 0.196062 -0.122837 0.572836 -0.0873432 0.815003 0.510207
9 20 0 1 0 0 0 0 1 0 0 0 0 1 0
9 21 0 1 0 0 0 0 1 0 0 0 0 1 0
9 22 19 0.960263 0.276983 0.0342734 -0.384213 -0.277651 0.93559 0.218132 0.129906 0.0283531 -0.218981 0.975317 -0.91406
9 23 0 1 0 0 0 0 1 0 0 0 0 1 0
9 24 0 1 0 0 0 0 1 0 0 0 0 1 0
9 25 0 1 0 0 0 0 1 0 0 0 0 1 0
9 26 0 1 0 0 0 0 1 0 0 0 0 1 0
9 27 22 0.745322 -0.389445 -0.541135 0.0872939 0.416181 0.905868 -0.0787181 0.178012 0.520854 -0.16654 0.837243 -0.980149
9 28 0 1 0 0 0 0 1 0 0 0 0 1 0
9 29 4420 0.416958 -0.160311 -0.894677 0.759699 0.169126 0.980817 -0.0969252 0.104143 0.893052 -0.1109 0.436072 0.641881
10 11 36155 0.984112 0.0452464 0.171689 -0.971947 -0.0484576 0.998719 0.0145569 0.0637461 -0.17081 -0.0226452 0.985044 0.226396
10 12 27737 0.948094 0.0551413 0.313173 -0.936466 -0.0637805 0.997812 0.0174001 0.0846042 -0.311528 -0.0364713 0.949537 0.340401
10 13 18150 0.7669 0.110356 0.632208 -0.846708 -0.125053 0.991918 -0.0214506 0.113557 -0.629465 -0.0626089 0.774502 0.519798
10 14 12220 0.621397 0.131732 0.772342 -0.882368 -0.201167 0.979543 -0.00522199 0.0917913 -0.757231 -0.152125 0.635185 0.46152
10 15 5750 0.398722 0.146057 0.905366 -0.891053 -0.196538 0.977907 -0.0712039 0.0697831 -0.895764 -0.149549 0.418619 0.448502
10 16 3450 0.299059 0.178211 0.937446 -0.90342 -0.207892 0.970976 -0.118265 0.10517 -0.931313 -0.15952 0.327428 0.415658
10 17 3430 0.307282 0.124311 -0.943464 0.468825 -0.00612054 0.991669 0.12867 -0.0313949 0.951599 -0.0337634 0.305483 0.882733
10 18 971 0.915433 -0.0130448 0.402259 -0.764109 -0.0112837 0.99825 0.0580508 0.00832195 -0.402312 -0.0576805 0.913684 0.645033
10 19 724 0.939765 0.199514 -0.277552 0.859911 -0.140649 0.965761 0.217997 -0.161942 0.311543 -0.165829 0.93565 0.484075
10 20 272 0.717079 0.029201 0.696379 0.0918078 -0.288327 0.922054 0.258233 -0.851099 -0.634559 -0.385958 0.669605 0.516916
10 21 119 0.360493 0.18335 0.914564 -0.799738 -0.187484 0.974723 -0.12151 0.267509 -0.913726 -0.127663 0.385756 0.537455
10 22 149 0.635037 0.136407 0.760343 0.365109 -0.182112 0.982979 -0.0242484 -0.117898 -0.750709 -0.123069 0.649069 0.923469
10 23 0 1 0 0 0 0 1 0 0 0 0 1 0
10 24 0 1 0 0 0 0 1 0 0 0 0 1 0
10 25 51 0.916783 -0.187865 0.352442 -0.0554186 0.156918 0.980929 0.114692 -0.300635 -0.367267 -0.0498433 0.928779 -0.952128
10 26 69 0.878447 -0.240089 -0.413143 0.318534 0.202406 0.97017 -0.133426 -0.0581458 0.432853 0.0335849 0.900839 -0.946126
10 27 0 1 0 0 0 0 1 0 0 0 0 1 0
10 28 74 0.789994 0.0601887 0.610154 -0.890925 0.231939 0.891876 -0.388281 0.325537 -0.567551 0.448258 0.690616 0.316667
10 29 3549 0.307478 -0.170589 -0.936139 0.711291 0.175699 0.977061 -0.120337 0.144764 0.935194 -0.127478 0.330397 0.687829
11 12 41110 0.987907 0.0136258 0.154445 -0.956701 -0.0151711 0.999846 0.00883111 0.0594652 -0.154301 -0.0110674 0.987962 0.284935
11 13 26090 0.862038 0.0752463 0.501227 -0.941646 -0.0797965 0.996734 -0.0123953 0.0306206 -0.500523 -0.0293109 0.865227 0.335208
11 14 18605 0.74286 0.130639 0.656577 -0.983292 -0.161069 0.986842 -0.0141161 0.0599209 -0.649782 -0.0952676 0.754127 0.171889
11 15 9023 0.581081 0.157883 0.798384 -0.997681 -0.168078 0.983134 -0.0720874 0.0158331 -0.7963 -0.0923019 0.597818 0.0662005
11 16 5512 0.487824 0.185857 0.852927 -0.99839 -0.180856 0.977391 -0.109539 0.0484385 -0.854001 -0.100821 0.510408 0.0295121
11 17 3638 0.577912 0.24364 0.778882 -0.972277 -0.24496 0.962175 -0.119221 0.0960241 -0.778468 -0.121896 0.615734 -0.213205
11 18 987 0.957872 -0.0297481 0.285652 -0.836866 0.02366 0.999414 0.0247414 0.0443921 -0.286221 -0.0169406 0.958014 0.545605
11 19 883 0.889582 0.0697517 0.451419 0.0079045 -0.00631932 0.990057 -0.140527 0.986339 -0.456732 0.122158 0.881177 0.164537
11 20 1057 0.75661 -0.0780286 0.649194 0.0213934 -0.368252 0.769571 0.521681 -0.959753 -0.540307 -0.633776 0.553531 0.28003
11 21 746 0.675177 0.0557031 0.73555 -0.0926767 -0.206721 0.971477 0.116184 -0.99522 -0.708098 -0.230498 0.667434 -0.0308008
11 22 684 0.803022 0.136226 0.580171 0.570238 -0.152285 0.988109 -0.021231 -0.20789 -0.576164 -0.0713024 0.814218 -0.794739
11 23 0 1 0 0 0 0 1 0 0 0 0 1 0
11 24 65 0.995037 0.0270537 0.0957544 0.352512 -0.0211304 0.997831 -0.0623412 0.263657 -0.0972333 0.0600085 0.993451 -0.897898
11 25 113 -0.388578 -0.790713 0.473053 -0.501401 -0.748413 0.570324 0.338537 -0.388211 -0.53748 -0.222491 -0.813396 0.773233
11 26 183 0.888361 0.102198 -0.447628 0.0179694 0.266412 -0.90875 0.321243 -0.196025 -0.373952 -0.404633 -0.834525 0.980434
11 27 81 0.90412 -0.32823 -0.273554 -0.00411448 0.294687 0.942602 -0.157036 -0.19231 0.309396 0.061367 0.948951 0.981326
11 28 41 0.869854 0.0504126 0.490726 -0.0369912 -0.0372148 0.998636 -0.0366241 0.245064 -0.491903 0.0135953 0.870544 -0.968801
11 29 3383 0.138603 -0.182679 -0.973354 0.660026 0.20087 0.967597 -0.152995 0.136198 0.969763 -0.174312 0.170807 0.738793
12 13 33727 0.933926 0.0721978 0.3501 -0.995601 -0.0706927 0.997352 -0.0170948 -0.0248235 -0.350407 -0.00878416 0.936556 -0.0903512
12 14 23994 0.838836 0.129419 0.528777 -0.971832 -0.149868 0.988697 -0.00423922 -0.0205875 -0.523349 -0.0756909 0.84875 -0.234774
12 15 12439 0.684072 0.150502 0.713719 -0.976455 -0.162954 0.985284 -0.0515813 -0.0685291 -0.71098 -0.0810182 0.69853 -0.204545
12 16 8402 0.663716 0.18445 0.724885 -0.915 -0.17606 0.980414 -0.0882671 -0.0182053 -0.726969 -0.0690393 0.683191 -0.403043
12 17 4476 0.435686 0.184173 0.881055 -0.992917 -0.217108 0.971444 -0.095707 0.0236884 -0.873523 -0.149586 0.46323 0.116427
12 18 726 0.84814 0.382186 0.366868 -0.829006 -0.355826 0.92401 -0.139978 0.153016 -0.392487 -0.0118199 0.919682 0.537899
12 19 834 0.277062 0.070737 -0.958245 0.694803 0.0882785 0.991194 0.0986937 -0.0539206 0.956788 -0.111937 0.268377 0.717176
12 20 560 0.838931 0.101399 0.534708 0.519712 -0.0975707 0.994594 -0.0355259 -0.156465 -0.535419 -0.022368 0.84429 -0.839892
12 21 474 0.736804 -0.00614538 0.676078 -0.126611 -0.255504 0.923275 0.286845 -0.982707 -0.625969 -0.384089 0.678703 -0.135117
12 22 763 0.716667 0.155742 0.679803 -0.316521 -0.0698587 0.985875 -0.152216 0.508044 -0.693908 0.0615979 0.717424 -0.801066
12 23 0 1 0 0 0 0 1 0 0 0 0 1 0
12 24 199 0.99626 -0.0860593 -0.00779292 0.355509 0.0855896 0.995172 -0.0480377 0.268937 0.0118894 0.047191 0.998815 -0.895146
12 25 722 0.965667 0.0651952 0.251468 0.162061 -0.0772833 0.996266 0.0384868 -0.5315 -0.24802 -0.0565997 0.9671 -0.831411
12 26 670 0.913397 -0.0368574 0.405398 -0.323262 0.129713 0.970332 -0.204035 0.915119 -0.385851 0.23895 0.891079 0.240954
12 27 376 0.925885 0.0506568 0.374394 0.00875144 -0.0307799 0.99779 -0.058885 0.821562 -0.37655 0.0429969 0.925398 -0.570052
12 28 615 0.907363 0.0924526 0.410055 0.164012 -0.0430613 0.990825 -0.12811 0.755625 -0.418137 0.0985846 0.903019 -0.634138
12 29 3031 -0.0271531 -0.204487 -0.978493 0.620303 0.184002 0.961106 -0.20596 0.151594 0.982551 -0.185637 0.011529 0.769574
13 14 34151 0.975473 0.0514974 0.21401 -0.912757 -0.063489 0.996752 0.0495384 -0.13933 -0.210764 -0.0619107 0.975575 -0.384008
13 15 18462 0.89443 0.0975288 0.436444 -0.939417 -0.105521 0.994399 -0.00595986 -0.0796395 -0.434581 -0.0407235 0.899711 -0.333397
13 16 11937 0.856591 0.111357 0.503837 -0.9139 -0.118206 0.992817 -0.0184649 -0.0833134 -0.502274 -0.0437396 0.863601 -0.397298
13 17 6595 0.742041 0.132759 0.657077 -0.999901 -0.162947 0.986516 -0.0153041 -0.0140099 -0.650249 -0.0957123 0.753668 0.00157886
13 18 806 0.460042 0.198203 0.865492 -0.952101 -0.189601 0.974212 -0.12232 0.0700047 -0.867417 -0.107826 0.485758 0.297664
13 19 571 0.0749023 -0.0552857 -0.995657 0.717373 0.0647353 0.996625 -0.0504695 0.0294667 0.995087 -0.0606739 0.0782285 0.696066
13 20 395 0.962638 0.0675346 0.262233 -0.164767 -0.0578707 0.997336 -0.044411 0.723917 -0.264534 0.0275761 0.963982 -0.669923
13 21 362 0.944618 0.0618056 0.3223 0.146369 -0.0736519 0.996979 0.0246791 -0.228677 -0.3198 -0.0470503 0.946316 -0.962436
13 22 711 0.968965 0.089136 0.230568 0.475408 -0.0976648 0.994884 0.0258221 -0.220666 -0.227087 -0.0475391 0.972713 -0.851641
13 23 18 0.807908 0.198722 0.554792 -0.14248 -0.170409 0.979989 -0.102869 -0.122359 -0.564133 -0.0114329 0.825605 -0.982206
13 24 166 0.900227 -0.282928 -0.330972 0.360857 0.277011 0.958598 -0.0659912 0.321133 0.33594 -0.032276 0.94133 -0.875589
13 25 331 0.996652 0.0762812 -0.029422 -0.111383 -0.077287 0.996404 -0.034712 -0.183202 0.0266683 0.0368697 0.998964 0.976745
13 26 356 0.998418 0.0242273 0.0507362 0.0351859 -0.0256241 0.999305 0.0270635 -0.0868619 -0.0500453 -0.0283208 0.998345 -0.995599
13 27 283 0.996194 -0.0218823 0.0843775 -0.00347877 0.0219793 0.999758 -0.000220739 0.09241 -0.0843523 0.00207445 0.996434 0.995715
13 28 592 0.991671 -0.0140999 0.128027 0.0288023 -0.0101281 0.982376 0.186642 -0.918355 -0.128402 -0.186384 0.97405 -0.394709
13 29 2202 -0.336049 -0.157232 -0.928628 0.601123 0.195784 0.952768 -0.232169 0.131314 0.921271 -0.25983 -0.289393 0.788294
14 15 26822 0.970946 0.0562334 0.232597 -0.877393 -0.0485994 0.998079 -0.0384266 -0.132532 -0.234311 0.0260061 0.971814 -0.461104
14 16 17171 0.94234 0.076599 0.325774 -0.868056 -0.0637166 0.996712 -0.0500483 -0.112528 -0.328536 0.0264053 0.944122 -0.483546
14 17 10121 0.876573 0.114426 0.467468 -0.998496 -0.108696 0.993297 -0.0393152 -0.0188857 -0.468833 -0.0163494 0.883136 -0.0514638
14 18 2715 0.629691 0.207042 0.748748 -0.955346 -0.156541 0.977877 -0.13875 0.0663922 -0.76091 -0.0298396 0.648171 0.287935
14 19 1733 0.30672 0.227367 0.924244 -0.834641 -0.150173 0.970446 -0.188897 0.0933026 -0.939878 -0.0808579 0.331799 0.542835
14 20 422 0.979507 0.175587 -0.0986694 0.177356 -0.104989 0.0270484 -0.994106 0.728813 -0.171884 0.984092 0.0449288 0.661345
14 21 351 0.971626 0.0195598 0.235712 -0.263989 -0.0285162 0.998993 0.0346482 -0.574974 -0.234797 -0.0403867 0.971205 -0.774412
14 22 548 0.991052 0.0306199 0.129918 0.655802 -0.0310524 0.999517 0.00130434 -0.349002 -0.129815 -0.00532693 0.991524 -0.669419
14 23 0 1 0 0 0 0 1 0 0 0 0 1 0
14 24 150 0.918493 -0.0610746 -0.390693 -0.35168 0.0110518 0.99158 -0.129025 -0.271959 0.395283 0.114191 0.911434 0.895745
14 25 212 0.972758 -0.145479 -0.180494 0.221092 0.137753 0.988955 -0.0546919 0.200957 0.186457 0.0283383 0.982054 -0.954324
14 26 217 0.995686 -0.051473 -0.0772013 -0.101938 0.0504823 0.998616 -0.0147312 -0.179079 0.0778527 0.0107703 0.996907 0.978539
14 27 775 0.997949 -0.0617006 -0.0170343 -0.0512763 0.0499367 0.916962 -0.395837 0.923803 0.0400432 0.394174 0.918163 0.379419
14 28 350 0.998309 -0.0567753 0.0124712 0.00538486 0.0576528 0.994479 -0.0876787 -0.265926 -0.00742438 0.0882494 0.996071 0.963978
14 29 1850 -0.578639 -0.192805 -0.792466 0.484934 0.162125 0.925073 -0.343447 0.163544 0.799307 -0.327211 -0.504025 0.859123
15 16 29295 0.992872 0.0177215 0.117858 -0.839958 -0.0173662 0.999841 -0.00404073 -0.130188 -0.117911 0.00196519 0.993022 -0.526804
15 17 17227 0.963043 0.0539745 0.263883 -0.993921 -0.0598512 0.998105 0.0142756 0.0281673 -0.262612 -0.0295417 0.964449 0.106431
15 18 4542 0.772967 0.142298 0.618283 -0.916816 -0.12553 0.989559 -0.0708112 0.0744048 -0.621904 -0.0228785 0.782759 0.392318
15 19 2324 0.535237 0.181495 0.824973 -0.827792 -0.142802 0.982029 -0.123399 0.105939 -0.832544 -0.0517601 0.551536 0.550942
15 20 143 0.999885 -0.00924972 0.0120403 0.172609 0.00889335 0.99953 0.0293221 -0.682175 -0.0123059 -0.0292116 0.999497 0.710523
15 21 562 0.9369 -0.334157 -0.102752 0.116492 0.12218 0.0375915 0.991796 -0.795451 -0.327553 -0.941768 0.0760468 0.594716
