0 1 18336 0.68012 -0.106799 -0.725279 0.392831 0.103116 0.993432 -0.0495904 0.146693 0.725812 -0.0410604 0.686666 0.907835
0 2 21197 0.860905 -0.0920315 -0.500372 0.498638 0.103927 0.994576 -0.00411839 0.178877 0.498037 -0.0484568 0.865801 0.848153
0 3 28219 0.958746 -0.0506934 -0.279706 0.685032 0.0542329 0.998516 0.00492471 0.139424 0.279041 -0.0198908 0.960073 0.715047
0 4 33639 0.988249 -0.030499 -0.149782 0.643217 0.026597 0.999254 -0.0279861 0.131498 0.150524 0.0236734 0.988323 0.754308
0 5 33493 0.999762 0.00384005 -0.0214646 0.474762 -0.0041167 0.999909 -0.0128592 0.145365 0.0214133 0.0129445 0.999687 0.868026
0 6 38876 0.998301 0.00723169 0.0578215 0.399592 -0.00901547 0.99949 0.0306487 0.18548 -0.0575704 -0.0311179 0.997856 0.897732
0 7 13734 0.914245 0.0786611 0.397453 0.535071 -0.0925771 0.995578 0.0159133 0.204677 -0.394444 -0.0513437 0.917484 0.819638
0 8 15417 0.847433 0.100621 0.52128 0.088154 -0.104989 0.994247 -0.0212374 0.291701 -0.520418 -0.0367315 0.853121 0.952439
0 9 17609 0.7986 0.109114 0.591888 -0.385254 -0.124116 0.992148 -0.0154392 0.157889 -0.588925 -0.0611332 0.805872 0.909203
0 10 15160 0.717057 0.125554 0.685613 -0.731559 -0.124459 0.990898 -0.0512926 0.104042 -0.685812 -0.0485509 0.726157 0.673793
0 11 13922 0.577811 0.1611 0.800113 -0.81122 -0.169167 0.982677 -0.0756926 0.120006 -0.798447 -0.0916167 0.595054 0.572294
0 12 11828 0.44424 0.155285 0.882348 -0.781575 -0.18351 0.979754 -0.0800353 0.119387 -0.876912 -0.126365 0.463742 0.61228
0 13 10968 0.114585 0.185241 0.97599 -0.615602 -0.197061 0.967176 -0.160433 0.167834 -0.973672 -0.173946 0.147327 0.769978
0 14 10505 -0.114247 0.185901 0.975904 -0.614033 -0.265162 0.940992 -0.210293 0.192601 -0.957411 -0.282798 -0.0582119 0.765421
0 15 2317 -0.635666 0.641813 0.428958 -0.160897 -0.567244 -0.76524 0.304371 -0.176232 0.523605 -0.0498458 0.850501 -0.97111
0 16 2510 0.976261 0.134871 0.169485 -0.229143 -0.13345 0.990858 -0.019802 -0.169766 -0.170606 -0.00328582 0.985334 -0.958474
0 17 6330 -0.41615 0.888757 0.192172 0.231023 0.651388 0.43884 -0.618961 0.211695 -0.634439 -0.132401 -0.761549 0.949639
0 18 3214 0.262337 -0.736278 -0.623757 0.166346 0.930019 0.365319 -0.0400759 0.157021 0.257377 -0.569593 0.78059 0.973485
0 19 1551 -0.58716 0.798961 -0.130017 0.238383 0.808616 0.571546 -0.139552 -0.065993 -0.0371858 -0.187073 -0.981642 0.968926
0 20 2544 0.210248 -0.691812 0.69079 -0.419609 0.976505 0.182762 -0.114176 0.130824 -0.0472615 0.698566 0.713984 0.898228
0 21 1642 -0.991108 0.0100302 -0.132684 -0.463103 -0.0219715 -0.995803 0.0888425 0.0755172 -0.131236 0.0909678 0.987169 0.883082
0 22 1835 -0.968978 0.23102 -0.0878145 0.112186 -0.247142 -0.908019 0.338263 0.183029 -0.00159177 0.349472 0.936945 0.976686
0 23 2171 -0.915527 0.342551 -0.210876 -0.422531 -0.370225 -0.922558 0.108725 0.0278283 -0.157301 0.177612 0.971448 0.905921
0 24 3672 0.249077 -0.824181 -0.508613 -0.311807 0.93331 0.344513 -0.101206 0.192041 0.258636 -0.449485 0.855027 0.930536
0 25 5665 0.414231 -0.910132 -0.00844412 -0.0950134 -0.898365 -0.41033 0.156745 0.0966496 -0.146124 -0.0573428 -0.987603 0.990773
0 26 9576 -0.0432601 -0.17723 -0.983218 0.257802 0.283998 0.941359 -0.18218 0.211027 0.957849 -0.287113 0.00960952 0.942871
0 27 12179 0.0103083 -0.189169 -0.98189 0.231169 0.222834 0.957685 -0.182166 0.207891 0.974802 -0.21692 0.0520253 0.950443
0 28 13565 0.199891 -0.187787 -0.961655 0.198927 0.17579 0.972411 -0.153347 0.1749 0.96392 -0.138397 0.227387 0.964281
0 29 19456 0.878055 -0.0858861 -0.470789 0.63648 0.0918452 0.995719 -0.0103513 0.145072 0.469663 -0.0341507 0.882185 0.757527
1 2 38774 0.964832 0.0229488 0.261864 -0.986459 -0.0328853 0.998893 0.0336254 -0.0679217 -0.260803 -0.0410544 0.964519 -0.149285
1 3 30573 0.869854 0.06194 0.489406 -0.966344 -0.0730549 0.997321 0.00362287 -0.0746639 -0.48787 -0.0389048 0.872049 -0.246178
1 4 26495 0.786633 0.0786103 0.612396 -0.99988 -0.068656 0.996847 -0.0397707 -0.00721617 -0.613592 -0.0107598 0.78955 -0.0136812
1 5 22830 0.706544 0.103488 0.700061 -0.958442 -0.102011 0.993812 -0.0439571 0.0252191 -0.700278 -0.0403562 0.712729 0.284171
1 6 20302 0.676149 0.107334 0.728905 -0.990801 -0.131547 0.991022 -0.0239056 0.0226529 -0.724926 -0.0797215 0.684198 0.133419
1 7 6819 0.358286 0.156333 0.92043 -0.926206 -0.196249 0.976465 -0.0894587 0.0785288 -0.912753 -0.148582 0.380533 0.368749
1 8 6089 0.225203 0.159019 0.961247 -0.914172 -0.192545 0.974398 -0.116084 0.0728899 -0.955097 -0.158941 0.250056 0.398719
1 9 4211 0.328339 0.17355 0.928479 -0.976752 -0.192439 0.97465 -0.114128 0.0492436 -0.924749 -0.141203 0.353413 0.208642
1 10 3356 0.353155 0.187085 0.916668 -0.989283 -0.157598 0.977697 -0.138824 0.0715981 -0.922195 -0.0954388 0.374763 0.127248
1 11 2754 0.976614 0.189606 0.101361 -0.947541 -0.184326 0.981079 -0.0592241 0.0624128 -0.110672 0.0391557 0.993085 0.313482
1 12 4017 0.0312362 0.21049 -0.977097 0.407177 -0.127464 0.970431 0.204979 -0.163963 0.991351 0.118142 0.0571425 0.898512
1 13 3482 0.919643 0.197106 0.339715 -0.850791 -0.195455 0.979919 -0.0394446 0.0438713 -0.340668 -0.030124 0.939701 0.523669
1 14 4376 0.853778 0.292781 0.430514 -0.822358 -0.309258 0.950404 -0.0330352 0.149975 -0.418835 -0.104935 0.901979 -0.548849
1 15 1683 0.804147 0.133439 0.57926 0.200136 -0.10506 0.991042 -0.082451 -0.238149 -0.585073 0.00544572 0.810962 0.950385
1 16 2180 -0.866076 0.0243024 0.499322 0.176211 0.00168052 -0.99867 0.0515211 0.0150029 0.49991 0.0454603 0.864883 0.984238
1 17 3179 0.992586 -0.0268113 0.118554 0.317451 0.0187179 0.997451 0.0688623 -0.181044 -0.120098 -0.0661326 0.990557 -0.930832
1 18 2569 0.979436 0.0261292 0.200056 -0.873945 -0.0294656 0.999472 0.0137175 -0.11137 -0.199592 -0.0193301 0.979688 -0.473093
1 19 1369 0.93227 -0.231072 -0.278348 -0.477348 0.235673 0.971678 -0.0173041 -0.154821 0.274463 -0.0494671 0.960324 -0.864968
1 20 3396 -0.711975 -0.087958 -0.696675 0.193963 0.158166 0.946542 -0.281144 0.169022 0.684161 -0.310357 -0.660002 0.966338
1 21 3009 0.911643 -0.0666339 -0.405546 0.840815 0.0821004 0.996406 0.0208406 -0.124634 0.4027 -0.0522947 0.913837 -0.52678
1 22 2544 0.78673 -0.127695 -0.603945 0.944155 0.0889689 0.991611 -0.0937649 0.178495 0.610852 0.0200353 0.791491 -0.276968
1 23 3177 0.946223 -0.0374587 -0.32134 -0.513535 0.0274634 0.998989 -0.0355833 0.00694207 0.322348 0.0248446 0.946295 0.858041
1 24 9738 0.54661 -0.183055 -0.817134 0.967522 0.193058 0.977075 -0.0897416 0.130581 0.814829 -0.108701 0.569419 -0.216449
1 25 10228 0.569759 -0.156592 -0.806755 0.97908 0.21749 0.975408 -0.0357285 0.0516317 0.79251 -0.155104 0.589805 0.196817
1 26 11676 0.614553 -0.154851 -0.773529 0.949518 0.220686 0.975142 -0.0198806 0.0759757 0.757379 -0.158489 0.63345 0.304374
1 27 15579 0.730753 -0.142415 -0.667621 0.972576 0.177569 0.983986 -0.0155395 0.0607079 0.659142 -0.107193 0.744339 0.224524
1 28 22480 0.833965 -0.119031 -0.538826 0.999948 0.126007 0.991738 -0.0240557 0.00585681 0.537238 -0.0478343 0.842073 0.00828853
1 29 40166 0.946166 0.0329599 0.321998 -0.904102 -0.03807 0.999229 0.00958409 0.191014 -0.321434 -0.0213266 0.946692 0.382248
2 3 45391 0.966872 0.0502987 0.250257 -0.814956 -0.0479143 0.998729 -0.0156149 -0.150347 -0.250725 0.00310674 0.968053 -0.559681
2 4 35264 0.925082 0.0744587 0.372397 -0.982939 -0.0567599 0.996685 -0.0582828 -0.0260143 -0.375503 0.0327791 0.926242 -0.182081
2 5 29309 0.864746 0.106978 0.490683 -0.964395 -0.0870897 0.994189 -0.0632713 0.0499063 -0.4946 0.0119802 0.869038 0.259713
2 6 26129 0.825914 0.112531 0.552452 -0.993374 -0.114128 0.992962 -0.0316398 0.0219471 -0.552124 -0.0369184 0.832944 0.112812
2 7 11243 0.572185 0.169829 0.802348 -0.947467 -0.17781 0.980743 -0.0807854 0.0800715 -0.800617 -0.0964414 0.591364 0.30967
2 8 9343 0.461442 0.179187 0.868886 -0.937376 -0.173829 0.978668 -0.109511 0.0806584 -0.869974 -0.100505 0.482746 0.338852
2 9 7265 0.362032 0.186428 0.913333 -0.931109 -0.175801 0.97587 -0.129507 0.0728492 -0.915438 -0.113679 0.38607 0.357392
2 10 6178 0.199945 0.187059 0.961785 -0.906485 -0.196801 0.969269 -0.147602 0.0415216 -0.959839 -0.159768 0.230614 0.420192
2 11 5549 0.0918156 0.210441 0.973285 -0.866758 -0.204308 0.960601 -0.188425 0.0961221 -0.974591 -0.18155 0.131193 0.489378
2 12 6038 -0.128856 0.195244 0.972253 -0.779076 -0.17611 0.960337 -0.216192 0.124434 -0.9759 -0.199081 -0.0893605 0.614456
2 13 6164 -0.418708 0.176168 0.890869 -0.589743 -0.181378 0.945014 -0.272123 0.151499 -0.889823 -0.275525 -0.363732 0.793254
2 14 4804 -0.999215 0.0393934 -0.00419695 -0.0473951 0.0395342 0.984711 -0.169649 0.114135 -0.00255027 -0.169682 -0.985496 0.992334
2 15 4984 0.938599 0.294266 0.180111 0.832899 -0.294109 0.955356 -0.0281966 -0.201168 -0.180368 -0.0265072 0.983242 -0.515568
2 16 4363 -0.646964 0.284031 0.707647 -0.470359 -0.108018 0.88454 -0.453786 0.287546 -0.754831 -0.370021 -0.541585 0.834314
2 17 5604 -0.0943835 0.219592 -0.971015 0.70199 -0.0115312 0.975063 0.221628 -0.146817 0.995469 0.032115 -0.0894977 0.696889
2 18 950 -0.967015 -0.0645711 0.2464 -0.230324 0.0971148 -0.987732 0.122291 -0.0548929 0.235481 0.142186 0.961422 -0.971564
2 19 1104 0.918984 0.157855 0.361318 -0.618606 -0.154663 0.987239 -0.037939 -0.0767623 -0.362696 -0.0210171 0.931671 -0.781943
2 20 2837 0.996864 -0.0217526 -0.0760791 -0.930581 0.0201738 0.999566 -0.0214587 -0.0767484 0.0765129 0.0198566 0.996871 -0.35795
2 21 2812 0.869987 -0.145959 -0.470976 -0.415508 0.148588 0.988387 -0.0318384 -0.221406 0.470153 -0.0422821 0.881571 -0.882232
2 22 3561 0.259773 -0.122963 -0.957809 0.974472 0.00615446 0.992051 -0.12569 0.132328 0.96565 0.0267559 0.258464 0.181367
2 23 3264 0.883757 -0.0832716 -0.460477 -0.413589 0.0777601 0.996491 -0.0309643 0.170857 0.46144 -0.00844187 0.887131 0.894288
2 24 4478 0.973433 -0.0543621 -0.222424 -0.0230773 0.0419033 0.997297 -0.0603579 0.07659 0.225104 0.049434 0.97308 -0.996796
2 25 5409 0.986679 0.10257 -0.126266 0.807235 -0.10321 0.994658 0.00148256 -0.121698 0.125744 0.0115691 0.991995 -0.577547
2 26 9378 0.388355 -0.225191 -0.893571 0.873814 0.218095 0.964594 -0.148303 0.184284 0.89533 -0.137289 0.423718 0.449987
2 27 10779 0.517778 -0.173784 -0.837679 0.917051 0.19572 0.977245 -0.0817625 0.0531049 0.832827 -0.121615 0.540009 0.395217
2 28 13993 0.666126 -0.174091 -0.725237 0.947671 0.13412 0.984486 -0.113135 0.130099 0.733681 -0.0219065 0.67914 0.291537
2 29 43131 0.998848 0.0135376 0.0460425 0.970824 -0.0127771 0.999778 -0.0167708 0.0641517 -0.0462593 0.0161632 0.998799 0.231054
3 4 52473 0.991191 0.022198 0.130566 -0.991554 -0.0171866 0.999076 -0.0393845 0.0586861 -0.13132 0.0367936 0.990657 0.115656
3 5 42182 0.964409 0.0576447 0.258053 -0.871102 -0.0501934 0.998113 -0.0353759 0.0991674 -0.259606 0.0211643 0.965483 0.480986
3 6 37934 0.938137 0.0633691 0.340417 -0.971661 -0.0687386 0.997628 0.00372325 0.0485708 -0.339373 -0.0268927 0.940267 0.231334
3 7 17607 0.753778 0.128139 0.644515 -0.922003 -0.145026 0.989059 -0.0270284 0.0919654 -0.640926 -0.0730977 0.764114 0.376102
3 8 14530 0.662129 0.146114 0.735007 -0.929329 -0.167747 0.984818 -0.044661 0.0601633 -0.730374 -0.0937235 0.676587 0.36432
3 9 11927 0.582933 0.154497 0.797696 -0.928561 -0.162066 0.984137 -0.0721738 0.069171 -0.796193 -0.087207 0.598725 0.364678
3 10 10395 0.472267 0.165924 0.865698 -0.908807 -0.153107 0.982636 -0.104812 0.0655706 -0.868056 -0.0830449 0.489471 0.412032
3 11 8648 0.319102 0.190734 0.928329 -0.866217 -0.193346 0.972039 -0.133255 0.0999439 -0.927788 -0.136967 0.347057 0.48957
3 12 8683 0.147955 0.180846 0.972319 -0.800557 -0.205152 0.967367 -0.148707 0.113484 -0.967482 -0.177471 0.180227 0.588412
3 13 7773 -0.212054 0.164359 0.963338 -0.593893 -0.212502 0.954414 -0.209613 0.141163 -0.953874 -0.249161 -0.167461 0.792063
3 14 9070 -0.377477 0.179122 0.90853 -0.522137 -0.245489 0.926653 -0.284691 0.211943 -0.892887 -0.330498 -0.305818 0.826107
3 15 7299 -0.822508 0.141749 0.550806 -0.259 -0.0678377 0.937081 -0.342457 0.202259 -0.564693 -0.319039 -0.761141 0.944463
3 16 3508 0.701092 0.350889 0.620763 -0.955776 -0.365963 0.924213 -0.109095 0.149762 -0.611998 -0.150691 0.776371 -0.253107
3 17 5749 0.243864 0.353982 0.902899 -0.690294 -0.363508 0.896496 -0.253292 0.298312 -0.899106 -0.266442 0.347299 0.659169
3 18 1259 0.998371 -0.0514926 -0.0245634 -0.0410239 0.0524971 0.99773 0.0421718 0.0794854 0.0223361 -0.0433926 0.998808 0.995992
3 19 2084 0.979472 -0.179625 0.09148 0.119297 0.00353035 0.469035 0.883173 -0.822825 -0.201547 -0.86472 0.460041 0.555633
3 20 2030 0.727106 0.137846 0.672544 -0.420052 0.23861 -0.969304 -0.0592968 0.130782 0.643725 0.203591 -0.737678 0.898027
3 21 1468 -0.482681 0.868668 -0.111511 -0.461959 -0.820322 -0.403833 0.404959 0.10274 0.306743 0.286941 0.90751 0.880931
3 22 1921 0.815654 -0.0100988 -0.578452 0.0964164 -0.0206381 0.998703 -0.0465368 0.205859 0.578172 0.0498961 0.814388 0.97382
3 23 6937 -0.272016 -0.278787 0.921024 -0.444096 -0.475513 0.871037 0.123218 0.0258893 -0.836597 -0.404441 -0.369503 0.895605
3 24 2788 -0.94503 -0.21083 -0.249936 -0.330217 0.174956 -0.971782 0.15821 0.0821025 -0.276239 0.105785 0.955249 0.940327
3 25 5595 0.935948 -0.0311775 -0.350756 0.949517 0.0431503 0.998721 0.0263682 -0.100038 0.349485 -0.0398144 0.936096 -0.297336
3 26 9502 0.341748 -0.253009 -0.905094 0.877299 0.258965 0.951146 -0.168102 0.23007 0.903408 -0.176939 0.390572 0.421205
3 27 11130 0.352556 -0.193957 -0.91547 0.839331 0.213136 0.969216 -0.123263 0.120146 0.911196 -0.151663 0.383042 0.530178
3 28 14895 0.479623 -0.174683 -0.859911 0.859701 0.169983 0.979917 -0.104252 0.0557163 0.860853 -0.0961691 0.499684 0.50775
3 29 42547 0.980564 -0.0359746 -0.192872 0.841907 0.0351204 0.999352 -0.00784671 0.120764 0.193029 0.000920465 0.981193 0.525936
4 5 52655 0.992067 0.0299277 0.122097 -0.729283 -0.0313168 0.999465 0.0094737 0.0989672 -0.121748 -0.0132222 0.992473 0.677017
4 6 48285 0.977614 0.0330223 0.207801 -0.979743 -0.0437992 0.997912 0.0474749 0.0264214 -0.205799 -0.0555136 0.977018 0.198507
4 7 22834 0.838807 0.0923711 0.536535 -0.963634 -0.130732 0.990842 0.0337977 0.035261 -0.528499 -0.0984919 0.843201 0.264888
4 8 18990 0.757885 0.10133 0.64447 -0.961457 -0.130209 0.991483 -0.0027676 0.0646964 -0.639262 -0.0818181 0.764624 0.267234
4 9 15798 0.695563 0.115154 0.709177 -0.968797 -0.153055 0.988164 -0.010338 0.0296587 -0.701973 -0.101352 0.704955 0.246074
4 10 13361 0.589336 0.124284 0.798271 -0.947269 -0.140363 0.98882 -0.0503258 0.045258 -0.795601 -0.0823891 0.600193 0.317228
4 11 11488 0.444588 0.14886 0.883279 -0.907633 -0.18836 0.979582 -0.0702814 0.0768766 -0.875707 -0.135128 0.46355 0.412665
4 12 10591 0.295274 0.144326 0.944449 -0.848302 -0.194226 0.97695 -0.08857 0.100293 -0.935462 -0.157284 0.316499 0.519928
4 13 9506 -0.0675633 0.145346 0.987071 -0.659953 -0.2028 0.966678 -0.156224 0.137209 -0.976887 -0.210733 -0.0358359 0.738671
4 14 9295 -0.246573 0.18117 0.952039 -0.584412 -0.234454 0.942039 -0.239989 0.218839 -0.940337 -0.282384 -0.189806 0.781391
4 15 6730 0.0569027 0.320222 0.945632 -0.664357 -0.276085 0.915278 -0.29333 0.308687 -0.959447 -0.244383 0.14049 0.680693
4 16 5217 0.238706 0.482513 0.842734 -0.785076 -0.480474 0.812838 -0.329301 0.425349 -0.843898 -0.326305 0.425864 0.450259
4 17 4736 -0.564304 0.737206 0.371602 0.230752 0.344483 0.619323 -0.705528 0.211905 -0.750262 -0.270122 -0.603441 0.949658
4 18 3009 0.998738 -0.039973 -0.0304043 -0.0210636 -0.0368699 -0.172514 -0.984317 0.532848 0.0341009 0.984196 -0.17377 0.845949
4 19 2905 0.990771 0.106909 -0.0833222 0.106843 -0.0284095 -0.437279 -0.898877 0.545043 -0.132533 0.892949 -0.430206 0.831572
4 20 1829 -0.167361 0.135077 0.976598 -0.392934 0.0808637 0.989113 -0.12295 0.123946 -0.982574 0.0583943 -0.176462 0.911175
4 21 1311 -0.778272 0.600104 -0.184845 0.457165 -0.62037 -0.689304 0.374167 -0.0821681 0.0971248 0.405877 0.908752 -0.885578
4 22 1620 0.693266 -0.00579195 -0.720659 0.102921 0.118448 0.987285 0.106011 0.154575 0.710882 -0.158854 0.685137 0.982606
4 23 4274 -0.99931 -0.0370227 -0.00283093 -0.398727 -0.0371286 0.997165 0.065451 0.0211828 0.00039973 0.065511 -0.997852 0.916825
4 24 4108 0.859666 -0.0574895 -0.507612 0.126768 0.0582973 0.998197 -0.0143214 0.129891 0.50752 -0.0172808 0.861467 -0.983391
4 25 5287 0.944116 0.00288398 -0.3296 0.802855 0.0345018 0.993604 0.107522 -0.501188 0.327802 -0.112885 0.937978 -0.322854
4 26 9739 -0.0336075 -0.139358 -0.989672 0.716424 0.24963 0.957675 -0.14333 0.129838 0.967758 -0.251869 0.00260294 0.685477
4 27 11109 0.136038 -0.168406 -0.976285 0.727529 0.203987 0.969092 -0.138741 0.161954 0.969476 -0.180275 0.166186 0.666687
4 28 14498 0.304162 -0.153592 -0.940157 0.751502 0.160521 0.981068 -0.108344 0.117811 0.938999 -0.117961 0.323058 0.649127
4 29 35627 0.943319 -0.0466641 -0.328592 0.906508 0.0574764 0.998076 0.0232637 0.0759036 0.326874 -0.0408313 0.944186 0.415309
5 6 52534 0.996748 0.00439749 0.0804644 -0.858139 -0.00772254 0.999127 0.0410589 -0.114945 -0.0802136 -0.0415467 0.995911 -0.500385
5 7 27446 0.90315 0.0697817 0.423617 -0.971822 -0.093129 0.995051 0.0346376 -0.0612257 -0.419103 -0.0707339 0.905179 -0.227625
5 8 22951 0.836962 0.0853715 0.540561 -0.997776 -0.10516 0.994439 0.00576843 -0.00999191 -0.537062 -0.0616733 0.841285 -0.0658995
5 9 19224 0.783098 0.0973325 0.614235 -0.999742 -0.113074 0.993498 -0.0132714 0.00037566 -0.611533 -0.0590612 0.789012 -0.0227216
5 10 16081 0.692343 0.111936 0.712833 -0.994901 -0.121526 0.991871 -0.0377211 -0.00171091 -0.711261 -0.0605119 0.700318 0.100844
5 11 13513 0.553378 0.148281 0.819625 -0.963282 -0.154587 0.985214 -0.0738673 0.069637 -0.818459 -0.0858266 0.568118 0.259303
5 12 12750 0.421521 0.145948 0.894997 -0.917986 -0.171477 0.981986 -0.0793722 0.0810054 -0.890458 -0.120014 0.438955 0.388251
5 13 10568 0.0656653 0.174078 0.98254 -0.752977 -0.173972 0.971581 -0.160509 0.141828 -0.982559 -0.160395 0.0940839 0.642581
5 14 10289 -0.182133 0.090999 0.979054 -0.687204 -0.295781 0.94452 -0.142813 0.104559 -0.937732 -0.315597 -0.145113 0.718901
5 15 6574 -0.351484 0.248029 0.902741 -0.603422 -0.144132 0.938434 -0.313954 0.244799 -0.925032 -0.240463 -0.294096 0.758917
5 16 5298 0.257202 0.434092 0.863372 -0.826419 -0.364084 0.871123 -0.329527 0.413466 -0.895148 -0.229585 0.382101 0.382201
5 17 5768 0.522137 0.0497759 0.851408 -0.771786 -0.0931712 0.99565 -0.00107032 0.0120813 -0.847757 -0.0787678 0.524503 0.635767
5 18 2173 -0.965138 -0.041088 -0.258496 0.105438 0.0354973 0.95793 -0.284798 0.152944 0.259323 -0.284045 -0.923076 0.982594
5 19 2007 0.999585 -0.0164593 -0.0236436 0.926547 0.0163887 0.999861 -0.00317835 0.141613 0.0236926 0.00278954 0.999715 0.348505
5 20 1697 -0.701623 -0.105269 0.704729 -0.571545 0.0711845 -0.994434 -0.0776726 0.0331978 0.708983 -0.00433114 0.705212 -0.819899
5 21 1960 -0.0499599 -0.78474 -0.617809 0.107819 -0.995301 -0.0122539 0.0960512 0.171787 -0.0829458 0.619704 -0.78044 0.979216
5 22 900 0.963755 -0.164452 0.210075 0.0695509 0.166882 0.985957 0.00622904 0.158943 -0.20815 0.0290546 0.977665 0.984835
5 23 4074 -0.693603 -0.20084 0.691793 -0.402588 -0.282005 0.959404 -0.00420982 0.0243293 -0.662864 -0.198009 -0.722083 0.915058
5 24 7569 0.443792 0.0885671 -0.891743 0.927745 -0.0409268 0.996069 0.0785607 -0.122845 0.895195 0.00163156 0.445672 0.352419
5 25 5112 0.97526 -0.122264 -0.184172 -0.708626 0.133673 0.989722 0.0508134 -0.179302 0.176066 -0.0741751 0.98158 -0.682422
5 26 9688 0.142192 -0.215896 -0.966007 0.818609 0.279031 0.945088 -0.170149 0.180279 0.949696 -0.245352 0.194626 0.545325
5 27 10267 -0.000832253 -0.170746 -0.985315 0.716197 0.216868 0.961835 -0.16686 0.149952 0.976201 -0.213822 0.0362288 0.681598
5 28 12416 0.122056 -0.162605 -0.979113 0.744786 0.183318 0.97321 -0.138773 0.101938 0.975447 -0.16255 0.148595 0.659471
5 29 31608 0.891845 -0.0779843 -0.445568 0.977588 0.0891608 0.996009 0.00413996 0.0401955 0.443467 -0.0434194 0.895238 0.206656
6 7 30707 0.932699 0.0795545 0.351773 -0.968607 -0.0843935 0.996431 -0.00158295 -0.0578813 -0.350644 -0.028211 0.936084 -0.241764
6 8 25120 0.878061 0.0996921 0.46805 -0.99611 -0.0986398 0.994761 -0.0268309 -0.00748509 -0.468273 -0.0226092 0.883295 -0.0877996
6 9 20901 0.827321 0.116604 0.549494 -0.999065 -0.112754 0.992781 -0.0409084 -0.015944 -0.550297 -0.0281131 0.834495 -0.0401743
6 10 17978 0.740187 0.134664 0.658778 -0.995905 -0.117228 0.99058 -0.0707743 -0.00318503 -0.662103 -0.0248412 0.749001 0.090346
6 11 15027 0.613685 0.175512 0.769797 -0.96575 -0.153286 0.982914 -0.101902 0.0693986 -0.774529 -0.0554636 0.630103 0.25002
6 12 12971 0.483543 0.177908 0.85705 -0.922025 -0.169985 0.979572 -0.107437 0.0814425 -0.858657 -0.0937357 0.503907 0.378468
6 13 11158 0.112493 0.199744 0.973369 -0.760839 -0.186462 0.966429 -0.176771 0.125727 -0.976001 -0.16161 0.145961 0.636645
6 14 10818 0.0631948 0.272171 0.960172 -0.772248 -0.25216 0.935233 -0.248505 0.231738 -0.96562 -0.226413 0.127732 0.591549
6 15 6752 -0.42131 0.156012 0.893397 -0.610049 -0.19359 0.946917 -0.256652 0.138043 -0.886014 -0.281083 -0.368744 0.780246
6 16 5414 0.414217 0.443938 0.794571 -0.939131 -0.391566 0.874985 -0.28474 0.339062 -0.821645 -0.193183 0.536265 0.055402
6 17 3727 0.890218 0.397749 -0.222054 0.438141 -0.418194 0.906859 -0.0521544 -0.137919 0.180627 0.13929 0.973639 0.888263
6 18 3748 0.464591 -0.29136 -0.83622 0.821345 0.248733 0.94924 -0.192547 0.192531 0.849875 -0.11854 0.51348 0.536958
6 19 1504 0.999681 0.0159486 -0.0195853 0.371815 -0.0163329 0.999674 -0.019624 0.0447714 0.019266 0.0199376 0.999616 0.927227
6 20 3215 0.345893 0.123368 0.930128 -0.718309 -0.109006 0.989889 -0.0907574 0.0869765 -0.93192 -0.0699975 0.355844 0.690266
6 21 3979 0.0430426 0.121846 0.991615 -0.557931 -0.239645 0.964818 -0.108151 0.121819 -0.969906 -0.232981 0.070728 0.820898
6 22 2112 -0.849026 -0.5277 -0.0262288 0.294328 -0.526926 0.849335 -0.0312848 0.168892 0.038786 -0.012741 -0.999166 0.940663
6 23 5685 -0.69806 0.193038 0.689528 -0.43964 0.0716825 0.976977 -0.200942 0.0568662 -0.712442 -0.0908429 -0.695826 0.896372
6 24 3907 0.617267 -0.579952 -0.531636 -0.257297 0.641932 0.76194 -0.0858574 0.104367 0.454867 -0.288277 0.84261 0.96068
6 25 5048 0.921916 -0.0911792 -0.376507 0.897101 0.0990171 0.995085 0.00147264 -0.108518 0.374522 -0.0386383 0.926412 -0.428292
6 26 9750 0.026216 -0.211859 -0.976949 0.692427 0.281299 0.939358 -0.196159 0.144237 0.959262 -0.269672 0.0842221 0.706923
6 27 11091 0.0260145 -0.213841 -0.976522 0.646939 0.242417 0.949045 -0.201366 0.147447 0.969823 -0.231487 0.0765276 0.74815
6 28 12689 0.133633 -0.208467 -0.968857 0.65558 0.183456 0.965932 -0.182534 0.121731 0.973902 -0.153351 0.167325 0.745249
6 29 26493 0.86281 -0.10123 -0.495289 0.920503 0.0939558 0.994787 -0.0396454 0.0674763 0.49672 -0.0123289 0.867823 0.384866
7 8 44749 0.991093 0.026077 0.130597 -0.997773 -0.0247943 0.999627 -0.0114386 -0.036878 -0.130846 0.0080987 0.99137 -0.0555846
7 9 37401 0.972707 0.046032 0.227423 -0.997202 -0.0431784 0.998914 -0.0175097 -0.052983 -0.227982 0.00721203 0.973639 -0.0527354
7 10 30621 0.933054 0.0721327 0.352431 -0.995426 -0.0532229 0.996589 -0.0630672 0.0183874 -0.355779 0.0400876 0.93371 0.0937498
7 11 23656 0.858541 0.121317 0.498187 -0.968607 -0.10469 0.992614 -0.0613013 0.0586659 -0.501944 0.000474234 0.8649 0.241574
7 12 20317 0.76891 0.130277 0.625943 -0.928541 -0.124703 0.990776 -0.0530241 0.0613779 -0.627078 -0.0372863 0.778064 0.366121
7 13 15748 0.483355 0.187604 0.855087 -0.781522 -0.164055 0.978875 -0.122027 0.122216 -0.859915 -0.0812987 0.503921 0.61179
7 14 14838 0.298978 0.219335 0.928711 -0.741646 -0.236303 0.959932 -0.150636 0.172709 -0.92454 -0.17442 0.338828 0.648176
7 15 8469 0.050844 0.235725 0.970489 -0.686216 -0.206688 0.953191 -0.220695 0.166758 -0.977085 -0.189367 0.0971855 0.708025
7 16 7412 -0.0540812 0.201499 0.977995 -0.68961 -0.206734 0.955947 -0.208388 0.129163 -0.976901 -0.213454 -0.0100422 0.712569
7 17 4737 0.980336 0.0391882 0.193406 -0.914283 -0.0339535 0.998964 -0.0303079 0.179049 -0.194394 0.023145 0.980651 0.363356
7 18 2383 0.985754 0.162199 -0.0445111 0.742332 -0.158284 0.984094 0.0806576 -0.0737754 0.0568857 -0.0724631 0.995748 0.665958
7 19 2180 0.710259 0.388642 0.586932 0.128943 0.401688 -0.908469 0.115459 -0.00672711 0.578082 0.153758 -0.801361 0.991629
7 20 1562 0.930125 -0.364837 -0.0419733 0.172003 0.237841 0.511354 0.825802 -0.783208 -0.27982 -0.778082 0.562396 0.597495
7 21 1199 0.988251 0.0237248 0.150986 -0.457876 -0.0247172 0.999683 0.00469877 0.144035 -0.150827 -0.00837552 0.988525 -0.87727
7 22 897 0.997379 -0.0535992 -0.0485964 -0.953461 0.0529326 0.998487 -0.0149043 -0.104821 0.0493217 0.0122929 0.998707 -0.28271
7 23 2314 0.694699 0.374211 -0.614295 -0.368559 -0.398305 0.911261 0.104676 0.0215863 0.598954 0.171959 0.782102 0.929354
7 24 3393 -0.0286764 -0.930533 0.365083 -0.393125 -0.999576 0.0285149 -0.00583471 0.0395952 -0.00498092 -0.365096 -0.930957 0.918632
7 25 4004 0.807825 -0.197512 -0.555345 0.892614 0.200082 0.97813 -0.0568314 0.0878457 0.554424 -0.0652046 0.829676 -0.442179
7 26 2507 0.960753 -0.243091 -0.133641 0.836959 0.245538 0.969385 0.00189308 0.139037 0.12909 -0.0346329 0.991028 -0.529309
7 27 3078 0.271553 -0.0252289 -0.962093 0.787421 -0.265245 0.95898 -0.100013 0.243844 0.925151 0.282349 0.253722 0.566134
7 28 1265 0.915749 -0.142842 -0.3755 0.393479 0.127551 0.989673 -0.0654114 0.176899 0.380966 0.012005 0.924511 -0.902154
7 29 13721 0.611408 -0.158222 -0.775336 0.867374 0.146335 0.985514 -0.0857165 0.0716184 0.777667 -0.0610513 0.625705 0.492477
8 9 46376 0.995525 0.0197048 0.0924191 -0.983286 -0.0187929 0.999766 -0.010727 -0.0355385 -0.0926089 0.00894222 0.995662 -0.178566
8 10 37073 0.973639 0.0445285 0.223708 -0.999385 -0.0369089 0.998591 -0.0381291 -0.0062781 -0.225091 0.0288672 0.97391 0.0344922
8 11 29071 0.921197 0.0937948 0.377621 -0.975845 -0.0858272 0.995588 -0.0379142 0.0601065 -0.379512 0.00251631 0.925184 0.210031
8 12 24393 0.846937 0.102725 0.521675 -0.937047 -0.103086 0.994266 -0.0284255 0.0599365 -0.521604 -0.0297029 0.852671 0.344021
8 13 18586 0.600615 0.156577 0.784057 -0.812571 -0.155032 0.984832 -0.0779129 0.102583 -0.784364 -0.074758 0.615779 0.573763
8 14 16143 0.454112 0.222887 0.862614 -0.788416 -0.224531 0.965582 -0.131292 0.20322 -0.862188 -0.134062 0.488528 0.580605
8 15 9413 0.204899 0.162666 0.965172 -0.781107 -0.208561 0.970703 -0.119322 0.0779094 -0.956305 -0.176848 0.232822 0.619518
8 16 8976 -0.0582534 0.339198 0.93891 -0.684236 -0.147002 0.92734 -0.344138 0.302173 -0.987419 -0.158069 -0.00415799 0.663711
8 17 5655 0.963073 0.0180435 0.268635 -0.932482 -0.0353511 0.997588 0.0597305 -0.0144683 -0.266909 -0.0670213 0.961388 0.360927
8 18 3861 -0.558755 0.00416554 0.829322 -0.258311 0.0659386 0.997045 0.0394181 0.00818846 -0.826707 0.0767094 -0.557378 0.966027
8 19 2371 0.137643 -0.98366 0.116051 0.310654 0.832973 0.0515622 -0.550907 0.0515235 0.535921 0.172496 0.826459 0.949126
8 20 1101 0.848194 -0.107907 -0.518578 0.798324 0.101155 0.99401 -0.0413846 0.0968878 0.519937 -0.0173546 0.854028 0.594384
8 21 896 0.990966 -0.0386902 0.12841 -0.324568 0.0377396 0.999239 0.00982872 0.0987479 -0.128692 -0.0048938 0.991672 -0.940693
8 22 793 0.968547 -0.193621 0.156292 -0.373496 0.185649 0.980515 0.0642298 0.085034 -0.165683 -0.0331941 0.98562 -0.923726
8 23 1959 -0.356162 -0.237015 0.903865 -0.410476 -0.421254 0.904152 0.0710981 0.0212275 -0.834083 -0.355434 -0.421868 0.911624
8 24 4153 -0.565992 0.822469 -0.0565544 -0.355922 -0.225057 -0.0881529 0.97035 -0.0953284 0.793097 0.561938 0.234996 0.929641
8 25 2184 -0.903745 -0.250043 0.347454 -0.0880956 0.279734 -0.959356 0.037209 0.0917339 0.324028 0.130822 0.936959 0.991879
8 26 1904 0.948575 0.280826 -0.146089 0.459186 -0.26509 0.956943 0.118266 0.0374756 0.173011 -0.0734574 0.982177 -0.887549
8 27 976 -0.937854 0.0992107 -0.332547 0.389215 -0.160055 -0.973917 0.160835 -0.0671232 -0.307917 0.204065 0.929271 -0.918698
8 28 518 -0.879896 0.128264 -0.457528 -0.405089 -0.150106 -0.988603 0.0115298 -0.0366486 -0.450835 0.0788226 0.88912 0.913542
8 29 11594 0.498926 -0.16246 -0.851281 0.807421 0.161148 0.982533 -0.0930613 0.0912614 0.85153 -0.0907518 0.516392 0.582875
9 10 43471 0.99041 0.0236691 0.136119 -0.994472 -0.0198261 0.999368 -0.0295195 0.0187294 -0.136732 0.0265377 0.990253 0.103318
9 11 32198 0.953411 0.0712768 0.293133 -0.971116 -0.0699256 0.997438 -0.0151001 0.0504345 -0.293458 -0.00610089 0.955953 0.233217
9 12 26865 0.89479 0.0829532 0.438713 -0.932096 -0.0873522 0.996125 -0.0101885 0.0629062 -0.437858 -0.029206 0.898569 0.356708
9 13 19940 0.670572 0.141 0.728321 -0.813116 -0.142196 0.987997 -0.0603506 0.109856 -0.728089 -0.0630952 0.682573 0.571642
9 14 16970 0.517401 0.160409 0.840574 -0.821463 -0.218517 0.974475 -0.0514571 0.113749 -0.827373 -0.157056 0.539247 0.558802
9 15 9332 0.305622 0.205004 0.929822 -0.809983 -0.212976 0.966522 -0.143093 0.136235 -0.928028 -0.154297 0.339051 0.57041
9 16 8599 0.117648 0.112136 0.986704 -0.801054 -0.210158 0.973911 -0.0856246 0.0133434 -0.970563 -0.19729 0.138145 0.598443
9 17 7555 0.495597 0.181437 -0.84939 0.469184 -0.104074 0.983297 0.149316 -0.0998995 0.862295 0.0143989 0.506202 0.877432
9 18 4554 0.233782 -0.0742432 0.96945 -0.509732 0.0059989 0.997172 0.0749196 0.00421049 -0.97227 -0.0116992 0.233566 0.860323
9 19 1362 0.90374 0.0964593 0.417073 -0.67499 -0.131725 0.989673 0.0565405 0.0878286 -0.407312 -0.106037 0.907113 -0.732581
9 20 413 0.512818 -0.819802 -0.254839 0.162244 0.857441 0.474374 0.199412 0.178669 -0.0425898 -0.320771 0.946199 0.97044
9 21 1069 0.860248 -0.294782 0.416026 -0.621983 0.237598 0.95369 0.184453 -0.0209888 -0.451133 -0.0598282 0.890449 -0.78275
9 22 1029 0.886699 0.292846 -0.35778 0.305779 -0.442289 0.311797 -0.84093 0.708912 -0.134708 0.903894 0.405992 0.635565
9 23 2776 0.938057 0.346423 0.00631134 -0.389526 0.346431 -0.938075 -0.000253917 0.0174904 0.00583255 0.00242463 -0.99998 0.92085
9 24 3435 0.18256 0.921165 -0.343695 -0.329059 -0.888395 0.304313 0.343726 0.0245188 0.42122 0.242586 0.873914 0.943991
9 25 3710 -0.316631 0.948373 -0.0182865 0.0128246 -0.867768 -0.281827 0.409332 -0.0614551 0.383046 0.145475 0.912202 0.998027
9 26 1931 0.975076 -0.042618 -0.217741 0.0788336 0.0613068 0.994923 0.0798063 0.166421 0.213235 -0.0911662 0.972738 0.982898
9 27 1576 0.859121 -0.157559 -0.486916 0.415225 -0.221988 -0.971992 -0.0771542 0.0128891 -0.461122 0.174374 -0.870035 0.909628
9 28 1279 0.967507 0.00351536 -0.252819 -0.158439 -0.015511 0.998845 -0.0454702 0.52806 0.252367 0.0479143 0.966445 -0.834296
9 29 9391 0.404521 -0.18305 -0.896022 0.746595 0.171188 0.977602 -0.122431 0.132169 0.898364 -0.103862 0.426796 0.652018
10 11 39104 0.985244 0.045365 0.165036 -0.974038 -0.0483226 0.998734 0.0139482 0.0702556 -0.164194 -0.0217174 0.986189 0.215209
10 12 30787 0.945032 0.0564031 0.322078 -0.933581 -0.0637512 0.99789 0.0123038 0.0961733 -0.320704 -0.0321604 0.946633 0.345222
10 13 22475 0.761104 0.114422 0.638458 -0.840313 -0.125913 0.991657 -0.0276207 0.125135 -0.636292 -0.0593678 0.769161 0.527462
10 14 18447 0.600029 0.154023 0.785011 -0.860902 -0.203389 0.978417 -0.036508 0.151987 -0.773691 -0.137757 0.618405 0.485538
10 15 9954 0.398447 0.164451 0.902328 -0.888435 -0.199737 0.975741 -0.089632 0.102291 -0.895179 -0.144514 0.421628 0.44746
10 16 6962 0.718254 0.10813 0.687328 -0.871705 -0.13489 0.990748 -0.0149043 -0.127245 -0.68258 -0.0820085 0.726195 -0.473223
10 17 5333 0.989072 0.00779813 0.147229 -0.973214 -0.018924 0.997055 0.0743197 0.0419379 -0.146215 -0.0762937 0.986306 0.226044
10 18 4609 0.49869 0.213051 -0.840189 0.783152 -0.0373983 0.973708 0.22471 -0.0814454 0.865973 -0.080639 0.493546 0.616474
10 19 3772 0.851638 0.190885 -0.488135 0.836988 -0.0894861 0.970604 0.22343 -0.130019 0.516435 -0.1466 0.843684 0.53155
10 20 322 0.718185 0.101586 0.688397 0.284926 -0.174069 0.984061 0.0363845 -0.323509 -0.673729 -0.14596 0.724421 0.902308
10 21 1255 0.371833 0.231421 0.898991 -0.712781 -0.166189 0.969377 -0.180802 0.446829 -0.913302 -0.082174 0.398906 0.540636
10 22 1464 -0.610181 0.0203717 -0.792 0.417085 -0.226222 0.95357 0.198816 -0.0828606 0.759277 0.300482 -0.577242 0.905082
10 23 4156 0.598079 0.0409891 0.800388 -0.582767 -0.0428242 0.998899 -0.0191553 0.0504485 -0.800292 -0.0228196 0.599176 0.811072
10 24 5049 0.385613 -0.832504 0.397794 -0.359984 -0.886468 -0.214716 0.409966 -0.0866422 -0.255885 -0.51072 -0.820785 0.928927
10 25 4226 -0.370959 -0.928589 -0.0105698 -0.0400944 -0.800314 0.3139 0.510847 -0.0488528 -0.471049 0.197962 -0.859607 0.998001
10 26 2348 -0.713673 -0.59673 -0.366856 0.0333711 -0.693072 0.525583 0.49337 -0.0207851 -0.101595 0.606363 -0.788671 0.999227
10 27 1941 0.761 0.637643 -0.119543 0.105938 0.615241 -0.76779 -0.178823 0.147343 -0.205809 0.0625367 -0.976592 0.983396
10 28 1783 0.277255 0.113077 0.954119 -0.669153 -0.0250696 0.993564 -0.110467 0.0924464 -0.960469 0.00670814 0.278305 0.737352
10 29 8060 0.282432 -0.128966 -0.950579 0.708296 0.177992 0.98076 -0.0801763 0.102563 0.94263 -0.146551 0.299953 0.698425
11 12 44134 0.987018 0.0126878 0.160105 -0.959781 -0.0143301 0.999856 0.00910715 0.0554231 -0.159966 -0.0112832 0.987058 0.275225
11 13 31198 0.864505 0.0844623 0.495477 -0.935389 -0.0840705 0.996191 -0.0231316 0.0835272 -0.495544 -0.0216576 0.868313 0.343614
11 14 23382 0.740212 0.125726 0.660514 -0.984461 -0.15918 0.987204 -0.00952365 0.0438791 -0.653259 -0.0980908 0.750753 0.170032
11 15 13466 0.574035 0.166747 0.801673 -0.995839 -0.170846 0.981888 -0.081898 0.0409528 -0.800809 -0.0899501 0.592126 0.081405
11 16 10523 0.619893 0.204937 0.757452 -0.942032 -0.189242 0.975845 -0.109151 0.0566462 -0.761525 -0.0756799 0.643702 -0.330707
11 17 8056 0.379015 0.154209 0.912451 -0.973904 -0.198034 0.976691 -0.0828065 0.0223249 -0.903953 -0.149311 0.400719 0.22586
11 18 5212 0.524979 -0.0876997 0.846585 -0.587805 0.0847496 0.99512 0.0505324 0.0297436 -0.846885 0.0452193 0.529849 0.808455
11 19 4016 0.948429 0.0823375 -0.306111 0.82678 -0.0304278 0.984865 0.170633 -0.133137 0.315527 -0.152519 0.936579 0.546543
11 20 2196 0.755233 0.0995978 0.647845 -0.553051 -0.098586 0.994405 -0.0379491 0.150244 -0.648 -0.035208 0.760826 0.819488
11 21 2514 0.471636 0.20263 0.858196 -0.938527 -0.160227 0.976731 -0.142562 0.314983 -0.867114 -0.070269 0.493129 0.141252
11 22 2406 0.436941 0.219018 0.872418 -0.90892 -0.101639 0.975713 -0.194046 0.41693 -0.893729 -0.0038851 0.44859 0.00575805
11 23 2376 0.840141 -0.0698984 -0.537844 -0.379364 0.12918 0.988911 0.0732662 0.0231232 0.526759 -0.131033 0.839854 0.924959
11 24 1959 -0.858448 -0.203495 -0.470805 -0.384285 0.189109 -0.978832 0.0782631 0.0284715 -0.476765 -0.0218488 0.878759 0.922776
11 25 3852 -0.445798 0.701137 0.556481 -0.0985627 0.894399 0.374083 0.245179 0.0692247 -0.0362657 0.607017 -0.793861 0.99272
11 26 2496 -0.899707 0.256587 0.353115 -0.0627075 -0.221831 -0.965503 0.136363 0.0955791 0.375922 0.0443552 0.925589 0.993445
11 27 1662 0.906624 -0.409314 0.102448 0.135284 0.34804 0.862722 0.36685 0.0504266 -0.238541 -0.296939 0.924622 0.989523
11 28 2444 0.600413 -0.254106 -0.758244 0.290335 -0.406632 -0.913454 -0.015869 -0.0329248 -0.688589 0.317854 -0.651778 0.956358
11 29 8218 0.115871 -0.175064 -0.977715 0.650185 0.204261 0.967506 -0.149029 0.131177 0.972035 -0.182441 0.147864 0.748366
12 13 38080 0.931369 0.0780878 0.355603 -0.996954 -0.074507 0.996937 -0.0237766 0.0466242 -0.356371 -0.00435013 0.934334 -0.062521
12 14 27366 0.877686 0.128858 0.461586 -0.823692 -0.144463 0.989509 -0.00154343 -0.0429289 -0.456943 -0.0653277 0.887094 -0.56541
12 15 16583 0.758236 0.174758 0.628123 -0.856827 -0.167426 0.983291 -0.0714662 -0.00974307 -0.630117 -0.0509758 0.774825 -0.515511
12 16 14072 0.590851 0.14366 0.793887 -0.981377 -0.166158 0.984592 -0.0545059 -0.0975996 -0.789485 -0.0997061 0.605617 -0.165449
12 17 9110 0.615939 0.2782 0.737037 -0.94508 -0.261413 0.954738 -0.141912 0.140726 -0.743157 -0.105262 0.660785 -0.294992
12 18 2749 0.991222 -0.0235176 0.130099 -0.243692 0.0221348 0.999682 0.0120648 0.132954 -0.130341 -0.00907922 0.991428 0.960696
12 19 2000 0.96512 0.00511023 0.261759 0.511276 -0.00492671 0.999987 -0.00135734 -0.157576 -0.261763 2.03805e-05 0.965132 0.844847
12 20 2763 0.689868 0.279561 -0.667778 0.872104 -0.0659735 0.942868 0.32657 -0.26571 0.720923 -0.181235 0.668898 0.410892
12 21 2771 0.518808 0.196469 0.832009 -0.924004 -0.108824 0.980494 -0.163673 0.381563 -0.847936 -0.00562738 0.530068 0.0250223
12 22 702 0.717118 0.117845 0.686917 -0.392694 -0.10462 0.992635 -0.061073 -0.0299617 -0.689055 -0.0280689 0.724165 -0.919181
12 23 2506 -0.900524 0.31347 0.301318 -0.369025 0.336725 0.941211 0.0271721 0.0243348 -0.275086 0.12593 -0.953137 0.929101
12 24 4194 0.999658 -0.00959216 -0.0243489 -0.483902 0.0101158 0.999718 0.0214761 0.126651 0.024136 -0.021715 0.999473 0.865909
12 25 3363 0.957035 0.112934 0.267076 -0.117238 -0.108105 0.993599 -0.0327652 0.171619 -0.269067 0.00248517 0.963118 0.978163
12 26 3711 0.944781 0.0260696 0.326664 -0.126626 -0.0402802 0.99851 0.0368124 0.188293 -0.325217 -0.0479378 0.944423 0.973916
12 27 1335 0.922794 0.0414782 0.383055 -0.205538 -0.046542 0.998908 0.0039568 -0.0378951 -0.382473 -0.0214795 0.923717 -0.977915
12 28 1382 0.904485 0.0966194 0.415418 -0.00278754 -0.0604906 0.993217 -0.0993005 0.00866129 -0.422195 0.0646869 0.904194 0.999959
12 29 7826 -0.00042033 -0.212243 -0.977217 0.634993 0.182581 0.960774 -0.208751 0.156332 0.983191 -0.178509 0.0383478 0.756535
13 14 37712 0.978181 0.0519414 0.201159 -0.882318 -0.062699 0.996903 0.0474768 -0.13556 -0.19807 -0.0590533 0.978407 -0.450709
13 15 22689 0.916498 0.0941672 0.388797 -0.866259 -0.100138 0.994961 -0.00492976 -0.0974609 -0.387302 -0.0344151 0.92131 -0.489998
13 16 16435 0.851847 0.104654 0.51323 -0.923814 -0.114517 0.993343 -0.0124825 -0.101567 -0.511119 -0.0481401 0.85816 -0.369122
13 17 10147 0.720603 0.13314 0.680445 -0.998166 -0.167631 0.98573 -0.0153499 -0.012146 -0.672779 -0.103002 0.732638 0.0593051
13 18 4919 0.535386 0.209758 0.818146 -0.983419 -0.193219 0.9734 -0.123122 0.085773 -0.822209 -0.0921638 0.561674 0.159779
13 19 1521 0.999865 -0.0156515 0.00504053 -0.055638 0.0157636 0.999611 -0.0230246 0.319249 -0.0046782 0.0231009 0.999722 0.946036
13 20 1410 0.960899 0.0741118 0.266797 0.17058 -0.062493 0.996701 -0.0517913 0.700794 -0.269755 0.0330933 0.96236 0.692669
13 21 1355 0.955902 0.0264109 0.292497 0.368781 -0.0348004 0.999118 0.0235153 -0.155671 -0.291618 -0.0326573 0.955977 -0.916388
13 22 1960 0.975795 0.13923 0.16864 0.62324 -0.150683 0.986934 0.0570694 -0.298143 -0.158491 -0.0810991 0.984024 -0.722968
13 23 2212 -0.773561 0.320441 0.546737 -0.36639 0.355028 0.933774 -0.0449649 0.0209025 -0.524937 0.159324 -0.836096 0.930227
13 24 2034 -0.970428 -0.00109296 -0.241387 -0.257287 -0.0482748 -0.97891 0.198507 0.0840775 -0.236514 0.20429 0.949909 0.962671
13 25 4125 0.99924 -0.00541812 -0.0386016 -0.187068 0.00365375 0.998952 -0.0456322 0.236205 0.0388084 0.0454565 0.998212 0.953526
13 26 3457 0.99904 0.00135325 0.0437773 -0.094932 -0.00352401 0.998766 0.0495475 0.205332 -0.0436562 -0.0496543 0.997812 0.974077
13 27 2988 0.996067 0.0111458 0.0878947 0.0355894 -0.00766624 0.999177 -0.0398264 0.564849 -0.0882662 0.0389959 0.995333 -0.824426
13 28 2770 0.990405 0.0391747 0.13253 0.0111851 -0.0469905 0.997304 0.0563691 -0.729443 -0.129964 -0.0620558 0.989575 -0.68395
13 29 5723 -0.433239 -0.215726 -0.875081 0.531547 0.131978 0.945281 -0.298372 0.183351 0.891563 -0.244758 -0.381062 0.826946
14 15 29703 0.972414 0.054246 0.226865 -0.860637 -0.0469196 0.998192 -0.0375671 -0.14311 -0.228492 0.0258864 0.973201 -0.488695
14 16 20891 0.940074 0.0759121 0.332413 -0.877477 -0.0632515 0.996806 -0.0487602 -0.116853 -0.335053 0.0248125 0.941873 -0.465165
14 17 13500 0.87681 0.114787 0.466935 -0.998202 -0.108768 0.993265 -0.0399315 -0.0165691 -0.468374 -0.0157753 0.883389 -0.0576125
14 18 5507 0.639725 0.208208 0.739866 -0.957855 -0.158028 0.977674 -0.138492 0.066552 -0.752183 -0.0283232 0.658346 0.279437
