0 1 111 0.708793 -0.103879 -0.697726 0.369358 0.0977309 0.99402 -0.0487116 0.152128 0.698614 -0.0336629 0.714707 0.916751
0 2 111 0.91706 -0.113702 -0.382194 0.417875 0.156762 0.984111 0.0833748 0.0576283 0.366642 -0.136373 0.920313 0.906675
0 3 123 0.9996 -0.0153075 -0.023779 -0.737003 0.0157879 0.999672 0.0201459 -0.141675 0.0234628 -0.0205133 0.999514 -0.660874
0 4 293 0.98455 -0.0244968 -0.173383 0.662454 0.0211573 0.999554 -0.0210827 0.111835 0.173822 0.0170887 0.984629 0.740708
0 5 372 0.895269 -0.063261 -0.441012 0.484262 0.0591844 0.997982 -0.0230093 0.139093 0.441577 -0.00550153 0.897206 0.863796
0 6 233 0.998394 0.0120374 0.055352 0.401515 -0.0136277 0.999502 0.0284438 0.18722 -0.0549821 -0.0291524 0.998062 0.896512
0 7 143 0.898082 0.0916817 0.430166 -0.412807 -0.101706 0.994814 0.000311961 -0.260703 -0.427907 -0.0440307 0.90275 -0.872711
0 8 159 0.857 0.097336 0.50604 0.170255 -0.107357 0.994176 -0.00941468 0.247185 -0.504009 -0.0462585 0.862459 0.953893
0 9 211 0.880188 0.331236 0.339929 0.299825 -0.0877924 0.81747 -0.569242 0.867693 -0.466435 0.471197 0.748607 0.396502
0 10 153 0.713969 0.125201 0.688893 -0.731027 -0.124751 0.990887 -0.0507935 0.100256 -0.688975 -0.0496752 0.723081 0.674943
0 11 91 0.57338 0.162559 0.803 -0.807625 -0.167815 0.98264 -0.0790972 0.127153 -0.801918 -0.0894024 0.590706 0.575825
0 12 89 -0.736787 -0.534021 0.414687 -0.0808868 -0.648147 0.73246 -0.208344 0.0423908 -0.192482 -0.422283 -0.885792 0.995821
0 13 73 0.73198 0.115305 0.671498 -0.686501 -0.129592 0.991145 -0.0289287 -0.14852 -0.668888 -0.0658454 0.740441 -0.7118
0 14 63 0.189579 0.0289632 -0.981438 0.435813 -0.533042 0.842476 -0.0781025 0.0454781 0.824576 0.537954 0.175154 0.898888
0 15 123 0.566798 0.0730716 0.82061 -0.478632 0.157528 -0.987293 -0.0208912 0.0345772 0.808656 0.14111 -0.571107 0.877335
0 16 61 -0.976967 -0.0909231 0.193052 -0.45892 -0.121972 0.980265 -0.155574 0.00311519 -0.175097 -0.175537 -0.968776 0.888472
0 17 145 0.869197 -0.319133 0.377691 -0.352239 0.481941 0.375952 -0.79145 0.664379 0.110585 0.869951 0.48058 0.659187
0 18 68 0.9442 0.0970803 -0.314742 -0.120173 -0.0549084 0.988599 0.140207 0.0300436 0.324764 -0.115101 0.938765 0.992298
0 19 80 0.976013 -0.0536251 -0.211005 0.360241 0.0575584 0.998263 0.012539 0.128824 0.209966 -0.0243833 0.977405 0.923922
0 20 47 0.997431 0.0518161 0.0494708 0.244946 -0.0538467 0.997722 0.0406368 -0.00865974 -0.0472524 -0.0431962 0.997949 -0.969498
0 21 34 -0.684413 -0.543241 0.486279 -0.245844 -0.701579 0.672204 -0.236492 0.0526482 -0.198407 -0.503022 -0.841192 0.967879
0 22 33 0.339623 -0.900166 -0.272685 0.435994 0.939264 0.309363 0.148586 -0.00957735 -0.049393 -0.306586 0.950561 -0.899899
0 23 0 1 0 0 0 0 1 0 0 0 0 1 0
0 24 34 0.908603 -0.259435 -0.327313 -0.292227 0.0938154 0.89043 -0.445346 0.840274 0.406988 0.373936 0.833387 0.456664
0 25 56 -0.286566 0.293979 0.911842 -0.293158 0.95513 0.162055 0.247923 0.062219 -0.0748844 0.941974 -0.327227 0.954037
0 26 42 0.129201 0.968833 0.211351 -0.191054 -0.991617 0.126553 0.0260661 0.0921013 -0.00149335 -0.212947 0.977063 0.977249
0 27 20 -0.992477 -0.0246773 0.119917 -0.141657 0.02787 -0.999298 0.0250202 -0.0709429 0.119215 0.0281741 0.992469 -0.98737
0 28 58 0.907417 0.00769089 0.420161 -0.69045 0.0306243 0.995964 -0.0843699 0.223702 -0.419114 0.0894258 0.903519 0.687922
0 29 246 0.718209 -0.10576 -0.687744 0.722099 0.11609 0.992741 -0.0314288 0.119526 0.686075 -0.0572678 0.725273 0.681385
1 2 334 0.983369 -0.0161894 0.180896 -0.00338882 0.0384953 0.991968 -0.120488 0.98855 -0.177492 0.125447 0.976094 -0.150857
1 3 251 0.932868 0.0275788 0.359162 -0.0324667 -0.111588 0.970143 0.215339 -0.915362 -0.342499 -0.240961 0.908092 -0.401321
1 4 170 0.798843 0.0787713 0.59636 -0.997913 -0.0710694 0.996805 -0.0364651 -0.0222831 -0.597327 -0.0132531 0.801889 -0.0606034
1 5 142 0.719504 0.115266 0.684856 -0.958097 -0.100564 0.993029 -0.0614825 0.080398 -0.687169 -0.0246346 0.72608 0.27493
1 6 137 0.914774 0.130782 0.38221 0.0520577 0.124162 0.80932 -0.574095 0.991422 -0.384412 0.572623 0.724107 0.119885
1 7 105 0.886277 0.425596 0.182705 0.316177 0.200933 0.0021038 -0.979603 0.808753 -0.4173 0.904911 -0.083652 0.495934
1 8 48 0.724044 -0.0806735 0.68502 -0.257594 -0.249703 0.895116 0.369344 -0.910412 -0.642969 -0.438473 0.627959 -0.323721
1 9 27 0.709117 0.177473 0.682391 -0.42319 -0.0939501 0.982957 -0.158013 0.162946 -0.698804 0.047939 0.713705 -0.891268
1 10 34 0.13407 0.439586 -0.888138 0.309754 0.869242 -0.482533 -0.107613 0.09505 -0.475861 -0.757579 -0.4468 0.946054
1 11 38 0.451026 -0.66574 0.594446 -0.428851 -0.81689 -0.576228 -0.0255369 -0.216194 0.359538 -0.474079 -0.80373 0.877124
1 12 17 0.946377 -0.309977 -0.0910205 0.345699 0.311777 0.950137 0.00590563 0.148098 0.0846514 -0.0339671 0.995832 -0.926585
1 13 23 -0.947476 -0.0470331 0.316351 -0.0923512 -0.134356 -0.839085 -0.527148 -0.150057 0.290238 -0.541964 0.788693 0.984355
1 14 24 -0.816466 -0.521038 0.248803 -0.0123318 0.328794 -0.773771 -0.541454 0.0960281 0.474635 -0.360274 0.803072 0.995302
1 15 33 0.972866 -0.0147694 -0.230898 -0.108811 0.0220798 0.999332 0.0291087 0.143281 0.230314 -0.033417 0.972542 -0.983682
1 16 32 -0.143503 0.958327 0.247016 0.165363 -0.902592 -0.0243705 -0.429807 -0.0824189 -0.405876 -0.284633 0.868475 0.982783
1 17 62 0.990221 -0.0162186 -0.138565 0.209111 0.0213138 0.999147 0.0353671 0.430702 0.137873 -0.0379746 0.989722 0.877934
1 18 55 0.740812 0.236318 -0.62877 0.454107 -0.415402 -0.574429 -0.705317 0.3826 -0.527863 0.7837 -0.327377 0.804614
1 19 25 0.415394 -0.823169 0.387093 -0.392181 0.855137 0.498471 0.142362 0.208208 -0.310143 0.271882 0.910984 -0.896015
1 20 28 -0.109043 0.680004 -0.725055 0.199106 -0.990765 -0.133481 0.0238167 -0.0134818 -0.0805858 0.720956 0.688279 0.979885
1 21 20 -0.0091113 -0.447036 -0.894469 0.16532 -0.553016 -0.74301 0.376974 -0.032205 -0.833121 0.498091 -0.240448 0.985714
1 22 0 1 0 0 0 0 1 0 0 0 0 1 0
1 23 20 0.401559 0.856937 0.323124 -0.0035115 0.867214 -0.469217 0.166659 -0.00282542 0.294431 0.213294 -0.931566 0.99999
1 24 44 -0.638038 0.664061 0.389782 -0.418684 0.769628 0.534157 0.349784 -0.0715005 0.0240736 0.523163 -0.851893 0.905313
1 25 31 0.961607 -0.214124 -0.171648 0.965449 0.22416 0.973683 0.0411591 0.154092 0.158318 -0.0780555 0.984298 0.210151
1 26 68 0.47273 -0.141168 -0.869827 0.91955 0.217852 0.975167 -0.0398664 0.0875132 0.853854 -0.170647 0.491744 0.383104
1 27 34 0.905789 -0.165478 -0.390081 0.733337 0.181464 0.983389 0.00420304 0.0225703 0.382906 -0.074593 0.920771 0.67949
1 28 148 0.86607 -0.121084 -0.485038 0.997054 0.125717 0.991797 -0.0231126 0.00410553 0.483858 -0.0409604 0.874188 -0.0765882
1 29 337 0.945851 0.0357508 0.322627 -0.934249 -0.0416668 0.999066 0.0114474 0.094256 -0.321916 -0.0242704 0.946457 0.34394
2 3 329 0.970489 0.0552224 0.234738 -0.714803 -0.0527267 0.998466 -0.0168996 -0.167888 -0.235311 0.00402394 0.971912 -0.678874
2 4 231 0.919844 0.080827 0.383867 -0.985248 -0.0646805 0.9964 -0.0548107 -0.0516766 -0.386915 0.0255886 0.92176 -0.163145
2 5 193 0.866601 0.106106 0.487591 -0.963897 -0.0857401 0.994261 -0.0639769 0.0544563 -0.491581 0.0136364 0.870725 0.260647
2 6 159 0.836461 0.123807 0.533859 -0.99701 -0.131776 0.991004 -0.0233539 -0.0122193 -0.531948 -0.0508151 0.845251 0.0762991
2 7 119 0.560786 0.176956 0.80883 -0.955074 -0.214571 0.97458 -0.0644508 0.0242866 -0.799674 -0.137408 0.5845 0.295371
2 8 47 0.938463 -0.0104901 0.345222 0.4835 -0.0101269 0.998273 0.0578635 -0.365138 -0.345232 -0.0577987 0.936736 -0.795551
2 9 64 0.631409 0.253666 0.732787 -0.98838 -0.277725 0.956272 -0.0917259 -0.041246 -0.724011 -0.145597 0.674248 0.146301
2 10 45 0.953394 0.180674 -0.241656 0.930203 -0.216284 0.967661 -0.129824 0.0287364 0.210385 0.17604 0.961638 0.365919
2 11 38 0.93598 0.12108 0.330577 -0.364125 -0.111779 0.992617 -0.0470778 0.183576 -0.333836 0.00711224 0.942604 0.913079
2 12 27 0.884782 0.370265 0.282958 0.347894 -0.342682 0.928445 -0.143385 0.143559 -0.315801 0.0298997 0.948354 -0.926478
2 13 11 0.760386 -0.647604 0.0492245 -0.0766143 0.609612 0.737809 0.289847 -0.170005 -0.224024 -0.190388 0.955806 0.98246
2 14 16 0.0759982 0.984981 -0.155037 0.256976 0.9765 -0.0420739 0.211371 0.123619 0.201673 -0.167457 -0.965032 0.958479
2 15 21 0.446487 0.598612 0.665066 -0.355377 0.48492 -0.78653 0.382392 -0.146063 0.751998 0.151771 -0.641455 0.92324
2 16 27 -0.730175 -0.647005 0.219611 -0.304576 -0.61693 0.762454 0.195092 -0.154219 -0.293669 0.00696704 -0.955882 0.93992
2 17 11 -0.843498 -0.537112 -0.00460149 0.193954 0.536135 -0.842425 0.0536628 -0.0509698 -0.0326993 0.0427975 0.998549 0.979686
2 18 11 0.97381 0.0432161 0.223216 0.0562858 -0.0418076 0.999065 -0.0110344 0.122003 -0.223484 0.0014133 0.974706 0.990933
2 19 0 1 0 0 0 0 1 0 0 0 0 1 0
2 20 0 1 0 0 0 0 1 0 0 0 0 1 0
2 21 0 1 0 0 0 0 1 0 0 0 0 1 0
2 22 0 1 0 0 0 0 1 0 0 0 0 1 0
2 23 11 -0.721694 0.494746 -0.484132 0.114622 -0.228657 -0.830528 -0.507877 0.20373 -0.653356 -0.255831 0.712515 0.972294
2 24 21 0.963457 -0.0369265 0.265304 -0.995798 0.0593261 0.995271 -0.0769166 -0.00804841 -0.261209 0.0898454 0.961092 -0.0912183
2 25 30 0.989119 0.0172576 -0.146104 0.739009 -0.0161163 0.99983 0.0089915 0.0254168 0.146234 -0.00653901 0.989228 -0.673216
2 26 0 1 0 0 0 0 1 0 0 0 0 1 0
2 27 11 -0.856809 0.4126 0.309256 -0.00095896 -0.401952 -0.910115 0.10062 -0.179655 0.322974 -0.038094 0.945641 0.983729
2 28 12 0.932554 0.165045 0.321097 -0.300837 -0.198494 0.977293 0.0741498 -0.076754 -0.301568 -0.132885 0.944139 -0.950582
2 29 292 0.998591 0.0141528 0.0511385 0.972753 -0.0133852 0.999793 -0.0153217 0.0498989 -0.0513448 0.0146156 0.998574 0.226411
3 4 621 0.990167 0.0222502 0.138106 -0.994593 -0.0169733 0.999084 -0.03927 0.0572711 -0.138854 0.0365398 0.989639 0.0866281
3 5 457 0.962549 0.0575689 0.264924 -0.878495 -0.0503576 0.998154 -0.0339379 0.0909048 -0.266389 0.0193259 0.963672 0.469023
3 6 411 0.939989 0.0563537 0.336518 -0.968857 -0.0576812 0.998317 -0.00605955 0.0826879 -0.336293 -0.0137148 0.941658 0.233407
3 7 259 0.759595 0.135472 0.636132 -0.927074 -0.170744 0.985298 -0.00594829 0.0347885 -0.627585 -0.104097 0.771558 0.373259
3 8 160 0.65492 0.145689 0.741522 -0.925252 -0.16606 0.985002 -0.0468599 0.064327 -0.737227 -0.092448 0.66929 0.373859
3 9 164 0.591872 0.15023 0.791909 -0.921212 -0.131751 0.987295 -0.0888255 0.104998 -0.795192 -0.0517611 0.604145 0.374624
3 10 122 0.466288 0.165937 0.868931 -0.907888 -0.158469 0.982029 -0.102497 0.0610135 -0.870324 -0.0899055 0.484204 0.414748
3 11 117 0.484057 0.231425 0.843879 -0.851693 -0.0815967 0.972128 -0.219792 0.235859 -0.871224 0.0375339 0.489449 0.467964
3 12 28 0.944627 0.261018 0.19887 0.347894 -0.260347 0.965049 -0.0299905 0.143559 -0.199747 -0.0234455 0.979567 -0.926478
3 13 99 -0.585391 -0.262801 0.766976 -0.441466 -0.442837 0.896067 -0.0309601 -0.0386124 -0.679126 -0.357769 -0.640928 0.896447
3 14 39 -0.997431 0.029171 0.0654184 -0.0146442 0.0288587 0.999567 -0.00571353 0.0354061 -0.0655567 -0.00381096 -0.997842 0.999266
3 15 67 0.64868 -0.0710539 0.757738 -0.477137 0.245549 -0.922848 -0.296745 0.00117319 0.720361 0.378554 -0.581185 0.878828
3 16 67 0.325579 -0.0423772 -0.944565 0.405618 -0.945514 -0.0153795 -0.325217 0.0255237 -0.000745136 0.998983 -0.0450755 0.913686
3 17 23 0.998992 0.0339652 -0.0293359 0.401864 -0.0326578 0.9985 0.0439489 -0.0531009 0.0307846 -0.0429466 0.998603 -0.914159
3 18 70 0.998155 0.0227753 0.0562875 -0.825097 -0.0230798 0.999722 0.00476566 0.0558089 -0.0561633 -0.00605597 0.998403 0.562228
3 19 31 -0.359784 -0.910936 -0.201869 0.254055 0.928947 -0.32949 -0.168804 0.202487 0.087256 -0.248258 0.964756 -0.945756
3 20 28 0.097239 0.706298 -0.701205 0.294792 0.870999 0.280508 0.40333 -0.0694367 0.481565 -0.649969 -0.587909 0.953035
3 21 0 1 0 0 0 0 1 0 0 0 0 1 0
3 22 18 0.438726 -0.869869 0.225494 0.396029 0.820476 0.490106 0.294303 0.0514263 -0.366521 0.0558938 0.928729 0.916797
3 23 19 -0.481224 -0.846983 -0.225927 -0.0035115 -0.871742 0.489481 0.0217831 -0.00282542 0.0921372 0.207433 -0.973901 0.99999
3 24 23 -0.264462 -0.956069 -0.126455 -0.418811 0.585332 -0.263337 0.766838 -0.0733425 -0.76645 0.128782 0.629261 0.905107
3 25 41 -0.866823 0.472448 -0.159407 -0.0910921 0.403123 0.852183 0.33358 -0.180965 0.293443 0.224894 -0.929147 0.979262
3 26 16 0.975103 0.100164 -0.197841 -0.191384 -0.0965335 0.994938 0.0279366 0.0918957 0.199638 -0.00814276 0.979836 0.977204
3 27 37 0.832451 0.150048 -0.533396 0.822377 -0.0196926 0.97004 0.242145 -0.409562 0.553749 -0.19107 0.810466 0.394912
3 28 35 0.9977 -0.0221423 -0.0640708 -0.00141043 0.0158085 0.995088 -0.0977265 0.999462 0.06592 0.0964888 0.993149 -0.0327618
3 29 359 0.977516 -0.037486 -0.207502 0.846421 0.0362671 0.999295 -0.00967669 0.120305 0.207718 0.00193363 0.978187 0.518746
4 5 762 0.99139 0.0356503 0.125998 -0.745271 -0.0377901 0.999179 0.014632 0.0530443 -0.125373 -0.0192675 0.991923 0.664648
4 6 635 0.977152 0.0331983 0.209933 -0.982681 -0.0442104 0.997869 0.0479807 0.0246415 -0.207892 -0.0561656 0.976538 0.183661
4 7 376 0.845011 0.0896533 0.527179 -0.958371 -0.12173 0.992213 0.0263824 0.0683885 -0.520709 -0.0864671 0.849344 0.277216
4 8 253 0.762078 0.104348 0.639022 -0.964581 -0.140093 0.990124 0.00538947 0.0423065 -0.632148 -0.0936295 0.76917 0.260371
4 9 230 0.69302 0.113793 0.71188 -0.96667 -0.146113 0.989141 -0.0158707 0.0424229 -0.705956 -0.0930166 0.702121 0.252488
4 10 187 0.572252 0.122315 0.810905 -0.945018 -0.137661 0.989111 -0.0520477 0.0477023 -0.808441 -0.081846 0.582858 0.32352
4 11 175 0.430341 0.146292 0.890733 -0.911089 -0.2086 0.976187 -0.0595449 0.0591045 -0.878233 -0.160183 0.450609 0.407951
4 12 84 0.979154 0.038798 0.199378 -0.0257647 -0.0550013 0.99556 0.0763823 -0.130094 -0.19553 -0.0857561 0.976941 0.991167
4 13 60 0.879574 0.0768544 0.469514 0.19482 -0.0949127 0.995374 0.0148745 0.151354 -0.466199 -0.0576461 0.8828 0.969091
4 14 71 -0.947008 0.289762 0.138612 -0.0125917 0.267233 0.950167 -0.160526 0.157777 -0.178219 -0.114977 -0.97725 0.987394
4 15 75 0.656525 -0.123794 0.744076 -0.477404 0.261308 -0.888033 -0.378306 0.0060801 0.707596 0.442801 -0.550668 0.878663
4 16 74 0.89293 -0.387621 0.228965 -0.350566 0.402616 0.460006 -0.791388 0.785213 0.201434 0.798839 0.566816 0.510436
4 17 33 0.071759 -0.971048 0.227853 -0.193646 0.987397 0.101467 0.121459 0.0515076 -0.141062 0.216266 0.96609 -0.979718
4 18 72 0.626941 -0.395318 0.671318 -0.399249 -0.259289 -0.918449 -0.298697 0.129211 0.734652 0.0132003 -0.678315 0.907692
4 19 59 0.994667 0.023424 0.100448 -0.119234 -0.0268076 0.999113 0.0324689 0.0720302 -0.0995982 -0.0349885 0.994412 -0.99025
4 20 47 0.39261 -0.894165 0.215236 0.0932699 -0.813618 -0.446794 -0.372023 0.0484574 0.428816 -0.0290603 -0.902924 0.994461
4 21 31 -0.628061 0.088288 -0.773139 0.545137 0.245226 0.965375 -0.0889693 0.0221366 0.738514 -0.245472 -0.627965 0.838055
4 22 41 0.957401 0.233088 -0.170449 0.292892 0.277634 -0.905318 0.321433 -0.0570801 -0.0793883 -0.355062 -0.931466 0.95444
4 23 25 -0.765571 -0.559247 0.318031 -0.0035115 0.643181 -0.676674 0.358372 -0.00282542 0.0147848 0.47891 0.877739 0.99999
4 24 27 0.924947 -0.310727 0.218912 -0.417444 -0.195562 -0.882897 -0.426906 -0.0591996 0.325928 0.352055 -0.877399 0.906772
4 25 40 -0.970369 -0.206844 0.1249 -0.269619 -0.130931 0.88456 0.447672 -0.0543629 -0.20308 0.418053 -0.885432 0.961431
4 26 25 0.945033 -0.113961 -0.306473 0.191384 0.147134 0.985254 0.0873332 -0.0918957 0.292001 -0.127625 0.947864 -0.977204
4 27 27 0.955382 -0.221777 -0.195092 0.170256 0.234609 0.971046 0.0450305 -0.0647492 0.179457 -0.0887917 0.979751 -0.98327
4 28 18 0.990933 -0.0842923 -0.104628 -0.0433211 0.0859755 0.996229 0.0116752 -0.0356797 0.103249 -0.0205647 0.994443 -0.998424
4 29 322 0.945862 -0.043849 -0.321592 0.908731 0.0550516 0.99815 0.0258195 0.0684551 0.319865 -0.0421259 0.946526 0.411731
5 6 741 0.997236 0.00539528 0.0741024 -0.839998 -0.00845483 0.999122 0.0410368 -0.122529 -0.0738159 -0.0415499 0.996406 -0.528573
5 7 566 0.902583 0.0692509 0.42491 -0.97462 -0.0928898 0.995056 0.035142 -0.0626154 -0.420376 -0.0711885 0.904553 -0.214929
5 8 391 0.84854 0.0870511 0.521921 -0.995379 -0.108232 0.994074 0.0101618 -0.0256253 -0.517944 -0.0651111 0.852933 -0.0925379
5 9 334 0.779325 0.0983126 0.61886 -0.999813 -0.11491 0.99329 -0.0130894 -0.00117959 -0.615994 -0.0609124 0.785393 -0.0192768
5 10 300 0.697694 0.114262 0.707225 -0.994724 -0.113452 0.992363 -0.0484075 0.0193674 -0.707355 -0.0464626 0.705329 0.100741
5 11 270 0.572985 0.147254 0.806229 -0.966718 -0.160208 0.984873 -0.066023 0.0600154 -0.803755 -0.091334 0.587909 0.248704
5 12 261 0.39504 0.143301 0.907419 -0.911111 -0.169429 0.982179 -0.0813476 0.0812057 -0.902905 -0.121607 0.412279 0.404082
5 13 213 0.709037 0.235172 0.664802 -0.95592 -0.245447 0.966105 -0.0799794 0.150306 -0.661077 -0.106465 0.742726 0.252239
5 14 57 -0.94966 -0.178746 -0.257286 0.152745 0.143239 -0.978126 0.150838 0.0772359 -0.27862 0.106392 0.95449 0.985243
5 15 67 0.999197 -0.0328428 -0.0229531 0.477137 0.0306407 0.995428 -0.0904686 -0.00117319 0.0258194 0.0896927 0.995635 -0.878828
5 16 124 0.975597 -0.110619 -0.18967 0.336075 0.0727982 0.97792 -0.195892 0.747423 0.207151 0.177304 0.962108 0.573073
5 17 113 0.9645 -0.258159 0.0556135 -0.25144 0.252201 0.837997 -0.483896 0.90898 0.0783185 0.480744 0.873356 0.332466
5 18 32 0.487714 -0.766625 -0.417638 0.393841 0.86142 0.500275 0.0876424 -0.140629 0.141745 -0.402506 0.904377 -0.908357
5 19 95 -0.875132 -0.253832 0.411963 -0.16402 -0.28579 0.958146 -0.0167384 0.0280763 -0.390472 -0.132383 -0.911047 0.986057
5 20 52 0.841188 -0.53634 0.0688701 0.295553 0.533883 0.843975 0.05172 -0.069944 -0.0858642 -0.00673768 0.996284 0.952762
5 21 38 0.976 0.193404 0.100097 0.167945 -0.19002 0.980865 -0.0423878 0.0833986 -0.106379 0.02235 0.994074 0.982262
5 22 65 -0.932646 -0.187747 0.308096 -0.0340037 -0.204398 0.978632 -0.0223817 0.0316218 -0.297311 -0.0838485 -0.951092 0.998921
5 23 28 -0.0250425 0.758143 -0.651608 -0.0035115 0.992 -0.0618293 -0.110062 -0.00282542 -0.123731 -0.649151 -0.750529 0.99999
5 24 12 0.836571 -0.0900604 -0.540405 0.418684 0.105224 0.994445 -0.00283677 0.0715005 0.537659 -0.0544903 0.8414 -0.905313
5 25 41 0.942648 -0.256396 0.21372 -0.281165 -0.0596338 -0.759346 -0.647949 0.0509224 0.328419 0.598043 -0.731086 0.958307
5 26 67 0.969318 0.0949221 -0.226742 -0.0152063 -0.0928959 0.995483 0.0196153 0.102796 0.227579 0.00204988 0.973757 0.994586
5 27 78 -0.149561 -0.902864 0.403073 -0.160635 -0.984996 0.171551 0.0187824 0.0686383 -0.0861056 -0.394216 -0.914975 0.984624
5 28 33 0.976558 0.0053357 0.215186 -0.106606 -0.00759984 0.999924 0.00969579 0.0465998 -0.215118 -0.0111039 0.976525 0.993209
5 29 377 0.891611 -0.0811903 -0.445463 0.976337 0.0911478 0.995837 0.000934062 0.0490245 0.443533 -0.0414358 0.8953 0.210626
6 7 468 0.935321 0.0783026 0.345026 -0.960153 -0.0826399 0.996577 -0.00214413 -0.0536947 -0.344013 -0.0265075 0.938591 -0.27427
6 8 316 0.878628 0.0995529 0.467015 -0.996009 -0.0972436 0.994835 -0.0291164 0.00243359 -0.467501 -0.0198318 0.88377 -0.0892201
6 9 255 0.80798 0.114304 0.578016 -0.999866 -0.112019 0.99291 -0.0397652 -0.0163708 -0.578463 -0.0326191 0.815056 -0.000830835
6 10 229 0.723261 0.141325 0.675959 -0.993846 -0.116614 0.989773 -0.0821602 0.0179713 -0.680658 -0.0194034 0.732345 0.109299
6 11 227 0.620286 0.176375 0.764289 -0.967996 -0.157472 0.982554 -0.0989417 0.0646954 -0.768406 -0.0589821 0.637239 0.242483
6 12 183 0.481258 0.17197 0.859545 -0.923585 -0.179992 0.97906 -0.0951037 0.0633802 -0.857901 -0.108942 0.502134 0.378119
6 13 131 0.838423 0.27862 0.46842 -0.856157 -0.271575 0.95873 -0.0841701 0.166717 -0.472539 -0.0566408 0.879488 0.489081
6 14 100 -0.930249 0.356661 0.086193 -0.0125917 0.335703 0.922097 -0.192461 0.157777 -0.148122 -0.150101 -0.977512 0.987394
6 15 64 0.993206 -0.0296711 -0.11252 0.478572 0.0204699 0.996417 -0.0820648 -0.0344992 0.114552 0.079204 0.990255 -0.87737
6 16 72 0.870362 -0.395435 0.293429 -0.337895 0.427924 0.312593 -0.848037 0.806181 0.24362 0.863664 0.441286 0.485694
6 17 81 0.871586 -0.325129 0.366919 -0.339031 0.446354 0.21676 -0.868207 0.721251 0.202746 0.920492 0.334047 0.604033
6 18 16 0.972082 0.042109 0.23083 -0.278221 -0.0275331 0.997439 -0.0660084 -0.0296084 -0.233019 0.0578101 0.970752 0.960061
6 19 24 0.957453 0.158093 -0.241435 -0.163911 -0.195656 0.970575 -0.140368 0.0259207 0.21214 0.181634 0.960211 0.986135
6 20 33 0.249905 -0.742319 -0.621699 0.0986316 0.928175 0.000800244 0.372144 0.0445905 -0.275752 -0.670046 0.689202 0.994124
6 21 15 -0.962614 0.221747 0.155574 0.167945 -0.23716 -0.967431 -0.0885009 0.0833986 0.130882 -0.122088 0.983852 0.982262
6 22 32 -0.210904 -0.923546 -0.320285 0.255536 -0.974084 0.171169 0.147854 -0.0558515 -0.0817269 0.343168 -0.935712 0.965185
6 23 23 0.959324 0.24329 -0.143207 -0.0035115 0.258775 -0.960579 0.1016 -0.00282542 -0.112843 -0.134526 -0.984464 0.99999
6 24 19 0.768361 0.37567 -0.518163 -0.418684 -0.639864 0.468558 -0.60912 -0.0715005 0.0139616 0.799578 0.6004 0.905313
6 25 29 0.85044 -0.414149 -0.324396 -0.292008 0.367011 0.908864 -0.198164 0.0603234 0.376902 0.0494699 0.924931 0.954512
6 26 28 0.933512 -0.247809 -0.259127 -0.201546 0.250279 0.967877 -0.0239653 0.0900366 0.256742 -0.0424823 0.965546 0.975332
6 27 17 -0.979934 0.161883 -0.116288 -0.162434 -0.175408 -0.977471 0.117402 0.0534302 -0.0946628 0.135444 0.986252 0.985272
6 28 45 -0.927383 0.118162 0.354964 -0.109829 0.0984824 0.992452 -0.0730754 0.0458047 -0.360919 -0.0328112 -0.93202 0.992895
6 29 190 0.87212 -0.0979014 -0.479398 0.921524 0.0910949 0.995136 -0.0375044 0.0643485 0.480738 -0.0109623 0.876796 0.382953
7 8 621 0.99098 0.027017 0.131258 -0.997709 -0.0258363 0.999609 -0.010691 -0.0427706 -0.131495 0.00720334 0.991291 -0.0524222
7 9 528 0.973416 0.0459896 0.224381 -0.998999 -0.0409067 0.998791 -0.0272518 -0.0143631 -0.225363 0.0173487 0.97412 -0.0423724
7 10 378 0.934752 0.0722229 0.347883 -0.995985 -0.0535373 0.996574 -0.0630423 0.0187554 -0.351244 0.0403042 0.935416 0.0875301
7 11 307 0.872622 0.121167 0.473128 -0.970881 -0.102754 0.992601 -0.064685 0.067446 -0.477465 0.00782957 0.878616 0.22987
7 12 263 0.769094 0.134573 0.624808 -0.928914 -0.119906 0.990605 -0.0657632 0.0791599 -0.627788 -0.0243402 0.778004 0.361735
7 13 249 0.514538 0.205034 0.832593 -0.777969 -0.161243 0.976805 -0.140901 0.151213 -0.842171 -0.061751 0.535664 0.609835
7 14 136 0.88765 0.2732 0.370727 -0.900063 -0.288486 0.95737 -0.0147783 0.165361 -0.35896 -0.0938316 0.928624 -0.403165
7 15 155 0.302129 -0.806343 0.508457 -0.477137 -0.93597 -0.149777 0.318634 0.00117319 -0.180773 -0.572169 -0.799965 0.878828
7 16 164 0.951891 0.00679196 0.306362 -0.997162 -0.0132641 0.999731 0.019049 -0.0416872 -0.30615 -0.0221962 0.951724 0.0626943
7 17 157 0.870886 0.0468336 0.489249 -0.974406 -0.0717754 0.996897 0.0323351 0.00999454 -0.486216 -0.0632762 0.871545 0.224572
7 18 43 0.964435 0.259738 0.0490004 -0.393841 -0.262475 0.962967 0.0616555 0.14063 -0.0311715 -0.0723241 0.996894 0.908357
7 19 62 -0.260874 0.0676207 0.963002 -0.455723 0.366463 0.929812 0.0339836 -0.0170887 -0.893112 0.36177 -0.267344 0.889958
7 20 32 0.998307 -0.0035271 0.0580512 -0.377068 0.00498 0.999677 -0.0249023 0.0715939 -0.0579446 0.0251492 0.998003 -0.923414
7 21 55 0.988014 0.0281121 0.151783 -0.455892 -0.0294103 0.999547 0.00631436 0.103805 -0.151537 -0.0107027 0.988394 -0.883961
7 22 58 0.971193 0.15256 0.183056 -0.0835214 -0.158501 0.987191 0.0181898 -0.482567 -0.177936 -0.0466804 0.982934 -0.871868
7 23 38 0.73691 0.140015 -0.661332 0.243331 0.231181 -0.971525 0.0519126 -0.00975803 -0.635232 -0.191142 -0.748295 0.969894
7 24 30 -0.930733 0.308826 0.195864 -0.12399 0.274149 0.943685 -0.185204 0.00569121 -0.24203 -0.11868 -0.962983 0.992267
7 25 24 0.830483 -0.0835462 -0.550744 0.81028 0.0924382 0.99565 -0.0116469 -0.0614897 0.549321 -0.0412372 0.834593 -0.582809
7 26 67 -0.822544 0.0533981 0.56619 -0.201875 -0.0385807 0.988049 -0.149233 0.0898624 -0.567392 -0.144595 -0.810653 0.97528
7 27 41 0.835967 0.217019 -0.504046 0.246277 0.0147562 -0.927042 -0.374667 0.247853 -0.548582 0.305772 -0.778178 0.936972
7 28 20 -0.981175 0.0738695 0.178437 -0.1201 -0.0482964 -0.988452 0.143632 0.0452279 0.186987 0.13231 0.973412 0.991731
7 29 205 0.619078 -0.16547 -0.767699 0.866021 0.148309 0.984594 -0.092622 0.0832251 0.771199 -0.0565162 0.634081 0.493033
8 9 788 0.995476 0.019222 0.0930448 -0.986766 -0.0180888 0.999752 -0.0130068 -0.0129933 -0.0932718 0.0112649 0.995577 -0.161626
8 10 538 0.973143 0.0440395 0.225952 -0.999431 -0.0353206 0.998472 -0.0424881 0.00950932 -0.227478 0.0333663 0.973212 0.0323752
8 11 363 0.918147 0.0949837 0.384687 -0.973501 -0.0856057 0.995466 -0.0414737 0.0663316 -0.386882 0.00514759 0.922115 0.218849
8 12 320 0.840954 0.106782 0.530465 -0.934668 -0.103318 0.993986 -0.0362968 0.0716314 -0.531151 -0.0242828 0.846929 0.348231
8 13 284 0.613718 0.135043 0.777891 -0.826925 -0.160592 0.986018 -0.044475 0.0537753 -0.773021 -0.0976277 0.626824 0.559735
8 14 47 0.90979 0.215354 0.35483 0.43209 -0.232977 0.972456 0.00715184 0.00728098 -0.343516 -0.0891738 0.934904 0.901801
8 15 77 -0.0552234 0.860433 -0.506562 -0.477137 -0.979178 0.0525904 0.196075 0.00117319 0.19535 0.506842 0.839613 0.878828
8 16 196 0.986064 -0.0341985 0.162811 -0.997847 0.0283216 0.998866 0.0382826 -0.0529971 -0.163935 -0.033138 0.985914 0.0386402
8 17 200 0.972897 0.00119118 0.231236 -0.962373 -0.0170601 0.997631 0.0666391 -0.00323714 -0.230609 -0.0687779 0.970613 0.271714
8 18 88 -0.480781 0.00127864 -0.87684 -0.120173 -0.178624 -0.979172 0.0965136 0.0300436 -0.858454 0.203026 0.470996 0.992298
8 19 55 -0.966387 0.0152094 0.256641 -0.243533 -0.0882165 0.918024 -0.386586 0.11933 -0.241482 -0.396232 -0.885825 0.962524
8 20 57 0.959649 0.146747 0.239872 0.0277999 0.145607 -0.989085 0.0225675 0.0418008 0.240566 0.0132701 -0.970542 0.998739
8 21 31 -0.0810147 0.940965 0.328666 -0.462378 -0.992547 -0.106281 0.0596214 0.0554852 0.0910326 -0.321387 0.942562 -0.884945
8 22 127 0.877751 0.411829 -0.244848 0.373413 -0.380374 0.288251 -0.878764 0.742455 -0.291323 0.86447 0.409662 0.556168
8 23 39 0.148717 0.747652 0.647224 0.434433 -0.873382 0.406261 -0.268617 0.128899 -0.463774 -0.525327 0.713404 0.891433
8 24 76 -0.58057 -0.0120204 0.814122 -0.445143 -0.241419 0.957468 -0.158025 0.0429538 -0.777596 -0.288289 -0.558779 0.894429
8 25 32 0.774864 0.0872331 -0.626079 0.319054 -0.0588345 0.996086 0.0659705 0.0507364 0.629383 -0.0142831 0.776964 0.946377
8 26 32 0.860897 -0.161128 -0.482591 -0.201875 0.190276 0.981661 0.0116772 0.0898624 0.471859 -0.101878 0.875768 0.97528
8 27 70 0.791333 -0.163151 -0.589215 0.246277 -0.373819 -0.89172 -0.255137 0.247853 -0.483789 0.422158 -0.766636 0.936972
8 28 45 0.984902 0.124983 0.119778 -0.106536 0.140099 -0.981904 -0.127422 0.0466763 0.101685 0.142279 -0.98459 0.993213
8 29 168 0.548539 -0.169457 -0.818773 0.831075 0.16165 0.982265 -0.0949965 0.101282 0.82035 -0.080245 0.566203 0.546861
9 10 684 0.990411 0.0235856 0.136125 -0.996915 -0.0198124 0.999383 -0.029007 0.0155399 -0.136726 0.0260319 0.990267 0.076931
9 11 461 0.951859 0.0733114 0.29764 -0.968456 -0.0703562 0.997308 -0.0206452 0.0649063 -0.298353 -0.00128957 0.954455 0.240584
9 12 396 0.891168 0.0836586 0.445894 -0.93029 -0.0853706 0.996216 -0.0162875 0.073767 -0.44557 -0.0235513 0.894938 0.359331
9 13 319 0.665548 0.157048 0.729645 -0.800959 -0.139622 0.986551 -0.0849871 0.15029 -0.733179 -0.0453118 0.678525 0.579549
9 14 95 0.917596 0.14492 0.370157 0.432258 -0.163949 0.98626 0.0202877 0.0070757 -0.362131 -0.0793026 0.928748 0.901722
9 15 154 0.622775 -0.204969 0.755075 -0.477137 0.386906 -0.758135 -0.524915 0.00117319 0.68004 0.619047 -0.392844 0.878828
9 16 190 0.996935 -0.0367201 0.0690825 -0.995503 0.0340739 0.998654 0.0391018 -0.0377398 -0.0704253 -0.0366281 0.996844 0.0868917
9 17 193 0.995281 0.0765413 0.0596412 -0.130352 -0.0883623 0.968905 0.231118 -0.834603 -0.0400967 -0.235297 0.971096 0.535207
9 18 84 -0.362735 0.777504 0.513723 -0.393841 0.910068 0.414159 0.015773 0.140629 -0.2005 0.473244 -0.857811 0.908357
9 19 40 0.869095 -0.27779 0.409276 -0.243533 -0.322328 -0.945669 0.0426027 0.11933 0.375205 -0.168947 -0.911415 0.962524
9 20 51 0.69386 -0.306996 -0.651392 0.0381224 0.257102 0.950567 -0.17413 0.147892 0.672649 -0.0466518 0.73849 0.988268
9 21 41 0.992759 0.00180519 0.120106 0.462378 -0.00805545 0.998637 0.0515743 -0.0554852 -0.119849 -0.0521684 0.99142 0.884945
9 22 58 0.99001 0.0719819 0.121236 0.478306 -0.0496625 0.982782 -0.177968 0.311128 -0.13196 0.170169 0.976539 0.821233
9 23 30 0.996797 -0.000276678 0.0799791 0.433821 0.00269269 0.999543 -0.0301018 0.011847 -0.0799342 0.0302207 0.996342 0.900921
9 24 26 -0.360984 0.884255 -0.296282 -0.195156 -0.928263 -0.310193 0.205205 0.0190466 0.0895492 0.349103 0.932796 0.980587
9 25 27 -0.901011 -0.0575246 -0.429965 0.153624 0.000577549 0.991009 -0.133796 0.0605426 0.433796 -0.1208 -0.892877 0.986273
9 26 71 -0.13125 -0.773958 0.619485 -0.201875 0.538987 -0.580173 -0.610649 0.0898624 0.832025 0.253747 0.493301 0.97528
9 27 16 -0.80175 0.570486 0.178165 -0.246277 -0.540906 -0.819416 0.189677 -0.247853 0.2542 0.055703 0.965546 -0.936972
9 28 31 0.0301927 0.712109 -0.70142 -0.106606 -0.0484113 -0.699874 -0.712624 0.0465998 -0.998371 0.0554727 0.013343 0.993209
9 29 201 0.431311 -0.168252 -0.886376 0.765384 0.171359 0.979851 -0.102612 0.112482 0.885781 -0.107631 0.451451 0.633668
10 11 689 0.985161 0.0439294 0.165913 -0.972747 -0.0469894 0.998789 0.0145618 0.0659214 -0.165072 -0.0221419 0.986033 0.222303
10 12 523 0.945196 0.0549393 0.321849 -0.937722 -0.0641894 0.997772 0.0181906 0.0800564 -0.320132 -0.0378529 0.946616 0.338036
10 13 382 0.776204 0.120113 0.618935 -0.848687 -0.126972 0.991352 -0.0331512 0.147957 -0.617564 -0.0528554 0.784742 0.507778
10 14 99 0.905664 0.13018 0.403517 -0.436319 -0.160626 0.986105 0.0423815 -0.0454141 -0.392393 -0.103199 0.91399 -0.898645
10 15 135 0.554216 0.210567 0.805299 -0.478572 0.143558 -0.977156 0.156706 0.0344992 0.8199 0.0287583 -0.571784 0.87737
10 16 190 0.568325 -0.0332903 -0.82213 0.59551 0.0772055 0.99693 0.0130025 0.0560667 0.819174 -0.0708626 0.569151 0.801389
10 17 269 0.946048 0.303549 0.113366 -0.0725636 -0.290388 0.63902 0.71227 -0.903015 0.143766 -0.706761 0.69269 0.423437
10 18 51 0.37997 0.924358 0.0344228 -0.120173 -0.843973 0.361678 -0.396104 0.0300436 -0.378592 0.121456 0.91756 0.992298
10 19 66 -0.37544 -0.922996 -0.0844016 0.0295985 -0.73838 0.242813 0.629156 -0.0488716 -0.560214 0.298531 -0.772683 0.998366
10 20 76 0.00908088 -0.922272 -0.386435 0.289317 -0.937441 -0.142352 0.31771 -0.0907738 -0.348025 0.359375 -0.865868 0.95292
10 21 26 0.250191 -0.963225 0.0979911 0.358402 0.963115 0.257955 0.076601 -0.0631173 -0.0990613 0.0752119 0.992235 0.931431
10 22 63 0.280699 -0.956416 0.0804732 0.0837304 -0.959578 -0.281434 0.00229907 0.0541954 0.020449 -0.0778656 -0.996754 0.995014
10 23 33 0.596931 -0.74239 0.304188 -0.434438 0.775061 0.631557 0.0203946 -0.128893 -0.207253 0.22359 0.952394 -0.891431
10 24 51 0.409982 -0.316378 -0.855464 -0.246903 -0.90794 -0.052157 -0.415842 0.021781 0.086945 0.947198 -0.308636 0.968795
10 25 82 0.162446 0.961488 0.221703 -0.00793456 0.962702 -0.105169 -0.249289 0.0633401 -0.216372 0.25393 -0.94271 0.99796
10 26 87 0.0225303 -0.544951 0.838165 -0.201875 -0.996142 0.0588891 0.0650648 0.0898624 -0.0848159 -0.836398 -0.541521 0.97528
10 27 81 0.553326 -0.831511 -0.049198 0.246277 -0.661652 -0.402878 -0.632381 0.247853 0.506011 0.382464 -0.773094 0.936972
10 28 31 0.0147043 0.216049 0.976272 -0.106606 -0.688606 0.710125 -0.146779 0.0465998 -0.724986 -0.670109 0.159214 0.993209
10 29 181 0.287839 -0.177693 -0.941049 0.711222 0.198104 0.97243 -0.123024 0.149175 0.936965 -0.151015 0.315105 0.686957
11 12 675 0.987398 0.0148794 0.157556 -0.953168 -0.0159677 0.999857 0.00564368 0.0825419 -0.157449 -0.00808836 0.987494 0.290961
11 13 450 0.851124 0.0951603 0.516267 -0.919765 -0.0858776 0.995424 -0.0419016 0.154749 -0.517892 -0.00867235 0.855402 0.360674
11 14 224 0.867259 0.157421 0.472315 -0.814319 -0.175801 0.984411 -0.00529763 0.0728967 -0.465786 -0.0784392 0.881414 -0.575821
11 15 104 0.748321 0.229043 0.622539 -0.811995 -0.21445 0.971633 -0.0997025 0.136019 -0.627715 -0.0588937 0.776212 -0.567595
11 16 93 0.947454 -0.12838 -0.293003 0.994865 0.142213 0.989486 0.0263139 0.0520775 0.286544 -0.0665999 0.955749 -0.0867861
11 17 158 0.234969 -0.0356995 -0.971347 0.470161 0.146805 0.989165 -0.000842262 0.0762617 0.960853 -0.142401 0.237664 0.87928
11 18 106 0.971878 -0.0097012 0.235285 -0.393841 0.00801387 0.999935 0.00812657 0.140629 -0.235349 -0.00601248 0.971892 0.908357
11 19 36 0.895161 0.0210653 0.445245 -0.507548 -0.0200819 0.999774 -0.00692675 0.114408 -0.44529 -0.00274079 0.895382 -0.853994
11 20 40 -0.694477 -0.294768 -0.656364 0.293208 -0.315913 0.944518 -0.089918 0.00490787 0.646452 0.144908 -0.749067 0.956036
11 21 38 0.8195 -0.570688 0.0522931 0.358402 -0.570627 -0.821021 -0.0175712 -0.0631173 0.0529614 -0.0154403 -0.998477 0.931431
11 22 41 -0.0954855 0.135449 -0.986172 0.392906 -0.707186 -0.706451 -0.0285572 0.0631983 -0.70055 0.69468 0.163244 0.917404
11 23 55 -0.509675 -0.767149 -0.389505 0.434433 -0.827658 0.560818 -0.0215514 0.128899 0.234975 0.311393 -0.920772 0.891433
11 24 26 0.982235 -0.0169334 -0.18689 0.996092 0.0175337 0.999845 0.00155954 -0.0521388 0.186835 -0.00480872 0.98238 -0.0712947
11 25 62 0.896091 0.266591 -0.354895 0.865057 -0.218473 0.960891 0.170171 -0.26604 0.386381 -0.0749534 0.919289 0.425323
11 26 96 0.0721297 0.168451 0.983067 -0.201875 -0.589632 0.802161 -0.0941898 0.0898624 -0.804445 -0.572854 0.157184 0.97528
11 27 67 -0.53475 0.110044 0.837815 -0.160635 0.0326015 0.993433 -0.109675 0.0686383 -0.844381 -0.0313347 -0.534825 0.984624
11 28 25 0.454515 -0.642026 0.617429 0.224832 -0.74334 -0.655311 -0.134214 -0.0163225 0.490777 -0.397957 -0.775093 0.974261
11 29 146 -0.108127 -0.177477 -0.978167 0.555258 0.207269 0.958288 -0.196781 0.151686 0.97229 -0.224021 -0.0668314 0.817728
12 13 627 0.931951 0.0718024 0.355404 -0.996156 -0.0702549 0.997379 -0.0172765 -0.0214703 -0.355713 -0.008868 0.934553 -0.0849252
12 14 339 0.834798 0.0976089 0.541835 -0.968036 -0.135659 0.990282 0.0306136 -0.18524 -0.533582 -0.0990611 0.839927 -0.169092
12 15 193 0.844487 0.103861 0.525408 0.0157147 -0.178812 0.979402 0.0937996 -0.933718 -0.504844 -0.173162 0.845664 0.357663
12 16 52 -0.417496 -0.114965 -0.901377 -0.28642 -0.0166725 -0.990828 0.134096 0.0707553 -0.908526 0.0710129 0.41175 0.955488
12 17 110 0.255436 -0.641721 0.72315 -0.395165 -0.377336 -0.754816 -0.536536 0.06652 0.890152 -0.13582 -0.434952 0.916198
12 18 125 0.731771 0.0558931 0.679255 -0.986254 -0.00242219 0.996839 -0.0794164 0.122395 -0.681546 0.0564693 0.729593 0.11101
12 19 96 0.934003 0.050242 0.353714 -0.737725 -0.0419201 0.998635 -0.0311548 0.111699 -0.354796 0.014271 0.934835 0.665797
12 20 50 0.825688 0.124797 0.55015 -0.58638 -0.118374 0.99184 -0.0473289 0.18753 -0.551567 -0.0260448 0.833724 0.78803
12 21 30 0.73749 0.128548 0.663011 0.272279 -0.137917 0.989696 -0.0384778 0.107014 -0.661126 -0.0630637 0.74762 0.956249
12 22 52 0.897807 0.126473 0.421837 0.662104 -0.139629 0.990204 0.000298643 -0.212231 -0.417667 -0.0591689 0.906672 -0.718733
12 23 38 0.726276 0.121404 -0.676598 0.434433 0.0606763 -0.991761 -0.112823 0.128899 -0.684721 0.0408872 -0.727658 0.891433
12 24 94 0.987236 -0.145745 0.0642199 0.0472376 0.159252 0.898023 -0.410115 0.970065 0.00210109 0.415107 0.90977 -0.238207
12 25 106 0.953013 0.164224 0.254552 0.0504857 -0.272052 0.833592 0.480741 -0.997686 -0.133243 -0.527404 0.839102 -0.045531
12 26 56 0.952465 -0.0158251 0.304237 -0.201875 -0.00823166 0.996948 0.0776277 0.0898624 -0.304537 -0.076442 0.949428 0.97528
12 27 47 0.929739 0.0109636 0.368056 -0.0581575 -0.0164365 0.999796 0.0117381 -0.00369966 -0.367852 -0.016963 0.92973 0.998301
12 28 61 0.88098 0.0967032 0.463167 -0.110465 -0.0571957 0.993479 -0.0986349 0.0460785 -0.469685 0.0604042 0.880765 0.992811
12 29 140 0.461787 -0.167106 -0.871108 0.827337 0.163429 0.981309 -0.10161 0.0948347 0.871805 -0.095442 0.480465 0.553643
13 14 427 0.98038 0.0541284 0.18954 -0.845093 -0.063543 0.997011 0.0439468 -0.112956 -0.186595 -0.0551285 0.980889 -0.52255
13 15 248 0.902487 0.0973206 0.419577 -0.919857 -0.104769 0.994482 -0.00531657 -0.0864276 -0.41778 -0.0391607 0.907704 -0.382614
13 16 172 0.874818 0.124944 0.468063 -0.858851 -0.12471 0.991689 -0.031635 -0.0401768 -0.468125 -0.030697 0.883129 -0.510647
13 17 36 0.937151 0.0789366 0.339878 -0.187242 -0.0764417 0.996858 -0.0207463 0.225271 -0.340448 -0.00653849 0.940241 -0.956134
13 18 42 0.240848 -0.865115 -0.439963 -0.092584 -0.966451 -0.17209 -0.190677 -0.0334595 0.0892443 0.471127 -0.877539 0.995143
13 19 63 0.999082 -0.0171488 0.0392551 -0.321002 0.0175007 0.99981 -0.00863832 0.0143006 -0.0390995 0.00931739 0.999192 0.94697
13 20 33 0.935649 0.0225949 0.352209 0.241973 -0.0124646 0.999442 -0.0310038 -0.0374223 -0.352713 0.0246185 0.935408 0.969561
13 21 31 0.960012 0.0574675 0.273996 -0.484034 -0.068922 0.997097 0.0323552 0.20934 -0.271342 -0.0499457 0.961186 0.84964
13 22 22 0.930197 0.121975 0.346202 -0.301814 -0.127874 0.991773 -0.00584632 -0.0429658 -0.344067 -0.0388319 0.938142 -0.952398
13 23 32 0.463394 -0.0791579 -0.88261 0.434433 -0.278851 -0.95843 -0.0604466 0.128899 -0.841135 0.274128 -0.466204 0.891433
13 24 13 0.603941 -0.609328 -0.513784 0.423499 0.561137 0.782851 -0.268828 0.118371 0.566021 -0.125947 0.814713 -0.89813
13 25 64 0.994987 -0.0986078 0.016675 -0.0840683 0.0891783 0.799359 -0.5942 0.960194 0.0452634 0.592708 0.804145 0.266385
13 26 75 0.997297 -0.0324929 0.0658986 -0.0401533 0.054589 0.927996 -0.368569 0.999051 -0.0491778 0.37117 0.927262 0.0168794
13 27 93 0.9953 -0.00225562 0.0968116 -0.0159798 0.0302783 0.956853 -0.288991 0.986847 -0.0919826 0.290564 0.952424 -0.160862
13 28 79 0.991901 0.0185049 0.12566 0.0185446 -0.0670173 0.916657 0.394015 -0.955492 -0.107896 -0.399245 0.910473 -0.294432
13 29 52 0.993144 -0.0834376 0.0818693 -0.980364 0.0833384 0.996511 0.00463371 -0.0824818 -0.0819702 0.00222091 0.996632 -0.17912
14 15 285 0.977048 0.0564593 0.205403 -0.792288 -0.0484762 0.997868 -0.0436968 -0.109317 -0.207432 0.0327367 0.977702 -0.600274
14 16 175 0.939383 0.0773334 0.334035 -0.882576 -0.0643226 0.996683 -0.049855 -0.109643 -0.336782 0.0253469 0.941241 -0.457207
14 17 102 0.876692 0.11427 0.467283 -0.998176 -0.108487 0.993318 -0.0393706 -0.018623 -0.468659 -0.0161781 0.883231 -0.0574274
14 18 16 0.841959 0.125131 0.524831 -0.0926168 -0.0919492 0.991783 -0.0889528 0.0397436 -0.531649 0.0266369 0.846546 0.994908
14 19 27 0.556385 -0.609542 -0.564707 0.392181 -0.551796 -0.779164 0.297362 -0.208208 -0.621255 0.146155 -0.769858 0.896015
14 20 18 0.963774 0.22815 0.13816 -0.178275 -0.211161 0.969121 -0.127341 0.13867 -0.162946 0.0935541 0.982189 0.97416
14 21 27 0.860156 -0.0200337 -0.509638 0.375409 -0.115651 -0.980862 -0.156635 0.0883672 -0.496747 0.193671 -0.846011 0.922637
14 22 27 0.98377 0.0591245 0.169415 0.337159 -0.0581509 0.99825 -0.0107072 -0.204527 -0.169751 0.00068181 0.985487 -0.918963
14 23 0 1 0 0 0 0 1 0 0 0 0 1 0
14 24 0 1 0 0 0 0 1 0 0 0 0 1 0
14 25 15 0.987045 0.0248347 -0.15851 -0.108543 -0.0356133 0.997215 -0.0655251 -0.17779 0.156441 0.0703213 0.985181 0.978064
14 26 39 0.996293 -0.0641041 -0.0573622 -0.0163812 0.0373143 0.922886 -0.383261 0.986518 0.0775074 0.3797 0.921857 -0.16283
14 27 49 0.997985 -0.0625521 0.0106181 -0.0415502 0.045509 0.589126 -0.806759 0.957832 0.0442091 0.805616 0.590786 0.284309
14 28 31 0.999921 0.00411969 0.0118394 -0.000493405 -0.00212359 0.986474 -0.163906 0.336051 -0.0123545 0.163868 0.986405 -0.941844
14 29 34 -0.668667 -0.47968 -0.568148 0.0794636 -0.561048 0.826918 -0.0378462 -0.158548 0.487966 0.293452 -0.822056 0.984148
