0 1 66 0.889766 -0.049067 -0.453771 0.301297 0.0540097 0.998538 -0.00206982 0.10898 0.453209 -0.0226664 0.891116 0.947282
0 2 81 -0.230197 0.96899 -0.089818 -0.00769083 0.966767 0.238261 0.092697 0.0121643 0.111223 -0.0654946 -0.991635 0.999896
0 3 123 0.995511 -0.0709111 -0.062683 0.704619 0.0731545 0.996732 0.034248 0.17908 0.0600496 -0.0386798 0.997446 0.686617
0 4 366 0.985376 -0.0231773 -0.168809 0.66561 0.0197753 0.999567 -0.0218067 0.114088 0.169242 0.0181496 0.985407 0.737528
0 5 241 0.990832 0.0439409 0.127758 -0.994596 -0.0428614 0.999018 -0.0111877 0.0179144 -0.128124 0.00560925 0.991742 0.102267
0 6 163 0.999452 0.00992046 0.0315913 -0.454098 -0.0104481 0.999808 0.0165809 -0.215046 -0.0314207 -0.0169018 0.999363 -0.86461
0 7 266 0.914026 0.0789066 0.397907 0.533904 -0.0942931 0.995359 0.0192154 0.192317 -0.394544 -0.0550833 0.917224 0.823384
0 8 534 0.836004 0.104151 0.538748 0.00229145 -0.108464 0.993815 -0.0238154 0.290832 -0.537896 -0.0385252 0.84213 0.956771
0 9 554 0.798455 0.110657 0.591797 -0.382073 -0.12641 0.991866 -0.0149105 0.1524 -0.588634 -0.0629036 0.805949 0.911479
0 10 476 0.709513 0.127129 0.69313 -0.732286 -0.121606 0.990925 -0.0572679 0.120492 -0.69412 -0.0436564 0.718534 0.670253
0 11 432 0.601387 0.164381 0.781865 -0.807616 -0.161642 0.983402 -0.0824219 0.144886 -0.782436 -0.0768146 0.617976 0.571633
0 12 369 0.436868 0.153659 0.886304 -0.78367 -0.189002 0.978987 -0.0765669 0.110728 -0.879446 -0.134064 0.45673 0.611229
0 13 320 0.0720738 0.167803 0.983182 -0.613931 -0.200525 0.968056 -0.150521 0.144731 -0.977034 -0.186304 0.10342 0.775978
0 14 203 -0.149132 0.180938 0.972122 -0.592736 -0.23514 0.948425 -0.2126 0.202673 -0.960452 -0.26029 -0.0988952 0.779479
0 15 30 0.28451 -0.938616 0.195074 0.168177 0.867274 0.338711 0.364844 -0.144569 -0.408522 0.0653804 0.910404 -0.975098
0 16 41 -0.799799 0.368198 0.474081 0.218171 -0.511269 -0.831676 -0.21661 0.135464 0.314526 -0.415627 0.853421 0.966463
0 17 50 0.469999 0.87512 0.115182 -0.39726 -0.848436 0.41192 0.332381 0.0442699 0.243428 -0.253943 0.936085 0.916638
0 18 83 0.510693 -0.715968 0.476007 -0.466577 -0.743211 -0.645969 -0.174242 -0.0131388 0.432238 -0.264789 -0.862008 0.884383
0 19 126 -0.315873 0.946502 0.0660164 -0.23832 0.9475 0.311032 0.0741874 0.0163964 0.0496853 0.0859843 -0.995057 0.971048
0 20 108 0.40492 -0.598015 0.691677 -0.320634 -0.910744 -0.330924 0.247054 -0.123597 0.0811504 -0.729978 -0.678636 0.939105
0 21 88 0.983923 -0.177576 0.0190149 0.0875148 -0.175614 -0.981382 -0.0777814 0.0693039 0.032473 0.0731916 -0.996789 0.99375
0 22 71 0.721523 -0.484731 0.494409 -0.473161 0.525431 0.848354 0.0649506 0.127563 -0.450917 0.212914 0.866799 -0.871692
0 23 28 0.586105 -0.769868 0.252555 0.0283442 0.808945 0.573598 -0.12881 0.326779 -0.0456983 0.2798 0.95897 -0.944676
0 24 67 -0.254786 -0.95313 0.163179 -0.443362 0.965731 -0.259436 -0.00748447 -0.0806652 0.049468 0.15568 0.986568 -0.892706
0 25 74 -0.983678 -0.173647 -0.0471675 0.039916 -0.165904 0.976732 -0.135907 0.0594148 0.0696698 -0.125864 -0.989598 0.997435
0 26 133 -0.850625 0.10515 -0.515151 0.31547 0.202072 0.969925 -0.135689 0.0522433 0.48539 -0.219518 -0.846291 0.947496
0 27 128 -0.856639 -0.000709017 -0.515915 0.406374 0.00891602 0.999829 -0.0161785 0.0135813 0.515839 -0.018459 -0.856487 0.913606
0 28 86 0.984632 0.00216854 0.174626 -0.258202 -0.00213019 0.999998 -0.000407004 0.085559 -0.174626 2.87621e-05 0.984635 0.962295
0 29 52 0.78913 -0.518944 -0.328589 0.342684 0.60953 0.727649 0.314643 -0.173311 0.0758158 -0.448579 0.890522 -0.923326
1 2 1740 0.966196 0.0225642 0.256818 -0.989164 -0.0313894 0.999047 0.0303157 -0.0318156 -0.255889 -0.0373523 0.965984 -0.143329
1 3 1028 0.870033 0.0628288 0.488973 -0.968427 -0.0722331 0.997388 0.000369233 -0.0540064 -0.487673 -0.0356413 0.872299 -0.243378
1 4 592 0.801917 0.0829026 0.591655 -0.997718 -0.0709136 0.996533 -0.043519 0.00615324 -0.593212 -0.00705779 0.805016 -0.067241
1 5 664 0.699382 0.113854 0.705622 -0.953124 -0.101948 0.993028 -0.0591808 0.0681905 -0.70744 -0.0305467 0.706113 0.294797
1 6 305 0.661947 0.110743 0.741325 -0.986046 -0.134473 0.990524 -0.0278958 0.0313043 -0.73739 -0.0812228 0.670566 0.163504
1 7 54 0.830687 0.0644209 0.553001 -0.54017 -0.0913037 0.995598 0.0211708 0.199251 -0.549203 -0.0680774 0.832912 0.817628
1 8 39 0.54765 0.314635 0.775296 -0.654485 -0.341131 0.930056 -0.136475 0.0975193 -0.764009 -0.189737 0.616677 -0.749759
1 9 33 -0.0206743 0.896306 -0.442954 0.403645 0.981001 0.103667 0.16398 -0.216241 0.192895 -0.431149 -0.881421 0.888994
1 10 30 -0.987814 0.15563 -0.00182615 -0.395792 -0.153757 -0.977613 -0.14364 0.261487 -0.0241399 -0.141609 0.989628 -0.880326
1 11 20 0.818717 0.384168 0.426752 0.155804 -0.445775 0.893709 0.0506816 0.189093 -0.361922 -0.231729 0.902948 0.96952
1 12 66 0.0744851 0.755783 0.650572 -0.353109 0.979473 0.0670923 -0.190084 0.0149824 -0.187311 0.651375 -0.735272 0.935462
1 13 62 0.939141 -0.332332 0.0870061 -0.450803 0.322764 0.940322 0.107784 0.0270151 -0.117634 -0.073142 0.99036 0.892215
1 14 41 0.891519 -0.129133 -0.434187 0.0846276 0.181741 0.979945 0.0817202 0.186072 0.414926 -0.151765 0.897108 0.978885
1 15 111 0.946524 -0.17736 -0.269509 0.0224503 0.315204 0.330137 0.88975 -0.888174 -0.0688309 -0.927121 0.368387 0.458959
1 16 91 0.477162 0.626458 -0.616334 0.162301 0.84313 -0.128507 0.522128 -0.0916307 0.247887 -0.768789 -0.589504 0.982478
1 17 191 0.898471 0.103389 -0.426685 0.202514 -0.41343 -0.127786 -0.901524 0.613436 -0.147732 0.986398 -0.0720678 0.763337
1 18 42 0.921441 0.0361863 0.386828 -0.0272061 -0.0233252 0.99901 -0.0378919 0.185706 -0.387816 0.0258923 0.921373 -0.982229
1 19 60 0.371057 0.839646 0.396624 -0.253042 0.828143 -0.492442 0.267732 -0.220883 0.420114 0.229117 -0.878072 0.941902
1 20 23 -0.621492 -0.655251 -0.429411 -0.00157305 0.557762 -0.75499 0.344807 0.031552 -0.550136 -0.0252142 0.834694 0.999501
1 21 61 -0.784804 -0.209213 -0.583363 0.343959 0.010272 0.936776 -0.349778 0.24378 0.619659 -0.2805 -0.733037 0.906788
1 22 65 -0.54509 -0.0591034 -0.836292 0.647718 0.0328045 0.995244 -0.0917188 0.0621416 0.837736 -0.0774291 -0.540558 0.759342
1 23 14 0.302193 0.937104 -0.174685 0.165542 -0.95315 0.294435 -0.0693771 0.311257 -0.0135802 0.187466 0.982177 -0.935796
1 24 43 -0.498934 -0.725805 0.473574 -0.337959 -0.698057 0.660412 0.276716 -0.241655 -0.513596 -0.192519 -0.836156 0.909608
1 25 112 0.472553 -0.146388 -0.86906 0.955741 0.215553 0.975356 -0.0470859 0.0625426 0.854535 -0.165078 0.492462 0.287484
1 26 137 0.624206 -0.155063 -0.765717 0.954344 0.220001 0.97533 -0.0181686 0.0734844 0.749645 -0.157118 0.642921 0.289529
1 27 191 0.73785 -0.139752 -0.660338 0.978387 0.178576 0.983888 -0.00868978 0.0398983 0.650913 -0.111509 0.750918 0.202899
1 28 390 0.833768 -0.119836 -0.538952 0.999994 0.127544 0.991562 -0.0231616 -0.000261869 0.53718 -0.0494288 0.842018 0.003402
1 29 232 0.951368 0.0334946 0.306231 -0.691524 -0.0391127 0.99916 0.0122263 0.187941 -0.305564 -0.0236093 0.951879 0.697476
2 3 2020 0.968228 0.0501435 0.24499 -0.779287 -0.0473757 0.998729 -0.0171814 -0.136479 -0.24554 0.00502898 0.969373 -0.611625
2 4 1164 0.927287 0.074278 0.366908 -0.979915 -0.0561074 0.996623 -0.0599591 -0.0169442 -0.370123 0.035013 0.928323 -0.198695
2 5 919 0.871621 0.107353 0.47828 -0.966917 -0.0879846 0.99414 -0.0627968 0.0516923 -0.482219 0.0126538 0.875959 0.249799
2 6 509 0.823911 0.112284 0.555484 -0.993868 -0.113884 0.992985 -0.0318034 0.0218225 -0.555158 -0.0370574 0.830919 0.108398
2 7 168 0.574282 0.170852 0.800631 -0.948715 -0.179199 0.980498 -0.0806982 0.079621 -0.798804 -0.0971289 0.593699 0.305942
2 8 90 0.466532 0.168943 0.86822 -0.928792 -0.137569 0.983504 -0.117454 0.112983 -0.87374 -0.0646438 0.482078 0.35296
2 9 78 0.340965 0.197286 0.919142 -0.938616 -0.203928 0.969971 -0.132547 0.0613659 -0.917691 -0.142245 0.370958 0.339463
2 10 59 0.246589 0.19266 0.949777 -0.912613 -0.169315 0.973532 -0.15352 0.0620123 -0.954215 -0.122955 0.272683 0.404095
2 11 92 0.0385685 0.214414 0.975981 -0.841341 -0.131274 0.96933 -0.207765 0.131231 -0.990596 -0.120108 0.0655327 0.524332
2 12 25 0.954521 -0.101211 -0.280439 -0.422448 0.0759048 0.992118 -0.0997042 0.0939891 0.288319 0.0738832 0.95468 0.901501
2 13 99 0.7987 0.239652 0.551947 -0.984821 -0.234088 0.96876 -0.0818909 0.0708392 -0.55433 -0.0637978 0.829849 0.158462
2 14 81 -0.704495 0.0730448 0.70594 -0.464885 0.012366 0.995802 -0.0906966 0.0943124 -0.709601 -0.0551657 -0.702441 0.880334
2 15 52 0.962901 0.0231863 0.268857 -0.998919 -0.0282234 0.999491 0.0148849 0.0110899 -0.268375 -0.0219207 0.963065 -0.045147
2 16 67 -0.908888 0.258157 -0.327532 0.16466 0.278206 0.960404 -0.01503 -0.100739 0.310683 -0.104782 -0.944721 0.981192
2 17 44 0.992827 -0.0385762 -0.113162 -0.310657 0.0384454 0.999255 -0.00333894 0.166241 0.113207 -0.00103558 0.993571 0.935872
2 18 90 0.761534 -0.152563 -0.629913 0.881808 0.13049 0.988089 -0.0815571 0.113817 0.634853 -0.0200887 0.772371 0.457668
2 19 73 -0.926386 -0.0515749 -0.373026 0.11708 -0.121027 0.9788 0.165233 -0.0977818 0.356597 0.198216 -0.912989 0.988297
2 20 20 -0.0960675 -0.979901 -0.174828 0.303621 0.946762 -0.144174 0.287846 0.0109044 -0.307266 -0.137868 0.941584 -0.95273
2 21 47 0.949722 -0.217459 -0.225255 0.876659 0.208956 0.976007 -0.0612257 0.107775 0.233164 0.0110792 0.972374 0.468886
2 22 55 0.586646 -0.343708 -0.733288 0.901137 0.278167 0.935899 -0.216137 0.162558 0.760572 -0.0771803 0.64465 -0.401903
2 23 44 -0.745016 -0.281543 0.604719 -0.225507 -0.15673 0.955066 0.251565 -0.212801 -0.648372 0.0926419 -0.755666 0.950717
2 24 49 -0.203132 -0.841206 0.501108 -0.337959 -0.719367 0.475408 0.506457 -0.241655 -0.664265 -0.257603 -0.701706 0.909608
2 25 80 0.914104 0.0236071 -0.404792 0.988977 -0.0157201 0.999617 0.0227974 -0.0665298 0.405175 -0.0144758 0.914125 0.132279
2 26 82 0.812534 -0.244283 -0.529259 0.983289 0.267558 0.962953 -0.0336941 0.109745 0.517882 -0.11423 0.847791 0.145254
2 27 133 0.540659 -0.195116 -0.818302 0.91764 0.184487 0.976552 -0.110957 0.135037 0.820763 -0.0909764 0.563977 0.373768
2 28 176 0.645637 -0.167749 -0.744992 0.945787 0.134107 0.98532 -0.105641 0.0943441 0.751777 -0.0317026 0.658655 0.310783
2 29 1761 0.99844 0.013519 0.0541696 0.973441 -0.0127793 0.999821 -0.0139783 0.0374898 -0.0543488 0.0132643 0.998434 0.225849
3 4 3424 0.99031 0.0233873 0.136889 -0.99353 -0.0181241 0.999052 -0.0395697 0.0573443 -0.137685 0.0367053 0.989796 0.0980248
3 5 2022 0.965919 0.0578643 0.252293 -0.870634 -0.0510445 0.998134 -0.0334987 0.0944472 -0.25376 0.0194789 0.967071 0.48278
3 6 1705 0.939576 0.0637684 0.336349 -0.970772 -0.0687697 0.997628 0.00296484 0.0521619 -0.335362 -0.0259163 0.941733 0.234266
3 7 366 0.769117 0.127973 0.626165 -0.923747 -0.145003 0.989139 -0.0240493 0.0906907 -0.622442 -0.0722991 0.77932 0.372112
3 8 236 0.665218 0.144507 0.732532 -0.925961 -0.156498 0.986285 -0.0524478 0.0786592 -0.730064 -0.0797503 0.678709 0.369335
3 9 188 0.594753 0.15493 0.788838 -0.93007 -0.15779 0.984664 -0.0744235 0.076221 -0.788271 -0.0802074 0.610079 0.359389
3 10 135 0.466001 0.165041 0.869255 -0.907976 -0.153318 0.982649 -0.104378 0.0646834 -0.871399 -0.0846326 0.483219 0.413999
3 11 127 0.60524 0.185795 0.774058 -0.845147 -0.0320126 0.977276 -0.209542 0.271567 -0.795399 0.102043 0.597434 0.46041
3 12 100 0.904483 0.0907443 0.416744 -0.810387 -0.097995 0.995179 -0.00401194 0.0971563 -0.415099 -0.0372102 0.909015 0.577784
3 13 117 -0.996613 -0.0345098 -0.0746425 0.00264295 0.0288202 -0.996691 0.0760021 0.960654 -0.0770183 0.0735935 0.99431 -0.277736
3 14 98 0.973924 0.121556 0.191562 0.995719 -0.133925 0.989576 0.0529515 -0.0780407 -0.183128 -0.0772256 0.980051 -0.0495278
3 15 98 -0.977145 0.127947 -0.169757 0.177678 0.047145 0.909127 0.413843 -0.213128 0.20728 0.396381 -0.894381 0.960732
3 16 33 0.977347 -0.211601 -0.00421845 0.167136 0.203488 0.94498 -0.256135 -0.0930273 0.0581848 0.249475 0.966632 0.981535
3 17 69 0.949138 0.102634 0.297664 -0.301012 0.0567047 -0.985643 0.159037 -0.0190723 0.309713 -0.134069 -0.941331 0.95343
3 18 71 0.999787 0.00818655 -0.0189345 0.0279366 -0.00820224 0.999966 -0.000750693 -0.238987 0.0189278 0.000905839 0.99982 -0.970621
3 19 113 0.978816 -0.0767444 0.189814 0.0684054 -0.0288483 0.866146 0.498958 -0.878162 -0.202699 -0.493864 0.845584 0.473447
3 20 40 0.739716 0.103353 0.664935 -0.147193 -0.108288 0.993539 -0.0339628 0.171398 -0.664149 -0.0468815 0.746129 0.974144
3 21 52 -0.787368 -0.0356607 -0.615451 0.283827 -0.0766829 0.996238 0.0403787 -0.0267651 0.611695 0.0789875 -0.78714 0.958502
3 22 17 0.0430562 -0.997541 -0.0552991 -0.0514814 0.998899 0.0440135 -0.0162114 0.0373266 0.0186054 -0.0545402 0.998338 -0.997976
3 23 52 -0.176913 0.866249 -0.46724 0.486059 0.643672 -0.257304 -0.72075 0.376245 -0.744573 -0.42826 -0.51206 0.788788
3 24 61 -0.614837 0.189293 -0.7656 0.351025 -0.271318 0.860743 0.430707 -0.295625 0.740515 0.472536 -0.477858 0.888475
3 25 94 0.952592 -0.00975734 -0.304093 0.866947 0.019011 0.999441 0.0274845 -0.112379 0.303655 -0.0319626 0.952246 -0.485566
3 26 172 0.197364 -0.186452 -0.962436 0.838054 0.262189 0.956023 -0.131443 0.0926574 0.944618 -0.226398 0.23757 0.537662
3 27 256 0.304482 -0.194597 -0.932428 0.819103 0.207798 0.968901 -0.134353 0.134463 0.929576 -0.152849 0.33545 0.557664
3 28 455 0.454358 -0.177033 -0.873051 0.849349 0.167566 0.979544 -0.111421 0.0738713 0.874917 -0.0956686 0.474728 0.522636
3 29 1665 0.98048 -0.0349544 -0.193486 0.843219 0.0343921 0.999389 -0.00626542 0.111407 0.193586 -0.000511259 0.981083 0.5259
4 5 3057 0.9911 0.0300848 0.129672 -0.750789 -0.0314811 0.999466 0.00873161 0.0983616 -0.12934 -0.0127361 0.991518 0.653177
4 6 2720 0.978016 0.033345 0.205845 -0.980146 -0.044052 0.997892 0.0476516 0.0268738 -0.203823 -0.055672 0.977424 0.196446
4 7 690 0.832399 0.0944864 0.546062 -0.962018 -0.136062 0.990042 0.0360995 0.023247 -0.537213 -0.104348 0.836967 0.271995
4 8 457 0.759488 0.103656 0.64221 -0.963946 -0.139552 0.990201 0.00521242 0.0429209 -0.635376 -0.0935803 0.766511 0.262613
4 9 321 0.683696 0.111146 0.721253 -0.962856 -0.135199 0.990516 -0.0244803 0.0607107 -0.717133 -0.0807757 0.692239 0.263103
4 10 258 0.592219 0.12415 0.796156 -0.947949 -0.1408 0.988802 -0.0494566 0.0444003 -0.79338 -0.0828097 0.603067 0.315312
4 11 222 0.512612 0.157065 0.844132 -0.924458 -0.189661 0.979555 -0.0670884 0.0798685 -0.837411 -0.125709 0.531921 0.372825
4 12 185 0.298728 0.145746 0.943143 -0.849637 -0.198007 0.97623 -0.0881427 0.0994414 -0.933571 -0.160418 0.320486 0.517907
4 13 239 -0.998812 -0.0188138 -0.0449426 -0.0102512 -0.0142988 -0.768625 0.63954 -0.906584 -0.0465762 0.639423 0.767443 0.421902
4 14 210 -0.996073 0.075935 0.045523 0.0447841 -0.006741 -0.577735 0.816197 -0.810131 0.0882781 0.812685 0.575978 0.584536
4 15 110 -0.543315 -0.784507 -0.298927 0.291231 -0.839348 0.514988 0.174018 -0.0133333 0.0174255 0.34545 -0.938275 0.95656
4 16 36 -0.668096 0.689496 0.27972 0.167136 -0.670086 -0.720956 0.176657 -0.0930273 0.32347 -0.0694126 0.943689 0.981535
4 17 40 -0.775152 0.631505 -0.0184506 0.122102 -0.621734 -0.757321 0.199776 -0.233703 0.112187 0.166328 0.979668 -0.964611
4 18 60 0.911663 -0.354241 -0.208288 0.466577 0.372084 0.926713 0.0524977 0.0131388 0.174426 -0.125361 0.976658 -0.884383
4 19 188 0.992753 -0.118773 0.0182987 0.058595 -0.00454407 0.115059 0.993348 -0.760915 -0.120088 -0.986232 0.113685 0.6462
4 20 33 0.974426 0.152216 0.165301 -0.209687 -0.157839 0.987234 0.0213538 -0.0670582 -0.15994 -0.0468986 0.986012 -0.975466
4 21 72 -0.953815 0.235107 -0.186981 0.286887 0.187514 0.952277 0.240846 -0.0291491 0.234683 0.194661 -0.952382 0.957521
4 22 55 -0.250182 0.738021 0.626686 -0.0506147 0.967338 0.16324 0.193934 -0.0691998 0.0408266 0.654735 -0.754755 0.996318
4 23 14 -0.82015 -0.530009 -0.215512 -0.150629 0.510334 -0.847959 0.143264 0.0210508 -0.258676 0.00751468 0.965935 -0.988366
4 24 27 -0.752037 -0.495469 0.434685 -0.419387 0.380768 -0.864892 -0.327075 0.296979 0.538011 -0.080458 0.839089 -0.857856
4 25 103 0.995596 -0.0118778 -0.0929882 -0.873391 0.0155636 0.999117 0.0390128 0.0674328 0.0924427 -0.0402882 0.994903 -0.482329
4 26 230 0.0293153 -0.169448 -0.985103 0.737477 0.245809 0.956485 -0.15721 0.16486 0.968875 -0.237539 0.0696914 0.654942
4 27 299 0.18623 -0.15934 -0.969499 0.752945 0.216365 0.969189 -0.117728 0.131341 0.958386 -0.187841 0.214967 0.644843
4 28 495 0.345284 -0.150566 -0.926342 0.77335 0.176499 0.979852 -0.0934757 0.0824705 0.921752 -0.131223 0.364902 0.628593
4 29 1051 0.943239 -0.0448981 -0.329066 0.907598 0.0562509 0.998102 0.0250559 0.0694488 0.327317 -0.042144 0.943974 0.414056
5 6 3087 0.996764 0.00449391 0.0802554 -0.859639 -0.00784182 0.99911 0.0414494 -0.118848 -0.0799977 -0.0419446 0.995912 -0.496887
5 7 1163 0.911063 0.0704924 0.406196 -0.969278 -0.0911475 0.995333 0.0317033 -0.0501802 -0.402066 -0.0659075 0.913236 -0.240793
5 8 843 0.837916 0.0852329 0.539103 -0.996822 -0.108002 0.994093 0.010697 -0.0254538 -0.535007 -0.0671871 0.842172 -0.0754911
5 9 553 0.798917 0.0998985 0.593087 -0.999345 -0.113152 0.993466 -0.0149167 0.00360484 -0.590702 -0.0551917 0.805 -0.0360079
5 10 446 0.689339 0.111715 0.715773 -0.994278 -0.116141 0.992301 -0.0430229 0.00927475 -0.715068 -0.053473 0.697007 0.106418
5 11 352 0.551791 0.146253 0.821058 -0.962771 -0.155434 0.985288 -0.0710473 0.0659368 -0.81937 -0.0884175 0.566406 0.262153
5 12 326 0.432139 0.148396 0.889514 -0.9211 -0.173224 0.981659 -0.0796135 0.0817373 -0.885014 -0.119681 0.449919 0.380649
5 13 166 -0.999654 -0.0165693 -0.0204103 -0.0185956 0.0137955 -0.991517 0.129246 -0.988286 -0.0223787 0.12892 0.991402 -0.151475
5 14 44 0.813034 0.18556 0.551855 -0.424235 -0.228567 0.973483 0.00941065 -0.162532 -0.535475 -0.133787 0.833887 -0.890847
5 15 138 -0.163587 0.871465 -0.462372 0.291305 0.908129 0.316126 0.274528 -0.0135454 0.385409 -0.374985 -0.843117 0.956534
5 16 133 0.658303 -0.618582 -0.428945 0.167136 -0.700077 -0.712527 -0.0468719 -0.0930273 -0.276641 0.33115 -0.902114 0.981535
5 17 26 -0.343581 0.864396 -0.367113 -0.398576 -0.93238 -0.360732 0.0232408 0.0431674 -0.11234 0.350274 0.929886 0.916119
5 18 117 0.309336 0.727843 0.61201 -0.466656 0.920367 -0.391055 -0.000123623 -0.0132919 0.23924 0.563312 -0.79085 0.884339
5 19 147 0.997741 0.00241662 0.0671391 -0.123791 -0.00320597 0.999927 0.0116517 -0.147001 -0.0671061 -0.0118406 0.997676 -0.98136
5 20 84 0.991239 0.0420743 0.125198 0.452354 -0.0436425 0.998999 0.00980864 0.0715962 -0.12466 -0.0151867 0.992083 -0.88896
5 21 47 0.997275 -0.0499125 -0.0543225 -0.0197699 0.0650435 0.94235 0.328247 0.0673806 0.0348072 -0.330886 0.943029 0.997531
5 22 44 0.992451 -0.0970245 0.0750094 0.300675 0.0907122 0.992377 0.0834219 0.0319781 -0.0825316 -0.0759879 0.993687 0.95319
5 23 41 -0.872475 0.483795 0.0687726 -0.321322 -0.467352 -0.867232 0.17173 -0.0776664 0.142724 0.117689 0.982741 0.94378
5 24 86 -0.65358 0.738708 0.164753 -0.427858 -0.517018 -0.276787 -0.809988 0.128997 -0.552743 -0.614572 0.562828 0.894593
5 25 96 0.94014 0.00147796 -0.340785 0.511893 0.012419 0.999178 0.0385943 0.0226113 0.340562 -0.0405163 0.939349 -0.858751
5 26 243 -0.181666 -0.179651 -0.966811 0.67309 0.226843 0.948998 -0.218966 0.19463 0.956838 -0.259093 -0.131648 0.713491
5 27 260 0.0432688 -0.174912 -0.983633 0.736316 0.229839 0.95989 -0.16058 0.143078 0.972266 -0.219129 0.081735 0.661338
5 28 308 0.181464 -0.175282 -0.96765 0.763431 0.172955 0.974337 -0.144059 0.127915 0.968069 -0.141219 0.207123 0.633097
5 29 1096 0.8942 -0.0762365 -0.441128 0.978087 0.088188 0.996082 0.00661925 0.0346376 0.438895 -0.0448211 0.89742 0.205293
6 7 1369 0.933719 0.0789864 0.349185 -0.963325 -0.0833974 0.996513 -0.00240944 -0.0499701 -0.348157 -0.0268713 0.937051 -0.263643
6 8 911 0.879665 0.100499 0.464854 -0.995457 -0.101382 0.994578 -0.0231727 -0.0248746 -0.464663 -0.0267436 0.885084 -0.0919015
6 9 685 0.833096 0.116429 0.540737 -0.998535 -0.109643 0.992958 -0.0448748 -0.00250586 -0.542153 -0.0219031 0.839994 -0.0540541
6 10 465 0.744879 0.135569 0.653281 -0.995723 -0.110416 0.990686 -0.0796888 0.0176262 -0.657999 -0.0127743 0.75291 0.0906911
6 11 378 0.614473 0.175522 0.769165 -0.966911 -0.156945 0.982647 -0.0988578 0.064119 -0.773169 -0.0599713 0.631358 0.246925
6 12 320 0.486949 0.177289 0.855248 -0.922999 -0.172194 0.979452 -0.104994 0.0780492 -0.856289 -0.0961418 0.507471 0.376803
6 13 244 0.159226 0.210184 0.964609 -0.775832 -0.189297 0.965444 -0.179119 0.133898 -0.968924 -0.154077 0.193511 0.616569
6 14 197 0.131585 0.257632 0.957241 -0.775293 -0.272785 0.937768 -0.214894 0.195799 -0.953034 -0.232844 0.193674 0.600486
6 15 102 -0.94339 -0.0101916 -0.331528 0.291305 -0.0724037 0.981751 0.175851 -0.0135454 0.323685 0.1899 -0.926912 0.956534
6 16 65 0.991811 -0.106618 -0.0703081 -0.460965 0.0999719 0.990719 -0.0920985 0.0173505 0.0794749 0.0843154 0.993265 0.887249
6 17 101 0.762875 -0.411203 0.498933 -0.39726 -0.17269 -0.873246 -0.455654 0.0442699 0.623057 0.261446 -0.737188 0.916638
6 18 75 0.975191 -0.191452 -0.111127 -0.466577 0.185738 0.98078 -0.0597719 -0.0131388 0.120435 0.0376485 0.992007 0.884383
6 19 110 -0.927908 0.119302 0.353205 -0.38703 -0.0648327 -0.984617 0.162252 -0.0134509 0.367129 0.127656 0.921369 0.921969
6 20 74 0.986846 -0.0634045 0.148711 -0.314824 0.0632944 0.99798 0.00547791 0.0218205 -0.148758 0.0040067 0.988866 0.948899
6 21 115 0.163216 0.843266 -0.512117 0.280904 0.984998 -0.109801 0.133126 0.0586015 0.0560297 -0.526162 -0.848536 0.957945
6 22 41 0.912676 -0.00989886 0.408564 0.240854 -0.054408 0.987865 0.145474 0.0190818 -0.405046 -0.155 0.901062 0.970374
6 23 56 -0.667906 0.0730316 0.740654 -0.407934 0.0909261 0.995726 -0.0161877 -0.0212124 -0.738671 0.0565329 -0.671692 0.912765
6 24 57 -0.628996 -0.775093 0.0599591 -0.18952 -0.740655 0.57404 -0.349152 0.0314815 0.236206 -0.264024 -0.935146 0.981372
6 25 105 0.990512 -0.0924053 -0.101719 -0.967119 0.0886959 0.995239 -0.0404144 0.160964 0.104969 0.0310089 0.993992 -0.196904
6 26 246 -0.220827 -0.213899 -0.951569 0.58867 0.234442 0.935407 -0.264672 0.199953 0.946717 -0.281534 -0.156416 0.783253
6 27 168 0.642838 -0.174327 -0.745902 -0.301764 0.175182 0.98141 -0.0783919 0.20853 0.745702 -0.0802754 0.661426 0.930298
6 28 267 0.659922 -0.174006 -0.730906 -0.232078 0.147726 0.983873 -0.100851 0.147322 0.736668 -0.04142 0.674985 0.961476
6 29 541 0.853586 -0.105037 -0.510253 0.919525 0.0947413 0.994429 -0.0462153 0.0781962 0.512265 -0.00889328 0.858782 0.385174
7 8 2668 0.990573 0.0269559 0.134306 -0.998195 -0.0256628 0.999606 -0.0113501 -0.0378376 -0.134559 0.00779647 0.990875 -0.0466467
7 9 1830 0.972885 0.0464095 0.226586 -0.999041 -0.0406796 0.998725 -0.0298946 -0.00382605 -0.227684 0.0198665 0.973532 -0.0436114
7 10 1060 0.935658 0.0715177 0.345586 -0.996067 -0.0533026 0.996656 -0.0619397 0.0158484 -0.34886 0.0395337 0.93634 0.0871699
7 11 636 0.854258 0.122837 0.505128 -0.96741 -0.103719 0.992419 -0.0659306 0.0655854 -0.509398 0.00393039 0.860522 0.244575
7 12 572 0.767963 0.134768 0.626155 -0.925671 -0.120652 0.99055 -0.0652205 0.0780765 -0.629027 -0.0254597 0.776966 0.370184
7 13 428 0.487222 0.191846 0.851945 -0.781595 -0.166212 0.97811 -0.125201 0.127304 -0.857315 -0.0806026 0.508443 0.610657
7 14 268 0.344751 0.277831 0.896636 -0.731785 -0.239506 0.949615 -0.202158 0.24761 -0.907625 -0.145055 0.393923 0.634965
7 15 155 -0.19287 0.808011 0.556704 -0.466021 0.954702 0.28555 -0.0836973 -0.0873689 -0.226595 0.515344 -0.826484 0.880449
7 16 287 0.626847 0.0895448 -0.77398 0.525074 -0.134141 0.990944 0.00600528 -0.062404 0.767508 0.100058 0.633182 0.848766
7 17 108 -0.143386 -0.875629 0.46121 -0.39726 -0.987939 0.154166 -0.0144489 0.0442699 -0.0584512 -0.45772 -0.887173 0.916638
7 18 89 0.354678 0.934789 0.019337 -0.466577 -0.840126 0.309547 0.445387 -0.0131388 0.410357 -0.174214 0.895129 0.884383
7 19 189 0.77011 0.298949 0.563525 -0.386859 0.292523 -0.950532 0.104495 -0.0137486 0.566887 0.0843712 -0.819464 0.922037
7 20 128 0.991503 0.00376452 -0.130033 0.98119 -0.00654129 0.999759 -0.0209339 0.0258598 0.129923 0.0216066 0.991289 0.191306
7 21 233 0.135394 0.000184038 0.990792 -0.474435 -0.0582423 0.998272 0.00777353 0.00775283 -0.989078 -0.0587585 0.135171 0.880257
7 22 96 0.887206 0.451694 0.094014 0.256585 -0.452512 0.891654 -0.0136585 0.156039 -0.0899974 -0.0304245 0.995477 0.953843
7 23 30 -0.424968 -0.900961 -0.0875804 -0.134779 0.656623 -0.373417 0.655291 -0.317013 -0.623096 0.220971 0.750282 -0.938796
7 24 90 -0.998131 0.00236739 0.0610615 -0.426919 -0.00227704 -0.999996 0.00154922 0.127252 0.061065 0.00140728 0.998133 0.895292
7 25 82 -0.968094 -0.0871183 -0.234954 0.277085 0.0333618 -0.974083 0.223716 -0.0646261 -0.248355 0.20874 0.945911 -0.95867
7 26 84 0.970623 0.0606684 -0.232829 0.339548 -0.0316684 0.991482 0.126331 0.0482867 0.238511 -0.115247 0.964277 0.939348
7 27 133 0.865717 0.0829001 0.493621 -0.348158 0.0995495 -0.995004 -0.00748691 0.052057 0.490535 0.0556213 -0.869645 0.935989
7 28 186 0.611064 0.49865 -0.614775 0.367615 -0.62142 0.783279 0.0176563 -0.0468398 0.490345 0.371244 0.788505 0.928798
7 29 355 0.624974 -0.167656 -0.76243 0.868619 0.149945 0.984261 -0.0935243 0.0858439 0.76611 -0.0558725 0.640276 0.487987
8 9 3118 0.995443 0.0191934 0.0934032 -0.982995 -0.0185041 0.999795 -0.00824057 -0.0559615 -0.0935422 0.00647468 0.995594 -0.174899
8 10 1949 0.973482 0.0442274 0.224447 -0.999095 -0.0355742 0.998465 -0.0424541 0.00951801 -0.22598 0.0333438 0.973561 0.0414472
8 11 1163 0.918963 0.092932 0.383236 -0.976299 -0.0866788 0.99567 -0.0335954 0.0498739 -0.384699 -0.00234558 0.923039 0.210602
8 12 892 0.850285 0.102949 0.516155 -0.938785 -0.102922 0.994273 -0.028764 0.0610643 -0.516161 -0.0286662 0.856012 0.339048
8 13 544 0.596096 0.163337 0.786124 -0.808808 -0.153779 0.984189 -0.0878836 0.116715 -0.788049 -0.0685022 0.611789 0.576374
8 14 298 0.417277 0.196536 0.887273 -0.784595 -0.227953 0.967757 -0.10716 0.159198 -0.879726 -0.157541 0.448624 0.599221
8 15 280 0.637592 0.0566891 -0.768285 0.541475 -0.0624292 0.997811 0.0218156 -0.0356907 0.76784 0.0340539 0.639736 0.839959
8 16 322 0.97865 0.0247039 0.204042 -0.999935 -0.0255009 0.999674 0.00127708 -0.000258452 -0.203944 -0.00645307 0.978961 0.0113917
8 17 109 0.0825911 -0.993604 -0.077003 -0.39726 0.898131 0.0407232 0.437838 0.0442699 -0.431902 -0.10532 0.89575 0.916638
8 18 159 -0.00747982 0.307556 0.9515 -0.466577 0.992777 0.11622 -0.0297618 -0.0131388 -0.119737 0.944406 -0.306204 0.884383
8 19 169 -0.004602 -0.999798 0.0195453 -0.326777 -0.964252 -0.000741928 -0.264988 -0.00297314 0.264949 -0.0200661 -0.964054 0.945097
8 20 60 0.0922898 -0.976909 -0.192695 -0.252943 0.978244 0.0528445 0.200615 0.163235 -0.1858 -0.207018 0.960532 0.953611
8 21 191 0.969228 -0.163965 0.183612 -0.0197699 -0.127587 -0.972482 -0.194936 0.0673806 0.210522 0.165511 -0.963476 0.997531
8 22 165 0.212498 -0.783286 -0.584215 0.473161 -0.954826 -0.293541 0.0462634 -0.127563 -0.207728 0.547993 -0.81028 0.871692
8 23 54 0.998687 0.0370142 -0.0354122 0.998004 -0.0386392 0.998177 -0.0463598 -0.00837612 0.0336317 0.0476672 0.998297 0.0625899
8 24 116 -0.812861 -0.19931 -0.547295 -0.156626 -0.167759 0.979927 -0.107701 0.0158721 0.557775 0.00426734 -0.829981 0.98753
8 25 140 -0.215853 -0.929388 -0.299408 0.210128 -0.976052 0.213858 0.0398344 0.0418986 0.0270093 0.300837 -0.953293 0.976776
8 26 145 -0.832302 0.335832 -0.441011 0.257854 0.413539 0.905972 -0.0905528 0.0779716 0.369133 -0.257742 -0.892922 0.963033
8 27 182 0.762342 -0.00561844 0.64715 -0.348158 0.00433924 -0.999895 -0.0137925 0.052057 0.64716 0.0133228 -0.762238 0.935989
8 28 189 0.0271764 0.0716563 -0.997059 0.370194 -0.00206367 0.997429 0.0716267 -0.0473058 0.999629 0.00011105 0.0272544 0.927749
8 29 331 0.664312 -0.1589 -0.73037 0.889199 0.144997 0.985976 -0.0826264 0.0954908 0.733257 -0.0510119 0.678036 0.447444
9 10 2585 0.991195 0.0241332 0.130191 -0.995608 -0.0205833 0.999381 -0.028544 0.0139672 -0.130799 0.0256129 0.991078 0.0925706
9 11 1474 0.952171 0.0715353 0.297074 -0.970541 -0.0697185 0.997427 -0.0167206 0.0540285 -0.297505 -0.00479062 0.954708 0.234799
9 12 1045 0.894764 0.0815408 0.439031 -0.932927 -0.0867953 0.996193 -0.00812936 0.0589346 -0.438022 -0.0308319 0.898435 0.35521
9 13 668 0.672315 0.144572 0.72601 -0.812671 -0.142459 0.98768 -0.0647566 0.118221 -0.726428 -0.0598899 0.684628 0.570605
9 14 333 0.496561 0.196372 0.845497 -0.796788 -0.218116 0.971047 -0.0974317 0.18361 -0.840151 -0.136036 0.525016 0.575688
9 15 231 0.975194 -0.220011 0.0243458 -0.974674 0.213851 0.964815 0.152971 -0.222887 -0.0571445 -0.14397 0.987931 0.0182341
9 16 352 0.994008 -0.0786467 0.0759129 -0.996863 0.0740156 0.995328 0.0620068 -0.0783302 -0.0804348 -0.0560165 0.995185 0.0113574
9 17 145 -0.950117 -0.0862232 0.299739 -0.39726 -0.182282 0.933324 -0.30932 0.0442699 -0.253084 -0.348527 -0.902484 0.916638
9 18 137 0.102306 0.172645 0.979657 -0.466577 0.988342 0.0939875 -0.119777 -0.0131388 -0.112754 0.98049 -0.161016 0.884383
9 19 178 -0.00855984 0.986059 0.166175 -0.32658 0.916168 0.0743253 -0.393843 -0.00262229 -0.400703 0.148873 -0.904032 0.945166
9 20 131 -0.536277 -0.843687 -0.0244641 -0.252943 0.790102 -0.491599 -0.366155 0.163235 0.296894 -0.21569 0.930232 0.953611
9 21 102 0.914844 -0.144279 -0.377154 -0.0197699 0.169835 0.984843 0.0352114 0.0673806 0.366357 -0.0962666 0.925481 0.997531
9 22 62 0.887846 0.217657 0.405407 0.15079 -0.297024 0.944001 0.143664 0.153983 -0.351435 -0.247967 0.902777 0.9765
9 23 80 0.37373 -0.778664 -0.503992 0.449913 -0.901508 -0.177118 -0.394858 0.128051 0.218196 0.601923 -0.768166 0.883844
9 24 49 -0.384205 -0.837968 -0.387553 -0.188147 0.770047 -0.522425 0.366195 0.0299886 -0.509327 -0.15774 0.845993 0.981683
9 25 92 -0.357924 0.882238 0.305854 0.119432 -0.883527 -0.214011 -0.416629 0.0488261 -0.30211 -0.419352 0.856081 0.991641
9 26 118 0.466299 0.884608 0.00582618 0.237202 0.826675 -0.438087 0.353112 0.0699225 0.314918 -0.15984 -0.935563 0.968941
9 27 188 -0.330816 -0.704588 0.627787 -0.348158 0.217625 -0.704272 -0.675751 0.052057 0.91826 -0.086927 0.38632 0.935989
9 28 197 0.43334 0.72613 -0.533808 0.370194 -0.620408 0.669973 0.407713 -0.0473058 0.65369 0.1545 0.740823 0.927749
9 29 276 0.421861 -0.165538 -0.89142 0.761486 0.171252 0.980042 -0.100951 0.109858 0.89034 -0.110071 0.44179 0.638804
10 11 2178 0.985477 0.0446465 0.163834 -0.972102 -0.0477397 0.998747 0.0149894 0.0651548 -0.16296 -0.0225931 0.986374 0.22533
10 12 1442 0.945659 0.0544778 0.320565 -0.9388 -0.0644714 0.997706 0.0206356 0.073379 -0.318706 -0.0401816 0.947002 0.336555
10 13 870 0.75617 0.115687 0.644067 -0.841222 -0.126153 0.991557 -0.0299931 0.129019 -0.6421 -0.0585711 0.764381 0.525071
10 14 446 0.607375 0.145417 0.780993 -0.869236 -0.202755 0.978921 -0.0245886 0.129623 -0.768106 -0.143416 0.624056 0.477103
10 15 195 0.989462 -0.0955529 -0.108787 -0.996783 0.104842 0.991009 0.0831269 -0.0795512 0.0998663 -0.0936563 0.990583 0.009773
10 16 259 0.993832 -0.0848292 -0.0714252 -0.997467 0.0899085 0.993403 0.0711846 -0.0672655 0.0649155 -0.0771673 0.994903 0.0231393
10 17 164 0.485103 -0.568831 0.664159 -0.39726 -0.345777 -0.822388 -0.451793 0.0442699 0.80319 -0.0104847 -0.595631 0.916638
10 18 227 0.634622 -0.596523 0.49134 -0.466577 0.708677 0.702796 -0.0620915 -0.0131388 -0.308273 0.387606 0.868752 0.884383
10 19 132 -0.64747 0.343326 0.680375 -0.387026 0.487219 0.872973 0.0231419 -0.0137778 -0.586004 0.346475 -0.732499 0.921966
10 20 74 -0.833133 0.407707 0.373718 -0.244743 0.487417 0.860576 0.147759 0.0235983 -0.26137 0.305259 -0.915698 0.969301
10 21 135 -0.227911 0.700796 -0.675975 0.0911372 -0.26187 -0.712783 -0.650664 0.0769198 -0.937806 0.0287233 0.345969 0.992863
10 22 120 -0.306341 -0.840333 -0.447209 0.15079 -0.81856 0.472355 -0.326864 0.153983 0.485916 0.265936 -0.832565 0.9765
10 23 59 0.303444 -0.815845 -0.492259 0.449957 -0.835463 -0.47622 0.274257 0.102167 -0.458175 0.328043 -0.826114 0.887187
10 24 182 0.780021 -0.290211 0.554387 -0.32152 0.39343 -0.461489 -0.795136 0.466193 0.486601 0.838335 -0.245794 0.82419
10 25 140 0.959091 -0.0867856 0.269468 0.119767 -0.0672124 -0.994441 -0.08105 0.0489101 0.275004 0.0596227 -0.959592 0.991597
10 26 174 -0.244364 0.939618 -0.239592 0.237843 0.801803 0.0568357 -0.59488 0.0711343 -0.545343 -0.337473 -0.767277 0.968695
10 27 146 0.91044 0.0519002 0.410372 -0.348158 -0.0705093 0.99705 0.0303321 0.052057 -0.407587 -0.0565506 0.911414 0.935989
10 28 200 0.0558653 0.843237 0.534631 -0.316721 0.98147 0.0519203 -0.184447 0.0193659 -0.183291 0.535029 -0.824711 0.948321
10 29 250 0.741156 -0.307099 0.596974 -0.340779 -0.0804721 -0.923466 -0.375147 0.170971 0.666492 0.230003 -0.709145 0.924467
11 12 2401 0.987565 0.0141019 0.156576 -0.956886 -0.0153361 0.99986 0.00667739 0.0733379 -0.15646 -0.00899563 0.987643 0.281053
11 13 1183 0.864982 0.0833113 0.494839 -0.935997 -0.083477 0.996271 -0.0218142 0.0769913 -0.494811 -0.0224387 0.868711 0.343485
11 14 683 0.747919 0.131258 0.650683 -0.984422 -0.160849 0.986877 -0.0141907 0.062215 -0.644007 -0.0940486 0.759217 0.164446
11 15 307 0.571281 0.208052 0.793947 -0.983866 -0.180959 0.975462 -0.125409 0.156341 -0.800557 -0.0720278 0.594912 0.0869828
11 16 195 0.653162 0.173999 0.736955 -0.895684 -0.170453 0.982048 -0.0807936 -0.0239265 -0.737783 -0.0728453 0.671095 -0.444046
11 17 95 0.92527 -0.220868 -0.308372 -0.39726 0.252449 0.965354 0.0660465 0.0442699 0.2831 -0.138959 0.94897 0.916638
11 18 193 -0.704533 -0.160736 0.691229 -0.466577 0.0399547 0.963484 0.264769 -0.0131388 -0.708546 0.214156 -0.672384 0.884383
11 19 177 -0.0939909 0.0396923 -0.994782 0.379863 -0.0629998 -0.997439 -0.0338459 0.0251563 -0.993578 0.0594898 0.0962508 0.924701
11 20 89 -0.780358 -0.116291 -0.614424 0.032746 -0.0724149 -0.95914 0.273506 0.14789 -0.621126 0.257926 0.740052 0.988462
11 21 66 -0.996569 -0.0593528 -0.0576886 0.373616 0.0452193 -0.974194 0.221135 0.0994289 -0.0693249 0.217768 0.973535 0.922239
11 22 51 -0.9877 -0.145891 -0.056256 0.37891 0.149936 -0.985769 -0.0760124 -0.0718917 -0.0443659 -0.0835123 0.995519 0.922637
11 23 40 0.91922 -0.389709 -0.0562286 0.474246 0.392282 0.918716 0.0455688 -0.12251 0.0338995 -0.0639452 0.997377 0.871827
11 24 90 0.240354 -0.828308 0.506098 -0.389148 -0.946174 -0.0834947 0.312702 0.0297624 -0.216757 -0.554017 -0.803792 0.920694
11 25 98 0.945098 -0.264743 0.191577 -0.00555935 0.264107 0.964048 0.0293243 0.0749997 -0.192453 0.0228825 0.981039 0.997168
11 26 117 0.912335 0.0310369 0.408267 0.0914969 -0.0467162 0.998502 0.0284872 0.0794266 -0.406771 -0.0450625 0.912418 0.992633
11 27 155 -0.714679 0.399351 -0.57424 0.253396 -0.526429 -0.84768 0.065662 0.0297177 -0.46055 0.349224 0.816049 0.966906
11 28 93 -0.989393 -0.0818864 0.119981 -0.316721 0.0948823 -0.989728 0.106938 0.0193659 0.109992 0.117188 0.987 0.948321
11 29 164 -0.175168 0.826369 0.535191 -0.340354 0.800033 0.436296 -0.411817 0.171084 -0.573814 0.356033 -0.737548 0.924602
12 13 1637 0.933432 0.0731791 0.35121 -0.995527 -0.071084 0.997292 -0.018874 -0.00443868 -0.35164 -0.00734784 0.936106 -0.094368
12 14 707 0.878863 0.123419 0.460834 -0.822216 -0.140067 0.99014 0.00194631 -0.0666945 -0.45605 -0.066258 0.887484 -0.565254
12 15 387 0.698904 0.166813 0.695491 -0.968522 -0.165457 0.983752 -0.0696832 -0.0100259 -0.695815 -0.0663717 0.715148 -0.248726
12 16 332 0.579156 0.171353 0.797005 -0.988831 -0.175745 0.980915 -0.0831848 -0.0268977 -0.796048 -0.0918929 0.598217 -0.146595
12 17 176 0.46986 0.0274263 -0.882315 0.592998 0.0975754 0.991779 0.0827908 -0.0421522 0.877331 -0.124992 0.463321 0.8041
12 18 160 -0.733148 0.0109064 0.679982 -0.466577 0.0687628 0.995936 0.0581651 -0.0131388 -0.676584 0.0894011 -0.730918 0.884383
12 19 107 0.921767 0.0669472 0.381922 -0.0236325 -0.0382198 0.995873 -0.0823232 0.328554 -0.385857 0.0612858 0.920521 -0.944189
12 20 202 0.85855 0.262617 0.440369 0.16086 0.0337952 0.828018 -0.559682 0.941754 -0.511615 0.495397 0.70202 0.295337
12 21 49 -0.987508 -0.0601384 0.145643 -0.384268 0.0860766 -0.980089 0.178932 -0.0831914 0.131983 0.189234 0.973022 -0.919466
12 22 111 0.78708 0.165319 0.594286 0.274613 -0.0629268 0.97991 -0.189251 0.805987 -0.613633 0.111559 0.78167 0.524379
12 23 24 0.955228 0.204401 0.213915 0.117025 -0.200072 0.978883 -0.0419351 0.180531 -0.21797 -0.0027409 0.975952 0.976583
12 24 35 0.00123159 -0.998571 -0.0534317 -0.264645 0.945351 0.0185842 -0.325525 0.0243018 0.326052 -0.0501108 0.944023 0.96404
12 25 190 0.77245 0.415916 0.479933 -0.139409 0.499878 -0.864314 -0.0555259 0.0772202 0.391718 0.282799 -0.875546 0.987219
12 26 122 0.79298 -0.0665112 -0.605606 0.238751 -0.186761 -0.972705 -0.137717 0.071724 -0.579916 0.222311 -0.783757 0.968429
12 27 111 -0.786788 -0.388294 -0.479783 0.253396 0.284208 -0.917929 0.276823 0.0297177 -0.547896 0.0814432 0.832573 0.966906
12 28 79 -0.358399 -0.389471 -0.848447 0.191211 -0.930601 0.0766399 0.357922 -0.00323588 -0.0743751 0.917845 -0.389909 0.981544
12 29 177 0.0830612 -0.225221 -0.970761 0.668327 0.186047 0.960505 -0.206923 0.163705 0.979024 -0.16342 0.121682 0.725631
13 14 1580 0.982583 0.0510094 0.178688 -0.792746 -0.0599858 0.997176 0.0451943 -0.13715 -0.175878 -0.0551259 0.982867 -0.593922
13 15 474 0.909586 0.0930804 0.404956 -0.896273 -0.100589 0.994924 -0.00274994 -0.10318 -0.403157 -0.0382328 0.914332 -0.431334
13 16 334 0.848285 0.110068 0.517974 -0.933848 -0.117028 0.99294 -0.0193405 -0.0763677 -0.516446 -0.0442112 0.855177 -0.349423
13 17 167 0.808585 0.128402 0.574198 -0.981847 -0.153352 0.988159 -0.00502257 -0.0467792 -0.568044 -0.0839931 0.818701 -0.183814
13 18 167 0.610704 -0.195279 -0.767402 0.797385 0.187418 0.977225 -0.0995241 0.141275 0.76936 -0.0830449 0.633394 0.586702
13 19 186 0.999234 -0.0367872 -0.0133359 0.0256854 0.0365695 0.75669 0.652751 -0.881158 -0.0139217 -0.652738 0.757455 0.472124
13 20 68 0.974552 -0.0332701 0.221678 0.205451 0.0328547 0.999445 0.00556196 -0.00144485 -0.22174 0.00186274 0.975104 -0.978666
13 21 71 0.96537 0.0458219 0.256829 0.380783 -0.0454257 0.99894 -0.00747848 0.318961 -0.2569 -0.00444715 0.966428 0.86791
13 22 41 0.957473 0.107282 0.267836 0.186681 -0.115378 0.993214 0.0146259 -0.186231 -0.26445 -0.0449063 0.963353 -0.964608
13 23 17 0.93651 -0.183616 0.298722 -0.450417 0.142839 0.977813 0.153226 -0.139498 -0.320229 -0.100829 0.941959 -0.881853
13 24 35 0.7377 -0.437661 -0.514054 0.363468 0.439533 0.889292 -0.126377 0.153338 0.512454 -0.132716 0.848397 0.918901
13 25 33 0.971794 -0.211322 -0.10469 -0.0712533 0.208625 0.977325 -0.0362011 0.0696057 0.109966 0.013339 0.993846 0.995027
13 26 101 0.756986 -0.588895 0.283152 -0.212752 0.653118 0.695313 -0.299961 0.148296 -0.0202335 0.411998 0.91096 0.965787
13 27 175 0.77856 0.371039 -0.506136 0.272198 -0.187352 -0.632305 -0.751724 0.404605 -0.598952 0.680088 -0.422773 0.873042
13 28 121 0.99054 0.0218815 0.135471 0.00617717 0.0142526 0.965462 -0.260156 0.589523 -0.136485 0.259625 0.956016 -0.807728
13 29 38 -0.879535 -0.469807 -0.0754994 0.194369 0.473429 -0.879937 -0.0397003 -0.120932 -0.0477832 -0.0706614 0.996355 -0.973446
14 15 1005 0.973722 0.0563697 0.220654 -0.847339 -0.0482261 0.997948 -0.0421254 -0.114368 -0.222576 0.0303772 0.974442 -0.51859
14 16 491 0.943172 0.0755669 0.323598 -0.863423 -0.0629378 0.996797 -0.0493319 -0.118279 -0.326289 0.026162 0.944908 -0.490419
14 17 224 0.878928 0.114941 0.462897 -0.997793 -0.109052 0.993248 -0.0395684 -0.0185955 -0.46432 -0.0157023 0.885528 -0.0637434
14 18 156 0.624651 0.206285 0.753165 -0.952492 -0.15557 0.978018 -0.138845 0.0668036 -0.765251 -0.0304402 0.643012 0.297148
14 19 161 0.40311 0.234121 0.884697 -0.866324 -0.160064 0.969858 -0.183724 0.096098 -0.901045 -0.0675474 0.428434 0.49015
14 20 49 0.983214 -0.0522064 0.174827 -0.268297 0.0629273 0.996426 -0.056348 0.112287 -0.17126 0.0664035 0.982986 0.95677
14 21 34 0.989602 0.00433568 0.143764 0.366316 -0.00218357 0.999883 -0.0151242 0.259423 -0.143813 0.014653 0.989496 0.893595
