0 1 1093 0.753143 -0.103085 -0.64973 0.320227 0.094698 0.994349 -0.0479916 0.161315 0.651005 -0.0253836 0.758649 0.933505
0 2 1185 0.835839 -0.093167 -0.541011 0.532014 0.100993 0.99477 -0.015279 0.184825 0.539605 -0.0418673 0.840877 0.826317
0 3 1801 0.955855 -0.0514294 -0.289302 0.688264 0.0527862 0.998601 -0.00311581 0.1483 0.289058 -0.0122929 0.957233 0.710141
0 4 2146 0.987731 -0.0298037 -0.153297 0.647389 0.0257497 0.999266 -0.0283638 0.132193 0.15403 0.0240684 0.987773 0.750608
0 5 1877 0.999792 0.00264431 -0.0202185 0.472642 -0.0028818 0.999927 -0.0117261 0.143153 0.020186 0.0117819 0.999727 0.86955
0 6 2046 0.998632 0.0104664 0.0512279 0.41167 -0.0117218 0.999637 0.0242671 0.199272 -0.0509553 -0.0248344 0.998392 0.88928
0 7 745 0.909968 0.0742072 0.407984 0.495435 -0.0898392 0.99577 0.0192595 0.196342 -0.404829 -0.0541785 0.912786 0.846164
0 8 974 0.849194 0.0980945 0.51889 0.104635 -0.114264 0.99345 -0.000809028 0.197487 -0.515571 -0.0586034 0.85484 0.974705
0 9 1117 0.803943 0.11015 0.584417 -0.346123 -0.120688 0.992468 -0.0210369 0.194013 -0.582332 -0.0536196 0.811181 0.91791
0 10 1160 0.721771 0.126195 0.680531 -0.719445 -0.120082 0.991158 -0.0564379 0.125843 -0.681636 -0.0409843 0.730543 0.683054
0 11 1046 0.565232 0.156739 0.809905 -0.816848 -0.171108 0.982708 -0.0707653 0.107133 -0.806991 -0.0985822 0.582277 0.566818
0 12 887 0.451235 0.15562 0.878732 -0.787846 -0.193425 0.978325 -0.073932 0.107917 -0.871191 -0.136608 0.471555 0.606344
0 13 839 -0.00405678 0.180323 0.983599 -0.599899 -0.205512 0.962461 -0.177295 0.158306 -0.978646 -0.20286 0.0331539 0.784258
0 14 832 0.462111 0.0603483 0.884767 -0.612928 -0.0787032 0.996536 -0.0268655 0.124799 -0.883323 -0.0572191 0.46526 0.780221
0 15 437 -0.505898 -0.18309 0.842939 -0.455477 -0.308172 0.951085 0.0216281 0.0176283 -0.805666 -0.248828 -0.537575 0.890073
0 16 538 0.3889 -0.0993597 0.915906 -0.688115 -0.0883121 0.985569 0.144415 -0.0784141 -0.917038 -0.137048 0.374513 0.721352
0 17 150 0.989984 0.129561 0.0560893 0.390004 -0.137689 0.97385 0.180714 -0.0691825 -0.0312091 -0.186626 0.981935 -0.918211
0 18 278 -0.837056 0.546842 0.0173379 -0.24286 0.531245 0.819942 -0.213248 0.184311 -0.130829 -0.16929 -0.976844 0.952391
0 19 470 0.808478 -0.149953 -0.569102 0.507788 0.186356 0.982465 0.00587037 0.0255256 0.558242 -0.110801 0.822246 0.861104
0 20 392 -0.716138 -0.282237 0.638348 -0.391312 -0.369978 0.929031 -0.00430516 -0.0159907 -0.59183 -0.239258 -0.769736 0.920119
0 21 376 -0.760258 0.217399 0.612165 -0.449335 0.350562 0.93065 0.104865 -0.00789011 -0.546914 0.294326 -0.783746 0.893329
0 22 513 -0.618073 0.102818 0.779368 -0.444551 0.300547 0.947 0.113414 -0.0458475 -0.7264 0.304335 -0.616216 0.89458
0 23 317 -0.593602 0.278024 0.755208 -0.416168 0.452941 0.891102 0.0279643 0.020564 -0.665192 0.358664 -0.654888 0.909055
0 24 151 0.917938 -0.288891 -0.271905 -0.0887056 0.299467 0.954103 -0.00272156 -0.00163801 0.260212 -0.0789283 0.96232 -0.996057
0 25 156 0.979591 0.128486 -0.154576 0.280379 -0.11555 0.989218 0.0899799 -0.202495 0.16447 -0.0702821 0.983875 -0.938287
0 26 326 0.952899 -0.273678 -0.130706 0.929178 0.280871 0.958918 0.0398423 -0.0104822 0.114432 -0.0746773 0.99062 -0.369483
0 27 561 0.910454 0.0231942 -0.412958 0.884757 -0.00530785 0.998999 0.0444074 -0.150864 0.413575 -0.038239 0.909667 -0.440959
0 28 757 0.216002 -0.173538 -0.960847 0.203808 0.207411 0.969774 -0.128523 0.14309 0.954109 -0.171529 0.245467 0.968498
0 29 1262 0.882918 -0.0829577 -0.46214 0.629822 0.093588 0.995611 7.99768e-05 0.134265 0.460105 -0.0433214 0.886807 0.765047
1 2 2076 0.964975 0.0230814 0.261323 -0.989118 -0.0321795 0.999014 0.0305896 -0.0345968 -0.260359 -0.0379275 0.964767 -0.143001
1 3 1828 0.867486 0.0621884 0.493559 -0.969975 -0.0727301 0.997349 0.00216548 -0.0643178 -0.492116 -0.0377751 0.86971 -0.234546
1 4 1465 0.797102 0.0818192 0.598276 -0.998989 -0.0698659 0.99662 -0.0432116 0.00546524 -0.59979 -0.00735503 0.800124 -0.044629
1 5 1217 0.70781 0.115421 0.69691 -0.956269 -0.10122 0.992952 -0.0616475 0.0773641 -0.699113 -0.0269066 0.714504 0.282072
1 6 1068 0.634447 0.0936584 0.767271 -0.978288 -0.133527 0.990989 -0.0105554 -0.0117395 -0.761346 -0.0957544 0.641236 0.206917
1 7 429 0.502205 0.164525 0.848953 -0.96911 -0.184656 0.979494 -0.0805891 0.098062 -0.844803 -0.116292 0.522287 0.226297
1 8 265 0.982061 -0.156091 -0.10579 0.925951 0.153976 0.98768 -0.0279249 0.150863 0.108846 0.0111347 0.993996 0.346201
1 9 356 -0.144236 -0.207612 0.967519 -0.796043 0.233336 0.943036 0.237144 -0.179303 -0.961639 0.259962 -0.0875765 0.578072
1 10 352 -0.64728 -0.116544 0.75329 -0.436484 0.215657 0.919867 0.327623 -0.221524 -0.731109 0.374516 -0.570278 0.872014
1 11 268 0.79866 -0.00171102 0.60178 -0.993198 0.00558063 0.999974 -0.00456322 0.0189834 -0.601756 0.00700277 0.798649 0.114876
1 12 360 0.301357 0.00391386 0.953503 -0.906668 0.0849496 0.995905 -0.0309364 0.0696372 -0.94972 0.0903227 0.29979 0.416057
1 13 238 0.939841 0.13191 0.315117 -0.707987 -0.123227 0.991245 -0.0474134 0.0442129 -0.318613 0.00572994 0.947868 0.704841
1 14 107 0.961619 -0.125825 -0.243838 -0.459541 0.145162 0.987403 0.062956 0.0885532 0.232845 -0.0959357 0.967771 0.883731
1 15 199 0.997914 -0.0410103 0.0498545 -0.957075 0.0379329 0.997406 0.0611805 0.0408347 -0.0522342 -0.0591618 0.996881 0.286951
1 16 261 0.996129 -0.00998507 -0.087329 0.935978 0.0116947 0.999749 0.0190873 0.0113559 0.0871166 -0.0200347 0.995997 -0.351874
1 17 251 0.999289 0.0362767 -0.0102591 0.929836 -0.0352686 0.99571 0.0855439 -0.13751 0.0133183 -0.0851212 0.996282 -0.341315
1 18 383 0.744396 0.0125866 0.667619 -0.827768 -0.0419416 0.998729 0.027936 0.00490689 -0.666419 -0.0487964 0.743979 0.561049
1 19 352 -0.19071 0.1426 -0.971234 0.583085 -0.156668 0.97229 0.173518 -0.117353 0.969064 0.185252 -0.163085 0.803891
1 20 321 0.177899 0.121749 0.976488 -0.831473 -0.140667 0.985272 -0.0972168 0.0716111 -0.973943 -0.120065 0.192405 0.550931
1 21 289 0.80613 -0.0633148 0.588341 -0.92779 0.0726173 0.997329 0.0078299 0.0344586 -0.587266 0.0364119 0.808575 0.371509
1 22 254 -0.882381 -0.151987 -0.445314 0.203717 0.0397555 0.918932 -0.392408 0.222924 0.468854 -0.363957 -0.804805 0.953312
1 23 298 0.895684 -0.0713339 0.438932 -0.972459 0.0886604 0.995879 -0.0190731 0.00408573 -0.435763 0.0559994 0.898318 -0.23304
1 24 237 0.968074 0.240264 0.0714526 -0.970424 -0.234829 0.969001 -0.0767607 0.222074 -0.0876805 0.0575309 0.994486 -0.0946543
1 25 446 0.716262 0.0682883 0.694483 -0.973795 -0.0556225 0.997621 -0.040729 0.0783537 -0.695612 -0.00945621 0.718356 0.213506
1 26 610 0.598367 -0.150165 -0.787024 0.941447 0.220663 0.975178 -0.0182969 0.0694448 0.770237 -0.162719 0.616651 0.329932
1 27 816 0.732803 -0.142487 -0.665355 0.973686 0.178359 0.983862 -0.0142554 0.056781 0.656648 -0.108226 0.746391 0.220708
1 28 1229 0.83733 -0.1198 -0.53341 0.999943 0.12608 0.99171 -0.0248148 0.00988014 0.531961 -0.046474 0.845493 0.00411105
1 29 510 0.950436 0.0339995 0.309054 -0.807198 -0.0398586 0.999125 0.012662 0.131851 -0.308354 -0.0243529 0.95096 0.575367
2 3 2527 0.968746 0.0494855 0.243067 -0.782781 -0.0464735 0.998755 -0.0181136 -0.129572 -0.243661 0.00625124 0.96984 -0.608658
2 4 1864 0.926683 0.0741401 0.368459 -0.97967 -0.0558772 0.996633 -0.060007 -0.0160698 -0.371667 0.035019 0.927705 -0.19997
2 5 1495 0.876413 0.106991 0.469524 -0.965954 -0.0883966 0.994182 -0.061545 0.0480924 -0.473378 0.0124345 0.880772 0.254206
2 6 1313 0.823854 0.112123 0.555601 -0.993657 -0.112974 0.993054 -0.0328838 0.0245768 -0.555429 -0.0356768 0.830799 0.109736
2 7 578 0.5313 0.168185 0.830322 -0.926464 -0.178193 0.980356 -0.0845541 0.0804233 -0.828232 -0.103034 0.550832 0.367691
2 8 494 0.327559 0.14966 0.932902 -0.888412 -0.246178 0.96679 -0.0686582 -0.0213183 -0.912196 -0.207171 0.353524 0.458552
2 9 414 0.841561 0.0607193 -0.536739 0.961764 -0.108242 0.992464 -0.0574407 0.0332969 0.529206 0.106437 0.841791 0.271848
2 10 300 0.876485 0.128197 0.464047 -0.723962 -0.116019 0.991732 -0.0548401 -0.0938599 -0.46724 -0.00577182 0.884112 0.683424
2 11 377 0.795881 0.0136959 0.605298 -0.995707 0.00921575 0.999354 -0.0347296 0.0727349 -0.605383 0.0332189 0.795241 -0.0572483
2 12 231 0.993333 0.114112 -0.0163511 0.987412 -0.114328 0.993359 -0.0129514 -0.0180153 0.0147646 0.0147345 0.999782 0.157142
2 13 434 0.196478 0.0177782 0.980347 -0.827669 0.0376509 0.998961 -0.0256616 0.0373286 -0.979785 0.0419528 0.195604 0.559974
2 14 407 -0.633134 0.254124 0.731137 -0.416697 0.0731801 0.959992 -0.270297 0.21326 -0.770575 -0.11763 -0.6264 0.883676
2 15 204 0.880036 0.411131 0.237713 -0.887516 -0.405158 0.911096 -0.0758316 0.219739 -0.247756 -0.0295767 0.968371 0.405006
2 16 385 -0.633239 0.109605 0.766156 -0.445693 0.194364 0.980719 0.0203449 0.0101896 -0.749154 0.161796 -0.642332 0.895128
2 17 296 0.886842 0.230172 0.400664 -0.697296 -0.227307 0.972246 -0.0554043 0.133213 -0.402296 -0.0419388 0.914549 0.704296
2 18 326 0.973099 -0.0325786 -0.228071 0.768337 0.0294976 0.999422 -0.0169056 0.06075 0.228489 0.00972331 0.973498 0.637156
2 19 298 0.889529 -0.112558 -0.442796 0.874301 0.0850074 0.993029 -0.0816553 0.115672 0.4489 0.0349939 0.892897 0.471401
2 20 252 -0.759199 -0.199435 -0.61955 0.281382 -0.14255 0.979736 -0.1407 0.0921314 0.635056 -0.0185024 -0.772244 0.955163
2 21 231 0.906651 -0.0471991 -0.419232 0.777425 0.0439181 0.998882 -0.0174793 0.0454943 0.419589 -0.0025643 0.907711 0.627328
2 22 203 -0.886706 -0.25611 -0.384915 0.259917 -0.179018 0.957797 -0.224895 0.157812 0.426269 -0.130509 -0.895133 0.952648
2 23 233 0.660031 -0.0145524 -0.751097 0.917275 -0.0509986 0.996638 -0.0641251 0.0587202 0.749505 0.0806295 0.65707 -0.393902
2 24 244 0.930771 0.0658574 -0.359621 0.690146 -0.0889157 0.994885 -0.0479385 0.0671076 0.354625 0.0765958 0.931866 -0.720552
2 25 327 0.98033 0.034818 0.194271 -0.991846 -0.0282725 0.998939 -0.0363653 0.0409969 -0.195331 0.0301575 0.980274 -0.120667
2 26 258 0.99999 -0.00260244 -0.00369377 -0.93306 0.00266971 0.999829 0.0183247 -0.073845 0.00364545 -0.0183344 0.999825 -0.352058
2 27 684 0.513554 -0.191286 -0.836464 0.903802 0.189872 0.976002 -0.106623 0.114396 0.836786 -0.104064 0.53755 0.412378
2 28 872 0.65829 -0.166402 -0.734142 0.950416 0.134224 0.98558 -0.103038 0.0902685 0.740701 -0.0307106 0.671132 0.297594
2 29 2225 0.998493 0.0132278 0.053263 0.971736 -0.0124484 0.999811 -0.0149376 0.048542 -0.0534505 0.0142521 0.998469 0.231025
3 4 3702 0.990274 0.0237279 0.137093 -0.993988 -0.0186222 0.999089 -0.0384061 0.0475401 -0.137879 0.0354796 0.989813 0.098634
3 5 2834 0.963015 0.0581345 0.263103 -0.875976 -0.0510136 0.998125 -0.0338221 0.0915936 -0.264576 0.0191494 0.964175 0.473578
3 6 2474 0.940043 0.0633562 0.33512 -0.970337 -0.0681757 0.99767 0.00262423 0.0531834 -0.334173 -0.0253139 0.942172 0.235832
3 7 1125 0.760779 0.127647 0.636335 -0.922432 -0.14209 0.98944 -0.0286011 0.0991126 -0.633266 -0.0686576 0.770883 0.373224
3 8 947 0.673799 0.143066 0.724933 -0.926077 -0.153228 0.986805 -0.0523259 0.0815766 -0.722853 -0.075823 0.686829 0.36841
3 9 870 0.578167 0.15676 0.800718 -0.936143 -0.202773 0.978187 -0.0450892 0.0167261 -0.79032 -0.136295 0.597342 0.351221
3 10 795 0.455595 0.161609 0.875395 -0.910118 -0.174116 0.980566 -0.0904069 0.0421002 -0.872993 -0.111231 0.47488 0.412205
3 11 736 0.30482 0.184218 0.934424 -0.870524 -0.216928 0.968756 -0.120222 0.0810239 -0.927376 -0.166056 0.335258 0.48541
3 12 625 0.179865 0.190577 0.965054 -0.804627 -0.190523 0.969226 -0.155892 0.125358 -0.965065 -0.155825 0.210639 0.580398
3 13 649 -0.2689 0.173645 0.947386 -0.574675 -0.198788 0.952431 -0.230993 0.153876 -0.942431 -0.250443 -0.22159 0.803786
3 14 601 -0.575932 0.197125 0.793375 -0.417071 -0.182218 0.915122 -0.359651 0.246118 -0.796931 -0.351702 -0.491128 0.874916
3 15 387 0.74364 0.395956 0.53872 -0.954484 -0.408687 0.906909 -0.102428 0.286072 -0.529126 -0.143999 0.836235 -0.0843925
3 16 401 -0.751011 0.0240986 0.659849 -0.309339 -0.0790905 0.988856 -0.126132 0.051994 -0.655535 -0.146914 -0.740736 0.949529
3 17 443 0.476238 -0.0968576 0.873965 -0.853527 0.165842 0.985971 0.0189009 0.0684454 -0.863535 0.135938 0.48562 0.516533
3 18 215 0.979784 0.182971 -0.080903 0.587988 -0.183992 0.982914 -0.00527976 0.069937 0.0785546 0.0200585 0.996708 0.80584
3 19 417 0.864751 0.0629789 -0.498236 0.898957 -0.0881287 0.995741 -0.0270931 0.0503172 0.494407 0.0673377 0.866618 0.435137
3 20 177 0.983025 -0.0920859 0.158685 -0.995647 0.085211 0.995127 0.0496109 -0.01745 -0.162481 -0.0352471 0.986082 0.0915587
3 21 325 0.32149 0.105354 -0.941034 0.748309 -0.3881 0.921146 -0.0294608 -0.0184187 0.863726 0.374686 0.337028 0.663094
3 22 187 -0.936853 0.293577 -0.19005 0.304693 0.306444 0.950979 -0.0416118 0.015777 0.168517 -0.097224 -0.980892 0.95232
3 23 90 -0.942468 0.0103843 -0.334135 0.356563 0.0214396 -0.995582 -0.0914139 0.0136023 -0.333608 -0.0933184 0.938082 -0.934172
3 24 162 0.799814 -0.485518 -0.352944 0.246148 0.502884 0.863041 -0.0476248 0.169963 0.327728 -0.139399 0.934432 0.954214
3 25 367 0.874952 0.080751 0.477429 -0.948491 -0.0991169 0.994986 0.0133557 0.0714449 -0.473957 -0.0590069 0.878569 0.308644
3 26 376 0.994244 0.0871435 0.0623312 -0.932868 -0.0910623 0.993846 0.063064 -0.0260868 -0.056452 -0.068377 0.996061 -0.359273
3 27 754 0.309961 -0.205648 -0.928242 0.810911 0.205467 0.967744 -0.145789 0.162805 0.928282 -0.145534 0.342217 0.562066
3 28 1015 0.473402 -0.181916 -0.861857 0.847913 0.161254 0.979805 -0.118238 0.107317 0.865961 -0.0830035 0.493176 0.51916
3 29 2569 0.981137 -0.0351621 -0.190089 0.844081 0.0346122 0.999382 -0.0062132 0.112601 0.19019 -0.000483396 0.981747 0.524259
4 5 3706 0.991316 0.0299123 0.128052 -0.747543 -0.0313088 0.99947 0.00890607 0.0979306 -0.127718 -0.0128379 0.991727 0.656954
4 6 3152 0.978254 0.0333367 0.204714 -0.979813 -0.0440294 0.997881 0.0479002 0.0258105 -0.202683 -0.055872 0.977649 0.198245
4 7 1629 0.844586 0.0913716 0.527566 -0.961948 -0.127235 0.991356 0.0319942 0.0451623 -0.520083 -0.0941468 0.848911 0.269474
4 8 1306 0.763093 0.102544 0.638102 -0.962474 -0.131722 0.991285 -0.00177705 0.0630112 -0.632723 -0.0826959 0.76995 0.263956
4 9 1149 0.69415 0.113987 0.710748 -0.96553 -0.141832 0.989685 -0.0202024 0.0515542 -0.705719 -0.0867833 0.703156 0.255135
4 10 1046 0.588501 0.123199 0.799055 -0.948235 -0.146015 0.988266 -0.0448322 0.0359056 -0.795202 -0.0902902 0.599584 0.315532
4 11 908 0.43615 0.151669 0.887001 -0.905308 -0.183071 0.980036 -0.0775586 0.0854177 -0.881055 -0.128557 0.455208 0.416078
4 12 778 0.300383 0.139828 0.943514 -0.851125 -0.202731 0.975954 -0.0800925 0.0908464 -0.932025 -0.167221 0.321507 0.517043
4 13 863 -0.0401776 0.159644 0.986357 -0.663565 -0.185483 0.968805 -0.164358 0.150027 -0.981826 -0.189556 -0.00931304 0.732922
4 14 376 0.889844 0.232787 0.392413 0.970906 -0.270856 0.961625 0.0437442 -0.177926 -0.367172 -0.145213 0.918748 -0.16026
4 15 462 0.745905 0.0280642 0.665461 -0.912178 -0.0422907 0.999091 0.00526881 0.0561388 -0.664709 -0.0320729 0.746414 0.405932
4 16 532 0.612644 -0.0518342 0.788658 -0.878074 0.0294378 0.998651 0.0427681 0.00324953 -0.789811 -0.00298521 0.613343 0.478514
4 17 312 -0.931563 0.109504 0.346698 -0.272891 0.0598146 0.986732 -0.150939 0.0883287 -0.358626 -0.119871 -0.925753 0.957981
4 18 199 0.982877 -0.0969944 -0.156668 0.380481 0.102878 0.994245 0.0298704 0.055813 0.152869 -0.0454765 0.9872 0.923103
4 19 338 0.984365 0.0270076 -0.174057 0.262815 -0.0221015 0.999304 0.0300641 -0.010232 0.174748 -0.0257471 0.984277 0.964792
4 20 376 0.772754 -0.092161 0.627979 -0.976398 0.0605027 0.995592 0.0716602 -0.0595161 -0.631815 -0.0173813 0.774924 0.207618
4 21 301 0.893279 0.23456 -0.383451 0.982545 -0.20696 0.971874 0.112372 -0.046824 0.399024 -0.0210203 0.916699 0.180034
4 22 264 -0.977347 0.155477 -0.143593 0.259297 0.14694 0.986783 0.0683228 -0.0343438 0.152318 0.0456755 -0.987276 0.965187
4 23 230 0.951826 -0.0337515 0.304776 -0.975511 0.0384017 0.999219 -0.00927418 0.0147313 -0.304225 0.0205313 0.952379 0.219458
4 24 280 -0.719507 -0.248142 -0.64864 0.340444 -0.186796 0.968717 -0.163386 0.145423 0.668892 0.00360644 -0.743351 0.928951
4 25 164 0.978153 -0.00434168 -0.207842 -0.0580703 0.0187027 0.997565 0.067181 0.0919479 0.207044 -0.0696005 0.975853 0.994069
4 26 373 0.91069 0.0711367 -0.40692 0.925299 -0.0417765 0.995871 0.0805993 0.00695995 0.410974 -0.0564012 0.909901 0.379174
4 27 805 0.254579 -0.174575 -0.951164 0.773613 0.231647 0.965944 -0.115287 0.134316 0.938898 -0.190985 0.286348 0.619259
4 28 1074 0.330992 -0.15814 -0.930288 0.758305 0.159104 0.981096 -0.110169 0.130549 0.930124 -0.111548 0.349895 0.638694
4 29 2200 0.94558 -0.0470884 -0.321965 0.903953 0.057802 0.998045 0.0237916 0.0743382 0.320216 -0.0411071 0.946452 0.421121
5 6 3670 0.996886 0.00456331 0.0787286 -0.854131 -0.00777879 0.999146 0.0405844 -0.112404 -0.0784762 -0.0410704 0.99607 -0.507765
5 7 2047 0.902893 0.0686142 0.424354 -0.975141 -0.0903654 0.995416 0.0313195 -0.0438548 -0.42026 -0.0666251 0.904954 -0.2172
5 8 1663 0.838853 0.0859175 0.537534 -0.996604 -0.108883 0.993993 0.0110425 -0.0272808 -0.533357 -0.0677915 0.84317 -0.0776927
5 9 1416 0.781486 0.0972491 0.616298 -0.999808 -0.113873 0.993418 -0.0123626 -0.00187156 -0.613444 -0.0605184 0.787416 -0.0195118
5 10 1300 0.690002 0.11251 0.715009 -0.994416 -0.117236 0.992173 -0.0429875 0.0086676 -0.71425 -0.0541635 0.697792 0.105177
5 11 1165 0.55342 0.147671 0.819707 -0.96344 -0.157076 0.985002 -0.0714003 0.0661677 -0.817957 -0.0892419 0.568315 0.259626
5 12 989 0.413436 0.146205 0.898718 -0.91563 -0.171847 0.981815 -0.0806692 0.0821051 -0.89417 -0.12109 0.431043 0.393548
5 13 954 0.133834 0.176681 0.975127 -0.806436 -0.21632 0.965459 -0.14524 0.125318 -0.967106 -0.191501 0.16743 0.57789
5 14 786 0.883626 0.199954 -0.423348 0.976714 -0.160501 0.978793 0.127298 -0.12078 0.439824 -0.0445358 0.896979 0.177321
5 15 474 0.987545 0.117481 -0.104657 0.973717 -0.111779 0.991992 0.0588017 -0.11595 0.110727 -0.046371 0.992769 -0.196036
5 16 457 -0.766173 -0.0700528 0.638805 -0.408063 -0.158879 0.983831 -0.0826683 0.0224038 -0.622685 -0.164831 -0.764915 0.912679
5 17 515 -0.518553 0.0325797 0.854424 -0.521945 0.00515104 0.999375 -0.0349806 0.0504684 -0.85503 -0.0137381 -0.518397 0.851485
5 18 463 0.734699 -0.0130046 -0.678268 0.704252 0.0335622 0.999289 0.0171949 0.0281779 0.677562 -0.0353972 0.734613 0.709391
5 19 253 0.997196 0.0496061 -0.0560241 0.30567 -0.0504627 0.998628 -0.0139794 -0.0533692 0.0552537 0.0167673 0.998332 0.950641
5 20 375 0.91596 0.108127 0.386426 -0.996942 -0.124615 0.992046 0.0177922 0.00336598 -0.381429 -0.0644516 0.922149 0.0780675
5 21 439 0.391441 0.0202736 0.91998 -0.823061 -0.131534 0.990724 0.0341335 -0.00102913 -0.910754 -0.13437 0.390476 0.567952
5 22 164 0.865791 0.326905 0.378866 -0.397694 -0.303644 0.945006 -0.121509 0.103612 -0.397753 -0.00983876 0.91744 -0.911649
5 23 162 0.972838 -0.0877222 -0.214222 0.45519 0.0947294 0.995245 0.0226458 0.049267 0.211217 -0.0423238 0.976522 -0.88903
5 24 252 0.989296 -0.0358732 0.141447 -0.995374 0.0350867 0.999352 0.00805091 -0.00983899 -0.141644 -0.0030018 0.989913 -0.0955688
5 25 271 0.966476 0.166362 -0.19557 0.86655 -0.15391 0.985054 0.0773368 -0.13971 0.205513 -0.0446439 0.977636 -0.479136
5 26 469 0.872023 -0.468786 0.140768 -0.974909 0.46732 0.882923 0.0453803 -0.1739 -0.145561 0.026211 0.989002 0.138963
5 27 463 0.87048 0.044545 -0.490185 0.849239 -0.0213207 0.998374 0.0528644 0.0295609 0.491743 -0.0355663 0.870014 0.527181
5 28 944 0.246507 -0.170813 -0.953969 0.788654 0.183418 0.974778 -0.127143 0.104966 0.951626 -0.143634 0.271619 0.605811
5 29 2095 0.892943 -0.0775657 -0.443438 0.977294 0.0889248 0.996027 0.0048424 0.0386355 0.4413 -0.0437566 0.896292 0.208338
6 7 2141 0.936007 0.0791324 0.34297 -0.958024 -0.0831762 0.996531 -0.00292844 -0.048212 -0.342012 -0.0257859 0.939342 -0.282606
6 8 1665 0.878111 0.1007 0.46774 -0.995896 -0.10145 0.994559 -0.0236625 -0.0227822 -0.467578 -0.0266737 0.883549 -0.0875926
6 9 1344 0.829379 0.116779 0.546346 -0.998623 -0.113175 0.992754 -0.0403915 -0.0171884 -0.547104 -0.0283329 0.836585 -0.0495688
6 10 1260 0.743683 0.136138 0.654524 -0.996017 -0.113861 0.990535 -0.076656 0.00998168 -0.658765 -0.0175171 0.752145 0.0885989
6 11 1111 0.61563 0.176038 0.768121 -0.966651 -0.157097 0.98258 -0.0992787 0.0645435 -0.772218 -0.0595506 0.632561 0.247831
6 12 951 0.491717 0.180023 0.851943 -0.923802 -0.171932 0.979206 -0.107681 0.0821283 -0.853612 -0.0935272 0.512444 0.373958
6 13 828 0.146977 0.235471 0.960704 -0.76202 -0.163503 0.963674 -0.211185 0.174344 -0.975533 -0.126039 0.180138 0.623642
6 14 581 0.960054 0.279551 0.0121373 0.90655 -0.27977 0.958231 0.0593434 -0.218426 0.00495912 -0.0603685 0.998164 -0.36119
6 15 396 0.913641 0.159103 0.374093 -0.927864 -0.156941 0.986935 -0.0364519 0.148681 -0.375005 -0.0254066 0.926674 0.341999
6 16 332 0.988715 0.122816 -0.0857846 0.895148 -0.12692 0.990931 -0.0441219 -0.0548031 0.0795877 0.0545118 0.995336 -0.442388
6 17 174 0.988791 -0.149056 -0.00861678 -0.395061 0.149147 0.988754 0.0110115 0.0443307 0.00687853 -0.0121733 0.999902 0.917585
6 18 194 0.914043 0.0408618 -0.403553 0.00461444 -0.051077 0.998588 -0.0145767 0.084047 0.402388 0.033936 0.91484 0.996451
6 19 496 0.351867 -0.139027 -0.925668 0.655295 -0.190851 0.95748 -0.216352 0.141815 0.916387 0.252792 0.310372 0.741942
6 20 247 0.997727 0.0532812 0.041259 0.565616 -0.0523547 0.998359 -0.0232203 -0.0752764 -0.0424285 0.0210074 0.998879 0.821226
6 21 206 0.984506 0.0379058 0.171208 -0.934625 -0.0368526 0.999277 -0.00932721 0.133757 -0.171437 0.00287325 0.985191 -0.329522
6 22 374 0.978822 0.000633115 -0.204713 0.972999 0.0013772 0.999952 0.00967753 0.0476859 0.204709 -0.00975451 0.978774 -0.225829
6 23 319 0.841143 0.107284 -0.530064 0.990534 -0.112483 0.993397 0.0225658 -0.0969342 0.528985 0.0406421 0.847657 0.0971905
6 24 91 0.895881 -0.0425385 -0.442253 0.0129337 0.0347056 0.999065 -0.0257922 0.0321926 0.442937 0.00775808 0.896519 0.999398
6 25 334 0.949492 -0.0183163 -0.313257 0.992597 0.0248974 0.999545 0.0170209 0.0668476 0.312802 -0.0239605 0.949516 -0.101407
6 26 530 0.830297 -0.0389702 0.555957 -0.966963 0.0270662 0.999195 0.0296171 -0.00895536 -0.556663 -0.00954334 0.830683 0.254759
6 27 435 0.85389 -0.197164 -0.481661 0.958357 0.196657 0.979085 -0.0521465 0.0505371 0.481869 -0.0501944 0.874805 0.281066
6 28 858 0.135342 -0.201776 -0.970036 0.661813 0.194118 0.96547 -0.173743 0.102795 0.971597 -0.164787 0.169837 0.742588
6 29 1557 0.856362 -0.102146 -0.506172 0.922217 0.093532 0.994709 -0.042492 0.07169 0.507834 -0.0109547 0.861385 0.379968
7 8 3027 0.990792 0.0261725 0.132843 -0.998825 -0.0244532 0.999595 -0.0145571 -0.0151966 -0.13317 0.0111746 0.99103 -0.0460101
7 9 2517 0.973255 0.0462243 0.225029 -0.99885 -0.0410414 0.998775 -0.0276579 -0.012929 -0.226032 0.0176826 0.973959 -0.0461773
7 10 1984 0.934565 0.0723484 0.348358 -0.996099 -0.0534203 0.996541 -0.0636511 0.0200302 -0.351758 0.0408767 0.935198 0.0859431
7 11 1597 0.855239 0.122008 0.503667 -0.966094 -0.102305 0.992514 -0.0667105 0.0670792 -0.508036 0.00552601 0.861318 0.249326
7 12 1374 0.769819 0.136113 0.62358 -0.923574 -0.118573 0.990488 -0.0698199 0.0848259 -0.627151 -0.0201911 0.778636 0.373919
7 13 1214 0.501699 0.200956 0.841377 -0.769261 -0.154142 0.977844 -0.141638 0.149972 -0.851198 -0.0586318 0.521559 0.621084
7 14 850 0.851063 0.195507 0.487308 -0.984525 -0.207532 0.977773 -0.0298361 0.144323 -0.48231 -0.0757395 0.87272 0.0994018
7 15 644 -0.388779 0.110022 0.914738 -0.343359 0.0142065 0.993442 -0.11345 0.058859 -0.921221 -0.0311118 -0.387793 0.937358
7 16 385 0.999971 0.00617768 -0.00436148 -0.864607 -0.0062083 0.999956 -0.00704212 0.00447107 0.00431778 0.00706899 0.999966 -0.502428
7 17 381 0.961431 0.273025 0.0332794 -0.402505 -0.275045 0.954687 0.113678 -0.0196057 -0.000734383 -0.118447 0.99296 0.915208
7 18 470 -0.356947 0.0212943 0.933882 -0.389789 -0.042068 0.998359 -0.0388437 0.0172289 -0.933177 -0.0531517 -0.355466 0.920743
7 19 515 0.396725 -0.0227066 0.917656 -0.744303 -0.0959218 0.993195 0.066045 -0.0367519 -0.912912 -0.114225 0.391848 0.66683
7 20 233 0.999469 0.0223342 0.0237102 -0.703972 -0.0223415 0.99975 4.5505e-05 0.0543895 -0.0237033 -0.000575203 0.999719 -0.708142
7 21 441 0.845112 -0.0906531 0.526847 -0.884619 0.0786349 0.995877 0.0452202 -0.06638 -0.528775 0.00321248 0.848756 0.461566
7 22 237 0.999726 -0.0144504 -0.0184115 0.249463 0.0136887 0.999072 -0.0408425 0.184133 0.0189846 0.0405793 0.998996 0.950717
7 23 175 0.921767 0.327735 0.20721 -0.470023 -0.311148 0.944081 -0.109077 -0.0109136 -0.231371 0.0360708 0.972197 -0.882586
7 24 424 -0.456192 -0.0495218 0.888503 -0.486695 -0.150992 0.98828 -0.0224423 -0.000502256 -0.876978 -0.144395 -0.458323 0.873572
7 25 353 0.931845 0.258506 -0.254638 0.990959 -0.262201 0.964807 0.0199388 -0.100081 0.250831 0.0481865 0.966831 -0.0893553
7 26 152 0.946757 0.0776333 -0.312448 -0.1914 -0.071574 0.996959 0.0308339 0.0491392 0.313891 -0.0068291 0.949434 0.980281
7 27 317 0.893982 -0.00464656 -0.44808 0.330374 0.0212677 0.999259 0.0320697 0.0177469 0.447599 -0.0381993 0.893418 0.943683
7 28 181 0.945363 -0.0109786 -0.325835 -0.129459 -0.018418 0.996038 -0.0869973 0.0346101 0.3255 0.0882453 0.941415 0.990981
7 29 1104 0.555244 -0.266734 -0.787755 0.800466 0.171099 0.96355 -0.20566 0.240814 0.813898 -0.0205926 0.580643 0.548874
8 9 3433 0.995482 0.0191021 0.0930139 -0.984132 -0.0183608 0.999793 -0.00881852 -0.0517746 -0.0931631 0.00707087 0.995626 -0.169719
8 10 2607 0.973642 0.0439409 0.223808 -0.999384 -0.0360662 0.998582 -0.0391542 -0.00316251 -0.225211 0.0300503 0.973847 0.0349536
8 11 2017 0.919081 0.0900385 0.383644 -0.977438 -0.0877629 0.995865 -0.0234723 0.0285475 -0.384171 -0.0120968 0.923183 0.209283
8 12 1718 0.845259 0.104246 0.52409 -0.936579 -0.103492 0.994152 -0.0308325 0.0637379 -0.524239 -0.0281776 0.851105 0.344611
8 13 1408 0.632317 0.171468 0.755496 -0.819052 -0.155597 0.983436 -0.0929739 0.134066 -0.758923 -0.0587636 0.648523 0.557835
8 14 1242 0.690434 0.238654 0.682895 -0.845328 -0.254099 0.963869 -0.0799433 0.20702 -0.6773 -0.118327 0.726129 0.492507
8 15 893 0.512938 0.0681647 0.855715 -0.622781 -0.0710245 0.996794 -0.0368289 0.0175581 -0.855483 -0.0418858 0.516135 0.782199
8 16 828 0.566166 -0.113814 0.816396 -0.646392 0.0637529 0.993501 0.0942923 -0.0358314 -0.821822 -0.00133745 0.569742 0.762164
8 17 251 -0.281991 -0.870334 -0.403731 -0.396911 0.934497 -0.153878 -0.320993 0.038845 0.217245 -0.467803 0.856718 0.917035
8 18 485 0.941604 0.0218949 0.336009 -0.490514 -0.0198064 0.999757 -0.00964194 -0.0095447 -0.336138 0.00242376 0.94181 0.871381
8 19 410 0.938516 -0.210253 0.273826 -0.51949 0.198378 0.977573 0.0706895 -0.0319618 -0.282548 -0.012022 0.959178 0.853879
8 20 183 0.996353 0.0848669 0.00883439 -0.318371 -0.0852187 0.994937 0.0532793 -0.0222778 -0.00426801 -0.0538378 0.998541 0.947704
8 21 460 0.126577 0.111613 -0.985658 0.76847 -0.19601 0.976872 0.0854467 -0.0454538 0.972398 0.182383 0.145526 0.63827
8 22 516 0.418313 -0.0345429 0.907646 -0.7227 0.00618992 0.999362 0.0351806 -0.0604345 -0.908282 -0.00909828 0.41826 0.688515
8 23 478 0.133948 0.0236146 0.990707 -0.636593 0.114637 0.992635 -0.03916 0.00766955 -0.984335 0.118817 0.130255 0.771162
8 24 308 -0.871768 0.283796 0.399349 -0.121642 0.303888 0.952611 -0.0135922 -0.00425779 -0.384282 0.109508 -0.916698 0.992565
8 25 374 -0.77999 0.304728 -0.546586 0.382004 0.33235 0.941788 0.0507875 -0.0354132 0.530244 -0.142044 -0.835862 0.923482
8 26 407 -0.767013 0.0598604 0.638833 -0.279028 0.10306 0.994205 0.0305785 0.0082563 -0.633301 0.089292 -0.768737 0.960247
8 27 419 -0.680475 0.209175 0.702281 -0.203109 0.264748 0.963834 -0.0305511 0.0423775 -0.683273 0.165138 -0.711244 0.978239
8 28 288 0.813581 0.0643112 -0.577884 -0.0906661 -0.150732 0.983216 -0.102791 0.0399216 0.561574 0.170735 0.80962 0.995081
8 29 1011 0.46061 -0.209287 -0.862576 0.794792 0.146338 0.976411 -0.158764 0.176255 0.875456 -0.0530991 0.480372 0.580723
9 10 3011 0.990974 0.0237806 0.131926 -0.99636 -0.0206294 0.99947 -0.025202 -0.00732726 -0.132455 0.0222529 0.990939 0.0849279
9 11 2184 0.95237 0.0730826 0.296057 -0.968982 -0.0697068 0.997326 -0.0219569 0.0684869 -0.29687 0.000273967 0.954918 0.237453
9 12 1886 0.894897 0.0848901 0.438125 -0.931149 -0.0866117 0.996112 -0.0160947 0.0750669 -0.437788 -0.0235437 0.89877 0.356829
9 13 1460 0.678036 0.163627 0.716584 -0.800707 -0.140201 0.985798 -0.0924408 0.167756 -0.721533 -0.0377878 0.691348 0.575088
9 14 1136 0.718032 0.263289 0.64429 -0.845005 -0.285523 0.955639 -0.0723204 0.267978 -0.63475 -0.132031 0.761354 0.462768
9 15 609 -0.755425 -0.0791759 0.650434 -0.279731 -0.22173 0.964998 -0.140053 0.0679653 -0.616578 -0.25002 -0.746539 0.95767
9 16 863 0.694156 -0.135177 0.707018 -0.683877 0.157717 0.986904 0.033841 -0.0516104 -0.702334 0.0880178 0.706385 0.727769
9 17 334 -0.379916 -0.817759 -0.432359 -0.384975 0.907691 -0.239518 -0.34457 0.0466654 0.178217 -0.523356 0.833269 0.921747
9 18 624 0.688308 -0.191292 0.699742 -0.488997 0.162133 0.980771 0.108634 -0.00652338 -0.707068 0.0386772 0.706087 0.872261
9 19 183 0.999538 0.0295199 -0.00724883 0.400131 -0.028459 0.992601 0.118037 -0.0168716 0.0106796 -0.117776 0.992983 -0.916303
9 20 124 0.952261 -0.0930095 -0.290772 0.376104 0.113491 0.992052 0.0543472 -0.0199271 0.283406 -0.0847527 0.955248 -0.926363
9 21 316 -0.880041 -0.226036 -0.417655 0.118778 -0.182881 0.972941 -0.141209 0.0766783 0.438272 -0.0478888 -0.897566 0.989956
9 22 475 0.202504 -0.0976249 0.974403 -0.631939 -0.0899041 0.988963 0.117768 -0.0986541 -0.975146 -0.111451 0.191492 0.768714
9 23 224 0.984607 0.116294 0.130477 -0.429961 -0.110269 0.992514 -0.0525119 0.028659 -0.135607 0.037316 0.99006 0.902392
9 24 396 0.866935 -0.0127812 0.498257 -0.9229 0.00468154 0.999836 0.0175019 -0.0165889 -0.498399 -0.0128404 0.866852 0.384681
9 25 373 -0.991305 0.113632 0.0663526 0.0792842 0.110342 0.992569 -0.0513056 0.0478223 -0.0716894 -0.043538 -0.996476 0.995704
9 26 392 -0.703546 0.0470729 0.709089 -0.250878 0.0344406 0.99889 -0.0321399 0.0330335 -0.709815 0.0018096 -0.704386 0.967455
9 27 402 -0.779741 0.268026 0.565832 -0.186374 0.3552 0.933595 0.0472521 0.00638196 -0.515593 0.237828 -0.823166 0.982458
9 28 420 0.295524 0.0703194 0.952744 -0.279229 -0.0201644 -0.996606 0.0798113 0.0170574 0.955123 -0.0427976 -0.293103 0.960073
9 29 949 0.437189 -0.215349 -0.873207 0.761787 0.172103 0.973 -0.153793 0.17366 0.882749 -0.0830446 0.462447 0.624118
10 11 2735 0.984705 0.0442516 0.168518 -0.974211 -0.0477927 0.998712 0.0170132 0.0541359 -0.167548 -0.0248069 0.985552 0.219047
10 12 2116 0.946173 0.0542855 0.319075 -0.938186 -0.0641083 0.997735 0.0203557 0.0742773 -0.317247 -0.0397154 0.947511 0.338067
10 13 1498 0.813974 0.129618 0.566256 -0.838235 -0.136679 0.990156 -0.0301783 0.16482 -0.564594 -0.052831 0.823676 0.519804
10 14 1253 0.668283 0.152501 0.728108 -0.800191 -0.174223 0.983626 -0.0461101 0.185176 -0.723218 -0.0960388 0.68391 0.570442
10 15 591 0.892178 0.239349 0.383055 -0.535723 -0.245255 0.968857 -0.034156 0.0848136 -0.3793 -0.0634728 0.923094 0.840124
10 16 611 0.984578 -0.0629298 0.163236 -0.713291 0.063267 0.997992 0.00313722 -0.0209077 -0.163105 0.00723859 0.986582 0.700556
10 17 403 -0.27352 -0.81729 -0.507172 -0.385057 0.948356 -0.141078 -0.284109 0.0771988 0.160648 -0.558689 0.81367 0.919658
10 18 529 0.845917 -0.108615 -0.522138 0.434982 0.11751 0.99294 -0.0161718 0.0924314 0.520208 -0.0476765 0.852708 0.895683
10 19 550 0.395528 -0.051719 -0.916997 0.584073 0.0297508 0.998611 -0.0434897 0.0576452 0.917972 -0.01008 0.396517 0.809652
10 20 409 -0.383205 0.132266 -0.914144 0.441477 0.0953402 0.990072 0.103286 -0.0138863 0.91873 -0.0475751 -0.392011 0.897165
10 21 421 0.177242 0.136622 -0.974638 0.647569 0.00774426 0.990093 0.140196 -0.0557383 0.984137 -0.0323965 0.174428 0.759966
10 22 183 0.988427 0.110814 0.103596 -0.321078 -0.116816 0.991697 0.0537717 -0.0302112 -0.0967768 -0.065251 0.993165 -0.946571
10 23 303 0.995383 0.0189592 -0.0940902 0.985651 -0.0198049 0.999771 -0.0080626 -0.00879663 0.0939158 0.00988882 0.995531 -0.168564
10 24 336 0.961141 -0.187545 0.202569 -0.764626 0.184189 0.982251 0.0354674 -0.183647 -0.205625 0.00322171 0.978625 0.617755
10 25 307 0.716607 0.258122 0.647957 0.00107619 -0.27676 0.957966 -0.0755364 0.0754915 -0.640218 -0.125198 0.757922 0.997146
10 26 305 0.810071 0.0623803 0.583003 -0.202858 -0.0781534 0.996939 0.00192194 -0.0206048 -0.581099 -0.0471206 0.812467 0.978991
10 27 448 -0.648624 0.182116 0.738999 -0.297035 0.306299 0.951314 0.0344022 0.00914926 -0.696755 0.248669 -0.672827 0.954823
10 28 355 0.0932574 -0.103671 0.99023 -0.200002 0.359036 0.931149 0.0636729 0.00422652 -0.928653 0.34959 0.124058 0.979786
10 29 928 0.470521 -0.197703 -0.859956 0.775698 0.194455 0.973849 -0.117491 0.173299 0.860696 -0.111941 0.496661 0.606845
11 12 2877 0.987906 0.0134571 0.154471 -0.956548 -0.014903 0.999855 0.00820618 0.0638618 -0.154338 -0.010409 0.987963 0.284494
11 13 1692 0.868718 0.0778086 0.489157 -0.942877 -0.0807733 0.996618 -0.0150795 0.0460927 -0.488676 -0.0264109 0.872066 0.329936
11 14 951 0.941915 0.106667 0.318462 0.757917 -0.12359 0.991773 0.0333523 -0.186015 -0.312284 -0.0707736 0.947349 -0.625268
11 15 510 0.874127 0.22527 0.430297 -0.641112 -0.218074 0.973649 -0.0667202 0.0924417 -0.433989 -0.035515 0.900218 0.761859
11 16 816 -0.64481 -0.0181688 0.764127 -0.48286 -0.206827 0.966569 -0.151549 0.0521055 -0.735828 -0.255762 -0.627012 0.874146
11 17 557 0.0732564 0.906794 0.415161 -0.393855 0.850624 -0.274128 0.448656 -0.0439484 0.520646 0.320279 -0.791422 0.918121
11 18 235 0.991752 -0.00373199 -0.128115 -0.12113 0.0196566 0.99218 0.123262 0.019914 0.126653 -0.124763 0.98407 0.992437
11 19 564 0.625111 0.0423795 -0.779385 0.716316 0.0144033 0.997729 0.0658044 -0.0335212 0.780403 -0.0523608 0.62308 0.696971
11 20 353 -0.739678 0.214864 -0.637738 0.295922 0.278142 0.960539 0.00101867 0.0222928 0.612792 -0.176628 -0.770252 0.954952
11 21 342 0.743665 -0.106559 0.660006 -0.391599 0.0898034 0.994191 0.0593267 0.00686123 -0.662494 0.0151516 0.748914 0.92011
11 22 432 -0.611626 -0.0697228 -0.788069 0.420841 -0.203176 0.976544 0.0712881 -0.0274395 0.764614 0.203718 -0.611445 0.906719
11 23 185 0.996335 -0.0404253 0.0753868 -0.459412 0.0414591 0.999066 -0.0121985 0.182422 -0.0748232 0.0152792 0.99708 -0.869289
11 24 267 0.971417 -0.197334 0.131939 -0.73721 0.199871 0.979803 -0.00613124 -0.115972 -0.128064 0.0323267 0.991239 0.665637
11 25 367 0.932433 0.0724304 0.354009 -0.597439 -0.0718504 0.997306 -0.0148007 0.0482027 -0.354127 -0.011635 0.935125 0.800464
11 26 197 0.925297 -0.0155897 0.378922 -0.166271 -0.0130333 0.997257 0.0728556 0.00330463 -0.379018 -0.0723517 0.922556 0.986075
11 27 345 0.842603 0.0646892 0.534636 -0.183714 -0.063664 0.997763 -0.0203895 -0.00226042 -0.534759 -0.0168568 0.844837 0.982977
11 28 270 -0.478114 0.225145 0.84895 -0.0863032 0.358491 0.932429 -0.0453885 0.0163204 -0.801805 0.28264 -0.52652 0.996135
11 29 919 0.0630604 -0.205924 -0.976534 0.610712 0.18866 0.963299 -0.19095 0.161085 0.980016 -0.172191 0.0995956 0.775295
12 13 2146 0.931439 0.0756689 0.355943 -0.997289 -0.0728221 0.997115 -0.0214115 0.0230494 -0.356536 -0.00597695 0.934263 -0.0698834
12 14 1625 0.83945 0.14913 0.522575 -0.972782 -0.159833 0.986831 -0.0248654 0.0909113 -0.519401 -0.0626515 0.852231 -0.213145
12 15 1095 0.740102 0.227145 0.632973 -0.940375 -0.179685 0.973803 -0.139357 0.331476 -0.648045 -0.010597 0.761528 -0.0762773
12 16 967 -0.64824 0.00144703 0.761434 -0.478068 -0.159972 0.977421 -0.138048 0.0479057 -0.744442 -0.211297 -0.633372 0.877016
12 17 630 -0.725664 -0.0123885 0.687938 -0.400483 -0.147083 0.979519 -0.137509 0.0435293 -0.672145 -0.20097 -0.712623 0.91527
12 18 556 -0.0395493 0.0516742 -0.997881 0.487565 0.0453786 0.997724 0.0498676 -0.0121684 0.998187 -0.0433102 -0.0418042 0.873002
12 19 490 0.795234 -0.0524734 -0.604027 0.497513 0.0404212 0.99862 -0.0335361 0.00284432 0.604953 0.00225359 0.796258 0.867452
12 20 335 -0.236806 0.924678 -0.298151 0.292294 0.91068 0.104336 -0.399719 0.0586093 -0.338503 -0.366176 -0.866793 0.954531
12 21 388 -0.742213 0.130411 -0.657353 0.369643 0.246576 0.965218 -0.0869199 0.0866169 0.623153 -0.2266 -0.748553 0.925128
12 22 229 0.102521 0.906052 0.410559 0.357393 -0.969608 -0.00115039 0.24466 -0.106542 0.222147 -0.423165 0.878398 0.927857
12 23 309 0.741614 0.109231 -0.661875 0.991091 -0.13397 0.990895 0.0134197 -0.0730889 0.657314 0.0787189 0.749494 0.111345
12 24 173 0.998229 -0.0542434 -0.0244099 -0.462918 0.0532025 0.997723 -0.0414408 -0.0577603 0.0266022 0.0400688 0.998843 0.884517
12 25 266 0.970336 -0.0122451 0.241448 -0.124471 0.0204514 0.999294 -0.0315108 0.117412 -0.240892 0.035514 0.969902 0.985252
12 26 192 0.948942 -0.0279644 0.314209 -0.0359945 0.012851 0.998663 0.0500691 0.0669311 -0.315189 -0.0434748 0.948033 0.997108
12 27 387 -0.846857 0.201722 0.492079 -0.123212 0.157874 0.978918 -0.129597 0.0776189 -0.507847 -0.032064 -0.86085 0.98934
12 28 229 0.958765 0.140157 0.247235 -0.234903 -0.136158 0.990128 -0.0332855 -0.0169586 -0.24946 -0.00175011 0.968384 0.971871
12 29 866 0.0166358 -0.165625 -0.986048 0.644025 0.19714 0.967369 -0.159161 0.115404 0.980234 -0.191742 0.0487444 0.75625
13 14 1867 0.979614 0.0583378 0.192232 -0.857142 -0.0674465 0.996873 0.0411806 -0.0801459 -0.189228 -0.0533064 0.980485 -0.508806
13 15 1194 0.897655 0.0966782 0.429964 -0.931288 -0.104575 0.994503 -0.00528928 -0.0841266 -0.428111 -0.0402156 0.902831 -0.354437
13 16 906 0.88659 0.104244 0.450656 -0.800545 -0.108555 0.993956 -0.0163537 -0.103101 -0.449637 -0.0344222 0.892548 -0.590337
13 17 367 0.987366 0.103354 -0.120108 0.830721 -0.104171 0.994559 -0.000524239 -0.070356 0.119401 0.0130294 0.992761 -0.552225
13 18 288 -0.675834 0.117548 0.72762 -0.505335 0.0987102 0.992742 -0.0686936 0.0531624 -0.730414 0.025398 -0.682532 0.861284
13 19 392 0.894841 -0.221963 -0.387289 0.826836 0.224028 0.973743 -0.0404489 0.103551 0.386098 -0.0505683 0.921071 0.552829
13 20 242 0.977984 -0.184923 -0.0967005 0.936146 0.182455 0.982632 -0.0338429 0.126594 0.101279 0.0154543 0.994738 -0.328032
13 21 108 0.856192 0.427899 0.289548 0.357003 -0.405327 0.903826 -0.13714 0.0546849 -0.320383 5.65881e-05 0.947288 0.932501
13 22 301 -0.71487 0.582384 -0.387026 0.395161 0.693207 0.662887 -0.282921 0.0296689 0.0917859 -0.470541 -0.877591 0.918133
13 23 315 0.271371 0.028419 -0.962055 0.966547 -0.0281955 0.99937 0.0215681 -0.0284571 0.962062 0.0212727 0.272001 0.254904
13 24 168 0.894298 0.387039 0.224569 -0.288301 0.362394 -0.920849 0.143903 -0.0477756 0.26249 -0.0473098 -0.963774 0.956347
13 25 139 0.990517 0.135715 -0.0213859 -0.156136 -0.134947 0.99027 0.033984 0.092205 0.0257899 -0.0307757 0.999194 0.983423
13 26 220 0.994247 -0.0264606 0.103788 -0.0994334 0.0370577 0.994141 -0.101544 0.100188 -0.100493 0.104806 0.989402 0.989988
13 27 179 0.995746 -0.0315175 0.0865821 -0.0543743 0.0343993 0.998896 -0.0319955 0.0322152 -0.0854781 0.0348378 0.995731 0.998001
13 28 134 0.973063 0.16749 0.158417 0.0403102 -0.156984 0.984614 -0.0767492 0.0254322 -0.168835 0.0498128 0.984385 0.998863
13 29 620 0.20572 -0.287834 -0.935324 0.887956 0.232707 0.94274 -0.238933 0.200212 0.95054 -0.168503 0.260921 0.414064
14 15 1477 0.976568 0.054606 0.208164 -0.802429 -0.0467889 0.998009 -0.0422966 -0.121115 -0.21006 0.0315657 0.977179 -0.584327
14 16 1038 0.942324 0.0764471 0.325854 -0.86884 -0.063519 0.99672 -0.0501477 -0.113592 -0.328619 0.0265574 0.944089 -0.481885
14 17 675 0.848642 0.109913 0.517422 -0.998679 -0.105637 0.993685 -0.037824 -0.0199498 -0.518312 -0.02256 0.854894 0.0473523
14 18 261 0.833826 0.24331 0.495514 -0.73173 -0.201359 0.969836 -0.137378 0.126695 -0.513993 0.014773 0.857667 0.669716
14 19 414 0.511697 -0.255218 -0.820384 0.844144 0.223568 0.96152 -0.159679 0.103281 0.829568 -0.101704 0.549066 0.526074
