0 1 1168 0.542248 -0.12813 -0.830391 0.616507 0.107441 0.990765 -0.0827168 0.154714 0.833321 -0.044365 0.551007 0.771999
0 2 1172 0.86104 -0.104186 -0.497751 0.502108 0.108459 0.993891 -0.0204161 0.188294 0.496837 -0.0364065 0.86708 0.844057
0 3 1798 0.955889 -0.0524376 -0.28901 0.68312 0.0561865 0.998409 0.00468458 0.136543 0.288304 -0.0207164 0.957315 0.717428
0 4 2142 0.988928 -0.0301382 -0.145304 0.628525 0.0265756 0.999298 -0.0263977 0.125516 0.145997 0.0222438 0.989035 0.767595
0 5 1904 0.999658 0.00404084 -0.0258448 0.482535 -0.00446449 0.999856 -0.0163553 0.152327 0.025775 0.0164651 0.999532 0.862529
0 6 2032 0.998257 0.0106525 0.0580406 0.399948 -0.0122507 0.999554 0.0272497 0.195453 -0.0577245 -0.0279132 0.997942 0.895455
0 7 773 0.923062 0.0720679 0.37784 0.962366 -0.0896097 0.995554 0.0290275 0.0495294 -0.374068 -0.0606523 0.925416 0.267206
0 8 917 0.862106 0.095088 0.497726 0.213306 -0.111013 0.993816 0.00242114 0.194099 -0.494417 -0.0573413 0.867331 0.95751
0 9 1179 0.771608 0.115993 0.625433 -0.645743 -0.125715 0.991648 -0.0288134 0.190614 -0.623552 -0.0563939 0.779745 0.73938
0 10 1162 0.709229 0.12686 0.69347 -0.993959 -0.122516 0.990887 -0.0559683 0.0183205 -0.694251 -0.045267 0.718308 0.108209
0 11 1045 0.584673 0.162889 0.794748 -0.964883 -0.162437 0.983303 -0.0820345 0.0667435 -0.794841 -0.0811335 0.60137 0.254058
0 12 887 0.447651 0.155353 0.88061 -0.830741 -0.189157 0.978959 -0.0765466 0.0964953 -0.873973 -0.132307 0.467618 0.548231
0 13 839 0.21953 0.177066 0.959403 -0.672065 -0.21969 0.967107 -0.128219 0.151435 -0.950549 -0.182624 0.251208 0.724842
0 14 653 0.695942 0.00958043 0.718034 -0.664345 -0.0741455 0.995525 0.0585814 0.053826 -0.714259 -0.0940083 0.693539 0.745486
0 15 511 0.264617 0.282099 0.92217 -0.614049 0.293156 0.887471 -0.355606 0.0145423 -0.918715 0.364439 0.152141 0.789134
0 16 364 -0.220222 -0.0525434 0.974034 -0.951573 -0.0917818 0.995234 0.0329359 -0.162594 -0.971122 -0.0821453 -0.223995 0.260908
0 17 355 0.956242 0.215639 0.19774 -0.99059 -0.131282 0.92024 -0.368678 -0.0156895 -0.261469 0.326585 0.908282 0.135958
0 18 251 0.711933 0.615716 -0.337706 0.0791399 -0.590321 0.785186 0.187093 0.0518875 0.380359 0.0661571 0.92247 0.995512
0 19 511 0.356234 -0.342367 0.869415 -0.94093 0.0807212 0.938253 0.3364 -0.268199 -0.930903 -0.049657 0.361874 0.206689
0 20 482 0.103057 -0.230412 0.967621 -0.822569 0.27012 0.942725 0.195715 -0.0926873 -0.957295 0.241204 0.159393 0.56106
0 21 332 0.445371 -0.206912 0.87111 -0.935165 0.27389 0.957776 0.0874659 -0.00450037 -0.852425 0.199633 0.483237 -0.354183
0 22 540 0.339503 0.153692 0.927964 -0.841944 0.445436 0.842653 -0.302528 0.10213 -0.828447 0.516058 0.217623 0.529811
0 23 359 0.0836829 -0.478604 0.874034 -0.748686 -0.173866 0.856644 0.485728 -0.1676 -0.981207 -0.192612 -0.0115264 0.641388
0 24 312 0.532953 -0.824173 0.191574 -0.660323 0.845941 0.514017 -0.142024 -0.0465774 0.0185801 0.237752 0.971148 -0.749536
0 25 282 0.987174 -0.0550531 -0.149855 0.600974 0.074219 0.989317 0.125469 -0.225171 0.141347 -0.134982 0.980715 -0.766895
0 26 542 0.610561 -0.335014 -0.717622 0.881857 0.294414 0.937198 -0.18703 0.140132 0.735211 -0.0970849 0.670849 0.450213
0 27 581 0.76323 -0.306616 -0.568742 0.99678 0.206158 0.949786 -0.235385 0.0438561 0.612356 0.0624022 0.788116 -0.067127
0 28 921 0.308745 -0.166508 -0.936457 0.981684 0.166638 0.978799 -0.119097 0.0178343 0.936434 -0.119279 0.329945 0.189681
0 29 1245 0.903046 -0.0819515 -0.421654 0.585789 0.0891367 0.996016 -0.0026808 0.141251 0.420193 -0.0351639 0.906753 0.79806
1 2 2076 0.965033 0.0230826 0.261109 -0.993914 -0.0317631 0.999073 0.0290729 -0.0350211 -0.260196 -0.0363499 0.964871 -0.104448
1 3 1828 0.867397 0.0631071 0.493599 -0.978788 -0.0736572 0.997282 0.00193381 -0.0584202 -0.492135 -0.0380345 0.869688 -0.19637
1 4 1461 0.817315 0.0750213 0.571286 -0.972151 -0.0668551 0.997138 -0.0352974 -0.039213 -0.572299 -0.00934432 0.819992 -0.231053
1 5 1217 0.698641 0.108183 0.707246 -0.942273 -0.0987766 0.993621 -0.0544129 0.0402927 -0.708621 -0.0318443 0.70487 0.332413
1 6 1049 0.762831 0.0915784 0.64008 -0.960046 -0.112619 0.993607 -0.00794251 -0.0546236 -0.636715 -0.0660262 0.768267 -0.274461
1 7 400 0.879587 -0.0891236 -0.467315 0.891044 0.124309 0.991225 0.044936 0.0084202 0.459209 -0.0976166 0.882948 0.453839
1 8 199 0.90406 0.0573342 0.423542 -0.993993 -0.0265372 0.99658 -0.0782609 -0.0106293 -0.42658 0.059513 0.90249 -0.108925
1 9 346 0.0360372 -0.223975 0.973928 -0.916184 0.150177 0.964708 0.216298 -0.121645 -0.988002 0.138466 0.0684012 0.38185
1 10 347 0.872737 -0.0229419 -0.487651 0.718706 0.145479 0.965734 0.214927 0.0809175 0.46601 -0.258518 0.846169 0.69059
1 11 264 0.906221 -0.294728 -0.303149 0.989379 0.204778 0.933244 -0.295164 0.141887 0.369905 0.205406 0.906079 -0.0315703
1 12 355 0.720387 0.143095 0.678651 -0.985653 0.0400331 0.968275 -0.246658 0.0772424 -0.692416 0.204858 0.691804 0.150072
1 13 383 0.545353 -0.0682214 0.835425 -0.933894 0.315807 0.939959 -0.129397 -0.0535477 -0.776438 0.3344 0.534155 0.353518
1 14 298 0.901493 -0.0235439 0.432153 -0.995046 -0.264781 0.759842 0.593744 -0.0994138 -0.342347 -0.649682 0.678758 -0.000544299
1 15 308 0.850668 -0.0307787 0.524801 -0.792824 -0.000315771 0.998255 0.0590577 0.0338865 -0.525703 -0.0504042 0.849174 0.608508
1 16 280 0.933449 -0.0185047 0.358232 -0.824903 -0.0497927 0.982316 0.180487 0.0687879 -0.355237 -0.186313 0.916021 0.561074
1 17 401 0.969945 -0.110717 -0.216677 0.930977 0.0190072 0.922237 -0.386158 -0.00107164 0.242581 0.370433 0.896623 0.365077
1 18 276 0.969073 0.118224 0.216612 -0.89968 -0.176283 0.945901 0.27239 -0.102419 -0.17269 -0.30215 0.937488 -0.424366
1 19 352 0.184631 -0.490098 -0.851889 0.598026 -0.341411 0.780826 -0.52321 0.0324308 0.921602 0.387445 -0.0231603 0.800821
1 20 268 0.860649 0.217554 0.460383 -0.792079 0.0907624 0.824112 -0.559108 -0.10285 -0.501044 0.522981 0.689526 0.601691
1 21 252 0.964862 0.0493659 0.258077 -0.865109 -0.0120145 0.989454 -0.144348 0.00282354 -0.262482 0.136175 0.95528 0.501575
1 22 286 0.244979 0.0268546 0.969157 -0.697226 -0.243889 0.969179 0.0347937 0.0386116 -0.938352 -0.24489 0.243978 0.715811
1 23 288 0.907252 -0.135677 0.398103 -0.961949 0.0302491 0.965137 0.259991 -0.0566199 -0.419498 -0.223835 0.879727 0.267296
1 24 231 0.997709 0.00184309 0.0676338 -0.984869 -0.00744875 0.996545 0.0827244 0.0567282 -0.0672476 -0.0830386 0.994275 0.163753
1 25 450 0.492234 -0.0326038 -0.869852 0.472758 0.190366 0.97914 0.0710248 0.166528 0.849392 -0.200551 0.488173 0.865314
1 26 606 0.671191 -0.136144 -0.728675 0.974257 0.231924 0.972208 0.031983 0.0179465 0.704069 -0.190464 0.684113 0.224726
1 27 816 0.72856 -0.138515 -0.670831 0.941249 0.179597 0.983707 -0.0080669 0.0435715 0.661019 -0.114602 0.741566 0.33489
1 28 1229 0.839821 -0.119273 -0.529599 0.999874 0.122657 0.992028 -0.028912 0.00425949 0.528825 -0.0406782 0.847755 0.0153058
1 29 326 0.954854 0.0338917 0.295137 -0.592481 -0.0400501 0.999087 0.0148446 0.239574 -0.294365 -0.0259947 0.95534 -0.769136
2 3 2527 0.968731 0.0511885 0.242777 -0.762261 -0.0486282 0.99868 -0.016531 -0.134179 -0.243303 0.00420831 0.969941 -0.633209
2 4 1864 0.92572 0.0732576 0.371047 -0.977022 -0.0535102 0.996562 -0.0632541 -0.0119998 -0.374405 0.0387008 0.926457 -0.212802
2 5 1498 0.862138 0.109599 0.494678 -0.970312 -0.0867306 0.993837 -0.0690344 0.0414535 -0.499196 0.0166134 0.86633 0.238279
2 6 1313 0.824352 0.111872 0.554912 -0.994135 -0.116235 0.992841 -0.0274864 0.0213594 -0.554015 -0.041842 0.831455 0.106017
2 7 503 0.652329 0.137908 0.745284 -0.858569 -0.128026 0.989227 -0.0709901 -0.054967 -0.747045 -0.0491066 0.662957 -0.509743
2 8 494 0.287482 0.185766 0.939598 -0.96462 -0.119557 0.980298 -0.157233 0.00046901 -0.950295 -0.0671341 0.304028 0.263644
2 9 262 0.904709 0.357684 0.231439 0.976824 -0.422613 0.822147 0.381408 -0.0290413 -0.0538537 -0.442872 0.894966 0.212063
2 10 294 0.907417 -0.0731857 0.413809 -0.962351 0.215567 0.926353 -0.308871 0.102244 -0.360728 0.369478 0.856365 -0.251848
2 11 323 0.900826 0.245717 0.357961 -0.937684 -0.101776 0.920984 -0.376071 0.186381 -0.422084 0.302342 0.854655 0.293275
2 12 387 -0.00535856 0.317086 0.948382 -0.819923 -0.0936487 0.944068 -0.316173 0.0870777 -0.995591 -0.0905089 0.0246359 0.565813
2 13 426 0.575987 0.101159 -0.811175 0.974703 -0.427576 0.88303 -0.193488 -0.1392 0.696719 0.458286 0.551867 0.174862
2 14 456 -0.289356 0.341977 0.89405 -0.648776 -0.0837124 0.921386 -0.379526 0.26556 -0.953554 -0.184661 -0.237981 0.713139
2 15 205 0.900615 0.373051 0.222992 -0.865308 -0.342976 0.925173 -0.162551 0.22461 -0.266946 0.069915 0.961172 0.448099
2 16 344 -0.578739 0.158602 0.799942 -0.336957 0.107415 0.987185 -0.118014 0.0591255 -0.808408 0.0176267 -0.588359 0.939662
2 17 390 0.657246 0.00432469 0.753664 -0.860739 -0.00364309 0.99999 -0.00256114 0.0793133 -0.753667 -0.00106236 0.657255 0.502829
2 18 387 0.716875 0.350853 0.602488 -0.621107 -0.160471 0.923984 -0.347136 0.103269 -0.678483 0.152171 0.718683 0.776893
2 19 385 0.465894 -0.586267 -0.662747 0.512595 -0.04963 0.730509 -0.681097 0.12505 0.883447 0.350212 0.311244 0.849476
2 20 186 0.99331 0.0435926 -0.106935 0.978896 -0.053563 0.994298 -0.0922116 0.00838878 0.102306 0.0973225 0.989981 -0.204189
2 21 200 0.96999 -0.182073 0.161145 -0.993255 0.202935 0.971296 -0.124099 -0.0858791 -0.133925 0.153077 0.979097 -0.0779003
2 22 209 0.863409 -0.183162 -0.470082 0.981445 0.170245 0.982892 -0.0702799 0.114695 0.474912 -0.0193488 0.87982 0.153656
2 23 217 0.917294 -0.081211 -0.389842 0.981896 0.0588501 0.99588 -0.0689859 0.00178751 0.393839 0.0403381 0.918294 0.189413
2 24 223 0.990101 -0.00479802 0.140271 -0.954214 0.0333826 0.978785 -0.202151 -0.0131653 -0.136326 0.204832 0.969257 -0.298836
2 25 389 0.912555 0.0787106 0.401308 -0.98762 0.152319 0.845279 -0.512155 0.0958866 -0.379529 0.528496 0.759374 0.124145
2 26 342 0.814362 -0.0986157 -0.571918 0.997931 0.229581 0.959813 0.161404 -0.0374226 0.533017 -0.262742 0.804275 -0.0522901
2 27 678 0.607852 -0.159063 -0.777956 0.568336 0.18295 0.981426 -0.0577181 0.134672 0.772687 -0.107243 0.625663 0.8117
2 28 869 0.696948 -0.154764 -0.700223 0.773297 0.141213 0.986935 -0.0775814 0.072625 0.703081 -0.0448104 0.709696 0.629871
2 29 2236 0.998563 0.0136007 0.051828 0.973042 -0.0128903 0.999819 -0.0140169 0.0493687 -0.0520093 0.0133287 0.998558 0.225282
3 4 3701 0.99031 0.0237591 0.136825 -0.994951 -0.0188294 0.99913 -0.0372118 0.0441836 -0.13759 0.0342749 0.989896 0.0901137
3 5 2833 0.964804 0.0580598 0.25648 -0.866285 -0.0509536 0.998113 -0.0342715 0.0906612 -0.257986 0.0199967 0.965942 0.491255
3 6 2474 0.938587 0.0646673 0.338928 -0.971923 -0.0681753 0.997672 -0.00155864 0.0512537 -0.33824 -0.0216436 0.940811 0.229651
3 7 1123 0.783315 0.133208 0.607185 -0.879324 -0.157532 0.987423 -0.013399 0.0731729 -0.601333 -0.0851553 0.794447 0.470569
3 8 948 0.650268 0.145906 0.745562 -0.995433 -0.161443 0.985508 -0.0520557 -0.0178698 -0.742353 -0.0865156 0.6644 -0.0937801
3 9 869 0.604144 0.155769 0.781502 -0.999544 -0.147188 0.985647 -0.0826739 0.0293505 -0.783164 -0.0650811 0.6184 -0.00711557
3 10 771 0.597238 0.174199 0.782918 -0.971514 -0.140276 0.983771 -0.111881 0.0591064 -0.789702 -0.0430047 0.611981 -0.229493
3 11 736 0.31662 0.19187 0.928944 -0.934745 -0.192866 0.971893 -0.135005 0.0643044 -0.928738 -0.136417 0.344726 0.349451
3 12 625 0.102113 0.162531 0.981405 -0.889089 -0.233426 0.962932 -0.135184 0.0911867 -0.966998 -0.215282 0.136267 0.448559
3 13 649 0.253957 0.275833 0.92705 -0.723653 -0.155255 0.95767 -0.242413 0.113254 -0.954674 -0.0823673 0.286031 0.680808
3 14 603 -0.281503 0.265918 0.921978 -0.602101 -0.177713 0.929764 -0.322424 0.215388 -0.94296 -0.254611 -0.214474 0.768819
3 15 492 -0.531352 0.093965 0.841924 -0.638813 0.0589781 0.995521 -0.0738856 0.0487574 -0.845095 0.0103958 -0.534514 0.767815
3 16 290 0.980585 0.174832 0.0888113 0.97595 -0.181976 0.980048 0.0799414 -0.0554401 -0.073063 -0.0945508 0.992835 -0.210829
3 17 443 0.184557 0.300624 -0.935716 0.909735 0.00427804 0.951816 0.30664 -0.17472 0.982813 -0.0605955 0.174378 0.376636
3 18 203 0.99807 -0.0227521 -0.0577876 0.774918 0.0240915 0.999455 0.0225889 0.0246875 0.0572422 -0.0239375 0.998073 -0.631579
3 19 438 0.549177 0.494072 -0.674016 0.576234 -0.128701 0.846902 0.515939 -0.0208195 0.825737 -0.196595 0.528687 0.81702
3 20 144 0.99983 -0.0168203 0.00749469 0.814755 0.0180719 0.974423 -0.223994 -0.0136168 -0.00353535 0.224092 0.974562 -0.579646
3 21 325 -0.132526 0.273642 -0.952658 0.550099 -0.179984 0.938513 0.294617 -0.0429045 0.974701 0.210507 -0.0751265 0.833997
3 22 77 -0.65535 -0.696902 0.29128 -0.39039 0.753887 -0.627301 0.195318 0.00328134 0.0466024 0.347593 0.936487 -0.920644
3 23 329 0.0314664 0.507188 -0.861261 0.617171 -0.0140103 0.861827 0.50701 -0.183561 0.999407 -0.00388721 0.0342244 0.765118
3 24 232 0.943917 -0.00840547 -0.330077 0.977048 -0.00451577 0.999254 -0.0383599 -0.00325607 0.330153 0.0376991 0.943174 -0.212995
3 25 407 0.454304 -0.0706274 0.888043 -0.799044 -0.265793 0.940703 0.21079 0.105499 -0.850272 -0.331798 0.408593 0.591945
3 26 347 0.921045 -0.226363 -0.316917 0.994925 0.272073 0.956228 0.107718 -0.00222674 0.278661 -0.185438 0.942317 -0.100592
3 27 754 0.231286 -0.188975 -0.954356 0.761677 0.20467 0.968452 -0.142165 0.141867 0.951114 -0.162447 0.262666 0.632235
3 28 359 0.714464 -0.167893 -0.67923 0.343903 0.155149 0.984631 -0.0801847 -0.00365482 0.682254 -0.0480931 0.729532 -0.938998
3 29 2570 0.980636 -0.0369739 -0.192317 0.850074 0.0354311 0.999306 -0.0114563 0.100764 0.192607 0.00442048 0.981266 0.516934
4 5 3701 0.992015 0.0299534 0.122511 -0.723176 -0.0313946 0.999459 0.00985056 0.094485 -0.12215 -0.0136181 0.992418 0.68417
4 6 3153 0.977409 0.0336766 0.208658 -0.982382 -0.0439994 0.998016 0.0450288 0.0243223 -0.206728 -0.0531924 0.976951 0.185296
4 7 1630 0.829603 0.0929195 0.550568 -0.993098 -0.125652 0.991832 0.0219426 0.0346061 -0.544032 -0.0873838 0.834502 0.112068
4 8 1307 0.746065 0.10466 0.657597 -0.980142 -0.135783 0.990732 -0.00363024 0.0461573 -0.651883 -0.0865818 0.753361 0.192849
4 9 1128 0.714152 0.111562 0.691043 -0.932697 -0.140852 0.989928 -0.0142517 0.0578027 -0.685673 -0.0871571 0.722673 0.355998
4 10 1044 0.614507 0.12421 0.779072 -0.996696 -0.132594 0.989741 -0.053212 0.0218656 -0.777689 -0.0706012 0.624672 0.0782191
4 11 908 0.456866 0.154866 0.875951 -0.943887 -0.185695 0.979637 -0.0763458 0.0675248 -0.869937 -0.127779 0.476321 0.323291
4 12 778 0.295481 0.144631 0.944337 -0.920729 -0.194448 0.976887 -0.0887732 0.0812972 -0.935351 -0.157394 0.316775 0.381641
4 13 863 0.231376 0.291102 0.928292 -0.799335 -0.124219 0.955214 -0.268582 0.147861 -0.964901 -0.0531684 0.257174 0.582409
4 14 743 0.5781 0.325164 0.748377 -0.977692 -0.40506 0.91054 -0.0827246 0.171747 -0.708327 -0.255315 0.658094 0.120921
4 15 570 0.591323 -0.257001 0.764387 -0.840103 -0.222129 0.859286 0.460745 0.0504691 -0.775239 -0.442242 0.451028 0.540073
4 16 538 0.0220462 0.255133 0.966655 -0.768946 0.495621 0.836926 -0.232197 0.0433845 -0.868259 0.484214 -0.107998 0.63784
4 17 184 0.758234 -0.480833 -0.44032 -0.154324 0.514382 0.856151 -0.0491544 0.0976159 0.400616 -0.189222 0.896494 0.983186
4 18 360 0.905322 0.169999 -0.389221 0.992878 -0.162226 0.985328 0.0530255 0.00210307 0.392525 0.0151366 0.919617 0.119117
4 19 366 0.869354 0.488806 -0.0727516 0.617075 -0.405882 0.790211 0.459157 -0.00287765 0.281928 -0.369641 0.885371 0.786899
4 20 373 0.725573 -0.327461 0.605238 -0.982947 0.442472 0.895608 -0.045881 -0.143398 -0.527032 0.301091 0.794721 0.115118
4 21 371 -0.316928 -0.417163 0.851782 -0.549063 -0.352012 0.885669 0.302783 -0.0887087 -0.880706 -0.203877 -0.42754 0.83106
4 22 420 0.68154 0.137681 -0.718712 0.635049 0.131599 0.943069 0.305453 0.0294053 0.71985 -0.302761 0.624621 0.771912
4 23 220 -0.141404 0.915384 0.37693 -0.334948 0.988244 0.10817 0.108044 -0.0126781 0.0581289 0.387777 -0.919918 0.942151
4 24 333 0.754789 0.282298 -0.592116 0.97094 0.0509675 0.874693 0.48199 -0.101056 0.653985 -0.393979 0.645821 0.216941
4 25 513 0.216508 0.320389 0.922212 -0.631092 0.00517963 0.944227 -0.329253 0.019433 -0.976267 0.0760628 0.202774 0.775465
4 26 494 0.956558 0.0492787 0.287347 -0.988572 -0.100102 0.981207 0.16496 -0.0159949 -0.273818 -0.186558 0.943515 -0.149899
4 27 805 0.242007 -0.163358 -0.956424 0.727327 0.234327 0.966387 -0.105767 0.130248 0.941554 -0.19852 0.272152 0.673818
4 28 754 0.67471 -0.145858 -0.723528 -0.187825 0.161871 0.985656 -0.0477525 0.054279 0.720114 -0.0848991 0.688642 0.980702
4 29 2201 0.944082 -0.0446422 -0.326674 0.905531 0.0564923 0.998041 0.0268728 0.074046 0.324835 -0.0438248 0.944755 0.417769
5 6 3672 0.996809 0.00541235 0.0796423 -0.879235 -0.00878186 0.999078 0.0420189 -0.112202 -0.0793415 -0.0425842 0.995938 -0.462986
5 7 2045 0.904566 0.0695694 0.42062 -0.977024 -0.0924047 0.995136 0.0341283 -0.0560689 -0.4162 -0.0697385 0.906595 -0.205624
5 8 1657 0.840099 0.085064 0.535722 -0.984163 -0.104002 0.994564 0.00517196 -0.0178974 -0.53237 -0.0600614 0.844378 -0.176361
5 9 1416 0.77974 0.0973639 0.618486 -0.998745 -0.113367 0.993462 -0.0134697 -0.00499128 -0.615754 -0.0596128 0.78568 -0.0498423
5 10 1300 0.707837 0.111733 0.697483 -0.963427 -0.121438 0.991958 -0.0356655 0.00723519 -0.695858 -0.0594557 0.715714 0.267871
5 11 1165 0.556293 0.14771 0.817753 -0.966247 -0.157019 0.985032 -0.0711101 0.0672387 -0.816017 -0.0888446 0.57116 0.248686
5 12 989 0.420802 0.144737 0.895532 -0.926398 -0.172327 0.981968 -0.0777321 0.0787806 -0.890634 -0.121614 0.438156 0.368212
5 13 954 0.0914585 0.179287 0.979536 -0.800224 -0.18332 0.969879 -0.160403 0.163283 -0.97879 -0.164899 0.121571 0.577044
5 14 480 0.936146 0.224083 0.270958 0.809919 -0.264713 0.956367 0.123652 -0.0851551 -0.231427 -0.187482 0.954616 -0.580327
5 15 485 0.797772 0.242069 0.552234 -0.925639 -0.468616 0.825243 0.315235 0.145433 -0.379419 -0.510271 0.771793 -0.349344
5 16 534 0.660817 -0.469083 0.585903 -0.767718 0.196654 0.861575 0.467992 -0.08868 -0.724326 -0.194037 0.66159 0.634622
5 17 325 0.981432 -0.126992 -0.14375 0.633871 0.1333 0.990454 0.0350993 0.186985 0.13792 -0.0536095 0.988991 0.750496
5 18 312 0.989741 -0.128269 0.0629216 -0.69659 0.125844 0.991198 0.0411143 -0.0644173 -0.0676415 -0.0327742 0.997171 -0.714572
5 19 497 0.854167 -0.193854 0.482513 -0.997223 0.368893 0.879887 -0.299528 -0.022966 -0.366492 0.433843 0.823082 -0.070843
5 20 411 0.889264 -0.0524015 0.454383 -0.988383 0.20255 0.935815 -0.288484 -0.0593059 -0.410102 0.348574 0.842801 -0.139933
5 21 401 0.767642 0.263642 0.58414 -0.97178 -0.482673 0.837449 0.256331 -0.0546617 -0.421608 -0.478719 0.770114 -0.22947
5 22 472 0.515644 0.22573 0.826533 -0.90504 0.423326 0.771583 -0.474821 -0.0117528 -0.74492 0.594731 0.302305 0.425163
5 23 185 0.994917 -0.0916257 0.0417737 -0.979327 0.0952465 0.990907 -0.0950323 -0.151386 -0.0326865 0.0985281 0.994597 0.134165
5 24 191 0.934363 -0.320565 -0.155574 0.699838 0.309871 0.946569 -0.0893747 0.179811 0.175912 0.0353007 0.983773 0.691299
5 25 414 0.948724 -0.0198863 0.315481 -0.998076 -0.029542 0.988074 0.151123 0.00973311 -0.314724 -0.152693 0.936821 0.0612341
5 26 483 0.921008 -0.371405 0.117486 -0.928713 0.275051 0.833599 0.47902 -0.0456085 -0.275846 -0.408866 0.869906 0.367985
5 27 695 0.874036 -0.0862138 0.478151 -0.99987 0.150572 0.983743 -0.097862 0.0143865 -0.461941 0.157531 0.872808 -0.00727716
5 28 944 0.255209 -0.18021 -0.949943 0.782235 0.183316 0.973676 -0.135463 0.116161 0.949349 -0.139568 0.281526 0.612058
5 29 2095 0.891444 -0.0774589 -0.446461 0.978848 0.0861967 0.996278 -0.000741587 0.0333756 0.444856 -0.0378224 0.894803 0.201849
6 7 2144 0.936006 0.0775825 0.343328 -0.911525 -0.0814122 0.996675 -0.00326872 -0.0780683 -0.34244 -0.0248916 0.93921 -0.403768
6 8 1665 0.880104 0.0990816 0.464326 -0.97331 -0.096747 0.994889 -0.0289188 -0.0240176 -0.464819 -0.0194706 0.885192 -0.228233
6 9 1344 0.828599 0.116448 0.547597 -0.99988 -0.11317 0.992775 -0.0398732 -0.00720808 -0.548284 -0.0289326 0.835792 -0.0136918
6 10 1259 0.746484 0.135336 0.651495 -0.998229 -0.110284 0.99072 -0.0794405 0.0233125 -0.656201 -0.0125487 0.754482 0.0547364
6 11 1111 0.62322 0.175689 0.762056 -0.957726 -0.15651 0.982745 -0.0985725 0.0718426 -0.766225 -0.0578369 0.639964 0.278567
6 12 951 0.490683 0.177952 0.852973 -0.917672 -0.172244 0.979416 -0.105246 0.0843521 -0.854144 -0.0952766 0.511234 0.388283
6 13 828 0.146795 0.133317 0.980142 -0.706753 -0.246245 0.964607 -0.0943243 0.119839 -0.958026 -0.227509 0.174428 0.697237
6 14 491 0.957826 0.250503 0.140772 0.856294 -0.234126 0.964382 -0.123096 -0.133661 -0.166594 0.0849463 0.98236 -0.498894
6 15 558 0.668635 0.25575 0.698226 -0.693547 -0.129219 0.964669 -0.229601 0.130046 -0.732277 0.0632957 0.678059 0.708577
6 16 515 0.681302 0.270514 -0.680183 0.95348 -0.316775 0.946652 0.0591937 -0.281646 0.659909 0.175137 0.730648 0.107481
6 17 347 0.97161 -0.131718 0.19653 -0.683836 0.163566 0.974162 -0.155741 0.0372321 -0.170938 0.183465 0.96805 -0.728685
6 18 302 0.950094 0.191694 0.24612 -0.972763 -0.293665 0.815792 0.498242 0.124536 -0.105273 -0.545653 0.831372 -0.195508
6 19 496 0.244533 -0.0750999 -0.966728 0.807276 -0.369804 0.914417 -0.164578 0.0782431 0.896353 0.397745 0.195833 0.584965
6 20 447 0.0771198 0.261844 -0.962024 0.656055 0.0662945 0.961416 0.266993 -0.0558503 0.994815 -0.0843673 0.0567854 0.752643
6 21 342 0.84602 0.267559 0.461154 -0.88719 -0.209896 0.962256 -0.173226 0.089617 -0.490096 0.0497581 0.870247 0.452618
6 22 449 0.471264 0.393535 0.789329 -0.789571 0.361458 0.730159 -0.579841 -0.0783121 -0.804524 0.558568 0.201851 0.608641
6 23 373 -0.0838038 0.0548161 0.994973 -0.757302 0.187426 0.981532 -0.0382892 -0.0960743 -0.978697 0.183275 -0.0925301 0.645959
6 24 218 -0.854953 -0.473141 -0.212587 0.173291 -0.431368 0.876144 -0.215159 0.147938 0.288057 -0.0922478 -0.95316 0.973696
6 25 442 0.867902 -0.160317 0.470154 -0.873355 0.00957766 0.951712 0.306842 -0.0682837 -0.496643 -0.261806 0.827528 0.482274
6 26 580 0.0404344 -0.221423 -0.974339 0.722705 0.277262 0.939328 -0.20196 0.144211 0.959943 -0.261982 0.0993733 0.675944
6 27 728 0.56031 0.0718548 0.82516 -0.91665 0.148891 0.971264 -0.185679 -0.0352132 -0.814791 0.226897 0.533511 0.398137
6 28 858 0.0957262 -0.18708 -0.977669 0.668379 0.230172 0.959721 -0.161109 -0.025406 0.96843 -0.20961 0.134931 0.743387
6 29 1582 0.844805 -0.112686 -0.523075 0.833098 0.0959585 0.993631 -0.059077 0.0883503 0.5264 -0.000284876 0.850237 0.546024
7 8 3027 0.990872 0.0259919 0.13228 -0.991829 -0.0241204 0.999585 -0.0157311 -0.0262508 -0.132634 0.0123969 0.991088 -0.124841
7 9 2517 0.97379 0.045775 0.222793 -0.986773 -0.0408657 0.998811 -0.0265985 -0.03251 -0.223746 0.0167968 0.974503 -0.158815
7 10 1934 0.943721 0.0732404 0.322531 -0.977059 -0.0491341 0.995398 -0.0822695 0.0817312 -0.327072 0.0617922 0.942977 -0.19666
7 11 1591 0.873789 0.114148 0.472718 -0.896096 -0.110756 0.993227 -0.0351112 0.0275341 -0.473525 -0.0216764 0.880514 0.443004
7 12 1374 0.767368 0.131501 0.627578 -0.913454 -0.124278 0.990687 -0.0556249 0.0842309 -0.629048 -0.0353094 0.776564 0.39813
7 13 1214 0.532902 0.180865 0.826622 -0.891527 -0.183337 0.978364 -0.0958727 0.132898 -0.826077 -0.10046 0.554531 0.433032
7 14 876 0.82741 0.248015 0.503867 -0.973136 -0.170522 0.965792 -0.195368 0.16796 -0.535085 0.0757293 0.841397 0.15747
7 15 713 0.869068 0.273684 -0.412089 0.92967 -0.357746 0.923046 -0.141433 -0.147143 0.34167 0.270338 0.9001 -0.337731
7 16 373 0.937152 0.331178 -0.109848 -0.819017 -0.345801 0.839541 -0.419037 0.145776 -0.0465538 0.430687 0.9013 0.554942
7 17 654 0.90182 0.252792 0.350452 -0.963083 0.109918 0.650141 -0.751821 -0.0155585 -0.417898 0.716528 0.558524 0.268756
7 18 554 0.182125 -0.13824 0.973509 -0.890501 0.235428 0.9674 0.0933281 -0.178054 -0.954675 0.212194 0.208733 0.418694
7 19 513 0.621846 -0.307403 -0.720286 0.766885 -0.39065 0.675383 -0.6255 -0.0591779 0.678749 0.670345 0.299897 0.63905
7 20 402 0.825822 -0.0374652 0.562685 -0.999575 0.110969 0.989078 -0.0970075 -0.0158678 -0.552905 0.142552 0.82096 -0.0244368
7 21 401 0.919744 -0.181247 0.348167 -0.941372 0.0593369 0.941016 0.333119 -0.118727 -0.388008 -0.285725 0.876248 0.31579
7 22 359 0.982905 0.0156414 0.183449 -0.991705 0.0774689 0.868755 -0.489146 -0.0124971 -0.167023 0.494995 0.852692 0.127925
7 23 299 0.999895 0.000199993 0.0144753 0.881748 -0.00685005 0.887419 0.460913 -0.11624 -0.0127535 -0.460964 0.887327 -0.457174
7 24 269 0.928106 0.327563 0.176981 -0.958822 -0.239722 0.889453 -0.389109 0.283735 -0.284874 0.318708 0.904031 0.0124874
7 25 410 0.804936 0.358971 -0.47246 0.951481 -0.529104 0.794625 -0.297692 -0.149642 0.268565 0.489603 0.829555 -0.268869
7 26 523 0.08906 -0.136751 -0.986594 0.535921 -0.345003 0.924975 -0.159353 -0.00349007 0.934367 0.35457 0.0351988 0.844261
7 27 518 0.469577 0.301274 0.829899 -0.881038 0.497139 0.686574 -0.530537 0.148514 -0.729624 0.661702 0.172624 0.449127
7 28 411 0.915686 0.233305 -0.327243 0.484963 -0.220255 0.972402 0.0769534 -0.0604123 0.336165 0.00161152 0.941802 0.872446
7 29 1103 0.466606 -0.207885 -0.859688 0.442969 0.146682 0.976714 -0.15657 0.131515 0.872217 -0.0530439 0.486234 0.886839
8 9 3433 0.995497 0.0189346 0.0928861 -0.999672 -0.0181236 0.99979 -0.00956756 -0.00470752 -0.0930478 0.00784104 0.995631 -0.0251895
8 10 2606 0.974004 0.0445629 0.222102 -0.999816 -0.0365071 0.998523 -0.0402471 0.0191607 -0.223568 0.0310925 0.974192 0.000835321
8 11 2017 0.918671 0.092311 0.384086 -0.966853 -0.0864888 0.995724 -0.0324446 0.0669695 -0.385439 -0.00341321 0.922727 0.246393
8 12 1717 0.846392 0.106539 0.521796 -0.920228 -0.102791 0.994043 -0.0362265 0.0848864 -0.522547 -0.0229739 0.852301 0.382067
8 13 1423 0.589438 0.166091 0.790554 -0.701437 -0.153926 0.983797 -0.0919229 0.142559 -0.793013 -0.067504 0.605454 0.698329
8 14 1304 0.567437 0.30256 0.765815 -0.635016 -0.247803 0.949677 -0.191589 0.232777 -0.785244 -0.0810567 0.613858 0.736593
8 15 808 0.780292 0.339938 0.524964 -0.747388 -0.153551 0.917821 -0.366096 0.11648 -0.606273 0.205053 0.768366 0.654098
8 16 832 0.557803 0.104447 0.823375 -0.915334 0.128764 0.969148 -0.210171 -0.0173729 -0.819924 0.223256 0.527145 0.40232
8 17 434 0.993 0.0924293 -0.0735329 0.998035 -0.111858 0.536052 -0.836741 0.0255298 -0.0379219 0.83911 0.542639 -0.0572255
8 18 419 0.93606 0.332257 -0.115741 0.973252 -0.183649 0.741992 0.644765 -0.195084 0.300107 -0.582283 0.755568 0.121333
8 19 541 0.626692 -0.420238 -0.656245 0.959139 0.119351 0.883956 -0.45208 0.134234 0.770073 0.204992 0.604124 0.249064
8 20 261 0.979268 0.202395 -0.00838429 -0.979091 -0.20035 0.973824 0.107363 0.180767 0.0298946 -0.103458 0.994184 -0.0932973
8 21 422 0.844876 0.177586 0.504626 -0.52691 -0.220889 0.974932 0.026732 -0.0289961 -0.48723 -0.134052 0.862924 0.849426
8 22 332 0.990199 0.0620053 0.125147 -0.866527 -0.0714966 0.994779 0.0728284 -0.0711057 -0.119978 -0.0810621 0.989462 -0.494039
8 23 207 0.965087 -0.243634 0.0961723 0.265018 0.241164 0.96979 0.0367003 0.0262968 -0.102208 -0.0122258 0.994688 -0.963885
8 24 370 -0.432074 -0.741306 0.513592 -0.363094 -0.770634 0.599303 0.216701 0.0168067 -0.46844 -0.30216 -0.830219 0.931601
8 25 433 -0.665188 0.457535 -0.590073 0.384135 0.337217 0.889166 0.309304 -0.108925 0.66619 0.00676246 -0.745751 0.916829
8 26 308 -0.814797 0.0943786 0.572013 -0.203283 0.0382284 0.993259 -0.109428 0.23854 -0.578484 -0.0672943 -0.812913 0.949618
8 27 394 -0.873727 0.131717 0.468244 -0.215683 0.179292 0.982067 0.0582959 -0.0447559 -0.452168 0.134887 -0.881674 0.975437
8 28 448 0.87394 0.0552237 0.482886 -0.983047 0.0821206 0.962462 -0.258693 0.00347115 -0.479045 0.265737 0.8366 0.18332
8 29 1011 0.558454 -0.219777 -0.799892 0.568588 0.169039 0.974182 -0.149648 0.183056 0.81213 -0.0516411 0.581186 0.801996
9 10 3012 0.990946 0.0237642 0.132138 -0.985716 -0.0204738 0.999447 -0.0262046 0.00787765 -0.132687 0.023262 0.990885 0.168233
9 11 2184 0.952324 0.0715289 0.296586 -0.96366 -0.0700729 0.997421 -0.0155514 0.0661895 -0.296934 -0.00597271 0.954879 0.258801
9 12 1886 0.895174 0.081676 0.43817 -0.913221 -0.0867555 0.996194 -0.00845292 0.0830401 -0.437192 -0.0304468 0.898853 0.398914
9 13 1469 0.657276 0.143069 0.739946 -0.692064 -0.141605 0.987774 -0.0652017 0.141956 -0.740227 -0.0619248 0.669499 0.70774
9 14 1127 0.749593 0.0977726 0.654638 -0.727276 -0.24756 0.958662 0.140289 0.263181 -0.61386 -0.267222 0.742811 0.633882
9 15 713 0.825019 0.0899792 0.557895 -0.722508 -0.200209 0.969747 0.139666 0.0603963 -0.528451 -0.226923 0.818075 0.68872
9 16 515 0.698448 0.708929 0.0979252 -0.705098 -0.585606 0.487491 0.647624 -0.0746221 0.411382 -0.509678 0.755641 -0.705173
9 17 830 0.682404 -0.321289 -0.656581 0.837295 0.248681 0.946689 -0.204788 0.280092 0.687374 -0.0235311 0.725923 0.469558
9 18 631 0.505566 0.0744419 -0.859571 0.888294 -0.158331 0.987357 -0.00761533 0.0124691 0.848136 0.139947 0.51096 0.459105
9 19 508 -0.151506 -0.395536 0.905868 -0.667651 -0.0889298 0.918185 0.38604 -0.0984185 -0.984448 -0.0220713 -0.174285 0.73794
9 20 324 -0.195167 0.849538 -0.490096 0.50625 0.961323 0.0666832 -0.26723 0.0109777 -0.194341 -0.523295 -0.829695 0.862317
9 21 467 0.618111 -0.21585 -0.755875 0.910799 -0.0652185 0.944166 -0.32295 0.228961 0.783381 0.248916 0.569522 0.343542
9 22 450 0.835219 0.349487 -0.424579 0.511191 -0.133538 0.877866 0.459913 -0.159915 0.533457 -0.327431 0.77988 0.844459
9 23 248 0.972888 -0.19603 0.12272 -0.869435 0.138386 0.918575 0.370228 0.112419 -0.185304 -0.343208 0.920799 0.481086
9 24 297 0.975325 -0.197958 -0.0977463 0.890513 0.213912 0.956873 0.19656 0.225482 0.0546202 -0.212619 0.975607 -0.395151
9 25 505 0.611782 -0.56024 0.558438 -0.757832 0.407252 0.828291 0.384811 -0.280446 -0.678136 -0.00799538 0.734893 0.589102
9 26 107 0.0178065 -0.904228 -0.426679 0.361314 0.97898 0.102486 -0.176335 -0.102463 0.203175 -0.414571 0.887046 -0.926797
9 27 533 -0.266528 -0.0877872 0.959821 -0.454732 -0.20412 0.978396 0.032805 0.0782391 -0.941965 -0.187175 -0.278689 0.887185
9 28 118 -0.418602 0.864198 0.279168 -0.298833 -0.908147 -0.396144 -0.135421 0.0502662 -0.00643961 -0.310213 0.950645 -0.952981
9 29 949 0.308032 -0.167526 -0.93651 0.642163 0.1993 0.973895 -0.108661 0.202675 0.930267 -0.153175 0.333379 0.73929
10 11 2734 0.984723 0.044653 0.168307 -0.974774 -0.0478897 0.998737 0.0152189 0.066443 -0.167414 -0.0230465 0.985617 0.213075
10 12 2082 0.963115 0.0503148 0.264343 -0.996972 -0.0562591 0.998304 0.0149596 0.0381002 -0.263143 -0.0292796 0.964313 -0.0677885
10 13 1571 0.766379 0.112812 0.632405 -0.691057 -0.125785 0.991755 -0.0244836 0.139548 -0.629953 -0.0607833 0.774251 0.709201
10 14 1281 0.596323 0.160857 0.786463 -0.700082 -0.206444 0.977496 -0.0433966 0.206562 -0.775745 -0.136482 0.616111 0.683533
10 15 669 0.837745 0.00630393 0.546026 -0.792162 -0.0424989 0.997653 0.0536863 0.0933656 -0.544406 -0.0681809 0.836047 0.603126
10 16 545 0.875199 -0.474328 0.0950718 -0.776505 0.466454 0.775329 -0.425777 -0.0709007 0.128246 0.416986 0.89982 -0.62611
10 17 567 0.92817 0.175052 -0.328417 0.901789 -0.247525 0.949357 -0.193527 0.0472825 0.277908 0.260917 0.924494 -0.429581
10 18 397 0.974397 -0.151872 0.165789 -0.994943 0.196769 0.93278 -0.301998 -0.0861195 -0.10878 0.326888 0.938782 -0.0516859
10 19 550 0.550318 -0.357133 0.754722 -0.971563 0.0192411 0.909092 0.416151 -0.17514 -0.834733 -0.214494 0.507162 0.159343
10 20 413 0.448678 -0.141282 0.882456 -0.989286 0.0949346 0.989373 0.110131 -0.0591084 -0.888637 0.0343623 0.457322 0.133489
10 21 421 0.0836643 0.28642 -0.954444 0.688981 0.444041 0.846738 0.293022 0.0309092 0.892092 -0.448328 -0.0563403 0.72412
10 22 450 0.760046 -0.203904 -0.617052 0.80964 -0.205881 0.825045 -0.526227 -0.0873316 0.616395 0.526996 0.585092 0.580393
10 23 438 0.466205 -0.0139803 0.884566 -0.956602 0.469134 0.851618 -0.233795 -0.0866115 -0.750044 0.523976 0.403588 0.278229
10 24 442 0.519138 -0.22978 0.823223 -0.365476 0.103292 0.972991 0.206446 -0.0788938 -0.848426 -0.0221419 0.528851 0.927471
10 25 326 0.991032 -0.0652124 0.116628 -0.98659 0.128796 0.698635 -0.70379 0.162349 -0.0355848 0.7125 0.700769 -0.0168098
10 26 456 0.832565 0.308266 -0.460226 0.877189 -0.321145 0.945579 0.0523994 -0.0736254 0.451333 0.104173 0.886254 -0.474466
10 27 359 -0.453922 0.473861 0.754593 -0.0392265 0.448012 0.85341 -0.266415 0.0714502 -0.770221 0.217135 -0.599676 0.996673
10 28 435 0.642261 0.683305 -0.347268 0.669482 -0.556131 0.727208 0.402352 -0.153766 0.527465 -0.0652885 0.847064 0.72674
10 29 928 0.384845 -0.175733 -0.906097 0.454908 0.180989 0.977016 -0.112616 0.174427 0.905062 -0.120654 0.407806 0.873289
11 12 2873 0.988956 0.0126511 0.147672 -0.834647 -0.0139778 0.999871 0.00794961 0.110308 -0.147552 -0.00992594 0.989005 0.539627
11 13 1692 0.865378 0.0814352 0.494459 -0.936084 -0.0823394 0.996404 -0.019997 0.06072 -0.494309 -0.0234085 0.868971 0.346497
11 14 1338 0.778364 0.166997 0.605195 -0.566604 -0.170655 0.983956 -0.052025 0.215147 -0.604174 -0.0627853 0.794375 0.795407
11 15 979 0.462736 0.211283 0.86095 -0.630067 -0.167195 0.974554 -0.149299 0.180576 -0.870586 -0.0748606 0.486287 0.755254
11 16 565 0.957133 -0.116888 -0.265017 0.988755 0.144839 0.985495 0.0884354 -0.00540939 0.250836 -0.123029 0.96018 -0.149447
11 17 505 0.999705 -0.000847606 -0.0242713 -0.991525 -0.0145454 0.779426 -0.626326 0.124749 0.0194485 0.626494 0.779183 0.0362687
11 18 579 0.559687 0.187481 -0.807218 0.366939 -0.144227 0.981244 0.127899 0.0247445 0.816057 0.0448393 0.57623 0.929916
11 19 558 0.616541 0.362709 -0.698798 0.816878 -0.0719397 0.909803 0.408759 0.0238281 0.784029 -0.201745 0.587024 0.576318
11 20 94 0.136998 -0.894899 0.42472 -0.461777 0.958476 0.0114965 -0.284942 -0.0244831 0.250111 0.446121 0.859314 -0.886658
11 21 475 0.468579 -0.36183 0.805924 -0.889483 0.597307 0.801912 0.0127431 -0.249325 -0.65089 0.475413 0.591882 0.382957
11 22 451 -0.537913 0.306075 -0.785473 0.452442 0.0927727 0.947592 0.305715 -0.0979637 0.83788 0.0915778 -0.538118 0.886397
11 23 349 0.525979 0.111151 -0.843203 0.994099 0.243232 0.930356 0.274364 -0.108445 0.814975 -0.349404 0.462312 -0.00257058
11 24 367 0.691099 -0.590554 0.416687 -0.467612 0.347598 0.777045 0.524764 -0.210908 -0.633686 -0.217824 0.74229 0.858404
11 25 454 0.624512 0.30144 0.720499 -0.550839 -0.0317973 0.931564 -0.362183 0.0418927 -0.780368 0.203278 0.591358 0.833559
11 26 400 0.243557 -0.599544 0.762382 -0.361665 0.383282 0.781568 0.492186 -0.0480574 -0.89094 0.172332 0.420151 0.931069
11 27 383 0.585452 -0.53804 0.606431 -0.162374 0.456854 0.8369 0.301467 0.0131665 -0.669724 0.100556 0.735771 0.986641
11 28 295 0.872212 -0.484145 -0.0696457 0.918642 0.30459 0.64902 -0.697135 0.0655585 0.382716 0.586836 0.713549 0.389614
11 29 919 0.0423317 -0.0302797 -0.998645 0.482414 0.283799 0.958733 -0.0170395 0.167148 0.957949 -0.282693 0.0491781 0.859848
12 13 2146 0.934225 0.0699898 0.34975 -0.983256 -0.0695028 0.997484 -0.0139598 -0.0613135 -0.349847 -0.011267 0.936739 -0.171604
12 14 1625 0.832996 0.0970639 0.544698 -0.560018 -0.137064 0.990006 0.033193 0.220457 -0.536033 -0.102308 0.837975 0.798611
12 15 881 0.804457 0.235684 0.545253 -0.390953 -0.219687 0.970881 -0.0955389 0.110847 -0.551893 -0.0429279 0.832809 0.913712
12 16 1000 0.571539 0.438993 0.693274 -0.632209 -0.0981865 0.87538 -0.47336 0.0544647 -0.814679 0.202474 0.543417 0.772881
12 17 547 0.908712 0.0797261 0.40974 -0.877362 -0.0266494 0.990669 -0.133659 0.0510298 -0.416573 0.110538 0.902357 0.477107
12 18 299 0.993949 0.0508191 -0.09738 0.882028 -0.0752951 0.960702 -0.267174 -0.00228693 0.0799756 0.27289 0.958715 -0.471192
12 19 524 0.542874 -0.219039 -0.810747 0.954554 -0.358019 0.812907 -0.459351 0.246835 0.759678 0.539633 0.362886 0.167028
12 20 411 0.649149 -0.186363 -0.737479 0.893451 0.156773 0.981487 -0.110029 0.0744654 0.744331 -0.0441918 0.666347 0.442945
12 21 488 -0.189716 0.359509 -0.913653 0.503755 -0.32044 0.856927 0.403726 -0.18794 0.928076 0.369364 -0.0473721 0.843155
12 22 458 -0.859727 0.0292144 -0.509918 0.357351 -0.177374 0.919149 0.351715 -0.190324 0.478966 0.392825 -0.785035 0.914373
12 23 322 0.393784 0.100267 -0.913718 0.952662 -0.0644926 0.994597 0.0813476 -0.114927 0.916938 0.0268947 0.398123 0.281473
12 24 240 0.974236 -0.21861 0.0554499 -0.572974 0.221803 0.973243 -0.0600109 -0.0512766 -0.0408473 0.0707636 0.996656 0.817968
12 25 210 0.948481 -0.316118 0.0212994 -0.0898757 0.313737 0.946462 0.0760187 0.0705642 -0.04419 -0.0654199 0.996879 0.99345
12 26 428 0.820214 -0.0160083 0.571832 -0.928248 0.182708 0.954584 -0.235346 0.0748169 -0.542094 0.297512 0.785888 0.36436
12 27 441 0.67417 -0.151299 0.722913 -0.243438 0.160995 0.98536 0.0560871 0.017698 -0.720815 0.0785732 0.688659 0.969755
12 28 305 0.965707 -0.169988 0.196248 -0.969485 0.0884332 0.926028 0.36695 -0.129833 -0.244108 -0.337012 0.909304 0.207946
12 29 811 0.844117 -0.411855 0.343282 -0.830467 0.498135 0.839248 -0.218001 -0.209195 -0.198314 0.35502 0.913582 -0.516297
13 14 1867 0.979746 0.0567997 0.19202 -0.840437 -0.0672749 0.996556 0.0484751 -0.11297 -0.188606 -0.0604114 0.980193 -0.530003
13 15 1199 0.867362 0.107954 0.485828 -0.973808 -0.115561 0.993196 -0.0143801 -0.0351932 -0.484075 -0.0436699 0.873936 -0.224631
13 16 910 0.880943 0.116199 0.458735 -0.857685 -0.109392 0.993132 -0.0414895 -0.0470918 -0.460406 -0.0136321 0.887604 -0.512014
13 17 595 0.0896395 -0.209029 0.973792 -0.642643 -0.356359 0.90627 0.227339 0.102555 -0.930039 -0.367398 0.00674819 0.759271
13 18 369 0.596628 0.0609345 -0.800201 0.520136 0.155864 0.969328 0.190025 0.059498 0.787237 -0.238097 0.568831 0.852009
13 19 392 0.885489 -0.297923 0.356583 -0.786318 0.24026 0.950417 0.197441 0.00679265 -0.397725 -0.0891587 0.913162 0.617784
13 20 356 -0.411523 0.29685 -0.861701 0.503493 0.237104 0.947785 0.213271 -0.106114 0.880017 -0.116547 -0.46042 0.857458
13 21 344 0.833087 -0.0999398 -0.544039 0.980583 -0.287229 0.762388 -0.579883 0.193978 0.472722 0.639357 0.606429 -0.028809
13 22 430 0.189404 -0.0126129 -0.981818 0.944896 -0.468452 0.877622 -0.101644 -0.0961387 0.862948 0.479187 0.160317 0.312936
13 23 218 0.914708 -0.111916 -0.388309 0.745948 0.0692832 0.99009 -0.122152 0.103779 0.398131 0.0848306 0.913398 -0.657869
13 24 260 0.829229 -0.123097 0.545184 -0.845069 0.110809 0.99229 0.0555072 0.0363364 -0.547814 0.0143833 0.836477 0.533422
13 25 149 0.994687 0.102652 -0.00779375 -0.145641 -0.102618 0.99471 0.00463859 0.0842545 0.00822868 -0.00381417 0.999959 0.985743
13 26 129 0.99426 -0.10538 -0.018508 -0.0454431 0.106533 0.991086 0.079998 0.0310987 0.00991288 -0.0815105 0.996623 0.998483
13 27 144 0.985843 -0.167084 0.0140147 0.0314794 0.165455 0.982954 0.0801571 -0.122007 -0.0271688 -0.0767035 0.996684 -0.99203
13 28 122 0.966172 0.190687 0.173639 -0.183391 -0.186974 0.981643 -0.0376516 -0.0551142 -0.177631 0.00391197 0.984089 -0.981494
13 29 429 0.940016 -0.265619 -0.214048 -0.983428 0.326994 0.880368 0.343552 -0.161012 0.0971867 -0.392936 0.914416 0.0833296
14 15 1487 0.97475 0.053945 0.216684 -0.833182 -0.0459923 0.998076 -0.0415824 -0.128613 -0.21851 0.0305666 0.975356 -0.537835
14 16 1039 0.943149 0.0754915 0.323683 -0.866879 -0.0629378 0.996809 -0.0490937 -0.118168 -0.326357 0.0259308 0.944891 -0.484312
14 17 675 0.871672 0.113593 0.476744 -0.999486 -0.100156 0.993527 -0.0536013 -0.0149242 -0.479747 -0.00102608 0.877406 -0.0283756
14 18 259 0.84462 0.421797 -0.329704 0.900747 -0.51388 0.81146 -0.278316 -0.160226 0.150149 0.404499 0.902128 -0.40371
14 19 414 0.363238 -0.107676 -0.925454 0.889465 0.316655 0.948438 0.0139364 0.10525 0.876235 -0.298112 0.378605 0.444718
14 20 294 0.155033 -0.410083 -0.898775 0.873742 -0.380646 0.814734 -0.437397 0.0119549 0.911632 0.409926 -0.0297864 0.486243
14 21 271 0.901055 -0.164319 -0.401371 0.992056 0.116656 0.983167 -0.140618 0.0836969 0.417722 0.0798824 0.905057 0.0939097
14 22 324 0.568197 -0.382581 -0.728549 0.766551 0.12173 0.914689 -0.38539 0.00010666 0.813839 0.130291 0.566295 0.642184
