0 1 212 0.688596 -0.105274 -0.717463 0.391095 0.105222 0.99344 -0.04478 0.142765 0.717471 -0.0446573 0.695156 0.90921
0 2 224 0.942499 -0.105196 -0.317222 0.293254 0.129133 0.990082 0.0553372 0.116612 0.308255 -0.0931189 0.946735 0.948896
0 3 461 0.984334 -0.0344834 -0.172907 0.579457 0.0366856 0.999281 0.00955626 0.155388 0.172453 -0.0157497 0.984892 0.800053
0 4 640 0.986387 -0.0273145 -0.162158 0.658586 0.024337 0.999497 -0.0203199 0.119655 0.162632 0.0160968 0.986555 0.742932
0 5 469 0.999774 -0.0115129 -0.0178486 0.470664 0.0115807 0.999926 0.00369828 0.112122 0.0178047 -0.00390414 0.999834 0.875159
0 6 579 0.998587 0.00326414 0.05304 0.41096 -0.00492936 0.999498 0.0312952 0.182658 -0.0529112 -0.0315125 0.998102 0.893167
0 7 199 0.82871 0.0722172 0.555 -0.0371147 -0.123893 0.99071 0.0560815 0.0487247 -0.545793 -0.115236 0.829958 0.998122
0 8 194 0.837867 0.0999298 0.53665 0.0114368 -0.123105 0.992366 0.00741348 0.15094 -0.531813 -0.0722757 0.843772 0.988477
0 9 280 0.806962 0.110386 0.580196 -0.336512 -0.115834 0.99288 -0.0277954 0.23395 -0.579133 -0.0447764 0.814002 0.912155
0 10 282 0.707174 0.115993 0.69746 -0.751101 -0.145566 0.989204 -0.0169189 -0.0235366 -0.691892 -0.0895618 0.716424 0.659768
0 11 230 0.826666 0.119593 0.549836 -0.953142 -0.125137 0.991756 -0.0275726 0.073806 -0.548601 -0.0460113 0.834817 0.293383
0 12 209 0.592752 0.11919 0.796517 -0.760277 -0.216557 0.976153 0.0150871 -0.0315655 -0.775724 -0.181434 0.604428 0.648832
0 13 117 -0.977918 0.0915871 0.187851 -0.436834 -0.0721663 -0.991555 0.10775 -0.0370207 0.196133 0.091814 0.976269 0.89878
0 14 70 0.902856 -0.423386 0.0748095 0.393686 0.408947 0.899375 0.154556 -0.0906656 -0.132719 -0.108948 0.985148 -0.914763
0 15 62 0.742927 -0.515203 -0.427346 -0.259834 0.646281 0.718332 0.257527 0.199186 0.174298 -0.467509 0.866634 0.944887
0 16 83 0.392807 -0.096464 -0.914548 -0.448391 0.537408 0.831082 0.143161 0.0497497 0.746254 -0.54772 0.378295 0.892452
0 17 105 0.52694 -0.752761 0.394571 -0.394442 0.688636 0.650245 0.320878 0.0514106 -0.498112 0.102632 0.861017 0.917482
0 18 59 0.599081 0.778384 0.187672 -0.117844 -0.786816 0.615743 -0.0421909 -0.0489781 -0.148399 -0.122388 0.981325 0.991824
0 19 98 0.985779 -0.147937 -0.0797138 0.0295245 0.157427 0.978927 0.130075 -0.0737045 0.058791 -0.140775 0.988295 0.996843
0 20 178 0.985905 0.0204441 -0.166052 0.601517 -0.0188485 0.99976 0.0111798 0.103677 0.16624 -0.00789244 0.986054 0.792104
0 21 70 0.732781 0.673363 0.0980566 -0.362651 -0.657109 0.737674 -0.155065 -0.0126151 -0.176749 0.0491951 0.983026 -0.93184
0 22 170 0.509345 -0.557308 -0.655725 0.37615 -0.371047 -0.82973 0.41698 -0.0652592 -0.776461 0.0309174 -0.629407 0.924258
0 23 63 0.988787 0.0330766 0.145625 0.0991216 -0.0371697 0.998984 0.0254756 -0.221527 -0.144634 -0.0306028 0.989012 -0.970103
0 24 65 0.831183 -0.540686 -0.129591 0.372184 0.525966 0.840197 -0.132021 0.295165 0.180264 0.0415733 0.982739 -0.879975
0 25 190 0.0879988 0.390623 0.916335 -0.28734 0.392802 -0.85897 0.328447 -0.0540256 0.915403 0.331035 -0.229026 0.956304
0 26 180 0.8533 -0.131231 0.504635 -0.208656 -0.254075 -0.949785 0.182629 -0.0107432 0.455329 -0.284052 -0.843795 0.97793
0 27 146 0.819876 0.198972 0.536855 -0.169253 0.359329 -0.908829 -0.211927 -0.0300126 0.445741 0.366662 -0.816624 0.985116
0 28 107 0.485537 -0.738918 0.467177 -0.127474 0.85065 0.522575 -0.0575427 -0.0637575 -0.201616 0.425343 0.882289 0.989791
0 29 370 0.928536 -0.0898277 -0.36021 0.56451 0.110164 0.993251 0.0362834 0.101483 0.35452 -0.0733725 0.932165 0.819164
1 2 502 0.966151 0.0240914 0.256849 -0.989344 -0.0328656 0.999012 0.0299225 -0.0311806 -0.255874 -0.0373511 0.965988 -0.142217
1 3 372 0.872138 0.0650141 0.484921 -0.963149 -0.0741086 0.99725 -0.000417405 -0.0539578 -0.483614 -0.0355727 0.874558 -0.2635
1 4 276 0.797825 0.079605 0.59761 -0.999064 -0.0708845 0.996755 -0.0381407 -0.0158382 -0.598707 -0.0119317 0.800879 -0.0402598
1 5 207 0.699116 0.103922 0.707416 -0.959796 -0.10003 0.993867 -0.0471465 0.0346421 -0.707977 -0.0378018 0.705223 0.278553
1 6 207 0.656834 0.111016 0.745818 -0.985086 -0.134966 0.990438 -0.0285649 0.0327501 -0.741858 -0.0818976 0.665537 0.168919
1 7 54 0.991707 0.014312 0.127718 0.930587 -0.0341979 0.987338 0.1549 -0.250675 -0.123884 -0.157983 0.97964 -0.266777
1 8 53 0.99557 -0.063213 -0.0696037 0.37764 0.0604626 0.997331 -0.0409388 0.108241 0.0720058 0.036549 0.996734 -0.919604
1 9 29 0.995103 0.0811441 0.0564349 -0.344918 -0.0774228 0.99486 -0.0652664 0.0943613 -0.0614408 0.0605775 0.996271 -0.933878
1 10 53 0.983728 0.152566 -0.0948876 -0.0023918 -0.164495 0.977213 -0.134149 0.306169 0.0722588 0.147575 0.986408 -0.951974
1 11 90 0.524115 -0.705416 0.477171 -0.423522 -0.851145 -0.414626 0.321928 -0.175879 -0.0292458 -0.574869 -0.817723 0.888648
1 12 28 0.794848 0.605677 -0.0370345 -0.271788 -0.580375 0.740989 -0.337787 0.275135 -0.177148 0.289983 0.940494 -0.922189
1 13 64 -0.925809 0.246881 0.286231 -0.352911 0.340989 0.872245 0.350593 -0.104548 -0.163109 0.422183 -0.891716 0.929798
1 14 64 0.985701 0.0799243 0.148343 -0.992463 -0.0898997 0.994032 0.0617947 0.0778675 -0.142519 -0.0742471 0.987003 0.0946231
1 15 35 0.934152 -0.0956602 -0.343814 0.258055 0.127898 0.989149 0.0722884 -0.0613984 0.333169 -0.111501 0.936251 -0.964177
1 16 73 0.985616 -0.0646045 -0.156163 0.431976 0.0623454 0.997867 -0.0193265 0.237147 0.157078 0.00931246 0.987542 -0.870148
1 17 93 0.916745 -0.0558791 0.395545 -0.985225 0.00394324 0.991386 0.130915 -0.0832795 -0.399453 -0.118456 0.909068 0.149656
1 18 99 0.195931 -0.1383 0.970816 -0.556796 0.0495395 0.990137 0.131054 -0.0888244 -0.979366 0.0224162 0.200849 0.825887
1 19 39 -0.0399787 0.992773 0.113156 -0.365986 -0.953809 -0.00417188 -0.300384 0.208723 -0.297741 -0.119938 0.947082 -0.906912
1 20 94 -0.227498 -0.276459 -0.93371 0.310219 0.336634 0.877408 -0.341809 0.248195 0.913741 -0.392079 -0.106543 0.917695
1 21 54 0.497614 -0.697307 -0.51589 0.165412 -0.805358 -0.592312 0.0237766 0.0669785 -0.322148 0.403645 -0.856325 0.983948
1 22 35 0.7903 0.291095 0.539156 -0.432435 -0.228224 0.95647 -0.181874 0.244167 -0.568629 0.0206867 0.822334 -0.867976
1 23 27 0.972352 -0.0888271 0.215965 0.35351 0.100676 0.993925 -0.0444764 -0.0164781 -0.210702 0.0649893 0.975388 0.935285
1 24 55 0.689704 -0.66955 -0.275701 0.369242 0.591059 0.74053 -0.319789 0.275553 0.41828 0.0576046 0.90649 -0.887542
1 25 126 -0.311372 0.119122 0.942792 -0.588293 0.258014 0.965441 -0.0367706 0.00107476 -0.914591 0.231804 -0.331346 0.808647
1 26 44 -0.828631 0.0960884 0.551487 0.0447102 0.137426 -0.920094 0.3668 -0.0148761 0.542665 0.37973 0.749213 0.998889
1 27 136 0.794299 -0.138596 -0.591507 0.984313 0.171271 0.985224 -0.000858242 0.0339821 0.582886 -0.100626 0.806299 0.173129
1 28 183 0.813669 -0.118978 -0.569023 0.999392 0.128275 0.991451 -0.0238802 0.000591707 0.567 -0.0535607 0.821975 0.0348655
1 29 147 0.951044 0.0343739 0.307137 -0.770213 -0.039946 0.999131 0.0118721 0.197171 -0.306462 -0.0235598 0.951591 0.606545
2 3 534 0.968513 0.049407 0.244012 -0.796326 -0.0464759 0.998762 -0.0177584 -0.134369 -0.244587 0.00585858 0.96961 -0.589754
2 4 354 0.924495 0.0747453 0.373795 -0.982008 -0.0568757 0.996658 -0.0586264 -0.0251636 -0.376928 0.0329399 0.925657 -0.187155
2 5 254 0.869802 0.108034 0.481429 -0.966829 -0.088617 0.994074 -0.0629671 0.051079 -0.485378 0.0121061 0.87422 0.250264
2 6 219 0.826212 0.112355 0.552042 -0.993909 -0.115093 0.992907 -0.029829 0.016835 -0.551478 -0.0388911 0.833282 0.108912
2 7 104 0.535683 0.169402 0.827252 -0.933694 -0.170989 0.981136 -0.0901906 0.0939681 -0.826926 -0.0931376 0.554544 0.345522
2 8 35 0.914471 -0.0484731 0.401738 -0.451421 0.0387319 0.998726 0.03234 0.262442 -0.402794 -0.0140139 0.915183 -0.852844
2 9 47 -0.689543 -0.678309 0.253825 -0.351386 -0.585038 0.728269 0.356867 -0.364706 -0.426919 0.0975782 -0.89901 0.862275
2 10 18 -0.35562 0.766777 -0.534403 -0.440412 -0.929137 -0.35194 0.113323 -0.266205 -0.101185 0.536834 0.837598 0.857422
2 11 26 0.750419 -0.546208 -0.372194 0.423418 0.563143 0.823163 -0.0726102 0.169289 0.346037 -0.155111 0.92531 -0.889977
2 12 28 0.983536 0.172869 -0.0526702 -0.357935 -0.173682 0.984738 -0.0112238 -0.146924 0.0499261 0.0201868 0.998549 0.922115
2 13 56 -0.639276 -0.691106 0.337192 0.00118976 -0.572707 0.720515 0.390978 -0.144336 -0.51316 0.0568309 -0.85641 0.989528
2 14 65 -0.745362 0.229938 0.625751 -0.388947 0.167527 0.973119 -0.158032 0.0906485 -0.645268 -0.0129605 -0.763847 0.91679
2 15 39 0.975756 -0.217759 0.02192 -0.262415 0.197706 0.919972 0.338472 0.0518595 -0.0938711 -0.325933 0.940721 0.963561
2 16 27 0.904355 0.238536 0.353897 -0.13162 -0.161233 0.958728 -0.234189 0.128228 -0.395153 0.15473 0.90549 -0.982972
2 17 26 0.716728 0.684003 -0.135797 -0.166949 -0.697349 0.702365 -0.142788 -0.132318 -0.00228825 0.197038 0.980393 0.977047
2 18 40 0.830412 0.554927 0.0497214 -0.411056 -0.548497 0.829921 -0.101893 0.133461 -0.0978081 0.0573413 0.993552 -0.901788
2 19 56 0.542384 0.839989 -0.0154357 -0.00899109 0.835815 -0.537647 0.111124 -0.125024 0.0850437 -0.073173 -0.993687 0.992113
2 20 42 0.941585 -0.176884 0.286581 -0.176372 -0.12112 -0.971884 -0.201918 0.0854622 0.31424 0.155412 -0.936536 0.980606
2 21 43 0.29254 -0.931157 0.217639 -0.0763523 -0.918018 -0.337187 -0.208681 0.17525 0.267699 -0.138749 -0.95346 0.981559
2 22 19 0.34783 -0.930327 0.116215 -0.102332 0.88676 0.366695 0.281409 -0.206403 -0.304418 0.00517262 0.952524 -0.973101
2 23 40 0.403038 0.872769 0.275382 -0.202576 -0.913094 0.4038 0.0566046 0.00680481 -0.0617966 -0.274263 0.959667 0.979243
2 24 79 0.912099 0.35643 -0.202565 0.372184 -0.379686 0.920782 -0.0894398 0.295165 0.154639 0.158489 0.975176 -0.879975
2 25 61 0.998472 -0.00268502 -0.0551902 0.361892 0.00140794 0.999731 -0.0231654 0.227266 0.0552375 0.0230523 0.998207 -0.904093
2 26 103 0.421496 -0.0477795 -0.905571 0.659438 0.108445 0.9941 -0.00197478 0.010545 0.900323 -0.0973726 0.424191 0.751685
2 27 30 0.993497 -0.104406 0.0454167 0.0262458 0.105191 0.994335 -0.0152563 -0.165593 -0.0435665 0.0199346 0.998852 0.985845
2 28 70 0.857492 -0.139805 -0.495138 0.999449 0.121762 0.990178 -0.0687115 0.0303636 0.499881 -0.00136935 0.866093 -0.0133941
2 29 486 0.998687 0.0131736 0.0495085 0.968917 -0.0123844 0.999792 -0.0162142 0.0624889 -0.0497118 0.0155798 0.998642 0.239364
3 4 902 0.99002 0.0241905 0.138832 -0.994093 -0.0190155 0.999078 -0.0384816 0.0469081 -0.139635 0.0354576 0.989568 0.0978707
3 5 602 0.96454 0.0565933 0.257798 -0.872641 -0.0491672 0.998171 -0.0351674 0.0988498 -0.259317 0.0212451 0.965559 0.478254
3 6 556 0.938176 0.0649944 0.340001 -0.974188 -0.0712503 0.997441 0.00593319 0.0417172 -0.338745 -0.0297916 0.940406 0.221849
3 7 261 0.727332 0.127441 0.674349 -0.921156 -0.136502 0.989839 -0.0398367 0.113471 -0.672574 -0.0630754 0.737337 0.372284
3 8 180 0.688589 0.137961 0.711907 -0.927756 -0.145957 0.988012 -0.0502917 0.0852474 -0.710311 -0.0692775 0.70047 0.363321
3 9 173 0.588816 0.157856 0.792703 -0.94181 -0.237455 0.971249 -0.0170312 -0.0373919 -0.7726 -0.178203 0.60937 0.33406
3 10 172 0.489071 0.169561 0.855604 -0.911799 -0.166437 0.981041 -0.0992827 0.0562318 -0.856218 -0.0938482 0.50802 0.406769
3 11 163 0.297067 -0.453707 0.840179 -0.424235 -0.950838 -0.221201 0.216742 -0.170052 0.0875106 -0.863261 -0.497113 0.889442
3 12 109 -0.426106 -0.755631 0.497449 -0.356381 -0.691131 0.626708 0.359966 -0.146331 -0.583757 -0.190418 -0.789284 0.922811
3 13 123 0.0503973 0.961841 0.268926 -0.44585 -0.958199 0.122497 -0.258553 -0.0393842 -0.28163 -0.244655 0.927809 0.894241
3 14 51 -0.102006 -0.96858 0.226819 -0.302849 0.994671 -0.102739 0.00860567 0.216808 0.0149679 0.226488 0.973899 -0.92805
3 15 117 -0.799884 -0.493879 0.340981 -0.405894 -0.340823 0.841461 0.419265 -0.168475 -0.493989 0.219149 -0.841397 0.898257
3 16 66 0.996636 0.0316216 -0.0756126 -0.443323 -0.03324 0.999242 -0.0202416 -0.00642501 0.0749152 0.0226868 0.996932 0.896339
3 17 72 0.15764 0.841454 -0.516823 0.253781 0.98578 -0.164939 0.0321384 -0.205343 -0.0582011 -0.51454 -0.855489 0.945214
3 18 154 0.200213 0.266073 -0.942931 0.412858 0.165122 0.939488 0.300162 -0.159071 0.965738 -0.215796 0.144163 0.896797
3 19 142 -0.868184 -0.430228 0.247304 -0.327457 -0.288785 0.843301 0.453263 -0.260082 -0.403558 0.322098 -0.856384 0.908367
3 20 44 0.957276 0.284008 0.0544206 -0.241833 -0.278283 0.955924 -0.0936403 0.126425 -0.0786165 0.0744954 0.994118 -0.962046
3 21 92 0.839892 0.281964 0.463765 -0.190778 -0.15788 -0.690595 0.705799 -0.258178 0.519284 -0.666014 -0.535509 0.947073
3 22 106 0.46512 -0.882494 0.0697661 0.102332 0.651472 0.287868 -0.701937 0.206403 0.599372 0.371936 0.708814 0.973101
3 23 57 -0.596808 0.501112 -0.626663 0.148023 0.667753 0.743218 -0.0416259 0.144963 0.444888 -0.443299 -0.778178 0.978302
3 24 57 -0.956644 -0.118727 -0.265963 -0.372184 0.174549 -0.964702 -0.197186 -0.295165 -0.233164 -0.23506 0.9436 0.879975
3 25 147 -0.289087 -0.692106 0.661376 -0.477109 -0.544482 0.687117 0.481051 -0.258166 -0.787381 -0.221041 -0.575476 0.84007
3 26 121 0.0291891 0.972376 0.231587 -0.208656 0.972445 0.0259872 -0.23168 -0.0107432 -0.231298 0.231969 -0.944824 0.97793
3 27 89 0.434568 -0.815937 0.381311 -0.16915 -0.827908 -0.528583 -0.187532 -0.0303986 0.354569 -0.234195 -0.905226 0.985121
3 28 126 0.601167 -0.174741 -0.779784 0.950737 0.157584 0.982561 -0.0986927 0.0914166 0.783432 -0.0635507 0.61822 0.296213
3 29 599 0.980819 -0.0325574 -0.192183 0.855306 0.0326046 0.999464 -0.00291811 0.0950725 0.192175 -0.00340391 0.981355 0.509326
4 5 1029 0.990862 0.0306592 0.13135 -0.75387 -0.0320141 0.999454 0.00821509 0.100931 -0.131027 -0.0123451 0.991302 0.649225
4 6 863 0.978164 0.0331233 0.205179 -0.981884 -0.0439154 0.997868 0.0482691 0.0231824 -0.203143 -0.0562256 0.977534 0.18806
4 7 363 0.847519 0.0949392 0.522204 -0.962329 -0.139677 0.989087 0.0468697 -0.0125096 -0.512056 -0.112663 0.851531 0.271601
4 8 302 0.746114 0.102037 0.657953 -0.961669 -0.131506 0.991305 -0.00460632 0.0648658 -0.652702 -0.0830882 0.753045 0.266429
4 9 237 0.691476 0.112985 0.713509 -0.966113 -0.153056 0.988184 -0.00815061 0.0251482 -0.705999 -0.103571 0.700598 0.25689
4 10 239 0.621313 0.126329 0.773311 -0.953275 -0.162095 0.986292 -0.0308881 0.0114714 -0.766613 -0.106159 0.633274 0.301887
4 11 189 0.375967 0.112177 0.919818 -0.899292 -0.245819 0.969154 -0.0177176 0.00520495 -0.893433 -0.219447 0.391945 0.437318
4 12 83 0.95544 0.217357 0.199726 -0.356381 -0.223225 0.974741 0.00706502 -0.146331 -0.193146 -0.051334 0.979826 0.922811
4 13 200 0.159078 -0.162441 0.973811 -0.441427 0.092195 0.984505 0.149165 -0.0382683 -0.982952 0.0660517 0.171589 0.896481
4 14 84 0.919212 0.387092 -0.0721767 0.393712 -0.369777 0.91159 0.179633 -0.0907653 0.13533 -0.138432 0.981082 -0.914742
4 15 126 0.107876 -0.597659 0.79446 -0.140998 -0.899498 0.281658 0.334025 -0.0864953 -0.423399 -0.750648 -0.507209 0.986224
4 16 128 0.973035 0.110142 0.202663 -0.446025 -0.136334 0.98335 0.120149 -0.186433 -0.186056 -0.144539 0.97185 -0.875388
4 17 70 -0.985342 -0.161317 0.0554864 -0.412886 -0.128803 0.91678 0.378052 -0.0902761 -0.111855 0.365364 -0.92412 0.906298
4 18 140 0.803113 0.568353 0.178842 -0.118047 0.555342 -0.822782 0.120936 -0.0489884 0.215883 0.00219378 -0.976417 0.991799
4 19 166 -0.558762 -0.766412 0.316857 -0.356319 -0.622816 0.640072 0.449898 -0.270776 -0.547619 0.0540425 -0.834981 0.894269
4 20 98 0.874114 0.18816 0.447796 -0.0714581 0.212915 -0.977057 -0.00506652 0.0281506 0.436569 0.0997714 -0.894121 0.997046
4 21 39 0.922407 -0.275677 -0.270494 -0.12016 0.271696 0.960932 -0.0528376 0.0738709 0.274493 -0.0247545 0.96127 0.990002
4 22 52 -0.846558 -0.421066 0.325644 -0.116649 0.50969 -0.817611 0.267821 0.021461 0.153479 0.392704 0.906768 0.992941
4 23 85 0.964661 -0.252353 0.0758174 -0.0806346 0.260208 0.867023 -0.424926 0.193254 0.0414957 0.429638 0.902047 0.97783
4 24 65 0.926441 -0.33526 -0.171197 0.372184 0.316918 0.940057 -0.125923 0.295165 0.203152 0.0624051 0.977157 -0.879975
4 25 145 -0.478916 -0.374131 0.794144 -0.286892 -0.341252 0.91283 0.22425 -0.0539807 -0.808818 -0.163606 -0.564842 0.956441
4 26 96 0.709846 -0.696215 0.106786 -0.208656 0.704308 0.703391 -0.0958744 -0.0107432 -0.00836319 0.143266 0.989649 0.97793
4 27 111 -0.551355 0.32189 0.769672 -0.16915 -0.547691 -0.835581 -0.0428853 -0.0303986 0.629318 -0.445188 0.636998 0.985121
4 28 92 0.690426 -0.17043 -0.70304 0.0785177 0.178218 0.98197 -0.0630278 -0.199705 0.701107 -0.0817781 0.708352 0.976705
4 29 505 0.948985 -0.0451671 -0.31207 0.907922 0.0560916 0.998084 0.0261143 0.0694506 0.310293 -0.0422866 0.9497 0.413346
5 6 889 0.996762 0.00440921 0.0802865 -0.85577 -0.00774547 0.999117 0.0412906 -0.114173 -0.0800336 -0.0417787 0.995916 -0.504601
5 7 593 0.904968 0.069722 0.419729 -0.97184 -0.0917944 0.995244 0.0325937 -0.0521542 -0.415461 -0.0680251 0.907064 -0.229798
5 8 441 0.843369 0.0860687 0.530396 -0.996762 -0.104291 0.994537 0.00444508 -0.00661226 -0.527116 -0.0590646 0.847738 -0.0801356
5 9 373 0.78148 0.0966475 0.616399 -0.999706 -0.113039 0.993512 -0.0124642 -0.00151884 -0.613605 -0.0599365 0.787335 -0.024217
5 10 350 0.674502 0.110015 0.73003 -0.993111 -0.108497 0.99287 -0.0493805 0.021945 -0.730257 -0.0458987 0.681629 0.115106
5 11 267 0.540663 0.151854 0.82742 -0.961282 -0.157352 0.984469 -0.0778573 0.0721132 -0.826392 -0.0881018 0.556161 0.265962
5 12 265 0.412718 0.146677 0.898971 -0.914435 -0.1667 0.982443 -0.0837644 0.0860082 -0.895474 -0.115288 0.429923 0.395489
5 13 274 0.55785 0.650638 0.515241 -0.441427 -0.698249 0.703507 -0.132386 -0.0382683 -0.448612 -0.285915 0.846759 0.896481
5 14 170 -0.799637 0.171237 0.57555 -0.393686 0.162725 0.984408 -0.0667977 0.0906656 -0.578014 0.0402426 -0.815034 0.914763
5 15 129 0.0615607 0.990207 0.125304 -0.25982 0.99637 -0.0535727 -0.0661526 0.199277 -0.0587918 0.128922 -0.98991 0.944871
5 16 141 0.788137 -0.0556978 0.612974 -0.446025 -0.0501307 0.98678 0.15412 -0.186433 -0.613455 -0.152196 0.774925 -0.875388
5 17 124 -0.694314 0.0659417 0.716645 -0.396136 0.156679 0.985758 0.0610931 0.051185 -0.70241 0.154701 -0.694757 0.916764
5 18 143 -0.794961 0.55881 -0.236154 -0.11828 0.43518 0.79649 0.419788 -0.0489955 0.422676 0.230945 -0.876361 0.991771
5 19 140 0.916798 0.397066 0.0426508 0.0349565 0.399305 -0.909841 -0.112896 0.042427 -0.00602184 0.120534 -0.992691 0.998488
5 20 171 0.596078 -0.749803 -0.287203 0.257095 -0.799177 -0.519512 -0.302364 0.212459 0.0775079 0.409758 -0.908895 0.942742
5 21 76 0.122001 0.860138 -0.495256 0.0953846 -0.992466 0.111376 -0.0510515 0.0686639 0.0112481 0.497753 0.867246 0.99307
5 22 116 -0.924063 -0.061438 0.377271 -0.117245 -0.0275092 0.995128 0.0946759 0.0211884 -0.38125 0.077108 -0.921251 0.992877
5 23 96 -0.467192 -0.830631 0.302959 -0.207455 -0.874843 0.483889 -0.022401 -0.0148133 -0.127992 -0.275507 -0.95274 0.978132
5 24 61 0.911177 -0.411978 0.00557987 0.372184 0.407767 0.899758 -0.155436 0.295165 0.0590157 0.143905 0.98783 -0.879975
5 25 145 0.816767 0.149007 0.557395 -0.286892 -0.0332799 -0.952301 0.303341 -0.0539807 0.576007 -0.266309 -0.772849 0.956441
5 26 66 -0.16661 -0.985806 -0.0206716 -0.208656 0.766593 -0.116319 -0.63151 -0.0107432 0.620142 -0.121063 0.775092 0.97793
5 27 126 0.962327 -0.171755 0.210777 -0.16915 0.086141 0.927875 0.362806 -0.0303986 -0.257888 -0.330981 0.907714 0.985121
5 28 101 0.796839 0.560396 0.225842 -0.127389 0.547023 -0.827859 0.124156 -0.0636981 0.256542 0.0246085 -0.96622 0.989805
5 29 462 0.889909 -0.0809536 -0.448897 0.975954 0.0908486 0.995865 0.000508277 0.047561 0.447 -0.041234 0.893583 0.212724
6 7 611 0.936037 0.078737 0.34298 -0.956979 -0.0827553 0.996566 -0.00292889 -0.047936 -0.342033 -0.0256419 0.939338 -0.286169
6 8 416 0.887033 0.102333 0.450222 -0.990774 -0.102356 0.994449 -0.0243687 -0.0230006 -0.450217 -0.0244671 0.892584 -0.133559
6 9 388 0.829588 0.117307 0.545915 -0.998866 -0.110403 0.992842 -0.0455718 -0.00093017 -0.547353 -0.0224651 0.8366 -0.0475987
6 10 285 0.759115 0.135446 0.636709 -0.997201 -0.110913 0.990724 -0.0785195 0.0158229 -0.641438 -0.0110136 0.767096 0.07307
6 11 254 0.634135 0.16989 0.754328 -0.971116 -0.151653 0.983943 -0.0941148 0.0614531 -0.758205 -0.0547145 0.649717 0.230557
6 12 189 0.578894 0.171531 0.797157 -0.952747 -0.21308 0.975476 -0.0551632 0.00746714 -0.787069 -0.137924 0.601247 0.303673
6 13 88 -0.916893 0.203821 -0.343168 0.44166 -0.212077 -0.977157 -0.0137342 0.0382297 -0.338128 0.0601851 0.939174 -0.896367
6 14 165 0.667812 0.216585 0.712123 -0.393686 0.379998 -0.921862 -0.0759787 0.0906656 0.640023 0.321345 -0.697932 0.914763
6 15 138 0.738324 -0.29175 0.608079 -0.268413 -0.338712 -0.940049 -0.0397649 0.0730448 0.583226 -0.176604 -0.79288 0.960531
6 16 157 0.928361 -0.342601 0.144121 -0.325223 0.346173 0.65583 -0.670859 0.852183 0.135318 0.672689 0.727446 0.409896
6 17 138 0.61167 -0.26741 0.744548 -0.399657 -0.391362 -0.920193 -0.00897735 0.0428701 0.687529 -0.285897 -0.667508 0.915662
6 18 43 0.953695 -0.264975 -0.142317 -0.113918 0.218371 0.935373 -0.278193 -0.0581568 0.206833 0.234234 0.949923 0.991787
6 19 146 0.790171 0.0304587 -0.61213 0.372418 0.178007 0.944305 0.276769 -0.201439 0.586467 -0.327658 0.74074 0.90594
6 20 96 0.96147 0.211046 -0.176167 0.257095 0.164178 -0.954799 -0.247799 0.212459 -0.220501 0.209329 -0.95266 0.942742
6 21 68 0.36522 -0.8944 -0.258193 0.282737 0.894779 0.260738 0.362471 0.00311257 -0.256874 -0.363407 0.895517 0.959192
6 22 61 -0.87116 -0.42005 -0.254241 0.358058 0.362907 -0.899628 0.242835 -0.160577 -0.330725 0.119282 0.936158 0.919788
6 23 75 -0.755388 -0.655067 0.0166348 -0.0733942 -0.57298 0.647987 -0.501805 0.2486 0.317936 -0.388589 -0.864821 0.965822
6 24 79 -0.450043 -0.767018 0.457323 -0.291601 -0.767618 0.593958 0.240782 -0.105604 -0.456315 -0.242687 -0.856084 0.950693
6 25 57 0.989431 -0.0599055 -0.13205 -0.286892 0.0398423 0.987936 -0.149652 -0.0539807 0.139422 0.14281 0.979881 0.956441
6 26 105 0.983565 -0.0527036 -0.17269 0.860145 0.0560084 0.998328 0.0143171 -0.235114 0.171647 -0.0237539 0.984872 -0.452628
6 27 139 -0.662945 0.586786 -0.464958 0.191567 0.344384 0.790454 0.50654 -0.219154 0.664759 0.175684 -0.726107 0.956699
6 28 53 0.0850359 -0.994867 0.0548552 -0.108771 0.845225 0.0428738 -0.532689 -0.0694491 0.527602 0.0916627 0.844532 0.991638
6 29 314 0.861207 -0.0971715 -0.498879 0.914049 0.089082 0.995218 -0.0400675 0.0728405 0.500387 -0.0099348 0.865745 0.399009
7 8 1016 0.990738 0.0260677 0.133259 -0.998765 -0.0242744 0.999592 -0.0150643 -0.0123432 -0.133598 0.01169 0.990967 -0.048122
7 9 877 0.9746 0.0454253 0.219298 -0.998552 -0.0398465 0.998761 -0.0297983 -0.00471148 -0.22038 0.0203031 0.975203 -0.0535946
7 10 669 0.934502 0.0729488 0.348403 -0.99583 -0.0542719 0.996531 -0.0630838 0.0181399 -0.351796 0.0400435 0.93522 0.0894095
7 11 500 0.859971 0.122295 0.495474 -0.968214 -0.102835 0.992474 -0.0664805 0.0677057 -0.499875 0.00621906 0.866075 0.240787
7 12 378 0.7742 0.133869 0.618623 -0.92669 -0.120181 0.990688 -0.063978 0.0772119 -0.621427 -0.024815 0.783079 0.36781
7 13 314 0.480983 0.19099 0.855674 -0.775074 -0.158218 0.978868 -0.129552 0.130963 -0.862335 -0.0730707 0.501037 0.61815
7 14 64 -0.0444563 0.896447 -0.440916 -0.393686 -0.996003 -0.00554919 0.0891419 0.0906656 0.0774642 0.443116 0.893111 0.914763
7 15 211 0.45715 0.883802 0.0995388 -0.259834 0.852285 -0.403337 -0.333061 0.199186 -0.254213 0.237094 -0.937637 0.944887
7 16 197 0.999635 -0.0265884 -0.00480615 -0.462263 0.0266568 0.999535 0.0147827 0.0483614 0.00441087 -0.0149054 0.999879 0.885423
7 17 164 0.631104 0.161111 0.758783 -0.394442 0.192286 -0.980155 0.0481844 0.0514106 0.751488 0.115494 -0.649559 0.917482
7 18 218 0.955179 0.206501 0.212108 -0.117955 0.107175 -0.909139 0.402466 -0.0491952 0.275946 -0.361695 -0.890523 0.9918
7 19 163 -0.171855 0.568593 -0.804467 0.0296346 0.678525 0.660349 0.321781 -0.0738248 0.714191 -0.490552 -0.499289 0.996831
7 20 123 0.9982 -0.0023783 0.0599306 -0.353372 0.00159309 0.999912 0.0131463 0.247354 -0.0599567 -0.0130272 0.998116 -0.902189
7 21 283 0.950494 0.309474 -0.0280554 0.195632 -0.26336 0.754349 -0.601331 0.971993 -0.164933 0.57895 0.798508 0.130222
7 22 185 0.998456 -0.0529328 0.016854 0.945725 0.0531578 0.998499 -0.0131916 0.0998813 -0.0161304 0.0140672 0.999771 0.309237
7 23 125 0.984765 0.0396941 0.1693 -0.431579 -0.0277819 0.997006 -0.0721597 0.00937846 -0.171658 0.0663569 0.982919 -0.902026
7 24 31 0.245292 0.920056 -0.305497 -0.31831 -0.964996 0.201556 -0.167801 -0.0171441 -0.0928121 0.335963 0.937291 0.947832
7 25 115 0.0985963 -0.930446 0.352915 -0.286892 -0.98373 -0.144653 -0.106541 -0.0539807 0.150181 -0.336668 -0.92957 0.956441
7 26 132 -0.842076 0.146907 0.518966 -0.202493 0.119787 0.9891 -0.0856236 0.0890772 -0.525888 -0.00993616 -0.850496 0.975224
7 27 177 -0.21598 -0.19908 -0.955887 0.406048 -0.898607 0.423458 0.114845 0.0260067 0.381914 0.883771 -0.270353 0.913482
7 28 105 0.92882 0.168275 0.330116 -0.119438 -0.121953 0.980122 -0.156485 0.0373593 -0.349887 0.105088 0.930879 0.992139
7 29 269 0.501138 -0.213009 -0.838742 0.790862 0.162953 0.975121 -0.150283 0.151009 0.849887 -0.0613628 0.523381 0.593071
8 9 1199 0.995288 0.0191235 0.0950553 -0.984618 -0.0182201 0.99978 -0.0103631 -0.0375642 -0.0952326 0.00858232 0.995418 -0.170637
8 10 902 0.973444 0.0435957 0.224737 -0.999335 -0.0357021 0.998598 -0.0390705 -0.00294858 -0.226125 0.0300093 0.973636 0.0363371
8 11 618 0.921786 0.0938093 0.376179 -0.975763 -0.085678 0.995585 -0.0383286 0.0604827 -0.378114 0.00310047 0.925754 0.210304
8 12 540 0.842392 0.109585 0.527605 -0.931885 -0.101098 0.993858 -0.0450115 0.0863158 -0.529297 -0.0154224 0.848296 0.352334
8 13 448 0.6648 0.169309 0.727582 -0.843954 -0.157368 0.983862 -0.0851562 0.130414 -0.730258 -0.0578862 0.680715 0.520321
8 14 349 0.439819 -0.830069 -0.342847 0.427696 -0.759099 -0.139596 -0.635831 0.221674 0.479924 0.539905 -0.691502 0.87632
8 15 249 0.723579 0.328375 -0.607127 0.374555 -0.20484 0.942118 0.265431 -0.0155176 0.659146 -0.0676967 0.748962 0.927075
8 16 419 0.0456657 0.0607268 0.997109 -0.462929 -0.264799 0.96318 -0.0465332 0.0483258 -0.963222 -0.261908 0.0600647 0.885077
8 17 214 0.99743 0.0332241 0.063472 -0.399767 -0.0363509 0.998149 0.0487601 0.0508377 -0.0617345 -0.0509421 0.996792 0.915206
8 18 125 -0.782365 0.616373 -0.0893853 -0.117981 -0.618633 -0.752446 0.226094 -0.0489981 0.0721006 0.232185 0.969996 0.991806
8 19 77 0.914912 -0.0495863 0.400597 0.0296346 0.0832072 0.99428 -0.0669615 -0.0738248 -0.394985 0.0945964 0.913804 0.996831
8 20 201 -0.39463 -0.369174 -0.841414 0.286043 0.301545 -0.917052 0.260934 -0.0671499 -0.867951 -0.150752 0.473219 0.955861
8 21 305 0.914164 -0.404784 0.0213005 0.228544 0.230717 0.562819 0.793728 -0.758274 -0.333277 -0.720683 0.6079 0.610564
8 22 81 0.179268 0.883589 0.432589 -0.476821 -0.968314 0.0807619 0.236315 0.110456 0.173868 -0.461246 0.87007 -0.872033
8 23 180 0.378266 0.693398 -0.613281 0.250319 0.807901 -0.570703 -0.146951 -0.0107726 -0.451897 -0.439884 -0.776074 0.968104
8 24 175 0.495382 -0.0626829 -0.866411 0.244288 0.000261161 0.997404 -0.0720106 -0.00202458 0.868675 0.0354465 0.494112 0.969701
8 25 100 0.99273 -0.0402899 0.113421 -0.286892 0.0400959 0.999188 0.00399142 -0.0539807 -0.11349 0.000585329 0.993539 0.956441
8 26 173 0.00950853 -0.578425 0.81568 -0.202493 -0.999254 0.0250367 0.0294028 0.0890772 -0.0374293 -0.815351 -0.577755 0.975224
8 27 128 0.991917 -0.10763 0.0672011 0.406186 0.118162 0.976526 -0.180096 0.0260758 -0.0462399 0.186581 0.981351 0.913418
8 28 71 0.0910404 0.995586 -0.0228208 0.119438 -0.916102 0.0927135 0.390078 -0.0373593 0.390472 -0.0146067 0.920499 -0.992139
8 29 307 0.908337 0.418196 -0.00609943 -0.239305 -0.203025 0.453634 0.867754 -0.766356 0.365658 -0.786975 0.496956 0.596181
9 10 1037 0.991192 0.0240307 0.130233 -0.996924 -0.0204137 0.99937 -0.0290377 0.0166602 -0.130848 0.0261234 0.991058 0.0765856
9 11 814 0.9527 0.0722621 0.295196 -0.969893 -0.0694539 0.997385 -0.0200015 0.0631605 -0.295869 -0.00144706 0.955227 0.235198
9 12 650 0.896009 0.0877613 0.435277 -0.930507 -0.0863283 0.995999 -0.0231098 0.0894957 -0.435564 -0.0168702 0.9 0.355172
9 13 509 0.670769 0.14459 0.727436 -0.806392 -0.138929 0.987947 -0.0682646 0.123858 -0.728538 -0.0552721 0.682772 0.578266
9 14 233 0.687016 -0.0259789 -0.726178 0.427605 -0.175298 -0.97577 -0.130936 0.221063 -0.705181 0.217253 -0.674923 0.876519
9 15 230 -0.101269 -0.484194 -0.869081 0.373575 0.811397 -0.545673 0.209465 -0.0147152 -0.575656 -0.683957 0.448133 0.927483
9 16 364 0.991965 -0.093005 0.0857678 -0.980431 0.0869426 0.993615 0.0719057 -0.0769752 -0.0919078 -0.063871 0.993717 0.18119
9 17 282 0.994589 0.0854732 0.0590545 -0.129131 -0.0973785 0.965066 0.243238 -0.833777 -0.0362012 -0.247673 0.968167 0.536788
9 18 153 0.247539 -0.96821 -0.0359749 -0.118047 0.898368 0.21546 0.382769 -0.0489884 -0.36285 -0.127069 0.923143 0.991799
9 19 66 0.932669 -0.327438 0.151371 -0.0296346 0.338227 0.939663 -0.0513489 0.0738248 -0.125424 0.0990893 0.987142 -0.996831
9 20 85 -0.910127 -0.404989 -0.0874811 0.291047 0.399534 -0.913761 0.0735721 -0.0689325 -0.109733 0.0320083 0.993446 0.954222
9 21 192 0.316771 0.156969 -0.935423 0.371164 0.246938 0.938554 0.241117 -0.0573412 0.915793 -0.307371 0.258545 0.926795
9 22 265 0.776917 -0.553323 -0.300389 0.305067 0.273763 -0.132756 0.952591 -0.691945 -0.566969 -0.82232 0.048339 0.654329
9 23 241 0.678892 0.152346 -0.718259 0.431579 0.283503 -0.956764 0.0650312 -0.00937846 -0.677297 -0.247778 -0.69273 0.902026
9 24 129 0.998048 -0.0594549 -0.0190926 0.215181 -0.0594787 -0.998229 -0.000681264 -0.0175536 -0.0190183 0.00181554 -0.999817 0.976416
9 25 110 0.958054 -0.244766 0.14907 -0.286892 0.236372 0.968998 0.0719177 -0.0539807 -0.162051 -0.0336652 0.986208 0.956441
9 26 134 0.960722 0.0818395 0.265169 -0.202734 -0.0656545 0.99543 -0.0693507 0.089145 -0.269633 0.0492172 0.961705 0.975168
9 27 180 -0.255183 0.707793 -0.658719 0.406048 0.916132 -0.0408433 -0.39879 0.0260067 -0.309165 -0.705239 -0.638009 0.913482
9 28 158 0.309829 -0.89791 0.312671 -0.119449 -0.944251 -0.252076 0.211774 0.0373402 -0.111337 -0.360854 -0.925953 0.992138
9 29 334 0.449865 -0.159236 -0.878786 0.775641 0.165217 0.981831 -0.0933308 0.101292 0.877682 -0.103204 0.468 0.622994
10 11 1043 0.98402 0.0454642 0.172153 -0.973337 -0.0483848 0.998747 0.012805 0.0714482 -0.171355 -0.02093 0.984987 0.217967
10 12 814 0.947392 0.053478 0.315575 -0.937652 -0.0632724 0.997778 0.0208656 0.0738702 -0.313758 -0.0397351 0.948671 0.339635
10 13 540 0.809287 0.11939 0.575152 -0.864064 -0.133203 0.99092 -0.0182665 0.128028 -0.572111 -0.0618293 0.817842 0.486829
10 14 335 0.587772 -0.298242 -0.752048 0.427605 -0.780329 0.0363956 -0.624309 0.221063 0.213566 0.953796 -0.211334 0.876519
10 15 263 -0.425405 0.165615 -0.88972 0.36918 0.0924359 0.985923 0.139326 -0.0124123 0.90027 -0.0229721 -0.434725 0.929275
10 16 248 0.957847 -0.027153 0.285993 -0.458031 0.0066865 0.997361 0.0722978 0.0484306 -0.287201 -0.067338 0.9555 0.887616
10 17 143 0.996176 0.0747596 0.0452112 -0.39962 -0.0723389 0.995971 -0.0529993 0.0507634 -0.0489912 0.0495261 0.997571 0.915274
10 18 250 0.135336 -0.972542 0.189334 -0.118047 -0.925136 -0.0556292 0.375539 -0.0489884 -0.354695 -0.225983 -0.907261 0.991799
10 19 61 -0.195837 0.976442 -0.0905977 0.0296346 -0.89997 -0.215653 -0.378877 -0.0738248 -0.38949 0.00733694 0.921002 0.996831
10 20 162 0.908454 -0.0688939 -0.412269 0.28681 0.0117938 -0.981706 0.19004 -0.0672958 -0.417819 -0.177505 -0.891021 0.955621
10 21 134 0.786023 0.42117 -0.452531 0.0684603 0.458191 -0.888317 -0.0309008 0.0657216 -0.415005 -0.183057 -0.891213 0.995487
10 22 216 0.315829 0.785428 -0.53231 0.393112 0.872684 -0.460656 -0.161923 0.0413124 -0.372391 -0.413398 -0.830919 0.918562
10 23 193 0.364062 0.887732 0.281764 -0.0881478 0.803334 -0.452381 0.387306 -0.303636 0.471288 0.0853475 -0.87784 0.948702
10 24 99 0.876488 0.32766 0.352714 -0.196101 -0.37328 0.925216 0.0680961 -0.0113762 -0.304024 -0.191346 0.93325 -0.980518
10 25 243 0.523746 0.0832741 0.847794 -0.286892 -0.656375 0.673827 0.339306 -0.0539807 -0.543012 -0.734181 0.407574 0.956441
10 26 172 0.952383 0.111385 0.283831 -0.202493 -0.0909795 0.992292 -0.0841332 0.0890772 -0.291015 0.0543042 0.955176 0.975224
10 27 217 0.41657 -0.639205 -0.646442 0.406048 -0.691024 -0.684684 0.23172 0.0260067 -0.590724 0.350179 -0.726925 0.913482
10 28 148 0.400153 0.264465 0.87746 -0.119438 0.908873 -0.237375 -0.342934 0.0373593 0.117593 0.934725 -0.335352 0.992139
10 29 290 -0.153201 -0.177912 -0.972048 0.387817 0.152768 0.967571 -0.201169 0.166608 0.976315 -0.179317 -0.121053 0.906554
11 12 1012 0.988095 0.0153054 0.153083 -0.95239 -0.0161393 0.999861 0.004206 0.0966866 -0.152997 -0.00662657 0.988204 0.289146
11 13 582 0.859424 0.0848465 0.504174 -0.929792 -0.0832205 0.996197 -0.025789 0.0913674 -0.504445 -0.0197939 0.863217 0.356566
11 14 293 0.858365 0.126396 0.497226 -0.891628 -0.149368 0.98876 0.00651039 -0.0250835 -0.490815 -0.0798579 0.867597 -0.452073
11 15 128 0.96455 -0.212517 -0.156462 0.370572 -0.214232 -0.976764 0.00601455 -0.0129586 -0.154105 0.0277179 -0.987666 0.928713
11 16 199 0.0320183 0.0195922 0.999295 -0.454596 -0.277867 0.960568 -0.00992981 0.0488491 -0.960086 -0.277353 0.0361998 0.889357
11 17 133 0.703328 0.194388 0.683771 -0.394451 0.289804 -0.95673 -0.0261055 0.0513968 0.649109 0.21652 -0.72923 0.917479
11 18 294 -0.607322 0.763348 -0.220138 -0.117916 0.680193 0.642783 0.352374 -0.0492687 0.410485 0.0642677 -0.9096 0.991801
11 19 127 -0.438863 -0.0773296 -0.89522 0.0296346 0.0926237 -0.994876 0.0405311 -0.0738248 -0.893767 -0.065131 0.443777 0.996831
11 20 44 0.620131 0.746632 0.240787 0.0260995 -0.750934 0.653766 -0.0932146 0.146077 -0.227015 -0.12301 0.966091 0.988929
11 21 138 -0.829975 0.0958241 0.549508 -0.125709 -0.0051328 0.98378 -0.179306 0.0473815 -0.557777 -0.15164 -0.816021 0.990935
11 22 64 0.836826 0.398146 0.375769 -0.393112 -0.379629 0.916557 -0.125716 -0.0413124 -0.394467 -0.0374502 0.918146 -0.918562
11 23 88 0.197231 0.978411 -0.0617332 0.432226 -0.978745 0.192906 -0.0696096 -0.00910583 -0.056198 0.0741503 0.995662 0.901719
11 24 156 0.94651 -0.0176309 0.322192 -0.230364 0.0235003 0.999621 -0.0143364 0.00779662 -0.321817 0.0211412 0.946566 0.973073
11 25 225 0.765381 -0.00661553 0.643544 -0.286892 -0.158164 -0.971214 0.178124 -0.0539807 0.62384 -0.238118 -0.744394 0.956441
11 26 152 0.98144 0.183707 -0.0550138 0.0402545 0.185739 -0.981997 0.0343811 -0.0228113 -0.0477073 -0.0439612 -0.997893 0.998929
11 27 98 0.68956 0.486182 0.536781 0.275176 -0.503795 0.854475 -0.126742 0.0250268 -0.520286 -0.183031 0.834147 0.961068
11 28 108 -0.0964304 -0.103048 -0.989991 0.351729 -0.280207 -0.951589 0.126345 -0.0455146 -0.955084 0.289586 0.0628873 0.934995
11 29 268 -0.0855949 -0.186574 -0.978705 0.558324 0.206447 0.95767 -0.20062 0.157783 0.974707 -0.219223 -0.0434539 0.814481
12 13 518 0.953408 0.0675825 0.294016 -0.71659 -0.0655848 0.997708 -0.0166605 -0.0643675 -0.294468 -0.00339877 0.955655 -0.694518
12 14 372 0.873813 0.114339 0.472629 -0.858547 -0.135067 0.990786 0.010024 -0.11585 -0.467128 -0.0725957 0.881205 -0.499475
12 15 80 0.833423 0.195759 0.516802 -0.374714 -0.17391 0.980551 -0.090965 0.0154821 -0.524558 -0.0140645 0.851259 -0.927011
12 16 183 0.224514 -0.196884 0.954374 -0.458616 -0.965066 0.0908189 0.245765 0.0479933 -0.135062 -0.976211 -0.169616 0.887337
12 17 59 -0.298092 -0.864388 -0.404938 -0.397759 0.87831 -0.414502 0.238244 0.0860027 -0.373783 -0.284643 0.88276 0.91345
12 18 322 -0.306335 -0.52182 -0.796155 0.272989 0.47142 -0.809763 0.349352 -0.178843 -0.826996 -0.268304 0.494055 0.945247
12 19 158 -0.688727 0.673333 -0.268844 0.0296346 0.581647 0.73451 0.349545 -0.0738248 0.432829 0.0843687 -0.897519 0.996831
12 20 114 0.424672 0.868769 -0.254745 0.286794 0.846175 -0.280823 0.452909 -0.0667743 0.321935 -0.407896 -0.854388 0.955662
12 21 48 0.998529 0.0436951 0.0321078 -0.369196 -0.0428708 0.998744 -0.025929 0.0735149 -0.0332004 0.0245144 0.999148 -0.926439
12 22 141 0.753828 0.159229 -0.637487 0.393439 0.25085 -0.966449 0.0552342 0.052363 -0.607303 -0.201551 -0.768479 0.917858
12 23 147 0.775626 -0.0447289 0.629606 -0.999108 0.0991686 0.993733 -0.0515706 0.0273936 -0.623353 0.102437 0.775201 0.0321289
12 24 108 0.999346 -0.0305933 0.0192544 -0.180793 0.0308976 0.999399 -0.0157133 0.00225497 -0.0187621 0.016298 0.999691 -0.983519
12 25 189 -0.0417738 0.661375 0.748891 -0.123877 -0.929643 0.248909 -0.271678 0.0767885 -0.366087 -0.70755 0.604444 0.989322
12 26 234 -0.133068 0.116742 0.984207 -0.20456 0.0374243 0.992922 -0.112716 0.0894236 -0.9904 0.0218343 -0.136496 0.974761
12 27 238 -0.253114 -0.966971 -0.0299998 0.320832 -0.0630815 -0.0144473 0.997904 -0.267063 -0.965378 0.254476 -0.0573412 0.908705
12 28 122 -0.0869864 0.408716 -0.908507 0.351729 0.974111 -0.156124 -0.163504 -0.0455146 -0.208667 -0.899209 -0.384554 0.934995
12 29 220 -0.0817563 -0.182208 -0.979855 0.591873 0.189071 0.962458 -0.194748 0.138375 0.978554 -0.201184 -0.0442369 0.794065
13 14 586 0.97898 0.0520882 0.197191 -0.862265 -0.0624974 0.996941 0.0469338 -0.13213 -0.194143 -0.0582712 0.979241 -0.488917
13 15 318 0.922119 0.102558 0.373065 -0.832055 -0.105179 0.994363 -0.0133817 -0.0603501 -0.372335 -0.0268993 0.927709 -0.551401
13 16 218 0.881498 0.104632 0.460449 -0.844557 -0.109103 0.993885 -0.0169795 -0.0979301 -0.45941 -0.035269 0.887524 -0.526435
13 17 177 0.985341 0.1653 0.0421804 0.204062 -0.167779 0.894223 0.414988 -0.960375 0.030879 -0.415982 0.908848 -0.189836
13 18 129 -0.868979 0.385446 -0.310335 0.278074 0.298906 0.908643 0.291588 -0.178045 0.394375 0.160623 -0.904803 0.943915
13 19 178 -0.11826 0.219053 -0.96852 0.638019 0.213913 0.958083 0.190573 -0.130734 0.969668 -0.184641 -0.160161 0.758842
13 20 56 -0.0120786 0.99596 0.0889776 0.291995 -0.69956 0.0551644 -0.712441 0.0318476 -0.714472 -0.0708505 0.696068 0.95589
13 21 106 -0.196314 -0.906704 0.373296 0.369764 0.723496 0.123017 0.67928 -0.0679949 -0.661827 0.40343 0.631846 0.926634
13 22 65 -0.383008 0.460431 0.800817 0.38421 -0.696907 -0.713053 0.0766604 0.0542411 0.606321 -0.528733 0.593983 0.921651
13 23 39 0.901067 0.332667 0.278227 -0.341886 -0.351253 0.936102 0.0183047 0.0195251 -0.25436 -0.114222 0.960341 -0.939539
13 24 54 0.668795 0.664824 -0.332748 0.369242 -0.661561 0.736396 0.141624 0.275553 0.33919 0.125416 0.93232 -0.887542
13 25 62 0.999059 0.0113906 -0.0418451 0.188441 -0.0101627 0.999515 0.0294398 -0.0928346 0.0421602 -0.0289868 0.99869 -0.977687
13 26 81 0.787478 -0.609916 0.0887738 -0.319927 0.613663 0.789295 -0.0207594 0.229591 -0.0574072 0.0708248 0.995835 -0.919203
13 27 118 0.772067 -0.624534 0.117773 0.320832 0.626958 0.778801 0.0198136 -0.267063 -0.104096 0.0585415 0.992843 0.908705
13 28 71 0.978202 0.10738 0.177736 0.351729 -0.0995799 0.993656 -0.0522658 -0.0455146 -0.182221 0.0334276 0.982689 0.934995
13 29 67 -0.856241 0.156263 -0.492375 -0.194157 0.318425 0.91019 -0.264878 0.155948 0.406764 -0.383584 -0.8291 0.968495
14 15 450 0.9709 0.0581008 0.232331 -0.879053 -0.0500535 0.99793 -0.0403886 -0.118379 -0.234197 0.0275842 0.971798 -0.461792
14 16 294 0.934924 0.0786821 0.346016 -0.905234 -0.0657003 0.99663 -0.0491082 -0.109431 -0.348714 0.0231791 0.936943 -0.410581
14 17 166 0.887519 0.116529 0.445792 -0.996139 -0.109611 0.993113 -0.0413765 -0.0122847 -0.447543 -0.012141 0.89418 -0.0869272
14 18 40 -0.970138 -0.0205177 -0.241683 0.320544 -0.00991228 -0.99223 0.124024 -0.208083 -0.24235 0.122716 0.962397 0.924096
14 19 65 0.555114 -0.324982 -0.76566 0.372418 0.206253 -0.837984 0.505216 -0.201439 -0.805797 -0.438372 -0.398148 0.90594
14 20 64 0.423307 -0.755287 -0.500353 0.317808 -0.679717 -0.629898 0.375784 -0.200405 -0.598995 0.181027 -0.780022 0.926734
14 21 110 0.0288724 0.300611 0.95331 -0.490967 0.266797 0.916791 -0.297176 0.188667 -0.96332 0.262921 -0.0537323 0.850504
14 22 74 0.990022 0.00037532 0.140911 0.608121 0.0018378 0.999877 -0.0155753 -0.276047 -0.1409 0.0156789 0.9899 -0.744303
