0 1 1120 0.723734 -0.0987055 -0.682983 0.359717 0.0915906 0.994701 -0.0466998 0.164384 0.683974 -0.0287565 0.72894 0.918467
0 2 1174 0.852946 -0.090235 -0.514142 0.535828 0.103782 0.994597 -0.00238674 0.177586 0.511579 -0.0513228 0.857702 0.82544
0 3 1798 0.955889 -0.0524376 -0.28901 0.68312 0.0561865 0.998409 0.00468458 0.136543 0.288304 -0.0207164 0.957315 0.717428
0 4 2142 0.988928 -0.0301382 -0.145304 0.628525 0.0265756 0.999298 -0.0263977 0.125516 0.145997 0.0222438 0.989035 0.767595
0 5 1904 0.999658 0.00404084 -0.0258448 0.482535 -0.00446449 0.999856 -0.0163553 0.152327 0.025775 0.0164651 0.999532 0.862529
0 6 2033 0.998462 0.00848113 0.054793 0.404993 -0.010087 0.999526 0.029099 0.188817 -0.0545202 -0.0296069 0.998074 0.894611
0 7 751 0.912936 0.0792931 0.400325 0.524682 -0.0977116 0.994881 0.0257722 0.167814 -0.396232 -0.0626447 0.916011 0.834594
0 8 921 0.86327 0.0943893 0.495839 0.221936 -0.105234 0.994429 -0.00608756 0.234138 -0.493651 -0.0469237 0.868393 0.946532
0 9 1179 0.771608 0.115993 0.625433 -0.645743 -0.125715 0.991648 -0.0288134 0.190614 -0.623552 -0.0563939 0.779745 0.73938
0 10 1162 0.709229 0.12686 0.69347 -0.993959 -0.122516 0.990887 -0.0559683 0.0183205 -0.694251 -0.045267 0.718308 0.108209
0 11 1045 0.584673 0.162889 0.794748 -0.964883 -0.162437 0.983303 -0.0820345 0.0667435 -0.794841 -0.0811335 0.60137 0.254058
0 12 887 0.455856 0.158748 0.875782 -0.927452 -0.182937 0.979669 -0.0823583 0.085003 -0.871051 -0.122669 0.475629 0.364153
0 13 839 0.077866 0.170117 0.982343 -0.660507 -0.196374 0.968648 -0.152179 0.135387 -0.977432 -0.181057 0.108831 0.738512
0 14 802 -0.0568948 0.214208 0.97513 -0.3948 -0.301148 0.927537 -0.221324 0.220701 -0.951878 -0.306251 0.0117363 0.891866
0 15 257 0.993702 -0.112029 0.00249869 0.491324 0.112035 0.992827 -0.0417429 -0.0654126 0.00219564 0.0417599 0.999125 -0.868517
0 16 413 0.826012 0.309741 -0.470919 0.267665 0.212194 -0.944895 -0.249295 0.072541 -0.522186 0.105994 -0.846219 0.960777
0 17 158 0.496664 0.822658 0.276694 -0.178336 -0.803145 0.55647 -0.212839 -0.0946232 -0.329065 -0.116516 0.937091 -0.979409
0 18 104 -0.0760486 -0.878065 -0.47246 0.616071 0.877887 0.165712 -0.449282 0.0884985 0.472791 -0.448934 0.758239 -0.782703
0 19 479 0.780496 0.107783 -0.615799 0.805659 -0.0756216 0.99407 0.0781451 0.0473955 0.62057 -0.0144243 0.784019 0.590481
0 20 204 0.909437 0.392823 0.136433 -0.216082 -0.404843 0.911333 0.0746645 -0.0753939 -0.0950056 -0.123137 0.987832 -0.97346
0 21 412 -0.691027 0.718686 0.0772806 0.02759 0.603018 0.632134 -0.486597 0.26653 -0.398562 -0.28965 -0.870202 0.963432
0 22 241 0.734439 -0.653963 -0.181473 0.376567 0.636299 0.756513 -0.151033 0.149068 0.236057 -0.00454662 0.971729 -0.914317
0 23 233 -0.681831 -0.500519 0.533468 -0.228238 -0.567494 0.822092 0.0459968 -0.171028 -0.461582 -0.271378 -0.844569 0.958466
0 24 420 -0.0359464 -0.0353867 -0.998727 0.873232 0.287572 0.956736 -0.0442492 0.0736463 0.957084 -0.288796 -0.024215 0.481707
0 25 446 -0.744738 -0.457151 -0.486187 0.0824355 -0.147011 0.823012 -0.54867 0.201198 0.650963 -0.33714 -0.680135 0.976076
0 26 625 -0.161415 -0.299242 -0.940425 0.481728 0.0792737 0.94591 -0.314594 0.534835 0.983698 -0.125331 -0.128962 0.694182
0 27 880 0.0562787 -0.183924 -0.981328 0.813583 0.232738 0.958225 -0.166246 0.0702697 0.97091 -0.219037 0.0967337 0.577187
0 28 805 0.170337 -0.190851 -0.966727 0.264482 0.193866 0.968381 -0.157018 0.162154 0.966127 -0.160669 0.20195 0.95066
0 29 1245 0.903046 -0.0819515 -0.421654 0.585789 0.0891367 0.996016 -0.0026808 0.141251 0.420193 -0.0351639 0.906753 0.79806
1 2 2076 0.96554 0.0226196 0.259272 -0.993571 -0.0330537 0.998807 0.0359546 -0.067784 -0.258149 -0.0432855 0.965135 -0.0906802
1 3 1828 0.867397 0.0631071 0.493599 -0.978788 -0.0736572 0.997282 0.00193381 -0.0584202 -0.492135 -0.0380345 0.869688 -0.19637
1 4 1465 0.805321 0.0818155 0.587166 -0.989219 -0.0656722 0.996647 -0.0488006 0.00553507 -0.58919 0.000739625 0.807994 -0.146337
1 5 1217 0.698641 0.108183 0.707246 -0.942273 -0.0987766 0.993621 -0.0544129 0.0402927 -0.708621 -0.0318443 0.70487 0.332413
1 6 1065 0.669382 0.114615 0.734024 -0.949058 -0.136446 0.990188 -0.0301837 0.0594016 -0.730281 -0.0799501 0.678453 0.309452
1 7 235 0.917412 0.0834697 0.389085 0.322159 -0.106024 0.993682 0.0368172 -0.101892 -0.383554 -0.0750288 0.920466 -0.941186
1 8 195 0.542069 0.132737 0.829784 -0.748853 -0.14624 0.987279 -0.0623971 -0.0776804 -0.827511 -0.0875242 0.554585 -0.658168
1 9 260 0.994076 -0.0107351 -0.108155 0.90403 -0.00306403 0.991947 -0.126619 0.0943835 0.108643 0.126201 0.986038 0.41692
1 10 175 0.592873 0.470813 0.653327 -0.556048 -0.521142 0.842814 -0.134444 -0.0475382 -0.613931 -0.260768 0.745042 -0.82979
1 11 319 0.241225 0.214732 0.946414 -0.951148 -0.0723442 0.976479 -0.203114 0.0642385 -0.967769 -0.0194713 0.251086 0.30198
1 12 355 0.720387 0.143095 0.678651 -0.985653 0.0400331 0.968275 -0.246658 0.0772424 -0.692416 0.204858 0.691804 0.150072
1 13 383 0.545353 -0.0682214 0.835425 -0.933894 0.315807 0.939959 -0.129397 -0.0535477 -0.776438 0.3344 0.534155 0.353518
1 14 150 -0.222112 0.922071 0.316941 -0.384654 -0.903167 -0.0720951 -0.423193 0.247813 -0.367364 -0.380246 0.848797 -0.889174
1 15 243 -0.733407 0.671767 0.104128 0.0756637 0.674595 0.738114 -0.0104452 0.0156736 -0.0838751 0.0625837 -0.994509 0.99701
1 16 232 0.95032 -0.199369 -0.23905 0.546261 0.208761 0.977861 0.0143673 -0.134177 0.230893 -0.0635577 0.970901 -0.826799
1 17 192 0.987439 -0.0768469 -0.138055 0.205355 0.087753 0.993336 0.0747232 0.21438 0.131393 -0.0858993 0.987602 0.954919
1 18 178 0.9921 0.0194061 0.123936 -0.468881 -0.0180646 0.999766 -0.0119385 -0.0761231 -0.124139 0.00960535 0.992218 -0.879975
1 19 349 0.635477 0.00208492 -0.772117 0.855025 0.0397678 0.998581 0.0354266 0.0345825 0.771095 -0.0532182 0.634492 0.517433
1 20 147 0.251174 -0.895797 -0.366687 -0.158346 0.879389 0.0528896 0.473158 -0.0930547 -0.404459 -0.441305 0.801038 0.982989
1 21 191 0.840913 0.518364 -0.155451 0.633927 -0.540924 0.813776 -0.212533 0.134225 0.0163328 0.262809 0.96471 -0.761656
1 22 273 0.645477 -0.285593 -0.708375 0.944149 0.574694 0.792494 0.204158 0.134423 0.503077 -0.538879 0.675665 -0.300856
1 23 288 0.907252 -0.135677 0.398103 -0.961949 0.0302491 0.965137 0.259991 -0.0566199 -0.419498 -0.223835 0.879727 0.267296
1 24 328 0.857665 -0.118757 0.500308 -0.856789 0.041212 0.985711 0.163328 0.0112054 -0.512555 -0.119462 0.850303 0.515546
1 25 443 0.800117 0.146113 -0.581776 0.687444 0.0926428 0.928142 0.360514 0.135415 0.592646 -0.342351 0.729086 0.713501
1 26 608 0.612508 -0.166241 -0.772786 0.661052 0.218812 0.97509 -0.0363308 0.186209 0.759576 -0.146842 0.633626 0.726867
1 27 816 0.72856 -0.138515 -0.670831 0.941249 0.179597 0.983707 -0.0080669 0.0435715 0.661019 -0.114602 0.741566 0.33489
1 28 1229 0.837143 -0.119264 -0.533823 0.997942 0.127752 0.99158 -0.0211928 -0.00498767 0.531856 -0.0504558 0.84533 0.0639313
1 29 365 0.95434 0.0280607 0.297403 -0.52692 -0.0354599 0.999181 0.0195128 0.159957 -0.296611 -0.0291677 0.954553 0.834727
2 3 2526 0.969321 0.051062 0.240436 -0.747176 -0.0483045 0.998682 -0.0173525 -0.116803 -0.241005 0.00520604 0.97051 -0.654282
2 4 1864 0.92572 0.0732576 0.371047 -0.977022 -0.0535102 0.996562 -0.0632541 -0.0119998 -0.374405 0.0387008 0.926457 -0.212802
2 5 1498 0.8692 0.106656 0.482821 -0.972609 -0.0884717 0.994248 -0.0603596 0.0471313 -0.486482 0.00974856 0.873636 0.22762
2 6 1313 0.825984 0.112699 0.552313 -0.995773 -0.115607 0.992851 -0.0296998 0.0150272 -0.551712 -0.0393197 0.833107 0.0906063
2 7 575 0.556212 0.167828 0.813918 -0.986961 -0.187314 0.979511 -0.0739666 0.0875676 -0.809656 -0.111317 0.576252 0.135056
2 8 494 0.483577 0.173701 0.857893 -0.924734 -0.179229 0.978995 -0.0971932 0.0942587 -0.856756 -0.106759 0.504552 0.368757
2 9 417 0.383324 0.197006 0.902359 -0.999395 -0.237482 0.965163 -0.109835 -0.00507825 -0.892561 -0.172191 0.416755 -0.0344193
2 10 390 0.0150298 0.233838 0.972159 -0.868674 -0.000835054 0.972272 -0.233853 0.0467349 -0.999887 0.00270295 0.0148083 0.493175
2 11 398 0.168924 0.199784 0.965169 -0.889306 -0.260781 0.953403 -0.151707 0.0936154 -0.950504 -0.226071 0.213153 0.447628
2 12 345 -0.220229 0.248231 0.943335 -0.888927 -0.0382685 0.964135 -0.262638 0.124257 -0.974697 -0.0939405 -0.202831 0.440872
2 13 292 0.909474 0.126355 0.396094 -0.886032 -0.204383 0.965513 0.161284 0.00936486 -0.362055 -0.227639 0.903934 -0.463529
2 14 401 -0.769769 -0.0461439 0.636652 -0.365619 -0.268168 0.928475 -0.256944 0.189971 -0.579259 -0.368517 -0.727086 0.911172
2 15 205 0.900615 0.373051 0.222992 -0.865308 -0.342976 0.925173 -0.162551 0.22461 -0.266946 0.069915 0.961172 0.448099
2 16 361 -0.7994 0.0813199 -0.59527 0.350233 0.0654459 0.996688 0.048269 -0.032284 0.597224 -0.000371709 -0.802075 0.936106
2 17 407 -0.176965 0.171981 0.969075 -0.730559 0.348538 0.93176 -0.101711 0.115576 -0.920437 0.31976 -0.224831 0.672998
2 18 133 0.969928 0.11124 0.216483 -0.0215395 -0.108848 0.993793 -0.0229833 -0.0401805 -0.217696 -0.00127149 0.976016 -0.99896
2 19 277 -0.641271 -0.756785 0.12668 -0.280359 -0.749949 0.583234 -0.312112 -0.00110737 0.162317 -0.295152 -0.941562 0.959895
2 20 288 -0.658697 0.312282 0.684542 -0.507549 0.057915 0.928146 -0.367684 0.162638 -0.750176 -0.202547 -0.629453 0.846134
2 21 236 -0.812356 0.253873 -0.525001 0.311238 0.183294 0.965797 0.183409 -0.0795121 0.553607 0.0527641 -0.831105 0.947
2 22 273 0.415147 0.367062 -0.832417 0.645919 0.266015 0.826024 0.496911 0.0292696 0.869994 -0.427726 0.245277 0.762845
2 23 217 0.917294 -0.081211 -0.389842 0.981896 0.0588501 0.99588 -0.0689859 0.00178751 0.393839 0.0403381 0.918294 0.189413
2 24 174 0.992829 -0.0365091 -0.113835 0.978094 0.0414069 0.998302 0.0409607 -0.0423931 0.112146 -0.0453805 0.992655 -0.2038
2 25 235 0.998442 0.034875 -0.0435666 0.991089 -0.036297 0.998819 -0.0322856 0.0234498 0.0423892 0.0338166 0.998529 -0.131122
2 26 458 0.325223 -0.187785 -0.926804 0.768977 0.226395 0.967044 -0.116495 0.192521 0.918137 -0.171937 0.357019 0.609598
2 27 678 0.608785 -0.161157 -0.776794 0.506795 0.178901 0.981817 -0.0634847 0.177258 0.7729 -0.100321 0.626547 0.843646
2 28 857 0.723922 -0.149785 -0.673425 0.975432 0.132937 0.988138 -0.0768798 -0.0374951 0.676953 -0.0338682 0.735247 -0.217087
2 29 2177 0.997628 0.0129614 0.0675989 0.990452 -0.0119701 0.999815 -0.0150497 0.0573034 -0.0677815 0.0142048 0.997599 0.125386
3 4 3756 0.989352 0.0223291 0.143817 -0.997355 -0.0162402 0.998927 -0.0433737 0.068413 -0.144631 0.0405763 0.988653 -0.0245593
3 5 2849 0.950288 0.0593102 0.305673 -0.978216 -0.052493 0.998156 -0.0304815 0.0868747 -0.306917 0.0129205 0.951649 0.188538
3 6 2480 0.935797 0.0645315 0.346583 -0.994473 -0.0667175 0.997756 -0.0056342 0.0485379 -0.346168 -0.0178507 0.938003 0.0931021
3 7 1123 0.783315 0.133208 0.607185 -0.879324 -0.157532 0.987423 -0.013399 0.0731729 -0.601333 -0.0851553 0.794447 0.470569
3 8 929 0.713812 0.144116 0.685349 -0.861542 -0.157653 0.986547 -0.0432518 0.0809536 -0.682362 -0.0771737 0.72693 0.501191
3 9 869 0.621709 0.152689 0.768221 -0.899 -0.155692 0.985333 -0.0698424 0.086711 -0.767618 -0.0761846 0.636363 0.42928
3 10 795 0.469747 0.167659 0.866734 -0.993675 -0.145062 0.983114 -0.111552 0.0255598 -0.870801 -0.0733287 0.486136 0.109344
3 11 736 0.518148 0.185688 0.834891 -0.722539 -0.206549 0.974423 -0.0885339 0.104674 -0.829976 -0.126572 0.543249 0.68336
3 12 406 0.916572 0.188018 0.352909 -0.346969 -0.177963 0.982142 -0.0610489 0.0565655 -0.358085 -0.00684912 0.933664 -0.936169
3 13 649 -0.188109 0.189717 0.96365 -0.754899 -0.187228 0.956246 -0.224807 0.142462 -0.964137 -0.222711 -0.144359 0.640181
3 14 603 -0.28954 0.317557 0.902953 -0.624488 -0.113791 0.925251 -0.361887 0.216904 -0.950378 -0.207528 -0.231763 0.750311
3 15 534 0.612664 0.196075 -0.765635 0.870912 -0.285624 0.958194 0.0168308 -0.199965 0.736927 0.208372 0.643054 0.448916
3 16 394 -0.794697 0.438558 -0.41967 0.399268 0.592809 0.709389 -0.381242 0.234473 0.130513 -0.551756 -0.82373 0.886345
3 17 234 0.36862 0.713807 -0.595482 0.0418476 -0.24789 0.692878 0.677105 0.10238 0.895918 -0.10198 0.432354 0.993865
3 18 256 0.762897 -0.639316 -0.096244 0.180895 0.594567 0.752242 -0.28394 0.158021 0.253926 0.159393 0.954 0.970725
3 19 388 0.9452 0.182391 -0.270794 0.973975 -0.274195 0.893701 -0.355126 0.166979 0.177238 0.409916 0.894738 0.153267
3 20 289 0.199959 0.732578 -0.650651 0.443621 -0.466889 0.655063 0.59406 -0.13797 0.861412 0.184994 0.473018 0.885531
3 21 219 -0.960248 -0.276413 0.0389817 -0.0498731 -0.278088 0.935063 -0.219827 0.047777 0.0243127 -0.221929 -0.97476 0.997612
3 22 108 0.95162 0.0865714 0.294829 0.253788 0.0880247 0.842475 -0.531496 0.0647927 -0.294398 0.531735 0.794096 0.965087
3 23 163 -0.702433 0.0844786 -0.706719 0.755879 0.113509 -0.966927 -0.228404 0.10216 -0.702641 -0.240658 0.669612 -0.646692
3 24 151 0.76471 -0.474182 -0.436314 0.0985415 0.464065 0.875042 -0.13764 0.0644821 0.44706 -0.0972231 0.889205 0.993042
3 25 87 0.773634 0.600237 -0.202992 0.114515 -0.621789 0.780813 -0.0609051 0.0293439 0.121942 0.173337 0.977284 -0.992988
3 26 549 0.349255 -0.234726 -0.907152 0.689927 0.2437 0.957555 -0.153944 0.174299 0.904783 -0.167307 0.391633 0.702581
3 27 754 0.231286 -0.188975 -0.954356 0.761677 0.20467 0.968452 -0.142165 0.141867 0.951114 -0.162447 0.262666 0.632235
3 28 1015 0.452065 -0.179779 -0.87368 0.854446 0.160142 0.979922 -0.118779 0.0919612 0.877492 -0.0862165 0.471778 0.511337
3 29 2569 0.980851 -0.0287705 -0.192625 0.866551 0.030552 0.999513 0.00628396 0.115737 0.192351 -0.0120487 0.981252 0.485483
4 5 3701 0.991431 0.025478 0.128124 -0.789878 -0.0277129 0.999493 0.0156909 0.0901623 -0.127659 -0.0191072 0.991634 0.6066
4 6 3154 0.977741 0.0331431 0.207181 -0.990714 -0.0441923 0.997824 0.048931 0.0361945 -0.205109 -0.0569977 0.977078 0.131057
4 7 1630 0.829603 0.0929195 0.550568 -0.993098 -0.125652 0.991832 0.0219426 0.0346061 -0.544032 -0.0873838 0.834502 0.112068
4 8 1302 0.789292 0.0999991 0.605821 -0.917941 -0.131083 0.991346 0.00714548 0.0711995 -0.599863 -0.0850525 0.795569 0.390275
4 9 1150 0.692624 0.111359 0.712651 -0.997699 -0.139508 0.990036 -0.0191165 -0.00437882 -0.707679 -0.0861798 0.701258 -0.0676609
4 10 1046 0.582183 0.125176 0.803364 -0.98493 -0.138233 0.988931 -0.0539152 0.0326594 -0.80122 -0.0796627 0.593043 0.169843
4 11 908 0.426571 0.151032 0.891755 -0.961797 -0.18181 0.980152 -0.079034 0.0646041 -0.885992 -0.128416 0.445563 0.26603
4 12 778 0.295481 0.144631 0.944337 -0.920729 -0.194448 0.976887 -0.0887732 0.0812972 -0.935351 -0.157394 0.316775 0.381641
4 13 812 0.362846 0.142152 0.920943 -0.303728 -0.223913 0.972641 -0.061912 0.135875 -0.904547 -0.183746 0.384749 0.94302
4 14 725 -0.00565842 0.200151 0.979749 -0.924187 -0.246982 0.949131 -0.195323 0.16706 -0.969003 -0.243086 0.0440632 0.343466
4 15 571 0.0347811 0.405887 0.913261 -0.715198 -0.254321 0.887325 -0.384674 0.350051 -0.966494 -0.218882 0.134088 0.604943
4 16 538 -0.0290494 -0.174809 -0.984174 0.684465 0.0388864 0.983646 -0.175863 0.0761091 0.998821 -0.0433796 -0.0217767 0.725062
4 17 343 0.104245 -0.994377 0.0186585 -0.0989007 -0.986716 -0.105756 -0.123316 0.127126 0.124596 -0.00555565 -0.992192 0.986944
4 18 397 0.757916 0.0142138 0.652198 -0.887387 -0.160903 0.972948 0.165781 -0.100023 -0.632198 -0.230588 0.739699 -0.450043
4 19 415 -0.992685 -0.0698833 0.0984542 -0.0991223 -0.027343 0.924397 0.38045 -0.181722 -0.117598 0.374975 -0.919546 0.978341
4 20 274 -0.411428 0.832762 0.370452 -0.477306 0.792155 0.125686 0.597238 -0.261944 0.450796 0.539176 -0.711387 0.838788
4 21 124 0.868294 -0.111989 0.483243 -0.406349 0.096497 0.993706 0.0569005 0.0424247 -0.486573 -0.00277489 0.873635 -0.912733
4 22 381 -0.0565874 -0.925 0.37573 -0.286199 -0.830041 -0.165547 -0.532565 0.226516 0.554824 -0.342008 -0.75842 0.931011
4 23 260 -0.813262 -0.392198 0.429867 -0.373913 0.474518 -0.0194076 0.880032 -0.0210081 -0.336804 0.919676 0.201888 0.927226
4 24 243 -0.536901 -0.0718262 -0.840582 0.746963 -0.185364 0.982065 0.0344812 0.0181435 0.823029 0.174327 -0.540586 0.664618
4 25 104 0.0961498 -0.938998 -0.330208 0.262218 0.994649 0.103239 -0.00395554 -0.0743416 0.0378047 -0.328061 0.9439 -0.962141
4 26 573 -0.0500525 -0.137151 -0.989285 0.616323 0.260546 0.954434 -0.145502 0.170669 0.964163 -0.265037 -0.0120377 0.768777
4 27 805 0.148319 -0.166659 -0.974795 0.758479 0.208283 0.968852 -0.133952 0.152583 0.966757 -0.183166 0.178411 0.633583
4 28 1074 0.396249 -0.157596 -0.904517 0.787956 0.183514 0.978874 -0.0901582 0.0363229 0.899616 -0.130267 0.416799 0.614659
4 29 2187 0.949169 -0.042947 -0.311823 0.947039 0.0563161 0.997834 0.0339921 0.0642497 0.309688 -0.0498249 0.949532 0.314626
5 6 3675 0.996791 0.0056335 0.0798535 -0.850138 -0.00903258 0.999065 0.0422695 -0.11246 -0.0795407 -0.0428551 0.99591 -0.514411
5 7 2047 0.903887 0.0661732 0.422623 -0.959729 -0.0857804 0.995934 0.0275225 -0.0494808 -0.419083 -0.06113 0.905888 -0.276535
5 8 1657 0.840099 0.085064 0.535722 -0.984163 -0.104002 0.994564 0.00517196 -0.0178974 -0.53237 -0.0600614 0.844378 -0.176361
5 9 1416 0.77974 0.0973639 0.618486 -0.998745 -0.113367 0.993462 -0.0134697 -0.00499128 -0.615754 -0.0596128 0.78568 -0.0498423
5 10 1300 0.692787 0.11187 0.712412 -0.995822 -0.124066 0.991654 -0.0350716 0.0199879 -0.71039 -0.0640887 0.700885 0.0890996
5 11 1165 0.556293 0.14771 0.817753 -0.966247 -0.157019 0.985032 -0.0711101 0.0672387 -0.816017 -0.0888446 0.57116 0.248686
5 12 989 0.420802 0.144737 0.895532 -0.926398 -0.172327 0.981968 -0.0777321 0.0787806 -0.890634 -0.121614 0.438156 0.368212
5 13 954 0.0588795 0.169131 0.983833 -0.722714 -0.180306 0.971136 -0.156158 0.140589 -0.981847 -0.168196 0.0876753 0.676697
5 14 814 0.0603277 0.311835 0.948219 -0.888535 -0.198338 0.934752 -0.294788 0.361054 -0.978275 -0.170284 0.11824 0.283102
5 15 297 0.699075 0.694118 0.171739 -0.0725704 -0.671076 0.719806 -0.177583 0.180646 -0.246883 0.00889395 0.969005 -0.980867
5 16 290 0.954418 -0.283359 -0.0937744 0.440472 0.287612 0.9571 0.0351858 0.0246844 0.0797813 -0.0605527 0.994972 -0.897427
5 17 328 -0.792414 0.0398824 -0.608679 0.456067 -0.0654271 0.986546 0.149818 -0.0897053 0.606465 0.158542 -0.779143 0.885413
5 18 475 0.214007 -0.1334 0.96768 -0.867284 -0.207067 0.961923 0.1784 0.047343 -0.954633 -0.238554 0.178236 0.495557
5 19 533 -0.00773318 0.761109 -0.648577 0.50946 0.699797 0.467425 0.540182 -0.165069 0.7143 -0.449695 -0.536237 0.844513
5 20 281 -0.0841147 0.10732 -0.99066 0.9998 -0.956252 0.270859 0.110536 0.00064943 0.280192 0.956618 0.0798415 0.0199866
5 21 437 -0.3716 0.395312 0.840025 -0.509097 0.331972 0.901572 -0.277422 0.0125462 -0.867011 0.175774 -0.466257 0.860618
5 22 367 -0.0688835 -0.347521 0.935139 -0.888936 -0.950424 0.307776 0.0443677 -0.130785 -0.303232 -0.885722 -0.351493 0.438963
5 23 349 -0.140954 0.674116 0.725052 -0.497426 0.967431 0.249327 -0.0437373 0.00750711 -0.210259 0.695273 -0.687304 0.867474
5 24 279 0.863121 -0.18366 -0.470416 0.980311 0.2354 0.970451 0.0530277 -0.0370361 0.446777 -0.156505 0.88085 -0.193954
5 25 383 0.966985 -0.179669 0.180717 -0.909064 0.191855 0.980032 -0.0522337 0.0530589 -0.167724 0.0851808 0.982147 0.413264
5 26 595 0.115323 -0.219495 -0.968774 0.870804 0.232886 0.954072 -0.188442 0.127924 0.965642 -0.203882 0.161143 0.474695
5 27 770 0.17639 -0.205164 -0.962702 0.801823 0.229914 0.95957 -0.162371 0.115642 0.957093 -0.192698 0.216429 0.586266
5 28 944 0.255209 -0.18021 -0.949943 0.782235 0.183316 0.973676 -0.135463 0.116161 0.949349 -0.139568 0.281526 0.612058
5 29 2095 0.893133 -0.0769064 -0.44317 0.983779 0.0940023 0.995432 0.0167012 0.0486858 0.439861 -0.0565754 0.896282 0.172649
6 7 2144 0.936006 0.0775825 0.343328 -0.911525 -0.0814122 0.996675 -0.00326872 -0.0780683 -0.34244 -0.0248916 0.93921 -0.403768
6 8 1665 0.880104 0.0990816 0.464326 -0.97331 -0.096747 0.994889 -0.0289188 -0.0240176 -0.464819 -0.0194706 0.885192 -0.228233
6 9 1344 0.828599 0.116448 0.547597 -0.99988 -0.11317 0.992775 -0.0398732 -0.00720808 -0.548284 -0.0289326 0.835792 -0.0136918
6 10 1259 0.746484 0.135336 0.651495 -0.998229 -0.110284 0.99072 -0.0794405 0.0233125 -0.656201 -0.0125487 0.754482 0.0547364
6 11 1111 0.613766 0.175643 0.769702 -0.97079 -0.16242 0.982175 -0.0946134 0.0720597 -0.7726 -0.0669445 0.631353 0.228853
6 12 951 0.490683 0.177952 0.852973 -0.917672 -0.172244 0.979416 -0.105246 0.0843521 -0.854144 -0.0952766 0.511234 0.388283
6 13 828 0.154609 0.194962 0.968548 -0.793807 -0.206137 0.965126 -0.161367 0.131137 -0.966232 -0.174705 0.189406 0.593864
6 14 798 0.00980397 0.204331 0.978853 -0.599969 -0.255337 0.94696 -0.195116 0.212389 -0.966802 -0.248024 0.0614573 0.771316
6 15 500 -0.710343 0.00513544 0.703837 -0.562981 -0.300943 0.901745 -0.310304 0.239701 -0.636276 -0.432237 -0.639003 0.790946
6 16 345 -0.892388 -0.0448616 0.449033 -0.289163 -0.121126 0.982344 -0.142578 0.0421269 -0.434709 -0.181624 -0.882066 0.956353
6 17 347 0.97161 -0.131718 0.19653 -0.683836 0.163566 0.974162 -0.155741 0.0372321 -0.170938 0.183465 0.96805 -0.728685
6 18 221 0.973624 0.225029 0.0376517 -0.34593 -0.227075 0.971775 0.0639517 -0.10144 -0.022198 -0.0708147 0.997242 -0.93276
6 19 135 0.784 -0.594995 -0.176991 0.12381 0.614436 0.784399 0.084773 -0.0502136 0.0883918 -0.175211 0.980555 -0.991035
6 20 220 0.979889 0.170261 0.104057 0.19233 -0.168736 0.985385 -0.0233501 -0.0101276 -0.106512 0.00532236 0.994297 -0.981278
6 21 286 0.688072 0.610576 -0.392115 0.341272 -0.505232 0.79098 0.345097 -0.0744265 0.520863 -0.0393425 0.852733 0.937013
6 22 302 0.987121 -0.151313 0.051919 0.838364 0.136775 0.966619 0.216657 0.0382305 -0.082969 -0.206766 0.974866 -0.543768
6 23 308 -0.33413 0.65109 -0.681497 0.819902 -0.922889 -0.0791768 0.376838 -0.274629 0.191396 0.75486 0.627339 -0.502334
6 24 174 0.196457 -0.0538782 -0.979031 0.997386 0.980464 0.000886923 0.196695 -0.0704239 -0.00972927 -0.998547 0.0529999 -0.0161522
6 25 138 0.845737 -0.530641 0.0561198 -0.143708 0.531513 0.828461 -0.176482 0.0309231 0.0471554 0.179085 0.982703 -0.989137
6 26 580 -0.149825 -0.222077 -0.963449 0.742386 0.238384 0.937587 -0.253186 0.162409 0.959544 -0.267605 -0.0875346 0.64999
6 27 585 0.344949 -0.185717 -0.920065 0.152069 0.206185 0.97128 -0.118752 0.203929 0.915695 -0.14874 0.373334 0.967103
6 28 858 0.0404397 -0.213275 -0.976155 0.733244 0.148079 0.967445 -0.205237 0.171853 0.988148 -0.136249 0.0707048 0.657891
6 29 1582 0.84446 -0.109221 -0.524364 0.893762 0.091533 0.994015 -0.0596361 0.0755846 0.527739 0.00236378 0.849403 0.442127
7 8 3025 0.991226 0.0263274 0.129532 -0.988578 -0.0245195 0.999579 -0.0155324 -0.0252957 -0.129887 0.01222 0.991454 -0.148572
7 9 2513 0.973428 0.0461937 0.224286 -0.99896 -0.0419308 0.998839 -0.023735 -0.00428035 -0.225121 0.0136998 0.974234 0.0453842
7 10 1984 0.933482 0.0734485 0.351022 -0.995177 -0.0535226 0.996373 -0.0661487 0.0167891 -0.354608 0.042961 0.934028 0.0966446
7 11 1598 0.853225 0.120939 0.507328 -0.964816 -0.104339 0.99266 -0.0611577 0.0664273 -0.511 -0.000752751 0.85958 0.254395
7 12 1374 0.767368 0.131501 0.627578 -0.913454 -0.124278 0.990687 -0.0556249 0.0842309 -0.629048 -0.0353094 0.776564 0.39813
7 13 1214 0.471139 0.184285 0.862593 -0.699758 -0.161738 0.9794 -0.120901 0.139586 -0.867104 -0.082553 0.491239 0.70061
7 14 1093 0.30754 0.25882 0.915659 -0.785512 -0.232706 0.953534 -0.191367 0.264295 -0.922641 -0.154226 0.353479 0.55957
7 15 801 0.260699 0.398242 0.879454 -0.857661 -0.172106 0.915534 -0.363562 0.37164 -0.949955 -0.0565792 0.307219 0.355389
7 16 560 0.939558 0.295357 -0.173192 0.869139 -0.193694 0.875616 0.44247 -0.0214708 0.282336 -0.38218 0.8799 0.494102
7 17 583 0.970455 0.195876 0.14089 -0.627092 -0.220607 0.956815 0.189309 -0.0836375 -0.0977249 -0.214797 0.971757 -0.774442
7 18 408 -0.558632 0.773062 0.300507 -0.460087 0.742565 0.30475 0.596426 0.00244324 0.369495 0.556329 -0.744293 0.887871
7 19 393 0.0142953 0.910864 0.412459 -0.444986 0.787295 -0.26455 0.556938 -0.230482 0.616411 0.316765 -0.720901 0.86537
7 20 196 0.950578 -0.220201 -0.218889 0.254098 0.200917 0.973742 -0.107051 -0.0550199 0.236714 0.0577815 0.96986 0.965612
7 21 191 0.762119 -0.647211 0.0170972 -0.0937254 0.647345 0.76219 -0.00325104 0.083174 -0.0109272 0.0135454 0.999849 -0.992118
7 22 490 0.853854 -0.00761224 0.520456 -0.991756 0.127256 0.972603 -0.19455 -0.104369 -0.504716 0.232348 0.83143 0.0743478
7 23 177 0.871155 -0.486827 0.0639385 0.103441 0.480902 0.872243 0.0890222 0.120903 -0.0991083 -0.046804 0.993975 -0.98726
7 24 269 0.928106 0.327563 0.176981 -0.958822 -0.239722 0.889453 -0.389109 0.283735 -0.284874 0.318708 0.904031 0.0124874
7 25 183 -0.98191 0.163702 -0.095155 0.341858 -0.143289 -0.970929 -0.191744 0.093891 -0.123778 -0.174641 0.976821 -0.93505
7 26 500 -0.332467 -0.443462 -0.832351 0.41393 -0.625076 0.764483 -0.157628 0.0341478 0.70622 0.467876 -0.531362 0.909668
7 27 331 0.950364 0.177217 -0.255739 0.45803 -0.15828 0.983005 0.0929929 0.00920812 0.267873 -0.0478987 0.962263 0.888889
7 28 432 0.916447 0.148699 -0.371501 0.775566 -0.147576 0.988545 0.0316282 -0.0852828 0.371949 0.0258392 0.927894 0.625479
7 29 1102 0.640515 -0.206425 -0.739682 0.884753 0.172349 0.977265 -0.123486 0.160642 0.748356 -0.0483886 0.66153 0.437499
8 9 3421 0.998255 0.0125108 0.0577046 -0.890074 -0.0124855 0.999922 -0.000799116 -0.0281209 -0.0577101 7.72498e-05 0.998333 0.454948
8 10 2606 0.974389 0.044576 0.220406 -0.998757 -0.0352522 0.998317 -0.0460591 0.0197981 -0.222088 0.0371097 0.97432 -0.0457426
8 11 2017 0.918504 0.0928298 0.38436 -0.971426 -0.0854843 0.995682 -0.0361933 0.0663028 -0.38606 0.000387026 0.922474 0.227893
8 12 1717 0.846392 0.106539 0.521796 -0.920228 -0.102791 0.994043 -0.0362265 0.0848864 -0.522547 -0.0229739 0.852301 0.382067
8 13 1423 0.589438 0.166091 0.790554 -0.701437 -0.153926 0.983797 -0.0919229 0.142559 -0.793013 -0.067504 0.605454 0.698329
8 14 1316 0.477106 0.207095 0.854097 -0.633796 -0.235713 0.966386 -0.102651 0.220264 -0.846646 -0.152346 0.509883 0.741476
8 15 893 0.188431 0.497588 0.8467 -0.608765 -0.0522879 0.866004 -0.497296 0.228997 -0.980694 0.0494337 0.1892 0.759583
8 16 414 -0.713709 -0.154205 0.683257 -0.26021 0.182972 -0.98264 -0.0306456 0.0722032 0.676122 0.103145 0.729534 0.962849
8 17 427 0.994741 -0.0876547 0.0529901 -0.392659 0.0834633 0.993553 0.0767177 -0.0297948 -0.0593731 -0.0718915 0.995644 0.919202
8 18 316 -0.00177711 0.588281 -0.808655 -0.112914 -0.0460656 -0.807846 -0.587591 0.0344477 -0.998937 0.0362069 0.0285351 0.993007
8 19 312 0.950322 -0.275652 0.144584 -0.244562 -0.24178 -0.946244 -0.214861 0.110207 0.196039 0.169229 -0.965883 0.96335
8 20 156 0.555106 0.829369 -0.0632781 -0.358219 -0.800575 0.51209 -0.311198 0.003721 -0.225694 0.223407 0.948236 0.93363
8 21 130 -0.21777 -0.975866 0.0161497 0.260157 0.891635 -0.205649 -0.403356 0.0998245 0.396943 -0.0734393 0.914901 -0.960392
8 22 506 0.530128 -0.35086 0.771921 -0.940466 0.742024 0.632512 -0.222101 -0.202317 -0.410322 0.690526 0.595659 -0.273114
8 23 343 -0.463057 -0.597124 0.654997 -0.0918466 -0.209157 0.791747 0.573925 -0.156991 -0.861297 0.128763 -0.491516 0.98332
8 24 186 0.973328 0.109139 -0.201795 0.205117 -0.111832 0.993725 -0.00195687 -0.138893 0.200315 0.0244718 0.979426 0.968832
8 25 425 0.842208 -0.189476 0.504762 -0.921718 0.395022 0.854026 -0.338522 0.0905525 -0.366938 0.484498 0.794115 -0.377142
8 26 189 -0.768402 0.625882 0.133529 -0.223666 -0.590021 -0.773649 0.230957 0.0903686 0.247857 0.098683 0.963758 0.970467
8 27 392 0.613879 -0.604368 -0.50783 0.344838 0.2809 0.768446 -0.574966 -0.00674922 0.737731 0.21031 0.6415 0.938638
8 28 501 0.6672 0.279316 0.690527 -0.749405 0.00773662 0.924384 -0.381385 0.0164272 -0.744839 0.259802 0.614588 0.661908
8 29 919 0.744668 -0.17616 -0.643768 0.996051 0.160674 0.983489 -0.0832635 0.0863881 0.647807 -0.0414333 0.760677 0.020465
9 10 3022 0.990693 0.0233425 0.134102 -0.993021 -0.020558 0.999544 -0.0221118 0.0177901 -0.134557 0.0191491 0.990721 0.116588
9 11 2182 0.953834 0.0731489 0.291289 -0.981203 -0.0696309 0.99732 -0.0224402 0.0644562 -0.29215 0.00112155 0.956372 0.181897
9 12 1886 0.895174 0.081676 0.43817 -0.913221 -0.0867555 0.996194 -0.00845292 0.0830401 -0.437192 -0.0304468 0.898853 0.398914
9 13 1461 0.674261 0.140072 0.725088 -0.699476 -0.143553 0.987979 -0.057367 0.140648 -0.724407 -0.0654079 0.686263 0.700679
9 14 1065 0.816338 0.167537 0.552742 -0.926832 -0.180419 0.983085 -0.0315156 0.0446042 -0.548673 -0.0739978 0.832756 -0.372818
9 15 319 0.710272 0.267133 0.651271 0.0477622 -0.271332 0.957599 -0.0968681 0.0216794 -0.649533 -0.107908 0.752638 0.998623
9 16 895 0.63178 -0.0358912 -0.774317 0.964848 -0.436893 0.808657 -0.393952 0.08387 0.640296 0.587184 0.495213 0.249067
9 17 789 0.270869 0.46185 -0.844585 0.373201 0.157507 0.844296 0.512207 0.124392 0.949643 -0.271769 0.155949 0.919373
9 18 329 0.518108 -0.745095 0.419997 -0.721332 0.818599 0.28964 -0.495989 -0.0363732 0.247911 0.600785 0.759998 -0.691634
9 19 395 0.0499276 -0.945768 -0.320982 0.180464 -0.991805 -0.0847924 0.0955678 -0.145194 -0.117602 0.31358 -0.942251 0.972806
9 20 381 -0.745199 -0.0196462 -0.666553 0.288746 -0.63218 0.338886 0.696782 -0.0345133 0.212196 0.940622 -0.264957 0.956783
9 21 308 0.613192 0.707152 -0.35204 0.0427386 0.719528 -0.683925 -0.120527 0.0591487 -0.326 -0.179396 -0.928192 0.997334
9 22 135 0.959775 -0.266913 0.0871173 0.0335429 0.270765 0.961984 -0.0356706 0.071984 -0.0742845 0.057824 0.995559 -0.996842
9 23 219 0.925 0.371565 0.0794673 -0.41713 -0.375181 0.926241 0.0362877 0.233024 -0.0601226 -0.0633807 0.996177 -0.878466
9 24 450 0.235578 -0.620891 0.747661 -0.613459 -0.265976 0.698752 0.66408 -0.0565722 -0.934751 -0.355303 -0.000531813 0.787698
9 25 228 -0.484093 -0.796071 0.363214 -0.486119 0.80871 -0.565549 -0.161686 0.118498 0.334129 0.215464 0.917569 -0.865821
9 26 398 -0.35821 0.790237 0.497204 -0.238335 0.771671 0.550366 -0.318781 0.0824875 -0.525556 0.269488 -0.806949 0.967674
9 27 366 0.0555388 -0.995776 -0.0731174 0.018274 -0.947148 -0.0293701 -0.319451 0.0267919 0.315954 0.0869949 -0.944778 0.999474
9 28 73 -0.368755 -0.806589 -0.461989 -0.595048 0.545374 0.214735 -0.81022 0.112943 0.75272 -0.55073 0.360708 0.795715
9 29 891 0.343758 -0.172569 -0.923066 0.338319 0.150598 0.980378 -0.127199 0.156619 0.926904 -0.0952858 0.363001 0.927906
10 11 2732 0.985102 0.043704 0.166324 -0.953052 -0.0472919 0.998725 0.0176704 0.065876 -0.165339 -0.0252729 0.985913 0.295556
10 12 2109 0.947764 0.0531442 0.314515 -0.91996 -0.0632453 0.997756 0.0219915 0.0831205 -0.312641 -0.0407344 0.948998 0.383098
10 13 1571 0.766379 0.112812 0.632405 -0.691057 -0.125785 0.991755 -0.0244836 0.139548 -0.629953 -0.0607833 0.774251 0.709201
10 14 1281 0.596323 0.160857 0.786463 -0.700082 -0.206444 0.977496 -0.0433966 0.206562 -0.775745 -0.136482 0.616111 0.683533
10 15 884 0.564743 0.14744 0.81199 -0.990749 -0.178921 0.982384 -0.05394 0.00105047 -0.805638 -0.11482 0.581174 0.1357
10 16 551 0.723569 0.643257 -0.250336 0.240006 -0.490313 0.734257 0.469533 -0.137773 0.485841 -0.216997 0.846682 0.960945
10 17 780 -0.449779 0.139362 -0.8822 0.508413 0.174992 0.982357 0.0659659 0.167301 0.875829 -0.124708 -0.466231 0.844705
10 18 444 -0.310533 0.902104 0.299631 -0.161146 0.95053 0.297322 0.0899603 0.023374 -0.00793349 0.312744 -0.949804 0.986654
10 19 483 0.787554 0.458859 0.411348 -0.775375 0.111818 0.55002 -0.827632 -0.0861177 -0.606016 0.697801 0.381862 0.625602
10 20 288 -0.410471 -0.846329 0.339471 -0.238394 -0.903333 0.428231 -0.0246487 0.00386774 -0.124511 -0.316773 -0.940294 0.971161
10 21 345 -0.399004 0.747012 -0.53176 0.252029 0.871151 0.489808 0.0344138 0.204429 0.286168 -0.449512 -0.846195 0.945881
10 22 122 0.986521 -0.0429667 -0.157891 -0.0827931 0.0556488 0.995492 0.0767981 -0.124272 0.153879 -0.0845494 0.984466 -0.988788
10 23 79 -0.504672 -0.848146 -0.161103 0.459205 0.645318 -0.246652 -0.722999 0.274384 0.573473 -0.46884 0.671802 -0.844893
10 24 158 0.993123 -0.0305915 0.113004 -0.127491 0.0324986 0.999358 -0.0150724 0.174059 -0.11247 0.0186412 0.99348 -0.976447
10 25 227 0.816877 -0.545976 0.186069 -0.435526 0.568078 0.817423 -0.0954289 0.0946486 -0.0999956 0.183656 0.977891 -0.895187
10 26 411 -0.449736 -0.797726 0.40171 -0.645197 0.583344 -0.60293 -0.544229 0.633766 0.676348 -0.0104242 0.736508 -0.426687
10 27 389 0.130892 -0.789668 -0.599409 0.330303 -0.859365 -0.391842 0.328559 0.0464582 -0.494326 0.472106 -0.729903 0.942731
10 28 177 -0.956428 -0.268446 -0.114816 0.173138 0.266127 -0.963289 0.0353597 0.0793849 -0.120093 0.00326329 0.992757 0.981693
10 29 911 0.397535 -0.148886 -0.905427 0.423143 0.180204 0.9802 -0.0820613 0.170994 0.899718 -0.130539 0.416494 0.889782
11 12 2872 0.989318 0.0118542 0.145293 -0.804595 -0.0137115 0.999836 0.0117885 0.0544556 -0.14513 -0.0136548 0.989318 0.591322
11 13 1692 0.871805 0.0781191 0.483583 -0.674503 -0.0817144 0.996562 -0.0136719 0.131695 -0.482989 -0.0275964 0.875192 0.726431
11 14 1420 0.739084 0.135063 0.659934 -0.518567 -0.160361 0.986805 -0.0223663 0.212988 -0.654247 -0.0892973 0.750991 0.828085
11 15 863 0.576509 0.168438 0.799541 -0.341956 -0.171313 0.98169 -0.0832848 0.21047 -0.79893 -0.0889577 0.594809 0.915843
11 16 849 0.410912 0.210616 0.887013 -0.599845 -0.206118 0.969219 -0.13465 0.164155 -0.888069 -0.1275 0.441676 0.783096
11 17 505 0.999705 -0.000847606 -0.0242713 -0.991525 -0.0145454 0.779426 -0.626326 0.124749 0.0194485 0.626494 0.779183 0.0362687
11 18 530 0.897032 -0.200336 -0.393953 0.980742 -0.135505 0.723771 -0.676604 -0.00955892 0.42068 0.660319 0.6221 0.195072
11 19 460 -0.816198 0.460478 0.348972 -0.417393 0.569924 0.740881 0.355362 -0.156738 -0.0949103 0.488933 -0.867143 0.895107
11 20 367 -0.252838 0.835573 -0.487741 0.383018 0.951625 0.305747 0.0304811 0.0736425 0.174594 -0.45644 -0.872456 0.920801
11 21 284 0.479525 0.82743 0.29226 -0.550586 0.322284 -0.475832 0.818362 -0.54789 0.816204 -0.298234 -0.49484 0.629819
11 22 315 0.468584 0.0906643 0.878754 -0.106144 -0.0697525 0.995411 -0.0655057 0.109909 -0.880661 -0.0306003 0.472758 0.988258
11 23 97 0.713797 -0.687441 0.133863 -0.110072 0.681739 0.725789 0.0919911 0.00522006 -0.160395 0.025597 0.986721 -0.99391
11 24 364 0.00235408 -0.889121 -0.457666 0.351071 -0.334877 0.430542 -0.838148 0.120862 0.942259 0.155235 -0.296732 0.928516
11 25 192 0.930928 0.270117 0.245785 -0.19487 -0.267899 0.962483 -0.0430791 -0.0296977 -0.2482 -0.0257419 0.968367 0.980379
11 26 147 0.668216 -0.599195 0.440968 0.22907 0.567145 0.793879 0.219321 -0.0491161 -0.481492 0.103539 0.870313 0.97217
11 27 163 0.850047 -0.401309 0.341133 0.0442896 0.456719 0.884209 -0.0978854 -0.0045068 -0.262351 0.239009 0.934905 0.999009
11 28 172 -0.835307 -0.547231 0.0529144 -0.108374 0.53738 -0.833 -0.131658 0.0387927 0.116125 -0.0815396 0.989882 0.993353
11 29 420 0.980483 -0.150091 -0.126987 0.414848 0.149246 0.988667 -0.0161992 -0.0161903 0.127979 -0.00306927 0.991772 -0.909747
12 13 2148 0.930246 0.0687788 0.360433 -0.720181 -0.0687885 0.997549 -0.0128179 0.141836 -0.360431 -0.0128698 0.932697 0.679133
12 14 1625 0.834309 0.127322 0.536393 -0.532973 -0.149718 0.988727 -0.0018188 0.216209 -0.530578 -0.0787902 0.843966 0.818042
12 15 1089 0.653152 0.156017 0.74098 -0.469572 -0.169442 0.983844 -0.057796 0.0411117 -0.738026 -0.0878035 0.669035 0.881937
12 16 587 0.671172 0.173825 0.720634 -0.0587685 -0.163865 0.982861 -0.084459 0.168776 -0.722963 -0.0613998 0.688153 0.983901
12 17 705 0.446072 0.787869 -0.424597 0.441104 0.135929 0.409269 0.902232 -0.129682 0.884615 -0.460175 0.0754689 0.888037
12 18 517 0.818491 -0.361245 0.446736 -0.626523 0.251038 0.924303 0.28748 -0.0334945 -0.51677 -0.123152 0.84722 0.778683
12 19 212 0.907196 -0.42057 0.010807 0.130059 0.416356 0.893827 -0.166494 0.0557636 0.060363 0.155543 0.985983 0.989937
12 20 310 0.444462 -0.562567 0.697117 0.243069 -0.810141 0.0796498 0.580799 -0.470964 -0.382264 -0.822906 -0.420357 0.848004
12 21 295 0.998653 0.0446863 0.0263652 0.913785 -0.0422251 0.99527 -0.0874918 -0.0907697 -0.0301502 0.0862607 0.995816 -0.395926
12 22 266 0.953973 0.0115838 0.29967 0.759366 -0.0261776 0.998656 0.0447308 0.0294706 -0.298749 -0.0505166 0.952994 -0.649996
12 23 291 -0.541297 0.0692904 -0.837971 0.486936 0.0278635 0.99753 0.0644853 -0.174672 0.840369 0.0115569 -0.541891 0.855794
12 24 290 0.875218 0.355874 -0.327639 0.760494 -0.0769507 0.771124 0.632018 -0.0346251 0.477569 -0.527942 0.702286 0.648422
12 25 479 0.858841 -0.183473 0.478257 -0.988058 0.509177 0.20379 -0.836187 0.153003 0.0559531 0.961669 0.268444 -0.0181899
12 26 268 0.93395 -0.0652967 0.351388 -0.105584 0.0735282 0.997242 -0.0101171 0.0926156 -0.349758 0.0352858 0.936175 0.990088
12 27 336 0.999565 -0.0115423 -0.0271455 0.605895 0.00839853 0.993537 -0.113197 0.174448 0.0282766 0.112919 0.993202 -0.776182
12 28 333 0.753781 0.249059 0.608098 -0.205468 -0.164767 0.967464 -0.192004 -0.0172314 -0.636133 0.0445344 0.770293 0.978512
12 29 866 0.016538 -0.225021 -0.974213 0.670759 0.189617 0.957371 -0.217912 0.172445 0.981719 -0.181124 0.0585009 0.721349
13 14 1867 0.979746 0.0567997 0.19202 -0.840437 -0.0672749 0.996556 0.0484751 -0.11297 -0.188606 -0.0604114 0.980193 -0.530003
13 15 1151 0.928584 0.0918749 0.359569 -0.83001 -0.0959013 0.995369 -0.00666611 -0.112389 -0.358517 -0.0282931 0.933095 -0.546308
13 16 948 0.717151 0.10125 0.689523 -0.976402 -0.119256 0.992626 -0.0217237 -0.0795475 -0.686638 -0.0666509 0.723938 0.200778
13 17 572 0.901103 0.119719 0.41675 -0.849709 -0.13801 0.990333 0.0139162 -0.100718 -0.411055 -0.0700556 0.908915 -0.517543
13 18 266 -0.714112 -0.685665 0.141093 -0.196422 -0.696224 0.674661 -0.245162 0.0606511 0.0729092 -0.273306 -0.95916 0.978642
13 19 464 0.343283 -0.372256 -0.862312 0.89782 -0.137989 0.888152 -0.438344 0.140254 0.92904 0.269466 0.25352 0.417429
13 20 310 0.782565 -0.426342 0.453678 -0.481026 0.282883 0.892657 0.350914 -0.0405746 -0.554589 -0.146275 0.819167 0.875767
13 21 200 0.977917 0.0110683 0.208699 0.39883 -0.0165049 0.999568 0.0243268 -0.154944 -0.208339 -0.0272342 0.977677 -0.90384
13 22 388 0.869276 -0.0534457 -0.49143 0.984407 -0.0387158 0.983723 -0.175469 0.135636 0.492809 0.171557 0.853058 -0.112012
13 23 163 -0.425039 0.507461 -0.74955 0.298906 -0.104801 -0.850092 -0.516102 -0.213378 -0.899088 -0.14081 0.414504 0.930121
13 24 167 0.209583 0.953364 -0.217192 0.168524 0.959357 -0.157566 0.23411 -0.307606 0.18897 -0.257431 -0.947639 0.936471
13 25 150 0.999289 -0.0127941 -0.035467 -0.181696 0.0120748 0.999719 -0.0204213 0.112022 0.0357183 0.0199786 0.999162 0.976953
13 26 146 0.99405 -0.101503 -0.0395169 0.141466 0.10326 0.993622 0.0453055 0.0586788 0.0346663 -0.0491164 0.998191 0.988202
13 27 334 0.978827 0.192902 -0.0684509 -0.0592464 -0.203153 0.956428 -0.2097 0.478445 0.0250169 0.219166 0.975367 0.876116
13 28 364 0.951378 0.180027 0.249942 -0.54288 -0.284968 0.82245 0.49231 -0.76267 -0.116936 -0.539598 0.833763 -0.35159
13 29 620 -0.28006 -0.183581 -0.942265 0.443612 0.177219 0.954787 -0.238694 0.159232 0.943483 -0.233836 -0.234864 0.88196
14 15 1487 0.97475 0.053945 0.216684 -0.833182 -0.0459923 0.998076 -0.0415824 -0.128613 -0.21851 0.0305666 0.975356 -0.537835
14 16 1039 0.943149 0.0754915 0.323683 -0.866879 -0.0629378 0.996809 -0.0490937 -0.118168 -0.326357 0.0259308 0.944891 -0.484312
14 17 672 0.880215 0.110159 0.461614 -0.998278 -0.1034 0.993835 -0.0400041 -0.0335662 -0.463175 -0.0125185 0.886179 -0.0481066
14 18 332 0.705702 0.202469 0.678963 -0.910506 -0.140441 0.979258 -0.146046 0.0970099 -0.69445 0.00771074 0.7195 -0.401955
14 19 386 -0.661614 0.163405 0.731824 -0.486051 -0.0482886 0.964656 -0.259049 0.102173 -0.748288 -0.206729 -0.630339 0.867937
14 20 174 0.978549 -0.127347 -0.16194 0.462731 0.112226 0.988703 -0.0993548 0.038504 0.172763 0.0790497 0.981786 -0.885662
14 21 133 0.83117 0.465853 0.303541 -0.277432 -0.486496 0.87364 -0.00865327 0.163759 -0.269217 -0.140479 0.952779 -0.946686
14 22 167 0.951134 -0.00999705 0.308616 -0.00502542 0.0246587 0.998743 -0.0436441 0.0756217 -0.307792 0.0491215 0.950185 0.997124
