0 1 103 0.54825 0.812447 -0.198374 -0.412842 -0.727317 0.580279 0.36645 -0.139307 0.412833 -0.0566256 0.909045 0.900086
0 2 154 0.752999 0.119498 0.64708 -0.342105 -0.274328 -0.836829 0.473773 0.00822295 0.59811 -0.534263 -0.59735 0.939626
0 3 321 0.971709 -0.0623835 -0.227793 0.633197 0.0639133 0.997955 -0.000661918 0.149736 0.227368 -0.0139158 0.973709 0.759369
0 4 397 0.984438 -0.0318609 -0.172821 0.669541 0.0286676 0.99937 -0.0209426 0.11593 0.173379 0.0156623 0.984731 0.733672
0 5 235 0.998746 -0.0442784 -0.023367 0.482951 0.0452432 0.998071 0.042519 0.0339869 0.0214392 -0.0435229 0.998822 0.874988
0 6 253 0.992511 0.00957186 0.121783 -0.252701 -0.0102346 0.999936 0.00481752 -0.251303 -0.12173 -0.00602784 0.992545 -0.934339
0 7 218 -0.816315 0.302774 -0.491892 -0.00994369 0.341595 0.939776 0.0115692 0.0171965 0.465771 -0.158584 -0.870579 0.999803
0 8 156 0.955522 0.261728 0.135927 0.0141049 0.274679 -0.957586 -0.0870681 0.13941 0.107374 0.120532 -0.986885 0.990134
0 9 141 -0.625096 0.637878 0.449851 -0.124407 0.645431 0.746513 -0.16167 0.123306 -0.438945 0.189289 -0.878349 0.98454
0 10 145 -0.286449 0.764029 -0.578106 0.440076 0.942336 0.333661 -0.0259542 0.113494 0.173062 -0.552205 -0.815549 0.890759
0 11 99 0.948631 0.0795911 0.306211 -0.205127 -0.0801807 0.996723 -0.0106738 0.181141 -0.306058 -0.0144268 0.951904 0.961827
0 12 62 -0.775896 0.621096 -0.110566 0.082764 -0.630644 -0.768216 0.110146 -0.0381225 -0.0165272 0.155189 0.987746 -0.99584
0 13 135 0.944138 -0.272311 -0.185609 0.198501 0.297806 0.946184 0.126682 -0.00127095 0.141123 -0.174881 0.974423 0.9801
0 14 96 0.656722 -0.420993 0.625684 0.0536673 0.384262 0.900695 0.20271 0.00584857 -0.64889 0.107303 0.753278 0.998542
0 15 170 -0.0895026 0.925818 0.367219 -0.197981 0.986812 0.132359 -0.0931806 0.0894101 -0.134873 0.354037 -0.925455 0.97612
0 16 208 0.0718482 0.719404 -0.690866 -0.137094 0.0982934 -0.694391 -0.712853 0.0630112 -0.99256 -0.0166904 -0.120603 0.988552
0 17 84 0.996919 -0.0491348 0.0611352 -0.0742468 0.0526645 0.996954 -0.0575317 0.109086 -0.0581222 0.0605741 0.99647 0.991256
0 18 204 0.758453 -0.639516 0.125577 -0.113505 -0.578074 -0.749111 -0.323518 -0.0523365 0.300966 0.172781 -0.937852 0.992158
0 19 204 -0.170732 -0.894829 0.412471 -0.326328 -0.947787 0.034711 -0.317009 -0.00916776 0.269352 -0.445058 -0.854033 0.945212
0 20 172 0.937127 -0.0163011 -0.348608 -0.0678213 0.028743 0.99912 0.0305476 0.033617 0.347804 -0.038647 0.936771 0.997131
0 21 227 0.837461 0.0180999 -0.546198 0.169897 0.259673 -0.892597 0.368565 -0.0392037 -0.480864 -0.450492 -0.752215 0.984682
0 22 257 0.529346 0.0920071 -0.843402 0.294144 -0.842293 -0.0621307 -0.535428 0.0704004 -0.101664 0.993818 0.0446082 0.953165
0 23 96 -0.984181 0.133717 0.116219 -0.389847 0.104406 0.96774 -0.2293 0.122562 -0.143131 -0.213539 -0.966392 0.912687
0 24 97 0.957396 -0.036716 -0.286435 0.10427 0.0222581 0.998316 -0.0535699 -0.00460901 0.28792 0.0449121 0.956601 0.994538
0 25 221 0.46835 -0.69516 0.545345 -0.293621 -0.751586 -0.637952 -0.167735 0.0484193 0.464506 -0.331315 -0.821258 0.954695
0 26 73 -0.58386 0.805924 -0.0979519 -0.0413803 -0.76286 -0.585896 -0.273442 0.0205304 -0.277763 -0.0849285 0.956888 -0.998933
0 27 80 -0.964267 -0.264461 0.0157788 0.142598 0.255563 -0.912822 0.318503 -0.0606905 -0.0698284 0.311155 0.94779 0.987918
0 28 84 -0.117458 -0.974231 0.192555 -0.0150903 0.987673 -0.0944001 0.124859 -0.0458231 -0.103465 0.204847 0.97331 0.998836
0 29 112 0.992543 0.0302117 0.118091 -0.255222 -0.0295997 0.999538 -0.0069337 -0.0272066 -0.118246 0.00338654 0.992979 0.9665
1 2 199 0.968176 0.0225445 0.249253 -0.989962 -0.0307546 0.999103 0.0290932 -0.0165456 -0.248374 -0.035833 0.968001 -0.140365
1 3 158 0.878367 0.0632943 0.473778 -0.951108 -0.0723602 0.997378 0.000908581 -0.0641291 -0.472478 -0.0350807 0.880644 -0.302126
1 4 137 0.805741 0.0836415 0.586333 -0.996907 -0.0691806 0.996492 -0.0470833 0.0241705 -0.588214 -0.0026259 0.808701 -0.0747789
1 5 152 0.716828 0.108948 0.688685 -0.960362 -0.102013 0.993476 -0.0509823 0.047591 -0.689747 -0.0337095 0.723266 0.274663
1 6 68 0.878688 0.149646 0.453336 -0.606785 -0.153577 0.987729 -0.028376 0.0993557 -0.45202 -0.0446884 0.890888 -0.788632
1 7 88 -0.0663139 0.0854464 0.994133 -0.6093 0.235985 0.969404 -0.0675794 0.132952 -0.969491 0.230119 -0.084449 0.781714
1 8 54 0.224814 -0.891001 -0.394432 0.269619 0.958971 0.130563 0.25165 -0.228381 -0.172722 -0.434823 0.883796 0.935494
1 9 22 0.958068 0.21756 -0.186476 0.207915 -0.247243 0.956602 -0.154219 -0.259256 0.144832 0.193857 0.97028 0.943164
1 10 46 0.952789 -0.201535 -0.227105 -0.373186 0.189783 0.979132 -0.0726782 0.108727 0.237013 0.0261462 0.971154 0.921364
1 11 36 -0.194226 0.947896 -0.252528 0.420593 -0.971079 -0.22223 -0.0872842 0.456722 -0.138855 0.228272 0.963645 -0.783905
1 12 45 0.989501 -0.0530575 -0.134431 0.0103744 0.0588428 0.997488 0.0394314 -0.254522 0.132001 -0.0469277 0.990138 0.967011
1 13 81 -0.315684 -0.13969 0.938526 -0.386499 0.256635 0.93967 0.226182 -0.109783 -0.9135 0.312261 -0.26079 0.915733
1 14 54 -0.86127 -0.480369 -0.16571 0.341966 -0.508086 0.809007 0.29556 0.0445428 -0.00791755 0.338752 -0.940842 0.938656
1 15 81 -0.84892 -0.0205701 -0.528121 0.144997 -0.196976 0.939565 0.28003 -0.118275 0.490444 0.341751 -0.801668 0.982337
1 16 35 0.0110378 0.998047 0.0614866 0.17906 -0.921583 0.0340148 -0.386688 -0.0892563 -0.388024 -0.0523968 0.920159 0.979781
1 17 124 0.767422 -0.374407 -0.520464 0.206802 -0.577918 -0.755467 -0.308676 -0.0582316 -0.277623 0.53767 -0.796139 0.976648
1 18 51 0.84341 0.405697 0.352236 -0.133479 -0.442968 0.896082 0.028577 0.0737218 -0.304038 -0.180131 0.935475 0.988306
1 19 69 0.621969 -0.714579 -0.320205 0.0225309 -0.745984 -0.665037 0.0351087 0.0621575 -0.238036 0.217031 -0.946697 0.997812
1 20 61 0.841599 -0.540071 -0.00589867 -0.216241 0.499431 0.774018 0.389185 -0.281151 -0.205622 -0.330484 0.921141 0.934983
1 21 20 -0.512783 -0.855121 0.0763006 0.322664 0.839684 -0.518062 -0.162918 -0.162493 0.178843 -0.0194731 0.983685 0.932461
1 22 31 -0.278435 -0.954008 0.111096 0.307314 0.949532 -0.256025 0.181221 -0.208492 -0.144443 0.155947 0.977147 0.928488
1 23 24 -0.180793 -0.983037 0.0308592 0.13837 0.933555 -0.181398 -0.309143 0.154374 0.309497 -0.0270822 0.950515 0.978275
1 24 55 0.756878 0.652636 0.0346602 0.0783924 0.61945 -0.699463 -0.356417 0.174139 -0.208367 0.291234 -0.933684 0.981596
1 25 66 -0.410404 -0.910297 0.0541175 -0.164904 -0.830145 0.39751 0.390955 -0.255647 -0.377397 0.115524 -0.918818 0.952602
1 26 74 0.926055 0.239759 0.291442 -0.0885436 0.00517438 -0.780253 0.625443 -0.200826 0.377354 -0.577686 -0.723797 0.975617
1 27 36 0.908468 -0.0218092 0.417385 -0.148085 0.042771 0.998246 -0.0409337 0.20437 -0.415761 0.0550389 0.907807 -0.967628
1 28 101 0.854708 -0.106323 -0.508104 0.976387 0.0958456 0.994294 -0.0468345 0.1761 0.510185 -0.00866979 0.860021 0.125129
1 29 74 0.950561 0.034795 0.308581 -0.830326 -0.0407751 0.999084 0.01295 0.119421 -0.307848 -0.0248922 0.95111 0.544331
2 3 224 0.965516 0.0520202 0.255093 -0.784807 -0.0511711 0.99864 -0.00996868 -0.188067 -0.255264 -0.00342846 0.966865 -0.590516
2 4 172 0.920653 0.0755431 0.383003 -0.983705 -0.0580978 0.996686 -0.0569312 -0.0326558 -0.386035 0.0301622 0.921991 -0.176801
2 5 165 0.865922 0.107771 0.488431 -0.965697 -0.0892412 0.994132 -0.0611389 0.0432242 -0.492154 0.0093533 0.870458 0.256049
2 6 92 0.968383 0.128572 0.213782 0.848361 -0.126195 0.991696 -0.0247888 0.0156367 -0.215194 -0.00297313 0.976567 -0.529186
2 7 84 0.800337 0.165895 0.576142 -0.982385 -0.167503 0.984561 -0.050812 0.0904076 -0.575676 -0.0558385 0.815769 0.163542
2 8 82 0.458526 0.183613 0.869505 -0.9414 -0.1867 0.97649 -0.10775 0.0707407 -0.868848 -0.112931 0.482027 0.329791
2 9 70 0.646321 0.330648 0.687707 -0.445195 0.172562 -0.941229 0.290363 -0.272283 0.743298 -0.0689954 -0.665393 0.853032
2 10 83 -0.518582 0.500846 0.692983 -0.408587 0.579243 0.801949 -0.146134 0.137098 -0.628928 0.325623 -0.705988 0.902364
2 11 53 0.976911 0.206276 -0.055626 -0.0867573 0.206992 -0.978315 0.00737377 0.0172055 -0.0528987 -0.0187177 -0.998424 0.996081
2 12 80 -0.444748 -0.856219 0.262845 -0.384421 -0.815193 0.508538 0.277217 -0.236266 -0.371025 -0.0909778 -0.924155 0.892412
2 13 85 -0.880315 0.374856 0.290739 -0.392133 0.450178 0.853402 0.262764 -0.109313 -0.149618 0.362199 -0.920014 0.91339
2 14 79 -0.421703 -0.876994 0.230321 -0.319215 -0.858763 0.467819 0.208977 0.0192606 -0.29102 -0.109665 -0.950411 0.947486
2 15 77 -0.775693 0.260501 -0.574839 0.183249 -0.00190553 0.909866 0.414898 -0.19948 0.631107 0.322929 -0.70528 0.962615
2 16 54 0.884452 -0.238398 0.401137 -0.254201 0.26182 0.96511 -0.00370639 0.193996 -0.386258 0.108304 0.91601 -0.947495
2 17 101 -0.846529 -0.0337996 -0.531268 0.267564 -0.245756 0.910085 0.333691 -0.168786 0.472221 0.413041 -0.77872 0.948642
2 18 90 -0.832445 -0.519908 0.191655 -0.376685 -0.526043 0.850187 0.0214837 -0.0907686 -0.174112 -0.0829347 -0.981227 0.921884
2 19 91 0.613817 0.0230817 0.789111 -0.0971769 0.0391211 0.997455 -0.0596065 -0.0434575 -0.788478 0.0674584 0.611352 0.994318
2 20 20 0.696038 -0.676572 0.240376 -0.206486 0.602486 0.732459 0.31704 -0.0562564 -0.390566 -0.0758487 0.917445 -0.976831
2 21 29 0.0282775 0.99934 -0.0228082 0.203515 -0.997383 0.0297263 0.0659044 -0.189792 0.0665389 0.0208849 0.997565 -0.9605
2 22 28 0.675614 0.556392 0.483708 -0.166064 -0.619036 0.784457 -0.0377032 -0.27311 -0.400426 -0.27396 0.874417 0.947541
2 23 16 -0.97789 0.0726269 -0.196104 0.121555 -0.111117 -0.974877 0.19305 0.216968 -0.177156 0.210572 0.961392 0.968581
2 24 36 0.459107 0.870089 -0.179348 0.337853 -0.858779 0.38299 -0.340319 0.230281 -0.227419 0.310263 0.923048 -0.912593
2 25 68 0.987676 -0.0146061 -0.155831 0.20362 -0.057334 -0.960193 -0.273391 0.244313 -0.145635 0.278956 -0.949197 0.948077
2 26 62 0.767185 0.490874 0.412881 -0.19409 0.594502 -0.785836 -0.170379 0.0994542 0.240823 0.37617 -0.894707 0.975929
2 27 103 0.83285 0.327243 -0.446399 0.356591 -0.263533 0.943668 0.200101 -0.28336 0.486735 -0.0490135 0.872174 0.890253
2 28 39 -0.0763095 -0.97958 -0.186011 0.0410178 0.994427 -0.0611592 -0.0858763 0.0217517 0.0727464 -0.191527 0.978788 0.998922
2 29 201 0.998195 0.013629 0.0584922 0.967979 -0.0127819 0.999808 -0.0148304 0.0483766 -0.0586831 0.014056 0.998178 0.246324
3 4 409 0.990557 0.0238294 0.135016 -0.994167 -0.0187291 0.999067 -0.0389203 0.052031 -0.135818 0.036024 0.990079 0.0944728
3 5 360 0.961012 0.0583562 0.27028 -0.877131 -0.0507621 0.998097 -0.0350088 0.0941465 -0.271808 0.0199239 0.962145 0.470934
3 6 371 0.935133 0.0635205 0.348556 -0.969875 -0.0688461 0.997623 0.00290011 0.0494048 -0.347543 -0.0267087 0.937284 0.23854
3 7 155 0.945695 0.114431 0.304248 -0.503287 -0.123678 0.992259 0.0112292 0.115887 -0.300608 -0.0482483 0.952527 0.856314
3 8 206 0.711351 0.12782 0.691116 -0.868741 0.0324544 0.976301 -0.213969 0.446558 -0.702087 0.174637 0.690345 0.214183
3 9 175 -0.017813 -0.719869 0.693881 -0.445344 -0.958721 0.209277 0.192503 -0.272122 -0.28379 -0.661809 -0.693882 0.853006
3 10 75 0.950675 0.218991 0.219681 -0.268688 -0.210156 0.975629 -0.0631105 -0.00808788 -0.228148 0.0138302 0.973528 0.963193
3 11 109 -0.987798 0.0578739 -0.144585 -0.096895 0.0526713 0.997828 0.0395586 0.0184289 0.146561 0.0314604 -0.988701 0.995124
3 12 52 -0.425901 0.859049 -0.283978 0.0807912 -0.853784 -0.485466 -0.188085 -0.0123277 -0.299436 0.16235 0.940202 -0.996655
3 13 82 -0.49926 0.837013 0.223938 -0.0728216 -0.857259 -0.514729 0.0126836 -0.0449872 0.125884 -0.185641 0.974521 0.99633
3 14 118 -0.985669 -0.0655418 -0.15544 0.0536673 -0.0706307 0.997125 0.0274393 0.00584857 0.153195 0.0380249 -0.987464 0.998542
3 15 147 0.707465 0.480588 0.518197 -0.197981 0.597121 -0.798684 -0.0744979 0.0894101 0.378073 0.362131 -0.85201 0.97612
3 16 124 0.930486 0.301657 -0.207844 -0.137094 0.327646 -0.939072 0.103885 0.0630112 -0.163843 -0.164763 -0.97263 0.988552
3 17 48 0.457938 -0.88345 -0.0990451 -0.0739695 0.794684 0.356875 0.491038 0.0987953 -0.39846 -0.303574 0.865489 0.992355
3 18 183 0.861944 0.50599 0.0320456 -0.0372048 0.481901 -0.837271 0.258359 -0.0472801 0.157558 -0.207248 -0.965517 0.998189
3 19 163 0.711395 -0.516348 -0.476762 0.0318714 -0.514231 -0.844841 0.147684 -0.0846002 -0.479044 0.140104 -0.866538 0.995905
3 20 177 -0.685365 -0.470111 -0.55612 0.287017 -0.647938 0.742231 0.171083 -0.0879321 0.332342 0.477585 -0.813303 0.953881
3 21 78 0.785457 -0.541673 0.299412 -0.366668 0.540374 0.836052 0.0949382 0.0770828 -0.301749 0.0872243 0.949389 -0.927153
3 22 57 0.817172 -0.375761 0.437075 -0.302494 0.383196 0.920615 0.0750302 -0.0813158 -0.430571 0.106173 0.89629 -0.949676
3 23 32 0.658012 -0.665867 0.351627 -0.121555 0.612516 0.744922 0.264415 -0.216968 -0.438 0.0413887 0.898022 -0.968581
3 24 138 0.938875 0.275453 -0.206492 0.0788069 0.0968596 -0.786952 -0.609364 0.17505 -0.330351 0.552116 -0.76553 0.981401
3 25 64 -0.718957 -0.619389 -0.31537 0.163002 0.644267 -0.76413 0.0320067 0.253154 -0.260808 -0.180171 0.948429 -0.953595
3 26 131 -0.603255 0.796054 0.0487921 0.0413803 0.738483 0.534429 0.411131 -0.0205304 0.301207 0.284049 -0.91027 0.998933
3 27 42 0.848704 -0.41088 0.332984 0.142598 0.386713 0.911628 0.139239 -0.0606905 -0.360768 0.0105966 0.932595 0.987918
3 28 145 -0.20932 -0.971167 -0.114101 -0.0150903 -0.971111 0.22013 -0.0921176 -0.0458231 0.114579 0.0915231 -0.989189 0.998836
3 29 359 0.981077 -0.0326509 -0.190846 0.845879 0.0324199 0.999465 -0.00433302 0.102099 0.190885 -0.00193619 0.98161 0.523511
4 5 517 0.992672 0.0280793 0.117529 -0.706547 -0.0292114 0.999542 0.00792107 0.110881 -0.117253 -0.0112962 0.993038 0.698925
4 6 466 0.978771 0.0337881 0.202154 -0.982621 -0.0433923 0.998121 0.0432667 0.0472296 -0.200312 -0.0511201 0.978398 0.179512
4 7 192 0.954256 0.133677 0.267442 -0.401736 -0.149961 0.987828 0.0413261 -0.0222087 -0.258662 -0.0795417 0.962687 0.915486
4 8 260 0.778234 0.11115 0.61806 -0.968635 -0.166903 0.985423 0.032942 -0.0344865 -0.605389 -0.128793 0.78544 0.246084
4 9 129 0.97169 0.0515251 0.230572 -0.36635 -0.0596997 0.997806 0.0286138 0.164118 -0.228592 -0.0415688 0.972634 0.915889
4 10 132 0.73183 -0.64603 0.216956 -0.429788 0.613221 0.763141 0.203902 -0.127037 -0.297295 -0.0161793 0.954649 0.893948
4 11 215 -0.0296472 0.281329 0.959153 -0.71375 0.244104 0.932559 -0.265984 0.257333 -0.969296 0.226248 -0.0963215 0.651414
4 12 144 -0.721358 0.642576 -0.258337 -0.0811077 0.658513 0.75191 0.0314942 0.045107 0.214484 -0.1474 -0.965541 0.995684
4 13 167 -0.984453 -0.123771 0.12463 -0.0703167 -0.168069 0.869939 -0.463637 0.0470793 -0.0510354 -0.477376 -0.877216 0.996413
4 14 153 -0.986019 -0.159239 -0.0490761 0.0536673 -0.160574 0.986719 0.0245435 0.00584857 0.044516 0.0320807 -0.998493 0.998542
4 15 69 0.987971 0.0901079 -0.125676 0.197981 -0.0613078 0.974328 0.216624 -0.0894101 0.141969 -0.206313 0.968132 -0.97612
4 16 123 -0.123616 0.837845 0.531729 -0.137094 -0.96284 0.0283922 -0.268578 0.0630112 -0.240123 -0.54517 0.8032 0.988552
4 17 114 0.363149 -0.854137 -0.372253 -0.0739695 0.920907 0.268319 0.282727 0.0987953 -0.141605 -0.445482 0.884021 0.992355
4 18 190 0.984304 0.17484 0.0239944 -0.127741 0.129778 -0.809246 0.572956 -0.0424517 0.119593 -0.560849 -0.819235 0.990899
4 19 242 0.591288 0.190538 0.783629 -0.326478 0.239837 -0.969271 0.0547073 -0.00918597 0.769972 0.155595 -0.618816 0.94516
4 20 127 0.794856 -0.606549 0.0173555 0.286616 0.584323 0.772816 0.247634 -0.0870876 -0.163615 -0.186692 0.968698 0.954079
4 21 157 -0.887688 -0.225565 0.401411 -0.183003 -0.31351 0.934582 -0.168133 0.0455544 -0.337226 -0.275096 -0.900334 0.982056
4 22 145 0.86733 -0.417456 -0.271053 0.256724 -0.417593 -0.906644 0.0601101 -0.0578712 -0.270842 0.0610546 -0.960686 0.96475
4 23 96 -0.945222 0.295111 -0.139519 0.13837 0.321077 0.917608 -0.23432 0.154374 0.0588735 -0.26628 -0.962096 0.978275
4 24 101 -0.732791 0.0851389 -0.675106 -0.0480438 0.364847 0.88663 -0.284207 0.119535 0.574373 -0.454574 -0.680778 0.991667
4 25 48 0.215933 0.97636 0.00970122 -0.0627131 -0.954713 0.213208 -0.207521 -0.0371924 -0.204683 0.0355488 0.978182 0.997338
4 26 205 0.395233 -0.747265 0.534215 -0.101238 -0.909508 -0.236808 0.341639 -0.0769058 -0.128788 -0.6209 -0.773238 0.991885
4 27 174 -0.912078 -0.406924 -0.0502583 0.142389 -0.400508 0.857965 0.321699 -0.0610032 -0.087787 0.313543 -0.945507 0.987929
4 28 178 -0.993648 0.0983751 -0.0546465 -0.0150903 0.0871421 0.979893 0.17949 -0.0458231 0.071205 0.173588 -0.982241 0.998836
4 29 343 0.948097 -0.052879 -0.313553 0.894396 0.0658882 0.997344 0.031031 0.0405034 0.311079 -0.0500798 0.949064 0.445438
5 6 385 0.997119 0.00446593 0.0757219 -0.842874 -0.00740569 0.999228 0.0385868 -0.0984817 -0.0754911 -0.0390365 0.996382 -0.529023
5 7 321 0.903755 0.0703362 0.422231 -0.974348 -0.0934327 0.995037 0.0342305 -0.0598998 -0.417728 -0.0703861 0.905842 -0.21693
5 8 282 0.840282 0.0860032 0.535284 -0.995664 -0.111345 0.993666 0.0151376 -0.0402119 -0.530592 -0.0723212 0.844536 -0.0838817
5 9 246 0.794754 0.0971833 0.5991 -0.998848 -0.112843 0.993547 -0.0114731 -0.00358505 -0.596349 -0.058486 0.800592 -0.0478618
5 10 241 0.723039 0.109356 0.682097 -0.997187 -0.107432 0.993178 -0.0453494 0.0179476 -0.682402 -0.0404894 0.729855 0.0727752
5 11 89 0.973262 0.197538 0.117214 0.334354 -0.195863 0.980293 -0.0257606 -0.014448 -0.119993 0.00211393 0.992772 -0.942337
5 12 252 -0.0171888 0.0940041 0.995423 -0.806233 -0.130874 0.986794 -0.095449 0.0767848 -0.99125 -0.131915 -0.00465909 0.586593
5 13 107 -0.961199 0.271556 0.0485154 -0.134899 -0.270588 -0.962354 0.02564 -0.00495036 0.0536517 0.0115175 0.998493 0.990847
5 14 122 0.993419 0.0204647 0.112697 -0.0536673 -0.0314319 0.994845 0.0964153 -0.00584857 -0.110143 -0.0993231 0.988941 -0.998542
5 15 227 0.631462 -0.572493 0.522979 -0.197981 -0.585643 -0.794168 -0.162233 0.0894101 0.508211 -0.203834 -0.836764 0.97612
5 16 157 0.797256 -0.509389 -0.323891 -0.137094 0.582598 0.789758 0.191997 0.0630112 0.157995 -0.341769 0.926408 0.988552
5 17 108 0.950779 0.181288 0.251306 -0.0741834 -0.155076 0.980512 -0.120616 0.0988408 -0.268275 0.0757074 0.960363 0.992334
5 18 162 -0.849877 -0.493448 -0.184981 -0.113505 0.185415 -0.608573 0.771531 -0.0523365 -0.493285 0.621408 0.608705 0.992158
5 19 302 0.986088 0.039076 -0.161568 0.122703 -0.0757882 -0.759385 -0.646212 0.296515 -0.147944 0.649467 -0.745859 0.947113
5 20 135 0.980406 -0.174827 0.090774 0.287017 0.162731 0.978473 0.126923 -0.0879321 -0.111009 -0.109665 0.98775 0.953881
5 21 137 0.920238 -0.0655905 0.385823 -0.366668 0.0566208 0.997797 0.0345789 0.0770828 -0.387241 -0.0099753 0.921925 -0.927153
5 22 176 0.522618 -0.64377 -0.558955 0.25237 -0.809105 -0.581165 -0.0871557 -0.0619908 -0.268737 0.497802 -0.824605 0.965643
5 23 132 -0.692689 -0.102414 -0.713928 0.431907 0.187702 0.930159 -0.315551 0.120038 0.696384 -0.352585 -0.625087 0.893894
5 24 110 0.310179 -0.525037 0.792544 -0.181469 -0.814934 -0.576148 -0.0627391 0.0111506 0.489563 -0.62641 -0.606579 0.983334
5 25 193 -0.317928 0.229373 0.919951 -0.611685 -0.0354691 0.966738 -0.253296 0.112494 -0.947451 -0.11316 -0.299218 0.783062
5 26 142 -0.782127 0.360843 -0.508005 0.0583519 0.379752 0.922396 0.0705239 -0.013293 0.49403 -0.137757 -0.858462 0.998208
5 27 62 -0.836179 -0.544346 -0.0670162 0.142598 0.52457 -0.829437 0.191991 -0.0606905 -0.160096 0.125385 0.979106 0.987918
5 28 172 -0.800024 -0.521411 0.296804 -0.0150903 -0.534993 0.843888 0.0404483 -0.0458231 -0.271559 -0.126428 -0.954081 0.998836
5 29 310 0.851533 -0.073839 -0.519076 0.977981 0.0867553 0.996229 0.000605622 0.0425404 0.517074 -0.0455483 0.854728 0.20431
6 7 261 0.936917 0.0782056 0.340691 -0.958205 -0.0822057 0.996612 -0.00270234 -0.0505455 -0.339748 -0.0254749 0.940172 -0.28158
6 8 234 0.90268 0.0971788 0.419197 -0.987317 -0.0961579 0.995086 -0.0236201 -0.0221867 -0.419432 -0.0189877 0.907588 -0.157205
6 9 208 0.829745 0.115477 0.546066 -0.998691 -0.108759 0.993061 -0.0447457 -0.00261176 -0.547444 -0.0222617 0.836546 -0.0510805
6 10 205 0.806296 0.135643 0.57575 -0.99933 -0.109646 0.990757 -0.0798652 0.0221667 -0.581262 0.00126622 0.813716 0.0291118
6 11 177 0.587241 0.184465 0.788113 -0.960627 -0.165247 0.9805 -0.106365 0.0681993 -0.792365 -0.0677712 0.606271 0.269341
6 12 171 0.52998 0.177902 0.829139 -0.929511 -0.169484 0.980241 -0.10199 0.0799878 -0.830901 -0.0864731 0.54966 0.360015
6 13 167 -0.876744 -0.0693941 -0.475924 0.223052 -0.0896039 0.995779 0.019874 0.0024726 0.472536 0.0600691 -0.879262 0.974803
6 14 169 -0.680957 -0.237656 -0.692689 0.341732 -0.254933 0.963644 -0.080003 0.0577542 0.686518 0.12211 -0.716786 0.938021
6 15 135 0.886191 -0.0347566 0.462014 -0.198305 -0.0614222 -0.997194 0.0427967 0.0892907 0.45923 -0.066304 -0.885839 0.976065
6 16 90 0.762964 -0.531475 -0.367996 -0.137094 0.571539 0.820575 -0.000138562 0.0630112 0.302042 -0.210219 0.929827 0.988552
6 17 70 0.935393 0.118776 0.333064 -0.211557 -0.116518 0.992826 -0.0268235 -0.00289585 -0.333861 -0.0137173 0.942523 -0.977361
6 18 173 0.788224 -0.603046 0.12263 -0.11309 -0.614409 -0.759946 0.212093 -0.0616386 -0.0347095 -0.242522 -0.969525 0.991671
6 19 80 0.8074 -0.588621 -0.0403744 0.326328 0.589779 0.803312 0.0827705 0.00916776 -0.0162872 -0.0906409 0.99575 -0.945212
6 20 137 -0.0371396 -0.93188 -0.360859 0.376458 -0.998769 0.0464934 -0.017271 -0.0551397 0.032872 0.359774 -0.93246 0.924791
6 21 98 0.303335 -0.952435 -0.0292334 0.366668 0.940831 0.294494 0.167661 -0.0770828 -0.151077 -0.0783611 0.985411 0.927153
6 22 157 0.941534 0.0830107 -0.326531 0.256724 0.143554 -0.975637 0.165904 -0.0578712 -0.304804 -0.20308 -0.930512 0.96475
6 23 43 -0.938817 0.17918 -0.294139 0.0259661 -0.209645 -0.974876 0.0752718 0.321179 -0.273262 0.132331 0.952794 -0.946663
6 24 57 0.928712 0.318374 0.190082 -0.34288 -0.315991 0.947762 -0.043551 -0.151836 -0.194018 -0.0196178 0.980802 -0.927027
6 25 73 -0.819993 -0.570796 -0.0424684 -0.274969 0.551925 -0.808173 0.205514 -0.0522818 -0.151628 0.14508 0.977732 0.96003
6 26 46 -0.966686 0.00685884 -0.255873 0.187678 -0.0368345 -0.992964 0.112543 -0.0963065 -0.253301 0.118219 0.960137 -0.977498
6 27 141 0.880196 -0.290951 0.374971 -0.149329 -0.320995 -0.946895 0.0187702 -0.0432735 0.349597 -0.136885 -0.926847 0.98784
6 28 66 0.668718 -0.721631 -0.17907 -0.0150903 0.733645 0.679531 0.00128969 -0.0458231 0.120753 -0.132236 0.983835 0.998836
6 29 202 0.939696 -0.105281 -0.325404 0.834611 0.104873 0.994307 -0.0188457 0.0245647 0.325536 -0.0164169 0.945387 0.550291
7 8 483 0.99082 0.0264158 0.132582 -0.998635 -0.0248657 0.999602 -0.0133343 -0.0248794 -0.132881 0.00991518 0.991082 -0.045922
7 9 419 0.975022 0.0453276 0.217435 -0.999219 -0.0398372 0.998769 -0.0295705 -0.00495735 -0.218508 0.0201699 0.975627 -0.0392113
7 10 327 0.931848 0.0730199 0.355425 -0.995702 -0.054054 0.996548 -0.0630165 0.0181313 -0.358799 0.0395097 0.932578 0.0908178
7 11 291 0.81393 0.118763 0.568694 -0.963089 -0.105766 0.992815 -0.0559592 0.0443507 -0.571254 -0.0146014 0.820644 0.265505
7 12 281 0.743939 0.137318 0.653987 -0.918998 -0.127687 0.989838 -0.0625862 0.070356 -0.655935 -0.0369455 0.753913 0.387935
7 13 219 -0.819912 0.0253723 -0.571928 0.323921 0.227063 0.931492 -0.284192 0.152739 0.525535 -0.362876 -0.769502 0.933673
7 14 189 -0.529892 0.521355 -0.668883 0.316665 0.568823 0.803486 0.175646 0.0493503 0.629011 -0.287402 -0.722319 0.947253
7 15 151 -0.227536 -0.900015 -0.371752 -0.254714 0.972037 -0.187166 -0.141819 0.198646 0.0580602 -0.393626 0.917435 0.946394
7 16 217 0.303585 -0.0365048 -0.952105 -0.137094 -0.0734858 -0.997186 0.0148019 0.0630112 -0.949966 0.0654725 -0.305413 0.988552
7 17 286 -0.237421 -0.0308244 0.970918 -0.392498 0.601968 0.779785 0.171957 0.0537777 -0.762408 0.625288 -0.166582 0.918179
7 18 107 0.965744 -0.220192 -0.137309 0.390615 0.219375 0.975409 -0.0212438 -0.139956 0.13861 -0.00960615 0.9903 -0.909853
7 19 186 0.212503 0.222618 -0.951464 0.117639 0.407828 0.864639 0.293388 -0.0501642 0.887986 -0.450379 0.0929487 0.991789
7 20 231 0.747081 -0.0425841 -0.663367 0.383917 -0.188689 -0.970482 -0.150202 0.179656 -0.63739 0.237383 -0.733064 0.905721
7 21 205 -0.731644 -0.214242 -0.647145 0.364729 -0.296657 0.954789 0.0193018 -0.0775213 0.613752 0.206102 -0.762123 0.927881
7 22 130 0.971326 -0.233032 -0.0471459 0.0590339 0.235207 0.970784 0.0475019 0.0386818 0.034699 -0.0572288 0.997758 0.997506
7 23 171 0.966415 0.108568 -0.232928 0.423024 -0.124509 0.990703 -0.0548184 0.00694608 0.224811 0.0819789 0.970948 0.906092
7 24 141 0.997865 -0.00934447 -0.0646353 0.102124 -0.00664185 -0.9991 0.0419026 0.0115838 -0.0649687 -0.0413839 -0.997029 0.994704
7 25 99 0.959991 -0.270555 -0.0722372 0.205606 0.270895 0.962595 -0.00522998 0.0428654 0.0709502 -0.014548 0.997374 0.977696
7 26 62 0.124907 0.953739 0.273459 -0.386885 -0.925177 0.0124032 0.379333 -0.04962 0.358393 -0.300379 0.883927 -0.920792
7 27 187 0.613069 -0.720703 0.323627 0.142598 -0.723745 -0.348101 0.595834 -0.0606905 -0.316765 -0.59951 -0.735015 0.987918
7 28 110 0.933017 0.254777 -0.254102 -0.0147413 -0.296641 0.944314 -0.14239 -0.0459673 0.203674 0.208229 0.956639 0.998834
7 29 199 0.91152 -0.336305 0.236708 -0.27384 -0.312183 -0.940512 -0.134082 -0.00202156 0.267719 0.0483219 -0.962284 0.961773
8 9 585 0.995489 0.0189898 0.0929524 -0.983637 -0.0183355 0.999801 -0.00788741 -0.0595482 -0.0930837 0.0061475 0.995639 -0.170038
8 10 423 0.972798 0.0418389 0.227844 -0.998488 -0.0328604 0.998532 -0.0430596 0.010797 -0.229311 0.0344013 0.972745 0.0538979
8 11 419 0.90464 0.0990411 0.414509 -0.973157 -0.0900975 0.995083 -0.041129 0.0610038 -0.416545 -0.000139335 0.909115 0.221908
8 12 154 0.998609 0.0131862 -0.0510459 0.134735 -0.0132204 0.999913 -0.00033295 0.16222 0.051037 0.00100733 0.998696 0.977513
8 13 302 0.596594 -0.702175 -0.388621 0.324137 -0.802038 -0.504473 -0.319753 0.165513 0.0284737 0.502451 -0.864137 0.931419
8 14 166 0.986534 0.0954191 -0.132836 0.391974 -0.0915281 0.995183 0.0351104 -0.0996531 0.135546 -0.0224793 0.990516 -0.914563
8 15 137 0.880253 -0.443633 -0.168357 0.254714 0.464138 0.878763 0.111138 -0.198646 0.0986415 -0.17597 0.979441 -0.946394
8 16 265 0.0279051 0.938054 -0.345365 -0.137094 0.977001 0.0474729 0.207883 0.0630112 0.211401 -0.343223 -0.915155 0.988552
8 17 111 0.116848 0.990588 -0.0712927 -0.0739695 -0.920729 0.0811382 -0.381674 0.0987953 -0.372297 0.110239 0.921543 0.992355
8 18 293 -0.746778 0.282117 0.602272 -0.390615 0.206367 0.959168 -0.193413 0.139956 -0.632246 -0.0201475 -0.774506 0.909853
8 19 185 0.00752573 0.465075 0.885239 -0.325116 0.944469 0.287525 -0.159085 -0.000619237 -0.328515 0.837278 -0.437085 0.945674
8 20 207 -0.760457 -0.445847 0.47215 -0.2461 -0.515945 0.856329 -0.0223704 0.00953363 -0.394342 -0.260615 -0.881234 0.969198
8 21 121 0.979391 0.0674859 0.190366 -0.231797 -0.070598 0.997459 0.0096063 -0.0945961 -0.189234 -0.0228478 0.981666 -0.968154
8 22 89 -0.1764 -0.979332 0.0989507 0.045111 0.935051 -0.198128 -0.29398 -0.0358247 0.307509 0.0406658 0.950676 -0.998339
8 23 163 0.952394 0.301022 0.0482785 0.432095 -0.283863 0.933347 -0.219739 0.13242 -0.111207 0.195574 0.974363 0.892053
8 24 204 -0.841991 0.0433074 -0.537751 0.10427 0.127938 0.984368 -0.121045 -0.00460901 0.524103 -0.170717 -0.834369 0.994538
8 25 153 0.994664 0.0245992 -0.100187 0.153683 0.0191095 -0.998282 -0.0553898 0.0540438 -0.101378 0.0531797 -0.993426 0.986641
8 26 242 -0.76445 0.043623 -0.643205 0.386841 0.083645 0.995986 -0.0318631 0.0500308 0.639233 -0.0781587 -0.765031 0.920788
8 27 110 -0.117348 0.985646 0.121375 0.142598 -0.907885 -0.156006 0.389111 -0.0606905 0.402461 -0.0645335 0.91316 0.987918
8 28 176 -0.145774 0.45691 0.877487 -0.0150903 0.90161 -0.303756 0.307948 -0.0458231 0.407246 0.836042 -0.367675 0.998836
8 29 226 0.696355 -0.661357 0.278742 -0.27384 -0.716468 -0.663314 0.216072 -0.00202156 0.041993 -0.350173 -0.935743 0.961773
9 10 484 0.989811 0.0248696 0.1402 -0.994445 -0.0209838 0.999355 -0.0291265 0.0148509 -0.140834 0.0258878 0.989695 0.104201
9 11 450 0.944661 0.068247 0.320872 -0.966871 -0.0673566 0.997632 -0.0138881 0.043126 -0.32106 -0.00849328 0.947021 0.251595
9 12 423 0.88091 0.0814523 0.466221 -0.932227 -0.08391 0.996352 -0.0155247 0.0695866 -0.465785 -0.0254448 0.884532 0.35512
9 13 153 0.968605 0.0455804 0.244391 0.324137 -0.0442025 0.998961 -0.0111226 0.165513 -0.244644 -2.92965e-05 0.969613 0.931419
9 14 166 -0.960147 -0.278153 -0.0273666 0.422097 0.271368 -0.951187 0.146979 0.0246507 -0.0669132 0.133695 0.988761 0.906216
9 15 160 0.245258 -0.913736 -0.323937 -0.254714 0.940917 0.304838 -0.147478 0.198646 0.233504 -0.268628 0.934513 0.946394
9 16 110 -0.158561 -0.892544 -0.422164 -0.451165 0.987098 -0.152951 -0.0473737 0.0274915 -0.0222874 -0.424229 0.905281 0.892017
9 17 244 0.923487 -0.0796158 0.375278 -0.0739695 0.276577 -0.539731 -0.795107 0.0987953 0.265852 0.838064 -0.476415 0.992355
9 18 109 0.860365 0.434809 -0.265918 0.390615 -0.418577 0.90047 0.118095 -0.139956 0.2908 0.00970204 0.956735 -0.909853
9 19 167 0.705834 -0.325298 0.629269 -0.245226 -0.40839 -0.912704 -0.0137395 0.142646 0.578806 -0.247289 -0.777066 0.958914
9 20 69 0.201554 -0.970295 0.133807 -0.0230103 0.978293 0.192706 -0.0762103 -0.156877 0.0481611 0.146262 0.988073 -0.98735
9 21 257 0.551452 0.821141 -0.147064 0.166056 0.792488 -0.460617 0.399743 -0.0365175 0.260505 -0.336986 -0.904753 0.98544
9 22 236 0.713099 0.643894 0.277292 -0.045111 0.700277 -0.672943 -0.238243 0.0358247 0.0331989 0.364072 -0.930779 0.998339
9 23 272 -0.522093 -0.281016 -0.805263 0.423024 -0.243455 0.953981 -0.175071 0.00694608 0.817403 0.104642 -0.566482 0.906092
9 24 88 0.909674 0.232336 -0.344256 -0.157312 -0.279337 0.955663 -0.093159 0.0229269 0.307349 0.180908 0.934242 0.987283
9 25 163 0.692252 0.363299 0.62354 -0.00711507 -0.412806 0.908065 -0.0707793 0.075103 -0.591928 -0.208404 0.778581 0.99715
9 26 160 0.874527 0.244626 -0.418761 0.266378 -0.208385 0.969233 0.13101 0.0640853 0.437926 -0.027308 0.898596 0.961736
9 27 168 0.941885 0.335512 -0.0168636 0.142598 0.335182 -0.935227 0.114033 -0.0606905 0.0224881 -0.113058 -0.993334 0.987918
9 28 133 -0.000390132 -0.814176 0.580619 -0.0150903 0.910212 0.240169 0.33739 -0.0458231 -0.414142 0.528618 0.740979 0.998836
9 29 111 0.969431 0.245327 -0.00418456 -0.342411 -0.245257 0.969372 0.0129106 0.169235 0.00722373 -0.0114897 0.999908 0.924183
10 11 465 0.981959 0.0470123 0.183155 -0.975556 -0.0501631 0.998661 0.0126053 0.0685716 -0.182317 -0.0215655 0.983003 0.20878
10 12 304 0.99963 -0.0184747 -0.019954 0.195688 0.0190519 0.999394 0.0291342 0.237203 0.0194036 -0.0295036 0.999376 0.951547
10 13 409 0.692867 0.124737 0.710194 -0.80281 -0.103543 0.991928 -0.0732035 0.187982 -0.713592 -0.0228151 0.70019 0.565825
10 14 255 -0.65168 0.262447 -0.711643 0.422097 0.293077 0.952489 0.0828873 0.0246507 0.699585 -0.15455 -0.697635 0.906216
10 15 227 0.848178 0.489051 0.203526 -0.254714 0.521781 -0.837585 -0.161853 0.198646 0.0913157 0.243476 -0.965599 0.946394
10 16 242 0.914717 0.343806 -0.212345 -0.137094 0.336554 -0.939015 -0.0705802 0.0630112 -0.223661 -0.00690465 -0.974642 0.988552
10 17 90 0.41698 -0.908898 0.00562216 -0.0739695 0.83746 0.386595 0.386271 0.0987953 -0.353255 -0.156359 0.922368 0.992355
10 18 247 0.682813 0.711917 0.164138 -0.390733 -0.685403 0.70199 -0.193477 0.139956 -0.252962 0.0196078 0.967277 0.909802
10 19 116 -0.749703 -0.59658 -0.286422 0.117639 0.551471 -0.80245 0.227935 -0.0501642 -0.365821 0.0129301 0.930596 0.991789
10 20 120 -0.843749 -0.536193 -0.0241907 -0.287017 0.535989 -0.844095 0.0147903 0.0879321 -0.0283498 -0.000486641 0.999598 -0.953881
10 21 169 -0.730964 -0.682403 -0.00416983 -0.0426959 -0.656538 0.704898 -0.268471 0.053295 0.186145 -0.193505 -0.963279 0.997666
10 22 238 0.637445 0.113286 -0.762122 0.390461 0.0842898 -0.993448 -0.077171 0.0649215 -0.765871 -0.0150468 -0.642818 0.918327
10 23 252 0.309919 -0.896157 -0.317573 0.43201 -0.809502 -0.0735309 -0.582495 0.132384 0.498655 0.437602 -0.748229 0.8921
10 24 209 0.153342 0.981243 -0.116825 -0.0673898 0.963525 -0.174709 -0.202721 0.0302812 -0.219329 -0.0814781 -0.972243 0.997267
10 25 175 0.992794 -0.116275 -0.0289943 0.203204 -0.118047 -0.990566 -0.069597 0.0457125 -0.0206284 0.0725182 -0.997154 0.978069
10 26 219 -0.745935 -0.140577 -0.651013 0.266378 -0.226445 0.97277 0.0494063 0.0640853 0.626341 0.184273 -0.757457 0.961736
10 27 172 -0.777507 -0.622819 0.0870656 0.142598 -0.620804 0.782246 0.0519009 -0.0606905 -0.100432 -0.0136973 -0.99485 0.987918
10 28 211 -0.163783 -0.000837344 0.986496 -0.0150903 0.115071 0.993157 0.0199477 -0.0458231 -0.979762 0.116784 -0.162566 0.998836
10 29 212 -0.0454261 -0.983429 0.175511 -0.27384 -0.980751 0.0773035 0.179309 -0.00202156 -0.189905 -0.163987 -0.96801 0.961773
11 12 460 0.987283 0.0153128 0.158233 -0.954493 -0.0162607 0.999857 0.00469766 0.0897766 -0.158138 -0.0072109 0.987391 0.2844
11 13 371 0.839104 0.0456391 0.542053 -0.918345 -0.0735133 0.996847 0.0298682 -0.136108 -0.538981 -0.0649107 0.839813 0.371641
11 14 241 -0.435961 -0.238644 -0.867748 0.422097 0.000560769 -0.964274 0.264908 0.0246507 -0.899965 0.115003 0.420519 0.906216
11 15 191 0.872123 0.0741544 0.483635 -0.254714 0.150586 -0.981151 -0.121109 0.198646 0.465538 0.178451 -0.866851 0.946394
11 16 100 0.874169 0.464849 -0.140512 0.137094 -0.478601 0.873703 -0.0870946 -0.0630112 0.0822794 0.143384 0.986241 -0.988552
11 17 97 -0.789459 0.536145 -0.298836 -0.0737237 -0.603956 -0.765373 0.222356 0.0986786 -0.109506 0.356025 0.928038 0.992385
11 18 84 -0.32172 0.913849 -0.247742 -0.133479 -0.937138 -0.344683 -0.0544608 0.0737218 -0.135162 0.214647 0.967294 0.988306
11 19 144 -0.77295 -0.628357 0.087838 0.0225309 -0.632246 0.751257 -0.189415 0.0621575 0.0530312 -0.201944 -0.97796 0.997812
11 20 176 -0.732343 -0.675226 -0.0880001 0.0033322 -0.622658 0.71636 -0.314842 0.15657 0.275629 -0.175778 -0.945056 0.987661
11 21 121 0.389476 -0.80352 -0.450181 0.152064 0.886173 0.460127 -0.0545964 0.077355 0.25101 -0.377675 0.891266 0.985339
11 22 138 0.111021 0.113552 -0.98731 0.175373 0.209273 -0.973847 -0.0884713 0.0544776 -0.971534 -0.196795 -0.131881 0.982994
11 23 185 0.298927 -0.79042 -0.534677 0.43201 -0.954274 -0.246367 -0.169309 0.132384 0.00209853 0.560839 -0.827922 0.8921
11 24 176 0.298309 0.950021 0.092039 -0.243865 0.949636 -0.285722 -0.128664 0.0285153 -0.095936 0.125785 -0.987408 0.96939
11 25 301 0.268539 0.912395 0.308903 -0.125316 0.95246 -0.203599 -0.226642 0.0798479 -0.143895 0.35508 -0.923695 0.988898
11 26 160 0.917222 -0.334653 0.216127 -0.193816 0.335851 0.941361 0.0322965 0.0940394 -0.214262 0.0429633 0.975831 0.97652
11 27 219 0.964035 0.185603 0.190229 0.142598 0.104353 -0.922613 0.371343 -0.0606905 0.244431 -0.338137 -0.9088 0.987918
11 28 60 -0.594587 0.799669 -0.0836419 -0.00140868 -0.79024 -0.562033 0.244212 -0.0435217 0.148279 0.211303 0.966108 0.999051
11 29 69 0.732524 -0.354519 -0.58114 -0.358192 0.453464 0.89083 0.028146 0.170106 0.507719 -0.284144 0.813316 0.918021
12 13 277 0.955477 0.0783968 0.284462 -0.636289 -0.0754986 0.996921 -0.0211566 0.0683293 -0.285244 -0.00126178 0.958454 -0.768419
12 14 142 0.97582 0.200557 0.0869049 0.422097 -0.206116 0.976656 0.0604886 0.0246507 -0.0727448 -0.0769384 0.994379 0.906216
12 15 174 0.744935 0.338202 0.575058 -0.254714 0.473315 -0.875391 -0.0983036 0.198646 0.470154 0.345413 -0.812185 0.946394
12 16 219 -0.694974 0.290571 0.657708 -0.451165 0.500677 0.852076 0.152604 0.0274915 -0.516076 0.435355 -0.737653 0.892017
12 17 170 0.637948 -0.0598897 -0.767747 -0.0739695 0.769697 0.0181712 0.638151 0.0987953 -0.0242678 -0.99804 0.0576892 0.992355
12 18 254 -0.594784 0.0590137 -0.801716 0.0708541 0.10393 0.994577 -0.00389469 0.0548369 0.797139 -0.0856392 -0.597692 0.995978
12 19 189 -0.532762 0.682726 -0.50005 0.117639 0.676306 0.698677 0.233368 -0.0501642 0.5087 -0.213857 -0.83396 0.991789
12 20 128 -0.716411 0.557332 0.419685 0.0230103 0.54018 0.823806 -0.171896 0.156877 -0.441543 0.103557 -0.891244 0.98735
12 21 126 -0.297637 -0.949211 -0.102035 0.372412 0.953589 -0.3007 0.0157161 -0.0602736 -0.0455997 -0.0926216 0.994657 0.926108
12 22 115 0.927465 -0.334146 -0.167798 0.175373 -0.334304 -0.942045 0.0281612 0.0544776 -0.167483 0.0299768 -0.985419 0.982994
12 23 52 -0.302004 0.889143 0.34383 -0.43201 -0.820308 -0.426131 0.381453 -0.132384 0.485683 -0.166846 0.858065 -0.8921
12 24 182 0.984371 0.0801314 0.156818 -0.421967 -0.0946069 0.991695 0.087122 -0.00091519 -0.148535 -0.100597 0.983777 0.906611
12 25 289 0.467492 0.574263 0.672066 -0.2323 -0.883977 0.308822 0.351017 0.00478085 -0.00597273 -0.758189 0.652007 0.972632
12 26 282 0.395471 -0.430935 -0.811109 0.387611 0.618875 0.777555 -0.111364 0.0539961 0.678673 -0.457934 0.574195 0.92024
12 27 195 0.872248 0.446284 0.200037 0.142598 0.420098 -0.893126 0.160763 -0.0606905 0.250404 -0.0561899 -0.966509 0.987918
12 28 156 -0.0958189 -0.995047 0.0264795 -0.015092 -0.927429 0.0989059 0.360683 -0.0456489 -0.361516 0.0100024 -0.932312 0.998844
12 29 225 0.161265 -0.904165 0.395575 -0.348115 -0.962127 -0.0547701 0.267044 -0.0409331 -0.219787 -0.423658 -0.878754 0.936558
13 14 353 0.980388 0.0529709 0.189827 -0.846827 -0.0625694 0.997029 0.044929 -0.122521 -0.186883 -0.0559252 0.980789 -0.517564
13 15 245 0.932318 0.0948531 0.348979 -0.774811 -0.0973743 0.995194 -0.0103541 -0.084835 -0.348284 -0.0243282 0.937073 -0.626476
13 16 61 0.915833 0.288514 0.279302 -0.438023 -0.259336 0.955998 -0.137161 0.0457351 -0.306585 0.0531838 0.950356 -0.897799
13 17 83 0.216965 -0.974012 0.0650121 -0.211557 0.967113 0.223529 0.12136 -0.00289585 -0.132738 0.0365431 0.990477 -0.977361
13 18 97 0.929932 -0.357606 -0.0857021 -0.0841247 0.346189 0.929943 -0.12393 -0.0540624 0.124016 0.0855772 0.988583 -0.994988
13 19 70 0.959494 0.247412 0.134755 -0.117639 -0.23105 0.964733 -0.126121 0.0501642 -0.161206 0.0898773 0.98282 -0.991789
13 20 85 0.962419 0.035058 0.269296 0.208829 -0.0341086 0.999384 -0.00820505 0.0566856 -0.269418 -0.00128863 0.963022 0.976308
13 21 128 -0.472478 -0.841181 0.263018 0.166165 -0.769264 0.539242 0.342711 -0.0362955 -0.430112 -0.0404067 -0.901871 0.98543
13 22 63 0.962439 0.00485996 0.271453 -0.306982 -0.0129664 0.999522 0.0280776 -0.068055 -0.271187 -0.0305428 0.962042 -0.949279
13 23 105 0.567515 -0.352379 -0.744148 0.431907 -0.357842 -0.91953 0.162525 0.120038 -0.741537 0.174052 -0.647943 0.893894
13 24 134 0.395366 0.891199 -0.222375 0.0784299 0.701621 -0.449267 -0.553071 0.17468 -0.592802 0.0626423 -0.802909 0.981497
13 25 96 0.69741 -0.700332 0.152163 -0.122726 0.715074 0.69416 -0.0825242 0.0912351 -0.047831 0.166361 0.984904 0.988238
13 26 200 0.995457 -0.0747121 0.0590217 -0.142353 0.0843536 0.97953 -0.182774 0.950657 -0.0441581 0.186922 0.981382 0.275658
13 27 68 0.999396 0.033642 -0.00868145 -0.00336551 -0.033339 0.9989 0.0329666 0.0669648 0.00978096 -0.0326573 0.999419 0.99775
13 28 168 0.991297 0.0989651 0.0868157 -0.0150289 -0.00610283 -0.624202 0.781239 -0.0456059 0.131506 -0.77497 -0.618165 0.998846
13 29 50 0.98872 -0.0491311 0.141486 -0.0151052 0.037484 0.995774 0.0838409 -0.0115059 -0.145007 -0.0775917 0.986384 0.99982
14 15 250 0.973214 0.0542551 0.223407 -0.845083 -0.0467629 0.998156 -0.0386951 -0.134111 -0.225094 0.0272114 0.973957 -0.517542
14 16 196 0.941692 0.076037 0.327772 -0.874965 -0.0632441 0.996768 -0.0495308 -0.116332 -0.330479 0.0259131 0.943458 -0.470003
14 17 67 -0.929075 -0.363889 0.0663655 0.211313 0.11716 -0.459682 -0.880322 0.048099 0.350847 -0.81011 0.469712 0.976234
14 18 120 -0.460755 0.100545 0.881814 -0.553632 0.233834 0.972211 0.0113282 0.00840794 -0.85617 0.211417 -0.471462 0.832719
14 19 84 0.90921 0.413511 0.0484409 -0.100518 0.415795 -0.9078 -0.0548943 0.0378809 0.0212752 0.0700519 -0.997316 0.994214
14 20 141 0.601906 0.714355 0.35694 -0.233708 0.543208 -0.693891 0.472696 -0.270258 0.58535 -0.0906261 -0.8057 0.933992
14 21 86 0.910328 0.389059 0.141199 -0.179246 0.349411 -0.905267 0.241668 -0.243194 0.221845 -0.170661 -0.960031 0.953272
