0 1 625 0.693932 -0.107682 -0.711943 0.371294 0.104805 0.993329 -0.0480885 0.146462 0.712372 -0.0412451 0.700589 0.916891
0 2 466 0.97678 -0.0998975 -0.189531 0.110076 0.120041 0.987926 0.0979385 0.0631981 0.177459 -0.118416 0.976978 0.991912
0 3 792 0.989269 -0.0567272 -0.134643 0.532208 0.0633046 0.996976 0.0450794 0.0965112 0.131679 -0.0531192 0.989868 0.841095
0 4 1147 0.997251 -0.0441573 -0.0595032 0.538644 0.0445362 0.998995 0.00505626 0.0760934 0.0592201 -0.0076924 0.998215 0.83909
0 5 1302 0.999561 0.00401095 -0.0293683 0.485048 -0.00451008 0.999846 -0.016949 0.151926 0.0292958 0.017074 0.999425 0.861189
0 6 1570 0.998682 0.00991613 0.0503644 0.413295 -0.0111456 0.999645 0.0241889 0.199285 -0.0501067 -0.0247183 0.998438 0.888523
0 7 563 0.914667 0.0793932 0.396334 0.538604 -0.0958214 0.99516 0.0217891 0.181949 -0.392686 -0.0579071 0.917848 0.822679
0 8 715 0.85298 0.0971173 0.512829 0.133414 -0.110578 0.993858 -0.00428935 0.218876 -0.510096 -0.053049 0.85848 0.966589
0 9 688 0.798916 0.110802 0.591148 -0.386247 -0.120993 0.992399 -0.0224928 0.19699 -0.589146 -0.0535548 0.80625 0.901115
0 10 630 0.711613 0.126477 0.691094 -0.995964 -0.122029 0.990962 -0.0557032 0.018303 -0.691893 -0.0446945 0.720615 0.0878666
0 11 522 0.578087 0.1611 0.799914 -0.963369 -0.168196 0.98279 -0.0763777 0.0668481 -0.798452 -0.0903893 0.595235 0.259713
0 12 451 0.446824 0.158862 0.880404 -0.912822 -0.182658 0.979577 -0.0840536 0.083047 -0.875776 -0.123256 0.466716 0.399824
0 13 295 0.0848298 0.173728 0.981133 -0.682522 -0.198392 0.967911 -0.154234 0.138436 -0.976445 -0.181566 0.116574 0.717634
0 14 126 -0.0770707 0.201603 0.97643 -0.739465 -0.247321 0.944868 -0.214608 0.207807 -0.965864 -0.258032 -0.0229609 0.640319
0 15 0 1 0 0 0 0 1 0 0 0 0 1 0
0 16 0 1 0 0 0 0 1 0 0 0 0 1 0
0 17 31 0.673971 0.208554 -0.708709 -0.39898 -0.132653 0.977897 0.161618 0.0119982 0.726751 -0.0149139 0.686739 0.916881
0 18 38 0.188957 0.981789 -0.0196185 -0.086482 -0.78617 0.163219 0.596067 0.142914 0.588414 -0.0972075 0.802695 0.98595
0 19 0 1 0 0 0 0 1 0 0 0 0 1 0
0 20 0 1 0 0 0 0 1 0 0 0 0 1 0
0 21 0 1 0 0 0 0 1 0 0 0 0 1 0
0 22 0 1 0 0 0 0 1 0 0 0 0 1 0
0 23 0 1 0 0 0 0 1 0 0 0 0 1 0
0 24 0 1 0 0 0 0 1 0 0 0 0 1 0
0 25 0 1 0 0 0 0 1 0 0 0 0 1 0
0 26 133 -0.0854997 -0.198482 -0.976368 0.727711 0.244627 0.945778 -0.213685 0.167154 0.96584 -0.257116 -0.0323096 0.665204
0 27 244 0.145384 -0.137929 -0.979714 0.142393 0.432273 0.899574 -0.0624992 -0.0727885 0.889946 -0.414418 0.190407 0.98713
0 28 392 0.713358 -0.16234 -0.681737 -0.425196 0.217021 0.976152 -0.00536009 0.0159656 0.66635 -0.144128 0.731577 0.90496
0 29 578 0.876806 -0.0840033 -0.473449 0.631098 0.0866339 0.996107 -0.0162956 0.149067 0.472975 -0.0267287 0.88067 0.761245
1 2 1636 0.965082 0.0229919 0.260938 -0.990706 -0.0321154 0.999011 0.0307535 -0.0334957 -0.259973 -0.0380598 0.964866 -0.131834
1 3 1347 0.870897 0.0630752 0.487401 -0.965673 -0.0728487 0.997342 0.00109995 -0.0587641 -0.486037 -0.0364645 0.873177 -0.253028
1 4 1044 0.794964 0.0806136 0.601277 -0.999837 -0.0707957 0.996687 -0.0400258 -0.00482738 -0.602512 -0.0107488 0.798038 -0.0174254
1 5 783 0.750803 0.104465 0.652213 -0.99959 -0.0941229 0.994259 -0.0508997 0.0246153 -0.653786 -0.0231726 0.756325 -0.0146224
1 6 685 0.684274 0.108144 0.721162 -0.99995 -0.12186 0.991994 -0.0331306 0.00985612 -0.718971 -0.0652101 0.691974 -0.00166519
1 7 76 0.328633 0.153626 0.931879 -0.929763 -0.18555 0.977955 -0.0957864 0.0869553 -0.926052 -0.141432 0.349894 0.357742
1 8 37 0.646096 0.103201 0.756247 -0.667682 -0.143887 0.98952 -0.0121054 0.16612 -0.74957 -0.100993 0.654175 0.725676
1 9 33 0.164792 0.147069 0.975302 -0.994254 -0.148759 0.981216 -0.122826 -0.00864694 -0.975046 -0.124844 0.183574 -0.1067
1 10 24 0.327099 0.921487 -0.209448 0.204306 0.850697 -0.383648 -0.359344 9.02126e-05 -0.411485 -0.0606357 -0.909397 0.978907
1 11 0 1 0 0 0 0 1 0 0 0 0 1 0
1 12 19 0.724366 0.679092 0.118859 -0.0781755 -0.622331 0.718273 -0.311109 0.0383656 -0.296645 0.151387 0.942912 0.996201
1 13 19 -0.534387 0.529479 0.65885 -0.0699666 -0.840558 -0.414832 -0.348392 -0.152234 0.0888461 -0.739977 0.666738 0.985865
1 14 0 1 0 0 0 0 1 0 0 0 0 1 0
1 15 0 1 0 0 0 0 1 0 0 0 0 1 0
1 16 26 -0.941264 0.173794 -0.289513 0.167139 -0.135286 -0.979654 -0.148244 -0.0930279 -0.309386 -0.10037 0.945625 0.981535
1 17 46 0.99606 0.0801936 -0.0378497 0.0896117 -0.0790533 0.996397 0.0307196 0.209939 0.0401768 -0.0276064 0.998811 0.973599
1 18 39 0.999537 0.0300811 0.00451493 -0.299933 -0.0303862 0.980649 0.193401 -0.867253 0.00139015 -0.193449 0.981109 -0.397381
1 19 35 0.444658 -0.183891 -0.87662 0.524001 0.168467 0.978401 -0.119789 0.142358 0.879715 -0.0944164 0.466034 0.839736
1 20 32 0.773903 -0.0980182 -0.625673 0.808025 0.14653 0.988856 0.0263301 0.107777 0.61612 -0.112057 0.779641 0.579207
1 21 17 -0.593815 -0.241865 0.767389 -0.465035 -0.495501 0.861364 -0.111941 -0.0319418 -0.633926 -0.446714 -0.631335 0.884716
1 22 26 -0.835351 0.261882 -0.483328 0.307496 -0.294756 -0.955536 -0.00830238 -0.0447735 -0.464012 0.135528 0.8754 0.950496
1 23 22 0.998603 -0.0524142 0.0067404 -0.998406 0.0514252 0.993196 0.104487 -0.0165913 -0.0121711 -0.103994 0.994503 -0.0539532
1 24 36 0.98629 -0.0122824 0.164561 -0.984957 -0.0186035 0.982593 0.184838 0.0630792 -0.163967 -0.185365 0.968894 0.160872
1 25 48 0.682374 -0.138111 -0.717838 0.685578 0.211629 0.977262 0.0131498 0.125955 0.699699 -0.160888 0.696086 0.71702
1 26 184 0.760069 -0.146629 -0.633084 0.9538 0.198354 0.980067 0.0111458 -0.0418037 0.618831 -0.134046 0.774003 -0.297519
1 27 323 0.911217 -0.126035 -0.392172 0.438659 0.142018 0.989793 0.0118857 -0.0726711 0.386671 -0.066526 0.919815 -0.895711
1 28 787 0.847522 -0.118935 -0.517263 0.990071 0.123509 0.99201 -0.0257286 0.000883084 0.51619 -0.0420809 0.85544 -0.140567
1 29 327 0.949094 0.0350878 0.313031 -0.942288 -0.0407263 0.999104 0.0114901 0.0831199 -0.312348 -0.0236538 0.949673 0.324322
2 3 2125 0.969458 0.048934 0.240327 -0.758295 -0.0457102 0.998775 -0.0189739 -0.131698 -0.240961 0.00740897 0.970506 -0.63847
2 4 1367 0.925225 0.0721422 0.372497 -0.971397 -0.0519149 0.996595 -0.0640637 -0.0213429 -0.375851 0.0399352 0.925819 -0.2365
2 5 310 0.966663 0.0848815 0.241575 -0.332652 -0.0745331 0.995879 -0.0516749 0.0122224 -0.244966 0.0319468 0.969005 -0.94297
2 6 864 0.821823 0.113728 0.558277 -0.995826 -0.109691 0.993126 -0.0408396 0.0165335 -0.559084 -0.0276748 0.828649 0.0897586
2 7 212 0.55588 0.17351 0.812953 -0.96345 -0.184016 0.979395 -0.0832072 0.0591107 -0.810639 -0.103343 0.576355 0.261286
2 8 142 0.511842 0.175846 0.84089 -0.89284 -0.179889 0.979065 -0.0952439 0.0901254 -0.840034 -0.102517 0.53276 0.441264
2 9 88 0.363107 0.19031 0.912105 -0.999386 -0.191075 0.973323 -0.127017 0.00297971 -0.911945 -0.128159 0.389784 0.0348981
2 10 74 0.269047 0.19718 0.942727 -0.997754 -0.179629 0.971917 -0.15202 0.0145997 -0.946228 -0.128441 0.296911 0.0653787
2 11 75 0.060797 0.217226 0.974226 -0.964108 -0.18062 0.962313 -0.203298 0.0689997 -0.981672 -0.163605 0.0977412 0.256386
2 12 70 -0.0608928 0.195684 0.978775 -0.777563 -0.209398 0.956269 -0.204212 0.11683 -0.975933 -0.217388 -0.017254 0.617856
2 13 59 -0.435862 0.180126 0.881804 -0.607504 -0.176734 0.943562 -0.280098 0.159451 -0.88249 -0.277929 -0.379429 0.778148
2 14 71 -0.618064 0.170237 0.767474 -0.543066 -0.186676 0.916564 -0.353641 0.217869 -0.763642 -0.361842 -0.534716 0.810933
2 15 38 -0.988001 0.0838753 0.12969 -0.0624993 0.0484521 0.965624 -0.255388 0.137917 -0.146653 -0.24604 -0.958101 0.98847
2 16 32 -0.95982 0.0616452 0.27376 -0.0433619 0.0370946 -0.939138 0.341531 -0.996588 0.278152 0.337964 0.899117 0.0702223
2 17 0 1 0 0 0 0 1 0 0 0 0 1 0
2 18 21 0.96934 0.0175356 0.245099 -0.52752 -0.0146328 0.9998 -0.0136596 -0.158855 -0.245289 0.00965436 0.969402 -0.834558
2 19 35 0.942873 0.119555 0.310962 0.601566 -0.109761 0.992756 -0.048875 0.10237 -0.314553 0.0119513 0.949165 0.792236
2 20 0 1 0 0 0 0 1 0 0 0 0 1 0
2 21 16 0.632656 -0.401683 -0.662116 -0.451368 0.03657 -0.838519 0.543643 0.0792004 -0.773569 -0.368153 -0.515805 0.888816
2 22 19 0.852337 -0.205685 -0.480848 0.962877 0.131249 0.974117 -0.184035 0.106634 0.506256 0.0937494 0.857272 0.247984
2 23 17 0.939809 -0.0790472 -0.332432 0.998844 0.0735555 0.996867 -0.0290929 0.005988 0.33369 0.00288948 0.942678 0.0476969
2 24 19 0.99577 -0.0110908 -0.0912071 0.982819 0.00860583 0.999582 -0.0275938 -0.0520568 0.091475 0.0266922 0.99545 -0.177076
2 25 33 -0.997289 -0.0258069 -0.0689164 -0.070897 0.0166733 -0.991379 0.129959 0.0702894 -0.0716761 0.128458 0.989121 0.995004
2 26 129 0.640178 -0.180867 -0.746632 0.339218 0.210634 0.97597 -0.0558207 0.213176 0.738787 -0.121531 0.662891 0.916235
2 27 343 0.531157 -0.187077 -0.826362 0.792731 0.19174 0.976557 -0.0978346 0.146396 0.825292 -0.106481 0.554576 0.591732
2 28 483 0.670119 -0.167099 -0.7232 0.988039 0.130729 0.985669 -0.10661 0.0916243 0.73065 -0.023102 0.682361 0.124032
2 29 1925 0.998616 0.0133347 0.0508771 0.972141 -0.0125615 0.999801 -0.0154866 0.0484798 -0.0510735 0.014826 0.998585 0.229331
3 4 3237 0.990443 0.0235216 0.135903 -0.993655 -0.0184705 0.999095 -0.0383094 0.0486675 -0.136681 0.035433 0.989981 0.101395
3 5 2311 0.963665 0.0578509 0.260774 -0.875539 -0.0507693 0.998138 -0.0338169 0.092351 -0.262245 0.0193488 0.964807 0.47424
3 6 1888 0.939739 0.0636892 0.335909 -0.971778 -0.0686196 0.997639 0.0028151 0.0523983 -0.334936 -0.0256954 0.94189 0.230004
3 7 517 0.908942 0.129359 0.396346 -0.644406 -0.150038 0.988447 0.0214736 0.0622663 -0.388989 -0.0789852 0.91785 0.762144
3 8 425 0.707443 0.15237 0.690151 -0.872166 -0.175224 0.983811 -0.0375888 0.0511474 -0.684705 -0.0943393 0.722688 0.48653
3 9 352 0.850614 0.149562 0.50407 -0.683323 -0.167058 0.98589 -0.0106139 0.0564012 -0.498545 -0.0751805 0.863597 0.727935
3 10 351 0.464497 0.167093 0.869668 -0.923297 -0.151184 0.982584 -0.108039 0.0634587 -0.872575 -0.0812958 0.481669 0.378808
3 11 282 0.460801 0.1784 0.869388 -0.754652 -0.163438 0.979893 -0.114449 0.148637 -0.872325 -0.0893524 0.480693 0.639067
3 12 231 0.158969 0.184922 0.969811 -0.913613 -0.198302 0.968264 -0.152122 0.0842684 -0.967163 -0.168133 0.190595 0.397756
3 13 156 -0.203723 0.182662 0.961838 -0.58652 -0.192383 0.955817 -0.222267 0.158284 -0.959941 -0.230322 -0.15958 0.794317
3 14 103 -0.396896 0.192031 0.897551 -0.562368 -0.216465 0.930704 -0.294844 0.219675 -0.891973 -0.311311 -0.327825 0.797174
3 15 50 -0.665942 0.15256 0.730238 -0.401602 -0.151933 0.930614 -0.332978 0.219213 -0.730368 -0.332691 -0.596556 0.889191
3 16 38 -0.168494 -0.983866 0.0601435 0.165295 -0.333175 0.114271 0.935915 -0.092783 -0.927687 0.137657 -0.347054 0.98187
3 17 0 1 0 0 0 0 1 0 0 0 0 1 0
3 18 0 1 0 0 0 0 1 0 0 0 0 1 0
3 19 41 0.981073 0.161104 -0.107429 0.401521 -0.164585 0.986063 -0.0243126 0.0230552 0.102015 0.0415337 0.993915 0.91556
3 20 0 1 0 0 0 0 1 0 0 0 0 1 0
3 21 12 0.898508 0.423718 0.114663 -0.451387 -0.431091 0.802535 0.412429 0.0792083 0.0827325 -0.420001 0.903745 0.888806
3 22 13 0.750714 0.586813 0.303444 0.306345 -0.649378 0.739882 0.175733 -0.0428798 -0.12139 -0.328976 0.936504 0.950954
3 23 23 -0.432213 0.794444 0.426674 -0.356589 0.878512 0.47772 0.000426434 -0.0136 -0.203492 0.375022 -0.904406 0.934162
3 24 22 -0.481317 0.787804 0.384317 0.406179 -0.871474 -0.477186 -0.113254 0.18644 0.0941689 -0.389434 0.916228 0.894572
3 25 25 -0.505995 -0.800151 0.322069 -0.328364 -0.862122 0.480747 -0.160088 0.226531 -0.0267387 -0.358666 -0.933083 0.916984
3 26 116 0.662926 -0.200207 -0.721419 0.441346 0.226126 0.972123 -0.0619908 -0.0682279 0.71372 -0.122036 0.689718 -0.894739
3 27 300 0.689649 -0.183083 -0.700617 0.452168 0.193653 0.978902 -0.0651821 -0.0487403 0.69777 -0.0907237 0.710554 -0.8906
3 28 638 0.630576 -0.174658 -0.75622 0.203799 0.174528 0.981306 -0.0811132 -0.00899008 0.75625 -0.0808335 0.64927 0.978971
3 29 1916 0.980564 -0.0345808 -0.19313 0.845439 0.0340644 0.999402 -0.0059945 0.110351 0.193222 -0.000700874 0.981155 0.522548
4 5 3167 0.99126 0.030017 0.128462 -0.749263 -0.0314113 0.999467 0.00884064 0.0972907 -0.128129 -0.0127985 0.991675 0.655088
4 6 2530 0.978067 0.0333558 0.205601 -0.980506 -0.0441264 0.997871 0.0480242 0.0252165 -0.203561 -0.0560433 0.977457 0.194863
4 7 898 0.894099 0.0893962 0.438857 -0.81477 -0.121349 0.991578 0.0452415 0.063046 -0.431117 -0.0937051 0.897417 0.576347
4 8 783 0.758551 0.103189 0.643392 -0.989792 -0.135833 0.990731 0.00124987 -0.0234488 -0.637299 -0.0883422 0.765536 -0.14058
4 9 643 0.69165 0.113415 0.713272 -0.999161 -0.14321 0.98952 -0.0184716 -0.00455527 -0.707892 -0.0893722 0.700643 -0.0406951
4 10 475 0.768561 0.120811 0.628266 -0.765043 -0.146428 0.989159 -0.0110823 0.0383452 -0.622794 -0.0834784 0.77792 0.642837
4 11 413 0.487093 0.15671 0.859176 -0.995497 -0.164768 0.982593 -0.0858082 0.0712652 -0.857667 -0.0997681 0.504435 0.0625093
4 12 368 0.29538 0.145637 0.944214 -0.912456 -0.192198 0.977166 -0.0905942 0.0839742 -0.935848 -0.154716 0.316626 0.400466
4 13 245 -0.0682044 0.152602 0.985931 -0.721756 -0.195811 0.966964 -0.163212 0.138582 -0.978267 -0.204188 -0.03607 0.678132
4 14 171 -0.273379 0.162503 0.948081 -0.543814 -0.233036 0.945076 -0.229184 0.217193 -0.933252 -0.28359 -0.220495 0.810613
4 15 74 -0.470546 0.151959 0.869192 -0.36536 -0.183423 0.946696 -0.264807 0.20991 -0.863101 -0.284034 -0.417591 0.90689
4 16 0 1 0 0 0 0 1 0 0 0 0 1 0
4 17 0 1 0 0 0 0 1 0 0 0 0 1 0
4 18 0 1 0 0 0 0 1 0 0 0 0 1 0
4 19 0 1 0 0 0 0 1 0 0 0 0 1 0
4 20 0 1 0 0 0 0 1 0 0 0 0 1 0
4 21 0 1 0 0 0 0 1 0 0 0 0 1 0
4 22 48 -0.699627 0.659242 0.275539 -0.180181 0.706707 0.581634 0.402823 -0.286839 0.105295 0.476552 -0.872818 0.940881
4 23 33 -0.85178 -0.232682 0.469394 -0.75805 0.100058 -0.951719 -0.290206 -0.154077 0.514256 -0.200225 0.833937 -0.633735
4 24 34 0.760799 -0.0479929 -0.64721 0.986712 0.109941 0.992379 0.0556478 -0.0537104 0.639607 -0.113492 0.760278 -0.153348
4 25 71 -0.595559 0.744913 -0.300691 -0.0708852 0.803078 0.561127 -0.200503 0.0702797 0.019369 -0.360889 -0.932408 0.995006
4 26 165 0.0654822 -0.16091 -0.984794 0.617262 0.255023 0.956836 -0.139384 0.175047 0.964715 -0.242018 0.103691 0.767038
4 27 367 0.167919 -0.163636 -0.972125 0.788787 0.213891 0.968683 -0.12611 0.143868 0.962317 -0.186753 0.19766 0.597593
4 28 646 0.32435 -0.15623 -0.932946 0.857178 0.162987 0.980747 -0.107571 0.0883926 0.93179 -0.117167 0.343569 0.507377
4 29 1481 0.944384 -0.0456374 -0.325661 0.91031 0.0566199 0.9981 0.0243206 0.0718869 0.323932 -0.0414069 0.945174 0.407638
5 6 3294 0.996907 0.00509862 0.0784206 -0.852595 -0.00833844 0.999123 0.0410415 -0.109022 -0.0781426 -0.0415685 0.996075 -0.511074
5 7 1522 0.904348 0.0687324 0.421224 -0.961954 -0.0901135 0.995448 0.0310392 -0.0507635 -0.417173 -0.0660283 0.906425 -0.268452
5 8 1179 0.838536 0.0853254 0.538123 -0.989694 -0.105711 0.994372 0.00705621 -0.0234104 -0.534492 -0.0628022 0.842837 -0.141275
5 9 894 0.782986 0.0982265 0.614235 -0.999596 -0.119451 0.992819 -0.00649968 -0.0138456 -0.610463 -0.0682821 0.789096 0.0248046
5 10 817 0.691922 0.112832 0.713101 -0.996239 -0.115348 0.992301 -0.0450863 0.0181473 -0.712698 -0.0510588 0.69961 0.0847207
5 11 614 0.561526 0.147311 0.814241 -0.986152 -0.156336 0.98519 -0.0704248 0.0554136 -0.812556 -0.0877496 0.57624 0.156316
5 12 541 0.419501 0.143682 0.896312 -0.912683 -0.174173 0.981788 -0.0758658 0.0839015 -0.890889 -0.124288 0.436887 0.399962
5 13 357 0.063796 0.162252 0.984685 -0.701715 -0.187218 0.971122 -0.147888 0.141558 -0.980245 -0.174917 0.0923302 0.698253
5 14 186 -0.144767 0.178016 0.973321 -0.557618 -0.233231 0.949826 -0.208408 0.215688 -0.961585 -0.25718 -0.0959845 0.801587
5 15 77 -0.345393 0.172498 0.922469 -0.341286 -0.189816 0.949804 -0.248681 0.209282 -0.919061 -0.260992 -0.295312 0.916365
5 16 0 1 0 0 0 0 1 0 0 0 0 1 0
5 17 0 1 0 0 0 0 1 0 0 0 0 1 0
5 18 0 1 0 0 0 0 1 0 0 0 0 1 0
5 19 0 1 0 0 0 0 1 0 0 0 0 1 0
5 20 0 1 0 0 0 0 1 0 0 0 0 1 0
5 21 39 0.128104 -0.0596049 0.989968 -0.732664 -0.0837669 0.993975 0.0706858 -0.0790634 -0.988217 -0.0919817 0.12234 0.675982
5 22 34 0.947216 0.320558 -0.00487917 0.286828 0.278177 -0.829361 -0.484539 0.0343815 -0.15937 0.457606 -0.874756 0.957365
5 23 38 -0.837946 -0.458684 -0.295727 0.442478 -0.421527 0.888133 -0.183126 0.0981574 0.346642 -0.0287922 -0.937556 0.891391
5 24 34 -0.903725 -0.280006 -0.323849 0.20877 0.382185 -0.18679 -0.905011 0.192305 0.192917 -0.941651 0.275821 0.958871
5 25 50 0.965279 -0.0500081 -0.256388 -0.0708383 0.0695518 0.995276 0.0677297 0.0704156 0.25179 -0.0832104 0.964198 0.994999
5 26 140 -0.0811343 -0.188253 -0.978763 0.652711 0.245316 0.94802 -0.202676 0.188391 0.966042 -0.25655 -0.0307354 0.73381
5 27 224 0.655804 -0.187893 -0.731175 0.432733 0.219231 0.974193 -0.0537104 -0.0576645 0.722398 -0.125073 0.680072 -0.899676
5 28 377 0.678501 -0.175865 -0.713237 0.426883 0.179805 0.981146 -0.0708764 -0.00254233 0.712254 -0.0801538 0.69733 -0.904303
5 29 1303 0.892636 -0.0779157 -0.443993 0.976775 0.0890615 0.996017 0.00426608 0.039926 0.441892 -0.0433507 0.89602 0.210516
6 7 1690 0.934836 0.078841 0.346217 -0.963187 -0.0832327 0.996528 -0.00219044 -0.0515508 -0.345188 -0.0267689 0.938152 -0.263844
6 8 1122 0.882313 0.0995309 0.460018 -0.960842 -0.096695 0.994868 -0.0297919 -0.00153942 -0.460623 -0.0181957 0.88741 -0.277093
6 9 933 0.829187 0.116833 0.546624 -0.999977 -0.113708 0.992721 -0.0396943 -0.00626756 -0.547283 -0.0292414 0.836437 -0.00241077
6 10 756 0.747801 0.136768 0.649683 -0.998796 -0.111734 0.99052 -0.0799102 0.0268585 -0.654453 -0.012835 0.755994 0.0410573
6 11 556 0.692947 0.168762 0.700959 -0.838484 -0.193745 0.980046 -0.044424 -0.01977 -0.694469 -0.105024 0.711816 0.544567
6 12 515 0.489929 0.176561 0.853696 -0.913952 -0.175177 0.97924 -0.101993 0.0831496 -0.853981 -0.099579 0.510687 0.397213
6 13 308 0.134718 0.201185 0.970245 -0.739304 -0.193741 0.965621 -0.173325 0.135279 -0.971759 -0.164626 0.169065 0.659643
6 14 171 0.0275195 0.244059 0.96937 -0.868124 -0.243463 0.942172 -0.2303 0.18834 -0.96952 -0.229668 0.0853475 0.459226
6 15 59 -0.293483 0.199729 0.934867 -0.639984 -0.209217 0.940804 -0.266676 0.158232 -0.932789 -0.273855 -0.234323 0.751919
6 16 0 1 0 0 0 0 1 0 0 0 0 1 0
6 17 27 0.51111 0.854694 -0.09091 -0.12519 -0.849056 0.485609 -0.208057 0.236577 -0.133678 0.183528 0.973883 0.963514
6 18 0 1 0 0 0 0 1 0 0 0 0 1 0
6 19 0 1 0 0 0 0 1 0 0 0 0 1 0
6 20 0 1 0 0 0 0 1 0 0 0 0 1 0
6 21 39 0.737518 0.00370559 0.675318 -0.983873 -0.337449 0.868218 0.363766 -0.035963 -0.584975 -0.496169 0.641577 0.175215
6 22 36 -0.541888 0.620489 -0.566878 0.393714 0.805913 0.574996 -0.141011 0.0156014 0.238456 -0.533266 -0.811644 0.919101
6 23 38 0.649641 0.462715 -0.603209 0.436894 -0.739297 0.199548 -0.643133 0.113947 -0.177218 0.863757 0.471718 0.892267
6 24 0 1 0 0 0 0 1 0 0 0 0 1 0
6 25 66 0.986407 -0.162146 -0.0266297 -0.0709911 -0.162744 -0.941672 -0.294563 0.0703571 0.0226857 0.294893 -0.955261 0.994993
6 26 135 -0.172871 -0.219101 -0.960266 0.659611 0.237468 0.936913 -0.256523 0.1851 0.95589 -0.272377 -0.109935 0.728458
6 27 269 -0.0330214 -0.219481 -0.975058 0.777882 0.215094 0.951169 -0.221388 0.139456 0.976035 -0.21704 0.0158002 0.612741
6 28 427 0.104447 -0.197384 -0.974746 0.746631 0.211472 0.962102 -0.172163 0.00100622 0.971787 -0.188149 0.14223 0.665238
6 29 941 0.854112 -0.102304 -0.509929 0.918657 0.0938093 0.994686 -0.0424318 0.0726543 0.51156 -0.0115946 0.85917 0.388319
7 8 2586 0.990896 0.0259564 0.1321 -0.989359 -0.0240525 0.999583 -0.0159885 -0.0240578 -0.13246 0.0126656 0.991107 -0.14349
7 9 2046 0.973351 0.0462475 0.224607 -0.998306 -0.0410144 0.998769 -0.0279114 -0.00375525 -0.225621 0.0179554 0.97405 -0.0580638
7 10 1500 0.933739 0.072195 0.350599 -0.995591 -0.0544995 0.996704 -0.0600937 0.017258 -0.353782 0.0370043 0.934596 0.0922015
7 11 906 0.896203 0.120707 0.426907 -0.983436 -0.0957407 0.992222 -0.0795615 0.0787913 -0.43319 0.0304309 0.900789 -0.163234
7 12 830 0.768573 0.132903 0.625805 -0.912105 -0.121898 0.990686 -0.0606852 0.0831073 -0.628041 -0.0296435 0.777615 0.401444
7 13 354 0.83508 0.134828 0.533351 -0.217709 -0.148184 0.988797 -0.0179456 0.0608806 -0.529795 -0.0640483 0.845704 0.974113
7 14 306 0.299965 0.220556 0.928103 -0.537846 -0.233418 0.960301 -0.152766 0.216782 -0.924952 -0.170811 0.339539 0.814694
7 15 129 0.0809751 0.234558 0.968724 -0.348718 -0.2094 0.954228 -0.213544 0.209628 -0.974471 -0.185559 0.126385 0.913483
7 16 0 1 0 0 0 0 1 0 0 0 0 1 0
7 17 45 0.962279 0.233679 0.13933 -0.3917 -0.218025 0.96868 -0.118849 -0.0270724 -0.162739 0.083988 0.983088 0.919695
7 18 24 0.379034 -0.925361 0.00636496 -0.0435543 0.877116 0.361448 0.316262 -0.0297352 -0.294957 -0.114291 0.94865 -0.998608
7 19 18 -0.218056 -0.86092 -0.45964 0.374082 0.879225 -0.377707 0.290348 0.0124443 -0.423575 -0.340814 0.839303 -0.927312
7 20 0 1 0 0 0 0 1 0 0 0 0 1 0
7 21 0 1 0 0 0 0 1 0 0 0 0 1 0
7 22 31 0.963726 0.245057 -0.105731 -0.17924 -0.255764 0.961185 -0.103483 -0.28638 0.0762676 0.126772 0.988996 0.941201
7 23 44 -0.945685 0.309107 -0.100658 -0.30257 0.120656 0.621264 0.774256 -0.412911 0.301864 0.720058 -0.624816 0.859043
7 24 48 0.029841 -0.574593 -0.817895 0.406365 0.972966 -0.170777 0.155474 0.18678 -0.229012 -0.800424 0.553963 0.894416
7 25 66 0.177274 -0.570264 -0.802105 0.332961 -0.161819 -0.820811 0.547799 -0.165147 -0.970767 0.0326856 -0.237788 0.928366
7 26 22 0.338336 0.84964 0.404525 0.568894 -0.934438 0.354117 0.0377776 0.0125916 -0.111152 -0.390785 0.913746 0.822315
7 27 45 -0.572014 0.775116 -0.268318 0.221942 0.781326 0.415331 -0.465864 0.0312471 -0.249658 -0.476124 -0.843194 0.974559
7 28 30 -0.108465 0.993627 -0.0306755 -0.118322 -0.993752 -0.107559 0.029796 0.0289177 0.0263067 0.0337156 0.999085 0.992554
7 29 389 0.612467 -0.171293 -0.771715 0.373366 0.150839 0.983627 -0.0986173 0.16833 0.775972 -0.056005 0.628276 0.912284
8 9 2984 0.995383 0.0192206 0.0940376 -0.999271 -0.018433 0.999787 -0.00923751 -0.00467631 -0.0941951 0.00746147 0.995526 -0.0378977
8 10 2086 0.973548 0.0441199 0.224183 -0.996089 -0.0360848 0.998555 -0.0398151 0.0178861 -0.225615 0.0306723 0.973733 0.0865214
8 11 1461 0.918886 0.092913 0.383426 -0.967757 -0.0860759 0.995674 -0.0349928 0.0650883 -0.385019 -0.000849413 0.922908 0.243329
8 12 1066 0.849116 0.105571 0.517549 -0.950852 -0.102884 0.994113 -0.0339852 0.0699615 -0.518089 -0.0243898 0.854979 0.30164
8 13 528 0.621074 0.157027 0.767861 -0.616688 -0.149878 0.985439 -0.0802951 0.156024 -0.769288 -0.0652159 0.635565 0.77159
8 14 366 0.425484 0.196967 0.883271 -0.533844 -0.226235 0.968187 -0.106923 0.215874 -0.876231 -0.154333 0.456508 0.817563
8 15 130 0.214285 0.218491 0.952021 -0.347094 -0.210283 0.962126 -0.173478 0.209452 -0.953867 -0.16302 0.252114 0.914142
8 16 0 1 0 0 0 0 1 0 0 0 0 1 0
8 17 47 0.895555 0.0803237 0.437641 -0.401986 -0.0773183 0.9967 -0.0247139 0.0661347 -0.438182 -0.011705 0.89881 0.913255
8 18 35 -0.54716 0.77699 -0.311293 -0.608007 -0.747519 -0.620929 -0.235929 -0.0049686 -0.376606 0.103607 0.920562 0.793916
8 19 44 0.127945 -0.882126 -0.453303 0.397028 -0.946534 0.0278718 -0.321399 0.0255578 0.296148 0.470188 -0.831396 0.91745
8 20 0 1 0 0 0 0 1 0 0 0 0 1 0
8 21 0 1 0 0 0 0 1 0 0 0 0 1 0
8 22 0 1 0 0 0 0 1 0 0 0 0 1 0
8 23 25 -0.815969 0.204888 0.54057 -0.61648 -0.526152 -0.650604 -0.547612 -0.296049 0.239497 -0.731256 0.638674 -0.729594
8 24 45 -0.651738 0.372393 -0.660728 0.414777 0.627828 0.753655 -0.194517 0.201037 0.425524 -0.541598 -0.724984 0.887437
8 25 70 -0.684974 -0.728506 0.00946913 0.266531 -0.577511 0.550834 0.602548 -0.264136 -0.444175 0.407261 -0.798027 0.926927
8 26 31 -0.780493 -0.575865 0.243331 -0.114467 0.438978 -0.781958 -0.442537 0.167752 0.445116 -0.238581 0.863105 0.979161
8 27 30 -0.695012 -0.708536 0.122212 -0.390869 0.699715 -0.627427 0.341663 0.140088 -0.165401 0.322974 0.931842 -0.909723
8 28 58 -0.186222 -0.686887 0.702501 -0.995658 0.410203 -0.704065 -0.579677 0.0215699 0.892779 0.18022 0.412876 0.0905506
8 29 241 0.467231 -0.166731 -0.868272 0.437712 0.163432 0.981421 -0.100514 0.135928 0.868899 -0.0949402 0.4858 0.888781
9 10 2569 0.990953 0.0240201 0.132041 -0.996647 -0.0205545 0.999409 -0.0275469 0.0168111 -0.132625 0.0245836 0.990861 0.0800702
9 11 1743 0.952281 0.0721596 0.296571 -0.964855 -0.0698167 0.997388 -0.0184984 0.067138 -0.297131 -0.00308991 0.954832 0.254062
9 12 1367 0.894443 0.0839079 0.43924 -0.914407 -0.0865522 0.996148 -0.0140441 0.0835473 -0.438726 -0.0254555 0.89826 0.396081
9 13 749 0.672308 0.142172 0.726491 -0.705181 -0.142309 0.987901 -0.0616341 0.141348 -0.726464 -0.0619493 0.684406 0.694795
9 14 247 0.803283 0.142686 0.578254 -0.0551483 -0.187428 0.982113 0.018026 0.091842 -0.565339 -0.122861 0.815658 0.994245
9 15 108 0.695388 0.230307 0.680731 -0.944775 -0.211882 0.970854 -0.112018 0.116242 -0.686689 -0.0663389 0.723918 -0.306411
9 16 0 1 0 0 0 0 1 0 0 0 0 1 0
9 17 59 0.558715 0.0225434 0.829054 -0.401941 -0.0461247 0.998928 0.00392168 0.0656162 -0.828076 -0.0404309 0.559155 0.913311
9 18 69 0.184426 0.0637013 0.98078 -0.1138 -0.0492086 0.997244 -0.0555175 0.0224347 -0.981614 -0.038024 0.187052 0.99325
9 19 22 -0.0614817 -0.962228 0.26521 0.405234 0.997485 -0.049849 0.0503788 0.0225402 -0.0352555 0.267641 0.962874 0.913935
9 20 0 1 0 0 0 0 1 0 0 0 0 1 0
9 21 46 0.236195 0.892577 0.384081 -0.538863 0.25306 0.325122 -0.911184 -0.00204243 -0.938175 0.312412 -0.149084 0.842391
9 22 0 1 0 0 0 0 1 0 0 0 0 1 0
9 23 61 0.258802 0.758559 -0.598005 0.382283 0.572526 -0.619092 -0.537531 0.356459 -0.777969 -0.203259 -0.594517 0.852524
9 24 47 0.560428 -0.740183 0.371549 0.220009 0.799697 0.366941 -0.475225 0.609326 0.215417 0.563456 0.797566 -0.761786
9 25 53 -0.549619 0.487277 0.678586 0.369924 0.0718605 0.836839 -0.542712 -0.105554 -0.832319 -0.249521 -0.494959 0.923046
9 26 51 -0.853417 -0.45048 -0.262195 0.380633 -0.445262 0.891586 -0.0825644 -0.0915828 0.270963 0.0462837 -0.961476 0.92018
9 27 58 0.327391 0.943121 -0.0577748 -0.3234 0.61003 -0.257666 -0.749314 -0.0688866 -0.721581 0.210074 -0.659689 0.943751
9 28 39 -0.546074 0.83104 0.105712 -0.105377 -0.822689 -0.555788 0.119509 0.0286768 0.15807 -0.0217077 0.987189 0.994019
9 29 307 0.421354 -0.173809 -0.890085 0.381675 0.171326 0.979046 -0.110077 0.169189 0.890566 -0.106113 0.442303 0.90868
10 11 2236 0.984509 0.04425 0.169659 -0.963189 -0.047698 0.998729 0.0162995 0.0654986 -0.168722 -0.0241394 0.985368 0.260723
10 12 1667 0.946263 0.0532431 0.318986 -0.911972 -0.0637302 0.997713 0.0225219 0.0829391 -0.317057 -0.0416406 0.947492 0.401782
10 13 862 0.765448 0.107103 0.634522 -0.701306 -0.12531 0.991984 -0.0162733 0.140444 -0.631179 -0.0670556 0.772733 0.698889
10 14 429 0.617631 0.148304 0.772359 -0.550934 -0.202491 0.978938 -0.0260451 0.21657 -0.759954 -0.140309 0.634652 0.805958
10 15 160 0.525953 0.141818 0.838607 -0.199819 -0.193394 0.980113 -0.0444561 0.0680248 -0.828234 -0.1388 0.54292 0.977469
10 16 0 1 0 0 0 0 1 0 0 0 0 1 0
10 17 67 0.950342 -0.139822 -0.278028 -0.393871 0.203804 0.954781 0.216467 0.00971929 0.235189 -0.262381 0.935865 0.919114
10 18 78 0.140153 -0.98964 0.0311487 0.165812 0.204504 -0.00184764 -0.978864 0.0771362 0.96878 0.143561 0.202126 0.983136
10 19 40 0.16563 -0.947265 -0.274328 0.381839 -0.881272 -0.0173154 -0.472292 0.0249984 0.442636 0.319983 -0.837666 0.923891
10 20 22 -0.706793 -0.705608 0.0506055 -0.310015 0.551276 -0.594206 -0.585675 0.0270481 0.443327 -0.386053 0.808965 0.950347
10 21 0 1 0 0 0 0 1 0 0 0 0 1 0
10 22 28 -0.408783 0.911958 0.0350611 -0.175006 0.891033 0.390506 0.231443 -0.28452 0.197375 0.125851 -0.972216 0.942561
10 23 0 1 0 0 0 0 1 0 0 0 0 1 0
10 24 36 -0.2385 -0.933977 0.266092 -0.319775 -0.844239 0.334821 0.418515 -0.100614 -0.479976 -0.124829 -0.868355 0.942136
10 25 58 0.347887 0.926798 -0.141493 0.367332 0.076545 0.122339 0.989532 -0.114825 0.934406 -0.355076 -0.0283816 0.922975
10 26 55 0.197277 -0.931217 -0.306459 0.330605 -0.917832 -0.0655969 -0.391513 -0.0925646 0.34448 0.358514 -0.867641 0.939219
10 27 46 -0.999427 0.0319709 0.0111121 -0.324856 0.0335697 0.978234 0.204771 -0.0686808 -0.00432346 0.205027 -0.978747 0.943266
10 28 28 -0.229273 0.961361 -0.152375 -0.157791 -0.963364 -0.20174 0.176725 0.0284821 0.139156 0.187311 0.972394 0.987062
10 29 96 0.988558 -0.0497922 -0.142386 0.453327 0.05225 0.998542 0.0135727 -0.108421 0.141503 -0.0208571 0.989718 -0.884726
11 12 2451 0.987952 0.0136987 0.154156 -0.92571 -0.0151397 0.999852 0.00817741 0.089774 -0.154021 -0.0104128 0.988013 0.367425
11 13 1096 0.865816 0.0808088 0.493794 -0.704636 -0.0822979 0.996431 -0.018764 0.141074 -0.493548 -0.024392 0.869377 0.695404
11 14 586 0.746934 0.129805 0.652104 -0.539454 -0.159516 0.987099 -0.0137747 0.215231 -0.645479 -0.0937323 0.758004 0.814042
11 15 255 0.555318 0.147395 0.818472 -0.987744 -0.165787 0.984035 -0.064727 -0.00508958 -0.814946 -0.0997478 0.570888 0.156
11 16 126 0.474755 0.164414 0.864625 -0.224634 -0.175164 0.980394 -0.0902478 0.2115 -0.862511 -0.108606 0.494246 0.951214
11 17 69 -0.941052 0.124339 0.314582 -0.39178 0.192187 0.961841 0.194746 -0.0403889 -0.278363 0.243725 -0.929038 0.919172
11 18 53 0.782938 0.316196 -0.53575 -0.113638 -0.325336 0.942156 0.0806119 0.0225867 0.530249 0.111185 0.84052 0.993265
11 19 29 0.221341 0.970992 -0.09046 -0.0315052 -0.423087 0.17919 0.888194 0.110911 0.878639 -0.158321 0.450476 0.993331
11 20 40 -0.826898 0.321171 -0.461615 0.277217 0.18035 0.928963 0.323267 -0.0980609 0.532647 0.184057 -0.826081 0.95579
11 21 49 0.345185 0.167919 0.923391 -0.101624 -0.144227 0.981668 -0.124602 0.176064 -0.927387 -0.0901675 0.363075 0.979119
11 22 55 0.860809 0.108468 -0.497235 0.155194 -0.263207 0.931096 -0.252551 0.95781 0.43558 0.348274 0.830045 0.241898
11 23 28 0.531811 0.658218 -0.532847 0.485926 -0.843383 0.46863 -0.262852 0.0341468 0.0766938 0.589182 0.804352 0.873333
11 24 23 -0.0931895 0.94282 -0.320009 0.361838 0.981554 0.140885 0.129241 0.172189 0.166936 -0.302062 -0.938558 0.916201
11 25 12 -0.441378 0.460739 0.770003 0.361438 -0.419057 -0.864627 0.277148 -0.111231 0.793459 -0.200348 0.574704 0.925738
11 26 36 0.36431 -0.536535 -0.761188 0.38229 -0.76136 -0.642284 0.0883315 -0.093955 -0.536292 0.547358 -0.642487 0.919253
11 27 49 -0.476633 -0.761754 -0.438807 0.386436 -0.801071 0.581941 -0.140104 -0.139832 0.362084 0.284738 -0.887592 0.911655
11 28 21 -0.00618662 -0.993442 -0.114171 -0.0257671 0.861888 -0.0631914 0.503145 0.0268619 -0.50706 -0.0952903 0.856627 0.999307
11 29 98 0.985388 -0.0520553 -0.162177 -0.2372 0.0523058 0.998627 -0.00272775 0.17274 0.162097 -0.00579491 0.986758 0.95598
12 13 1468 0.932329 0.072092 0.354353 -0.710146 -0.070741 0.997354 -0.0167836 0.140003 -0.354625 -0.00941947 0.934961 0.689994
12 14 742 0.839139 0.123063 0.529812 -0.538357 -0.146202 0.989253 0.00178101 0.215868 -0.523899 -0.0789544 0.848113 0.8146
12 15 397 0.707468 0.156373 0.689229 -0.956929 -0.16284 0.985043 -0.0563389 -0.0581067 -0.68773 -0.0723762 0.72235 -0.284448
12 16 219 0.528911 0.14712 0.835828 -0.997068 -0.174865 0.982619 -0.0623028 -0.0760956 -0.830467 -0.113205 0.545444 0.00810597
12 17 0 1 0 0 0 0 1 0 0 0 0 1 0
12 18 0 1 0 0 0 0 1 0 0 0 0 1 0
12 19 22 0.106718 -0.971301 0.212567 0.0910367 0.860784 -0.0167518 -0.508695 0.0526508 0.497657 0.237261 0.834293 0.994455
12 20 34 0.830952 0.113915 0.544557 -0.524946 -0.108783 0.993188 -0.0417703 0.163618 -0.545605 -0.0245292 0.837683 0.835261
12 21 69 0.544748 0.159107 0.823368 -0.160477 -0.144643 0.984948 -0.0946337 0.177208 -0.826031 -0.0675429 0.559563 0.971002
12 22 61 0.886206 -0.0332952 -0.462093 0.0455497 -0.0364907 0.989299 -0.141264 0.998646 0.461852 0.142051 0.875508 -0.0251416
12 23 25 0.921897 0.372808 -0.105452 0.484079 -0.387363 0.881694 -0.269381 0.0974796 -0.00745108 0.28919 0.957243 0.869577
12 24 0 1 0 0 0 0 1 0 0 0 0 1 0
12 25 0 1 0 0 0 0 1 0 0 0 0 1 0
12 26 43 -0.219029 -0.76171 -0.609774 0.462949 -0.889495 0.412738 -0.196075 0.0291194 0.401029 0.499445 -0.767939 0.885906
12 27 14 -0.697255 -0.704052 -0.134711 -0.338949 0.712605 -0.70116 -0.0238603 -0.0743756 -0.0776549 -0.112632 0.990598 0.93786
12 28 0 1 0 0 0 0 1 0 0 0 0 1 0
12 29 237 -0.0291536 -0.197551 -0.979859 0.362912 0.185219 0.962232 -0.199508 0.16836 0.982265 -0.187305 0.00853789 0.916488
13 14 1303 0.979315 0.0523356 0.195458 -0.863418 -0.0624843 0.99698 0.0461183 -0.130683 -0.192454 -0.0573774 0.979627 -0.487269
13 15 550 0.930193 0.108026 0.350815 -0.792164 -0.108647 0.993918 -0.0179776 -0.0417385 -0.350624 -0.0213924 0.936272 -0.608879
13 16 361 0.847483 0.107786 0.519765 -0.932062 -0.116856 0.99303 -0.015394 -0.0899179 -0.517801 -0.0476912 0.854171 -0.350964
13 17 133 0.767678 0.132883 0.626907 -0.997834 -0.160309 0.986983 -0.0129003 -0.0220334 -0.62046 -0.0905957 0.778987 -0.0619879
13 18 0 1 0 0 0 0 1 0 0 0 0 1 0
13 19 43 -0.658081 0.710138 0.250267 -0.0195529 0.555079 0.68214 -0.475996 0.114229 -0.508741 -0.174326 -0.843086 0.993262
13 20 17 0.97427 0.0953163 0.204239 0.55123 -0.0851994 0.994687 -0.0577886 -0.168036 -0.208662 0.0389006 0.977214 -0.817257
13 21 54 0.813756 0.0816843 0.575437 -0.17836 -0.0718918 0.996618 -0.0398056 0.166412 -0.576743 -0.00897715 0.816877 0.969791
13 22 67 0.755717 0.07701 0.650355 -0.0898417 -0.0597748 0.997028 -0.0486016 0.154423 -0.652165 -0.00214578 0.758074 0.983912
13 23 21 -0.103318 0.864289 -0.49227 -0.350315 -0.88341 0.147693 0.444718 -0.013881 0.45707 0.480823 0.748262 0.936529
13 24 14 0.156521 -0.814738 0.558304 0.102149 0.830077 0.414839 0.372666 -0.320289 -0.535232 0.405106 0.741226 0.941796
13 25 45 -0.356243 0.931037 -0.079123 -0.0380333 0.92752 0.3421 -0.15058 0.0377128 -0.113128 -0.127031 -0.985426 0.998565
13 26 33 0.999664 0.0259058 -0.000874426 -0.0619803 -0.00856148 0.298156 -0.954479 0.100036 -0.0244658 0.954165 0.298278 0.993051
13 27 29 0.221109 -0.875279 0.430113 0.0898339 0.431802 0.483307 0.761552 -0.0570225 -0.874447 0.0173375 0.484811 0.994323
13 28 37 0.68176 -0.32223 0.656788 -0.422768 0.125289 -0.833081 -0.538775 0.267697 0.720767 0.449603 -0.52759 0.865798
13 29 156 -0.39263 -0.175474 -0.902801 0.363092 0.173225 0.949951 -0.259974 0.168485 0.903236 -0.258462 -0.342583 0.916394
14 15 1042 0.976153 0.0571031 0.209439 -0.808675 -0.0491118 0.99786 -0.0431642 -0.107165 -0.211455 0.0318489 0.976869 -0.578412
14 16 574 0.938288 0.0754539 0.337524 -0.889833 -0.0629305 0.996867 -0.0479095 -0.121814 -0.340082 0.0237123 0.940097 -0.439725
14 17 301 0.884017 0.112348 0.453752 -0.995372 -0.106559 0.993565 -0.0384033 -0.0277479 -0.455147 -0.014402 0.8903 -0.0920041
14 18 116 0.611797 0.205218 0.76393 -0.947519 -0.155079 0.978136 -0.138565 0.066319 -0.775664 -0.0336959 0.630246 0.312744
14 19 87 0.241299 0.230237 0.942744 -0.815406 -0.162278 0.967344 -0.19471 0.10233 -0.956787 -0.106003 0.270782 0.569774
14 20 28 0.169425 -0.291853 -0.941338 0.839424 0.00968232 0.955593 -0.294531 0.103141 0.985496 0.0407865 0.164727 0.533601
14 21 14 -0.823315 -0.433467 0.366413 0.294906 0.523511 -0.829365 0.195169 0.0928627 0.219291 0.352507 0.909753 0.951003
14 22 22 0.988441 0.033671 0.147821 0.551964 -0.0199546 0.995437 -0.0933112 -0.187427 -0.150289 0.0892829 0.984602 -0.812531
14 23 31 0.528742 -0.765791 -0.366056 0.476375 0.842594 0.421579 0.335122 -0.186118 -0.102312 -0.485629 0.868157 0.859318
14 24 15 -0.809573 0.266055 0.523266 -0.389217 0.143685 0.95409 -0.262805 0.0308249 -0.569163 -0.137574 -0.810633 0.92063
14 25 19 0.347685 -0.93573 -0.0593663 -0.266462 0.875978 0.346756 -0.335295 0.264065 0.334331 0.0645735 0.940241 -0.926967
14 26 12 0.983488 -0.133405 0.122287 -0.0458839 0.118518 0.985445 0.121864 0.0997391 -0.136764 -0.105359 0.984985 0.993955
14 27 33 0.799729 -0.2139 -0.560963 -0.0260771 -0.0072092 0.930888 -0.365233 0.998379 0.600317 0.296131 0.742917 0.0505821
14 28 21 0.998264 -0.0561884 -0.0176395 0.0394543 0.0548295 0.996049 -0.069853 0.0274707 0.0214947 0.0687646 0.997401 0.998844
14 29 97 -0.578814 -0.188782 -0.793307 0.366978 0.168795 0.924028 -0.343046 0.167783 0.797799 -0.332466 -0.502975 0.914973
15 16 1292 0.992612 0.0180841 0.119977 -0.851799 -0.0176549 0.999833 -0.00463874 -0.124384 -0.120041 0.00248628 0.992766 -0.508888
15 17 529 0.963006 0.0538348 0.264046 -0.993767 -0.0599082 0.998091 0.014997 0.0262528 -0.262735 -0.0302608 0.964393 0.108342
15 18 136 0.775874 0.144272 0.61417 -0.911454 -0.126453 0.989309 -0.0726476 0.0778682 -0.618085 -0.021298 0.785823 0.403965
15 19 113 0.586669 0.177932 0.790038 -0.797303 -0.146489 0.982787 -0.112562 0.0995363 -0.796467 -0.0496948 0.602636 0.595315
15 20 0 1 0 0 0 0 1 0 0 0 0 1 0
15 21 27 -0.672318 0.0894031 -0.734844 0.382249 0.655331 0.533558 -0.534656 0.0565194 0.344282 -0.841025 -0.417309 0.922329
15 22 35 0.981965 -0.00645815 0.188955 -0.160208 0.0174457 0.998248 -0.0565438 0.15053 -0.188259 0.0588204 0.980356 0.975538
15 23 29 -0.451986 0.17518 -0.874655 -0.356527 -0.265008 -0.962627 -0.0558544 -0.013597 -0.851751 0.206545 0.481518 0.934186
15 24 23 -0.295278 0.883771 -0.362988 0.250345 0.930216 0.179258 -0.320257 0.165363 -0.217965 -0.432222 -0.875029 0.95393
15 25 25 -0.23265 0.790939 0.565941 -0.287776 0.933214 0.345393 -0.0990774 0.0763112 -0.273836 0.505094 -0.818471 0.954653
15 26 18 0.564205 -0.810059 -0.159614 -0.0958407 0.789245 0.585925 -0.183805 -0.091618 0.242415 -0.0222707 0.969917 0.991171
15 27 34 0.39598 -0.611981 0.684602 0.0167684 -0.123445 0.703298 0.700095 -0.96997 -0.909924 -0.361734 0.202946 0.242647
15 28 27 0.959273 0.0848111 -0.269447 -0.0173429 -0.196566 0.885459 -0.421099 0.386039 0.20287 0.456914 0.866068 0.922319
15 29 81 -0.744934 -0.127479 -0.654846 0.367016 0.143043 0.928225 -0.34342 0.169097 0.651623 -0.349496 -0.673231 0.914716
16 17 663 0.98888 0.0353879 0.144442 -0.904932 -0.0393123 0.998929 0.0244055 0.113198 -0.143423 -0.0298125 0.989212 0.410224
16 18 180 0.84708 0.126952 0.51608 -0.850693 -0.116429 0.991791 -0.0528701 0.0990721 -0.518556 -0.0153016 0.854907 0.516242
16 19 114 0.684791 0.167162 0.709308 -0.825066 -0.138593 0.985445 -0.098436 0.0971482 -0.715439 -0.0308971 0.697991 0.556622
16 20 20 0.412357 -0.91086 0.0171865 0.104006 0.90631 0.408234 -0.109301 -0.0597241 0.092542 0.0606473 0.99386 0.992782
16 21 25 0.476145 -0.204983 -0.855142 0.852521 0.118248 0.978545 -0.168722 0.124941 0.87138 -0.020783 0.490168 0.507541
16 22 34 0.681851 -0.681961 -0.264592 0.307311 0.73149 0.634983 0.248434 -0.0423258 -0.001411 -0.362941 0.931811 0.950667
16 23 57 -0.870508 0.376041 -0.317503 0.475956 0.360814 0.926373 0.107913 -0.151867 0.334706 -0.0206205 -0.942097 0.866258
16 24 10 -0.745645 -0.517815 0.419383 0.250345 0.63066 -0.751607 0.193273 0.165372 0.215131 0.408601 0.886997 0.953929
16 25 0 1 0 0 0 0 1 0 0 0 0 1 0
16 26 13 0.995256 -0.0119036 -0.0965617 -0.0876754 0.00998157 -0.974758 0.223042 -0.167281 -0.0967793 -0.222948 -0.970014 0.982003
16 27 13 0.680175 -0.731505 -0.0475627 0.148801 0.732602 0.676061 0.0789638 -0.0785375 -0.0256072 -0.0885538 0.995742 -0.985743
16 28 16 0.977759 -0.118303 -0.173181 -0.00783833 0.113894 0.992869 -0.0352129 0.142987 0.176111 0.0147055 0.98426 0.989694
16 29 43 -0.828488 -0.103165 -0.550422 0.364612 0.119726 0.927529 -0.354057 0.168854 0.547058 -0.359232 -0.756095 0.915722
17 18 353 0.917475 0.107438 0.38301 -0.958888 -0.0887798 0.993854 -0.0661194 0.0602979 -0.38776 0.0266594 0.921375 0.277303
17 19 121 0.778251 0.148533 0.610134 -0.831336 -0.115291 0.988904 -0.0936844 0.0969695 -0.617279 0.00256709 0.78674 0.547245
17 20 22 0.714883 0.154572 0.681945 -0.105204 -0.130609 0.987615 -0.0869393 0.144259 -0.686938 -0.0269166 0.726218 0.983932
17 21 29 0.292588 0.224323 0.929554 -0.935223 -0.222184 0.961438 -0.162082 0.0788532 -0.930068 -0.159109 0.331147 0.345167
17 22 20 -0.216342 0.522975 -0.824435 0.307312 0.85288 0.512222 0.101118 -0.0420951 0.475176 -0.681268 -0.55685 0.950677
17 23 31 -0.314965 -0.798477 0.513061 0.477276 -0.918969 0.121432 -0.375166 -0.16481 0.23726 -0.589652 -0.772022 0.86316
17 24 10 -0.651687 -0.643577 0.401388 0.250343 0.754663 -0.603249 0.25802 0.165342 0.0760815 0.471061 0.878814 0.953934
