0 1 16 0.999878 0.00945464 -0.0124533 0.808971 -0.00948273 0.999953 -0.0021984 0.365671 0.0124319 0.00231623 0.99992 -0.460272
0 2 412 0.998943 0.0120413 -0.0443582 0.890917 -0.0120637 0.999927 -0.000237638 0.0844026 0.0443521 0.000772511 0.999016 -0.446254
0 3 264 0.998748 0.0184032 -0.046506 0.843327 -0.0185959 0.99982 -0.00371437 0.282105 0.0464292 0.00457454 0.998911 -0.457402
0 4 247 0.997975 0.0157167 -0.0616343 0.834331 -0.0156691 0.999876 0.00125468 0.232934 0.0616464 -0.000286385 0.998098 -0.499633
0 5 291 0.996696 0.0178042 -0.0792445 0.852191 -0.0175806 0.999839 0.00351847 0.209668 0.0792944 -0.00211368 0.996849 -0.479385
0 6 337 0.995227 0.0290135 -0.0931793 0.884532 -0.0291015 0.999576 0.000414087 0.23979 0.0931519 0.00229955 0.995649 -0.40013
0 7 230 0.993275 0.0320264 -0.111258 0.890689 -0.0322031 0.999481 0.000208886 0.254251 0.111207 0.00337536 0.993792 -0.376869
0 8 251 0.992443 0.0381371 -0.116632 0.874363 -0.0373977 0.999264 0.00852201 0.225796 0.116871 -0.00409584 0.993139 -0.429541
0 9 181 0.99105 0.0366247 -0.128371 0.886585 -0.0358769 0.999323 0.00813364 0.242074 0.128582 -0.0034553 0.991693 -0.394167
0 10 219 0.989782 0.0388699 -0.137189 0.893067 -0.037628 0.999224 0.0116352 0.23384 0.137535 -0.00635415 0.990477 -0.384382
0 11 206 0.986549 0.0418904 -0.158007 0.899112 -0.0406806 0.999113 0.0108846 0.211093 0.158323 -0.00431035 0.987378 -0.383456
0 12 183 0.983439 0.0619752 -0.170311 0.900733 -0.062073 0.99806 0.00475584 0.229793 0.170276 0.00589464 0.985379 -0.368612
0 13 152 0.978006 0.0639655 -0.198525 0.903222 -0.0630757 0.99795 0.0108092 0.199898 0.19881 0.00195068 0.980036 -0.379777
0 14 165 0.973167 0.0683302 -0.219719 0.923663 -0.0673779 0.997657 0.011834 0.201054 0.220013 0.00328772 0.975491 -0.326227
15 16 257 0.999829 -0.00366062 -0.0181276 0.763177 0.00348796 0.999948 -0.00954723 0.182661 0.0181616 0.00948237 0.99979 -0.619836
15 17 175 0.999897 -0.00340663 -0.013922 0.65487 0.00326757 0.999945 -0.00999961 0.288485 0.0139553 0.00995309 0.999853 -0.698514
15 18 233 0.9993 0.00156497 -0.0373652 0.807053 -0.00167874 0.999994 -0.00301384 0.213809 0.0373602 0.00307446 0.999297 -0.55041
15 19 217 0.998912 0.00773049 -0.0459849 0.845914 -0.00810596 0.999935 -0.00798442 0.325518 0.0459202 0.00834848 0.99891 -0.422454
15 20 195 0.997184 0.00226636 -0.0749564 0.881223 -0.00306614 0.99994 -0.0105566 0.283584 0.074928 0.0107567 0.997131 -0.378188
15 21 195 0.995632 0.00661889 -0.0931323 0.891047 -0.00748178 0.999932 -0.00891916 0.27054 0.093067 0.009577 0.995614 -0.364477
15 22 189 0.995512 0.0194347 -0.0926221 0.906534 -0.0191574 0.999809 0.00388242 0.168692 0.0926798 -0.0020906 0.995694 -0.386963
15 23 158 0.989803 0.0148314 -0.141668 0.941044 -0.0160076 0.999846 -0.00716645 0.168272 0.14154 0.00936115 0.989888 -0.293464
15 24 166 0.990634 0.0269023 -0.133866 0.920848 -0.0288838 0.9995 -0.0128822 0.187771 0.133452 0.0166281 0.990916 -0.341731
15 25 163 0.982681 0.0347938 -0.182008 0.949784 -0.0383666 0.999133 -0.0161449 0.14088 0.181288 0.0228483 0.983165 -0.279397
15 26 111 0.984459 0.0432567 -0.170202 0.937366 -0.0449251 0.998973 -0.0059614 0.0638671 0.169769 0.0135151 0.985391 -0.342441
15 27 98 0.978804 0.0352812 -0.201735 0.954021 -0.0428099 0.998536 -0.0330779 0.14335 0.200273 0.0410131 0.978881 -0.263237
15 28 111 0.969912 0.0458144 -0.239107 0.96172 -0.0586213 0.997186 -0.0467238 0.140329 0.236293 0.0593347 0.969868 -0.235376
15 29 109 0.967023 0.0611927 -0.247227 0.972678 -0.0696961 0.997235 -0.025783 0.0314298 0.244966 0.0421635 0.968614 -0.230021
30 31 142 0.999848 0.00231793 -0.0172577 0.895079 -0.00214515 0.999947 0.0100234 -0.226205 0.01728 -0.0099849 0.999801 -0.384273
30 32 254 0.999528 -0.000103558 -0.0307173 0.998183 0.000505869 0.999914 0.0130897 -0.0598474 0.0307134 -0.0130991 0.999442 -0.00698451
30 33 151 0.994767 0.00841594 -0.101827 0.994634 -0.00753363 0.999931 0.00904619 0.00186907 0.101896 -0.00823172 0.994761 0.103437
30 34 128 0.994124 0.0336457 -0.102882 0.999172 -0.0328408 0.999415 0.00950782 0.00403952 0.103142 -0.00607322 0.994648 0.0404945
30 35 83 0.998375 0.0513215 -0.024767 0.936671 -0.0507984 0.998482 0.0213099 -0.0376575 0.0258231 -0.0200171 0.999466 0.348181
30 36 64 0.995116 0.0631098 -0.075897 0.995467 -0.0604586 0.997494 0.0367376 -0.0692994 0.0780253 -0.0319695 0.996439 -0.0651393
30 37 80 0.990142 0.0555682 -0.128573 0.994553 -0.0525594 0.998261 0.0266797 0.0645356 0.129832 -0.0196589 0.991341 0.0818525
30 38 107 0.996052 0.0670476 -0.0581831 0.977408 -0.06496 0.997199 0.0370607 0.071773 0.060505 -0.0331348 0.997618 0.1988
30 39 104 0.99582 0.0675804 -0.061439 0.978585 -0.0646441 0.996725 0.0485873 0.0252083 0.0645213 -0.0444126 0.996928 0.204294
30 40 62 0.992226 0.0639079 -0.106787 0.97598 -0.0600649 0.997439 0.0388282 0.0470509 0.108995 -0.0321122 0.993524 0.21272
30 41 60 0.99391 0.0719024 -0.0835043 0.974045 -0.0687884 0.996845 0.0395926 0.0239902 0.0860877 -0.0336073 0.995721 0.225081
30 42 96 0.987491 0.0670229 -0.142722 0.983943 -0.0635851 0.997569 0.0285187 0.0403867 0.144286 -0.019087 0.989352 0.173855
30 43 77 0.986247 0.0719503 -0.148795 0.983857 -0.0671374 0.997053 0.0371264 -0.00336345 0.151027 -0.0266261 0.988171 0.178923
30 44 93 0.980239 0.0682859 -0.18566 0.98252 -0.0658058 0.997642 0.0194953 0.0435876 0.186553 -0.00689258 0.982421 0.18098
45 46 14 0.999926 0.00752095 -0.00958114 0.674557 -0.0074865 0.999965 0.00362655 -0.116565 0.00960809 -0.00355455 0.999948 -0.728962
45 47 0 1 0 0 0 0 1 0 0 0 0 1 0
45 48 179 0.998847 0.0152836 -0.0455023 0.987791 -0.0153494 0.999882 -0.00109632 0.153066 0.0454802 0.00179349 0.998964 -0.0289896
45 49 206 0.99808 0.0301494 -0.0540957 0.983542 -0.0299543 0.999542 0.0044137 0.0611538 0.054204 -0.00278482 0.998526 -0.170015
45 50 143 0.997979 0.038755 -0.0503559 0.944755 -0.03797 0.999143 0.0164544 -0.0150291 0.0509505 -0.0145091 0.998596 -0.327432
45 51 117 0.986732 0.0439966 -0.156283 0.992492 -0.0410893 0.998918 0.0217863 0.00892592 0.157072 -0.0150757 0.987472 -0.121983
45 52 100 0.98192 0.0476776 -0.183195 0.994439 -0.0433093 0.998676 0.0277748 0.0345115 0.184277 -0.0193386 0.982684 -0.0994977
45 53 75 0.990303 0.0539204 -0.128031 0.978175 -0.047141 0.99735 0.055406 -0.0572013 0.130679 -0.0488332 0.990221 -0.199753
45 54 101 0.972108 0.0753908 -0.222084 0.999043 -0.063737 0.99621 0.0591927 0.00516997 0.225705 -0.0433867 0.973229 -0.0434427
45 55 51 0.784771 -0.130377 -0.605918 0.741131 -0.202711 0.869863 -0.449718 0.571902 0.585699 0.475752 0.656214 0.351643
45 56 76 0.981714 0.123843 -0.14457 0.996914 -0.115922 0.99132 0.0620175 -0.0766202 0.150995 -0.0441247 0.987549 -0.0170725
45 57 105 0.970621 0.140176 -0.195565 0.999927 -0.134055 0.989985 0.0442584 0.00284023 0.199811 -0.0167416 0.979691 0.0117209
45 58 79 0.982817 0.153447 -0.102589 0.999121 -0.14863 0.987466 0.053098 -0.00150595 0.109451 -0.0369379 0.993306 0.0418912
45 59 53 0.988819 0.120788 0.0874455 -0.677082 -0.12676 0.989716 0.0662915 -0.140315 -0.0785389 -0.0766349 0.993961 0.722406
60 61 118 0.999879 0.0053911 -0.0146056 0.886951 -0.0054425 0.999979 -0.00348165 0.139015 0.0145865 0.00356072 0.999887 0.440447
60 62 103 0.999712 0.0212293 -0.0111489 0.734047 -0.0212639 0.999769 -0.00299692 0.0243462 0.0110827 0.00323312 0.999933 0.678662
60 63 102 0.999379 0.027891 -0.0215569 0.839151 -0.027986 0.9996 -0.00411726 0.0675939 0.0214334 0.00471799 0.999759 0.539682
60 64 92 0.998816 0.0346249 -0.0341795 0.843345 -0.0349675 0.999344 -0.00947623 0.171576 0.0338289 0.0106602 0.999371 0.509246
60 65 90 0.998449 0.0266052 -0.0488974 0.876955 -0.0269257 0.99962 -0.00590579 0.0217726 0.0487217 0.00721323 0.998786 0.480079
60 66 106 0.996944 0.0283872 -0.0727829 0.88017 -0.0294572 0.999473 -0.0136699 0.0814352 0.0723564 0.0157721 0.997254 0.467621
60 67 116 0.99393 0.0177116 -0.108583 0.93206 -0.0205714 0.999469 -0.0252747 0.107287 0.108078 0.027355 0.993766 0.346053
60 68 82 0.999242 0.0294102 -0.025496 0.529877 -0.0298424 0.999414 -0.0167419 0.0449746 0.0249886 0.01749 0.999535 0.846881
60 69 90 0.992216 0.0253757 -0.121917 0.902319 -0.0274423 0.999506 -0.0153018 -0.00598816 0.121468 0.0185283 0.992422 0.431026
60 70 91 0.993601 0.0271035 -0.109646 0.884012 -0.0283398 0.999551 -0.00973241 -0.0523338 0.109333 0.0127775 0.993923 0.464526
60 71 90 0.992634 0.0328684 -0.116609 0.881791 -0.0338067 0.99941 -0.00607702 -0.0742654 0.116341 0.00997442 0.993159 0.465756
60 72 80 0.992161 0.0358791 -0.119701 0.841854 -0.0378548 0.999181 -0.0142723 -0.0307067 0.119091 0.0186917 0.992707 0.538832
60 73 84 0.987881 0.0354832 -0.151103 0.833499 -0.0366153 0.999318 -0.0047155 -0.0947109 0.150833 0.010191 0.988507 0.544344
60 74 59 0.988838 0.043904 -0.142379 0.829078 -0.0450734 0.998971 -0.00499697 -0.130849 0.142013 0.0113587 0.9898 0.543607
75 76 174 0.999703 0.00796256 -0.0230345 0.973912 -0.00800766 0.999966 -0.0018662 -0.170013 0.0230189 0.0020501 0.999733 0.150301
75 77 90 0.999594 0.0168207 -0.0229978 0.747503 -0.016885 0.999854 -0.00260361 -0.314554 0.0229507 0.00299087 0.999732 0.585059
75 78 103 0.99931 0.0172801 -0.0328699 0.853049 -0.0176437 0.999786 -0.0108052 -0.371493 0.0326762 0.0113776 0.999401 0.366471
75 79 126 0.999098 0.0210914 -0.0368499 0.847308 -0.0216936 0.999636 -0.0160188 -0.33904 0.0364986 0.0168037 0.999192 0.408804
75 80 100 0.998974 0.02589 -0.0371646 0.813992 -0.0266614 0.999436 -0.0204123 -0.360571 0.0366151 0.0213822 0.999101 0.455418
75 81 117 0.998723 0.0284423 -0.0417631 0.817503 -0.0295191 0.999242 -0.0253976 -0.391331 0.041009 0.026598 0.998805 0.42255
75 82 119 0.998524 0.0265182 -0.0473987 0.825204 -0.02797 0.999151 -0.0302321 -0.366649 0.0465567 0.0315132 0.998418 0.429658
75 83 123 0.998299 0.0295472 -0.0502695 0.81041 -0.0310961 0.999057 -0.0303134 -0.376455 0.0493264 0.031825 0.998276 0.448907
75 84 82 0.99736 0.032418 -0.0649715 0.829161 -0.0345753 0.998878 -0.0323588 -0.374653 0.0638496 0.0345198 0.997362 0.414881
75 85 86 0.996538 0.0301119 -0.0774991 0.855863 -0.0331751 0.998706 -0.038545 -0.358441 0.0762381 0.0409826 0.996247 0.372853
75 86 171 0.995645 0.0327985 -0.0872651 0.865212 -0.0365097 0.99848 -0.0412766 -0.339526 0.0857786 0.0442829 0.99533 0.368959
75 87 136 0.994836 0.0276628 -0.0976571 0.842467 -0.0322952 0.998411 -0.046177 -0.315275 0.0962245 0.0490924 0.994148 0.436865
75 88 103 0.994289 0.0435582 -0.0974285 0.865244 -0.048557 0.997591 -0.049538 -0.333904 0.095036 0.0539859 0.994009 0.37398
75 89 120 0.990978 0.0542763 -0.122543 0.897185 -0.0603459 0.9971 -0.046372 -0.299732 0.119671 0.0533486 0.991379 0.324377
90 91 15 0.999989 0.00466962 0.000402685 -0.234201 -0.00467079 0.999985 0.00294164 -0.137034 -0.000388943 -0.00294348 0.999996 0.962482
90 92 143 0.999692 0.0109173 -0.0223071 0.954807 -0.0107646 0.999918 0.00695188 -0.00919615 0.0223812 -0.0067096 0.999727 0.297083
90 93 206 0.99843 0.0215936 -0.051687 0.996465 -0.0207159 0.999633 0.0174563 -0.0834584 0.0520449 -0.0163582 0.998511 -0.00956316
90 94 112 0.999312 0.0212481 -0.0304058 0.98505 -0.0208033 0.999673 0.0148694 0.0494201 0.0307118 -0.0142266 0.999427 0.165028
90 95 96 0.994477 0.0480838 -0.0932897 0.985904 -0.0458482 0.998611 0.0259625 0.0775694 0.0944085 -0.021542 0.9953 -0.148246
90 96 99 0.99657 0.0527706 -0.0637513 0.991077 -0.0506347 0.998115 0.0346679 0.128812 0.0654606 -0.031321 0.997363 -0.0342717
90 97 83 0.994796 0.0683632 -0.0755443 0.984595 -0.0653402 0.996988 0.0417907 0.174702 0.0781737 -0.0366372 0.996266 -0.00717937
90 98 35 0.996656 0.0773628 -0.0262915 0.828075 -0.0752196 0.994377 0.0745387 0.0920255 0.0319102 -0.0723119 0.996871 0.553012
90 99 21 0.995062 0.0990729 0.00606235 0.0525828 -0.0991871 0.99018 0.0985207 -0.179687 0.00375792 -0.0986355 0.995117 -0.982317
90 100 74 0.991887 0.100058 -0.0784147 0.977719 -0.0929351 0.991618 0.0897566 0.207806 0.0867383 -0.0817409 0.992872 0.0297173
90 101 64 0.988271 0.112595 -0.103161 0.964382 -0.103089 0.990289 0.0932741 0.229763 0.112661 -0.0815454 0.990282 -0.131059
90 102 60 0.981562 0.124686 -0.144878 0.969652 -0.111287 0.989024 0.0971989 0.234181 0.155407 -0.0792837 0.984664 -0.0702442
90 103 92 0.98944 0.132149 -0.0595451 0.973161 -0.123833 0.984198 0.126567 0.224919 0.0753299 -0.117857 0.990169 0.048671
90 104 76 0.978684 0.157346 -0.131981 0.969951 -0.142893 0.983303 0.112677 0.241177 0.147507 -0.0914164 0.984827 -0.032078
105 106 0 1 0 0 0 0 1 0 0 0 0 1 0
105 107 56 0.999726 0.0233551 0.0012994 -0.937478 -0.0233701 0.999642 0.0130533 -0.277046 -0.000994079 -0.01308 0.999914 -0.210665
105 108 131 0.998868 0.0311293 -0.0359661 0.798299 -0.0308849 0.999496 0.00733241 0.308107 0.0361762 -0.0062133 0.999326 -0.517483
105 109 94 0.996494 0.0345313 -0.0762092 0.903143 -0.0344595 0.999404 0.00225677 0.303328 0.0762417 0.00037728 0.997089 -0.30385
105 110 70 0.999717 0.0232853 0.00478196 -0.907362 -0.0234619 0.998885 0.0409733 -0.274044 -0.00382255 -0.0410739 0.999149 -0.318739
105 111 118 0.995173 0.0305844 -0.0932497 0.944672 -0.0281871 0.99924 0.0269176 0.276083 0.0940021 -0.0241593 0.995279 -0.177125
105 112 29 0.999363 0.0302091 -0.0190019 -0.936376 -0.0292757 0.998437 0.0476148 -0.236673 0.0204106 -0.0470281 0.998685 -0.259202
105 113 107 0.994606 0.0288859 -0.0996236 0.97812 -0.0264372 0.999317 0.0258128 0.206685 0.100301 -0.0230398 0.99469 0.0237295
105 114 96 0.994545 0.0357386 -0.0979998 0.966528 -0.033877 0.999214 0.0205947 0.207654 0.0986587 -0.0171624 0.994973 -0.150678
105 115 100 0.993209 0.0255198 -0.11351 0.982172 -0.0236344 0.99956 0.0179251 0.176584 0.113918 -0.0151206 0.993375 -0.0644731
105 116 101 0.995703 0.0275 -0.0884227 0.977405 -0.0259628 0.999492 0.0184874 0.177897 0.0888862 -0.0161122 0.995911 -0.114158
105 117 55 0.991031 0.021835 -0.131835 0.994634 -0.0193186 0.999607 0.0203368 0.0843078 0.132227 -0.0176075 0.991063 -0.0599657
105 118 41 0.990614 0.0242131 -0.134528 0.992749 -0.0219242 0.999589 0.0184697 0.0917077 0.13492 -0.0153469 0.990738 -0.0777103
105 119 24 0.994756 0.0295804 -0.0979048 0.995445 -0.0284519 0.999512 0.0129029 0.0953256 0.0982387 -0.0100496 0.995112 0.00161849
120 121 71 0.999965 0.00163957 -0.008153 0.967398 -0.00160528 0.99999 0.00421128 -0.233541 0.00815982 -0.00419804 0.999958 -0.097977
120 122 87 0.999993 -0.0027698 -0.00232213 0.966153 0.00278496 0.999975 0.00654961 -0.257781 0.00230393 -0.00655603 0.999976 -0.0098887
120 123 59 0.999952 -0.00771251 0.00604835 0.931933 0.00768425 0.99996 0.00468217 -0.356114 -0.00608421 -0.00463547 0.999971 -0.0684382
120 124 84 0.999957 -0.00929646 -0.000615794 0.945143 0.00929961 0.999943 0.00532774 -0.246814 0.000566229 -0.00533324 0.999986 0.213978
120 125 61 0.999985 -0.00470894 -0.00294518 0.939903 0.00472918 0.999965 0.00690292 -0.303627 0.00291257 -0.00691674 0.999972 0.156182
120 126 86 0.999984 0.00141352 -0.00541046 0.923092 -0.00139721 0.999994 0.00301687 -0.306538 0.0054147 -0.00300926 0.999981 0.232241
120 127 181 0.999863 0.00703092 -0.0149813 0.94386 -0.00703001 0.999975 0.000113888 -0.319272 0.0149817 -8.55454e-06 0.999888 0.0848192
120 128 37 0.999968 0.00653108 -0.00466006 0.950287 -0.00654828 0.999972 -0.00368652 -0.289916 0.00463585 0.00371692 0.999982 0.113595
120 129 41 0.999924 0.00593791 -0.0108201 0.941796 -0.00588165 0.999969 0.00522431 -0.284838 0.0108508 -0.00516028 0.999928 0.178568
120 130 57 0.999692 0.00364183 -0.0245467 0.93351 -0.00347603 0.999971 0.00679367 -0.280729 0.0245707 -0.00670625 0.999676 0.223048
120 131 180 0.999177 0.00547761 -0.0401857 0.96827 -0.00530397 0.999976 0.00442633 -0.247775 0.040209 -0.00420955 0.999182 0.0325628
120 132 109 0.998956 0.00444012 -0.0454643 0.974777 -0.00426588 0.999983 0.00392879 -0.222246 0.045481 -0.00373074 0.998958 0.0204282
120 133 64 0.99882 -0.000865401 -0.0485586 0.950901 0.00113796 0.999984 0.00558562 -0.254983 0.048553 -0.00563429 0.998805 0.175419
120 134 58 0.998177 -0.000724729 -0.060358 0.93606 0.00123361 0.999964 0.00839417 -0.228824 0.0603498 -0.00845332 0.998141 0.267266
135 136 10 0.999958 -0.000479109 -0.00919172 0.677074 0.000519006 0.99999 0.00433859 0.0977989 0.00918955 -0.00434317 0.999948 -0.729388
135 137 83 0.999573 0.00657669 -0.0284724 0.940555 -0.00625348 0.999915 0.0114259 0.205203 0.0285452 -0.011243 0.999529 -0.270643
135 138 81 0.999367 0.00974222 -0.0342106 0.952655 -0.00883312 0.999606 0.0266249 0.17429 0.0344565 -0.0263059 0.99906 -0.249142
135 139 114 0.998208 0.0171412 -0.0573405 0.938136 -0.0153388 0.999379 0.031728 0.144654 0.0578488 -0.0307916 0.99785 -0.314603
135 140 133 0.996356 0.0220013 -0.0824102 0.968901 -0.0192061 0.999218 0.0345588 0.159886 0.0831061 -0.03285 0.995999 -0.188856
135 141 140 0.99412 0.0292104 -0.104273 0.938529 -0.0252999 0.998933 0.0386304 0.157948 0.10529 -0.0357651 0.993798 -0.306945
135 142 138 0.991666 0.0338306 -0.124317 0.923687 -0.0284569 0.998593 0.0447502 0.154949 0.125656 -0.0408396 0.991233 -0.350418
135 143 111 0.991958 0.0379328 -0.120753 0.932868 -0.0314833 0.997997 0.0548785 0.141812 0.122593 -0.0506354 0.991165 -0.331129
135 144 99 0.991317 0.0477161 -0.122533 0.925144 -0.0405108 0.997337 0.060637 0.128438 0.125101 -0.0551465 0.99061 -0.357228
135 145 168 0.987749 0.0604119 -0.143886 0.943466 -0.05206 0.996772 0.0611229 0.151165 0.147114 -0.0528833 0.987705 -0.294994
135 146 135 0.98548 0.074863 -0.152399 0.940211 -0.0657543 0.995784 0.0639626 0.165153 0.156545 -0.0530129 0.986247 -0.297871
135 147 61 0.988296 0.0790609 -0.130462 0.963738 -0.0706064 0.995169 0.068211 0.150856 0.135224 -0.0582012 0.989104 -0.220115
135 148 56 0.98712 0.0872292 -0.134108 0.917458 -0.0792369 0.99481 0.0638306 0.164606 0.13898 -0.0523821 0.988909 -0.362182
135 149 78 0.982595 0.0967132 -0.158602 0.894482 -0.0879165 0.994222 0.0615891 0.158938 0.163642 -0.0465734 0.98542 -0.417901
150 151 24 0.999966 -0.00424524 -0.00711096 -0.767436 0.00428932 0.999972 0.00619503 0.0318843 0.00708446 -0.00622532 0.999956 -0.640332
150 152 11 0.999726 -0.0104201 -0.0209715 -0.93719 0.0105452 0.999927 0.00586426 -0.0687477 0.0209089 -0.0060838 0.999763 0.341977
150 153 61 0.998108 -0.00611457 -0.06118 0.982533 0.0059374 0.999978 -0.00307728 0.185326 0.0611975 0.00270821 0.998122 0.0167969
150 154 35 0.998472 -0.00910491 -0.054497 0.987438 0.00877745 0.999942 -0.0062451 0.0591578 0.0545507 0.00575722 0.998494 0.146512
150 155 35 0.998426 -0.0138701 -0.0543431 -0.968748 0.0130502 0.999796 -0.0154123 -0.0748689 0.0545458 0.0146788 0.998403 0.236479
150 156 45 0.995569 -0.0102038 -0.0934756 0.946869 0.00862018 0.999813 -0.0173302 0.124085 0.0936349 0.0164476 0.995471 -0.296719
150 157 54 0.99359 -0.0163526 -0.111855 0.914608 0.0144851 0.999742 -0.0174879 0.108904 0.112112 0.0157556 0.993571 -0.3894
150 158 68 0.991035 -0.0153715 -0.132716 0.897843 0.0136273 0.999809 -0.0140408 0.0954109 0.132907 0.0121064 0.991055 -0.429853
150 159 29 0.989599 -0.0113581 -0.143406 0.945329 0.010348 0.999916 -0.00778721 0.0716178 0.143483 0.00622225 0.989633 -0.318158
150 160 27 0.988801 -0.00834113 -0.149007 0.914426 0.00732611 0.999946 -0.00735948 0.0442562 0.149061 0.00618542 0.988809 -0.402326
150 161 77 0.985208 -0.000534464 -0.171364 0.955522 -0.000746316 0.999972 -0.00740954 0.0861915 0.171363 0.00742782 0.98518 -0.282043
150 162 54 0.983828 0.000128683 -0.179114 0.88636 -0.000630956 0.999996 -0.00274725 0.0160193 0.179113 0.00281583 0.983825 -0.462719
150 163 63 0.980845 0.00533367 -0.194715 0.977563 -0.00555704 0.999984 -0.000600931 0.117006 0.194708 0.00167146 0.98086 -0.175159
150 164 108 0.971828 0.0130537 -0.235331 0.964058 -0.0118775 0.999909 0.00641508 0.10597 0.235393 -0.00343921 0.971894 -0.243644
165 166 15 0.999978 0.00570656 -0.00346154 0.996078 -0.00569471 0.999978 0.00342339 0.0246492 0.003481 -0.00340361 0.999988 0.0849787
165 167 139 0.999136 0.0170647 -0.0378926 0.993603 -0.0166359 0.999794 0.0116029 -0.0328584 0.0380828 -0.0109625 0.999214 -0.10804
165 168 108 0.99924 0.0228294 -0.0315962 0.927002 -0.0223207 0.999617 0.0163588 -0.0717662 0.0319575 -0.0156411 0.999367 0.368126
165 169 144 0.99773 0.0304211 -0.060075 0.984361 -0.0296321 0.999463 0.0139801 -0.0608968 0.0604681 -0.0121682 0.998096 0.165305
165 170 117 0.996967 0.0363765 -0.0687971 0.982714 -0.0353202 0.99924 0.016508 -0.0828139 0.0693453 -0.014028 0.997494 0.165572
165 171 205 0.994835 0.04008 -0.0932617 0.98643 -0.0377524 0.998933 0.0265901 -0.107529 0.094228 -0.0229319 0.995287 0.124073
165 172 74 0.996218 0.0422841 -0.0759039 0.901456 -0.0401859 0.998772 0.0289607 -0.116315 0.0770353 -0.0258009 0.996694 0.416951
165 173 91 0.99166 0.0547207 -0.116691 0.942937 -0.0515121 0.998211 0.0303399 -0.13743 0.118142 -0.0240758 0.992705 0.303287
165 174 108 0.989447 0.0690858 -0.127366 0.848429 -0.0668335 0.997524 0.021878 -0.0437752 0.128563 -0.0131348 0.991614 0.527496
165 175 110 0.986607 0.0707053 -0.146994 0.951864 -0.0683214 0.997438 0.0212098 -0.17574 0.148117 -0.0108829 0.98891 0.251137
165 176 95 0.984718 0.0753435 -0.157016 0.921662 -0.0737366 0.997149 0.016042 -0.19812 0.157777 -0.004219 0.987466 0.333598
165 177 136 0.983143 0.0736935 -0.167327 0.944662 -0.073539 0.997267 0.00712813 -0.172368 0.167395 0.0052971 0.985876 0.279111
165 178 125 0.983878 0.080227 -0.159836 0.926443 -0.0794939 0.996775 0.0109859 -0.181722 0.160202 0.00189727 0.987082 0.329667
165 179 148 0.983127 0.0629479 -0.171752 0.935315 -0.0622162 0.998016 0.0096452 -0.143482 0.172018 0.00120329 0.985093 0.323416
180 181 26 0.999896 0.00507783 -0.0135302 0.989555 -0.00502497 0.99998 0.00393775 -0.0735497 0.0135499 -0.00386935 0.999901 0.123981
180 182 71 0.999887 0.0105926 -0.010653 0.868096 -0.0105077 0.999913 0.00799565 -0.144969 0.0107367 -0.00788281 0.999911 0.474756
180 183 96 0.999718 0.00358927 -0.0234734 0.955495 -0.00338742 0.999957 0.00863322 -0.127165 0.0235033 -0.00855127 0.999687 0.266191
180 184 51 0.999347 0.0133783 -0.0335633 0.89709 -0.0131135 0.999881 0.008097 -0.134413 0.0336676 -0.00765158 0.999404 0.420908
180 185 92 0.999692 0.00786756 -0.0235516 0.928868 -0.00784298 0.999969 0.00113576 -0.142803 0.0235598 -0.000950698 0.999722 0.341777
180 186 169 0.997653 0.0107359 -0.0676234 0.97716 -0.0103424 0.999928 0.00616627 -0.101658 0.0676847 -0.00545242 0.997692 0.186613
180 187 165 0.995003 0.00743091 -0.0995685 0.987972 -0.00658061 0.999939 0.0088656 -0.0913132 0.0996283 -0.00816608 0.994991 0.124791
180 188 189 0.993671 0.0114881 -0.11174 0.988517 -0.0103381 0.999888 0.0108657 -0.0970031 0.111852 -0.00964179 0.993678 0.115866
180 189 38 0.997547 0.0113523 -0.0690757 0.977904 -0.0106075 0.999882 0.0111398 -0.101715 0.069194 -0.0103798 0.997549 0.182643
180 190 63 0.995089 0.0164126 -0.0976152 0.976461 -0.0143121 0.999652 0.0221799 -0.0997275 0.0979453 -0.0206738 0.994977 0.191253
180 191 100 0.991603 0.0237833 -0.127117 0.978676 -0.020599 0.999442 0.0263065 -0.0976981 0.127671 -0.0234672 0.991539 0.180689
180 192 79 0.992525 0.0320855 -0.117745 0.974258 -0.0294313 0.999274 0.0242127 -0.112746 0.118436 -0.0205664 0.992749 0.195215
180 193 124 0.983881 0.0392682 -0.174457 0.968758 -0.034792 0.998984 0.0286434 -0.121524 0.175405 -0.022112 0.984248 0.216194
180 194 37 0.992379 0.0353122 -0.118052 0.986516 -0.0332719 0.999262 0.0192105 -0.124948 0.118643 -0.0151363 0.992822 0.105708
195 196 275 0.999106 0.00471009 0.0420209 -0.965595 -0.00464378 0.999988 -0.0016755 0.0481152 -0.0420283 0.00147886 0.999115 0.25556
195 197 86 0.999758 0.0112121 -0.0189287 0.923234 -0.0111506 0.999932 0.00335301 -0.0824112 0.0189651 -0.00314113 0.999815 -0.375297
195 198 79 0.999833 0.0143723 -0.0112615 0.890543 -0.014326 0.999889 0.00418359 -0.0619881 0.0113204 -0.00402156 0.999928 -0.450655
195 199 62 0.999279 0.023202 -0.0300525 0.979598 -0.0229781 0.999706 0.00777521 -0.129234 0.0302241 -0.00707906 0.999518 -0.153906
195 200 110 0.9977 0.0432616 -0.052182 0.986836 -0.0431061 0.999062 0.00410353 -0.0982925 0.0523106 -0.00184473 0.998629 -0.128429
195 201 61 0.997681 0.0547412 -0.0404513 0.996248 -0.0550079 0.998471 -0.0055098 -0.0318603 0.0400878 0.00772216 0.999166 -0.0804627
195 202 121 0.996666 0.051805 -0.0630348 0.993836 -0.0522699 0.998616 -0.00574803 -0.0821674 0.0626498 0.00902369 0.997995 -0.0744228
195 203 147 0.994996 0.0671937 -0.0739451 0.983915 -0.0680646 0.997637 -0.00931953 -0.0522542 0.0731442 0.0143059 0.997219 -0.170825
195 204 54 0.995654 0.075785 -0.0541215 0.962077 -0.0764771 0.997013 -0.010831 -0.0316026 0.053139 0.014923 0.998476 -0.270942
195 205 56 0.995508 0.064439 -0.0693688 0.971177 -0.065143 0.997844 -0.00793252 -0.0284027 0.0687081 0.0124158 0.99756 -0.236662
195 206 141 0.99157 0.0670693 -0.110863 0.990583 -0.0677014 0.997704 -0.00194307 -0.0487378 0.110478 0.00943226 0.993834 -0.127949
195 207 90 0.991677 0.0649253 -0.111184 0.996697 -0.0657872 0.997825 -0.0040975 -0.0272722 0.110676 0.0113779 0.993791 -0.0764946
195 208 51 0.991812 0.0605355 -0.11245 0.995958 -0.0618519 0.998051 -0.0082517 -0.0186462 0.111731 0.0151394 0.993623 -0.0878641
195 209 83 0.987357 0.0719152 -0.141259 0.988149 -0.0732184 0.997308 -0.00404306 0.00225377 0.140588 0.0143347 0.989964 -0.15348
210 211 67 0.99972 0.00116734 -0.0236247 0.957073 -0.00118684 0.999999 -0.000811167 0.13157 0.0236237 0.000838979 0.999721 0.258266
210 212 80 0.999175 -0.0113431 -0.0389871 0.968622 0.0115477 0.999921 0.00502681 -0.139143 0.038927 -0.00547288 0.999227 -0.205939
210 213 99 0.999084 -0.0115455 -0.0412166 0.757283 0.0116024 0.999932 0.00114227 -0.104629 0.0412006 -0.00161943 0.99915 0.644651
210 214 131 0.994821 -0.0094065 -0.101206 0.992439 0.00961185 0.999953 0.00154153 -0.116036 0.101187 -0.00250633 0.994864 0.04001
210 215 59 0.996971 -0.0070998 -0.0774514 0.988363 0.00655458 0.999952 -0.00729155 -0.0994563 0.0774994 0.0067618 0.996969 0.115093
210 216 180 0.992374 -0.00700777 -0.123063 0.986803 0.00699471 0.999975 -0.000538147 -0.14514 0.123064 -0.00032675 0.992399 0.0717861
210 217 88 0.992921 -0.0028023 -0.118746 0.986572 0.00230522 0.999988 -0.00432325 -0.135305 0.118757 0.00401891 0.992915 0.0914769
210 218 79 0.992582 -0.00446053 -0.121497 0.980455 0.0038601 0.999979 -0.00517687 -0.163838 0.121518 0.00466947 0.992578 0.108924
210 219 140 0.985664 0.00550146 -0.168633 0.97706 -0.00467927 0.999975 0.00527261 -0.182516 0.168657 -0.00440794 0.985665 0.109735
210 220 144 0.982398 0.0127753 -0.18636 0.970434 -0.01169 0.999908 0.00692156 -0.159959 0.186431 -0.00462118 0.982457 0.18075
210 221 145 0.981431 0.0152856 -0.191204 0.954627 -0.0131371 0.999836 0.0124994 -0.197885 0.191363 -0.00975541 0.981471 0.222549
210 222 137 0.980858 0.0243515 -0.193198 0.939707 -0.0223958 0.999674 0.0123005 -0.208329 0.193434 -0.00773823 0.981083 0.271201
210 223 50 0.980707 0.0360306 -0.192133 0.945185 -0.0354917 0.99935 0.00624707 -0.2122 0.192234 0.000692587 0.981349 0.248185
210 224 134 0.965295 0.0545221 -0.255407 0.94448 -0.051413 0.9985 0.0188393 -0.234603 0.256051 -0.00505423 0.96665 0.230042
225 226 23 0.99999 0.000764419 -0.00434354 0.769328 -0.000766436 1 -0.000462611 -0.244811 0.00434318 0.000465936 0.99999 0.590086
225 227 104 0.999483 0.00544611 -0.031688 0.919532 -0.00548614 0.999984 -0.00117615 -0.181936 0.0316811 0.00134939 0.999497 0.348369
225 228 63 0.999723 0.0105074 -0.0210579 0.921981 -0.010547 0.999943 -0.00176854 -0.153587 0.0210381 0.00199014 0.999777 0.355475
225 229 85 0.9996 0.0111692 -0.0259782 0.865537 -0.0110715 0.999931 0.00390425 -0.150855 0.02602 -0.00361507 0.999655 0.477587
225 230 85 0.998826 0.00647011 -0.0479985 0.920567 -0.00621506 0.999966 0.00546095 -0.12669 0.0480322 -0.00515623 0.998832 0.369467
225 231 89 0.999417 0.00286614 -0.0340083 -0.969523 -0.00288524 0.999996 -0.000512529 0.143536 0.0340067 0.000610353 0.999421 0.198549
225 232 317 0.997372 0.00831454 -0.0719671 0.930797 -0.00794581 0.999954 0.00540837 -0.102521 0.0720088 -0.00482232 0.997392 0.350864
225 233 126 0.997091 0.00793215 -0.0758087 0.922811 -0.00747572 0.999952 0.0063027 -0.0931697 0.0758551 -0.00571764 0.997102 0.373816
225 234 78 0.998158 0.00121734 -0.0606498 0.984476 -0.000750449 0.99997 0.00772034 -0.114068 0.0606574 -0.00766061 0.998129 -0.133399
225 235 94 0.996082 0.00604349 -0.0882271 0.953774 -0.00491125 0.999903 0.0130447 -0.105927 0.0882974 -0.0125602 0.996015 0.281239
225 236 58 0.9961 0.00665075 -0.0879799 0.950886 -0.00535805 0.999874 0.0149211 -0.103269 0.0880681 -0.0143915 0.99601 0.291806
225 237 113 0.992726 0.0156057 -0.11938 0.938565 -0.0138146 0.999779 0.0158157 -0.0834696 0.119601 -0.0140515 0.992723 0.334855
225 238 280 0.990295 0.0207665 -0.137423 0.936765 -0.0180173 0.999612 0.0212193 -0.075473 0.137811 -0.0185373 0.990285 0.341722
225 239 157 0.987248 0.0245137 -0.157292 0.947226 -0.0209389 0.999484 0.0243445 -0.0793521 0.157808 -0.0207405 0.987252 0.310591
240 241 179 0.999547 0.0074054 -0.0291641 0.971669 -0.00724801 0.999959 0.00549847 -0.207316 0.0292036 -0.0052846 0.99956 -0.113491
240 242 141 0.999238 0.00896381 -0.037991 0.996234 -0.00885272 0.999956 0.00309149 -0.0157877 0.038017 -0.00275281 0.999273 0.0852524
240 243 229 0.998089 0.0124375 -0.0605268 0.99765 -0.0120382 0.999903 0.00695755 -0.0681883 0.0606075 -0.00621563 0.998142 0.00663291
240 244 135 0.997479 0.0162816 -0.0690647 0.996348 -0.0159006 0.999855 0.00606241 -0.0678125 0.0691534 -0.00494896 0.997594 0.0518813
240 245 190 0.996368 0.0240604 -0.081684 0.995086 -0.0236835 0.999704 0.00558019 -0.0748516 0.0817941 -0.00362535 0.996643 0.0648144
240 246 189 0.994677 0.0283995 -0.0990512 0.991045 -0.0277073 0.999581 0.00835745 -0.103343 0.0992471 -0.00556853 0.995047 0.0845593
240 247 90 0.9951 0.0316655 -0.0936686 0.993614 -0.0310988 0.999488 0.00750443 -0.0987504 0.0938583 -0.00455467 0.995575 -0.0545939
240 248 137 0.991145 0.0382218 -0.127164 0.991128 -0.0367967 0.999231 0.0135379 -0.131907 0.127583 -0.00873878 0.991789 -0.0162746
240 249 65 0.992106 0.0405751 -0.118653 0.986732 -0.0395838 0.999159 0.0107007 -0.137888 0.118987 -0.00591947 0.992878 0.0857158
240 250 56 0.988447 0.0495045 -0.143253 0.978073 -0.0486579 0.998771 0.00940905 -0.156071 0.143543 -0.00232997 0.989641 0.137897
240 251 57 0.98767 0.0520715 -0.147637 0.979921 -0.0529897 0.998592 -0.00229008 -0.157275 0.14731 0.0100851 0.989039 0.122553
240 252 63 0.979778 0.0695554 -0.187608 0.985251 -0.071788 0.997407 -0.00512402 -0.163691 0.186765 0.0184884 0.982231 0.0498473
240 253 67 0.983466 0.0717839 -0.16626 0.98461 -0.0744483 0.997176 -0.00984085 -0.142488 0.165085 0.0220559 0.986033 0.101197
240 254 96 0.981998 0.0735216 -0.173995 0.975619 -0.0762347 0.99705 -0.00895175 -0.143355 0.172824 0.0220551 0.984706 0.166184
255 256 19 0.99996 0.0076692 -0.00451374 0.539333 -0.00765086 0.999962 0.00406584 0.150917 0.00454476 -0.00403115 0.999982 -0.828459
255 257 74 0.99968 0.00800454 -0.0239913 0.974248 -0.0077068 0.999892 0.0124773 0.128351 0.0240886 -0.0122884 0.999634 -0.185383
255 258 64 0.99976 0.00365693 -0.0216109 0.847984 -0.00323118 0.999801 0.0197027 0.0639234 0.0216787 -0.0196281 0.999572 0.526153
255 259 102 0.999906 0.00287822 -0.013391 -0.906623 -0.00253608 0.999672 0.0254971 -0.081337 0.01346 -0.0254607 0.999585 -0.414028
255 260 59 0.99978 0.00801183 -0.0193606 -0.982441 -0.00737858 0.999443 0.0325613 -0.113767 0.0196107 -0.0324113 0.999282 -0.147877
255 261 66 0.997328 0.0102226 -0.0723294 0.872154 -0.00811087 0.999534 0.0294297 0.0851487 0.0725965 -0.0287644 0.996947 0.481765
255 262 150 0.995011 0.0117121 -0.0990779 0.895858 -0.00940956 0.999675 0.0236753 0.0643198 0.0993231 -0.0226249 0.994798 0.439661
255 263 78 0.996414 0.0126142 -0.0836701 0.874013 -0.0104904 0.999613 0.025774 -0.000437632 0.0839629 -0.0248038 0.99616 0.485903
255 264 87 0.991711 0.0140487 -0.127718 0.921414 -0.0115565 0.999728 0.0202338 0.0231756 0.127967 -0.0185901 0.991604 0.38789
255 265 70 0.993956 0.00311578 -0.109731 0.900802 -0.000674481 0.999752 0.0222782 -0.0460664 0.109773 -0.0220695 0.993712 0.431779
255 266 74 0.991936 0.0107186 -0.126285 0.904924 -0.00840571 0.999787 0.0188333 -0.0588838 0.12646 -0.0176199 0.991815 0.42148
255 267 68 0.982494 0.0281226 -0.18416 0.930619 -0.0252808 0.999523 0.0177614 -0.0376174 0.184572 -0.0127947 0.982736 0.36405
255 268 117 0.979464 0.0296437 -0.199426 0.946234 -0.025875 0.999434 0.0214781 -0.0886523 0.19995 -0.0158769 0.979678 0.311097
255 269 64 0.986383 0.0296285 -0.161775 0.882282 -0.0266725 0.999436 0.0204142 -0.107566 0.162289 -0.0158213 0.986617 0.458267
270 271 0 1 0 0 0 0 1 0 0 0 0 1 0
270 272 75 0.999426 0.0124668 -0.0315158 0.783912 -0.0123592 0.999917 0.00360703 -0.306748 0.0315582 -0.00321545 0.999497 0.539803
270 273 75 0.999597 0.0197452 -0.0203844 0.71419 -0.0198254 0.999796 -0.00374157 -0.385013 0.0203063 0.00414419 0.999785 0.58455
270 274 75 0.999144 0.0265957 -0.0316988 0.827655 -0.0266221 0.999645 -0.000412182 -0.321603 0.0316766 0.00125572 0.999497 0.459954
270 275 87 0.999001 0.0301034 -0.03302 0.794227 -0.0300786 0.999547 0.0012454 -0.322866 0.0330425 -0.000250958 0.999454 0.514743
270 276 86 0.997652 0.0297687 -0.0616781 0.857862 -0.0295925 0.999555 0.00376822 -0.272769 0.0617628 -0.00193417 0.998089 0.435511
270 277 73 0.998079 0.0317732 -0.0531945 0.829052 -0.0318059 0.999494 0.000233104 -0.247192 0.0531749 0.00145924 0.998584 0.501566
270 278 59 0.999033 0.0185161 -0.0398727 0.770316 -0.0185013 0.999829 0.000741176 -0.281394 0.0398796 -2.76319e-06 0.999204 0.572216
270 279 67 0.997624 0.0224482 -0.0651372 0.839837 -0.0225587 0.999745 -0.000961062 -0.250861 0.0650991 0.00242819 0.997876 0.481397
270 280 63 0.997301 0.0324161 -0.0658746 0.857803 -0.0324922 0.999472 -8.31983e-05 -0.23095 0.0658371 0.00222338 0.997828 0.459169
270 281 60 0.998415 0.028227 -0.0486953 0.791891 -0.0281493 0.999601 0.00228132 -0.224871 0.0487403 -0.000906961 0.998811 0.567752
270 282 80 0.992857 0.0387247 -0.112855 0.870263 -0.0379032 0.999237 0.00941726 -0.19077 0.113134 -0.00507243 0.993567 0.454147
270 283 76 0.994472 0.0322046 -0.0999435 0.879163 -0.0312735 0.999452 0.0108693 -0.21106 0.100239 -0.00768359 0.994934 0.427231
270 284 57 0.996542 0.0271084 -0.0785441 0.812947 -0.0264877 0.999609 0.00893426 -0.223306 0.0787556 -0.00682292 0.996871 0.537821
285 286 14 0.999945 0.00679364 -0.00803947 0.823953 -0.00679453 0.999977 -8.33324e-05 0.141571 0.00803871 0.000137952 0.999968 -0.548689
285 287 113 0.9998 0.00721083 -0.0186477 0.994749 -0.00712918 0.999965 0.0044411 -0.0330767 0.018679 -0.00430727 0.999816 -0.0968553
285 288 15 0.999996 -0.001313 -0.0024228 0.995706 0.00132116 0.999993 0.00336891 -0.0660112 0.00241836 -0.0033721 0.999991 -0.0649009
285 289 97 0.999434 0.00607533 -0.0330743 0.985416 -0.00594745 0.999974 0.00396345 -0.138634 0.0330975 -0.0037645 0.999445 0.0986698
285 290 81 0.99956 0.00766058 -0.0286627 0.976285 -0.00760722 0.999969 0.00197035 -0.111187 0.0286769 -0.00175144 0.999587 0.185755
285 291 102 0.999858 0.00729222 -0.0152182 0.993128 -0.00729024 0.999973 0.000185627 -0.106646 0.0152191 -7.46563e-05 0.999884 -0.0481989
285 292 202 0.998246 0.0242497 -0.0540026 0.991525 -0.0239511 0.999694 0.00617022 -0.104175 0.0541358 -0.00486598 0.998522 -0.0776266
285 293 165 0.996933 0.0305681 -0.0720486 0.986481 -0.0297523 0.999481 0.0123699 -0.0951666 0.0723893 -0.0101884 0.997324 -0.133412
285 294 44 0.998964 0.0318169 -0.0325328 0.994225 -0.0316366 0.999481 0.00603995 -0.0887822 0.0327081 -0.00500447 0.999452 0.0602867
285 295 126 0.998194 0.0493682 -0.0342243 0.974716 -0.049194 0.998772 0.00591323 -0.0842353 0.0344742 -0.00421892 0.999397 -0.206961
285 296 71 0.997046 0.0664377 -0.0385388 0.946599 -0.0657818 0.997671 0.0180449 -0.0637222 0.0396479 -0.0154564 0.999094 -0.316054
285 297 123 0.996089 0.0803454 -0.0367655 0.997521 -0.079425 0.996506 0.0258485 -0.0551519 0.0387138 -0.0228273 0.99899 -0.0437039
285 298 137 0.9951 0.0934448 -0.0322985 0.983917 -0.0924157 0.995206 0.0320105 -0.0981434 0.0351348 -0.0288688 0.998966 -0.14925
285 299 80 0.994484 0.104536 -0.00863456 0.98551 -0.104234 0.994097 0.0301031 -0.102243 0.0117304 -0.029037 0.99951 -0.135338
300 301 11 0.999944 0.00340292 0.00998837 -0.688696 -0.00337559 0.999991 -0.0027515 0.371051 -0.00999764 0.00271763 0.999946 -0.622911
300 302 13 0.999902 0.013838 0.00209974 -0.939188 -0.0138301 0.999898 -0.00369555 0.0443923 -0.00215066 0.00366615 0.999991 0.340521
300 303 189 0.999275 0.0208446 -0.0318584 0.998377 -0.0210356 0.999763 -0.00567418 0.029509 0.0317326 0.00634023 0.999476 -0.0487069
300 304 42 0.999872 0.0119752 -0.0106481 0.965206 -0.0120616 0.999895 -0.00809047 -0.124753 0.0105501 0.00821786 0.999911 0.229814
300 305 13 0.999864 0.0155552 0.00545506 -0.98796 -0.0154606 0.999736 -0.0169784 0.153328 -0.00571773 0.0168918 0.999841 0.0206455
300 306 117 0.997826 0.0185647 0.0632339 -0.992479 -0.0165311 0.999334 -0.032532 0.0921316 -0.0637957 0.0314159 0.997468 0.0806001
300 307 46 0.999831 0.0160905 -0.00890848 0.962535 -0.0163538 0.999406 -0.0303184 -0.0754925 0.00841536 0.030459 0.999501 -0.260437
300 308 167 0.999969 -0.000387011 0.00786129 -0.948092 0.000636272 0.999496 -0.0317296 0.17395 -0.00784505 0.0317336 0.999466 -0.2662
300 309 80 0.999492 0.00999375 -0.0302747 0.899989 -0.0108831 0.99951 -0.0293556 -0.0823062 0.0299664 0.0296702 0.99911 -0.428072
300 310 79 0.999392 0.00134983 -0.0348467 0.917843 -0.00248253 0.999469 -0.0324825 -0.0540113 0.0347843 0.0325492 0.998865 -0.393253
300 311 59 0.998183 -0.00190067 -0.0602293 0.969457 0.00020143 0.999602 -0.0282064 -0.0804301 0.0602589 0.028143 0.997786 -0.231697
300 312 53 0.998251 -0.00275724 -0.0590512 0.933122 0.000962905 0.999538 -0.0303931 -0.0552015 0.0591077 0.0302831 0.997792 -0.355298
300 313 64 0.997915 -0.00988238 -0.0637864 0.99164 0.0075381 0.999291 -0.0368886 -0.122966 0.0641057 0.0363308 0.997282 -0.0391053
300 314 67 0.994869 -0.00824602 -0.100837 0.971626 0.00457823 0.999321 -0.0365508 -0.0906182 0.10107 0.0359016 0.994231 -0.218475
315 316 113 0.999868 -0.00843863 0.0138858 -0.955628 0.00850964 0.999951 -0.00506226 0.104406 -0.0138424 0.00517975 0.999891 0.275452
315 317 14 0.999965 -0.00428375 -0.00722881 0.341962 0.00421546 0.999947 -0.00943622 -0.178516 0.00726884 0.00940541 0.999929 0.922602
315 318 140 0.999469 0.000818422 -0.0325632 0.948032 -0.00106279 0.999971 -0.00748787 -0.24182 0.0325562 0.0075185 0.999442 -0.206779
315 319 144 0.999999 -0.000504157 0.0016386 -0.875816 0.000530767 0.999867 -0.0162799 0.181333 -0.00163018 0.0162808 0.999866 -0.447285
315 320 197 0.996859 -0.00460372 -0.0790568 0.918158 0.00540449 0.999936 0.00991805 -0.377538 0.0790061 -0.0103142 0.996821 -0.12021
315 321 118 0.999247 -0.00935712 -0.0376579 0.927969 0.00872342 0.999818 -0.0169571 -0.0321631 0.0378097 0.0166158 0.999147 -0.371266
315 322 85 0.998627 -0.00900208 -0.0516078 0.917368 0.00813418 0.999822 -0.0170027 -0.107493 0.0517517 0.0165595 0.998523 -0.38325
315 323 112 0.998113 -0.00260285 -0.0613541 0.957022 0.00140433 0.999808 -0.0195695 -0.0624033 0.0613933 0.0194464 0.997924 -0.283222
315 324 123 0.998084 -0.00149593 -0.0618529 0.936205 0.000186172 0.999776 -0.0211758 -0.0240769 0.0618707 0.0211237 0.997861 -0.35063
315 325 98 0.997006 -0.0019984 -0.0772943 0.902726 0.000565251 0.999828 -0.0185589 -0.0393317 0.0773181 0.0184596 0.996836 -0.428415
315 326 218 0.995085 -0.00123142 -0.0990215 0.956237 0.000142338 0.999939 -0.0110047 -0.0900839 0.099029 0.0109365 0.995024 -0.278381
315 327 130 0.995364 -0.00278569 -0.0961426 0.96234 0.00166975 0.99993 -0.0116856 -0.0753715 0.0961684 0.0114709 0.995299 -0.261192
315 328 102 0.996537 0.0104326 -0.0824962 0.960448 -0.0121449 0.999721 -0.0202815 -0.0133531 0.0822616 0.0212131 0.996385 -0.27814
315 329 108 0.993828 0.0142442 -0.110018 0.973494 -0.0160912 0.999744 -0.0159189 -0.0851293 0.109763 0.017591 0.993802 -0.21228
330 331 41 0.99998 -0.00324173 -0.00539158 0.479597 0.00326186 0.999988 0.00372959 -0.185747 0.00537943 -0.0037471 0.999979 -0.857604
330 332 94 0.999903 -0.00706927 -0.0119912 0.998063 0.00710667 0.99997 0.00307889 -0.0610243 0.0119691 -0.0031638 0.999923 0.0120869
330 333 71 0.999955 -0.00945792 0.0011867 -0.927 0.00946303 0.999946 -0.00437918 0.012941 -0.00114522 0.00439021 0.99999 0.374838
