0 1 19 0.999879 0.00989124 -0.0119733 0.859938 -0.00990229 0.999951 -0.000863946 0.253029 0.0119642 0.000982405 0.999928 -0.443263
0 2 374 0.999333 0.0143995 -0.0335452 0.888317 -0.014567 0.999883 -0.00475508 0.279569 0.0334728 0.00524056 0.999426 -0.364327
0 3 354 0.999208 0.0175963 -0.0356849 0.679656 -0.0176265 0.999845 -0.000531444 0.254006 0.03567 0.00116002 0.999363 -0.688148
0 4 342 0.997773 0.0219296 -0.0629888 0.875079 -0.0219918 0.999758 -0.000294276 0.255934 0.0629671 0.00167886 0.998014 -0.410774
0 5 325 0.996967 0.0238842 -0.0740655 0.879392 -0.0237592 0.999714 0.00256822 0.235842 0.0741057 -0.000800693 0.99725 -0.413579
0 6 362 0.995882 0.0244866 -0.0872896 0.877097 -0.0245332 0.999699 0.000539193 0.252371 0.0872765 0.00160452 0.996183 -0.408668
0 7 300 0.992072 0.034867 -0.120736 0.889506 -0.0348196 0.99939 0.00250307 0.226108 0.12075 0.00172076 0.992681 -0.397057
0 8 335 0.99179 0.0312947 -0.12399 0.894664 -0.0303301 0.999493 0.00966064 0.211839 0.124229 -0.0058207 0.992236 -0.393321
0 9 257 0.991035 0.0329329 -0.129484 0.876072 -0.0314012 0.999411 0.0138535 0.197387 0.129864 -0.00966331 0.991485 -0.439928
0 10 327 0.987499 0.0423776 -0.151823 0.898794 -0.0412499 0.999093 0.010571 0.222692 0.152133 -0.00417622 0.988351 -0.377595
0 11 282 0.987014 0.0412844 -0.155238 0.888276 -0.0410566 0.999146 0.00467511 0.248421 0.155299 0.00175916 0.987866 -0.386332
0 12 246 0.981103 0.0608808 -0.183656 0.904938 -0.0609319 0.998127 0.00537033 0.21606 0.18364 0.00592169 0.982976 -0.366613
0 13 228 0.977896 0.0621343 -0.199648 0.901187 -0.0610068 0.998068 0.0118005 0.195578 0.199995 0.000640223 0.979797 -0.386797
0 14 259 0.977895 0.065714 -0.198501 0.900191 -0.0643713 0.997838 0.0132167 0.215264 0.198941 -0.000146748 0.980011 -0.378574
15 16 328 0.999107 -0.00296539 -0.04214 0.953464 0.00287756 0.999994 -0.00214464 -0.063619 0.0421461 0.00202146 0.999109 -0.294717
15 17 245 0.999679 -0.00478942 -0.0248711 0.75626 0.00453835 0.999938 -0.0101416 0.269809 0.0249181 0.0100255 0.999639 -0.596049
15 18 311 0.999328 0.00607864 -0.0361503 0.804287 -0.00609348 0.999981 -0.000300394 0.177362 0.0361478 0.000520473 0.999346 -0.567156
15 19 312 0.998434 0.00629351 -0.0555918 0.852258 -0.00680939 0.999935 -0.00909523 0.299624 0.055531 0.00945953 0.998412 -0.428814
15 20 271 0.996793 0.00148821 -0.080011 0.880855 -0.00181709 0.99999 -0.00403776 0.210283 0.0800042 0.0041702 0.996786 -0.424117
15 21 277 0.995483 0.00866931 -0.0945424 0.891317 -0.00949626 0.99992 -0.00830051 0.26505 0.0944629 0.00916081 0.995486 -0.367836
15 22 294 0.989104 0.0141315 -0.146536 0.938633 -0.0170399 0.999682 -0.0186113 0.249315 0.146226 0.0209055 0.98903 -0.23835
15 23 267 0.988949 0.0153911 -0.147456 0.949029 -0.0161983 0.99986 -0.00427431 0.147732 0.147369 0.0066156 0.989059 -0.278423
15 24 257 0.984499 0.0298918 -0.172824 0.951843 -0.0320279 0.999441 -0.00958406 0.139621 0.172441 0.0149707 0.984906 -0.272948
15 25 215 0.987081 0.0335316 -0.156673 0.930862 -0.0353666 0.999334 -0.00893854 0.125342 0.156269 0.0143641 0.98761 -0.343198
15 26 194 0.974951 0.0344397 -0.219738 0.957684 -0.04392 0.998297 -0.0384043 0.192241 0.218041 0.0470932 0.974803 -0.214205
15 27 172 0.972578 0.0418181 -0.228788 0.963434 -0.0513873 0.998029 -0.036027 0.13819 0.22683 0.0467958 0.972809 -0.229561
15 28 164 0.981437 0.0555734 -0.183556 0.949635 -0.0611639 0.997816 -0.024932 0.0790238 0.181769 0.0356962 0.982693 -0.303231
15 29 188 0.966242 0.0593581 -0.250703 0.975871 -0.070149 0.996946 -0.0343199 0.0639917 0.2479 0.0507479 0.967455 -0.208761
30 31 216 0.999762 -0.00330184 -0.0215681 0.964025 0.0033272 0.999994 0.00113977 0.156557 0.0215642 -0.00121126 0.999767 -0.214817
30 32 323 0.999355 -0.00244883 -0.0358383 0.999849 0.00286843 0.999928 0.0116614 -0.0154286 0.0358071 -0.0117567 0.99929 -0.0080309
30 33 230 0.996538 0.00938318 -0.082604 0.991829 -0.00830632 0.999876 0.0133704 -0.0507675 0.0827192 -0.012638 0.996493 0.117035
30 34 171 0.995348 0.0292415 -0.0917978 0.993281 -0.0290706 0.999572 0.00319853 0.0596373 0.091852 -0.000515035 0.995773 0.0991734
30 35 112 0.993601 0.0436042 -0.10419 0.997095 -0.0431548 0.999047 0.0065651 0.0760307 0.104377 -0.00202679 0.994536 -0.00449979
30 36 85 0.992842 0.0527699 -0.107149 0.999261 -0.0498527 0.998314 0.0297255 -0.0154532 0.108536 -0.0241711 0.993799 -0.0352024
30 37 106 0.995356 0.0627303 -0.073014 0.980708 -0.0604341 0.997618 0.0332464 0.0618348 0.0749256 -0.0286795 0.996777 0.185439
30 38 193 0.996684 0.0654606 -0.048331 0.977473 -0.0635023 0.997139 0.0410005 0.049918 0.0508766 -0.0377954 0.99799 0.205072
30 39 192 0.99498 0.0610394 -0.0792976 0.976074 -0.0581661 0.997581 0.0380536 0.07116 0.0814285 -0.0332501 0.996124 0.205464
30 40 134 0.981302 0.0381983 -0.188644 0.988496 -0.0338505 0.999083 0.0262168 0.0653046 0.189473 -0.0193409 0.981695 0.136419
30 41 124 0.995398 0.0736471 -0.0613088 0.966279 -0.071321 0.996679 0.0393037 0.0285912 0.0639998 -0.0347502 0.997345 0.255904
30 42 173 0.991672 0.070317 -0.1079 0.980575 -0.0670466 0.997182 0.0336486 0.023715 0.109962 -0.026134 0.993592 0.194704
30 43 164 0.993634 0.0771452 -0.0820944 0.975018 -0.0751596 0.996806 0.0270125 0.0418137 0.083916 -0.0206704 0.996258 0.218155
30 44 139 0.980017 0.0729882 -0.185037 0.988583 -0.0679611 0.99713 0.0333748 0.00252946 0.186941 -0.0201326 0.982165 0.150659
45 46 280 0.999017 0.00359143 -0.0441857 0.964732 -0.00313492 0.999941 0.0103967 -0.199818 0.0442204 -0.010248 0.998969 -0.171359
45 47 282 0.999247 0.0124073 -0.0367602 0.986488 -0.012165 0.999903 0.00680918 -0.0124617 0.0368411 -0.00635686 0.999301 -0.163357
45 48 217 0.99785 0.0186932 -0.0628117 0.991464 -0.0187549 0.999824 -0.000391618 0.130134 0.0627933 0.0015688 0.998025 0.00799658
45 49 253 0.998083 0.0262128 -0.0560576 0.984286 -0.0260468 0.999654 0.0036903 0.0598084 0.0561349 -0.0022231 0.998421 -0.166142
45 50 225 0.99487 0.0320625 -0.095948 0.981231 -0.0309552 0.999436 0.0130075 0.016604 0.0963109 -0.00997068 0.995301 -0.192121
45 51 166 0.994635 0.0337948 -0.097772 0.974172 -0.0328714 0.999399 0.0110402 0.111741 0.0980863 -0.00776703 0.995148 -0.196221
45 52 117 0.99015 0.0451298 -0.132538 0.988696 -0.0413784 0.998665 0.0309247 0.0167181 0.133757 -0.0251359 0.990695 -0.148999
45 53 90 0.99402 0.0543055 -0.094737 0.96679 -0.0497598 0.997524 0.0497041 -0.0224247 0.0972016 -0.0446928 0.994261 -0.254585
45 54 141 0.985411 0.0756885 -0.152435 0.995086 -0.0688616 0.996393 0.0495848 0.066718 0.155638 -0.0383644 0.987069 -0.0731578
45 55 46 0.976331 0.102791 -0.190296 0.999829 -0.0934629 0.993968 0.0573832 0.0148655 0.195047 -0.0382393 0.980048 0.0109661
45 56 98 0.980809 0.11474 -0.157636 0.998109 -0.108478 0.992949 0.0477984 -0.0104557 0.162009 -0.0297811 0.98634 0.0605805
45 57 158 0.979533 0.136122 -0.14828 0.998656 -0.132556 0.990602 0.0337194 0.0517935 0.151476 -0.0133739 0.98837 -0.00177363
45 58 119 0.973641 0.150405 -0.171466 0.998999 -0.145359 0.9885 0.0416887 0.0440761 0.175765 -0.0156657 0.984308 0.00760553
45 59 94 0.772668 -0.580236 0.257507 -0.0292433 -0.622385 -0.612555 0.487251 -0.0786004 -0.124983 -0.536752 -0.834432 0.996477
60 61 64 0.999965 0.00791891 -0.00267064 0.64265 -0.00791969 0.999969 -0.000282678 0.079369 0.00266832 0.000303819 0.999996 0.762038
60 62 151 0.998394 0.0199978 -0.0530085 0.961835 -0.0208923 0.999648 -0.0163756 0.229951 0.0526623 0.0174568 0.99846 0.148309
60 63 108 0.999448 0.0305979 -0.012956 0.716927 -0.0305926 0.999532 0.000612674 -0.0789219 0.0129687 -0.000215977 0.999916 0.692667
60 64 137 0.998075 0.0272209 -0.0557168 0.930913 -0.0280758 0.999499 -0.0146178 0.182353 0.0552909 0.0161539 0.99834 0.316461
60 65 122 0.997627 0.0359768 -0.0586978 0.924858 -0.0364654 0.999308 -0.00727265 0.0757916 0.0583956 0.00939583 0.998249 0.372683
60 66 106 0.997714 0.0210798 -0.064211 0.870325 -0.0218664 0.999694 -0.0115727 0.0499216 0.0639474 0.0129503 0.997869 0.489941
60 67 96 0.997516 0.0262689 -0.0653622 0.819251 -0.0269904 0.999584 -0.0101798 0.00667004 0.0650676 0.0119187 0.99781 0.573396
60 68 118 0.992871 0.0204675 -0.117421 0.9315 -0.0235749 0.999406 -0.0251366 0.087411 0.116837 0.0277256 0.992764 0.353083
60 69 112 0.992859 0.0229579 -0.117065 0.908132 -0.0249954 0.99956 -0.0159666 -0.00394626 0.116647 0.0187787 0.992996 0.418666
60 70 120 0.99191 0.0278809 -0.123846 0.902369 -0.0291222 0.999542 -0.00822371 -0.0549032 0.12356 0.0117638 0.992267 0.427453
60 71 83 0.993415 0.0291444 -0.110799 0.85648 -0.0300771 0.999525 -0.006755 -0.0701798 0.11055 0.010043 0.99382 0.511388
60 72 83 0.990192 0.0311662 -0.136195 0.866978 -0.0326615 0.999428 -0.00875794 -0.0654382 0.135844 0.0131204 0.990643 0.494032
60 73 48 0.993888 0.0517821 -0.0974987 0.715959 -0.0528321 0.99857 -0.00821688 -0.0832273 0.0969338 0.0133177 0.995202 0.693164
60 74 53 0.990055 0.0438334 -0.133674 0.818442 -0.0450454 0.998967 -0.00605455 -0.127758 0.133271 0.0120157 0.991007 0.560206
75 76 272 0.999508 0.00745917 -0.0304545 0.914166 -0.00790821 0.999861 -0.0146509 0.295462 0.030341 0.0148845 0.999429 0.277495
75 77 137 0.999544 0.0133008 -0.0271157 0.833735 -0.0133884 0.999906 -0.00304957 -0.314783 0.0270726 0.00341122 0.999628 0.453648
75 78 185 0.999127 0.0177006 -0.0378438 0.850782 -0.0181727 0.999761 -0.0121666 -0.269095 0.0376194 0.0128437 0.99921 0.451396
75 79 170 0.999279 0.0211335 -0.0315266 0.845752 -0.0216887 0.999614 -0.0173717 -0.34513 0.0311473 0.0180429 0.999352 0.406927
75 80 156 0.998709 0.0285008 -0.0420456 0.824446 -0.0293286 0.999385 -0.0192049 -0.341862 0.0414724 0.0204132 0.998931 0.45102
75 81 170 0.99894 0.0262829 -0.0377886 0.810707 -0.027318 0.999258 -0.0271421 -0.372351 0.0370472 0.0281456 0.998917 0.451783
75 82 161 0.998662 0.0294517 -0.0424985 0.79812 -0.0307993 0.999032 -0.0314091 -0.361479 0.0415323 0.0326761 0.998603 0.482014
75 83 211 0.997424 0.0258995 -0.0668903 0.856225 -0.0279452 0.999164 -0.0298307 -0.318734 0.0660618 0.0316231 0.997314 0.406555
75 84 125 0.997735 0.0302484 -0.0600904 0.804246 -0.0324537 0.998822 -0.0360679 -0.360768 0.0589286 0.0379363 0.997541 0.472265
75 85 120 0.997893 0.0243725 -0.0601347 0.804568 -0.0269626 0.998726 -0.0426438 -0.374957 0.0590187 0.0441753 0.997279 0.460518
75 86 129 0.996857 0.0275774 -0.0742639 0.852923 -0.0309578 0.998518 -0.0447592 -0.345198 0.0729195 0.0469176 0.996234 0.391613
75 87 161 0.995164 0.0419903 -0.0888055 0.837586 -0.0460709 0.997951 -0.0444092 -0.33663 0.0867587 0.0482858 0.995058 0.430268
75 88 125 0.995075 0.0400953 -0.0906498 0.840354 -0.0450004 0.997594 -0.05273 -0.324041 0.0883175 0.0565496 0.994486 0.434514
75 89 163 0.99241 0.0528202 -0.111048 0.885074 -0.058361 0.997177 -0.0472499 -0.324051 0.108238 0.0533722 0.992691 0.334117
90 91 265 0.998973 0.00821041 -0.0445536 0.984995 -0.00775895 0.999917 0.0102963 -0.171496 0.0446344 -0.00994007 0.998954 -0.0193638
90 92 216 0.997965 0.0138765 -0.0622389 0.989467 -0.0139877 0.999901 -0.00135058 0.14475 0.062214 0.00221841 0.99806 -0.00147819
90 93 190 0.999571 0.0171694 -0.0237447 0.944358 -0.0169052 0.999793 0.0112853 0.00684589 0.0239336 -0.0108791 0.999654 0.328847
90 94 182 0.997678 0.0277043 -0.0622251 0.99161 -0.0271272 0.999581 0.0101001 0.128676 0.0624788 -0.0083887 0.998011 0.0123367
90 95 157 0.992097 0.0493952 -0.115343 0.972021 -0.0484313 0.998764 0.0111458 0.190211 0.115751 -0.00547147 0.993263 -0.13782
90 96 125 0.99806 0.0436565 -0.0443848 0.988821 -0.0420359 0.998438 0.0368131 0.104109 0.0459226 -0.034876 0.998336 0.106747
90 97 97 0.997431 0.0645504 -0.0310459 0.987815 -0.0628562 0.996627 0.0527586 0.0752507 0.0343468 -0.0506717 0.998125 0.136233
90 98 19 0.998392 0.0566483 -0.00227959 -0.106307 -0.0563569 0.996028 0.0689291 -0.392873 0.00617526 -0.0686898 0.997619 0.913428
90 99 60 0.994282 0.0858552 -0.0634932 0.898531 -0.0807493 0.993596 0.0790289 0.193931 0.0698716 -0.07345 0.994848 -0.393741
90 100 131 0.99402 0.0970269 -0.0501024 0.968382 -0.091949 0.991195 0.0952746 0.203273 0.0589055 -0.090098 0.994189 0.144625
90 101 68 0.991137 0.103945 -0.0827204 0.972672 -0.095852 0.990713 0.0964398 0.228358 0.0919767 -0.0876561 0.991896 0.0419658
90 102 103 0.989663 0.124222 -0.0716724 0.983211 -0.115015 0.985995 0.120768 0.179311 0.0856705 -0.111276 0.99009 -0.0338215
90 103 139 0.980621 0.134412 -0.142532 0.97763 -0.118968 0.986576 0.111869 0.202107 0.155655 -0.0927444 0.983448 0.058239
90 104 126 0.974322 0.155506 -0.162831 0.994711 -0.134839 0.982151 0.131141 0.0950338 0.180318 -0.105818 0.9779 0.0389725
105 106 14 0.999869 0.0157988 0.00350345 -0.867025 -0.0158258 0.999844 0.00782102 -0.40511 -0.00337934 -0.00787544 0.999963 -0.290091
105 107 171 0.999689 0.0207498 0.013842 -0.967365 -0.0209107 0.999714 0.0115774 -0.14222 -0.0135978 -0.0118633 0.999837 -0.20971
105 108 206 0.999386 0.0221311 0.0271727 -0.927491 -0.0229619 0.999266 0.030652 -0.369511 -0.0264744 -0.0312572 0.999161 0.0567582
105 109 140 0.997122 0.0279745 -0.070458 0.920264 -0.0274886 0.999591 0.00785633 0.237271 0.070649 -0.00589693 0.997484 -0.311154
105 110 54 0.997429 0.0384472 -0.0604689 0.151362 -0.0374518 0.999145 0.0175104 0.113885 0.0610904 -0.0152007 0.998016 -0.981896
105 111 163 0.995172 0.0326496 -0.0925519 0.926641 -0.0307336 0.999284 0.0220524 0.369831 0.0932057 -0.0191015 0.995464 -0.067533
105 112 161 0.993587 0.0251991 -0.110229 0.975022 -0.0223505 0.999385 0.0270026 0.214031 0.110841 -0.0243658 0.993539 -0.0593491
105 113 146 0.994318 0.0288863 -0.102452 0.973254 -0.0266718 0.999381 0.0229202 0.219306 0.103051 -0.0200574 0.994474 -0.0684237
105 114 175 0.990611 0.0280514 -0.1338 0.983314 -0.0259357 0.99951 0.0175291 0.179985 0.134226 -0.0138943 0.990853 -0.0264211
105 115 141 0.993087 0.0295127 -0.113613 0.992222 -0.0269169 0.999342 0.0243142 0.120692 0.114256 -0.021088 0.993228 -0.030483
105 116 121 0.995793 0.021125 -0.0891626 0.98095 -0.0194454 0.999618 0.0196649 0.163491 0.0895439 -0.0178484 0.995823 -0.104915
105 117 115 0.986347 0.0292436 -0.162065 0.987442 -0.0281426 0.999563 0.00908598 0.14819 0.16226 -0.00440099 0.986738 -0.0547457
105 118 57 0.988411 0.0268486 -0.149408 0.995659 -0.0244272 0.999539 0.0180184 0.0904681 0.149823 -0.01416 0.988611 0.0218871
105 119 61 0.857965 0.0160274 -0.513459 0.976986 0.0394031 0.994515 0.0968841 -0.159028 0.512195 -0.103355 0.852628 0.142159
120 121 56 0.999979 0.00524318 -0.00390806 0.86901 -0.00523631 0.999985 0.00176626 -0.148052 0.00391726 -0.00174576 0.999991 -0.472125
120 122 69 0.999955 -0.0031437 0.0089755 0.929677 0.00311805 0.999991 0.00286988 -0.217523 -0.00898444 -0.00284177 0.999956 0.297296
120 123 48 0.999956 -0.00650561 0.00670642 0.932231 0.00647652 0.99997 0.00435043 -0.337199 -0.00673452 -0.00430681 0.999968 -0.131311
120 124 103 0.999941 -0.00810711 -0.00718927 0.952459 0.00816187 0.999938 0.00762067 -0.241403 0.00712704 -0.0076789 0.999945 0.185866
120 125 188 0.999914 -0.00314523 -0.012749 0.95207 0.00327612 0.999942 0.0102595 -0.293895 0.012716 -0.0103004 0.999866 0.0847834
120 126 59 0.999954 -0.00489869 0.00828799 0.927231 0.00490767 0.999987 -0.00106339 -0.328844 -0.00828268 0.00110402 0.999965 0.179179
120 127 40 0.999915 0.00639916 0.0113797 0.935185 -0.00629437 0.999938 -0.00922103 -0.326798 -0.011438 0.00914861 0.999893 0.136501
120 128 224 0.999762 0.0106802 -0.0189968 0.954205 -0.0106351 0.99994 0.0024763 -0.252 0.0190221 -0.00227368 0.999816 -0.161209
120 129 29 0.999976 -0.00691712 0.000271342 0.60112 0.0069177 0.999974 -0.00220151 -0.449353 -0.000256107 0.00220333 0.999998 -0.660861
120 130 143 0.998766 0.00475158 -0.0494354 0.927083 -0.00424047 0.999937 0.0104387 -0.189714 0.0494818 -0.0102162 0.998723 0.323305
120 131 36 0.999739 0.00252667 -0.0227143 0.93265 -0.00253141 0.999997 -0.000179889 -0.265135 0.0227138 0.000237341 0.999742 0.244677
120 132 190 0.998398 0.0046329 -0.0563833 0.956448 -0.00422725 0.999964 0.00731167 -0.264689 0.0564151 -0.00706162 0.998382 0.123071
120 133 135 0.997344 0.00225228 -0.0728049 0.953601 -0.00126714 0.999907 0.0135746 -0.256331 0.0728287 -0.0134463 0.997254 0.157925
120 134 103 0.997365 0.00676334 -0.0722291 0.962021 -0.00605244 0.999931 0.0100567 -0.223204 0.0722922 -0.00959302 0.997337 0.157148
135 136 19 0.999931 0.00400839 -0.011069 0.403355 -0.0039391 0.999973 0.00627505 0.0716035 0.0110939 -0.00623101 0.999919 -0.912238
135 137 133 0.999226 0.0107862 -0.037829 0.934735 -0.0104355 0.999901 0.00945502 0.210009 0.0379273 -0.00905294 0.999239 -0.286647
135 138 125 0.999194 0.0118388 -0.0383487 0.941861 -0.0108443 0.999602 0.0260359 0.203871 0.0386416 -0.025599 0.998925 -0.267084
135 139 124 0.997673 0.014952 -0.066519 0.939998 -0.0128744 0.999419 0.0315539 0.112221 0.0669522 -0.0306241 0.997286 -0.322196
135 140 121 0.997092 0.0167623 -0.0743456 0.979606 -0.0140691 0.999231 0.0366028 0.122364 0.074902 -0.0354504 0.996561 -0.159372
135 141 85 0.996158 0.0247798 -0.0839924 0.932571 -0.0213471 0.998909 0.0415228 0.141002 0.0849297 -0.0395702 0.995601 -0.332309
135 142 123 0.993258 0.03321 -0.111068 0.95294 -0.0282393 0.998541 0.0460317 0.181186 0.112434 -0.0425848 0.992746 -0.243059
135 143 114 0.992893 0.0386675 -0.112556 0.936826 -0.0325959 0.997938 0.0552932 0.169809 0.114462 -0.0512313 0.992106 -0.305813
135 144 113 0.991642 0.0463152 -0.12042 0.952088 -0.0392414 0.997399 0.0604661 0.141303 0.122907 -0.0552353 0.99088 -0.271223
135 145 146 0.988164 0.0610069 -0.140747 0.949813 -0.0526642 0.99667 0.06226 0.150014 0.144076 -0.0541108 0.988086 -0.274502
135 146 93 0.988466 0.0760492 -0.130964 0.929001 -0.067718 0.995456 0.0669399 0.164252 0.13546 -0.0572991 0.989125 -0.331631
135 147 93 0.987208 0.086094 -0.134198 0.926747 -0.0777393 0.994766 0.0663095 0.159847 0.139204 -0.0550288 0.988734 -0.339984
135 148 144 0.981309 0.0911957 -0.169458 0.939342 -0.0817343 0.994723 0.062009 0.150705 0.174218 -0.0469995 0.983585 -0.308098
135 149 138 0.979247 0.100769 -0.175843 0.921414 -0.0914503 0.99398 0.0603398 0.1552 0.180864 -0.0430067 0.982567 -0.356242
150 151 16 0.999911 -0.00428294 -0.0126319 -0.633025 0.0043725 0.999965 0.00707102 -0.107463 0.0126012 -0.00712562 0.999895 -0.766636
150 152 13 0.999513 -0.0100561 -0.0295275 0.957489 0.0102295 0.999931 0.00572864 0.0649847 0.0294678 -0.00602791 0.999548 0.281055
150 153 38 0.998878 -0.0125914 -0.0456539 0.973477 0.0125849 0.999921 -0.000429586 0.0741631 0.0456557 -0.000145445 0.998957 0.21643
150 154 47 0.997139 -0.00632228 -0.0753299 0.987279 0.00552044 0.999926 -0.0108478 0.158664 0.0753929 0.0104009 0.9971 0.0103207
150 155 31 0.997603 -0.0128114 -0.0680024 0.821387 0.0117864 0.999811 -0.0154519 0.110748 0.0681875 0.0146134 0.997565 -0.559517
150 156 48 0.99629 -0.0122806 -0.0851729 0.867706 0.0108106 0.999785 -0.0176996 0.120975 0.085372 0.0167132 0.996209 -0.482133
150 157 48 0.993703 -0.0166244 -0.110808 0.938733 0.0146885 0.999725 -0.0182644 0.141593 0.111081 0.0165217 0.993674 -0.314215
150 158 127 0.98967 -0.0156177 -0.142508 0.927279 0.013598 0.999793 -0.0151354 0.0952179 0.142715 0.0130412 0.989678 -0.362059
150 159 71 0.988173 -0.00946502 -0.153048 0.982519 0.00820683 0.999927 -0.00885051 0.0996412 0.153121 0.0074898 0.988179 -0.157254
150 160 30 0.990348 -0.0124243 -0.138042 0.981559 0.0114045 0.999902 -0.00817549 0.114756 0.13813 0.00652228 0.990393 -0.152881
150 161 50 0.986595 -0.00449155 -0.163129 0.965318 0.00319487 0.999961 -0.00821032 0.101664 0.163159 0.00757908 0.986571 -0.240471
150 162 45 0.98366 0.00642723 -0.179921 0.970276 -0.00743029 0.99996 -0.00490159 0.11605 0.179882 0.00615836 0.983669 -0.212359
150 163 52 0.981838 0.00428865 -0.189675 0.964449 -0.00450244 0.99999 -0.000696212 0.122232 0.18967 0.00153757 0.981847 -0.2343
150 164 117 0.9775 0.0105636 -0.210669 0.86101 -0.00789586 0.999878 0.0135005 -0.0306256 0.210785 -0.0115333 0.977464 -0.507665
165 166 65 0.999977 0.00658556 -0.0014111 0.116788 -0.00658139 0.999974 0.00294122 0.0613629 0.00143043 -0.00293186 0.999995 -0.991259
165 167 40 0.999873 0.0118425 -0.0107007 -0.898681 -0.011734 0.99988 0.0101529 0.136288 0.0108196 -0.010026 0.999891 -0.416892
165 168 144 0.998987 0.0207236 -0.0399526 0.896864 -0.0201437 0.999687 0.0148633 -0.0201473 0.0402481 -0.0140434 0.999091 0.441848
165 169 333 0.99549 0.0317591 -0.0893962 0.99079 -0.030158 0.999361 0.0192048 -0.0983379 0.089949 -0.0164221 0.995811 0.0930806
165 170 162 0.997056 0.041231 -0.0646513 0.985076 -0.0401694 0.999037 0.0176366 -0.115512 0.0653162 -0.0149877 0.997752 0.127601
165 171 146 0.996971 0.0348515 -0.0695259 0.947667 -0.0332918 0.99917 0.0234673 -0.0857525 0.0702861 -0.0210816 0.997304 0.30753
165 172 129 0.994828 0.0415899 -0.0926716 0.926339 -0.038887 0.998769 0.0307848 -0.124402 0.0938379 -0.0270218 0.995221 0.355556
165 173 132 0.992423 0.0586793 -0.107953 0.763226 -0.056034 0.998053 0.0273792 -0.00163075 0.10935 -0.0211227 0.993779 0.646129
165 174 172 0.976813 0.0713851 -0.201841 0.975999 -0.0640136 0.99703 0.0428246 -0.203687 0.204298 -0.0289111 0.978482 0.077051
165 175 181 0.987141 0.0696265 -0.143892 0.894767 -0.0673118 0.997513 0.020898 -0.187065 0.144989 -0.0109437 0.989373 0.405461
165 176 139 0.986895 0.0777972 -0.141372 0.677393 -0.07754 0.996962 0.0073353 0.0176537 0.141513 0.0037228 0.989929 0.735409
165 177 163 0.979966 0.0815741 -0.181693 0.944353 -0.0803847 0.996667 0.0139131 -0.192581 0.182222 0.00097098 0.983257 0.266665
165 178 96 0.985045 0.0838313 -0.150531 0.924311 -0.0830252 0.996479 0.0116433 -0.197624 0.150977 0.0010287 0.988537 0.326488
165 179 175 0.982154 0.075436 -0.17229 0.927563 -0.0736953 0.997145 0.0164867 -0.176738 0.173042 -0.00349554 0.984908 0.329227
180 181 12 0.999949 0.00731827 -0.00688983 0.890771 -0.00728777 0.999964 0.0044416 -0.0611941 0.00692209 -0.00439116 0.999966 0.450313
180 182 111 0.999835 0.00801856 -0.0162976 0.948785 -0.00790954 0.999946 0.00674319 -0.0840558 0.0163508 -0.00661317 0.999844 0.304535
180 183 121 0.999522 0.00166322 -0.0308569 0.963523 -0.00141374 0.999966 0.00810487 -0.116525 0.0308693 -0.00805738 0.999491 0.240927
180 184 118 0.998702 0.00768452 -0.05036 0.916939 -0.00738142 0.999954 0.00620173 -0.0874665 0.0504053 -0.00582195 0.998712 0.389323
180 185 197 0.998472 0.0088899 -0.0545431 0.979446 -0.00876804 0.999959 0.00247309 -0.0985369 0.0545628 -0.00199107 0.998508 0.175998
180 186 97 0.999523 0.00571946 -0.0303602 0.879306 -0.00560976 0.999977 0.00369715 -0.148563 0.0303807 -0.00352507 0.999532 0.452493
180 187 177 0.993711 0.00850255 -0.111653 0.980034 -0.00733938 0.999914 0.0108246 -0.106744 0.111736 -0.00993701 0.993688 0.167747
180 188 217 0.99646 0.010874 -0.0833655 0.951611 -0.0102291 0.999914 0.00815884 -0.102778 0.083447 -0.0072772 0.996486 0.289609
180 189 81 0.996253 0.014603 -0.085242 0.984031 -0.0136161 0.999834 0.0121479 -0.0933698 0.0854052 -0.0109418 0.996286 0.151544
180 190 158 0.993594 0.0142151 -0.112113 0.986673 -0.0118074 0.999686 0.0221106 -0.0989876 0.112392 -0.0206452 0.993449 0.129139
180 191 75 0.993655 0.02051 -0.110586 0.977925 -0.0178927 0.999537 0.0246085 -0.105908 0.11104 -0.0224736 0.993562 0.180127
180 192 58 0.993449 0.027711 -0.110863 0.978049 -0.0251675 0.999388 0.0242765 -0.119031 0.111467 -0.0213273 0.993539 0.171034
180 193 178 0.98934 0.040745 -0.139805 0.97121 -0.0374074 0.998951 0.0264192 -0.138248 0.140735 -0.0209078 0.989826 0.194008
180 194 101 0.990801 0.0309406 -0.131741 0.985993 -0.0284476 0.99938 0.0207642 -0.1254 0.132302 -0.0168255 0.991067 0.109966
195 196 282 0.999337 0.00675377 -0.0357839 0.991247 -0.00675763 0.999977 1.32069e-05 0.044077 0.0357832 0.000228616 0.99936 -0.124445
195 197 247 0.999446 0.0122849 -0.0309168 0.982602 -0.0121095 0.99991 0.0058527 -0.133277 0.0309859 -0.00547507 0.999505 -0.129346
195 198 167 0.999412 0.0127645 -0.0318309 0.969374 -0.0125104 0.999888 0.00817143 -0.122753 0.0319317 -0.0077684 0.99946 -0.212711
195 199 78 0.999504 0.0291457 -0.0119271 0.952226 -0.029096 0.999567 0.00431641 -0.0625966 0.0120478 -0.00396724 0.99992 -0.298911
195 200 106 0.998706 0.0437995 -0.025855 0.990717 -0.0437867 0.99904 0.00105933 -0.0988226 0.0258766 7.41426e-05 0.999665 -0.0933492
195 201 75 0.998654 0.043169 -0.0287415 0.971494 -0.0432887 0.999056 -0.00355509 -0.0922567 0.0285609 0.00479449 0.999581 -0.218377
195 202 61 0.998083 0.0508296 -0.0353198 0.888722 -0.0512222 0.998634 -0.0103003 -0.0591821 0.0347479 0.0120898 0.999323 -0.454611
195 203 77 0.996546 0.0620918 -0.0551415 0.975117 -0.0626714 0.997995 -0.00884373 -0.0788617 0.0544818 0.012269 0.998439 -0.207189
195 204 115 0.993419 0.0696675 -0.0909076 0.98178 -0.0707275 0.99746 -0.00848741 -0.0386657 0.0900854 0.0148612 0.995823 -0.186044
195 205 73 0.994116 0.0664731 -0.085521 0.978613 -0.0673657 0.997699 -0.00759034 -0.0314935 0.0848197 0.0133069 0.996307 -0.203283
195 206 77 0.994648 0.0682327 -0.0775841 0.978385 -0.0688575 0.997612 -0.00540347 -0.0222326 0.0770301 0.0107168 0.996971 -0.205592
195 207 63 0.99465 0.071475 -0.074587 0.996504 -0.0722096 0.997364 -0.0071954 -0.00731983 0.0738761 0.0125428 0.997189 -0.0832207
195 208 68 0.992066 0.0700505 -0.104396 0.987613 -0.0715142 0.997386 -0.0103395 -0.000870469 0.103399 0.0177233 0.994482 -0.156904
195 209 92 0.988583 0.0687056 -0.134102 0.975105 -0.0699498 0.99754 -0.00458247 0.000309121 0.133457 0.0139105 0.990957 -0.221745
210 211 87 0.999637 -0.00630876 -0.0261835 0.996445 0.0063291 0.99998 0.00069393 0.0536583 0.0261786 -0.000859396 0.999657 0.0649507
210 212 148 0.998871 -0.0105133 -0.0463357 0.993002 0.0107853 0.999926 0.00562302 -0.105291 0.0462731 -0.00611641 0.99891 0.0534852
210 213 107 0.998746 -0.013053 -0.0483269 0.97401 0.0131483 0.999912 0.00165489 -0.0901108 0.048301 -0.00228823 0.99883 0.207808
210 214 77 0.998747 -0.0172142 -0.0469992 0.995581 0.0170048 0.999844 -0.00485018 -0.0939011 0.0470754 0.00404488 0.998883 0.000806334
210 215 111 0.994023 -0.00923674 -0.108779 0.979761 0.00898389 0.999956 -0.00281435 -0.117416 0.1088 0.00182028 0.994062 0.162117
210 216 168 0.993961 -0.00585569 -0.109576 0.982379 0.0054147 0.999976 -0.00432164 -0.124878 0.109598 0.00370222 0.993969 0.139059
210 217 204 0.987046 0.000126724 -0.160436 0.985609 0.000663822 0.999988 0.00487389 -0.159973 0.160434 -0.00491726 0.987034 0.0546212
210 218 108 0.995165 -0.00404262 -0.0981335 0.988916 0.00314295 0.999952 -0.00932075 -0.130662 0.0981664 0.00896725 0.99513 -0.0705191
210 219 183 0.98529 0.00387771 -0.170844 0.970256 -0.00267121 0.99997 0.00729134 -0.194325 0.170867 -0.00672773 0.985271 0.144363
210 220 172 0.977535 0.0114632 -0.210463 0.970503 -0.00874959 0.999866 0.0138199 -0.183514 0.210594 -0.011668 0.977504 0.156353
210 221 182 0.976163 0.0207301 -0.216047 0.967535 -0.0176893 0.999716 0.0159989 -0.185687 0.216317 -0.0117958 0.976252 0.171453
210 222 182 0.978048 0.0263343 -0.206709 0.947658 -0.0237656 0.999607 0.0149004 -0.211784 0.20702 -0.0096608 0.978289 0.238937
210 223 70 0.980666 0.0339886 -0.192717 0.940525 -0.0329086 0.99942 0.00880347 -0.231135 0.192904 -0.00229124 0.981215 0.248976
210 224 150 0.969114 0.0508624 -0.24131 0.934247 -0.048572 0.9987 0.0154346 -0.240793 0.241781 -0.00323698 0.970325 0.263062
225 226 0 1 0 0 0 0 1 0 0 0 0 1 0
225 227 78 0.999877 0.00463311 -0.0149541 0.689062 -0.00468091 0.999984 -0.00316329 -0.189004 0.0149392 0.0032329 0.999883 0.699622
225 228 82 0.999314 0.0152418 -0.0337433 0.979771 -0.0152967 0.999882 -0.00136836 -0.120127 0.0337184 0.00188358 0.99943 0.160056
225 229 92 0.999716 0.00840113 -0.0223093 0.800147 -0.00830634 0.999956 0.00433857 -0.154301 0.0223448 -0.00415202 0.999742 0.579617
225 230 83 0.99864 0.00562242 -0.0518345 0.917518 -0.00537611 0.999974 0.00489 -0.150228 0.0518606 -0.00460468 0.998644 0.368229
225 231 99 0.998301 0.00809574 -0.0577012 0.925345 -0.00792008 0.999963 0.00327234 -0.134208 0.0577256 -0.00280978 0.998329 0.354576
225 232 89 0.998173 0.00801658 -0.059882 0.917344 -0.0077777 0.999961 0.00422123 -0.117351 0.0599135 -0.00374777 0.998197 0.380406
225 233 91 0.997457 0.00573082 -0.0710421 0.937498 -0.00523202 0.99996 0.00720535 -0.10635 0.0710806 -0.00681534 0.997447 0.33134
225 234 280 0.993958 0.0114275 -0.109162 0.978678 -0.0101669 0.999875 0.0120977 -0.112715 0.109286 -0.0109148 0.99395 0.171713
225 235 321 0.993114 0.010259 -0.116705 0.969394 -0.0085489 0.999849 0.0151441 -0.0803838 0.116843 -0.0140421 0.993051 0.231979
225 236 193 0.993287 0.0123501 -0.115015 0.90396 -0.0108965 0.999853 0.013258 -0.0561094 0.115162 -0.0119158 0.993275 0.42392
225 237 74 0.996775 0.00176637 -0.0802271 -0.878248 -0.000426506 0.99986 0.016715 0.111419 0.0802454 -0.0166269 0.996636 -0.465044
225 238 65 0.993569 0.0149158 -0.112241 0.927887 -0.0126805 0.999707 0.0206029 -0.0990369 0.112515 -0.0190471 0.993467 0.359468
225 239 76 0.992359 0.0146688 -0.12251 0.708734 -0.0118444 0.999648 0.0237507 -0.0813401 0.122815 -0.0221181 0.992183 0.700771
240 241 16 0.999995 -0.000478128 -0.0031827 -0.728354 0.000482064 0.999999 0.00123596 0.230432 0.00318211 -0.00123749 0.999994 -0.645292
240 242 235 0.999092 0.00890566 -0.0416722 0.98719 -0.00863803 0.999941 0.00659799 -0.11739 0.0417285 -0.00623203 0.99911 -0.108055
240 243 125 0.999044 0.0109554 -0.0423294 0.979675 -0.0106878 0.999921 0.0065438 -0.119711 0.0423978 -0.00608514 0.999082 0.160956
240 244 111 0.998154 0.0160503 -0.0585792 0.996081 -0.0157677 0.999862 0.00528318 -0.0857854 0.0586559 -0.00434977 0.998269 0.0215164
240 245 119 0.997119 0.0230425 -0.0722634 0.983612 -0.0226521 0.999724 0.00621724 -0.11504 0.0723867 -0.00456242 0.997366 -0.13883
240 246 112 0.995606 0.0268283 -0.089717 0.993648 -0.0262391 0.999626 0.00774061 -0.0817967 0.0898911 -0.00535251 0.995937 -0.0772804
240 247 108 0.996424 0.0263369 -0.080283 0.991719 -0.0259247 0.999645 0.00617186 -0.098951 0.0804171 -0.00406848 0.996753 -0.0818713
240 248 196 0.991661 0.0397968 -0.122574 0.993143 -0.0387609 0.99919 0.0108252 -0.109155 0.122906 -0.00598385 0.9924 0.0418651
240 249 193 0.988866 0.0468324 -0.141245 0.991174 -0.0455541 0.998886 0.0122718 -0.129083 0.141663 -0.00570087 0.989899 0.0302067
240 250 92 0.98849 0.0530577 -0.141679 0.983884 -0.052655 0.998591 0.00659266 -0.147236 0.141829 0.000943326 0.989891 0.101464
240 251 52 0.98982 0.0567618 -0.130515 0.972317 -0.0582457 0.998274 -0.00757803 -0.139853 0.129859 0.0151028 0.991417 0.187193
240 252 89 0.986379 0.0649195 -0.151136 0.986664 -0.0675514 0.997639 -0.0123394 -0.152019 0.149979 0.0223808 0.988436 0.05818
240 253 61 0.988314 0.0693898 -0.135722 0.984943 -0.0718469 0.997327 -0.0132843 -0.150893 0.134437 0.0228802 0.990658 0.0843679
240 254 129 0.985954 0.070996 -0.151175 0.984463 -0.0736722 0.997208 -0.0121689 -0.1471 0.149889 0.0231354 0.988432 0.0958912
255 256 12 0.999961 0.00632015 -0.00614131 -0.769856 -0.00628994 0.999968 0.00492519 -0.284138 0.00617224 -0.00488637 0.999969 0.571478
255 257 60 0.999998 -0.00221896 0.000167231 -0.773951 0.00221598 0.999868 0.0160919 0.10794 -0.000202917 -0.0160915 0.999871 -0.623978
255 258 22 0.999806 0.00309909 -0.0194751 0.907033 -0.00270578 0.999793 0.0201893 0.0725742 0.0195336 -0.0201327 0.999606 0.414758
255 259 64 0.999706 0.00338387 -0.0240148 0.838592 -0.00277829 0.999678 0.0252058 0.118029 0.0240923 -0.0251317 0.999394 0.531819
255 260 85 0.999786 -0.00186637 -0.0205919 -0.777681 0.00260849 0.999346 0.0360718 0.0137412 0.0205111 -0.0361178 0.999137 -0.628508
255 261 93 0.997967 0.00663164 -0.0633832 0.874933 -0.00464133 0.999493 0.0314971 0.0624309 0.06356 -0.0311389 0.997492 0.480203
255 262 118 0.996355 0.00846526 -0.0848814 0.913801 -0.00630967 0.999652 0.0256315 0.0511421 0.0850688 -0.0250025 0.996061 0.402929
255 263 185 0.992561 0.0184664 -0.120338 0.938321 -0.0161742 0.999669 0.0199971 0.0639228 0.120667 -0.017902 0.992532 0.339805
255 264 67 0.998155 -0.0190293 -0.0576598 0.763756 0.0207348 0.999361 0.0291277 -0.11545 0.0570686 -0.0302695 0.997911 0.635096
255 265 142 0.990114 0.0110211 -0.139834 0.896468 -0.00832088 0.999768 0.0198802 -0.0176235 0.140021 -0.0185201 0.989975 0.442759
255 266 97 0.992722 0.0131849 -0.119702 0.911806 -0.0109795 0.999758 0.0190647 -0.0552275 0.119924 -0.0176117 0.992627 0.40689
255 267 76 0.988275 0.0303112 -0.149648 0.88861 -0.0278591 0.999441 0.0184556 -0.0705926 0.150124 -0.0140701 0.988567 0.453199
255 268 120 0.985171 0.029077 -0.169093 0.909647 -0.0261521 0.999468 0.0194995 -0.0981644 0.16957 -0.0147883 0.985407 0.403617
255 269 161 0.978244 0.0389441 -0.203769 0.930352 -0.0353441 0.999149 0.0212782 -0.0928383 0.204424 -0.0136132 0.978788 0.35472
270 271 49 0.999798 0.00587043 -0.0192223 0.76787 -0.00567549 0.999932 0.0101802 -0.504687 0.0192808 -0.0100691 0.999763 0.394547
270 272 63 0.999762 0.00885495 -0.0199629 0.702007 -0.00879487 0.999957 0.00309534 -0.448242 0.0199894 -0.00291903 0.999796 0.553412
270 273 85 0.998905 0.0207995 -0.0419003 0.754306 -0.0208099 0.999783 0.00018852 -0.252311 0.0418951 0.000683626 0.999122 0.606103
270 274 73 0.998939 0.0265533 -0.0376388 0.820354 -0.0265303 0.999647 0.00110837 -0.310704 0.0376549 -0.000108622 0.999291 0.480086
270 275 82 0.998773 0.0273861 -0.0412506 0.803395 -0.0272838 0.999623 0.00304001 -0.304075 0.0413183 -0.0019108 0.999144 0.511953
270 276 72 0.999515 0.0292104 -0.0108012 0.577977 -0.0292702 0.999557 -0.00541977 -0.321057 0.0106381 0.0057333 0.999927 0.750244
270 277 81 0.999263 0.0310828 -0.022515 0.72862 -0.0312822 0.999474 -0.00856017 -0.221178 0.0222371 0.00925818 0.99971 0.648223
270 278 77 0.998883 0.0279011 -0.0381452 0.761458 -0.0280152 0.999604 -0.0024605 -0.261578 0.0380615 0.0035264 0.999269 0.593093
270 279 69 0.998439 0.0281376 -0.0482386 0.785357 -0.0282012 0.999602 -0.000638972 -0.286941 0.0482015 0.00199836 0.998836 0.548525
270 280 67 0.996881 0.0299867 -0.0730029 0.898632 -0.0299889 0.99955 0.00106659 -0.240309 0.073002 0.00112602 0.997331 0.367032
270 281 91 0.996962 0.0347379 -0.0697198 0.830286 -0.0344768 0.999393 0.00494543 -0.210488 0.0698493 -0.00252669 0.997554 0.516062
270 282 80 0.995487 0.0321869 -0.089274 0.868386 -0.0315698 0.999467 0.00831682 -0.201731 0.0894941 -0.00546093 0.995972 0.453001
270 283 53 0.996657 0.0431997 -0.06934 0.794173 -0.0429709 0.999065 0.00478857 -0.211386 0.0694821 -0.00179296 0.997582 0.569742
270 284 65 0.994121 0.0278793 -0.104622 0.862805 -0.0269668 0.999585 0.0101265 -0.200906 0.104861 -0.00724567 0.994461 0.463901
285 286 11 0.999984 -0.000450479 -0.00563402 0.70524 0.000453314 1 0.000501907 0.0625807 0.00563379 -0.000504453 0.999984 -0.706201
285 287 10 0.999952 0.00288568 -0.00936271 0.992534 -0.00284381 0.999986 0.00448216 -0.0682429 0.00937552 -0.00445532 0.999946 0.101094
285 288 113 0.999649 0.00367545 -0.0262334 0.990771 -0.00351633 0.999975 0.00610908 -0.112313 0.0262552 -0.00601469 0.999637 0.0758859
285 289 265 0.998331 0.00867504 -0.057104 0.990641 -0.0082544 0.999937 0.007598 -0.136414 0.0571663 -0.00711396 0.998339 0.00458068
285 290 183 0.998896 0.00629829 -0.0465435 0.986767 -0.00597879 0.999958 0.00700063 -0.161692 0.0465856 -0.00671463 0.998892 0.0120932
285 291 269 0.998235 0.0162401 -0.0571195 0.98961 -0.0158754 0.999851 0.00683435 -0.126775 0.057222 -0.0059155 0.998344 -0.067829
285 292 101 0.999332 0.0179296 -0.0318522 0.963852 -0.0178395 0.999836 0.00311067 -0.0832254 0.0319027 -0.00254037 0.999488 -0.253105
285 293 176 0.997471 0.033122 -0.0628851 0.988208 -0.0324591 0.999407 0.0115345 -0.0960124 0.0632298 -0.00946416 0.997954 -0.119271
285 294 118 0.995892 0.0377729 -0.0822888 0.963176 -0.0376097 0.999286 0.00353339 -0.0242377 0.0823636 -0.000424025 0.996602 0.267779
285 295 74 0.998682 0.0474465 -0.0195846 0.987176 -0.0473804 0.99887 0.00382158 -0.0733355 0.0197438 -0.00288861 0.999801 -0.141796
285 296 34 0.998469 0.0542195 -0.0109789 0.92364 -0.0541061 0.998481 0.0103801 -0.0198316 0.011525 -0.00977016 0.999886 -0.382749
285 297 142 0.994584 0.090176 -0.0516737 0.976836 -0.0893175 0.995828 0.0186948 0.027628 0.0531439 -0.0139782 0.998489 0.212199
285 298 175 0.995603 0.0908066 -0.0229868 0.951394 -0.0900473 0.995418 0.0321542 -0.104315 0.0258013 -0.029943 0.999219 -0.289773
285 299 80 0.994647 0.103226 -0.00456267 0.985109 -0.103051 0.994248 0.0291756 -0.0977061 0.0075481 -0.0285493 0.999564 -0.141473
300 301 15 0.99992 0.0102924 0.00732963 -0.596179 -0.0102778 0.999945 -0.00202986 -0.174301 -0.00735012 0.00195437 0.999971 0.783702
300 302 37 0.999896 0.0143785 0.00133491 0.539264 -0.0143734 0.999889 -0.00381495 0.237709 -0.00138962 0.00379537 0.999992 -0.807891
300 303 226 0.999476 0.0124519 0.029886 -0.999929 -0.0123358 0.999916 -0.00406477 -0.0117516 -0.0299341 0.00369397 0.999545 -0.00195656
300 304 59 0.99979 0.0188946 -0.00799066 0.324797 -0.0189706 0.999774 -0.00954839 -0.0177894 0.00780845 0.00969797 0.999922 -0.945617
300 305 40 0.999762 0.0211511 -0.00531406 0.320232 -0.0212399 0.999625 -0.0172604 -0.202505 0.00494699 0.0173692 0.999837 -0.925442
300 306 75 0.999821 0.0184286 0.00424542 -0.879456 -0.0183032 0.999444 -0.0278838 0.0712364 -0.00475692 0.0278011 0.999602 0.470619
300 307 48 0.999678 0.0122811 -0.0221833 0.329662 -0.0128965 0.99953 -0.0278134 -0.00978794 0.0218313 0.0280906 0.999367 -0.944048
300 308 49 0.999686 0.0105694 -0.0227089 0.8321 -0.0112573 0.999475 -0.0303816 -0.0591785 0.0223759 0.0306277 0.99928 -0.551459
300 309 58 0.999804 0.000459111 -0.0198137 0.986951 -0.00103199 0.999581 -0.0289128 -0.161 0.0197922 0.0289276 0.999386 0.00271927
300 310 117 0.996092 0.000309607 -0.0883256 0.978288 -0.00207752 0.999799 -0.0199247 -0.165967 0.0883017 0.0200303 0.995892 -0.124127
300 311 105 0.999494 -0.0210615 -0.0238276 -0.82718 0.0202462 0.999218 -0.0339564 0.301206 0.0245241 0.0334568 0.999139 -0.474393
300 312 45 0.997688 0.00250702 -0.0679143 0.800711 -0.00449698 0.999565 -0.029164 -0.0621558 0.0678116 0.029402 0.997265 -0.595818
300 313 41 0.997845 -0.00720728 -0.0652202 0.910936 0.00470701 0.999251 -0.0384086 -0.0680126 0.0654482 0.0380189 0.997131 -0.406903
300 314 43 0.99579 -0.00813623 -0.0913027 0.459397 0.00458963 0.999229 -0.0389873 0.202945 0.0915495 0.0384041 0.99506 -0.864736
315 316 28 0.999808 -0.0105572 -0.0165338 0.675881 0.0107234 0.999893 0.00999326 -0.720208 0.0164265 -0.0101686 0.999813 -0.156479
315 317 182 0.999431 -0.00260828 -0.0336311 0.923947 0.00230562 0.999957 -0.00903491 -0.0443005 0.0336532 0.00895223 0.999393 0.379946
315 318 13 0.999845 -0.00237137 -0.0174701 0.875098 0.0021437 0.999913 -0.0130391 -0.0740442 0.0174995 0.0129997 0.999762 -0.478248
315 319 17 0.999703 -0.000498663 -0.0243468 0.987118 0.000177438 0.999913 -0.0131941 -0.09283 0.0243512 0.0131859 0.999617 -0.130313
315 320 180 0.999947 -0.00771142 0.00675609 -0.879008 0.00786403 0.999708 -0.0228622 0.238699 -0.00657782 0.0229141 0.999716 -0.412757
315 321 146 0.998555 -0.00341221 -0.0536307 0.99056 0.00254704 0.999866 -0.016192 -0.0380473 0.0536788 0.016032 0.99843 -0.131695
315 322 129 0.998277 -0.00670169 -0.0583004 0.970346 0.0058849 0.999882 -0.0141705 -0.133306 0.0583885 0.013803 0.998199 -0.20164
315 323 136 0.998187 -6.04564e-05 -0.0601834 0.946706 -0.0011452 0.999799 -0.0199984 -0.0589136 0.0601725 0.020031 0.997987 -0.316664
315 324 214 0.99644 -0.0085553 -0.0838703 0.952989 0.00770452 0.999916 -0.0104625 -0.155335 0.0839528 0.00977903 0.996422 -0.26016
315 325 140 0.996466 -0.0017534 -0.0839747 0.969352 2.7123e-05 0.999789 -0.0205538 -0.0134045 0.083993 0.0204789 0.996256 -0.245309
315 326 233 0.994281 -0.00721838 -0.106556 0.966211 0.00664277 0.999961 -0.00575591 -0.132593 0.106593 0.00501516 0.99429 -0.221033
315 327 139 0.995674 -0.00276099 -0.092875 0.968068 0.00160492 0.99992 -0.01252 -0.0693126 0.0929022 0.0123168 0.995599 -0.240914
315 328 204 0.994197 0.00811176 -0.107268 0.974744 -0.00975679 0.999843 -0.0148199 -0.0614129 0.10713 0.0157805 0.99412 -0.214716
315 329 91 0.994823 0.013109 -0.10077 0.998097 -0.0149953 0.999726 -0.0179845 -0.0546159 0.100506 0.0194025 0.994747 -0.0286135
330 331 10 0.99997 -0.00648495 -0.00414937 -0.791209 0.00648881 0.999979 0.000916816 -0.0562386 0.00414334 -0.000943713 0.999991 0.608954
330 332 119 0.999897 -0.00661058 -0.0127744 0.997653 0.00663626 0.999976 0.00196925 -0.0284514 0.012761 -0.00205382 0.999916 -0.0622841
