0 1 0 1 0 0 0 0 1 0 0 0 0 1 0
0 2 331 0.999312 0.0137355 -0.0344383 0.898023 -0.0139102 0.999892 -0.00483941 0.253122 0.0343681 0.00531513 0.999395 -0.359838
0 3 269 0.998885 0.0189821 -0.0432145 0.805526 -0.0191422 0.999811 -0.0032952 0.284612 0.0431438 0.00411875 0.99906 -0.519734
0 4 284 0.997691 0.0214391 -0.0644431 0.82636 -0.0214671 0.99977 0.000258233 0.238759 0.0644338 0.00112577 0.997921 -0.510023
0 5 315 0.996467 0.0232997 -0.0806848 0.881435 -0.0233546 0.999727 0.000263371 0.259323 0.0806689 0.00162192 0.99674 -0.394745
0 6 268 0.996377 0.0267522 -0.0807349 0.852274 -0.0266377 0.999642 0.00249526 0.234607 0.0807728 -0.000335632 0.996732 -0.467534
0 7 244 0.994014 0.0349705 -0.1035 0.856043 -0.0353028 0.999376 -0.00138019 0.279122 0.103388 0.00502578 0.994628 -0.435064
0 8 251 0.992682 0.0356137 -0.115391 0.884023 -0.0347507 0.999351 0.0094828 0.221864 0.115654 -0.00540348 0.993275 -0.411437
0 9 160 0.993059 0.0294868 -0.113862 0.849159 -0.0281784 0.999517 0.0130836 0.22831 0.114193 -0.00978432 0.99341 -0.476238
0 10 242 0.987488 0.0385789 -0.152905 0.904852 -0.0375166 0.999248 0.00982742 0.227208 0.153169 -0.003968 0.988192 -0.360026
0 11 218 0.98686 0.047322 -0.15449 0.901929 -0.0463562 0.998876 0.00985025 0.22413 0.154783 -0.00255924 0.987945 -0.369175
0 12 196 0.981615 0.0597337 -0.181283 0.898224 -0.0595761 0.998204 0.00631942 0.211843 0.181335 0.00459688 0.983411 -0.385118
0 13 150 0.981314 0.06275 -0.181892 0.886603 -0.0615818 0.998029 0.012069 0.209331 0.18229 -0.000642249 0.983245 -0.412451
0 14 169 0.977865 0.0739348 -0.19574 0.900566 -0.0723999 0.997263 0.0149949 0.210979 0.196313 -0.000491422 0.980541 -0.38009
15 16 78 0.999934 -0.000526254 -0.0114766 0.776824 0.000418542 0.999956 -0.00938579 0.281446 0.011481 0.00938037 0.99989 -0.563323
15 17 196 0.998864 0.00505552 -0.0473905 0.841002 -0.00614524 0.999719 -0.0228771 0.386152 0.0472615 0.0231423 0.998614 -0.378948
15 18 236 0.999352 0.0031323 -0.0358604 0.840472 -0.00323058 0.999991 -0.00268319 0.230622 0.0358517 0.0027973 0.999353 -0.490326
15 19 240 0.998281 0.0098288 -0.0577851 0.89182 -0.0100066 0.999946 -0.00278929 0.220068 0.0577545 0.00336273 0.998325 -0.395256
15 20 207 0.99944 0.00324809 -0.0332937 0.740725 -0.00308028 0.999982 0.0050903 0.191101 0.0333097 -0.00498489 0.999433 -0.644056
15 21 201 0.996509 0.00770612 -0.0831306 0.874687 -0.00806987 0.999959 -0.00404059 0.253556 0.0830961 0.00469733 0.99653 -0.413077
15 22 215 0.990991 0.00874851 -0.133644 0.940227 -0.0100418 0.999909 -0.00900635 0.209715 0.133553 0.0102672 0.990988 -0.268316
15 23 162 0.995983 0.0238837 -0.0862954 0.880393 -0.0236856 0.999714 0.00331907 0.151516 0.08635 -0.00126178 0.996264 -0.449389
15 24 165 0.987315 0.0268172 -0.156495 0.937361 -0.0284901 0.999558 -0.0084559 0.146352 0.156199 0.0128072 0.987643 -0.316125
15 25 174 0.984377 0.0323628 -0.173075 0.942799 -0.0364997 0.999118 -0.0207726 0.17397 0.17225 0.0267652 0.98469 -0.284367
15 26 130 0.977855 0.0349034 -0.206355 0.954504 -0.0414411 0.998764 -0.0274439 0.15301 0.205142 0.0353877 0.978092 -0.255948
15 27 100 0.977264 0.0415182 -0.207924 0.958691 -0.0482984 0.998451 -0.0276373 0.117908 0.206454 0.0370513 0.977755 -0.258861
15 28 97 0.969145 0.0465962 -0.242048 0.968738 -0.0586676 0.997355 -0.0429022 0.126076 0.239409 0.0557788 0.969315 -0.213661
15 29 116 0.969371 0.0582794 -0.238587 0.966057 -0.0713894 0.996356 -0.0466737 0.11752 0.234998 0.0622767 0.969999 -0.230049
30 31 129 0.99987 0.00536719 -0.0152269 0.884741 -0.00517387 0.999906 0.0127072 -0.411049 0.0152937 -0.0126267 0.999803 -0.219709
30 32 265 0.99866 0.00595465 -0.0514077 0.997623 -0.0052199 0.999882 0.014415 -0.0652249 0.0514875 -0.0141274 0.998574 -0.0222447
30 33 161 0.997214 0.0114459 -0.073715 0.992686 -0.010713 0.999889 0.0103304 -0.010731 0.0738251 -0.00951186 0.997226 0.120248
30 34 133 0.99676 0.0313949 -0.0740479 0.989051 -0.0312259 0.999506 0.00343927 0.0543629 0.0741193 -0.00111591 0.997249 0.137196
30 35 67 0.989424 0.0437526 -0.138295 0.991912 -0.0441244 0.999026 0.000377454 0.0813202 0.138177 0.00572873 0.990391 0.0974566
30 36 54 0.997039 0.0639674 -0.0426676 0.992664 -0.0624315 0.997385 0.0364093 -0.058634 0.044885 -0.0336377 0.998426 0.105734
30 37 64 0.994042 0.063773 -0.0883974 0.986808 -0.0609328 0.997547 0.0344661 0.0456422 0.0903785 -0.0288745 0.995489 0.155326
30 38 99 0.996108 0.075119 -0.0461188 0.974776 -0.0731744 0.996413 0.0424984 0.0461263 0.0491458 -0.0389582 0.998032 0.218367
30 39 116 0.991616 0.0573735 -0.115785 0.981622 -0.0536246 0.997939 0.0352402 0.0686722 0.117568 -0.0287359 0.992649 0.17805
30 40 73 0.988797 0.0628441 -0.13539 0.97865 -0.0585094 0.997646 0.0357649 0.0513493 0.137319 -0.0274427 0.990147 0.199014
30 41 64 0.991565 0.0743326 -0.106175 0.978141 -0.0700727 0.996601 0.0433092 0.00551558 0.109033 -0.0355039 0.993404 0.207871
30 42 86 0.982494 0.0621795 -0.175609 0.981333 -0.058395 0.997938 0.0266415 0.0378242 0.176903 -0.0159205 0.9841 0.18856
30 43 99 0.982819 0.0623951 -0.173707 0.982503 -0.059758 0.998005 0.0203755 0.0463472 0.174632 -0.00964502 0.984587 0.18039
30 44 74 0.990419 0.0684988 -0.119909 0.979944 -0.066809 0.997602 0.0180608 0.0618972 0.120859 -0.00987675 0.992621 0.189415
45 46 0 1 0 0 0 0 1 0 0 0 0 1 0
45 47 224 0.999326 0.0128069 -0.0344072 0.969176 -0.0127524 0.999917 0.00180408 0.17675 0.0344274 -0.00136409 0.999406 -0.171628
45 48 185 0.998848 0.0226211 -0.0423136 0.984931 -0.0223057 0.99972 0.00791288 -0.0359546 0.0424807 -0.00695993 0.999073 -0.169171
45 49 228 0.996285 0.0297379 -0.0808171 0.98001 -0.0294817 0.999556 0.00436223 0.0368716 0.0809109 -0.0019634 0.996719 -0.1955
45 50 166 0.996113 0.0341678 -0.0811936 0.979973 -0.0328045 0.999298 0.0180659 -0.0346675 0.081754 -0.0153321 0.996535 -0.196088
45 51 127 0.990166 0.0419782 -0.133453 0.981558 -0.0404375 0.999081 0.0142352 0.0727542 0.133928 -0.00869872 0.990953 -0.176776
45 52 94 0.994205 0.0392324 -0.100091 0.986387 -0.0368159 0.998987 0.0258782 0.0539626 0.101005 -0.0220433 0.994642 -0.155336
45 53 75 0.993731 0.0445329 -0.102546 0.979208 -0.0406168 0.998375 0.0399665 0.0578846 0.104159 -0.0355509 0.993925 -0.194425
45 54 126 0.982099 0.0789006 -0.171043 0.998629 -0.0704166 0.995993 0.0551226 0.0299209 0.174707 -0.0420916 0.98372 -0.0429561
45 55 47 0.957137 0.108295 -0.268627 0.999714 -0.0958268 0.99364 0.0591406 0.00573732 0.273323 -0.030864 0.961427 0.0231989
45 56 30 0.989682 0.13154 0.0568035 0.0645941 -0.134288 0.989798 0.0476137 -0.0984055 -0.0499609 -0.0547504 0.997249 -0.993048
45 57 117 0.982235 0.130073 -0.13526 0.999498 -0.124323 0.990973 0.0501622 -0.0316523 0.140564 -0.0324552 0.98954 0.00142233
45 58 82 0.979811 0.146634 -0.135902 0.992661 -0.144214 0.989163 0.0275421 0.118455 0.138468 -0.00738717 0.990339 0.024329
45 59 54 0.974543 0.157721 -0.159342 0.999475 -0.150232 0.986943 0.0580793 0.0239545 0.166422 -0.0326625 0.985513 0.0218303
60 61 179 0.999558 0.0162037 -0.0249283 0.885049 -0.016529 0.99978 -0.0128959 0.417286 0.0247138 0.0133023 0.999606 0.206302
60 62 137 0.99915 0.0244252 -0.0332108 0.927131 -0.0247075 0.999662 -0.00811617 0.167604 0.0330013 0.00892983 0.999415 0.335168
60 63 139 0.998539 0.0331566 -0.042673 0.890684 -0.0337495 0.999342 -0.0132494 0.211753 0.0422056 0.0146703 0.999001 0.402297
60 64 118 0.996049 0.0319982 -0.0828452 0.950934 -0.0341586 0.999109 -0.024792 0.242865 0.081978 0.0275239 0.996254 0.191679
60 65 95 0.999085 0.0333838 -0.0267353 0.657324 -0.0334793 0.999434 -0.00313325 0.00528787 0.0266156 0.00402546 0.999638 0.753589
60 66 96 0.998251 0.0235011 -0.0542533 0.842637 -0.0238219 0.999702 -0.00527358 -0.0381139 0.0541133 0.00655677 0.998513 0.537132
60 67 94 0.996729 0.0208126 -0.078087 0.898387 -0.0218209 0.999689 -0.0120803 -0.0023013 0.0778113 0.0137447 0.996873 0.4392
60 68 100 0.994798 0.0234404 -0.0991328 0.898881 -0.0247644 0.99962 -0.0121464 -0.0147038 0.0988104 0.0145381 0.995 0.437947
60 69 93 0.993384 0.0295977 -0.110957 0.878994 -0.0315256 0.99938 -0.0156603 0.0141517 0.110425 0.0190547 0.993702 0.476622
60 70 118 0.988868 0.0267105 -0.146381 0.933786 -0.0277725 0.999601 -0.00521599 -0.0687404 0.146183 0.00922329 0.989215 0.351168
60 71 85 0.993071 0.0304828 -0.113492 0.862563 -0.0316451 0.999463 -0.00845407 -0.0545096 0.113174 0.011987 0.993503 0.503004
60 72 78 0.975366 0.015807 -0.220024 0.924447 -0.0193742 0.999713 -0.0140644 -0.0257584 0.219738 0.0179808 0.975393 0.380439
60 73 75 0.976655 0.0328862 -0.212282 0.900785 -0.032348 0.999459 0.00600856 -0.117476 0.212364 0.000998601 0.97719 0.418073
60 74 78 0.986229 0.0474509 -0.15843 0.851418 -0.048818 0.998796 -0.00474606 -0.109569 0.158014 0.0124149 0.987359 0.512916
75 76 22 0.999862 0.0158283 -0.00506527 -0.45806 -0.0158434 0.99987 -0.0029686 0.230533 0.00501763 0.00304844 0.999983 -0.858508
75 77 175 0.999181 0.0146413 -0.0377198 0.907527 -0.0145992 0.999892 0.00139259 -0.3653 0.0377361 -0.000840772 0.999287 0.207245
75 78 101 0.999398 0.0171645 -0.0301403 0.82062 -0.0175092 0.999784 -0.0112091 -0.372544 0.0299414 0.0117301 0.999483 0.433351
75 79 133 0.999323 0.0193031 -0.031314 0.769007 -0.019879 0.999637 -0.0181855 -0.307039 0.0309516 0.0187957 0.999344 0.560674
75 80 112 0.998825 0.0252255 -0.0413684 0.807226 -0.0260719 0.999459 -0.0200494 -0.323138 0.0408403 0.0211044 0.998943 0.493931
75 81 119 0.999145 0.0260086 -0.0321372 0.772287 -0.0269322 0.999227 -0.0286499 -0.354498 0.0313672 0.0294909 0.999073 0.527166
75 82 123 0.998406 0.0272862 -0.049402 0.830889 -0.02876 0.999155 -0.0293718 -0.369977 0.0485588 0.0307458 0.998347 0.41562
75 83 132 0.997953 0.0246697 -0.0589943 0.824933 -0.0265424 0.999161 -0.0311751 -0.340835 0.0581758 0.0326771 0.997771 0.450908
75 84 83 0.997095 0.0296272 -0.0701724 0.830985 -0.0319547 0.998968 -0.032281 -0.356463 0.0691436 0.0344296 0.997012 0.427081
75 85 88 0.997031 0.0283275 -0.0715945 0.81258 -0.0313334 0.998659 -0.0412173 -0.347446 0.0703309 0.0433383 0.996582 0.46797
75 86 110 0.996709 0.0308829 -0.0749428 0.845523 -0.0342496 0.998442 -0.0440625 -0.339557 0.0734652 0.0464843 0.996214 0.412059
75 87 96 0.995956 0.0389982 -0.0809341 0.825121 -0.0428373 0.998011 -0.046253 -0.344169 0.0789693 0.049533 0.995646 0.448021
75 88 137 0.992353 0.0475877 -0.113891 0.870597 -0.0529139 0.99762 -0.0442069 -0.345021 0.111517 0.0498952 0.992509 0.350744
75 89 100 0.995782 0.0402949 -0.0824266 0.845773 -0.0449347 0.997462 -0.0552317 -0.330783 0.0799918 0.0587026 0.995065 0.418629
90 91 0 1 0 0 0 0 1 0 0 0 0 1 0
90 92 0 1 0 0 0 0 1 0 0 0 0 1 0
90 93 171 0.999143 0.0211615 -0.0355727 0.991495 -0.020803 0.999729 0.0104173 0.0457521 0.0357835 -0.00966837 0.999313 0.121838
90 94 113 0.9991 0.0228778 -0.0357222 0.983553 -0.0223595 0.99964 0.0148411 0.0338956 0.0360489 -0.014029 0.999252 0.177408
90 95 74 0.999019 0.033487 -0.0289678 0.986492 -0.0326736 0.999071 0.0281126 0.0734482 0.0298823 -0.0271386 0.999185 0.146422
90 96 133 0.992915 0.0517237 -0.106983 0.981492 -0.0495588 0.998511 0.0227981 0.191186 0.108003 -0.0173347 0.993999 -0.0109978
90 97 85 0.995185 0.0673108 -0.0712512 0.990258 -0.0641991 0.996918 0.0450983 0.138808 0.0740672 -0.0403069 0.996438 0.0109983
90 98 13 0.993406 0.114511 0.00558769 -0.957922 -0.114594 0.990268 0.0789752 0.135802 0.00351022 -0.0790948 0.996861 -0.252869
90 99 20 0.996841 0.0792915 0.00466122 -0.122593 -0.0793771 0.99237 0.0943438 0.0810292 0.002855 -0.0944157 0.995529 0.989144
90 100 77 0.991428 0.101222 -0.0826056 0.976889 -0.0937667 0.991551 0.0896308 0.210184 0.0909803 -0.0811168 0.992544 0.0388753
90 101 47 0.991978 0.103124 -0.0731084 0.975084 -0.095656 0.99046 0.0991915 0.217589 0.08264 -0.0914026 0.992379 0.0431892
90 102 60 0.982341 0.134362 -0.130201 0.970034 -0.121556 0.987352 0.101785 0.242645 0.14223 -0.084161 0.986249 -0.0125733
90 103 94 0.982039 0.13786 -0.128816 0.975682 -0.123734 0.985984 0.111915 0.21918 0.142439 -0.0939665 0.985333 -0.00217989
90 104 79 0.980368 0.153232 -0.124088 0.983692 -0.138087 0.982796 0.122657 0.17702 0.140748 -0.103114 0.984661 -0.0318327
105 106 0 1 0 0 0 0 1 0 0 0 0 1 0
105 107 96 0.999611 0.0266467 0.00821951 -0.901147 -0.0267948 0.99947 0.0184714 -0.416266 -0.00772295 -0.0186845 0.999796 -0.121067
105 108 50 0.999544 0.0295074 -0.00635072 -0.802762 -0.0293868 0.9994 0.0183066 -0.19671 0.00688709 -0.0181116 0.999812 -0.562919
105 109 97 0.997182 0.0334689 -0.0671409 0.875449 -0.0331808 0.999435 0.00540251 0.294476 0.0672837 -0.0031595 0.997729 -0.38324
105 110 29 0.999741 0.0152639 -0.0168561 -0.88223 -0.0147261 0.999393 0.0315786 -0.14064 0.0173278 -0.0313222 0.999359 -0.449322
105 111 82 0.999311 0.0344568 -0.0138101 -0.854904 -0.0337067 0.998115 0.0512946 -0.299379 0.0155515 -0.0507937 0.998588 -0.423688
105 112 114 0.997697 0.0326503 -0.059454 0.954237 -0.0305322 0.998878 0.0361928 0.267564 0.060569 -0.0342942 0.997575 -0.133574
105 113 139 0.98202 0.0168782 -0.188019 0.954411 -0.0194892 0.999737 -0.012047 0.298309 0.187766 0.0154947 0.982092 0.0105445
105 114 94 0.996497 0.0320557 -0.0772443 0.966777 -0.0302932 0.999256 0.0238828 0.230373 0.0779524 -0.0214591 0.996726 -0.11077
105 115 100 0.99485 0.0276942 -0.0975046 0.973531 -0.0259496 0.99948 0.0191152 0.181711 0.0979834 -0.0164866 0.995051 -0.138627
105 116 106 0.991689 0.0209488 -0.126944 0.988367 -0.0191044 0.999694 0.0157291 0.134959 0.127234 -0.0131732 0.991785 -0.0701243
105 117 60 0.989702 0.0298143 -0.140003 0.987531 -0.0284033 0.999524 0.0120661 0.150782 0.140297 -0.00796528 0.990077 -0.0452472
105 118 37 0.991805 0.0247928 -0.12533 0.991568 -0.0229825 0.99961 0.0158698 0.124325 0.125675 -0.0128593 0.991988 -0.0365571
105 119 35 0.987096 0.00576361 -0.160026 0.999029 -0.0020809 0.999729 0.0231712 -0.0297294 0.160117 -0.0225392 0.986841 -0.0325174
120 121 0 1 0 0 0 0 1 0 0 0 0 1 0
120 122 0 1 0 0 0 0 1 0 0 0 0 1 0
120 123 79 0.999986 -0.00221888 -0.00475095 0.95536 0.00225527 0.999968 0.00766782 -0.288164 0.00473379 -0.00767843 0.999959 -0.0651758
120 124 76 0.999968 -0.00748031 -0.00293716 0.955939 0.0074997 0.99995 0.00664526 -0.261434 0.0028873 -0.00666707 0.999974 0.133543
120 125 93 0.999966 -0.0052332 -0.00633546 0.946394 0.0052756 0.999964 0.00669426 -0.263063 0.0063002 -0.00672745 0.999958 0.187445
120 126 193 0.999708 0.00282567 -0.0239833 0.945189 -0.00268731 0.99998 0.00579914 -0.258194 0.0239992 -0.00573299 0.999696 0.199883
120 127 59 0.999983 0.00533622 0.00229676 0.918374 -0.0053216 0.999966 -0.00632513 -0.303161 -0.00233043 0.0063128 0.999977 0.254326
120 128 132 0.99987 0.00903297 -0.0133712 0.96376 -0.0090337 0.999959 5.75355e-06 -0.263748 0.0133707 0.000115039 0.999911 -0.0400581
120 129 149 0.999474 0.00888967 -0.0311892 0.955555 -0.00861566 0.999923 0.00890891 -0.239035 0.031266 -0.00863551 0.999474 0.172559
120 130 111 0.998835 0.00618583 -0.047852 0.938324 -0.0053929 0.999846 0.0166819 -0.314913 0.0479478 -0.0164044 0.998715 0.142752
120 131 47 0.999435 -0.0222134 -0.0252343 0.196444 0.022088 0.999742 -0.00524071 -0.500864 0.0253442 0.00468037 0.999668 -0.842938
120 132 145 0.998908 0.00249534 -0.046647 0.958583 -0.00225756 0.999984 0.00514949 -0.26006 0.0466591 -0.00503856 0.998898 0.116137
120 133 38 0.999114 0.00165681 -0.0420543 0.965293 -0.00143917 0.999985 0.00520501 -0.232837 0.0420624 -0.00513988 0.999102 -0.118308
120 134 55 0.998054 -0.00192251 -0.0623327 0.950483 0.00238836 0.99997 0.00739994 -0.211479 0.0623166 -0.00753441 0.998028 0.227726
135 136 59 0.999749 0.00377654 -0.0220653 0.905339 -0.0036735 0.999982 0.00470827 0.0930719 0.0220827 -0.00462603 0.999745 -0.414365
135 137 103 0.999513 0.00888819 -0.0299276 0.866208 -0.00859189 0.999913 0.0100148 0.294344 0.0300141 -0.00975282 0.999502 -0.40379
135 138 117 0.99858 0.00710005 -0.0527904 0.931756 -0.00581934 0.999686 0.0243745 0.137716 0.0529469 -0.0240327 0.998308 -0.335953
135 139 116 0.997986 0.0167469 -0.0611918 0.905267 -0.0148645 0.999406 0.031089 0.123425 0.0616761 -0.0301168 0.997642 -0.40652
135 140 222 0.995285 0.0267809 -0.0932261 0.944606 -0.0235324 0.999083 0.0357719 0.120068 0.0940986 -0.0334094 0.995002 -0.305454
135 141 87 0.995295 0.0273634 -0.0929474 0.940593 -0.0236959 0.998905 0.040335 0.142897 0.0939494 -0.0379428 0.994854 -0.308001
135 142 90 0.993763 0.0314763 -0.106978 0.933192 -0.0264586 0.998497 0.0480043 0.151942 0.108328 -0.0448744 0.993102 -0.325678
135 143 144 0.991675 0.0414644 -0.121908 0.934566 -0.0350576 0.997912 0.0542385 0.154949 0.123902 -0.0495131 0.991058 -0.320276
135 144 107 0.990315 0.0486991 -0.130018 0.94399 -0.0412154 0.997369 0.0596432 0.146682 0.132581 -0.0537068 0.989716 -0.295578
135 145 111 0.989353 0.0575756 -0.133663 0.931809 -0.0496911 0.996864 0.0615947 0.157084 0.13679 -0.054297 0.989111 -0.327196
135 146 125 0.985493 0.0752511 -0.152122 0.942212 -0.0657792 0.995624 0.0663737 0.143296 0.156451 -0.0554043 0.98613 -0.302826
135 147 65 0.986684 0.080856 -0.141127 0.940977 -0.072041 0.995182 0.0664987 0.147234 0.145823 -0.0554463 0.987756 -0.304768
135 148 72 0.984223 0.0933721 -0.150287 0.93476 -0.084671 0.994396 0.0633032 0.159293 0.155355 -0.0495795 0.986614 -0.317569
135 149 119 0.978127 0.100685 -0.182016 0.920262 -0.0913459 0.994069 0.0590071 0.157751 0.186878 -0.04109 0.981523 -0.358096
150 151 0 1 0 0 0 0 1 0 0 0 0 1 0
150 152 142 0.998453 -0.0029321 -0.0555249 0.975576 0.00284647 0.999995 -0.0016212 0.21461 0.0555293 0.00146065 0.998456 0.0468385
150 153 39 0.998463 -0.00830555 -0.0547918 0.982673 0.00830369 0.999965 -0.000261559 0.104043 0.0547921 -0.000193817 0.998498 0.153389
150 154 14 0.998929 -0.00995223 -0.0451968 -0.997602 0.0096692 0.999932 -0.0064765 -0.0616057 0.0452582 0.00603254 0.998957 -0.0315434
150 155 37 0.997732 -0.015173 -0.0655816 0.871924 0.0141776 0.999778 -0.015617 0.0839371 0.065804 0.0146518 0.997725 -0.482394
150 156 49 0.995649 -0.0128636 -0.0922898 0.959424 0.0113321 0.99979 -0.0170991 0.10332 0.0924904 0.0159789 0.995585 -0.262355
150 157 109 0.992494 -0.0139018 -0.121503 0.913733 0.0118713 0.999778 -0.0174202 0.0861355 0.121718 0.0158471 0.992438 -0.397079
150 158 161 0.989741 -0.0142374 -0.14216 0.89952 0.0124658 0.999833 -0.0133449 0.0691534 0.142326 0.0114359 0.989754 -0.431371
150 159 34 0.993172 -0.0141557 -0.115793 0.950688 0.0137969 0.999897 -0.00389886 0.169131 0.115836 0.00227465 0.993266 0.259974
150 160 48 0.996686 -0.0200729 -0.0788263 -0.975805 0.0197394 0.999793 -0.00500772 -0.0322796 0.0789105 0.00343514 0.996876 -0.216248
150 161 64 0.986231 -0.0019149 -0.165362 0.944197 0.000552603 0.999966 -0.00828387 0.12089 0.165372 0.00807843 0.986198 -0.306393
150 162 100 0.981511 0.00585692 -0.191315 0.976802 -0.00670755 0.99997 -0.00379892 0.093265 0.191287 0.00501194 0.981521 -0.192768
150 163 69 0.981864 0.00809621 -0.189415 0.956543 -0.00835327 0.999965 -0.00055881 0.132159 0.189404 0.00213091 0.981897 -0.259921
150 164 99 0.976661 0.0084104 -0.214621 0.982029 -0.00694487 0.999947 0.00758156 0.118406 0.214673 -0.0059141 0.976668 -0.146964
165 166 11 0.999939 0.00658966 -0.00888221 0.986584 -0.00656146 0.999973 0.00320056 -0.0220882 0.00890306 -0.00314209 0.999955 0.161752
165 167 18 0.999754 0.0146953 -0.0165911 0.9738 -0.0145086 0.999831 0.0113166 -0.037215 0.0167546 -0.0110731 0.999798 0.22434
165 168 284 0.998066 0.0227346 -0.0578552 0.979212 -0.021757 0.999611 0.017472 -0.0643078 0.0582299 -0.0161794 0.998172 0.192377
165 169 237 0.997508 0.0309544 -0.0633997 0.963484 -0.0300962 0.999443 0.0144468 -0.0508863 0.0638115 -0.0125028 0.997884 0.262887
165 170 113 0.997843 0.0362337 -0.0547312 0.938003 -0.0353983 0.999243 0.0161582 -0.10682 0.0552752 -0.014186 0.99837 0.329758
165 171 114 0.998074 0.0369978 -0.049795 -0.881997 -0.0359135 0.999102 0.0224962 0.0929314 0.0505826 -0.0206646 0.998506 -0.462001
165 172 181 0.993027 0.0455553 -0.108732 0.951461 -0.0421711 0.998558 0.0332248 -0.114869 0.110089 -0.0284078 0.993516 0.28553
165 173 95 0.990272 0.057543 -0.126692 0.945553 -0.0537707 0.998008 0.0329996 -0.156453 0.128339 -0.0258662 0.991393 0.285397
165 174 106 0.98571 0.0670502 -0.154533 0.944423 -0.0633705 0.99758 0.0286216 -0.159106 0.156078 -0.0184197 0.987573 0.287664
165 175 122 0.987711 0.0762209 -0.136444 0.863931 -0.0741524 0.997043 0.0201861 -0.118549 0.137579 -0.00982042 0.990442 0.489459
165 176 83 0.986029 0.0800154 -0.146095 0.903404 -0.0784809 0.996783 0.0162462 -0.207866 0.146925 -0.00455355 0.989137 0.375038
165 177 151 0.981833 0.0784458 -0.172772 0.951619 -0.0772218 0.996918 0.0138052 -0.23498 0.173323 -0.000212632 0.984865 0.198003
165 178 136 0.978581 0.0830224 -0.188378 0.951537 -0.0814756 0.996548 0.0159539 -0.185109 0.189052 -0.000264029 0.981967 0.245586
165 179 144 0.979772 0.0783901 -0.184123 0.935784 -0.0760465 0.996908 0.0197665 -0.183494 0.185103 -0.00536475 0.982704 0.301063
180 181 12 0.999974 0.00654632 0.00289349 -0.811233 -0.0065557 0.999973 0.00324429 0.129454 -0.00287218 -0.00326318 0.999991 -0.570213
180 182 115 0.999781 0.00658468 -0.0198785 0.964728 -0.00642861 0.999948 0.00790483 -0.0996976 0.0199295 -0.0077753 0.999771 0.243638
180 183 268 0.998637 0.00229223 -0.052139 0.99044 -0.00174367 0.999943 0.0105643 -0.100694 0.0521602 -0.010459 0.998584 0.0942798
180 184 50 0.999581 0.00775045 -0.0278959 0.866203 -0.00756253 0.999948 0.00683581 -0.164821 0.0279474 -0.00662198 0.999587 0.471726
180 185 206 0.997873 0.0100041 -0.0644102 0.98552 -0.00976488 0.999944 0.00402765 -0.100025 0.0644469 -0.00339013 0.997915 0.136913
180 186 85 0.998958 0.00463771 -0.045406 0.938953 -0.00445509 0.999982 0.00412248 -0.107444 0.0454243 -0.0039159 0.99896 0.326837
180 187 75 0.998219 0.00616908 -0.0593385 0.96813 -0.00584546 0.999967 0.00562573 -0.115891 0.0593712 -0.00526885 0.998222 0.222021
180 188 190 0.995582 0.0139947 -0.0928446 0.977021 -0.013066 0.999858 0.0106032 -0.102127 0.0929799 -0.00934323 0.995624 0.187081
180 189 29 0.997404 0.0114473 -0.071098 0.984169 -0.0106512 0.999876 0.0115659 -0.109744 0.0712216 -0.0107786 0.997402 0.139171
180 190 98 0.994185 0.0208778 -0.10564 0.97329 -0.0185293 0.99956 0.0231636 -0.106634 0.106077 -0.0210714 0.994135 0.203311
180 191 48 0.994449 0.0217639 -0.102948 0.974389 -0.0193846 0.999523 0.0240561 -0.116919 0.103423 -0.0219269 0.994396 0.192082
180 192 39 0.994231 0.0299033 -0.103007 0.974704 -0.0278042 0.999377 0.0217543 -0.108701 0.103593 -0.0187648 0.994443 0.195284
180 193 49 0.994341 0.037882 -0.0992528 0.966692 -0.036038 0.999144 0.0203068 -0.126501 0.0999371 -0.016615 0.994855 0.222496
180 194 40 0.991507 0.0364985 -0.12483 0.988037 -0.0341824 0.999202 0.0206471 -0.13287 0.125484 -0.0162048 0.991963 0.0782822
195 196 20 0.99998 0.00503496 0.00391555 -0.813382 -0.0050374 0.999987 0.000612603 0.160845 -0.00391241 -0.000632314 0.999992 -0.559051
195 197 172 0.999891 0.0063982 0.0133268 -0.972688 -0.00639058 0.999979 -0.000614269 0.102418 -0.0133305 0.000529036 0.999911 0.208298
195 198 77 0.999627 0.0152633 -0.0226551 0.989367 -0.0151386 0.999869 0.00566725 -0.119411 0.0227386 -0.00532217 0.999727 -0.0830287
195 199 61 0.99944 0.027282 -0.0193998 0.994943 -0.0271691 0.999612 0.00605931 -0.0734003 0.0195576 -0.00552883 0.999793 -0.0685671
195 200 108 0.997792 0.0324951 -0.0579251 0.991141 -0.0321113 0.999456 0.00754496 -0.132814 0.0581387 -0.00566825 0.998292 0.000692077
195 201 57 0.99806 0.0538691 -0.0312033 0.983994 -0.0540927 0.998516 -0.00636546 -0.0454773 0.030814 0.00804098 0.999493 -0.1723
195 202 162 0.996132 0.0581495 -0.0658779 0.995911 -0.0587647 0.998244 -0.00743761 -0.0642934 0.0653298 0.0112801 0.9978 -0.0634616
195 203 133 0.995559 0.0660259 -0.0670993 0.97938 -0.0667435 0.997734 -0.00850696 -0.0791627 0.0663856 0.0129476 0.99771 -0.185874
195 204 98 0.994298 0.0691492 -0.0811803 0.974757 -0.0700437 0.99751 -0.00821994 -0.05295 0.0804097 0.0138592 0.996666 -0.216899
195 205 64 0.994418 0.0672501 -0.0812991 0.977514 -0.0680554 0.997656 -0.00717222 -0.0384695 0.0806262 0.012665 0.996664 -0.207331
195 206 149 0.991802 0.0675611 -0.108463 0.983961 -0.0682788 0.997662 -0.0029133 -0.0257582 0.108013 0.0102951 0.994096 -0.176514
195 207 50 0.993635 0.0776314 -0.0816258 0.980464 -0.078591 0.99687 -0.00860418 -0.00563635 0.0807023 0.0149645 0.996626 -0.196618
195 208 106 0.989683 0.0671694 -0.126552 0.995955 -0.0687634 0.997599 -0.0082642 -0.0195552 0.125693 0.0168811 0.991925 -0.0877036
195 209 74 0.988467 0.0759273 -0.131025 0.981376 -0.0775252 0.996965 -0.00713026 0.0307113 0.130086 0.0172058 0.991353 -0.189628
210 211 11 0.999913 -0.005041 -0.0121507 0.779069 0.00507296 0.999984 0.00260066 -0.0275653 0.0121374 -0.00266207 0.999923 0.626332
210 212 117 0.998885 -0.0110595 -0.0459014 0.997073 0.0112873 0.999925 0.00470566 -0.0684181 0.0458459 -0.00521852 0.998935 0.0341204
210 213 211 0.995566 -0.00577436 -0.0938862 0.978248 0.00570873 0.999983 -0.000967533 -0.00115727 0.0938902 0.000427272 0.995582 0.207437
210 214 64 0.9981 -0.0146774 -0.0598426 0.889652 0.0145592 0.999891 -0.00241018 -0.14745 0.0598715 0.00153434 0.998205 0.432179
210 215 51 0.998335 -0.00928752 -0.0569296 0.936192 0.00877162 0.999918 -0.00930524 -0.124254 0.0570114 0.00879038 0.998335 0.328794
210 216 148 0.9939 -0.00580684 -0.110132 0.991065 0.00540468 0.999978 -0.00394979 -0.124268 0.110152 0.00333047 0.993909 0.0484479
210 217 91 0.994433 -0.00666458 -0.105159 0.985556 0.00616807 0.999968 -0.00504607 -0.157795 0.105189 0.00436935 0.994443 0.0614797
210 218 94 0.991353 -0.00257555 -0.131196 0.973929 0.00212818 0.999991 -0.00355007 -0.161235 0.131204 0.00324016 0.99135 0.159576
210 219 144 0.986229 0.00708693 -0.165231 0.975221 -0.00659026 0.999972 0.00355398 -0.173132 0.165251 -0.00241612 0.986249 0.137729
210 220 168 0.984775 0.0105142 -0.173516 0.96278 -0.00970485 0.999938 0.00551209 -0.177372 0.173563 -0.00374423 0.984816 0.203946
210 221 157 0.976348 0.0206496 -0.215214 0.969599 -0.017593 0.999715 0.0161086 -0.187246 0.215486 -0.0119413 0.976434 0.157536
210 222 152 0.977569 0.0237783 -0.209271 0.952424 -0.0210195 0.99966 0.0153974 -0.202978 0.209566 -0.0106533 0.977736 0.227351
210 223 100 0.973953 0.0370564 -0.2237 0.916065 -0.0348906 0.999298 0.0136278 -0.212811 0.224048 -0.00546786 0.974563 0.339908
210 224 129 0.969594 0.0481942 -0.239928 0.931715 -0.045893 0.998831 0.0151723 -0.237535 0.240379 -0.00369996 0.970672 0.274743
225 226 68 0.999894 0.00503924 -0.0136784 0.839157 -0.00501495 0.999986 0.00180981 -0.257047 0.0136873 -0.00174102 0.999905 0.479315
225 227 83 0.999766 0.00585888 -0.0208461 0.990755 -0.00590876 0.99998 -0.0023318 -0.123383 0.020832 0.00245443 0.99978 0.0563987
225 228 132 0.999087 0.0161522 -0.039552 0.960563 -0.0161927 0.999869 -0.000705495 -0.138432 0.0395355 0.00134531 0.999217 0.241153
225 229 85 0.999739 0.0103919 -0.0203514 0.844286 -0.0103253 0.999941 0.0033748 -0.188744 0.0203853 -0.00316379 0.999787 0.501555
225 230 84 0.998486 0.00733021 -0.0545135 0.906043 -0.00709032 0.999964 0.00459259 -0.125333 0.0545453 -0.00419912 0.998502 0.4042
225 231 82 0.998303 0.00788761 -0.0576885 0.912793 -0.00774868 0.999967 0.00263152 -0.122393 0.0577073 -0.00218005 0.998331 0.389653
225 232 68 0.998234 0.00752007 -0.058918 0.967103 -0.00728947 0.999965 0.00412783 -0.0986367 0.058947 -0.00369106 0.998254 0.234484
225 233 67 0.997643 0.00460178 -0.0684621 0.918843 -0.00417608 0.999971 0.0063599 -0.096205 0.0684894 -0.00605901 0.997633 0.382717
225 234 70 0.997819 0.000423622 -0.0660049 0.8907 0.000256018 0.999947 0.010288 -0.104472 0.0660058 -0.0102825 0.997766 0.442425
225 235 278 0.995025 0.00870913 -0.0992406 0.954961 -0.00737727 0.999878 0.0137796 -0.0921848 0.0993485 -0.012979 0.994968 0.282049
225 236 212 0.992638 0.0173927 -0.119863 0.951427 -0.0155778 0.99975 0.0160626 -0.093002 0.120112 -0.0140771 0.99266 0.293492
225 237 135 0.992528 0.0148757 -0.121106 0.962077 -0.0128868 0.999769 0.0171897 -0.0826626 0.121334 -0.0155005 0.992491 0.259951
225 238 213 0.991543 0.0193467 -0.128331 0.965999 -0.0167796 0.999638 0.021055 -0.0785064 0.128691 -0.0187236 0.991508 0.246338
225 239 112 0.990427 0.0184277 -0.136804 0.938919 -0.0151778 0.999578 0.0247612 -0.0886902 0.137202 -0.0224478 0.990289 0.332514
240 241 172 0.999563 0.00493167 -0.0291569 0.990071 -0.00481109 0.99998 0.00420448 -0.120472 0.029177 -0.00406237 0.999566 -0.072431
240 242 114 0.999697 0.00613664 -0.0238265 0.983425 -0.00603974 0.999973 0.00413687 -0.0402908 0.0238513 -0.00399171 0.999708 -0.176782
240 243 101 0.999316 0.0120022 -0.0349876 0.995748 -0.0118422 0.999918 0.00477532 -0.0607129 0.0350421 -0.00435772 0.999376 0.069284
240 244 98 0.998214 0.0167303 -0.0573485 0.986395 -0.0163859 0.999845 0.00647087 -0.115416 0.0574479 -0.00551961 0.998333 0.117066
240 245 235 0.995032 0.0262246 -0.0960359 0.996262 -0.0256368 0.999644 0.00734924 -0.0824368 0.0961945 -0.00485068 0.995351 0.0257941
240 246 178 0.995007 0.0273495 -0.0959812 0.995547 -0.0267509 0.999614 0.00751829 -0.0751327 0.0961498 -0.00491317 0.995355 0.0569358
240 247 99 0.995285 0.0294599 -0.0924133 0.991061 -0.0287437 0.999546 0.00907093 -0.128275 0.0926385 -0.00637186 0.995679 0.0366594
240 248 167 0.989816 0.0409268 -0.136341 0.989848 -0.0397334 0.999145 0.0114644 -0.100207 0.136693 -0.00593033 0.990596 0.100795
240 249 163 0.98715 0.0492461 -0.152016 0.981397 -0.0477449 0.998768 0.0135122 -0.120041 0.152494 -0.00608054 0.988286 0.149832
240 250 67 0.981932 0.0584663 -0.179975 0.921441 -0.0589541 0.998257 0.0026424 -0.037078 0.179816 0.0080156 0.983668 0.386745
240 251 38 0.988326 0.0518749 -0.143247 0.970452 -0.0524823 0.998622 -0.000462445 -0.185726 0.143026 0.007975 0.989687 0.154045
240 252 56 0.985518 0.0650593 -0.156596 0.97848 -0.0675813 0.997655 -0.0108292 -0.155099 0.155524 0.0212553 0.987603 0.136094
240 253 60 0.986953 0.0711223 -0.14445 0.982084 -0.0736853 0.997204 -0.0124651 -0.147106 0.14316 0.0229463 0.989434 0.117774
240 254 81 0.984712 0.0728986 -0.158203 0.981854 -0.0756501 0.997069 -0.011432 -0.14508 0.156905 0.0232253 0.987341 0.122122
255 256 28 0.999927 0.00572807 0.0106834 -0.882667 -0.00579441 0.999964 0.0061896 -0.0460992 -0.0106475 -0.00625105 0.999924 -0.467733
255 257 143 0.998792 0.00972439 -0.0481705 0.948342 -0.00969041 0.999953 0.000938924 0.31532 0.0481773 -0.000470998 0.998839 0.0349468
255 258 16 0.999851 0.00545986 -0.0163781 0.737842 -0.0051357 0.999791 0.0197696 0.0214692 0.0164826 -0.0196825 0.99967 0.674632
255 259 69 0.999415 0.00870108 -0.033081 0.909971 -0.00796942 0.999722 0.0221852 0.158825 0.0332649 -0.0219086 0.999206 0.38305
255 260 61 0.999687 0.00697635 -0.0240261 -0.814185 -0.00616497 0.999414 0.033681 -0.0856165 0.024247 -0.0335224 0.999144 -0.574258
255 261 76 0.99772 0.00671823 -0.0671498 0.849234 -0.00471496 0.99954 0.0299469 0.075651 0.0673202 -0.0295621 0.997293 0.522569
255 262 72 0.997089 0.00340758 -0.0761755 0.893811 -0.00121742 0.999585 0.0287795 0.0112704 0.076242 -0.028603 0.996679 0.448303
255 263 76 0.996126 0.0150993 -0.086636 0.902487 -0.012936 0.999592 0.0254776 0.0217647 0.0869853 -0.0242582 0.995914 0.430166
255 264 75 0.992492 0.0101718 -0.121884 0.924396 -0.00740263 0.999705 0.023151 0.00393168 0.122084 -0.0220749 0.992274 0.381414
255 265 87 0.991199 0.00864678 -0.132094 0.905397 -0.00595049 0.999766 0.020793 -0.0254508 0.132243 -0.019824 0.991019 0.423803
255 266 125 0.988572 0.018285 -0.149637 0.92374 -0.0159554 0.999732 0.0167546 -0.0197532 0.149903 -0.0141756 0.988599 0.382511
255 267 69 0.987298 0.024265 -0.157014 0.916059 -0.0214557 0.999578 0.0195623 -0.0649178 0.157423 -0.015945 0.987403 0.395756
255 268 58 0.986605 0.0219403 -0.161643 0.896156 -0.0191328 0.999638 0.0189051 -0.0946879 0.162 -0.0155592 0.986668 0.433518
255 269 87 0.961721 0.0565425 -0.268134 0.922103 -0.0528853 0.998383 0.0208484 -0.072178 0.268879 -0.00587002 0.963156 0.380154
270 271 33 0.999858 0.00929009 -0.0140693 0.4892 -0.00921361 0.999942 0.005491 -0.287233 0.0141195 -0.00536059 0.999886 0.823517
270 272 64 0.999699 0.00586737 -0.0238346 0.69996 -0.00579627 0.999979 0.00305118 -0.382446 0.023852 -0.00291211 0.999711 0.60315
270 273 109 0.997985 0.0321531 -0.0547072 0.833616 -0.0320665 0.999483 0.00245983 -0.265961 0.054758 -0.000700601 0.998499 0.484096
270 274 63 0.999623 0.0220491 -0.0163437 0.694745 -0.0221106 0.999749 -0.0035953 -0.365828 0.0162603 0.00395532 0.99986 0.619273
270 275 71 0.998559 0.0289566 -0.0451913 0.808549 -0.0288855 0.99958 0.00222501 -0.264631 0.0452368 -0.000916426 0.998976 0.525564
270 276 61 0.999186 0.0245618 -0.0320114 0.774989 -0.0246088 0.999697 -0.00107688 -0.323203 0.0319753 0.00186377 0.999487 0.543077
270 277 86 0.997241 0.030609 -0.067624 0.864921 -0.0305707 0.999531 0.0016016 -0.233299 0.0676414 0.000470138 0.99771 0.44439
270 278 61 0.99883 0.0284766 -0.039092 0.75875 -0.0285808 0.999589 -0.00210939 -0.260942 0.0390159 0.0032242 0.999233 0.596832
270 279 53 0.998148 0.0203128 -0.0573411 0.810563 -0.0204473 0.999789 -0.00176127 -0.251443 0.0572932 0.00293048 0.998353 0.528927
270 280 65 0.996064 0.0436311 -0.0771549 0.893952 -0.0437251 0.999043 0.000471993 -0.218226 0.0771017 0.00290347 0.997019 0.391442
270 281 58 0.997315 0.0386215 -0.0622134 0.796306 -0.0385272 0.999254 0.00271509 -0.205883 0.0622719 -0.000310892 0.998059 0.568779
270 282 82 0.995005 0.0334881 -0.0940433 0.866465 -0.0328105 0.999423 0.00874258 -0.198184 0.0942818 -0.0056133 0.99553 0.458216
270 283 75 0.994692 0.032171 -0.0977389 0.817441 -0.0315069 0.999469 0.00833125 -0.185848 0.097955 -0.00520758 0.995177 0.545206
270 284 47 0.996752 0.0317791 -0.073995 0.815219 -0.0313923 0.999487 0.00638434 -0.219922 0.0741599 -0.00404072 0.997238 0.535773
285 286 232 0.999685 0.0065503 -0.0242325 0.961093 -0.00649209 0.999976 0.00247988 -0.0213713 0.0242482 -0.00232178 0.999703 -0.275398
285 287 0 1 0 0 0 0 1 0 0 0 0 1 0
285 288 199 0.999321 0.00227084 -0.0367813 0.994611 -0.0020341 0.999977 0.00647266 -0.0997855 0.0367951 -0.00639345 0.999302 0.0281375
285 289 240 0.998652 0.00723992 -0.051396 0.989085 -0.00688619 0.999951 0.00705605 -0.145907 0.0514446 -0.00669262 0.998653 0.0205605
285 290 207 0.997828 0.0196184 -0.0628903 0.985893 -0.019456 0.999806 0.00319371 -0.0893675 0.0629408 -0.00196318 0.998015 0.141524
285 291 108 0.9992 0.0148773 -0.0371201 0.983413 -0.0147658 0.999886 0.00327743 -0.125932 0.0371646 -0.00272671 0.999305 -0.130541
285 292 87 0.999754 0.014124 -0.0170787 0.975583 -0.0141011 0.9999 0.00145847 -0.0754586 0.0170976 -0.00121729 0.999853 -0.20626
285 293 59 0.998647 0.0267633 -0.0445849 0.978287 -0.0264042 0.999614 0.00862434 -0.041062 0.0447985 -0.00743545 0.998968 -0.203145
285 294 99 0.99809 0.0393634 -0.0476194 0.988634 -0.0390804 0.999213 0.00686009 -0.0840448 0.0478519 -0.004986 0.998842 0.124657
285 295 149 0.99787 0.0510931 -0.0405692 0.981474 -0.0508663 0.998684 0.00660481 -0.0932002 0.0408532 -0.00452714 0.999155 -0.167399
285 296 35 0.996945 0.0740431 -0.0248625 0.995459 -0.0737372 0.997193 0.0130034 0.00386891 0.0257555 -0.0111304 0.999606 -0.0951167
285 297 29 0.997497 0.0702075 -0.00835382 0.963108 -0.0699915 0.997263 0.0238207 -0.0662985 0.0100033 -0.0231764 0.999681 -0.260821
285 298 146 0.994849 0.0936163 -0.0388896 0.992737 -0.0924085 0.995214 0.031778 -0.0805324 0.0416784 -0.0280206 0.998738 -0.0893719
285 299 166 0.994016 0.10554 -0.0281521 0.990595 -0.104594 0.993961 0.033187 -0.111255 0.0314847 -0.0300439 0.999053 -0.0796519
300 301 0 1 0 0 0 0 1 0 0 0 0 1 0
300 302 0 1 0 0 0 0 1 0 0 0 0 1 0
300 303 18 0.999863 0.0159283 0.00448623 -0.999418 -0.0159059 0.999861 -0.00499097 0.00354325 -0.0045651 0.00491893 0.999977 -0.0339183
300 304 16 0.999909 0.0128444 0.0041915 -0.977312 -0.0128012 0.999866 -0.0101754 0.205506 -0.00432164 0.0101209 0.999939 -0.0512681
300 305 41 0.999923 0.0120205 -0.0031547 0.937162 -0.0120686 0.999804 -0.0157069 -0.249477 0.00296528 0.0157438 0.999872 -0.243903
300 306 30 0.999649 0.0262497 0.00362509 -0.876313 -0.0261421 0.999291 -0.0270864 -0.012992 -0.00433353 0.0269821 0.999627 0.481568
300 307 52 0.999725 0.0148998 -0.0180988 0.982616 -0.0154134 0.999473 -0.0285802 -0.146071 0.0176634 0.0288513 0.999428 -0.114582
300 308 58 0.999467 0.0138361 -0.0295583 0.902759 -0.0146844 0.999481 -0.0286787 -0.0955841 0.0291461 0.0290975 0.999152 -0.419391
300 309 74 0.998842 0.0084857 -0.0473479 0.987797 -0.00970181 0.999627 -0.0255141 -0.116626 0.0471137 0.0259439 0.998553 -0.10323
300 310 71 0.998746 9.72281e-05 -0.0500663 0.997032 -0.00156767 0.999569 -0.0293314 -0.0750315 0.0500418 0.0293731 0.998315 0.017227
300 311 49 0.998395 0.00261658 -0.0565824 0.983275 -0.00429478 0.999554 -0.0295582 -0.0512002 0.0564798 0.0297538 0.99796 -0.174784
300 312 57 0.998114 -0.000780326 -0.0613852 0.978457 -0.00104949 0.999556 -0.0297708 -0.0907438 0.0613812 0.029779 0.99767 -0.185437
300 313 49 0.997373 -0.003566 -0.0723449 0.993155 0.00086779 0.999304 -0.0372936 -0.0482908 0.0724276 0.0371329 0.996682 -0.10635
300 314 47 0.995109 -0.00570897 -0.0986145 0.933727 0.00213069 0.999337 -0.0363528 -0.113043 0.0987566 0.0359649 0.994461 -0.339669
315 316 15 0.999921 -0.0109214 -0.00619574 0.608848 0.0109055 0.999937 -0.00260095 -0.289731 0.00622376 0.00253318 0.999977 -0.738485
315 317 144 0.999389 -0.0137661 -0.032142 0.833756 0.0139821 0.999881 0.00650644 -0.551139 0.0320486 -0.00695187 0.999462 -0.0331103
315 318 117 0.999997 -0.000261341 -0.00253332 -0.786405 0.000223495 0.999889 -0.014928 0.176556 0.00253694 0.0149274 0.999885 -0.591941
315 319 127 0.99934 -0.00595632 -0.0358246 0.845117 0.00575115 0.999966 -0.00582755 -0.267115 0.0358581 0.00561767 0.999341 -0.463063
315 320 194 0.997188 -0.00786292 -0.0745319 0.928495 0.00830235 0.99995 0.00558786 -0.354207 0.0744843 -0.00619094 0.997203 -0.111511
315 321 139 0.998239 -0.00702006 -0.05891 0.951015 0.00628863 0.999901 -0.0125922 -0.114578 0.0589925 0.0121995 0.998184 -0.287129
315 322 91 0.998283 -0.00819544 -0.0580048 0.985986 0.00724807 0.999837 -0.0165242 -0.107783 0.0581308 0.0160754 0.99818 -0.127338
315 323 214 0.997666 0.000510714 -0.0682806 0.967578 -0.00177106 0.999829 -0.018399 -0.0627412 0.0682595 0.018477 0.997496 -0.244656
315 324 198 0.999517 -0.02052 0.0233282 -0.865776 0.0211958 0.999352 -0.0291025 0.191656 -0.0227159 0.0295829 0.999304 -0.462277
315 325 173 0.996211 -0.0074356 -0.086645 0.960892 0.0060883 0.999857 -0.0158035 -0.0702899 0.0867501 0.0152161 0.996114 -0.267853
315 326 114 0.996439 -0.00478979 -0.0841768 0.946588 0.00358723 0.999889 -0.0144316 -0.0598886 0.0842366 0.0140782 0.996346 -0.316834
315 327 188 0.99449 0.00318964 -0.104783 0.970273 -0.00447452 0.999918 -0.0120295 -0.0553351 0.104736 0.0124321 0.994422 -0.2356
315 328 102 0.99464 4.92097e-05 -0.103403 0.960565 -0.00137452 0.999918 -0.0127457 -0.0826607 0.103393 0.0128195 0.994558 -0.265485
315 329 178 0.99342 0.00255714 -0.114502 0.947223 -0.00361162 0.999953 -0.00900275 -0.119852 0.114474 0.00935705 0.993382 -0.29733
330 331 0 1 0 0 0 0 1 0 0 0 0 1 0
330 332 103 0.999904 -0.00810457 -0.0111948 0.943872 0.00814371 0.999961 0.00345493 -0.0768618 0.0111663 -0.00354577 0.999931 -0.321244
330 333 43 0.999943 -0.01063 -0.000516564 0.92976 0.0106289 0.999941 -0.00212709 -0.151955 0.000539145 0.00212148 0.999998 0.335344
330 334 81 0.999633 -0.00374845 -0.0268431 0.990381 0.00359379 0.999977 -0.0058074 -0.121024 0.0268642 0.0057088 0.999623 0.0670769
330 335 54 0.999897 -0.00453262 -0.0136309 0.96315 0.00439701 0.999941 -0.0099628 -0.0503847 0.0136753 0.00990184 0.999857 -0.264204
330 336 79 0.999886 -0.00699711 -0.0134158 0.935052 0.00684587 0.999913 -0.011286 -0.0284591 0.0134936 0.0111928 0.999846 -0.353365
330 337 75 0.999837 -0.00773003 -0.016321 0.982376 0.00748281 0.999857 -0.0151543 -0.0582499 0.0164359 0.0150297 0.999752 -0.177606
330 338 47 0.999599 -0.00686841 -0.0274665 0.936205 0.00633942 0.999794 -0.0193005 -0.069684 0.0275934 0.0191186 0.999436 -0.344477
330 339 71 0.99938 -0.00235614 -0.0351355 0.970303 0.00145834 0.999672 -0.0255562 -0.0745351 0.0351842 0.0254892 0.999056 -0.230122
330 340 99 0.999288 -0.0028938 -0.0376247 0.947194 0.00168208 0.99948 -0.0321975 -0.046652 0.0376983 0.0321112 0.998773 -0.31725
