0 1 10 0.999977 0.00671661 0.000904238 -0.683557 -0.00671981 0.999971 0.00358701 -0.198539 -0.000880119 -0.00359301 0.999993 -0.702376
0 2 269 0.999513 0.0203922 -0.0236219 0.771347 -0.0205042 0.99978 -0.00450999 0.355006 0.0235247 0.00499214 0.999711 -0.5282
0 3 256 0.999014 0.0185376 -0.0403524 0.751239 -0.0186477 0.999823 -0.0023551 0.289471 0.0403016 0.00310526 0.999183 -0.593167
0 4 218 0.998035 0.0184906 -0.0598677 0.843766 -0.0183599 0.999828 0.00273254 0.225971 0.059908 -0.001628 0.998203 -0.486823
0 5 207 0.997012 0.0271129 -0.0723343 0.852505 -0.0271569 0.999631 0.000375706 0.282008 0.0723178 0.00158979 0.99738 -0.440122
0 6 212 0.996122 0.0307039 -0.0824494 0.856024 -0.0306686 0.999528 0.00169537 0.247903 0.0824626 0.000839816 0.996594 -0.453615
0 7 175 0.995048 0.0290461 -0.0950541 0.845977 -0.0285683 0.999571 0.00638314 0.223394 0.0951987 -0.003636 0.995452 -0.484168
0 8 214 0.991886 0.0375728 -0.121451 0.892056 -0.0368897 0.999288 0.00786922 0.22375 0.12166 -0.00332508 0.992566 -0.392647
0 9 135 0.992853 0.0355776 -0.113916 0.857903 -0.034586 0.999345 0.01067 0.238363 0.114221 -0.00665384 0.993433 -0.455176
0 10 195 0.988328 0.0400373 -0.146983 0.908474 -0.0385507 0.999173 0.0129502 0.214167 0.14738 -0.00713275 0.989054 -0.358897
0 11 165 0.981586 0.0492249 -0.184567 0.920311 -0.0492364 0.998777 0.0045233 0.212704 0.184564 0.00464741 0.982809 -0.328306
0 12 143 0.982016 0.0592356 -0.179266 0.907268 -0.0589166 0.998238 0.00710789 0.208823 0.179372 0.00358172 0.983775 -0.365045
0 13 130 0.980834 0.0631123 -0.18434 0.888042 -0.0622021 0.998006 0.0107224 0.209031 0.184649 0.000949388 0.982804 -0.409497
0 14 129 0.977226 0.0770233 -0.197727 0.901514 -0.0761374 0.997024 0.0120906 0.223028 0.19807 0.00323922 0.980183 -0.370852
15 16 249 0.999614 0.0032611 -0.0275839 0.689597 -0.00424963 0.999348 -0.0358547 0.719172 0.027449 0.0359581 0.998976 -0.0851261
15 17 168 0.999646 -0.00417281 -0.0262937 0.784336 0.00387092 0.999926 -0.0115219 0.287249 0.0263398 0.011416 0.999588 -0.549823
15 18 206 0.999867 0.0113967 -0.0116546 0.634308 -0.0113135 0.99991 0.00717833 0.0872168 0.0117353 -0.00704552 0.999906 -0.768145
15 19 217 0.999012 0.00548538 -0.0440939 0.849519 -0.00567285 0.999975 -0.0041276 0.279471 0.0440701 0.00437366 0.999019 -0.447453
15 20 183 0.99752 0.000628824 -0.0703784 0.890245 -0.000686407 0.999999 -0.000794009 0.205851 0.0703779 0.000840349 0.99752 -0.406311
15 21 171 0.996119 0.0103831 -0.0874035 0.904037 -0.00994212 0.999936 0.00547887 0.163829 0.0874547 -0.00458863 0.996158 -0.394812
15 22 179 0.996056 0.0189575 -0.0866765 0.893124 -0.0190048 0.999819 0.000280142 0.214802 0.0866661 0.00136823 0.996236 -0.395208
15 23 147 0.994022 0.0238365 -0.106548 0.904138 -0.0241406 0.999707 -0.0015649 0.162943 0.106479 0.00412766 0.994306 -0.394948
15 24 146 0.99089 0.0308176 -0.131103 0.90617 -0.0322707 0.999439 -0.00897263 0.172259 0.130753 0.0131217 0.991328 -0.386243
15 25 138 0.98701 0.0367801 -0.156393 0.929314 -0.0406582 0.998938 -0.0216703 0.194122 0.15543 0.0277475 0.987457 -0.314153
15 26 124 0.979681 0.0372934 -0.197063 0.948486 -0.044276 0.998534 -0.0311456 0.174928 0.195612 0.0392379 0.979896 -0.264149
15 27 98 0.980044 0.0405016 -0.194613 0.952689 -0.0458995 0.998674 -0.0233057 0.102496 0.193411 0.0317733 0.980603 -0.286144
15 28 102 0.972686 0.0546729 -0.225596 0.967311 -0.0609083 0.997927 -0.0207673 0.0427177 0.223993 0.0339407 0.974 -0.249968
15 29 103 0.957741 0.0555895 -0.28221 0.979572 -0.0716124 0.996335 -0.0467748 0.0983974 0.278575 0.0650078 0.958212 -0.175378
30 31 164 0.999775 0.00423327 -0.0207913 0.94689 -0.00404039 0.999948 0.00931008 -0.180155 0.0208297 -0.00922398 0.99974 -0.266351
30 32 233 0.997653 0.00584379 -0.0682196 0.979083 -0.00406027 0.999647 0.0262532 -0.200844 0.068349 -0.0259146 0.997325 0.0325394
30 33 133 0.998755 0.00415011 -0.0497201 0.980254 -0.00345802 0.999896 0.0139977 -0.0974305 0.049773 -0.0138083 0.998665 0.172074
30 34 121 0.992554 0.030181 -0.118009 0.996522 -0.0294628 0.999535 0.00782641 0.011111 0.11819 -0.00429125 0.992982 0.0825802
30 35 83 0.99675 0.0444622 -0.067182 0.997124 -0.0434964 0.998929 0.0157723 -0.00475896 0.0678113 -0.0127989 0.997616 0.075639
30 36 53 0.991096 0.085459 0.102105 -0.10341 -0.0933278 0.992811 0.074945 -0.247459 -0.094966 -0.0838069 0.991947 0.963364
30 37 74 0.985087 0.0518845 -0.164046 0.999181 -0.0472588 0.998371 0.0319786 0.0312312 0.165438 -0.0237491 0.985934 0.025737
30 38 114 0.994729 0.070802 -0.0741765 0.979772 -0.0678376 0.996822 0.0417528 0.0454129 0.0768969 -0.0365007 0.996371 0.194894
30 39 121 0.99439 0.0669283 -0.0819096 0.974274 -0.0636838 0.997102 0.0416054 0.0547406 0.0844568 -0.0361557 0.995771 0.218618
30 40 67 0.991522 0.0695858 -0.109734 0.980232 -0.0647522 0.996793 0.047018 0.0144238 0.112654 -0.0395139 0.992848 0.197324
30 41 58 0.985105 0.0688507 -0.157566 0.988512 -0.0634075 0.997213 0.0393214 0.0160106 0.159834 -0.0287449 0.986725 0.150294
30 42 92 0.992752 0.0681692 -0.0989801 0.980906 -0.0662453 0.997547 0.0225992 0.0641501 0.100278 -0.0158785 0.994833 0.183598
30 43 80 0.988426 0.0674897 -0.135866 0.982042 -0.06553 0.997673 0.0188499 0.0595051 0.136822 -0.00972842 0.990548 0.179034
30 44 86 0.982685 0.0698147 -0.171627 0.988946 -0.0667067 0.997488 0.0238173 0.0331031 0.172859 -0.0119563 0.984874 0.144537
45 46 211 0.9994 0.0029034 -0.0345116 0.956599 -0.00300148 0.999992 -0.00279076 0.186838 0.0345032 0.00289267 0.9994 -0.223628
45 47 216 0.998772 0.0107901 -0.0483603 0.986764 -0.0104216 0.999915 0.00786532 -0.0541855 0.0484411 -0.00735167 0.998799 -0.152845
45 48 166 0.998376 0.0185532 -0.0538613 0.996982 -0.0184041 0.999825 0.00326241 0.0723448 0.0539124 -0.00226585 0.998543 -0.0281683
45 49 176 0.997332 0.0291292 -0.0669353 0.981267 -0.0287541 0.999565 0.00656019 0.0202937 0.0670973 -0.00461803 0.997736 -0.19158
45 50 159 0.995067 0.0317063 -0.0940042 0.979947 -0.0312101 0.99949 0.00674462 0.0794439 0.0941701 -0.00377746 0.995549 -0.182738
45 51 114 0.992882 0.037337 -0.113094 0.978224 -0.0363106 0.999279 0.0111226 0.100318 0.113428 -0.00693687 0.993522 -0.181699
45 52 82 0.991282 0.0498352 -0.121972 0.991086 -0.0464994 0.998466 0.0300462 0.0321665 0.123282 -0.0241126 0.992079 -0.129284
45 53 85 0.978355 0.0481244 -0.20126 0.98931 -0.0419693 0.998515 0.0347413 0.0542837 0.202633 -0.0255426 0.978922 -0.135345
45 54 102 0.987661 0.0750741 -0.137441 0.999724 -0.0672431 0.995884 0.0607654 -0.00132678 0.141438 -0.0507737 0.988644 -0.0234583
45 55 48 0.989055 0.100482 -0.108044 0.997147 -0.0941345 0.993606 0.0623396 -0.0200251 0.113617 -0.0514866 0.99219 0.0727776
45 56 78 0.970939 0.205878 0.122032 -0.790352 -0.209066 0.977804 0.0137824 0.292457 -0.116486 -0.0388946 0.99243 -0.538343
45 57 111 0.979439 0.135477 -0.149483 0.999744 -0.129649 0.990392 0.0481109 -0.0172386 0.154565 -0.0277413 0.987593 0.0146787
45 58 80 0.980865 0.161978 -0.10801 0.995718 -0.155661 0.985695 0.0646104 -0.0633734 0.116931 -0.0465612 0.992048 0.0673018
45 59 35 0.981454 0.18163 0.0613086 -0.3859 -0.185404 0.980654 0.0627929 -0.208506 -0.0487174 -0.0729952 0.996142 -0.898669
60 61 97 0.999928 0.00753248 -0.00933552 0.860163 -0.00754494 0.999971 -0.00129994 0.0910973 0.00932546 0.00137028 0.999956 0.501818
60 62 114 0.999064 0.0263361 -0.0343224 0.840336 -0.0271465 0.999358 -0.0233648 0.44228 0.033685 0.0242747 0.999138 0.313407
60 63 94 0.999377 0.0283492 -0.0210163 0.783462 -0.0284251 0.99959 -0.00332112 0.0652226 0.0209136 0.00391644 0.999774 0.618008
60 64 88 0.999055 0.0294897 -0.0319297 0.837071 -0.0296413 0.999551 -0.00428779 0.0459436 0.0317889 0.00523017 0.999481 0.545162
60 65 77 0.998454 0.0287968 -0.0475516 0.88233 -0.0290616 0.999566 -0.00488592 0.0195857 0.0473903 0.0062603 0.998857 0.470224
60 66 91 0.997932 0.0231147 -0.0599736 0.864401 -0.0237262 0.999673 -0.00950429 0.0288423 0.0597343 0.0109076 0.998155 0.501975
60 67 78 0.996714 0.0262227 -0.0766456 0.89357 -0.0273791 0.999526 -0.0140766 0.0293906 0.0762402 0.0161288 0.996959 0.44796
60 68 69 0.996711 0.0242654 -0.0773152 0.840647 -0.0261121 0.999395 -0.022964 0.0820372 0.0767112 0.0249074 0.996742 0.535333
60 69 75 0.994792 0.0227814 -0.0993434 0.877555 -0.0239834 0.999653 -0.010922 -0.0492438 0.0990601 0.0132477 0.994993 0.47694
60 70 71 0.994068 0.0318348 -0.103994 0.871149 -0.0328881 0.999423 -0.00842878 -0.0553241 0.103666 0.011799 0.994542 0.487893
60 71 90 0.991034 0.0264383 -0.130969 0.906647 -0.028534 0.999493 -0.014151 -0.028945 0.130528 0.0177612 0.991285 0.420897
60 72 63 0.990932 0.0366757 -0.129259 0.847492 -0.0376603 0.999277 -0.00518078 -0.0866162 0.128975 0.0100017 0.991597 0.523694
60 73 68 0.985169 0.034128 -0.168157 0.861473 -0.0373467 0.999174 -0.0160148 -0.0330063 0.167471 0.0220574 0.98563 0.506729
60 74 63 0.98747 0.049505 -0.14984 0.816591 -0.0510812 0.998672 -0.00668628 -0.0958858 0.14931 0.0142565 0.988688 0.569196
75 76 0 1 0 0 0 0 1 0 0 0 0 1 0
75 77 104 0.99959 0.00963089 -0.0269467 0.826205 -0.00978653 0.999936 -0.00565002 -0.287262 0.0268906 0.00591142 0.999621 0.484629
75 78 87 0.999558 0.0142544 -0.0260879 0.832005 -0.0146196 0.999797 -0.0138633 -0.390434 0.025885 0.0142386 0.999564 0.394118
75 79 117 0.999273 0.0210044 -0.0318287 0.797844 -0.021566 0.999616 -0.0174059 -0.323254 0.0314508 0.0180796 0.999342 0.508873
75 80 112 0.998874 0.02947 -0.0371692 0.786405 -0.0302062 0.999355 -0.0194025 -0.356244 0.0365735 0.0205034 0.999121 0.504637
75 81 101 0.998969 0.0237007 -0.0387191 0.785281 -0.0248077 0.99929 -0.0283655 -0.329105 0.0380193 0.0292968 0.998847 0.524428
75 82 115 0.998403 0.0263508 -0.0499623 0.8092 -0.0278473 0.999177 -0.029497 -0.356639 0.0491439 0.0308412 0.998315 0.466908
75 83 103 0.998587 0.0222767 -0.0482481 0.79566 -0.0238871 0.999168 -0.0330615 -0.35552 0.0474714 0.0341673 0.998288 0.490439
75 84 66 0.997301 0.029 -0.0674563 0.799312 -0.0312694 0.998972 -0.0328324 -0.351514 0.0664348 0.0348531 0.997182 0.487379
75 85 98 0.996064 0.0330124 -0.0822632 0.838217 -0.0362256 0.998626 -0.0378787 -0.340429 0.0808997 0.0407096 0.995891 0.426028
75 86 87 0.996451 0.0314168 -0.0780912 0.845972 -0.0349081 0.998432 -0.0437525 -0.331175 0.0765942 0.0463232 0.995986 0.417918
75 87 94 0.994848 0.0353187 -0.095028 0.844042 -0.0394839 0.998324 -0.0423139 -0.338576 0.0933743 0.045848 0.994575 0.415883
75 88 84 0.994585 0.0420977 -0.0950223 0.847484 -0.0470157 0.997636 -0.0501247 -0.335591 0.0926875 0.0543208 0.994212 0.411278
75 89 99 0.989398 0.0513325 -0.135855 0.898283 -0.0572596 0.997554 -0.0400842 -0.317073 0.133465 0.0474383 0.989917 0.304223
90 91 14 0.999985 0.00485665 -0.00249908 -0.00378713 -0.00484936 0.999984 0.00291274 -0.161468 0.00251318 -0.00290058 0.999993 0.986871
90 92 19 0.999926 0.0118851 -0.00265499 -0.199174 -0.0118665 0.999906 0.00692073 -0.0650531 0.00273699 -0.00688872 0.999973 0.977803
90 93 22 0.999803 0.0192587 -0.00469956 -0.77629 -0.0191955 0.999729 0.0131373 0.14936 0.0049513 -0.0130445 0.999903 -0.612426
90 94 76 0.999464 0.0258034 -0.0201711 0.970145 -0.0254374 0.999511 0.0181922 -0.0124048 0.0206306 -0.0176693 0.999631 0.242208
90 95 79 0.998305 0.0488814 -0.0315829 0.972507 -0.0479004 0.998368 0.0311051 0.0145768 0.0330518 -0.0295395 0.999017 -0.232418
90 96 99 0.998251 0.0476146 -0.0350371 0.990991 -0.0462135 0.99814 0.039767 0.076136 0.0368654 -0.0380783 0.998595 0.110187
90 97 15 0.997513 0.0700127 0.00814262 -0.950364 -0.0703627 0.995912 0.0566455 -0.079425 -0.00414343 -0.0570776 0.998361 0.300832
90 98 15 0.999642 0.0267496 -0.00111509 -0.0244336 -0.0266592 0.998369 0.0504839 0.342957 0.00246369 -0.050436 0.998724 -0.939033
90 99 30 0.994454 0.104684 0.010158 -0.209257 -0.105175 0.989562 0.098518 0.21153 0.000261264 -0.0990399 0.995083 0.954708
90 100 79 0.991888 0.0971461 -0.0819787 0.971965 -0.0896973 0.991883 0.0901206 0.194366 0.0900682 -0.0820363 0.992551 0.132308
90 101 46 0.992744 0.109632 -0.0493954 0.956048 -0.104107 0.9892 0.103176 0.264435 0.0601733 -0.0972851 0.993436 -0.126675
90 102 69 0.985019 0.125437 -0.118336 0.991477 -0.111242 0.986549 0.119777 0.125665 0.131769 -0.104818 0.985723 -0.0343775
90 103 93 0.98578 0.137644 -0.0963902 0.972909 -0.126063 0.985051 0.117397 0.230919 0.111108 -0.103577 0.988396 -0.0111408
90 104 92 0.977419 0.154392 -0.144274 0.977381 -0.138513 0.983739 0.114335 0.20887 0.15958 -0.0917697 0.98291 -0.0331712
105 106 143 0.999694 0.0156493 0.0191591 -0.893435 -0.0159493 0.999751 0.0156068 -0.44896 -0.01891 -0.0159076 0.999695 -0.0144581
105 107 42 0.999711 0.0236154 -0.00439004 -0.917439 -0.0235615 0.999651 0.0119487 -0.252414 0.00467068 -0.0118418 0.999919 -0.30756
105 108 48 0.999391 0.0337526 -0.00883906 -0.636621 -0.0336055 0.999302 0.0162971 -0.0760003 0.00938297 -0.0159901 0.999828 -0.767423
105 109 75 0.998896 0.0304801 -0.0357551 0.726446 -0.030003 0.999454 0.0138063 0.303187 0.0361564 -0.0127183 0.999265 -0.616729
105 110 47 0.999432 0.0312991 -0.0124979 -0.47914 -0.0308484 0.998919 0.0347627 -0.0293981 0.0135724 -0.0343574 0.999317 -0.877246
105 111 111 0.995623 0.0315426 -0.0879714 0.902029 -0.0298286 0.99934 0.0207313 0.37819 0.0885673 -0.0180165 0.995907 -0.208127
105 112 97 0.997632 0.033431 -0.0601029 0.953339 -0.0312708 0.998843 0.03653 0.260975 0.0612546 -0.0345641 0.997524 -0.151777
105 113 99 0.994148 0.0276984 -0.104417 0.975584 -0.0254539 0.999417 0.0227671 0.217465 0.104987 -0.019976 0.994273 -0.03075
105 114 83 0.995968 0.0318829 -0.0838546 0.966635 -0.0299623 0.999261 0.0240632 0.202819 0.0845599 -0.0214537 0.996187 -0.156462
105 115 68 0.994764 0.0300219 -0.0976894 0.978822 -0.0281878 0.999401 0.0201011 0.196166 0.0982343 -0.0172422 0.995014 -0.0585407
105 116 69 0.996321 0.0191019 -0.0835438 0.987433 -0.0174741 0.999644 0.0201727 0.153595 0.0838993 -0.0186387 0.9963 0.0372028
105 117 57 0.990943 0.0200029 -0.132784 0.992229 -0.0181146 0.999717 0.0154133 0.123627 0.133055 -0.0128683 0.991025 -0.0140905
105 118 52 0.985092 0.0244856 -0.170277 0.994074 -0.0224581 0.999652 0.013823 0.102624 0.170556 -0.00979282 0.985299 0.035856
105 119 36 0.850577 0.0112878 -0.525729 0.973561 0.0646995 0.989927 0.125932 -0.204323 0.521855 -0.141129 0.841279 0.102136
120 121 45 0.999988 -0.00403856 0.00274993 0.425229 0.004044 0.99999 -0.00197582 -0.147506 -0.00274193 0.00198692 0.999994 -0.892985
120 122 63 0.999982 -0.00404599 0.00449115 0.945844 0.00402919 0.999985 0.00374297 -0.210276 -0.00450622 -0.00372481 0.999983 0.247313
120 123 45 0.999918 -0.00702173 0.0107492 0.957963 0.00699303 0.999972 0.00270518 -0.240375 -0.0107679 -0.00262979 0.999939 0.15661
120 124 68 0.999965 -0.00837541 -0.00056908 0.957376 0.00837853 0.999949 0.00571711 -0.255721 0.000521168 -0.00572167 0.999983 0.134308
120 125 47 0.999983 -0.00580234 -0.00114269 0.945757 0.00580988 0.999961 0.00670873 -0.295786 0.00110372 -0.00671525 0.999977 0.134369
120 126 157 0.999839 0.00282406 -0.017727 0.926486 -0.00269965 0.999972 0.00703852 -0.324688 0.0177463 -0.00698953 0.999818 0.190266
120 127 45 0.999978 0.00416589 0.00510733 0.915826 -0.0041319 0.999969 -0.00664956 -0.310816 -0.00513488 0.00662831 0.999965 0.254277
120 128 58 0.999944 0.0105406 0.000406625 0.461013 -0.0105391 0.999938 -0.00354162 0.176065 -0.00044393 0.00353714 0.999994 -0.869751
120 129 120 0.999444 0.0107741 -0.0315473 0.970081 -0.0104356 0.999886 0.0108756 -0.193712 0.0316609 -0.0105403 0.999443 -0.146348
120 130 68 0.999461 0.0021247 -0.0327461 0.92934 -0.00184701 0.999962 0.00850818 -0.219959 0.0327629 -0.00844311 0.999427 0.296556
120 131 30 0.999627 0.00262643 -0.027198 0.937219 -0.00257768 0.999995 0.00182734 -0.339596 0.0272026 -0.00175655 0.999628 0.0793482
120 132 25 0.999875 -0.0019991 -0.0156586 0.940382 0.00193653 0.99999 -0.00400978 -0.300764 0.0156665 0.00397895 0.999869 0.158815
120 133 90 0.998398 0.0025571 -0.056531 0.953505 -0.00206659 0.99996 0.00873361 -0.263528 0.056551 -0.00860279 0.998363 0.146223
120 134 67 0.997247 0.002384 -0.0741177 0.956943 -0.00151408 0.999929 0.011791 -0.209994 0.0741405 -0.0116464 0.99718 0.200404
135 136 15 0.999969 -0.00338388 -0.00714012 -0.713584 0.00341479 0.999985 0.00432046 -0.107827 0.00712539 -0.00434471 0.999965 0.692222
135 137 100 0.999258 0.00856793 -0.0375445 0.964607 -0.0082204 0.999922 0.009401 0.221744 0.0376221 -0.0090854 0.999251 -0.142695
135 138 92 0.9987 0.0117677 -0.0495913 0.969678 -0.0105467 0.999637 0.0248108 0.187732 0.0498652 -0.0242555 0.998461 -0.156467
135 139 89 0.997821 0.0167487 -0.063817 0.958407 -0.0148153 0.99942 0.0306503 0.156091 0.0642933 -0.0296381 0.997491 -0.238939
135 140 137 0.995949 0.0215934 -0.0872889 0.918951 -0.0184618 0.999162 0.0365257 0.0801792 0.0880045 -0.0347663 0.995513 -0.386134
135 141 79 0.996757 0.0269636 -0.0758211 0.939869 -0.0238534 0.998848 0.0416303 0.170248 0.0768563 -0.0396867 0.996252 -0.296077
135 142 72 0.994464 0.031523 -0.100237 0.842262 -0.0267026 0.998438 0.0490729 0.110294 0.101628 -0.0461247 0.993753 -0.527665
135 143 65 0.993641 0.0354946 -0.106855 0.927006 -0.0296929 0.998022 0.0554051 0.17665 0.10861 -0.0518799 0.99273 -0.33084
135 144 142 0.989614 0.0510452 -0.134385 0.934079 -0.0434319 0.997313 0.0589892 0.135511 0.137035 -0.0525399 0.989172 -0.330353
135 145 136 0.985876 0.0647137 -0.154469 0.937361 -0.0562295 0.996692 0.0586799 0.16915 0.157755 -0.0491654 0.986254 -0.304537
135 146 85 0.986591 0.0762937 -0.144281 0.94719 -0.0674875 0.995602 0.0649814 0.165909 0.148604 -0.0543729 0.987401 -0.274419
135 147 92 0.983795 0.088314 -0.156039 0.938713 -0.0792042 0.994823 0.0636774 0.164966 0.160855 -0.0502865 0.985696 -0.302661
135 148 72 0.984937 0.0841994 -0.151028 0.92639 -0.0755374 0.9952 0.0622117 0.14829 0.155541 -0.0498664 0.98657 -0.346139
135 149 96 0.979423 0.0948588 -0.178138 0.949839 -0.085311 0.994514 0.0605309 0.155019 0.182902 -0.0440882 0.982142 -0.271617
150 151 0 1 0 0 0 0 1 0 0 0 0 1 0
150 152 13 0.99979 -0.0064362 -0.0194535 0.980791 0.00656331 0.999957 0.00647715 -0.07137 0.019411 -0.00660347 0.99979 0.181535
150 153 44 0.999724 -0.0121249 -0.0201098 -0.994387 0.0120964 0.999926 -0.0015418 0.0252957 0.020127 0.00129812 0.999797 0.102737
150 154 36 0.998207 -0.012717 -0.0584946 0.977702 0.0122797 0.999894 -0.00782865 0.0818666 0.058588 0.00709631 0.998257 0.193381
150 155 94 0.992469 -0.00245641 -0.122475 0.97704 8.73891e-05 0.999813 -0.0193445 0.111154 0.1225 0.0191881 0.992283 -0.18176
150 156 53 0.996013 -0.013073 -0.0882465 0.83462 0.0115338 0.999773 -0.0179297 0.103945 0.0884609 0.0168404 0.995937 -0.54093
150 157 59 0.993588 -0.0173646 -0.111716 0.896896 0.0155504 0.999733 -0.0170899 0.0797836 0.111983 0.0152431 0.993593 -0.434985
150 158 39 0.99179 -0.0161342 -0.126858 0.881787 0.0145495 0.999804 -0.0134086 0.0984747 0.127049 0.0114528 0.99183 -0.461253
150 159 76 0.987549 -0.0112038 -0.156909 0.969103 0.010025 0.999915 -0.00830204 0.0903971 0.156989 0.00662567 0.987578 -0.229496
150 160 48 0.996185 -0.0165785 -0.0856829 -0.986003 0.0162573 0.999858 -0.00444426 -0.0543411 0.0857444 0.00303433 0.996313 -0.157626
150 161 76 0.984888 -0.00167772 -0.173184 0.941087 0.000209819 0.999964 -0.00849391 0.103149 0.173192 0.00832922 0.984853 -0.322049
150 162 74 0.981729 0.00283854 -0.190265 0.934815 -0.0035141 0.999989 -0.00321331 0.096697 0.190254 0.00382321 0.981727 -0.341716
150 163 37 0.982541 0.00463212 -0.185987 0.940109 -0.00488904 0.999988 -0.000922775 0.13004 0.185981 0.00181596 0.982552 -0.315095
150 164 80 0.974508 0.0128523 -0.223984 0.956042 -0.0111271 0.999898 0.00896273 0.0892061 0.224077 -0.00624196 0.974552 -0.279331
165 166 16 0.999897 0.0062549 -0.0129365 0.98013 -0.00621922 0.999977 0.00279618 0.0630665 0.0129537 -0.00271544 0.999912 -0.188061
165 167 196 0.998947 0.0143858 -0.043575 0.996438 -0.0139885 0.999858 0.00940929 0.0250679 0.0437042 -0.00878983 0.999006 -0.0805187
165 168 241 0.997999 0.0281841 -0.0566027 0.998741 -0.0272466 0.99948 0.0172655 -0.0496484 0.0570599 -0.0156888 0.998247 -0.00717859
165 169 91 0.998062 0.029864 -0.0545854 0.945469 -0.0291231 0.999473 0.0143191 -0.0996194 0.0549843 -0.0127017 0.998406 0.310103
165 170 100 0.997587 0.0296865 -0.0627527 0.966572 -0.0287661 0.999466 0.0155198 -0.103351 0.0631799 -0.0136772 0.997908 0.234642
165 171 83 0.99629 0.0421379 -0.075044 0.969908 -0.0403296 0.998862 0.0254517 -0.106491 0.0760311 -0.0223307 0.996855 0.218947
165 172 85 0.995046 0.0303315 -0.0946791 0.934399 -0.0280294 0.99928 0.0255511 -0.0801593 0.0953859 -0.0227707 0.99518 0.347092
165 173 90 0.987842 0.0578869 -0.144284 0.972681 -0.0531561 0.997921 0.0364334 -0.168754 0.146093 -0.0283209 0.988865 0.159419
165 174 87 0.98984 0.0751198 -0.12072 0.879883 -0.0723193 0.997005 0.0274206 -0.147692 0.122418 -0.0184117 0.992308 0.451657
165 175 52 0.989703 0.0687528 -0.125543 0.872882 -0.066945 0.997584 0.0185674 -0.156537 0.126516 -0.00997175 0.991914 0.462139
165 176 82 0.986503 0.0689304 -0.148525 0.885946 -0.0678653 0.997619 0.0122337 -0.180013 0.149014 -0.00198895 0.988833 0.427428
165 177 136 0.979076 0.0881241 -0.183421 0.949854 -0.086256 0.996108 0.0181544 -0.216246 0.184307 -0.00195332 0.982867 0.225866
165 178 104 0.982517 0.0813261 -0.167469 0.955064 -0.0801506 0.996688 0.0137777 -0.21039 0.168035 -0.000114017 0.985781 0.208781
165 179 113 0.97993 0.0841531 -0.18071 0.93065 -0.0814708 0.996428 0.022228 -0.193072 0.181935 -0.00705923 0.983285 0.310827
180 181 0 1 0 0 0 0 1 0 0 0 0 1 0
180 182 77 0.999884 0.00504932 -0.0143562 0.874556 -0.00495107 0.999964 0.00687116 -0.0993538 0.0143904 -0.00679928 0.999873 0.474637
180 183 89 0.999693 0.00385856 -0.024467 0.896451 -0.00362565 0.999948 0.00955677 -0.142097 0.0245026 -0.00946513 0.999655 0.419743
180 184 86 0.998744 0.0150735 -0.0477837 0.925583 -0.0147936 0.999871 0.00620587 -0.0777941 0.0478711 -0.00549118 0.998838 0.370465
180 185 81 0.99864 0.00906682 -0.0513429 0.970952 -0.00894455 0.999957 0.00261072 -0.108479 0.0513643 -0.00214793 0.998678 0.213272
180 186 155 0.997458 0.00335769 -0.0711757 0.985143 -0.00282543 0.999967 0.00757749 -0.121377 0.0711988 -0.00735712 0.997435 0.121491
180 187 131 0.995912 0.0111659 -0.0896377 0.987078 -0.0102201 0.999887 0.011003 -0.129952 0.0897505 -0.0100419 0.995914 0.0937517
180 188 137 0.996479 0.011524 -0.0830496 0.981927 -0.010778 0.999897 0.00942507 -0.126502 0.0831497 -0.00849677 0.996501 0.14077
180 189 106 0.995612 0.0137464 -0.0925673 0.990415 -0.0125099 0.999825 0.0139245 -0.105416 0.0927425 -0.0127054 0.995609 0.0892507
180 190 49 0.996122 0.0127936 -0.0870425 0.972325 -0.0110916 0.999738 0.0200087 -0.0922662 0.0872757 -0.0189657 0.996004 0.214642
180 191 98 0.988382 0.0257216 -0.1498 0.95337 -0.0218106 0.999379 0.0276927 -0.0924115 0.15042 -0.0241037 0.988328 0.287307
180 192 79 0.99186 0.0305714 -0.123607 0.984653 -0.0275798 0.999286 0.025842 -0.130111 0.124309 -0.0222226 0.991995 0.116317
180 193 119 0.99081 0.0352006 -0.130604 0.965097 -0.0325026 0.999213 0.0227326 -0.114875 0.131302 -0.0182787 0.991174 0.235356
180 194 93 0.987631 0.0397008 -0.151686 0.986529 -0.0362346 0.999017 0.0255484 -0.135582 0.152552 -0.0197361 0.988098 0.0915278
195 196 48 0.999921 0.00307116 0.0121484 -0.991223 -0.00306557 0.999995 -0.000478961 0.105405 -0.0121498 0.000441682 0.999926 0.0797963
195 197 74 0.999835 0.00929134 -0.015622 0.978559 -0.00924497 0.999953 0.00303837 -0.107477 0.0156495 -0.00289344 0.999873 -0.175703
195 198 67 0.999723 0.0132571 -0.0194461 0.966788 -0.0131398 0.999895 0.00614866 -0.108177 0.0195255 -0.00589144 0.999792 -0.231555
195 199 69 0.999384 0.0306621 -0.0170879 0.993753 -0.0305895 0.999522 0.00449169 -0.0601495 0.0172175 -0.00396621 0.999844 -0.0940094
195 200 71 0.998512 0.0533385 -0.0113583 0.940933 -0.0533838 0.998567 -0.0037252 -0.0173034 0.0111433 0.00432601 0.999929 -0.338149
195 201 57 0.998745 0.0407722 -0.0290759 0.993403 -0.0409016 0.999156 -0.00387084 -0.0871122 0.0288935 0.00505523 0.99957 -0.0745783
195 202 133 0.996231 0.0556344 -0.0665547 0.991803 -0.0561826 0.9984 -0.00639326 -0.0841902 0.0660926 0.0101084 0.997762 -0.0961221
195 203 59 0.996404 0.0585572 -0.0612335 0.979223 -0.059135 0.998221 -0.00766474 -0.0907773 0.0606757 0.0112582 0.998094 -0.181333
195 204 62 0.995012 0.0677705 -0.0732027 0.975938 -0.068518 0.99762 -0.00774614 -0.0638235 0.0725035 0.0127232 0.997287 -0.208499
195 205 49 0.994182 0.0655302 -0.0854908 0.985481 -0.0663549 0.997773 -0.00683796 -0.0346045 0.0848523 0.0124709 0.996315 -0.166224
195 206 126 0.992743 0.0596463 -0.104423 0.992934 -0.0600777 0.998193 -0.000988231 -0.0593203 0.104175 0.00725456 0.994532 -0.102779
195 207 51 0.993554 0.0721658 -0.0874168 0.991217 -0.0730356 0.997306 -0.00678927 -0.0061225 0.0866914 0.01313 0.996149 -0.132103
195 208 81 0.990124 0.0645057 -0.124475 0.993766 -0.065994 0.997789 -0.00786631 -0.0191654 0.123692 0.0160032 0.992192 -0.109829
195 209 78 0.997992 0.05805 0.0253412 -0.941252 -0.0578997 0.9983 -0.00662362 0.0333252 -0.0256826 0.00514307 0.999657 -0.336056
210 211 14 0.999939 -0.00737077 -0.00819038 0.677407 0.00738271 0.999972 0.00142778 0.0634867 0.00817963 -0.00148816 0.999965 0.732864
210 212 129 0.998668 -0.0108248 -0.0504513 0.955538 0.0109705 0.999936 0.00261136 0.025732 0.0504198 -0.00316136 0.998723 0.293742
210 213 165 0.997119 -0.0101134 -0.0751807 0.979138 0.0104502 0.999937 0.00408842 -0.0829513 0.0751346 -0.00486229 0.997162 0.185495
210 214 117 0.996917 -0.0120145 -0.0775375 0.981968 0.012165 0.999925 0.00146957 -0.186912 0.077514 -0.00240828 0.996988 0.0283434
210 215 86 0.993144 -0.0055208 -0.116767 0.991452 0.00541861 0.999985 -0.00119265 -0.126957 0.116771 0.000551762 0.993159 0.0300961
210 216 163 0.992166 -0.00690395 -0.124739 0.991018 0.00680571 0.999976 -0.00121372 -0.128141 0.124744 0.000355272 0.992189 0.0382451
210 217 80 0.993005 -0.0052462 -0.117957 0.98506 0.0048031 0.99998 -0.00404038 -0.143911 0.117976 0.00344556 0.99301 0.0945822
210 218 88 0.990991 0.0051342 -0.13383 0.985231 -0.00567685 0.999977 -0.00367353 -0.14781 0.133808 0.00440016 0.990998 0.0864429
210 219 144 0.986343 0.005609 -0.164606 0.972755 -0.00527413 0.999983 0.00247134 -0.163425 0.164617 -0.00156943 0.986356 0.164439
210 220 123 0.977115 0.00847283 -0.212545 0.972195 -0.00538824 0.999872 0.0150877 -0.193004 0.212645 -0.0135972 0.977035 0.132615
210 221 108 0.979358 0.0134927 -0.201685 0.966262 -0.0106096 0.999826 0.0153693 -0.200665 0.201857 -0.0129123 0.97933 0.161468
210 222 83 0.994509 0.0223599 -0.102234 -0.87475 -0.02325 0.999701 -0.00752209 0.19704 0.102036 0.00985773 0.994732 -0.442706
210 223 46 0.993175 0.0320402 -0.112149 -0.881659 -0.0334923 0.999377 -0.0110872 0.208824 0.111724 0.0147676 0.99363 -0.423167
210 224 56 0.978812 0.0452391 -0.199699 0.921756 -0.0452263 0.998966 0.00462855 -0.240057 0.199702 0.00450115 0.979846 0.30453
225 226 64 0.99988 0.00625102 -0.0142048 0.827669 -0.00622539 0.999979 0.00184814 -0.259943 0.0142161 -0.00175949 0.999897 0.497387
225 227 85 0.999443 0.00940275 -0.0320264 0.895092 -0.0094631 0.999954 -0.00173348 -0.169457 0.0320087 0.00203559 0.999486 0.412425
225 228 64 0.999347 0.0153158 -0.0327133 0.915065 -0.0152072 0.999878 0.00356731 -0.348331 0.0327639 -0.00306751 0.999458 -0.203277
225 229 84 0.999158 0.0140104 -0.0385526 0.951565 -0.013863 0.999896 0.00408711 -0.127989 0.0386058 -0.00354921 0.999248 0.279542
225 230 192 0.997689 0.00861928 -0.0673983 0.939093 -0.00826331 0.99995 0.00555866 -0.120275 0.0674429 -0.00498888 0.997711 0.321931
225 231 76 0.998055 0.00680343 -0.0619599 0.926242 -0.00663495 0.999974 0.00292454 -0.112572 0.0619781 -0.00250775 0.998074 0.359726
225 232 219 0.999849 0.000745716 -0.0173557 -0.963358 -0.000728039 0.999999 0.00102481 0.117583 0.0173564 -0.00101202 0.999849 -0.241073
225 233 141 0.996134 0.00890668 -0.0873925 0.943697 -0.00830433 0.999939 0.0072536 -0.0801499 0.0874518 -0.00649982 0.996148 0.320955
225 234 241 0.994479 0.0103888 -0.104422 0.956422 -0.00935346 0.999902 0.0103997 -0.0931444 0.10452 -0.00936558 0.994479 0.276732
225 235 59 0.997075 0.00647737 -0.0761594 0.900858 -0.00553363 0.999905 0.0125961 -0.117769 0.0762338 -0.0121378 0.997016 -0.417835
225 236 161 0.99276 0.0133167 -0.119375 0.967085 -0.0113638 0.99979 0.017025 -0.110294 0.119577 -0.0155452 0.992703 0.229309
225 237 140 0.991294 0.0168014 -0.130592 0.950249 -0.0146373 0.999739 0.0175136 -0.0999443 0.130853 -0.0154496 0.991281 0.295022
225 238 199 0.987247 0.0228986 -0.15754 0.965726 -0.0196538 0.999562 0.0221242 -0.0647908 0.157978 -0.0187458 0.987265 0.251346
225 239 92 0.99061 0.0173456 -0.135616 0.932037 -0.0143051 0.999625 0.0233625 -0.082411 0.13597 -0.0212031 0.990486 0.352866
240 241 27 0.999989 -0.0046489 0.00101483 -0.783587 0.00464855 0.999989 0.00034819 0.243815 -0.00101644 -0.000343469 0.999999 -0.571441
240 242 120 0.999237 0.00974678 -0.0378264 0.993475 -0.00955892 0.999941 0.0051442 -0.0760443 0.0378743 -0.00477869 0.999271 -0.084997
240 243 181 0.99757 0.0149506 -0.0680532 0.991169 -0.0144612 0.999866 0.00767732 -0.089719 0.0681588 -0.00667453 0.997652 0.097643
240 244 166 0.995977 0.0195832 -0.0874428 0.9914 -0.0189158 0.999785 0.00845487 -0.0938312 0.0875896 -0.00676681 0.996134 0.0912198
240 245 146 0.996454 0.0229511 -0.0809491 0.982627 -0.0223935 0.999719 0.00778992 -0.106187 0.0811051 -0.00594956 0.996688 -0.152209
240 246 125 0.995138 0.0274769 -0.0945813 0.994102 -0.0268512 0.999608 0.00788199 -0.0901283 0.0947608 -0.00530405 0.995486 0.0603186
240 247 74 0.994347 0.0306048 -0.101669 0.994195 -0.029828 0.999513 0.00915201 -0.107427 0.101899 -0.0060677 0.994776 -0.00591063
240 248 145 0.991013 0.0346458 -0.129197 0.992759 -0.0333587 0.99937 0.0121134 -0.11401 0.129535 -0.00769465 0.991545 0.0378271
240 249 135 0.98934 0.0453237 -0.138392 0.986901 -0.0440051 0.998952 0.0125743 -0.129982 0.138817 -0.00635034 0.990298 0.0955567
240 250 70 0.988895 0.0532755 -0.138742 0.983585 -0.0528657 0.99858 0.00664023 -0.148462 0.138898 0.000768194 0.990306 0.102569
240 251 57 0.986476 0.0639431 -0.150917 0.98545 -0.0654296 0.997845 -0.00489983 -0.155385 0.150279 0.014708 0.988534 0.0688763
240 252 74 0.977256 0.0741382 -0.198683 0.979939 -0.0767944 0.997031 -0.00568607 -0.141992 0.197671 0.0208145 0.980047 0.139849
240 253 65 0.985429 0.0737134 -0.153285 0.989102 -0.0763775 0.997012 -0.0115564 -0.145398 0.151975 0.0230955 0.988114 0.0231495
240 254 103 0.982483 0.0809866 -0.167834 0.985215 -0.0841796 0.996379 -0.0119865 -0.133134 0.166255 0.0259047 0.985742 0.10783
255 256 46 0.999912 0.0063685 0.0116709 -0.894212 -0.00646209 0.999947 0.00799977 -0.138428 -0.0116193 -0.00807448 0.9999 -0.425703
255 257 11 0.999938 0.00351785 -0.0105414 0.835368 -0.00335521 0.999876 0.0154073 0.0273955 0.0105943 -0.015371 0.999826 0.549009
255 258 192 0.997689 0.00825959 -0.0674485 0.936689 -0.00773006 0.999937 0.008108 0.187713 0.0675113 -0.00756787 0.99769 0.295597
255 259 133 0.995699 0.0113356 -0.0919489 0.977077 -0.0103286 0.999881 0.0114211 0.165109 0.0920675 -0.0104222 0.995698 0.134385
255 260 55 0.998441 0.006189 -0.0554779 0.969237 -0.00448324 0.999515 0.0308186 0.076707 0.0556417 -0.0305218 0.997984 0.233871
255 261 95 0.990775 0.0101623 -0.135135 0.941855 -0.00784906 0.999814 0.0176396 0.132703 0.135289 -0.0164162 0.99067 0.308704
255 262 127 0.994862 0.00931811 -0.100812 0.930934 -0.00692327 0.999686 0.0240794 0.0674512 0.101005 -0.0232577 0.994614 0.358903
255 263 69 0.996815 0.00593032 -0.0795231 0.900672 -0.00380921 0.999634 0.0267981 0.00566182 0.0796529 -0.0264098 0.996473 0.434462
255 264 68 0.995067 0.00174504 -0.0991906 0.861541 0.000776478 0.999678 0.0253766 -0.0410442 0.099203 -0.0253284 0.994745 0.506027
255 265 65 0.993414 0.00163959 -0.11457 0.907828 0.000896195 0.999756 0.022078 -0.0451214 0.114578 -0.0220353 0.99317 0.416909
255 266 104 0.987386 0.0167326 -0.157443 0.957702 -0.0139362 0.999725 0.0188489 -0.0388721 0.157715 -0.016417 0.987348 0.285123
255 267 75 0.987049 0.0251445 -0.158437 0.899292 -0.0228468 0.999606 0.016307 -0.0453121 0.158785 -0.0124761 0.987234 0.434994
255 268 85 0.982946 0.031412 -0.181191 0.894295 -0.0284511 0.999416 0.0189176 -0.0818565 0.18168 -0.0134399 0.983266 0.439928
255 269 66 0.98729 0.0300547 -0.156062 0.896528 -0.0272431 0.999426 0.0201239 -0.120363 0.156578 -0.0156165 0.987542 0.426322
270 271 0 1 0 0 0 0 1 0 0 0 0 1 0
270 272 24 0.999914 0.010666 -0.00762577 -0.388055 -0.0106848 0.99994 -0.00243179 0.418151 0.00759937 0.00251306 0.999968 -0.821318
270 273 66 0.999602 0.0217367 -0.0179861 0.594486 -0.0218053 0.999756 -0.00362813 -0.339977 0.0179028 0.00401888 0.999832 0.728699
270 274 75 0.999096 0.0271306 -0.0327183 0.811288 -0.0271722 0.99963 -0.0008256 -0.306274 0.0326838 0.00171388 0.999464 0.498004
270 275 65 0.998475 0.0326887 -0.0444847 0.810297 -0.0325772 0.999464 0.00322991 -0.293546 0.0445664 -0.0017758 0.999005 0.507197
270 276 61 0.99893 0.0262058 -0.0381024 0.780369 -0.0262608 0.999655 -0.000942328 -0.283848 0.0380646 0.00194192 0.999273 0.557184
270 277 65 0.999544 0.0300058 0.00336981 0.422419 -0.0299607 0.99947 -0.0127225 -0.195834 -0.00374978 0.0126157 0.999913 0.884992
270 278 65 0.999669 0.0244825 -0.0079359 0.538077 -0.0245209 0.999688 -0.00477537 -0.277059 0.00781651 0.00496838 0.999957 0.79606
270 279 49 0.998277 0.0345324 -0.0474389 0.759303 -0.0349098 0.999365 -0.0071494 -0.2305 0.0471619 0.00879316 0.998849 0.608546
270 280 62 0.996431 0.0295513 -0.0790714 0.877827 -0.0296192 0.999561 0.000314423 -0.212091 0.079046 0.00202873 0.996869 0.429462
270 281 72 0.995933 0.0332284 -0.0837481 0.862539 -0.032867 0.999444 0.00569004 -0.199461 0.0838906 -0.00291434 0.996471 0.465018
270 282 43 0.998233 0.030559 -0.0509519 0.740914 -0.0304454 0.999532 0.00300556 -0.20643 0.0510199 -0.001449 0.998697 0.639088
270 283 57 0.99262 0.0320463 -0.116951 0.868349 -0.0307343 0.999443 0.0130053 -0.203427 0.117303 -0.00931496 0.993053 0.452314
270 284 38 0.998222 0.00792352 -0.0590774 0.83454 -0.00758543 0.999954 0.00594496 -0.239666 0.0591218 -0.00548626 0.998236 0.496088
285 286 12 0.999797 0.0125071 -0.0158035 0.919347 -0.0125943 0.999906 -0.00542848 0.322453 0.0157341 0.00562641 0.99986 0.225443
285 287 139 0.999626 0.00590642 -0.0266832 0.998399 -0.00576352 0.999969 0.00542942 -0.0459864 0.0267144 -0.0052736 0.999629 -0.0329201
285 288 26 0.999999 9.94033e-05 -0.00146656 -0.961185 -9.60464e-05 0.999997 0.00228884 0.07128 0.00146679 -0.00228869 0.999996 0.266537
285 289 88 0.999451 0.00295555 -0.0329955 0.991472 -0.00280111 0.999985 0.00472574 -0.130298 0.033009 -0.00463072 0.999444 -0.00254288
285 290 138 0.998001 0.0152547 -0.061329 0.993914 -0.0150276 0.999878 0.00416159 -0.0981474 0.061385 -0.00323164 0.998109 0.0500206
285 291 185 0.99828 0.0186533 -0.055573 0.987698 -0.0184459 0.999821 0.00424184 -0.0966863 0.0556422 -0.00320945 0.998446 0.122897
285 292 159 0.998415 0.0252324 -0.050305 0.99318 -0.025075 0.999679 0.00375625 -0.0574458 0.0503836 -0.0024889 0.998727 -0.101457
285 293 35 0.999041 0.0207616 -0.0385465 0.961952 -0.0204416 0.999753 0.00867872 -0.105313 0.0387172 -0.00788245 0.999219 -0.252107
285 294 82 0.997869 0.0401876 -0.0514103 0.978537 -0.0399322 0.999184 0.0059852 -0.106306 0.0516089 -0.00391952 0.99866 0.176536
285 295 118 0.998335 0.0468919 -0.033598 0.957486 -0.0466961 0.998887 0.00658929 -0.0872259 0.0338696 -0.00500942 0.999414 -0.274976
285 296 36 0.99704 0.0749493 0.0171677 0.932821 -0.0751418 0.997114 0.0108561 0.00860657 -0.0163045 -0.0121139 0.999794 -0.360238
285 297 77 0.996478 0.0777063 -0.0315042 0.993149 -0.077004 0.996767 0.0229266 0.0681533 0.0331839 -0.0204199 0.999241 -0.0949187
285 298 117 0.995384 0.0877177 -0.0389416 0.979638 -0.0864008 0.99567 0.0343047 -0.107691 0.0417821 -0.0307817 0.998652 -0.169447
285 299 144 0.993633 0.108681 -0.0296784 0.990227 -0.107679 0.993621 0.0335164 -0.114141 0.0331317 -0.0301073 0.998997 -0.080145
300 301 131 0.999667 0.00671878 0.0249227 -0.977507 -0.00656964 0.99996 -0.00606103 0.198274 -0.0249624 0.00589527 0.999671 -0.0718824
300 302 119 0.999525 0.00990173 0.0291697 -0.987672 -0.00971305 0.999931 -0.006603 0.115367 -0.029233 0.00631654 0.999553 -0.105804
300 303 21 0.999865 0.016428 -0.000283155 -0.744655 -0.0164293 0.999849 -0.00562157 -0.0260571 0.000190761 0.00562547 0.999984 0.666941
300 304 12 0.999872 0.0156423 -0.00326562 -0.986429 -0.0156724 0.999833 -0.00939605 0.0696314 0.0031181 0.00944604 0.999951 0.148691
300 305 39 0.99978 0.0202267 -0.00560792 0.322175 -0.0203178 0.999654 -0.0166837 0.00209019 0.00526852 0.016794 0.999845 -0.946678
300 306 18 0.999522 0.0308281 0.00242557 0.999871 -0.0307523 0.999169 -0.0267425 0.00244768 -0.00324798 0.0266551 0.999639 0.0158974
300 307 35 0.999929 0.00933793 -0.00742231 0.974974 -0.0095579 0.999499 -0.0301747 -0.139017 0.00713683 0.0302435 0.999517 -0.173494
300 308 40 0.999687 0.0173994 -0.0179947 0.92662 -0.0179691 0.999326 -0.0319991 -0.00618846 0.0174258 0.0323125 0.999326 -0.375947
300 309 74 0.999809 0.00226946 0.0194065 -0.934101 -0.00159724 0.999401 -0.0345845 0.163957 -0.0194733 0.0345469 0.999213 -0.317132
300 310 51 0.998341 0.000742563 -0.0575692 0.979009 -0.00237024 0.999599 -0.0282103 -0.108554 0.0575251 0.0283 0.997943 -0.172506
300 311 102 0.995058 0.00450571 -0.0991906 0.987746 -0.00675976 0.999726 -0.0224001 -0.109132 0.0990625 0.0229599 0.994816 -0.111575
300 312 44 0.997537 0.00214865 -0.0701141 0.974623 -0.00418657 0.999573 -0.0289319 -0.0794214 0.070022 0.0291541 0.997119 -0.209291
300 313 75 0.993637 -0.0182284 -0.111146 0.98375 0.015669 0.999593 -0.0238571 -0.174157 0.111535 0.0219637 0.993518 0.0436593
300 314 41 0.996334 -0.00725826 -0.0852358 0.935946 0.00392811 0.999225 -0.0391728 -0.0838858 0.085454 0.0386944 0.99559 -0.342006
315 316 16 0.999848 -0.015681 -0.00763808 0.662798 0.015674 0.999877 -0.000971683 -0.534253 0.00765237 0.000851816 0.99997 -0.524665
315 317 19 0.999983 -0.00580612 -0.000251704 -0.995139 0.0058028 0.999915 -0.0116441 0.0723202 0.00031929 0.0116425 0.999932 0.066849
315 318 245 0.998943 -0.00306083 -0.0458706 0.918763 0.00317413 0.999992 0.00239721 -0.373213 0.0458629 -0.00254028 0.998945 -0.128786
315 319 111 0.999911 -0.0103801 -0.00836582 -0.966014 0.0102533 0.999834 -0.0150626 0.216007 0.00852079 0.0149755 0.999852 -0.141981
315 320 174 0.999864 -0.00554016 0.0155092 -0.964256 0.00586059 0.999769 -0.0206916 0.0862097 -0.015391 0.0207797 0.999666 -0.250557
315 321 110 0.998813 -0.00601196 -0.0483328 0.85631 0.00526808 0.999866 -0.0155033 -0.0719699 0.0484195 0.0152303 0.998711 -0.511423
315 322 192 0.999654 -0.0197877 0.0173496 -0.911196 0.0202844 0.999375 -0.0289364 0.218256 -0.0167662 0.0292783 0.999431 -0.349409
315 323 95 0.998462 -6.41699e-05 -0.0554393 0.9423 -0.00111042 0.999776 -0.0211558 -0.0209483 0.0554282 0.0211848 0.998238 -0.334113
315 324 124 0.999938 -0.00457201 0.0101568 -0.78501 0.00484027 0.999636 -0.026547 0.163578 -0.0100317 0.0265945 0.999596 -0.597496
315 325 85 0.996871 -0.0101987 -0.0783865 0.936118 0.00896947 0.999831 -0.0160174 -0.0747644 0.0785366 0.0152642 0.996794 -0.343646
315 326 166 0.995003 -0.00142918 -0.0998344 0.962727 0.000249747 0.99993 -0.0118254 -0.0723105 0.0998443 0.0117414 0.994934 -0.260629
315 327 103 0.996283 0.0043232 -0.0860357 0.961711 -0.00581829 0.999836 -0.0171344 -0.0199288 0.0859475 0.0175713 0.996145 -0.273342
315 328 93 0.995819 3.12994e-05 -0.0913443 0.959433 -0.00149583 0.999871 -0.0159647 -0.0641386 0.091332 0.0160346 0.995691 -0.274544
315 329 139 0.993134 0.0300134 -0.113064 0.988892 -0.0326656 0.999231 -0.021678 -0.0278806 0.112326 0.0252225 0.993351 -0.145994
330 331 165 0.999799 -0.00305972 -0.0198156 0.955655 0.00312123 0.99999 0.00307385 -0.0415892 0.019806 -0.00313509 0.999799 -0.291538
330 332 71 0.999918 -0.00908632 -0.00905605 0.984609 0.0091127 0.999954 0.00287605 -0.0803264 0.00902951 -0.00295834 0.999955 -0.15522
330 333 68 0.999773 -0.00602263 -0.020433 0.996687 0.00598624 0.99998 -0.00184142 -0.0700471 0.0204437 0.00171869 0.99979 0.0413279
330 334 67 0.999829 -0.00675427 -0.0172218 0.953917 0.00664628 0.999958 -0.00632024 -0.0789244 0.0172638 0.0062047 0.999832 -0.289506
