0 1 442 0.999968 0.00725871 0.00340426 -0.897705 -0.00726992 0.999968 0.00329274 -0.178271 -0.00338025 -0.00331739 0.999989 -0.40292
0 2 4389 0.99954 0.0185074 -0.0240079 0.840276 -0.0185821 0.999823 -0.0028899 0.330397 0.0239502 0.00333469 0.999708 -0.429853
0 3 5675 0.998731 0.0193073 -0.0465233 0.886556 -0.0194793 0.999805 -0.00324533 0.252621 0.0464516 0.00414745 0.998912 -0.387557
0 4 5870 0.997614 0.0251751 -0.0642917 0.842793 -0.0252384 0.999681 -0.000172159 0.262535 0.0642668 0.00179436 0.997931 -0.469868
0 5 5520 0.997013 0.0262658 -0.0726254 0.849525 -0.0261035 0.999654 0.00318395 0.254998 0.072684 -0.00127866 0.997354 -0.461826
0 6 5403 0.996064 0.0325983 -0.0824221 0.866192 -0.0326482 0.999467 0.000741971 0.265796 0.0824023 0.00195188 0.996597 -0.423159
0 7 4920 0.995996 0.0318218 -0.0835448 0.795342 -0.0314044 0.999487 0.0063058 0.256377 0.0837025 -0.00365687 0.996484 -0.549274
0 8 4775 0.99497 0.0367492 -0.0931849 0.833841 -0.0359739 0.999303 0.00998747 0.257834 0.093487 -0.00658501 0.995599 -0.488089
0 9 4544 0.992066 0.0349883 -0.120752 0.858821 -0.0338227 0.999359 0.0116893 0.231897 0.121083 -0.0075124 0.992614 -0.456783
0 10 5101 0.987824 0.0406133 -0.150183 0.898629 -0.0389985 0.999146 0.0136833 0.203907 0.150611 -0.00765973 0.988563 -0.388442
0 11 4737 0.983232 0.0468173 -0.176246 0.923927 -0.0458257 0.998902 0.00969444 0.204446 0.176506 -0.0014553 0.984298 -0.323359
0 12 4309 0.982341 0.0490512 -0.180555 0.895589 -0.0485611 0.998795 0.00713618 0.207475 0.180688 0.0017578 0.983539 -0.39354
0 13 4020 0.980015 0.0612977 -0.189243 0.901544 -0.0609751 0.998111 0.00753191 0.22133 0.189348 0.00415775 0.981901 -0.371794
0 14 3794 0.972967 0.0721401 -0.219389 0.926915 -0.0705745 0.997394 0.0149755 0.194808 0.219898 0.00091261 0.975523 -0.320748
15 16 4153 0.999792 -0.000938686 0.0203591 -0.887213 0.000935233 1 0.000179118 -0.226656 -0.0203592 -0.00016004 0.999793 -0.401846
15 17 6986 0.999236 -0.000281272 -0.0390705 0.822194 -0.000454948 0.999823 -0.0188332 0.344048 0.0390688 0.0188366 0.999059 -0.453462
15 18 6657 0.999135 0.00402955 -0.0413805 0.875774 -0.00416567 0.999986 -0.00320376 0.218903 0.041367 0.00337336 0.999138 -0.430233
15 19 6877 0.997603 0.00358454 -0.0691082 0.861349 -0.0052384 0.999704 -0.0237651 0.394264 0.0690025 0.0240701 0.997326 -0.320364
15 20 6196 0.99878 0.0100052 -0.048355 0.804822 -0.00967157 0.999928 0.00712838 0.153647 0.0484228 -0.00665202 0.998805 -0.573284
15 21 6046 0.994431 0.00704292 -0.105152 0.930374 -0.00687039 0.999974 0.00200292 0.177986 0.105164 -0.00126933 0.994454 -0.320509
15 22 5825 0.993308 0.0116697 -0.114901 0.923214 -0.0126729 0.999888 -0.00800399 0.220767 0.114795 0.00940655 0.993345 -0.314543
15 23 5372 0.995891 0.0242264 -0.0872555 0.87268 -0.0243616 0.999703 -0.000484235 0.181632 0.0872179 0.00260793 0.996186 -0.453255
15 24 5124 0.985173 0.0218969 -0.170163 0.941715 -0.0251611 0.999538 -0.0170496 0.174421 0.169711 0.0210783 0.985268 -0.287663
15 25 4726 0.981695 0.0223313 -0.189145 0.94939 -0.0284472 0.999155 -0.029681 0.197963 0.188322 0.0345183 0.9815 -0.243864
15 26 4300 0.966749 0.0334387 -0.25353 0.977731 -0.0382786 0.999166 -0.0141796 0.0835469 0.252844 0.0234129 0.967224 -0.192515
15 27 3814 0.958829 0.0275889 -0.28264 0.977528 -0.0428965 0.99792 -0.0481138 0.156696 0.280725 0.0582572 0.958019 -0.141016
15 28 3561 0.971455 0.0474408 -0.232432 0.969217 -0.0568893 0.997798 -0.0341136 0.100637 0.230302 0.0463627 0.972014 -0.2247
15 29 3270 0.969657 0.0530112 -0.238654 0.964719 -0.063645 0.997284 -0.0370688 0.0758843 0.236041 0.0511331 0.970397 -0.252108
30 31 1126 0.999994 0.00278075 0.00219071 0.196682 -0.00279219 0.999982 0.00523498 -0.0231637 -0.00217611 -0.00524106 0.999984 -0.980194
30 32 5324 0.999871 -0.00258471 -0.0158263 0.974736 0.00271164 0.999964 0.00800389 0.0770996 0.015805 -0.00804577 0.999843 0.20963
30 33 6784 0.996512 0.00787523 -0.0830812 0.982219 -0.00644355 0.999826 0.0174864 -0.0926843 0.0832045 -0.0168901 0.996389 0.163263
30 34 6083 0.99708 0.0274162 -0.0712796 0.991449 -0.0268019 0.999595 0.00956074 -0.0170668 0.0715128 -0.00762239 0.997411 0.129373
30 35 4972 0.996434 0.0553743 -0.0636615 0.999958 -0.0544138 0.998378 0.0167246 -0.00583469 0.0644844 -0.0132009 0.997831 -0.00700842
30 36 4622 0.995449 0.0635283 -0.0710357 0.998923 -0.0614512 0.997627 0.0310556 -0.0144777 0.0728401 -0.026549 0.99699 0.0440757
30 37 4553 0.995773 0.0644949 -0.0653901 0.98981 -0.0625207 0.997537 0.0318026 0.0683713 0.0672802 -0.0275799 0.997353 0.124909
30 38 4763 0.992947 0.0633865 -0.100188 0.982105 -0.0606539 0.997705 0.030092 0.0876579 0.101866 -0.023803 0.994513 0.166693
30 39 4662 0.99235 0.05804 -0.108966 0.974332 -0.0556198 0.998136 0.0251221 0.120337 0.110221 -0.0188692 0.993728 0.190255
30 40 4085 0.993524 0.0603895 -0.0962433 0.97011 -0.0574596 0.997805 0.0329313 0.0761872 0.0980208 -0.0271879 0.994813 0.230395
30 41 3767 0.982682 0.0634102 -0.174111 0.984851 -0.0584541 0.997729 0.0334523 0.0335337 0.175836 -0.0226955 0.984158 0.170129
30 42 3837 0.987593 0.0760692 -0.137385 0.985123 -0.0719456 0.996803 0.0347425 0.0181663 0.139588 -0.0244273 0.989908 0.170888
30 43 3647 0.989554 0.0646721 -0.128843 0.982462 -0.0614176 0.997688 0.0290789 0.02227 0.130426 -0.0208619 0.991239 0.185129
30 44 3317 0.973065 0.064862 -0.221219 0.986642 -0.0627953 0.997892 0.0163703 0.0453895 0.221815 -0.00203789 0.975087 0.156452
45 46 889 0.999985 -0.00227058 -0.00494537 0.0131343 0.00227613 0.999997 0.00111607 -0.0197634 0.00494282 -0.00112731 0.999987 -0.999718
45 47 7247 0.998733 0.0136514 -0.04844 0.98641 -0.013598 0.999907 0.00143078 0.12432 0.048455 -0.00077028 0.998825 -0.107426
45 48 6893 0.998772 0.0127329 -0.0478844 0.995573 -0.0123847 0.999895 0.00756045 -0.0386425 0.0479757 -0.00695813 0.998824 -0.0856754
45 49 7111 0.996447 0.0215422 -0.0814149 0.985855 -0.0213856 0.999767 0.00279419 0.0480592 0.0814561 -0.00104316 0.996676 -0.160562
45 50 6466 0.997946 0.0400811 -0.049965 0.963743 -0.0394015 0.999118 0.0145146 0.0229127 0.0505027 -0.0125161 0.998645 -0.265845
45 51 5915 0.998641 0.0265055 -0.0448801 0.944527 -0.0256574 0.999483 0.0193688 0.058643 0.0453702 -0.018191 0.998805 -0.323155
45 52 5568 0.997846 0.0408356 -0.0513391 0.973572 -0.039556 0.998887 0.0256976 0.0949728 0.0523314 -0.0236115 0.998351 -0.207697
45 53 5042 0.975038 0.0548564 -0.215154 0.986628 -0.0523997 0.99848 0.0171097 0.13374 0.215766 -0.0054086 0.97643 -0.0931571
45 54 4870 0.984449 0.0786101 -0.157102 0.99265 -0.0721799 0.996319 0.0462336 0.0851684 0.160158 -0.034175 0.9865 -0.0859784
45 55 4141 0.976122 0.0943636 -0.195654 0.999034 -0.0858345 0.99497 0.0516423 0.0320052 0.199544 -0.0336153 0.979312 0.0301096
45 56 4401 0.979202 0.106977 -0.172392 0.993263 -0.10469 0.994254 0.0223283 0.105068 0.17379 -0.0038162 0.984775 0.0488795
45 57 4599 0.982739 0.131478 -0.13014 0.999789 -0.127249 0.99105 0.0403316 0.01769 0.134278 -0.0230752 0.990675 0.0104796
45 58 4135 0.97458 0.131423 -0.181442 0.999653 -0.124743 0.991037 0.0477975 0.00171807 0.186098 -0.0239488 0.982239 0.0262879
45 59 3730 0.970436 0.140691 -0.196111 0.996094 -0.135324 0.98997 0.0405761 0.0781428 0.199852 -0.0128382 0.979742 0.0411261
60 61 2960 0.99981 0.00947095 0.0170347 -0.403969 -0.00961279 0.99992 0.00826398 -0.376799 -0.0169551 -0.00842616 0.999821 0.833565
60 62 5124 0.999629 0.0244941 -0.0118995 0.759759 -0.0245172 0.999698 -0.00180171 0.042846 0.0118518 0.00209279 0.999928 0.648791
60 63 5112 0.999365 0.0314539 -0.0167534 0.743866 -0.0314515 0.999505 0.000404748 -0.0609004 0.0167579 0.00012243 0.99986 0.665548
60 64 5624 0.997904 0.0341292 -0.0549743 0.921849 -0.0349787 0.999282 -0.0145635 0.199653 0.0544378 0.016456 0.998382 0.332165
60 65 4846 0.99929 0.0298916 -0.0229298 0.647851 -0.030038 0.99953 -0.00606741 0.0437224 0.0227377 0.00675187 0.999719 0.760511
60 66 4914 0.997387 0.025858 -0.0674506 0.903662 -0.0266449 0.999587 -0.0107927 0.045576 0.0671437 0.0125617 0.997664 0.425813
60 67 5276 0.993825 0.0271011 -0.107597 0.939424 -0.0297545 0.99929 -0.0231317 0.105431 0.106894 0.0261904 0.993925 0.326138
60 68 4955 0.995469 0.028709 -0.0906479 0.886682 -0.0308186 0.999284 -0.0219585 0.0638296 0.0899526 0.0246527 0.995641 0.457954
60 69 4797 0.991597 0.0285265 -0.126178 0.903446 -0.030995 0.999364 -0.0176429 0.0204906 0.125594 0.0214056 0.991851 0.428211
60 70 4879 0.98745 0.0311159 -0.154838 0.936502 -0.0326174 0.999442 -0.00716553 -0.0452212 0.154528 0.012126 0.987914 0.347735
60 71 4215 0.996799 0.0340838 -0.0723126 0.771645 -0.0348 0.999357 -0.00866799 -0.0666498 0.0719707 0.0111567 0.997344 0.632552
60 72 4357 0.989623 0.0342063 -0.139558 0.873517 -0.0355148 0.999345 -0.00689617 -0.0723292 0.139231 0.011781 0.99019 0.48139
60 73 4226 0.976699 0.030986 -0.212363 0.899109 -0.0295494 0.999514 0.00993614 -0.140405 0.212568 -0.00342941 0.97714 0.414596
60 74 3665 0.993146 0.0427912 -0.108768 0.736437 -0.043555 0.99904 -0.00465491 -0.134717 0.108464 0.00936039 0.994056 0.662957
75 76 1219 0.999987 0.00494559 -0.00105027 -0.08379 -0.00495014 0.999978 -0.00437874 -0.212357 0.00102859 0.00438388 0.99999 0.973593
75 77 5326 0.999698 0.0120393 -0.0214169 0.763791 -0.0121978 0.999899 -0.00728694 -0.241199 0.021327 0.00754598 0.999744 0.598703
75 78 5662 0.999333 0.0184843 -0.0315012 0.778687 -0.0186186 0.999819 -0.00397247 -0.480497 0.0314221 0.00455633 0.999496 0.403447
75 79 5514 0.999384 0.019383 -0.0292692 0.775219 -0.0198909 0.999655 -0.017162 -0.350726 0.0289264 0.0177336 0.999424 0.525383
75 80 5344 0.999072 0.0181844 -0.0390359 0.811439 -0.0190185 0.999596 -0.021105 -0.345689 0.0386364 0.0218278 0.999015 0.471239
75 81 6046 0.99662 0.0312065 -0.0759883 0.883482 -0.0319618 0.999451 -0.00874368 -0.398397 0.0756737 0.0111429 0.99707 0.246454
75 82 5898 0.99738 0.0249212 -0.0679121 0.881435 -0.0265524 0.999378 -0.023224 -0.363635 0.0672911 0.0249664 0.997421 0.301401
75 83 4786 0.999434 0.0268409 -0.0202818 0.645179 -0.0276756 0.998732 -0.0420598 -0.336983 0.0191271 0.0425973 0.998909 0.685702
75 84 5205 0.996758 0.0246425 -0.0765875 0.83104 -0.0267755 0.999278 -0.0269492 -0.381927 0.0758682 0.0289126 0.996699 0.404357
75 85 4228 0.99851 0.0356578 -0.0413158 0.770726 -0.0377246 0.998018 -0.0503755 -0.343328 0.0394376 0.051859 0.997875 0.536756
75 86 4909 0.991189 0.0337204 -0.128093 0.894837 -0.0376018 0.9989 -0.028005 -0.328233 0.127008 0.0325748 0.991367 0.302539
75 87 4246 0.995446 0.0375528 -0.0876139 0.833748 -0.0414275 0.998223 -0.0428338 -0.357921 0.0858496 0.0462684 0.995233 0.420425
75 88 4348 0.991983 0.0448413 -0.118149 0.866192 -0.050048 0.997885 -0.041476 -0.345555 0.11604 0.0470566 0.992129 0.360975
75 89 4295 0.990789 0.0471447 -0.126942 0.896417 -0.0528124 0.997735 -0.0416574 -0.321875 0.12469 0.0479778 0.991035 0.304684
90 91 203 0.999977 0.00240329 -0.00632587 -0.605947 -0.00238343 0.999992 0.00314452 0.305026 0.00633337 -0.00312937 0.999975 -0.734702
90 92 664 0.999979 0.00590017 -0.00271588 -0.879057 -0.00588279 0.999962 0.00636277 0.105281 0.00275332 -0.00634666 0.999976 -0.464947
90 93 6711 0.997072 0.0161763 -0.0747365 0.993582 -0.0147758 0.999705 0.0192549 -0.102719 0.0750259 -0.0180942 0.997017 0.0473629
90 94 5183 0.999277 0.0261375 -0.0276068 0.968168 -0.0257317 0.999557 0.014954 0.108038 0.0279855 -0.0142328 0.999507 0.225785
90 95 1233 0.999634 0.0268093 0.00350455 -0.756852 -0.0269016 0.999198 0.0296612 -0.151606 -0.00270654 -0.0297446 0.999554 0.63576
90 96 5834 0.990456 0.0577265 -0.125159 0.983528 -0.0553973 0.998222 0.0220144 0.178681 0.126208 -0.0148708 0.991892 -0.0273197
90 97 4799 0.997198 0.063115 -0.0401521 0.979689 -0.0611673 0.996972 0.0480168 0.136878 0.0430611 -0.0454263 0.998039 0.146541
90 98 4294 0.994829 0.0715272 -0.0721013 0.978242 -0.0671026 0.995816 0.0620286 0.142264 0.0762364 -0.0568697 0.995467 -0.151005
90 99 4126 0.993905 0.0876917 -0.0668008 0.984434 -0.0819085 0.993019 0.0848813 0.163297 0.0737779 -0.0788924 0.994149 -0.0649935
90 100 5091 0.989022 0.102966 -0.105985 0.976231 -0.0942233 0.991963 0.0844447 0.216442 0.113828 -0.0735314 0.990776 0.0111701
90 101 3871 0.995049 0.0926302 -0.0360279 0.981266 -0.0881975 0.990056 0.10959 0.176986 0.045821 -0.10587 0.993324 0.0761057
90 102 4229 0.987504 0.115495 -0.107223 0.984189 -0.103373 0.988264 0.112461 0.175047 0.118953 -0.0999718 0.987854 0.0270145
90 103 4361 0.979046 0.13179 -0.155243 0.974617 -0.116055 0.987524 0.106431 0.216709 0.167333 -0.0861844 0.982126 0.0561977
90 104 4086 0.97319 0.15521 -0.169741 0.976274 -0.137972 0.98441 0.109093 0.214256 0.184027 -0.0827489 0.979432 -0.0313753
105 106 963 0.999864 0.0162851 -0.00260718 -0.407684 -0.0162742 0.999859 0.00414728 0.0288103 0.00267435 -0.00410429 0.999988 -0.912669
105 107 1377 0.999615 0.0243761 -0.0132576 -0.455187 -0.0242677 0.999671 0.00827468 -0.235902 0.013455 -0.00794976 0.999878 0.858577
105 108 2261 0.999598 0.027913 -0.00505846 -0.804903 -0.027808 0.999418 0.0197534 -0.272621 0.00560689 -0.0196048 0.999792 -0.527075
105 109 4300 0.998764 0.0319558 -0.0380747 0.837727 -0.0313726 0.999383 0.0158162 0.224996 0.0385566 -0.0146021 0.99915 -0.497584
105 110 4083 0.997656 0.0374625 -0.0572584 0.765695 -0.0364683 0.999167 0.0183114 0.351163 0.0578967 -0.0161803 0.998191 -0.538884
105 111 4474 0.997062 0.0270444 -0.0716619 0.937472 -0.024693 0.999134 0.0334979 0.23238 0.0725057 -0.03163 0.996866 -0.259124
105 112 4295 0.997628 0.0267095 -0.0634435 0.964847 -0.0245694 0.99911 0.0342767 0.251372 0.0643026 -0.0326367 0.997397 -0.0766991
105 113 1083 0.999041 0.0252866 -0.0357478 -0.978965 -0.0239346 0.999 0.0377549 -0.200978 0.0366668 -0.036863 0.998647 -0.035156
105 114 4298 0.992944 0.0363318 -0.112878 0.969598 -0.0346372 0.999256 0.0169381 0.222725 0.11341 -0.0129088 0.993464 -0.101354
105 115 4081 0.993667 0.0318959 -0.107739 0.975015 -0.0297232 0.999322 0.0217126 0.148324 0.108359 -0.0183727 0.993942 -0.165367
105 116 3890 0.993815 0.028043 -0.107445 0.985913 -0.0264503 0.999519 0.0162201 0.16632 0.107848 -0.0132778 0.994079 0.0176735
105 117 3427 0.992972 0.03018 -0.114435 0.975402 -0.0287328 0.999485 0.0142753 0.163798 0.114807 -0.010887 0.993328 -0.147518
105 118 3230 0.9898 0.0222775 -0.140711 0.991555 -0.020509 0.999692 0.0140059 0.123324 0.14098 -0.0109772 0.989952 -0.0401162
105 119 3671 0.985816 0.0252791 -0.165916 0.99613 -0.0232788 0.999631 0.0139898 0.0542226 0.166209 -0.00992906 0.986041 0.0691773
120 121 2255 0.999982 0.00383426 -0.00469958 0.997878 -0.00383936 0.999992 -0.00107679 0.041559 0.00469541 0.00109482 0.999988 -0.0501245
120 122 3760 0.999987 -0.00116841 0.00488503 0.974704 0.00115442 0.999995 0.00286449 -0.222338 -0.00488835 -0.00285882 0.999984 -0.022746
120 123 3664 0.99988 -0.00607488 0.0142812 0.945857 0.00604025 0.999979 0.00246635 -0.247404 -0.0142958 -0.0023798 0.999895 0.210108
120 124 3733 0.999969 -0.0049937 0.00610333 0.935004 0.00495932 0.999972 0.00563467 -0.284383 -0.0061313 -0.00560422 0.999965 0.211879
120 125 4088 0.999965 -0.00469481 -0.0069734 0.934571 0.00475052 0.999957 0.00799386 -0.27904 0.00693557 -0.0080267 0.999944 0.220713
120 126 5515 0.999868 0.000407753 -0.0162214 0.940266 -0.00029111 0.999974 0.00719233 -0.322889 0.0162239 -0.00718666 0.999843 0.107904
120 127 3172 0.999984 0.00533116 -0.0018181 0.925546 -0.00533704 0.99998 -0.00324301 -0.319577 0.00180077 0.00325266 0.999993 0.203064
120 128 4931 0.999783 0.00562574 -0.0200447 0.952577 -0.00557919 0.999982 0.00237768 -0.287531 0.0200577 -0.00226533 0.999796 0.0996179
120 129 2874 0.999989 0.00190085 0.00437154 0.940196 -0.00190592 0.999998 0.00115549 -0.299271 -0.00436933 -0.0011638 0.99999 0.162692
120 130 4995 0.99862 0.00350856 -0.0523938 0.941962 -0.00257482 0.999837 0.0178786 -0.31058 0.0524479 -0.017719 0.998466 0.12747
120 131 4989 0.998551 0.00746307 -0.0532876 0.949372 -0.00697656 0.999932 0.00930992 -0.284327 0.0533534 -0.00892467 0.998536 0.13361
120 132 4729 0.998394 0.00408908 -0.0565085 0.959108 -0.00364585 0.999962 0.00794439 -0.263377 0.0565389 -0.00772561 0.998371 0.103658
120 133 2400 0.999555 -0.000761563 -0.0298158 0.952635 0.000815456 0.999998 0.00179541 -0.258653 0.0298143 -0.00181892 0.999554 0.159951
120 134 4203 0.996618 0.00353588 -0.0820995 0.953279 -0.00228221 0.999879 0.015359 -0.236477 0.0821439 -0.0151196 0.996506 0.187985
135 136 3849 0.999699 0.00758465 -0.0233504 0.925393 -0.00753786 0.999969 0.00209118 0.259674 0.0233655 -0.00191454 0.999725 -0.276075
135 137 352 0.999886 0.004257 -0.0144623 -0.907099 -0.00404839 0.999888 0.0144235 -0.147588 0.0145221 -0.0143633 0.999791 0.394194
135 138 3841 0.999273 0.00712079 -0.037458 0.896098 -0.00619888 0.999676 0.0246706 0.201802 0.0376216 -0.0244205 0.998994 -0.395327
135 139 6451 0.99584 0.0156338 -0.0897673 0.987419 -0.0127922 0.999401 0.032143 0.0806846 0.0902161 -0.030861 0.995444 -0.135995
135 140 4290 0.99766 0.0227511 -0.0644718 0.937822 -0.0204267 0.999125 0.0364858 0.160057 0.0652455 -0.0350834 0.997252 -0.308013
135 141 3934 0.995982 0.0258486 -0.085746 0.951868 -0.0224625 0.998938 0.0402224 0.152384 0.0866946 -0.0381347 0.995505 -0.265946
135 142 3670 0.994657 0.0292124 -0.0990169 0.899111 -0.0244945 0.998521 0.0485331 0.156092 0.100288 -0.0458485 0.993901 -0.408944
135 143 3660 0.993526 0.0337091 -0.108487 0.967434 -0.0275431 0.997946 0.057841 0.114054 0.110214 -0.0544785 0.992414 -0.22597
135 144 4857 0.985283 0.0454509 -0.164775 0.971324 -0.0364951 0.997708 0.0569792 0.13362 0.166987 -0.0501271 0.984684 -0.19666
135 145 3277 0.991689 0.0600728 -0.113769 0.937024 -0.053156 0.996604 0.062887 0.168845 0.11716 -0.0563168 0.991515 -0.305742
135 146 4457 0.984046 0.0812379 -0.158283 0.943373 -0.0717589 0.99532 0.0647175 0.151086 0.1628 -0.0523268 0.985271 -0.295331
135 147 3241 0.985998 0.0801079 -0.146256 0.941642 -0.0710592 0.99528 0.0660864 0.136561 0.15086 -0.0547682 0.987037 -0.307672
135 148 4029 0.980752 0.092446 -0.171988 0.936349 -0.0832979 0.994736 0.0596832 0.156278 0.1766 -0.0442082 0.983289 -0.314369
135 149 3422 0.979181 0.103926 -0.174366 0.921507 -0.0948476 0.993704 0.0596381 0.170624 0.179466 -0.0418583 0.982873 -0.348874
150 151 826 0.999879 0.00157826 -0.015487 0.457331 -0.00147826 0.999978 0.00646689 0.148761 0.0154969 -0.00644321 0.999859 -0.876766
150 152 343 0.999722 -0.00856819 -0.0219513 0.869459 0.00869948 0.999945 0.0058921 0.0168653 0.0218997 -0.00608143 0.999742 0.493718
150 153 648 0.999424 -0.0111251 -0.0320716 -0.890454 0.0111792 0.999936 0.00150901 0.00317206 0.0320528 -0.00186667 0.999484 -0.455063
150 154 5426 0.991862 -0.00553507 -0.127199 0.98616 0.00327688 0.999833 -0.0179556 0.13357 0.127278 0.0173926 0.991715 -0.0982199
150 155 4114 0.996012 -0.00843484 -0.0888171 0.958519 0.00673121 0.999788 -0.0194635 0.129183 0.0889624 0.018788 0.995858 -0.254072
150 156 3319 0.995643 -0.0117132 -0.0925047 0.898783 0.0101814 0.999803 -0.0170136 0.0921116 0.0926858 0.0159977 0.995567 -0.428608
150 157 3238 0.995395 -0.015797 -0.0945509 0.783847 0.0143694 0.999773 -0.0157608 0.0786747 0.0947784 0.0143296 0.995395 -0.61595
150 158 3157 0.99355 -0.0191995 -0.111761 0.836938 0.0176399 0.999733 -0.0149271 0.141888 0.112018 0.0128594 0.993623 -0.528585
150 159 4286 0.987767 -0.00879171 -0.155689 0.96982 0.00720242 0.999916 -0.0107693 0.109444 0.155771 0.00951622 0.987747 -0.21788
150 160 3983 0.9862 -0.00333308 -0.165523 0.954957 0.00227299 0.999976 -0.0065935 0.0797957 0.165541 0.00612628 0.986184 -0.285813
150 161 3984 0.984363 -0.000269635 -0.176151 0.929536 -0.00112067 0.999969 -0.00779318 0.0959413 0.176148 0.00786873 0.984332 -0.35603
150 162 3766 0.981147 0.00392455 -0.193224 0.939075 -0.005268 0.999965 -0.00643951 0.121547 0.193192 0.00733601 0.981134 -0.321503
150 163 3695 0.976478 0.0125621 -0.215251 0.948225 -0.0130238 0.999915 -0.000727101 0.100269 0.215223 0.00351339 0.976559 -0.301355
150 164 3522 0.975481 0.0110109 -0.219806 0.955196 -0.00912756 0.999912 0.00958193 0.0806501 0.219892 -0.0073407 0.975497 -0.284775
165 166 593 0.999991 0.00432909 -0.000141191 -0.693149 -0.00432857 0.999985 0.0034795 -0.136259 0.000156252 -0.00347886 0.999994 0.707798
165 167 5253 0.999112 0.0172684 -0.0384423 0.992479 -0.0167761 0.999774 0.0130942 -0.0489091 0.0386597 -0.0124377 0.999175 0.112219
165 168 4735 0.998432 0.0268386 -0.0491229 0.958426 -0.0260257 0.999515 0.0171139 -0.0535144 0.0495584 -0.0158086 0.998646 0.280278
165 169 6262 0.997551 0.0189525 -0.0673299 0.957633 -0.0183741 0.999789 0.00920037 0.00800353 0.06749 -0.00794071 0.997688 0.287879
165 170 6315 0.994708 0.0429325 -0.0933457 0.991695 -0.0412914 0.998958 0.0194428 -0.0912221 0.0940831 -0.0154856 0.995444 0.0906611
165 171 5847 0.993742 0.039838 -0.104359 0.986893 -0.0371896 0.998938 0.0272032 -0.103851 0.105331 -0.0231519 0.994168 0.123522
165 172 4718 0.994106 0.0451145 -0.0985779 0.967153 -0.0421319 0.998595 0.0321322 -0.129632 0.0998891 -0.0277895 0.99461 0.218658
165 173 4232 0.992249 0.0517166 -0.112996 0.925805 -0.0483444 0.998306 0.0323839 -0.180867 0.114479 -0.0266702 0.993068 0.331922
165 174 4364 0.987221 0.0562679 -0.149093 0.93557 -0.0534572 0.99831 0.0227962 -0.134698 0.150124 -0.0145347 0.98856 0.326444
165 175 3961 0.985018 0.0808064 -0.152345 0.936495 -0.0775306 0.996615 0.0273314 -0.209407 0.154038 -0.0151105 0.987949 0.281293
165 176 3699 0.974774 0.0841935 -0.206705 0.936046 -0.0803615 0.996403 0.026881 -0.199526 0.208225 -0.00959176 0.978034 0.289841
165 177 3436 0.984588 0.0748522 -0.158059 0.937486 -0.0746759 0.997183 0.00706255 -0.179754 0.158143 0.00484952 0.987404 0.298009
165 178 2233 0.985599 0.0763203 -0.150898 0.93024 -0.0761888 0.997071 0.00666135 -0.174707 0.150964 0.00493129 0.988527 0.322694
165 179 3256 0.974327 0.086901 -0.207691 0.937939 -0.0831182 0.996177 0.0268887 -0.18885 0.209234 -0.00893541 0.977825 0.290871
180 181 1710 0.999973 0.00235663 -0.00699935 0.699569 -0.00233685 0.999993 0.00283239 -0.00187278 0.00700598 -0.00281596 0.999971 0.714562
180 182 3786 0.999904 0.00563403 -0.0126204 0.85096 -0.00555375 0.999964 0.00638705 -0.0685838 0.0126559 -0.00631635 0.9999 0.520733
180 183 3465 0.999913 0.00657649 -0.0114545 0.809687 -0.0064839 0.999946 0.00810116 -0.145805 0.0115071 -0.00802618 0.999902 0.56846
180 184 5022 0.998773 0.0163057 -0.0467608 0.912887 -0.0157942 0.999812 0.011288 -0.189757 0.046936 -0.0105356 0.998842 0.361427
180 185 6022 0.997955 0.0102787 -0.0630918 0.97601 -0.0100094 0.999939 0.00458263 -0.103135 0.0631351 -0.00394175 0.997997 0.191751
180 186 3934 0.998328 -0.000180055 -0.0578104 0.958192 0.000496098 0.999985 0.00545257 -0.106966 0.0578086 -0.00547213 0.998313 0.26538
180 187 5446 0.996203 0.00869718 -0.0866303 0.959818 -0.00785114 0.999918 0.0101021 -0.130804 0.0867111 -0.00938356 0.996189 0.248273
180 188 5237 0.995676 0.015249 -0.0916357 0.981964 -0.0142536 0.999832 0.0115074 -0.114766 0.0917958 -0.0101515 0.995726 0.150252
180 189 4723 0.994814 0.0162402 -0.100403 0.984938 -0.0149307 0.999794 0.0137799 -0.0934519 0.100606 -0.0122093 0.994851 0.145479
180 190 4608 0.991619 0.0184965 -0.127868 0.980701 -0.0153219 0.999551 0.0257663 -0.111738 0.128287 -0.0235911 0.991456 0.160438
180 191 4427 0.991674 0.0286422 -0.125551 0.964912 -0.0253539 0.999294 0.0277118 -0.108594 0.126256 -0.0242978 0.9917 0.239067
180 192 4107 0.983655 0.0312986 -0.177322 0.973837 -0.0260663 0.999156 0.031761 -0.117876 0.178167 -0.0266197 0.98364 0.194286
180 193 4066 0.987167 0.0332494 -0.156194 0.98383 -0.0295936 0.999232 0.0256739 -0.11715 0.156927 -0.0207221 0.987393 0.135475
180 194 2758 0.994176 0.032955 -0.102609 0.982501 -0.0315275 0.999383 0.0155039 -0.113406 0.103056 -0.0121786 0.994601 0.147752
195 196 3436 0.999847 0.0066673 -0.0161626 0.985774 -0.00660303 0.99997 0.00402695 -0.16635 0.016189 -0.00391961 0.999861 -0.0240107
195 197 2118 0.999819 0.015632 0.0108676 -0.978091 -0.015635 0.999878 0.000187738 0.00381505 -0.0108633 -0.000357619 0.999941 -0.208141
195 198 3739 0.999737 0.0197491 -0.0116424 0.983566 -0.0197172 0.999802 0.00285035 -0.0664576 0.0116964 -0.00262005 0.999928 -0.16787
195 199 2131 0.9993 0.0219629 0.0302818 -0.864059 -0.0219881 0.999758 0.000499232 0.143753 -0.0302635 -0.00116472 0.999541 -0.482428
195 200 3317 0.998882 0.0472706 0.000479646 0.987384 -0.047269 0.998878 -0.00291359 -0.0605969 -0.000616835 0.00288766 0.999996 -0.146293
195 201 3727 0.998484 0.0481601 -0.0266369 0.979845 -0.0482777 0.998827 -0.00378928 -0.0987139 0.0264232 0.00506951 0.999638 -0.173662
195 202 3539 0.997514 0.0498465 -0.0498121 0.992213 -0.0502982 0.998703 -0.00785683 -0.0923026 0.0493559 0.0103428 0.998728 -0.0836274
195 203 4023 0.996455 0.0534809 -0.0649453 0.969632 -0.0540163 0.998519 -0.00651356 -0.0840162 0.0645008 0.00999857 0.997868 -0.229686
195 204 4828 0.992744 0.0590164 -0.104772 0.980991 -0.0595001 0.998227 -0.00149403 -0.0999367 0.104498 0.00771712 0.994495 -0.166341
195 205 4753 0.992439 0.0686348 -0.101759 0.984339 -0.0697678 0.997534 -0.0076131 -0.0179396 0.100986 0.014655 0.99478 -0.17537
195 206 4633 0.990068 0.0770693 -0.117579 0.982881 -0.0783489 0.996906 -0.00629266 -0.00127068 0.11673 0.0154423 0.993044 -0.184238
195 207 4398 0.988387 0.0655312 -0.137105 0.994674 -0.0663809 0.997793 -0.00162936 -0.0339074 0.136695 0.0107116 0.990555 -0.0973374
195 208 4140 0.987792 0.0862019 -0.129753 0.989461 -0.0887944 0.995947 -0.0143186 0.0334508 0.127993 0.0256651 0.991443 -0.14088
195 209 3916 0.983545 0.0672582 -0.167676 0.989766 -0.0686529 0.997637 -0.00252812 -0.0149654 0.167109 0.0139979 0.985839 -0.14191
210 211 157 0.999978 -0.00389137 -0.00533155 -0.822153 0.00390402 0.99999 0.00236601 -0.0961876 0.00532229 -0.00238678 0.999983 -0.561081
210 212 392 0.999603 -0.00843674 -0.0268829 0.994285 0.00852371 0.999959 0.00312253 -0.00751228 0.0268554 -0.00335044 0.999634 -0.106491
210 213 4151 0.998807 -0.00939219 -0.0479244 0.99331 0.00952937 0.999951 0.00263467 -0.0858772 0.0478973 -0.00308822 0.998847 0.0772051
210 214 5895 0.996738 -0.0175971 -0.078766 0.965479 0.0175061 0.999845 -0.00184596 -0.127364 0.0787863 0.000461047 0.996891 0.227221
210 215 5820 0.99338 -0.0155345 -0.113822 0.981152 0.0160362 0.999865 0.00349364 -0.189647 0.113753 -0.00529579 0.993495 0.0370741
210 216 4441 0.994176 -0.000267979 -0.10777 0.994676 -0.000473411 0.999976 -0.00685376 -0.0826114 0.107769 0.00686486 0.994152 0.0615961
210 217 3786 0.995344 -0.0108198 -0.0957738 0.990559 0.0101611 0.999921 -0.00736334 -0.136764 0.0958459 0.00635589 0.995376 0.0094536
210 218 5252 0.982747 0.000369289 -0.184956 0.975347 0.00115787 0.999966 0.00814879 -0.179264 0.184952 -0.00822235 0.982713 0.128699
210 219 3256 0.996812 0.000851245 -0.0797794 0.949169 -0.00182341 0.999925 -0.0121136 -0.162678 0.0797631 0.0122205 0.996739 0.269469
210 220 4039 0.986227 0.0169777 -0.164521 0.974162 -0.0165429 0.999855 0.0040132 -0.174679 0.164565 -0.00123629 0.986365 0.143161
210 221 4389 0.977022 0.0209845 -0.212101 0.977108 -0.0180523 0.999713 0.0157521 -0.187069 0.212371 -0.0115612 0.977121 0.101314
210 222 4314 0.974898 0.023397 -0.221419 0.948345 -0.0199271 0.999641 0.0178923 -0.200565 0.221758 -0.013031 0.975015 0.245795
210 223 2764 0.983322 0.0312196 -0.179172 0.902017 -0.0312496 0.999508 0.0026556 -0.213121 0.179166 0.00298774 0.983814 0.375426
210 224 3848 0.966535 0.040432 -0.253327 0.936563 -0.0354333 0.999077 0.0242655 -0.270416 0.254074 -0.0144772 0.967076 0.222993
225 226 2030 0.999916 0.0044865 -0.0121871 0.875448 -0.00449235 0.99999 -0.000452532 -0.0828482 0.012185 0.000507243 0.999926 0.476158
225 227 6869 0.998602 0.0137348 -0.051042 0.988669 -0.0138243 0.999903 -0.00140155 -0.0702117 0.0510179 0.00210521 0.998696 0.132679
225 228 2935 0.999789 0.0109613 -0.0173618 0.98826 -0.0110063 0.999936 -0.00249612 -0.143707 0.0173333 0.00268669 0.999846 -0.0518721
225 229 6324 0.997026 0.0231833 -0.0734943 0.970989 -0.0226617 0.999712 0.00792346 -0.13087 0.0736569 -0.00623439 0.997264 0.200134
225 230 6056 0.99557 0.012621 -0.093174 0.960746 -0.0118122 0.999888 0.00922747 -0.114992 0.09328 -0.008086 0.995607 0.252476
225 231 5986 0.997148 0.0117631 -0.0745431 0.97313 -0.0115443 0.999928 0.00336613 -0.114035 0.0745773 -0.00249598 0.997212 0.200036
225 232 5236 0.997328 0.00995745 -0.0723785 0.974851 -0.00953335 0.999935 0.00620256 -0.110553 0.0724356 -0.00549597 0.997358 0.193504
225 233 2866 0.998024 0.00588433 -0.0625609 0.884265 -0.00546462 0.999961 0.0068778 -0.114349 0.0625989 -0.00652234 0.998017 0.452768
225 234 5568 0.994173 0.00696413 -0.107575 0.959549 -0.00592074 0.999932 0.0100155 -0.077527 0.107637 -0.00932024 0.994147 0.270656
225 235 2729 0.996966 0.00514889 -0.0776662 0.8803 -0.00418969 0.999913 0.0125082 -0.0996238 0.0777238 -0.0121449 0.996901 0.46384
225 236 4336 0.994555 0.0117906 -0.103539 0.932414 -0.0103744 0.999845 0.0142056 -0.0861066 0.103691 -0.0130541 0.994524 0.350983
225 237 4793 0.98948 0.0203752 -0.143231 0.931237 -0.0183461 0.999712 0.0154729 -0.0665112 0.143505 -0.0126824 0.989568 0.358292
225 238 4882 0.990109 0.0232644 -0.138356 0.954268 -0.0205174 0.999564 0.0212482 -0.0849096 0.13879 -0.0181994 0.990155 0.286639
225 239 4049 0.990303 0.0218417 -0.137199 0.935763 -0.018511 0.999503 0.0255054 -0.0929963 0.137688 -0.0227184 0.990215 0.340145
240 241 5349 0.999602 0.000736686 -0.0281935 0.941445 -0.000480435 0.999959 0.00909471 -0.313459 0.028199 -0.00907755 0.999561 0.124194
240 242 472 0.999823 0.00831978 -0.016893 0.999869 -0.00827518 0.999962 0.00270807 -0.00457119 0.0169149 -0.00256779 0.999854 0.0155132
240 243 2138 0.999766 0.0118402 -0.0180772 -0.930357 -0.01179 0.999926 0.00288131 0.0261424 0.01811 -0.00266751 0.999832 0.365721
240 244 2209 0.999986 0.00499383 -0.00198383 -0.980588 -0.00499533 0.999987 -0.000751253 0.152225 0.00198005 0.000761152 0.999998 -0.123594
240 245 4000 0.997212 0.0244524 -0.070504 0.997638 -0.0242606 0.999699 0.00357576 -0.0567467 0.0705703 -0.00185533 0.997505 0.0387017
240 246 3795 0.996876 0.0240179 -0.0752376 0.992801 -0.0235803 0.9997 0.00669913 -0.109577 0.0753759 -0.00490408 0.997143 -0.0483617
240 247 4698 0.993528 0.0395311 -0.106491 0.992616 -0.0387396 0.999204 0.00949211 -0.106514 0.106782 -0.00530525 0.994268 0.0580295
240 248 1511 0.998768 0.0455675 -0.0196443 -0.885481 -0.045614 0.998957 -0.00192671 0.0863392 0.019536 0.00282039 0.999805 -0.456583
240 249 4793 0.985787 0.0419684 -0.162673 0.984168 -0.039682 0.999063 0.01728 -0.137467 0.163246 -0.0105792 0.986529 0.111872
240 250 4097 0.980227 0.054008 -0.190365 0.977256 -0.0518841 0.998523 0.0161274 -0.153522 0.190955 -0.00593159 0.981581 0.146295
240 251 3146 0.989161 0.0560095 -0.13573 0.970998 -0.057112 0.998359 -0.00423945 -0.170132 0.135269 0.0119453 0.990737 0.16798
240 252 3961 0.983816 0.0670729 -0.166152 0.980865 -0.0692267 0.997575 -0.00719917 -0.167963 0.165266 0.0185848 0.986074 0.0984466
240 253 3908 0.979481 0.0767039 -0.186371 0.988227 -0.0791897 0.996842 -0.00591914 -0.143192 0.185328 0.0205563 0.982462 0.0538921
240 254 2923 0.987267 0.0856418 -0.134051 0.980108 -0.0892222 0.995792 -0.0209226 -0.111007 0.131695 0.0326164 0.990754 0.164516
255 256 715 0.999985 0.00272594 0.00473344 -0.560425 -0.00275776 0.999974 0.00672804 -0.00987229 -0.00471498 -0.006741 0.999966 -0.828146
255 257 6297 0.998936 0.0050981 -0.0458307 0.934257 -0.00512141 0.999987 -0.000391257 0.35659 0.0458281 0.000625559 0.998949 0.00278167
255 258 6336 0.997816 0.0068986 -0.065687 0.976405 -0.00624442 0.999929 0.0101591 0.184351 0.0657524 -0.00972673 0.997789 0.112462
255 259 5767 0.998146 0.0109522 -0.0598735 0.968276 -0.00977159 0.999753 0.0199755 0.113351 0.0600775 -0.0193534 0.998006 0.222694
255 260 3902 0.999383 0.0135535 -0.0324138 0.853631 -0.0125948 0.999483 0.0295987 0.176728 0.0327982 -0.0291722 0.999036 0.48998
255 261 4539 0.99689 0.00140351 -0.0787884 0.852159 0.000899588 0.999574 0.0291883 0.0817803 0.0787957 -0.0291684 0.996464 0.516853
255 262 4192 0.997555 0.0106708 -0.0690646 0.775293 -0.0088627 0.999611 0.026433 0.0277099 0.0693198 -0.0257563 0.997262 0.630993
255 263 3876 0.99909 0.0101947 -0.0414216 0.581034 -0.0091738 0.999651 0.0247614 0.0168344 0.0416596 -0.0243589 0.998835 0.813705
255 264 3925 0.996122 0.00942631 -0.0874725 0.876738 -0.0073092 0.999673 0.024492 -0.0188324 0.0876748 -0.0237576 0.995866 0.480599
255 265 4655 0.987771 0.0148911 -0.1552 0.90825 -0.0117574 0.999708 0.0210898 -0.0304467 0.155469 -0.0190071 0.987658 0.417319
255 266 4570 0.976607 0.00961511 -0.214816 0.955054 -0.00535027 0.999777 0.0204261 -0.0363647 0.214965 -0.018799 0.976441 0.294192
255 267 4133 0.980371 0.0254257 -0.195518 0.933717 -0.0221784 0.999578 0.0187805 -0.0501085 0.195913 -0.0140756 0.98052 0.354487
255 268 4003 0.985196 0.0304522 -0.168705 0.90264 -0.0274166 0.999418 0.0202943 -0.0927414 0.169225 -0.0153685 0.985458 0.420285
255 269 3841 0.984354 0.0287782 -0.173839 0.912792 -0.0253831 0.999442 0.0217223 -0.113013 0.174367 -0.0169699 0.984534 0.392478
270 271 193 0.999934 0.00858193 -0.00767288 0.516954 -0.00855374 0.999957 0.00369947 -0.486821 0.0077043 -0.0036336 0.999964 0.704105
270 272 4251 0.999365 0.0116115 -0.0336892 0.767404 -0.0114856 0.999926 0.00392669 -0.303154 0.0337323 -0.00353726 0.999425 0.564968
270 273 5471 0.996972 0.0183694 -0.0755584 0.883209 -0.0176141 0.999788 0.0106508 -0.295806 0.0757381 -0.00928764 0.997084 0.363925
270 274 5093 0.997142 0.0306039 -0.0690738 0.909441 -0.0302602 0.999524 0.00601684 -0.246119 0.0692251 -0.00390945 0.997593 0.335174
270 275 4851 0.998039 0.0306619 -0.0545718 0.843547 -0.0305859 0.99953 0.00222784 -0.242751 0.0546144 -0.000554347 0.998507 0.479062
270 276 3622 0.999516 0.0273548 -0.0148207 0.60174 -0.027452 0.999603 -0.0063963 -0.267478 0.0146398 0.00680006 0.99987 0.752572
270 277 4611 0.997291 0.0318099 -0.0663167 0.859289 -0.0315922 0.999491 0.00432883 -0.262662 0.0664206 -0.00222201 0.997789 0.438897
270 278 4651 0.996174 0.0405179 -0.0774271 0.844512 -0.0405198 0.999178 0.00154651 -0.230368 0.077426 0.00159674 0.996997 0.483457
270 279 3435 0.999361 0.0237832 -0.026692 0.700893 -0.0240342 0.99967 -0.00912107 -0.245061 0.0264663 0.00975676 0.999602 0.669846
270 280 4320 0.996691 0.0348608 -0.0734272 0.855978 -0.0348449 0.999392 0.00149831 -0.231206 0.0734348 0.00106521 0.997299 0.462435
270 281 4079 0.997107 0.0146375 -0.0745821 0.839766 -0.0139108 0.999851 0.0102535 -0.239531 0.074721 -0.00918636 0.997162 0.487255
270 282 4336 0.994763 0.0264051 -0.0987358 0.849504 -0.0254295 0.999615 0.0111266 -0.207766 0.0989916 -0.00855748 0.995051 0.484951
270 283 3149 0.997416 0.0243732 -0.0675757 0.756433 -0.0239937 0.999691 0.00642217 -0.218669 0.0677114 -0.00478418 0.997693 0.616436
270 284 3968 0.993053 0.036169 -0.111968 0.869075 -0.0352752 0.999328 0.00995415 -0.191409 0.112253 -0.00593531 0.993662 0.456149
285 286 205 0.999938 0.00741284 -0.00825222 0.876143 -0.00741418 0.999973 -0.000131929 0.0972636 0.00825102 0.000193105 0.999966 -0.472137
285 287 2098 0.999874 0.00693981 -0.0142608 0.991103 -0.00688867 0.99997 0.00363225 0.0301479 0.0142856 -0.00353355 0.999892 -0.129637
285 288 5839 0.999294 0.00703772 -0.0368948 0.98175 -0.00671852 0.999939 0.00876842 -0.174892 0.0369543 -0.00851436 0.999281 0.0746998
285 289 793 0.999923 0.00788035 -0.00961814 0.914538 -0.00787006 0.999968 0.00110645 -0.0475356 0.00962656 -0.00103067 0.999953 0.401698
285 290 5941 0.996405 0.00125695 -0.0847124 0.967474 0.000562584 0.99977 0.0214517 -0.252828 0.0847198 -0.0214222 0.996175 0.0085449
285 291 5818 0.998393 0.0194372 -0.0532343 0.990945 -0.0191495 0.999799 0.00590958 -0.125605 0.0533385 -0.00488067 0.998565 -0.0474467
285 292 5834 0.997212 0.0307179 -0.0680105 0.991563 -0.0301984 0.999506 0.00865441 -0.120819 0.0682428 -0.00657647 0.997647 -0.0469603
285 293 3459 0.999332 0.0224535 -0.028825 0.990433 -0.0222589 0.999727 0.00705369 -0.125774 0.0289755 -0.00640737 0.99956 -0.0567665
285 294 5006 0.99642 0.03441 -0.0772233 0.989651 -0.0333436 0.999331 0.0150568 -0.1326 0.0776897 -0.012428 0.9969 -0.0548486
285 295 3724 0.998132 0.0572854 -0.0212381 0.977166 -0.0572917 0.998357 0.000310924 -0.023418 0.021221 0.000906422 0.999774 -0.211181
285 296 4785 0.996977 0.0467998 -0.0620212 0.970277 -0.0450748 0.998565 0.0289273 -0.155444 0.0632859 -0.0260443 0.997656 -0.185473
285 297 4861 0.995946 0.0799414 -0.0412519 0.988044 -0.0789233 0.996548 0.0257481 -0.0637335 0.0431679 -0.022388 0.998817 -0.140384
285 298 5092 0.995573 0.0915716 -0.0211869 0.966654 -0.0909026 0.995388 0.03064 -0.0793864 0.023895 -0.0285784 0.999306 -0.243469
285 299 5230 0.991181 0.119668 -0.0569212 0.993696 -0.117995 0.992501 0.0319145 -0.0864182 0.0603135 -0.0249167 0.997868 -0.071414
300 301 511 0.999962 0.00509259 0.00707899 0.416681 -0.00508952 0.999987 -0.000451326 -0.252808 -0.0070812 0.00041528 0.999975 0.873192
300 302 3099 0.999584 0.0127813 0.0258508 -0.992964 -0.0126541 0.999907 -0.00508113 0.0893125 -0.0259133 0.0047519 0.999653 0.0777496
300 303 541 0.999938 0.00997952 0.00491135 -0.928789 -0.00995065 0.999933 -0.00586759 0.127042 -0.00496958 0.00581836 0.999971 0.348153
300 304 2404 0.999467 0.0307971 0.0108571 -0.820789 -0.0306953 0.999484 -0.00941764 -0.217188 -0.0111415 0.00907936 0.999897 0.528332
300 305 5328 0.999514 0.0175139 -0.0257832 0.961914 -0.0177287 0.99981 -0.00812802 -0.269295 0.025636 0.00858117 0.999635 -0.0469332
300 306 3561 0.999226 0.0316088 -0.0234132 0.994117 -0.0321382 0.999228 -0.022591 -0.104071 0.022681 0.023326 0.999471 0.0300253
300 307 2506 0.999831 0.0128388 0.0131666 -0.949462 -0.0124032 0.99939 -0.0326547 0.178505 -0.0135778 0.0324859 0.99938 -0.258182
300 308 3975 0.999016 0.0204535 -0.0393601 0.95194 -0.0215756 0.999367 -0.0282973 -0.0728008 0.0387563 0.0291186 0.998824 -0.297506
300 309 2206 0.999989 -0.00365974 0.00301469 -0.979307 0.00376146 0.999399 -0.0344572 0.15181 -0.00288677 0.0344682 0.999402 0.133833
300 310 3134 0.999111 -0.00705331 -0.0415694 0.944135 0.00579584 0.999524 -0.0302932 -0.121508 0.0417633 0.0300253 0.998676 -0.30634
300 311 2436 0.999939 -0.0110417 -0.000876156 -0.982187 0.0110026 0.999281 -0.0362942 0.13727 0.00127627 0.0362823 0.999341 -0.12832
300 312 2363 0.999853 -0.0117517 -0.0125216 -0.906043 0.0112919 0.999282 -0.0361728 0.215684 0.0129377 0.0360261 0.999267 -0.364096
300 313 2921 0.998261 -0.00958578 -0.0581666 0.990826 0.00741923 0.999275 -0.0373496 -0.134504 0.0584825 0.0368531 0.997608 -0.013171
300 314 3052 0.996482 -0.0130141 -0.0827868 0.911748 0.00973843 0.999158 -0.0398485 -0.0724151 0.0832358 0.0389021 0.99577 -0.404316
315 316 1338 0.999946 -0.00543297 -0.00890842 0.392481 0.00543002 0.999985 -0.000354772 -0.2256 0.00891021 0.00030638 0.99996 0.891663
315 317 264 0.999978 -0.00489601 -0.0045287 -0.745818 0.00484484 0.999925 -0.0112425 0.227147 0.00458341 0.0112203 0.999927 -0.626227
315 318 1921 0.999988 -0.00293236 -0.00402393 -0.637138 0.00286838 0.999871 -0.015815 0.308794 0.00406979 0.0158033 0.999867 -0.706188
315 319 6743 0.998358 0.00300752 -0.0572088 0.952958 -0.00317687 0.999991 -0.00286947 -0.221971 0.0571996 0.00304651 0.998358 -0.2064
315 320 4038 0.999258 -0.0106932 -0.0370066 0.915559 0.0102236 0.999865 -0.0128557 -0.147104 0.0371391 0.0124678 0.999232 -0.374314
315 321 6129 0.999716 -0.0210388 0.0111875 -0.844068 0.0213388 0.999397 -0.0274049 0.292796 -0.0106042 0.0276358 0.999562 -0.449242
315 322 4103 0.998959 1.20008e-05 -0.0456225 0.993725 -0.000987442 0.999771 -0.0213582 -0.0249182 0.0456118 0.021381 0.99873 -0.109037
315 323 4180 0.998675 -0.0036219 -0.0513299 0.957535 0.00255084 0.999778 -0.0209164 -0.077591 0.0513943 0.0207577 0.998463 -0.277681
315 324 4173 0.998029 -0.0160444 -0.0606609 0.964386 0.0149354 0.999714 -0.0186904 -0.101792 0.0609435 0.0177475 0.997983 -0.244128
315 325 5644 0.995936 -0.00982132 -0.0895271 0.955581 0.00869754 0.999879 -0.0129339 -0.107221 0.0896432 0.0121027 0.9959 -0.274534
315 326 5604 0.9955 0.00233623 -0.0947319 0.953606 -0.0036591 0.999898 -0.0137931 -0.0536299 0.09469 0.0140777 0.995407 -0.296242
315 327 4238 0.995702 -0.00879079 -0.0921931 0.94835 0.00761563 0.999885 -0.0130908 -0.0613865 0.0922976 0.0123324 0.995655 -0.311231
