0 1 18 0.999993 0.00326387 0.00205869 -0.696251 -0.00326732 0.999993 0.00167661 0.0358451 -0.0020532 -0.00168333 0.999996 -0.716903
0 2 279 0.999147 0.0119525 -0.0395153 0.845663 -0.0124109 0.999858 -0.0113755 0.389963 0.0393738 0.0118563 0.999154 -0.364395
0 3 185 0.999005 0.0149749 -0.0420116 0.797977 -0.0149673 0.999888 0.000496084 0.207786 0.0420143 0.000133209 0.999117 -0.565736
0 4 178 0.997785 0.0252017 -0.0615616 0.803928 -0.0253928 0.999675 -0.0023243 0.285785 0.061483 0.00388238 0.998101 -0.521562
0 5 229 0.996431 0.0285509 -0.0794414 0.894323 -0.028742 0.999586 -0.00126392 0.283041 0.0793724 0.00354271 0.996839 -0.346517
0 6 238 0.99565 0.0212193 -0.0907195 0.852461 -0.020844 0.99977 0.00508209 0.184515 0.0908065 -0.00316902 0.995864 -0.489147
0 7 203 0.993946 0.0289573 -0.105986 0.87923 -0.0287721 0.999581 0.00327664 0.23015 0.106036 -0.00020738 0.994362 -0.417117
0 8 190 0.992381 0.035902 -0.117861 0.876274 -0.0350765 0.999343 0.00907232 0.219359 0.11811 -0.00486904 0.992989 -0.428983
0 9 179 0.990001 0.0314586 -0.137505 0.892405 -0.0302123 0.999481 0.0111417 0.200737 0.137784 -0.00687597 0.990438 -0.404126
0 10 156 0.991822 0.0332113 -0.12323 0.847109 -0.0316846 0.999395 0.0143284 0.232251 0.123631 -0.0103067 0.992275 -0.47798
0 11 178 0.982827 0.0466279 -0.178543 0.916749 -0.0467229 0.998901 0.0036752 0.223631 0.178518 0.00472996 0.983925 -0.331
0 12 152 0.977375 0.0550347 -0.20423 0.923194 -0.0562409 0.998417 -0.00010189 0.220043 0.203901 0.0115857 0.978923 -0.315111
0 13 134 0.981963 0.0665063 -0.176988 0.88965 -0.0638069 0.997743 0.0209066 0.172585 0.177979 -0.0092364 0.983991 -0.422773
0 14 113 0.971724 0.071436 -0.225052 0.919904 -0.0699752 0.997444 0.0144712 0.187126 0.225511 0.00168604 0.974239 -0.344615
15 16 89 0.99992 -6.34204e-05 -0.0126471 0.745186 3.38231e-05 0.999997 -0.00234045 -0.0668709 0.0126472 0.00233984 0.999917 -0.663496
15 17 146 0.99951 -0.00163342 -0.0312461 0.796898 0.00140117 0.999971 -0.00745366 0.175728 0.0312573 0.00740623 0.999484 -0.577991
15 18 180 0.998486 -0.00123661 -0.0549961 0.860619 0.000278979 0.999848 -0.0174169 0.33642 0.0550093 0.0173752 0.998335 -0.382304
15 19 183 0.998398 0.00572427 -0.0562987 0.868525 -0.0061936 0.999947 -0.00816543 0.287709 0.056249 0.00850104 0.998381 -0.403594
15 20 151 0.998335 -0.00125256 -0.0576661 0.803953 0.000452279 0.999903 -0.0138888 0.36547 0.0576779 0.0138396 0.998239 -0.469138
15 21 160 0.995426 0.00182496 -0.095514 0.886866 -0.00282425 0.999943 -0.0103281 0.270114 0.0954897 0.0105506 0.995375 -0.374844
15 22 142 0.993992 0.0149292 -0.108432 0.916 -0.0160332 0.999828 -0.00931644 0.250732 0.108275 0.010999 0.99406 -0.313174
15 23 125 0.998984 0.0382368 -0.0238351 0.55304 -0.0377381 0.999066 0.0210304 0.000333793 0.024617 -0.0201096 0.999495 -0.833155
15 24 111 0.990774 0.0337733 -0.131248 0.933548 -0.0339516 0.999423 0.000879841 0.112472 0.131202 0.00358434 0.991349 -0.340349
15 25 113 0.989897 0.0407606 -0.135807 0.901827 -0.0412846 0.999147 -0.00104327 0.0823942 0.135648 0.00663945 0.990735 -0.424168
15 26 104 0.981118 0.034777 -0.190257 0.941371 -0.0410781 0.998727 -0.029275 0.170341 0.188996 0.0365377 0.981298 -0.291213
15 27 83 0.988279 0.0644042 -0.138407 0.893868 -0.06357 0.997923 0.0104438 -0.0953166 0.138792 -0.00152282 0.99032 -0.438081
15 28 81 0.951763 0.0344811 -0.304891 0.980621 -0.0490296 0.997989 -0.0401876 0.0884199 0.302892 0.0531977 0.951539 -0.174828
15 29 64 0.955949 0.0816419 -0.281951 0.970382 -0.0813007 0.996606 0.0129293 -0.116564 0.282049 0.0105631 0.959342 -0.211592
30 31 167 0.999477 -0.00708558 -0.0315367 0.964495 0.00699679 0.999971 -0.00292489 0.253795 0.0315565 0.00270271 0.999498 -0.0730601
30 32 24 0.999939 0.00969387 0.0052884 0.334327 -0.00974915 0.999897 0.0105294 -0.189855 -0.00518578 -0.0105803 0.999931 -0.923136
30 33 47 0.999473 0.0292077 0.0141844 -0.368923 -0.0293008 0.99955 0.00640213 0.296005 -0.013991 -0.00681436 0.999879 0.881066
30 34 96 0.987395 0.0546453 -0.148545 0.857214 -0.0386552 0.993347 0.108478 -0.508114 0.153484 -0.101368 0.982938 0.0836846
30 35 60 0.99662 0.0375215 -0.0730788 0.692768 -0.0418898 0.997368 -0.0591887 0.465591 0.0706656 0.0620499 0.995568 0.550724
30 36 47 0.987435 0.0481088 -0.150522 0.997228 -0.0459525 0.998786 0.017773 0.0438147 0.151194 -0.0106328 0.988447 0.0601386
30 37 28 0.982097 0.163785 0.0930601 -0.507192 -0.16624 0.985898 0.0192214 0.611191 -0.0885995 -0.0343477 0.995475 0.60762
30 38 74 0.995308 0.076698 -0.0589842 0.969851 -0.0744325 0.996436 0.039694 0.0718137 0.0618184 -0.0351174 0.997469 0.232877
30 39 50 0.988737 0.0873718 0.121509 -0.385067 -0.0934507 0.994595 0.0452531 0.0982886 -0.116898 -0.0560986 0.991558 0.91764
30 40 48 0.996551 0.0713584 -0.042357 0.949616 -0.0694342 0.996558 0.0452835 0.0371899 0.0454425 -0.0421863 0.998076 0.311201
30 41 50 0.994373 0.0557408 -0.090088 0.95897 -0.0537339 0.998253 0.0245526 0.097983 0.0912992 -0.0195736 0.995631 0.266036
30 42 18 0.986715 0.0684965 0.147318 -0.342733 -0.0743671 0.996627 0.0347115 0.0299894 -0.144443 -0.045206 0.98848 0.938954
30 43 41 0.962554 0.221443 0.156376 -0.394611 -0.223003 0.974787 -0.00772034 0.566659 -0.154143 -0.0274411 0.987667 0.723312
30 44 18 0.978844 0.119045 0.166411 0.383372 -0.124632 0.991925 0.0235032 0.209257 -0.16227 -0.0437461 0.985776 0.899576
45 46 0 1 0 0 0 0 1 0 0 0 0 1 0
45 47 135 0.999001 0.0143172 -0.0423225 0.985715 -0.014233 0.999896 0.00229132 0.0940879 0.0423509 -0.00168666 0.999101 -0.139694
45 48 125 0.994081 0.0211788 -0.106561 0.941 -0.0171639 0.999113 0.0384538 -0.310426 0.10728 -0.0363972 0.993562 -0.13474
45 49 125 0.990846 0.0280612 -0.132052 0.957204 -0.0230725 0.998967 0.0391578 -0.240983 0.133014 -0.0357525 0.990469 -0.160275
45 50 104 0.988766 0.0556826 -0.138715 0.914811 -0.0455651 0.996136 0.0750767 -0.383178 0.14236 -0.0679127 0.987482 -0.127656
45 51 99 0.995591 0.0354096 -0.0868604 0.976663 -0.0332763 0.999111 0.0258869 -0.03185 0.0876999 -0.0228823 0.995884 -0.212404
45 52 44 0.997242 0.0727466 -0.0147258 0.787145 -0.0720505 0.996461 0.0432824 -0.215899 0.0178224 -0.042102 0.998954 -0.577745
45 53 65 0.992125 0.110829 -0.0583442 0.912264 -0.106054 0.991185 0.0794035 -0.164693 0.0666301 -0.0725906 0.995134 0.375035
45 54 49 0.99617 0.0815716 -0.0314956 0.883937 -0.0794726 0.994847 0.0629615 -0.0235732 0.0364692 -0.0602173 0.997519 -0.467012
45 55 19 0.996871 0.0764591 0.0200451 -0.478695 -0.0774628 0.995461 0.0552934 -0.123354 -0.0157264 -0.0566732 0.998269 -0.869272
45 56 47 0.963259 0.0848553 -0.254819 0.991489 -0.0877069 0.996146 0.00017209 0.130108 0.253851 0.0221836 0.966989 0.00471258
45 57 51 0.952999 0.130954 -0.27321 0.950247 -0.104767 0.988572 0.108398 -0.242083 0.284283 -0.0746796 0.955827 -0.196027
45 58 49 0.959662 0.124501 -0.252089 0.990304 -0.12518 0.992043 0.0134051 0.1179 0.251752 0.0186923 0.967611 0.0734713
45 59 42 0.935926 0.149005 -0.319123 0.98468 -0.120861 0.986954 0.106366 -0.114 0.330809 -0.0609812 0.941725 0.131947
60 61 156 0.999689 0.0159838 -0.0191445 0.896056 -0.0161111 0.999849 -0.00651355 0.289762 0.0190375 0.00681996 0.999796 0.336335
60 62 123 0.999348 0.0206021 -0.0296352 0.893559 -0.0208787 0.999741 -0.00905479 0.172819 0.029441 0.00966763 0.99952 0.41435
60 63 73 0.999302 0.0287206 -0.0238728 0.837574 -0.028874 0.999564 -0.00610358 0.101185 0.0236871 0.00678862 0.999696 0.536872
60 64 74 0.999111 0.0364139 -0.0212626 0.698616 -0.0363686 0.999335 0.0025141 -0.0657083 0.02134 -0.00173858 0.999771 0.712473
60 65 65 0.998287 0.0327696 -0.0484783 0.851196 -0.0330448 0.999442 -0.00488598 0.0108456 0.0482911 0.00647956 0.998812 0.524736
60 66 98 0.987799 0.010012 -0.15541 0.946741 -0.0187111 0.998332 -0.0546134 0.261945 0.154604 0.0568549 0.986339 0.187259
60 67 58 0.997176 0.0282811 -0.0695653 0.93878 -0.0290738 0.999523 -0.0104077 -0.00331342 0.0692378 0.0124009 0.997523 0.344501
60 68 73 0.994903 0.0313531 -0.0958415 0.901273 -0.0326772 0.999391 -0.012277 -0.0205585 0.0953982 0.0153463 0.995321 0.432764
60 69 63 0.996398 0.0291709 -0.0796281 0.843321 -0.0300073 0.999506 -0.00932694 -0.0629928 0.0793167 0.0116828 0.996781 0.533706
60 70 49 0.99416 0.032141 -0.103017 0.859701 -0.0332679 0.999404 -0.00923951 -0.0557936 0.102659 0.0126127 0.994637 0.507742
60 71 52 0.995497 0.0253918 -0.0913277 0.821322 -0.0259933 0.999648 -0.00540287 -0.0806019 0.0911584 0.00775245 0.995806 0.564741
60 72 55 0.99205 0.0348491 -0.120926 0.834503 -0.0357469 0.999347 -0.00526184 -0.077811 0.120664 0.00954274 0.992648 0.545481
60 73 53 0.98932 0.0439231 -0.138987 0.85431 -0.0448872 0.998985 -0.00380826 -0.114491 0.138679 0.0100063 0.990287 0.506997
60 74 47 0.990848 0.0407523 -0.128686 0.809965 -0.0417058 0.999119 -0.00472249 -0.140359 0.12838 0.0100462 0.991674 0.569435
75 76 0 1 0 0 0 0 1 0 0 0 0 1 0
75 77 93 0.999454 0.0164137 -0.0286912 0.760123 -0.0165602 0.999851 -0.00487673 -0.277535 0.0286069 0.0053492 0.999576 0.587526
75 78 83 0.999493 0.0171829 -0.0267928 0.836465 -0.0175549 0.999752 -0.0137112 -0.374549 0.0265505 0.0141746 0.999547 0.400049
75 79 81 0.999066 0.0226291 -0.0368156 0.803696 -0.0233337 0.999551 -0.0188237 -0.236983 0.0363731 0.0196651 0.999145 0.545813
75 80 81 0.998642 0.0253512 -0.0455118 0.85562 -0.0262662 0.999462 -0.0196202 -0.336431 0.0449899 0.020789 0.998771 0.393355
75 81 110 0.997138 0.0309554 -0.0689811 0.874646 -0.0321454 0.999352 -0.0162088 -0.358054 0.0684347 0.0183798 0.997486 0.326791
75 82 68 0.9985 0.0248144 -0.0488038 0.851366 -0.0263285 0.999184 -0.0306302 -0.359636 0.0480039 0.0318692 0.998339 0.381887
75 83 62 0.999338 0.0212231 -0.0295394 0.752752 -0.0223565 0.999005 -0.0385826 -0.382856 0.0286911 0.0392174 0.998819 0.535524
75 84 57 0.998489 0.0249054 -0.0489843 0.766435 -0.0267609 0.998935 -0.0375942 -0.361396 0.0479958 0.0388483 0.998092 0.531008
75 85 82 0.99564 0.0334123 -0.0870932 0.87318 -0.0367134 0.998656 -0.0365814 -0.350101 0.0857539 0.0396194 0.995528 0.339097
75 86 56 0.99815 0.0265398 -0.0547065 0.807686 -0.0292913 0.998313 -0.0501247 -0.348628 0.0532839 0.0516344 0.997244 0.475501
75 87 75 0.994301 0.036947 -0.100004 0.86873 -0.0412169 0.99831 -0.0409726 -0.340316 0.0983214 0.044861 0.994143 0.359853
75 88 52 0.992189 0.0457334 -0.116059 0.857739 -0.0514396 0.997586 -0.0466563 -0.318616 0.113645 0.0522619 0.992146 0.403444
75 89 40 0.993699 0.0437655 -0.103179 0.868015 -0.0492505 0.997472 -0.0512252 -0.310062 0.100676 0.0559841 0.993343 0.38783
90 91 38 0.99999 0.00122981 0.00434815 -0.405439 -0.00124217 0.999995 0.00284113 -0.210071 -0.00434463 -0.0028465 0.999987 0.889657
90 92 127 0.999188 0.0193817 -0.0353317 0.997701 -0.0191807 0.999798 0.00601664 0.0599784 0.0354412 -0.00533407 0.999358 0.0315559
90 93 0 1 0 0 0 0 1 0 0 0 0 1 0
90 94 81 0.99876 0.0279272 -0.0412089 0.971603 -0.0274373 0.999547 0.0124058 0.133332 0.0415367 -0.0112598 0.999074 0.195472
90 95 84 0.997309 0.0413534 -0.0605408 0.984036 -0.040041 0.998939 0.0227327 0.133645 0.0614167 -0.0202474 0.997907 -0.117526
90 96 96 0.995414 0.0535073 -0.079291 0.986202 -0.051208 0.998214 0.0307554 0.163682 0.0807951 -0.0265541 0.996377 0.0247571
90 97 73 0.991991 0.068073 -0.106391 0.987566 -0.0642923 0.997185 0.0385741 0.154098 0.108718 -0.031425 0.993576 -0.0311006
90 98 36 0.765748 0.232327 -0.599711 0.709919 0.207826 0.793059 0.572596 -0.606971 0.608636 -0.5631 0.559 0.357213
90 99 42 0.99553 0.0812896 -0.0480746 0.952505 -0.0772508 0.993747 0.0806197 0.273264 0.0543275 -0.0765456 0.995585 -0.134393
90 100 54 0.993747 0.0928273 -0.0620406 0.97281 -0.0867934 0.991806 0.0937429 0.206758 0.0702341 -0.087772 0.993662 0.104364
90 101 32 0.991573 0.10451 -0.0765599 0.974961 -0.0966967 0.990328 0.0995014 0.222375 0.0862184 -0.0912597 0.992088 0.000443706
90 102 42 0.980289 0.126066 -0.152123 0.959076 -0.112956 0.989334 0.0919779 0.258767 0.162096 -0.0729817 0.984072 -0.114944
90 103 30 0.98995 0.140143 -0.018946 0.962409 -0.136074 0.980435 0.142237 0.0536525 0.0385089 -0.138229 0.989651 0.266252
90 104 41 0.97599 0.149646 -0.158271 0.971917 -0.133855 0.985297 0.106177 0.23469 0.171832 -0.082442 0.98167 -0.0172801
105 106 0 1 0 0 0 0 1 0 0 0 0 1 0
105 107 41 0.999723 0.021371 -0.00984347 -0.805099 -0.0212712 0.999722 0.010132 -0.18497 0.0100573 -0.00991976 0.9999 -0.563561
105 108 124 0.999253 0.0271836 0.0274861 -0.919131 -0.0281058 0.999035 0.0337414 -0.391992 -0.0265423 -0.0344887 0.999053 -0.0392613
105 109 48 0.999438 0.030679 -0.0135101 -0.919758 -0.0303451 0.999245 0.0242624 -0.372033 0.0142442 -0.0238388 0.999614 -0.125045
105 110 78 0.999795 0.0164263 0.0118267 -0.962635 -0.0168718 0.999112 0.0386123 -0.22925 -0.011182 -0.0388039 0.999184 -0.144146
105 111 66 0.996116 0.0296317 -0.0829159 0.924545 -0.0274376 0.999246 0.0274769 0.29333 0.0836675 -0.0250952 0.996178 -0.243259
105 112 75 0.999006 0.0437786 -0.00834317 -0.924787 -0.0432759 0.997652 0.0530854 -0.304334 0.0106476 -0.0526716 0.998555 -0.228363
105 113 51 0.997083 0.0315461 -0.0694988 0.975009 -0.029505 0.999108 0.0302033 0.216164 0.0703896 -0.0280646 0.997125 -0.0512978
105 114 85 0.987664 0.0144975 -0.155917 0.992344 -0.011348 0.999714 0.0210712 0.118026 0.156178 -0.0190419 0.987545 0.036384
105 115 51 0.993161 0.0219945 -0.114661 0.987181 -0.0197978 0.999599 0.0202618 0.158933 0.11506 -0.0178533 0.993198 -0.0146265
105 116 57 0.990805 0.0218248 -0.133525 0.988731 -0.0199789 0.999686 0.015149 0.128456 0.133814 -0.012342 0.99093 -0.0768781
105 117 38 0.990823 0.0272929 -0.132379 0.975621 -0.0256834 0.999574 0.0138514 0.1264 0.1327 -0.0103244 0.991102 -0.179405
105 118 40 0.984835 0.0417492 -0.168395 0.97201 -0.0393017 0.999068 0.0178429 0.0853126 0.168983 -0.0109541 0.985558 -0.218903
105 119 15 0.992189 0.0179579 -0.123445 0.414773 -0.0151772 0.99961 0.0234295 0.279031 0.123818 -0.0213729 0.992075 0.866086
120 121 0 1 0 0 0 0 1 0 0 0 0 1 0
120 122 104 0.999522 -0.00733473 0.0300197 -0.792528 0.00742919 0.999968 -0.00303622 0.334222 -0.0299965 0.0032578 0.999545 -0.510093
120 123 31 0.999725 -0.00508335 0.0229073 0.825677 0.00504857 0.999986 0.00157587 -0.255604 -0.022915 -0.00145979 0.999736 0.502915
120 124 142 0.999277 0.00512136 -0.0376735 0.978673 -0.00469213 0.999923 0.0114729 -0.19227 0.0377293 -0.0112879 0.999224 0.072325
120 125 35 0.999921 -0.00827408 0.0094781 0.796697 0.00823521 0.999958 0.00413242 -0.184513 -0.00951189 -0.00405404 0.999947 0.575524
120 126 32 0.999966 -0.000290167 0.00827593 0.891003 0.000302511 0.999999 -0.00149035 -0.332212 -0.00827549 0.00149281 0.999965 0.309434
120 127 51 0.99994 0.00497491 -0.00974559 0.929717 -0.00498429 0.999987 -0.000938145 -0.326268 0.0097408 0.000986663 0.999952 0.170809
120 128 40 0.999885 0.0127052 -0.00829666 0.901938 -0.0126979 0.999919 0.000927611 -0.330457 0.00830777 -0.000822154 0.999965 -0.27804
120 129 33 0.999912 0.00610849 -0.0117606 0.945519 -0.00603819 0.999964 0.00600352 -0.325257 0.0117968 -0.00593198 0.999913 0.0142393
120 130 91 0.99909 0.00402085 -0.0424536 0.932646 -0.00345255 0.999904 0.0134514 -0.297316 0.0425036 -0.0132926 0.999008 0.204386
120 131 107 0.998511 0.00983511 -0.0536504 0.954081 -0.00935716 0.999914 0.00915241 -0.283476 0.0537358 -0.00863677 0.998518 0.0968003
120 132 77 0.999124 0.0052189 -0.0415237 0.948175 -0.0050483 0.999978 0.00421233 -0.164559 0.0415448 -0.00399901 0.999129 -0.271817
120 133 53 0.999719 -0.0193669 -0.0136682 -0.86527 0.0194063 0.999808 0.00275625 0.209349 0.0136122 -0.00302073 0.999903 -0.455501
120 134 19 0.999242 -0.0162319 -0.0353916 0.946011 0.0163676 0.99986 0.00354645 -0.251118 0.0353291 -0.00412304 0.999367 0.204944
135 136 0 1 0 0 0 0 1 0 0 0 0 1 0
135 137 10 0.999841 0.00159881 -0.0177858 0.901452 -0.00135272 0.999903 0.0138397 0.0744481 0.0178062 -0.0138135 0.999746 0.426429
135 138 81 0.999961 -0.00153415 -0.00873921 -0.922244 0.00178537 0.999583 0.0288107 -0.0283745 0.00869137 -0.0288252 0.999547 -0.385566
135 139 78 0.997036 0.0151261 -0.0754368 0.955386 -0.0128056 0.999433 0.0311493 0.109444 0.0758652 -0.030091 0.996664 -0.274335
135 140 56 0.997059 0.0223876 -0.0732973 0.950937 -0.0198985 0.999206 0.0345154 0.182948 0.0740118 -0.0329554 0.996713 -0.249496
135 141 49 0.995752 0.026933 -0.0880506 0.886693 -0.0234186 0.998897 0.0407054 0.0917692 0.0890498 -0.0384705 0.995284 -0.45316
135 142 87 0.999961 -0.00387495 0.00794823 -0.969311 0.0034358 0.998506 0.0545392 0.00433952 -0.00814769 -0.0545098 0.99848 -0.2458
135 143 103 0.990932 0.0356236 -0.129556 0.962014 -0.0286278 0.99805 0.0554658 0.123317 0.131279 -0.051254 0.99002 -0.243563
135 144 92 0.990059 0.0430311 -0.133909 0.947009 -0.0349511 0.997457 0.0621171 0.0993409 0.136241 -0.0568193 0.989045 -0.305458
135 145 89 0.987882 0.0565519 -0.144536 0.94895 -0.0480257 0.996931 0.0618162 0.133243 0.147588 -0.0541257 0.987567 -0.285902
135 146 32 0.988634 0.0735184 -0.131141 0.952612 -0.0651505 0.995624 0.0670009 0.175605 0.135493 -0.0576954 0.989097 -0.248381
135 147 85 0.983618 0.0839881 -0.159503 0.938023 -0.0740806 0.994993 0.0670867 0.124431 0.164339 -0.0541716 0.984915 -0.323464
135 148 62 0.981866 0.0920423 -0.16573 0.958213 -0.0831045 0.994727 0.0600946 0.169148 0.170388 -0.0452319 0.984338 -0.230686
135 149 25 0.982329 0.095435 -0.161001 0.885086 -0.0865822 0.994366 0.0611492 0.12386 0.16593 -0.0461288 0.985058 -0.448644
150 151 165 0.99931 0.00180772 -0.0370946 0.936958 -0.00149008 0.999962 0.00858896 0.00668203 0.0371087 -0.00852776 0.999275 -0.349379
150 152 131 0.99883 -0.0022855 -0.048314 0.990232 0.00259638 0.999976 0.00637276 0.0785725 0.0482983 -0.00649074 0.998812 -0.115182
150 153 60 0.999631 -0.00679448 -0.0263191 -0.926774 0.00681235 0.999977 0.000589447 -0.052314 0.0263145 -0.000768525 0.999653 -0.371959
150 154 58 0.997659 -0.0113996 -0.0674351 0.914392 0.0110352 0.999922 -0.00577276 -0.0044974 0.0674956 0.00501509 0.997707 -0.404806
150 155 111 0.994688 -0.00514859 -0.102811 0.973547 0.00385948 0.999911 -0.0127335 0.0122287 0.102868 0.0122691 0.994619 -0.22816
150 156 63 0.995507 -0.0126699 -0.0938346 0.849583 0.0112031 0.999807 -0.0161417 0.0170254 0.094021 0.0150179 0.995457 -0.52718
150 157 63 0.992723 -0.0199702 -0.11875 0.950246 0.0183538 0.999724 -0.0146901 0.0213653 0.11901 0.0124037 0.992816 -0.310766
150 158 60 0.991813 -0.0166195 -0.126614 0.871205 0.0149967 0.999793 -0.0137594 0.0776435 0.126817 0.011748 0.991857 -0.484741
150 159 85 0.988131 -0.0116548 -0.15317 0.937193 0.01054 0.999912 -0.00808821 0.0982008 0.15325 0.0063778 0.988167 -0.334701
150 160 54 0.988439 -0.00835857 -0.151387 0.950074 0.00714592 0.999938 -0.0085526 0.0846649 0.151449 0.00737193 0.988438 -0.300319
150 161 51 0.987017 -0.00051983 -0.160618 0.893443 -0.000910896 0.999961 -0.00883388 0.117963 0.160616 0.00886549 0.986977 -0.433411
150 162 47 0.98746 -0.000158363 -0.157868 0.952544 -0.000360202 0.999995 -0.00325618 0.102524 0.157868 0.00327221 0.987455 -0.286617
150 163 85 0.978155 0.00604872 -0.20779 0.969668 -0.00654369 0.999977 -0.00169483 0.120821 0.207775 0.00301752 0.978172 -0.212476
150 164 41 0.987093 -4.76408e-05 -0.160147 0.665784 0.00287584 0.999844 0.0174283 0.0803452 0.160121 -0.0176639 0.986939 0.741806
165 166 21 0.999903 0.0091094 -0.0105653 0.538248 -0.00906402 0.99995 0.0043351 -0.0326546 0.0106042 -0.00423892 0.999935 -0.842154
165 167 183 0.998974 0.0128081 -0.0434388 0.991136 -0.0125601 0.999903 0.00597629 0.132711 0.0435111 -0.00542456 0.999038 -0.00609412
165 168 77 0.998425 0.0262042 -0.0496096 0.988392 -0.0253458 0.999519 0.0178533 -0.126319 0.0500536 -0.0165678 0.998609 0.0844122
165 169 63 0.998543 0.0327943 -0.0428613 0.891219 -0.0321594 0.999364 0.0154186 -0.0968175 0.0433397 -0.0140178 0.998962 0.44312
165 170 68 0.997043 0.0350765 -0.0683705 0.960089 -0.0340875 0.999297 0.0155791 -0.0313807 0.068869 -0.0132024 0.997538 0.277928
165 171 45 0.996582 0.0379548 -0.073377 0.878886 -0.0363656 0.999077 0.0228735 0.0196235 0.0741774 -0.0201269 0.997042 0.476629
165 172 141 0.993493 0.0448224 -0.104701 0.923387 -0.0417674 0.99864 0.0311917 -0.0886431 0.105957 -0.0266156 0.994014 0.373495
165 173 113 0.990868 0.0551869 -0.123027 0.885854 -0.0520869 0.998242 0.0282761 -0.0391722 0.124371 -0.0216098 0.992 0.462307
165 174 114 0.989092 0.0642866 -0.132533 0.870852 -0.0609046 0.99771 0.0294203 -0.24676 0.134121 -0.0210275 0.990742 0.425119
165 175 77 0.988741 0.0717629 -0.131303 0.930675 -0.0696698 0.99736 0.020472 -0.176691 0.132426 -0.0110937 0.991131 0.320349
165 176 58 0.98915 0.0742726 -0.126753 0.332086 -0.0740089 0.997234 0.00679539 -0.0201215 0.126907 0.00265917 0.991911 0.943034
165 177 26 0.987201 0.0780729 -0.139066 0.93061 -0.0779894 0.996936 0.00605797 -0.214674 0.139113 0.00486527 0.990265 0.296446
165 178 31 0.986108 0.0834507 -0.143619 0.934877 -0.0829558 0.996509 0.00944082 -0.208863 0.143905 0.00260432 0.989588 0.287021
165 179 31 0.985666 0.0768286 -0.150202 0.921562 -0.0755595 0.997041 0.0141462 -0.197765 0.150844 -0.00259422 0.988554 0.334085
180 181 31 0.999985 0.000643866 0.00548308 -0.703152 -0.000643318 1 -0.000101621 0.119342 -0.00548315 9.80919e-05 0.999985 0.700952
180 182 187 0.999264 0.00703321 -0.0376969 0.992748 -0.00665818 0.999927 0.0100649 -0.119512 0.0377649 -0.00980653 0.999239 -0.012968
180 183 85 0.999237 0.00707686 -0.0384152 0.982793 -0.00666552 0.999919 0.0108253 -0.145184 0.0384887 -0.010561 0.999203 0.114189
180 184 138 0.998445 0.0140883 -0.0539429 0.90852 -0.0136225 0.999867 0.00899374 -0.116808 0.0540624 -0.00824491 0.998504 0.401182
180 185 122 0.998441 0.0111175 -0.0546988 0.974143 -0.0109085 0.999932 0.00411728 -0.131111 0.0547409 -0.00351417 0.998494 0.183998
180 186 78 0.997843 0.00583368 -0.0653844 0.983265 -0.00535918 0.999958 0.00743016 -0.113857 0.065425 -0.00706372 0.997832 0.142223
180 187 44 0.997612 0.00635391 -0.0687806 0.979167 -0.00583519 0.999953 0.00773998 -0.202915 0.0688265 -0.00732015 0.997602 0.00753343
180 188 76 0.99689 0.0153287 -0.0772998 0.967307 -0.0145989 0.999843 0.0099978 -0.151209 0.077441 -0.00883822 0.996958 0.203601
180 189 39 0.996173 0.015619 -0.0859908 0.985641 -0.0143492 0.999779 0.0153649 -0.168037 0.0862117 -0.0140723 0.996177 -0.0165924
180 190 35 0.995048 0.0138884 -0.09842 0.983336 -0.011777 0.999689 0.0220019 -0.0996618 0.0986949 -0.0207338 0.994902 0.152048
180 191 27 0.993776 0.0208162 -0.109435 0.962773 -0.0180664 0.999497 0.0260589 -0.214262 0.109923 -0.0239196 0.993652 -0.164801
180 192 54 0.991333 0.0327187 -0.127232 0.987366 -0.0294767 0.999193 0.0272813 -0.15024 0.128022 -0.0232945 0.991498 0.0503684
180 193 26 0.993527 0.0333616 -0.108587 0.77885 -0.0312589 0.99929 0.0210092 0.0411355 0.109211 -0.0174789 0.993865 0.62586
180 194 59 0.986906 0.0392726 -0.156443 0.987398 -0.0357889 0.999046 0.0250244 -0.130929 0.157277 -0.0190978 0.98737 0.0888969
195 196 46 0.999966 0.00635255 0.00518693 -0.72333 -0.00635766 0.999979 0.000969272 0.0534761 -0.00518066 -0.00100222 0.999986 0.688428
195 197 113 0.999879 0.00778227 0.0134521 -0.979946 -0.00776528 0.999969 -0.00131476 0.165947 -0.013462 0.00121014 0.999909 -0.110302
195 198 134 0.998851 0.0148646 -0.0455587 0.996088 -0.0145064 0.999861 0.00818107 -0.0763585 0.0456739 -0.00751078 0.998928 -0.0444825
195 199 42 0.999183 0.0297174 -0.0273867 0.924336 -0.0295534 0.999543 0.00637326 -0.0882482 0.0275636 -0.00555868 0.999605 -0.371234
195 200 38 0.998447 0.0523429 -0.0190966 0.9133 -0.052395 0.998624 -0.00223962 -0.0640927 0.0189531 0.00323671 0.999815 -0.402213
195 201 34 0.998376 0.0468454 -0.0324081 0.929772 -0.0470417 0.998879 -0.00532257 -0.0925145 0.0321224 0.00683846 0.999461 -0.356321
195 202 108 0.993941 0.06004 -0.0920645 0.997334 -0.0609985 0.998109 -0.00763075 -0.0252324 0.0914322 0.0132003 0.995724 0.0684654
195 203 94 0.995135 0.0647827 -0.074225 0.997319 -0.0657306 0.997783 -0.0103974 0.000757005 0.0733869 0.0152257 0.997187 0.0731673
195 204 30 0.995617 0.0684463 -0.0637348 0.8944 -0.0692137 0.997553 -0.00990802 -0.0817526 0.0629007 0.0142759 0.997918 -0.439733
195 205 24 0.994691 0.068663 -0.0766471 0.618117 -0.0693799 0.997568 -0.00672611 -0.166038 0.0759988 0.0120082 0.997036 -0.76835
195 206 46 0.994106 0.0701595 -0.0826469 0.332746 -0.0706894 0.997492 -0.00349896 -0.0167716 0.0821941 0.0093206 0.996573 -0.942867
195 207 27 0.993129 0.0651735 -0.0971944 0.944518 -0.0659329 0.997813 -0.00461844 -0.122285 0.0966809 0.010995 0.995255 -0.304847
195 208 24 0.994741 0.0550987 -0.086337 0.996619 -0.0558663 0.998417 -0.00649784 0.0253715 0.0858423 0.011287 0.996245 0.0781429
195 209 57 0.980726 0.0676865 -0.183289 0.999718 -0.0695057 0.997575 -0.00351209 0.0135117 0.182607 0.0161841 0.983053 -0.0195329
210 211 19 0.999941 -0.00597735 -0.00905368 0.397317 0.0059987 0.999979 0.00233353 -0.073128 0.00903955 -0.0023877 0.999956 0.914763
210 212 149 0.997659 -0.00573375 -0.0681506 0.99366 0.00617187 0.999962 0.00621981 -0.0834044 0.0681123 -0.00662586 0.997656 0.0753916
210 213 50 0.99879 -0.00920133 -0.048313 0.994281 0.00931511 0.999954 0.00213043 -0.0633859 0.0482912 -0.0025779 0.99883 0.0859495
210 214 46 0.997819 -0.0143336 -0.0644378 0.699434 0.01413 0.999894 -0.00361385 -0.0574126 0.0644828 0.00269546 0.997915 0.712388
210 215 32 0.99819 -0.00378792 -0.0600177 0.929835 0.0030292 0.999914 -0.0127275 -0.00903185 0.0600607 0.0125227 0.998116 -0.367866
210 216 50 0.996149 -0.00985075 -0.0871254 0.962936 0.00930453 0.999934 -0.00667323 -0.117081 0.0871854 0.00583686 0.996175 0.242995
210 217 124 0.990778 -0.00699051 -0.135318 0.970716 0.00693495 0.999976 -0.000881967 -0.14192 0.13532 -6.45872e-05 0.990802 0.193829
210 218 45 0.993766 -0.00615201 -0.111314 0.990761 0.00534463 0.999957 -0.00755008 -0.118043 0.111356 0.00690808 0.993757 0.0667737
210 219 89 0.978923 0.0121909 -0.203866 0.976948 -0.00967379 0.999864 0.0133389 -0.195443 0.204001 -0.0110856 0.978908 0.0858779
210 220 92 0.981916 0.0133554 -0.188844 0.970111 -0.011575 0.999878 0.0105279 -0.199696 0.188962 -0.00815161 0.981951 0.137862
210 221 79 0.980342 0.0163124 -0.196628 0.952531 -0.0139447 0.999813 0.0134203 -0.188559 0.19681 -0.0104146 0.980386 0.239019
210 222 90 0.9804 0.0313204 -0.19451 0.904851 -0.0282363 0.999428 0.018609 -0.352591 0.194981 -0.0127521 0.980724 -0.23859
210 223 70 0.962952 0.0398427 -0.266713 0.93713 -0.0344159 0.999095 0.024992 -0.219427 0.267467 -0.014887 0.963452 0.271366
210 224 76 0.970755 0.0505756 -0.234686 0.946596 -0.0485593 0.998717 0.0143662 -0.245333 0.235111 -0.00254993 0.971965 0.209209
225 226 39 0.999977 0.00222098 -0.00639285 0.456272 -0.0022239 0.999997 -0.000449504 -0.116122 0.00639184 0.00046371 0.999979 0.882231
225 227 0 1 0 0 0 0 1 0 0 0 0 1 0
225 228 40 0.999808 0.0116128 -0.0158075 0.840156 -0.011697 0.999918 -0.00524445 -0.208912 0.0157453 0.00542834 0.999861 -0.500493
225 229 58 0.999874 0.00786631 -0.0137904 -0.976063 -0.00783356 0.999966 0.0024269 0.146272 0.0138091 -0.00231857 0.999902 -0.160953
225 230 62 0.999168 0.0063559 -0.0402874 0.846464 -0.00620673 0.999973 0.0038267 -0.117501 0.0403106 -0.00357346 0.999181 0.51932
225 231 49 0.999097 0.00605907 -0.0420497 0.62562 -0.00604029 0.999982 0.000573725 -0.0625407 0.0420524 -0.000319215 0.999115 -0.777617
225 232 50 0.998764 0.00471771 -0.0494873 0.861772 -0.00449807 0.99998 0.00454879 -0.0819092 0.0495078 -0.00432057 0.998764 0.50064
225 233 69 0.999134 -0.00269745 -0.0415142 -0.880195 0.0029728 0.999974 0.00657228 0.152494 0.0414954 -0.00669 0.999116 -0.449447
225 234 236 0.994982 0.008797 -0.0996679 0.983753 -0.00752975 0.999886 0.0130838 -0.149861 0.0997716 -0.0122677 0.994935 0.0988543
225 235 236 0.994769 0.00891952 -0.101764 0.921363 -0.00765244 0.999888 0.0128347 -0.0728268 0.101867 -0.0119888 0.994726 0.381819
225 236 45 0.995912 0.008851 -0.0898916 0.918951 -0.00751362 0.999856 0.0152052 -0.106804 0.0900133 -0.0144676 0.995835 0.379634
225 237 139 0.993373 0.0138128 -0.114101 0.920619 -0.0120236 0.999794 0.0163538 -0.0755853 0.114303 -0.0148735 0.993335 0.383076
225 238 218 0.989211 0.0162243 -0.145599 0.936594 -0.0127907 0.999618 0.0244877 -0.0971394 0.145941 -0.0223612 0.989041 0.336684
225 239 131 0.984719 0.0272873 -0.172 0.938667 -0.0233296 0.999415 0.0249895 -0.079127 0.172581 -0.0205949 0.98478 0.335623
240 241 0 1 0 0 0 0 1 0 0 0 0 1 0
240 242 71 0.999564 0.00705597 -0.0286653 0.9824 -0.00693979 0.999967 0.00415012 -0.0970719 0.0286936 -0.00394938 0.99958 -0.159586
240 243 75 0.999063 0.00925724 -0.0422839 0.988025 -0.00895264 0.999933 0.00738737 -0.086769 0.0423495 -0.0070019 0.999078 0.127581
240 244 128 0.997353 0.0172177 -0.0706387 0.996078 -0.0168382 0.99984 0.00596401 -0.070007 0.0707301 -0.0047588 0.997484 0.0541102
240 245 137 0.995177 0.0259037 -0.0946172 0.993583 -0.0253935 0.999656 0.00659336 -0.0787849 0.0947554 -0.0041589 0.995492 0.0811553
240 246 70 0.995748 0.0246854 -0.0887485 0.994248 -0.0240238 0.999675 0.00851604 -0.0985396 0.0889299 -0.00634776 0.996018 -0.0419734
240 247 55 0.994558 0.0276015 -0.100466 0.994336 -0.0268327 0.999599 0.00899586 -0.102825 0.100674 -0.00625114 0.9949 -0.0268685
240 248 95 0.9927 0.0384164 -0.114327 0.981796 -0.0376043 0.99925 0.00925254 -0.0800387 0.114596 -0.00488582 0.9934 0.172249
240 249 102 0.990275 0.0450233 -0.131638 0.98522 -0.0439496 0.998973 0.011052 -0.118734 0.132 -0.00515912 0.991236 0.123467
240 250 84 0.98315 0.0555934 -0.17414 0.947609 -0.0546107 0.998453 0.0104335 -0.133964 0.174451 -0.000747789 0.984666 0.289983
240 251 68 0.983392 0.0611504 -0.170885 0.974537 -0.0622432 0.99806 -0.00103951 -0.150664 0.17049 0.0116587 0.98529 0.166068
240 252 62 0.987036 0.0448631 -0.154099 0.973606 -0.0457132 0.998953 -0.00197569 -0.18816 0.153849 0.00899444 0.988053 0.129178
240 253 34 0.99071 0.0648564 -0.119528 0.984469 -0.0671959 0.997617 -0.0156433 -0.122644 0.118229 0.0235298 0.992708 0.125618
240 254 61 0.984397 0.0797277 -0.156861 0.98733 -0.0826999 0.996496 -0.0125025 -0.153206 0.155314 0.0252798 0.987542 0.0413185
255 256 39 0.999956 0.00150553 0.00929724 -0.877079 -0.00156056 0.999981 0.00591439 0.063897 -0.00928816 -0.00592864 0.999939 -0.476078
255 257 10 0.999968 0.00738561 -0.0029363 -0.671273 -0.00733854 0.999849 0.01573 -0.207088 0.00305204 -0.0157079 0.999872 -0.711694
255 258 48 0.999444 0.0081931 -0.0323162 0.8304 -0.00767167 0.999839 0.0162264 0.186737 0.0324439 -0.0159695 0.999346 0.524943
255 259 126 0.997446 0.0125653 -0.0703126 0.953902 -0.0118725 0.999877 0.0102626 0.239904 0.0704329 -0.00940163 0.997472 0.180325
255 260 31 0.999607 0.00866236 -0.0266487 0.867403 -0.00779678 0.999444 0.0324154 0.0855433 0.0269147 -0.0321949 0.999119 0.490198
255 261 42 0.999042 0.00429288 -0.0435567 0.686313 -0.00276707 0.999382 0.0350304 0.00275473 0.0436801 -0.0348763 0.998437 0.727301
255 262 59 0.996702 0.00937732 -0.0806103 0.870102 -0.00722145 0.99961 0.0269944 0.0375765 0.080832 -0.0263232 0.99638 0.491438
255 263 42 0.99635 0.00725005 -0.0850559 0.926604 -0.00500485 0.999634 0.0265803 -0.0144423 0.0852175 -0.0260575 0.996022 0.375762
255 264 51 0.995914 -0.00158892 -0.0902942 0.826542 0.00336458 0.999804 0.0195164 0.0327942 0.0902455 -0.0197405 0.995724 0.56192
255 265 55 0.992239 0.0127351 -0.123688 0.898728 -0.0104694 0.999766 0.0189504 -0.0140315 0.123901 -0.0175084 0.99214 0.438281
255 266 55 0.991275 0.00974336 -0.131446 0.907198 -0.007357 0.999799 0.0186281 -0.0581548 0.131601 -0.0174986 0.991148 0.416664
255 267 45 0.984047 0.0167959 -0.177117 0.923688 -0.0170196 0.999855 0.000256723 0.0721881 0.177095 0.00276182 0.98419 0.376284
255 268 56 0.985234 0.0263433 -0.169173 0.901376 -0.023151 0.999515 0.0208149 -0.106443 0.169639 -0.016591 0.985367 0.419751
255 269 29 0.988367 0.0272253 -0.149633 0.8567 -0.0245002 0.999499 0.0200259 -0.125726 0.150103 -0.0161268 0.988539 0.500259
270 271 86 0.999793 -0.00442578 0.0198669 -0.940719 0.00442065 0.99999 0.000301903 0.0443503 -0.0198681 -0.000214016 0.999803 0.336274
270 272 46 0.999492 0.0145382 -0.0283617 0.816844 -0.0144037 0.999884 0.00494261 -0.442968 0.0284303 -0.00453159 0.999586 0.36952
270 273 42 0.999498 0.012169 -0.0292504 0.688593 -0.0121703 0.999926 0.000131698 -0.282941 0.0292499 0.000224355 0.999572 0.667671
270 274 32 0.999005 0.0313931 -0.0316644 0.805677 -0.0314161 0.999506 -0.000231433 -0.321393 0.0316415 0.00122598 0.999499 0.497585
270 275 59 0.998098 0.0295471 -0.0541046 0.833178 -0.0295396 0.999563 0.0009389 -0.231958 0.0541087 0.000661112 0.998535 0.502006
270 276 55 0.997813 0.0242331 -0.0614964 0.863906 -0.0240251 0.999703 0.00411865 -0.283062 0.061578 -0.00263218 0.998099 0.416584
270 277 35 0.998186 0.0353892 -0.0487107 0.845646 -0.0353733 0.999373 0.00118755 -0.269337 0.0487222 0.000537664 0.998812 0.460803
270 278 37 0.998614 0.0210949 -0.0482164 0.848592 -0.0210898 0.999777 0.000615166 -0.269303 0.0482187 0.000402563 0.998837 0.455377
270 279 55 0.997062 0.0254688 -0.0722364 0.863976 -0.0255951 0.999672 -0.000822763 -0.242021 0.0721917 0.00266924 0.997387 0.441556
270 280 27 0.998539 0.0219466 -0.049373 0.815895 -0.0221052 0.999752 -0.00266751 -0.247381 0.0493022 0.00375501 0.998777 0.522608
270 281 38 0.997519 0.0269293 -0.0650491 0.837587 -0.0266254 0.99963 0.00553387 -0.231018 0.0651741 -0.00378818 0.997867 0.495054
270 282 58 0.993963 0.0325406 -0.104781 0.879838 -0.0314522 0.999433 0.0120232 -0.210564 0.105112 -0.00865507 0.994423 0.426085
270 283 33 0.996079 0.01992 -0.0861947 0.827422 -0.0191797 0.999772 0.00940882 -0.219538 0.0863624 -0.00771874 0.996234 0.516891
270 284 58 0.968454 0.0852014 -0.234173 0.881656 -0.081864 0.996356 0.0239537 -0.193786 0.23536 -0.00402774 0.9719 0.430267
285 286 0 1 0 0 0 0 1 0 0 0 0 1 0
285 287 14 0.9999 0.00354661 -0.0136621 0.991069 -0.00349012 0.999985 0.00415645 -0.0664021 0.0136766 -0.00410835 0.999898 -0.115641
285 288 99 0.99998 -0.00505131 0.00378735 -0.94044 0.00505552 0.999987 -0.00110327 0.331748 -0.00378173 0.00112239 0.999992 -0.0742718
285 289 161 0.998148 0.00868756 -0.0602038 0.990613 -0.00816846 0.999927 0.0088633 -0.131793 0.0602764 -0.00835511 0.998147 -0.0362938
285 290 46 0.999357 0.00907221 -0.0346913 0.99725 -0.0089829 0.999956 0.00272957 -0.0737567 0.0347145 -0.00241619 0.999394 0.00730352
285 291 66 0.999028 0.0180347 -0.0402308 0.99821 -0.0179997 0.999837 0.00123043 -0.0561253 0.0402464 -0.000505094 0.99919 -0.0206801
285 292 52 0.999236 0.0257821 -0.0293816 0.985327 -0.0257459 0.999667 0.00161017 -0.0817646 0.0294133 -0.000852483 0.999567 -0.149816
285 293 142 0.997497 0.0311082 -0.0635057 0.98129 -0.0303886 0.999463 0.0122663 -0.0878155 0.0638532 -0.0103058 0.997906 -0.17134
285 294 118 0.997985 0.0330826 -0.0541455 0.99126 -0.0326959 0.999433 0.00801281 -0.112618 0.0543799 -0.00622633 0.998501 0.0687042
285 295 105 0.998157 0.0512171 -0.0325576 0.973095 -0.0510665 0.99868 0.00544013 -0.0712501 0.0327932 -0.0037675 0.999455 -0.219109
285 296 94 0.997018 0.06939 -0.0337647 0.936006 -0.0688829 0.997497 0.0159583 -0.05443 0.0347875 -0.0135849 0.999302 -0.34775
285 297 99 0.990188 0.0976049 -0.100009 0.993352 -0.0946462 0.994933 0.0339244 -0.110713 0.102813 -0.0241261 0.994408 0.031545
285 298 114 0.994967 0.0923608 -0.0388559 0.987146 -0.0912013 0.995361 0.0306293 -0.0497779 0.0415046 -0.0269314 0.998775 -0.151869
285 299 29 0.99515 0.0983292 -0.00274258 0.993002 -0.0982053 0.994723 0.0296801 -0.115302 0.00564654 -0.0292668 0.999556 0.0255434
300 301 0 1 0 0 0 0 1 0 0 0 0 1 0
300 302 0 1 0 0 0 0 1 0 0 0 0 1 0
300 303 48 0.999824 0.0132437 -0.0132514 0.833009 -0.0132821 0.999908 -0.00281458 -0.0367636 0.0132129 0.00299009 0.999908 -0.552037
300 304 50 0.999871 0.0134914 -0.0087312 0.525024 -0.0135728 0.999864 -0.00932623 -0.0687253 0.0086042 0.00944353 0.999918 -0.848308
300 305 47 0.999816 0.0185438 -0.00490947 0.65128 -0.0186235 0.999687 -0.0167142 -0.0239171 0.00459799 0.0168026 0.999848 -0.75846
300 306 22 0.999402 0.0345785 0.000282668 0.940213 -0.0345576 0.999022 -0.0275908 -0.0435758 -0.00123644 0.0275645 0.999619 0.337787
300 307 50 0.999262 0.0179691 -0.0339498 0.969087 -0.0188427 0.999495 -0.0255896 -0.132422 0.0334729 0.0262104 0.999096 -0.208168
300 308 46 0.999641 0.0114483 -0.0242438 0.87617 -0.0121694 0.999482 -0.0298068 -0.0730877 0.02389 0.0300911 0.999262 -0.476429
300 309 41 0.999792 0.00649324 -0.019313 0.95145 -0.00703317 0.999583 -0.0280215 -0.078397 0.019123 0.0281516 0.999421 0.297651
300 310 72 0.997856 0.00323511 -0.0653602 0.989979 -0.00506222 0.9996 -0.0278083 -0.100352 0.0652441 0.0280795 0.997474 -0.0993555
300 311 58 0.997664 -0.00112036 -0.0682964 0.868059 -0.000759393 0.999622 -0.0274913 -0.0447713 0.0683014 0.027479 0.997286 -0.494438
300 312 51 0.997449 -0.000737891 -0.0713783 0.879837 -0.0011281 0.999659 -0.0260984 -0.163695 0.0713732 0.0261124 0.997108 -0.446196
300 313 47 0.996496 -0.00565118 -0.08345 0.980851 0.00294807 0.999468 -0.0324798 -0.149796 0.0835891 0.03212 0.995983 -0.124469
300 314 43 0.99567 -0.00219575 -0.0929354 0.925825 -0.00145887 0.999229 -0.0392381 -0.0476918 0.0929499 0.0392037 0.994899 -0.37493
315 316 25 0.999977 -0.001824 -0.00656311 0.0427942 0.00182197 0.999998 -0.000315476 -0.0747654 0.00656367 0.000303511 0.999978 0.996282
315 317 19 0.999746 -0.0186413 -0.012675 -0.662598 0.0185283 0.999788 -0.00897451 0.115632 0.0128396 0.00873739 0.999879 0.739996
315 318 0 1 0 0 0 0 1 0 0 0 0 1 0
315 319 0 1 0 0 0 0 1 0 0 0 0 1 0
315 320 76 0.99996 -0.00808826 0.00372873 -0.914771 0.00815591 0.999796 -0.0184995 0.139081 -0.00357834 0.0185292 0.999822 -0.379276
315 321 65 0.998786 -0.00583734 -0.0489161 0.849431 0.0051414 0.999884 -0.0143409 -0.0943886 0.0489941 0.014072 0.9987 -0.519189
315 322 69 0.99961 -0.00568296 -0.0273508 -0.988145 0.00510695 0.999765 -0.021084 0.0554694 0.0274642 0.0209361 0.999404 0.143149
315 323 69 0.998296 -0.000441549 -0.0583438 0.938858 -0.000756757 0.999789 -0.020515 -0.0552837 0.0583405 0.0205242 0.998086 -0.339838
315 324 57 0.998377 -0.0105892 -0.0559602 0.937118 0.00945014 0.999744 -0.0205803 -0.015349 0.0561638 0.020018 0.998221 -0.348676
315 325 126 0.997201 -0.0283437 0.0691848 -0.952433 0.0305035 0.999073 -0.0303624 0.121436 -0.0682601 0.0323878 0.997142 -0.279509
315 326 71 0.996483 -0.00696528 -0.0835069 0.927697 0.00580419 0.999883 -0.0141388 -0.0770313 0.0835957 0.0136044 0.996407 -0.365299
315 327 102 0.994754 -0.00507852 -0.10217 0.963156 0.00420345 0.999953 -0.00877828 -0.105767 0.10221 0.00830276 0.994728 -0.247273
315 328 60 0.99477 0.00223321 -0.102119 0.977975 -0.00365787 0.999899 -0.0137658 -0.0743687 0.102078 0.0140673 0.994677 -0.195024
315 329 55 0.995012 0.0146471 -0.0986732 0.987073 -0.0165674 0.999688 -0.0186706 -0.0525403 0.098369 0.0202122 0.994945 -0.151417
330 331 40 0.999949 -0.00798801 -0.0061382 0.450286 0.00799441 0.999968 0.0010194 0.0752541 0.00612986 -0.00106842 0.999981 -0.889707
330 332 65 0.999923 -0.00520434 -0.0112718 0.969697 0.00522908 0.999984 0.00216627 -0.0162346 0.0112604 -0.00222505 0.999934 -0.243771
330 333 68 0.999934 -0.00848396 -0.00773552 0.797146 0.00846024 0.999959 -0.00309408 -0.0348217 0.00776146 0.00302843 0.999965 -0.602781
330 334 86 0.999679 -0.00239319 -0.0252375 0.836798 0.00224206 0.999979 -0.00601493 0.0249968 0.0252514 0.00595642 0.999663 -0.546941
330 335 181 0.999378 0.000758632 -0.0352691 0.928707 -0.000838931 0.999997 -0.00226203 -0.161165 0.0352673 0.00229021 0.999375 -0.33396
330 336 60 0.999919 -0.00715225 -0.01049 0.983519 0.00703911 0.999917 -0.0107826 -0.0399725 0.0105663 0.0107079 0.999887 -0.176333
330 337 65 0.999879 -0.00915507 -0.0125378 0.975936 0.00897482 0.999857 -0.0143585 -0.0673839 0.0126675 0.0142443 0.999818 -0.207386
330 338 57 0.999638 -0.00479945 -0.0264679 0.897854 0.00428908 0.999804 -0.0193057 -0.0457363 0.0265554 0.0191852 0.999463 -0.437912
330 339 68 0.999478 -0.00517036 -0.0318867 0.990486 0.00433178 0.999644 -0.026312 -0.0448362 0.0320114 0.0261601 0.999145 -0.130104
330 340 64 0.999446 -0.00517887 -0.0328891 0.895152 0.00413329 0.999486 -0.0317797 -0.0500088 0.0330368 0.0316262 0.998954 -0.442947
330 341 71 0.999087 -0.00103552 -0.0427158 0.905146 -0.000417609 0.999422 -0.0339956 -0.0156971 0.0427263 0.0339824 0.998509 -0.424811
