0 1 11 0.999831 0.0111999 -0.0145792 0.877162 -0.0112396 0.999933 -0.00263929 0.34957 0.0145487 0.00280271 0.99989 -0.329224
0 2 363 0.99925 0.0140363 -0.0360799 0.889241 -0.0141924 0.999891 -0.00407346 0.257827 0.0360188 0.00458246 0.999341 -0.377858
0 3 316 0.99876 0.0168737 -0.0468479 0.815642 -0.0170108 0.999852 -0.00252782 0.254951 0.0467983 0.0033216 0.998899 -0.519354
0 4 287 0.997844 0.027442 -0.0596217 0.826303 -0.0277175 0.999609 -0.0037992 0.324027 0.0594941 0.00544358 0.998214 -0.460683
0 5 346 0.995467 0.0176545 -0.093459 0.913997 -0.0173015 0.99984 0.00458611 0.171169 0.093525 -0.00294833 0.995613 -0.367845
0 6 281 0.996517 0.0306161 -0.0775611 0.856931 -0.0306407 0.99953 0.000874291 0.260464 0.0775514 0.00150528 0.996987 -0.444779
0 7 244 0.993909 0.0279405 -0.106601 0.878197 -0.0275825 0.999608 0.00483118 0.217068 0.106694 -0.00186142 0.99429 -0.426207
0 8 247 0.992471 0.0414598 -0.115246 0.86726 -0.0410395 0.999139 0.00601874 0.243342 0.115397 -0.00124378 0.993319 -0.434332
0 9 149 0.993272 0.0330638 -0.110986 0.845877 -0.031877 0.999414 0.0124517 0.233561 0.111333 -0.00883003 0.993744 -0.479523
0 10 188 0.990894 0.0424406 -0.127782 0.860129 -0.0412909 0.999079 0.0116343 0.239362 0.128158 -0.00625217 0.991734 -0.450427
0 11 188 0.985626 0.0460158 -0.162554 0.91027 -0.044968 0.998937 0.0101215 0.212771 0.162847 -0.00266628 0.986648 -0.355157
0 12 162 0.983457 0.0523368 -0.173413 0.88903 -0.0515701 0.998629 0.00892683 0.205234 0.173643 0.00016379 0.984809 -0.409274
0 13 142 0.981396 0.0660738 -0.180266 0.881659 -0.0655357 0.99781 0.00894609 0.222284 0.180462 0.00303419 0.983577 -0.416253
0 14 150 0.977015 0.0753744 -0.199401 0.896569 -0.0742437 0.997153 0.0131524 0.218103 0.199824 0.00195413 0.97983 -0.38548
15 16 293 0.999829 0.000192925 -0.0184906 0.874021 -0.000375411 0.999951 -0.00986617 0.225507 0.0184878 0.00987143 0.99978 -0.430388
15 17 226 0.999295 -0.00102886 -0.0375365 0.790787 0.00054612 0.999917 -0.0128687 0.252955 0.0375466 0.0128391 0.999212 -0.557377
15 18 265 0.999519 0.00354506 -0.0308155 0.801406 -0.00353525 0.999994 0.000372631 0.189346 0.0308166 -0.000263511 0.999525 -0.56736
15 19 262 0.998555 0.00814091 -0.0531283 0.872814 -0.00853372 0.999938 -0.00717092 0.277748 0.0530667 0.00761393 0.998562 -0.401313
15 20 206 0.998046 0.00416038 -0.0623513 0.849467 -0.00422434 0.999991 -0.000894019 0.218368 0.062347 0.00115566 0.998054 -0.480334
15 21 220 0.995824 0.00551891 -0.0911302 0.890627 -0.00637335 0.999938 -0.00908772 0.276502 0.0910744 0.00963057 0.995798 -0.361013
15 22 205 0.99406 0.0100401 -0.108365 0.917918 -0.0104017 0.999942 -0.00277206 0.201288 0.108331 0.00388278 0.994107 -0.34192
15 23 169 0.990752 0.0197033 -0.134244 0.935786 -0.0217512 0.999668 -0.0138056 0.218923 0.133927 0.0165979 0.990852 -0.276366
15 24 150 0.986351 0.0255711 -0.162662 0.948841 -0.0268345 0.999624 -0.00557421 0.123729 0.162458 0.00986306 0.986666 -0.290504
15 25 147 0.9794 0.0298878 -0.199705 0.954732 -0.0341449 0.999256 -0.0179058 0.138907 0.199021 0.0243559 0.979692 -0.263044
15 26 117 0.980761 0.0409513 -0.190869 0.950688 -0.0439156 0.998971 -0.0113249 0.0868619 0.190209 0.0194891 0.98155 -0.297738
15 27 93 0.970877 0.0338508 -0.237175 0.966468 -0.0433092 0.998456 -0.0347816 0.127965 0.235632 0.0440405 0.970844 -0.222629
15 28 83 0.963644 0.0459882 -0.263201 0.978039 -0.0582589 0.997539 -0.0390039 0.104526 0.26076 0.0529197 0.963952 -0.180318
15 29 90 0.963801 0.0538065 -0.261136 0.975858 -0.0670251 0.996868 -0.0419739 0.0925428 0.25806 0.0579571 0.964389 -0.197829
30 31 28 0.999983 0.00573007 -0.000670038 0.360397 -0.00572621 0.999968 0.00562884 -0.0718513 0.00070227 -0.00562491 0.999984 -0.930028
30 32 299 0.99922 0.00181848 -0.0394573 0.992338 -0.00130284 0.999913 0.0130902 -0.0556729 0.0394777 -0.0130285 0.999136 0.110295
30 33 190 0.998011 0.014918 -0.0612446 0.974634 -0.0138712 0.999751 0.0174829 -0.114136 0.0614901 -0.0165986 0.99797 0.192512
30 34 137 0.99315 0.0302713 -0.112858 0.997013 -0.0297491 0.999537 0.00630852 0.0218647 0.112997 -0.00290786 0.993591 0.0740686
30 35 70 0.992278 0.0434778 -0.116162 0.999104 -0.0424494 0.999035 0.0113134 0.026563 0.116541 -0.00629509 0.993166 0.0329498
30 36 60 0.995343 0.0546323 -0.079415 0.99843 -0.051965 0.998026 0.0352751 -0.0488886 0.0811854 -0.030984 0.996217 0.0273233
30 37 63 0.997647 0.0684033 0.00468943 0.906151 -0.0685368 0.99684 0.0401666 0.058054 -0.00192708 -0.0403935 0.999182 0.41895
30 38 106 0.994964 0.0681875 -0.0734644 0.979722 -0.0657277 0.99721 0.0353975 0.0767556 0.0756731 -0.0303906 0.996669 0.185078
30 39 116 0.994221 0.0629139 -0.0869804 0.980698 -0.0593876 0.997328 0.0425531 0.0494718 0.0894252 -0.0371416 0.995301 0.189168
30 40 61 0.990623 0.0629695 -0.121249 0.983376 -0.0582238 0.997407 0.0422966 0.0346496 0.123598 -0.0348405 0.991721 0.178243
30 41 69 0.993886 0.0648109 -0.0893841 0.966669 -0.0623082 0.99759 0.0305139 0.0698459 0.0911463 -0.024758 0.99553 0.246319
30 42 95 0.994799 0.0756774 -0.0681758 0.973107 -0.0736379 0.996773 0.0319506 0.0367914 0.0703737 -0.0267641 0.997162 0.227396
30 43 78 0.986808 0.0703663 -0.145803 0.984422 -0.0672553 0.997393 0.0261635 0.0321288 0.147264 -0.0160123 0.988968 0.172863
30 44 73 0.985222 0.0726882 -0.155096 0.986292 -0.0688301 0.997174 0.0301091 0.0126938 0.156847 -0.0189888 0.98744 0.164523
45 46 0 1 0 0 0 0 1 0 0 0 0 1 0
45 47 32 0.999656 0.0113851 -0.0236343 0.990745 -0.0112866 0.999927 0.00429861 0.107467 0.0236815 -0.00403038 0.999711 -0.0829145
45 48 0 1 0 0 0 0 1 0 0 0 0 1 0
45 49 237 0.997124 0.0239482 -0.0718975 0.986969 -0.0239578 0.999713 0.000728877 0.0813867 0.0718943 0.000995723 0.997412 -0.138811
45 50 185 0.997381 0.0326665 -0.064537 0.972655 -0.0322497 0.999452 0.00748994 0.0928124 0.0647463 -0.00538902 0.997887 -0.212905
45 51 126 0.991096 0.0404434 -0.126858 0.980483 -0.0387149 0.999121 0.0160625 0.0591105 0.127397 -0.0110082 0.991791 -0.187509
45 52 85 0.994389 0.0523631 -0.0919162 0.95918 -0.048682 0.997937 0.0418451 -0.0735657 0.0939178 -0.0371356 0.994887 -0.273061
45 53 73 0.987352 0.0573638 -0.147801 0.982563 -0.0512783 0.997685 0.0446631 0.0200353 0.150021 -0.0365192 0.988008 -0.184846
45 54 88 0.988603 0.0722121 -0.132094 0.992203 -0.066806 0.996755 0.0449157 0.098243 0.134909 -0.0355791 0.990219 -0.076688
45 55 40 0.989145 0.0988543 -0.108719 0.996124 -0.0916875 0.99339 0.0690646 -0.0750591 0.114828 -0.0583467 0.99167 0.0458584
45 56 56 0.974894 0.120455 -0.187276 0.997274 -0.110246 0.991839 0.0640394 -0.0710322 0.193462 -0.0417851 0.980218 0.019982
45 57 104 0.97607 0.132462 -0.172454 0.995159 -0.13061 0.991188 0.0220919 0.0928414 0.173861 0.000960931 0.98477 0.032239
45 58 65 0.975778 0.145078 -0.163736 0.99932 -0.139803 0.98923 0.0433508 0.032601 0.168262 -0.0194098 0.985551 0.0172023
45 59 54 0.962535 0.129762 -0.238094 0.994995 -0.125173 0.99154 0.0343598 0.0880801 0.240538 -0.00326963 0.970634 0.04718
60 61 192 0.999015 0.0143185 -0.0419896 0.892282 -0.0152734 0.99963 -0.0225102 0.425566 0.0416517 0.0231293 0.998864 0.150752
60 62 139 0.999303 0.024013 -0.0285978 0.911866 -0.0242455 0.999676 -0.00781264 0.174579 0.0284009 0.00850056 0.99956 0.371515
60 63 149 0.997016 0.0333107 -0.0696381 0.930791 -0.0353599 0.998971 -0.0284028 0.325511 0.0686203 0.0307805 0.997168 0.166345
60 64 111 0.9987 0.0285463 -0.0422286 0.82585 -0.0285909 0.999591 -0.000452124 -0.00456221 0.0421985 0.00165889 0.999108 0.563871
60 65 126 0.99657 0.0303202 -0.0770027 0.938727 -0.0318719 0.999311 -0.0190017 0.177422 0.0763736 0.0213907 0.99685 0.295487
60 66 118 0.993892 0.0189466 -0.108716 0.930942 -0.0224743 0.999257 -0.0313155 0.189466 0.108042 0.0335676 0.993579 0.31217
60 67 85 0.997621 0.0177307 -0.0666109 0.864283 -0.0185481 0.99976 -0.0116729 -0.00862739 0.066388 0.0128806 0.997711 0.502931
60 68 105 0.988739 0.0232254 -0.147838 0.941922 -0.0282853 0.999081 -0.0322159 0.113105 0.146954 0.0360347 0.988487 0.316211
60 69 81 0.992395 0.019634 -0.121519 0.910102 -0.0214637 0.999675 -0.0137663 -0.0159344 0.121209 0.0162699 0.992494 0.414078
60 70 111 0.991001 0.0352284 -0.129132 0.909685 -0.0369415 0.999258 -0.010895 -0.0256722 0.128653 0.0155673 0.991568 0.414506
60 71 80 0.988175 0.0247095 -0.151328 0.901537 -0.0254083 0.999674 -0.00268537 -0.0776478 0.151213 0.00649861 0.98848 0.425678
60 72 65 0.991737 0.0237202 -0.126077 0.811277 -0.0232926 0.999717 0.00486503 -0.146495 0.126157 -0.00188816 0.992008 0.566011
60 73 58 0.98436 0.0261164 -0.174223 0.867706 -0.0262119 0.999655 0.00175328 -0.119823 0.174209 0.00284087 0.984705 0.48242
60 74 64 0.988069 0.0394241 -0.148882 0.827762 -0.0411658 0.999115 -0.00863393 -0.0981362 0.14841 0.0146598 0.988817 0.55243
75 76 202 0.99975 0.00665229 -0.0213339 0.885712 -0.00658132 0.999973 0.00339505 -0.407416 0.0213559 -0.0032538 0.999767 0.222546
75 77 122 0.999576 0.0117915 -0.0266344 0.847166 -0.0118917 0.999923 -0.00360664 -0.35073 0.0265898 0.00392183 0.999639 0.399122
75 78 173 0.99899 0.0150499 -0.0423442 0.868095 -0.0153825 0.999853 -0.00754155 -0.364925 0.0422245 0.00818529 0.999075 0.336512
75 79 153 0.999434 0.0220501 -0.0254205 0.765399 -0.0225416 0.999561 -0.019212 -0.342384 0.0249857 0.0197741 0.999492 0.54492
75 80 147 0.998489 0.0280208 -0.0472792 0.855484 -0.0289141 0.999414 -0.018317 -0.33165 0.0467383 0.0196563 0.998714 0.397687
75 81 156 0.998216 0.0284907 -0.0524703 0.860645 -0.0296741 0.999319 -0.0219156 -0.364531 0.0518101 0.0234335 0.998382 0.355537
75 82 122 0.998508 0.0269926 -0.0474761 0.823551 -0.0284307 0.999149 -0.029881 -0.369972 0.0466291 0.0311862 0.998425 0.429981
75 83 172 0.996659 0.0304677 -0.0757757 0.865401 -0.0325071 0.999138 -0.0258271 -0.332697 0.0749235 0.0282041 0.99679 0.374692
75 84 129 0.996225 0.032614 -0.0804509 0.845966 -0.0350519 0.998962 -0.0290786 -0.346827 0.079419 0.0317888 0.996334 0.405034
75 85 121 0.995843 0.0344179 -0.084338 0.862262 -0.037503 0.998674 -0.0352722 -0.349995 0.0830122 0.0382885 0.995813 0.36607
75 86 93 0.997204 0.0292964 -0.0687451 0.844428 -0.0324755 0.998432 -0.0455917 -0.343245 0.0673016 0.0476968 0.996592 0.411247
75 87 112 0.994216 0.0308326 -0.102878 0.863318 -0.035663 0.99833 -0.0454482 -0.311781 0.101304 0.0488543 0.993655 0.396832
75 88 103 0.991481 0.047404 -0.121316 0.876274 -0.0528424 0.997719 -0.0420098 -0.331495 0.119048 0.0480626 0.991725 0.34965
75 89 95 0.989055 0.046322 -0.140089 0.887561 -0.0518908 0.997991 -0.0363622 -0.324149 0.138123 0.0432336 0.989471 0.327357
90 91 255 0.999938 0.00114263 -0.0110341 0.142842 -0.000474533 0.998176 0.0603617 -0.984616 0.011083 -0.0603528 0.998116 0.100633
90 92 0 1 0 0 0 0 1 0 0 0 0 1 0
90 93 201 0.999544 0.0172064 -0.0248181 0.948563 -0.0170035 0.99982 0.00836535 0.115886 0.0249575 -0.00793954 0.999657 0.294617
90 94 152 0.996657 0.0339946 -0.0742968 0.995346 -0.0331579 0.999372 0.0124665 0.0849103 0.074674 -0.00996128 0.997158 -0.0455678
90 95 10 0.999066 0.0408126 -0.0141786 -0.999699 -0.0403639 0.998716 0.0306084 0.00270621 0.0154096 -0.0300075 0.999431 -0.0243912
90 96 124 0.998212 0.0458522 -0.0383416 0.990864 -0.0443864 0.998282 0.0382455 0.122947 0.0400294 -0.0364753 0.998533 0.0554331
90 97 13 0.997484 0.070517 0.00732372 -0.979249 -0.0708182 0.995901 0.0562758 -0.0378521 -0.0033253 -0.0566529 0.998388 0.199093
90 98 36 0.994498 0.0798446 -0.0678167 0.970228 -0.0761624 0.995563 0.0552529 0.240844 0.0719275 -0.0497838 0.996167 -0.0255228
90 99 26 0.993999 0.109095 0.00807059 -0.602541 -0.109358 0.989096 0.0986405 0.156169 0.00277859 -0.0989311 0.99509 -0.782659
90 100 74 0.993123 0.100742 -0.0596513 0.985319 -0.0947234 0.990832 0.0963327 0.16055 0.0688091 -0.0900198 0.99356 0.058047
90 101 51 0.992411 0.096223 0.0765581 -0.943865 -0.105818 0.985429 0.133158 -0.207214 -0.0626297 -0.140249 0.988133 0.257255
90 102 75 0.986039 0.126185 -0.108648 0.976089 -0.114439 0.987508 0.108312 0.217365 0.120958 -0.0943667 0.988162 0.00190422
90 103 95 0.983846 0.131058 -0.121949 0.974308 -0.117519 0.986701 0.112298 0.225209 0.135044 -0.0961524 0.986163 0.00194921
90 104 80 0.978015 0.15685 -0.137421 0.971762 -0.141911 0.983462 0.112534 0.230111 0.1528 -0.0905585 0.984099 -0.0522348
105 106 42 0.999909 0.0120715 0.00605307 -0.899007 -0.0121102 0.999906 0.0063951 -0.261683 -0.00597531 -0.00646782 0.999961 -0.351154
105 107 48 0.999392 0.0249269 -0.0243647 0.776653 -0.0248112 0.999679 0.00503962 0.284548 0.0244825 -0.00443204 0.99969 -0.561998
105 108 154 0.998989 0.0303881 -0.0331328 0.628426 -0.0301971 0.999524 0.00624944 0.325405 0.0333069 -0.0052426 0.999431 -0.706535
105 109 89 0.998101 0.0291229 -0.0542708 0.840821 -0.0287217 0.999554 0.00815915 0.318934 0.0544842 -0.00658491 0.998493 -0.43738
105 110 81 0.999769 0.0137287 0.0165463 -0.878504 -0.0143444 0.999187 0.0376801 -0.116552 -0.0160155 -0.0379088 0.999153 -0.4633
105 111 121 0.995913 0.0291009 -0.0855051 0.922362 -0.0266565 0.999207 0.0295925 0.250691 0.0862984 -0.0271923 0.995898 -0.293944
105 112 120 0.996794 0.030751 -0.073866 0.936063 -0.0283545 0.999044 0.0332773 0.213211 0.0748187 -0.0310762 0.996713 -0.27987
105 113 121 0.995946 0.0301173 -0.0847573 0.973779 -0.0279225 0.999246 0.0269622 0.224061 0.0855054 -0.0244862 0.996037 -0.0393764
105 114 114 0.99542 0.0313631 -0.0903119 0.974157 -0.0294369 0.999312 0.0225823 0.212407 0.0909579 -0.0198204 0.995657 -0.0768191
105 115 97 0.99517 0.0307104 -0.0932341 0.974279 -0.0289778 0.999382 0.019881 0.203391 0.0937871 -0.0170832 0.995446 -0.0970199
105 116 94 0.991995 0.0292501 -0.122846 0.983754 -0.0275603 0.999501 0.0154331 0.149012 0.123236 -0.0119239 0.992306 -0.100115
105 117 75 0.960557 -0.00655802 -0.278005 0.99406 0.0107607 0.99985 0.013594 0.0577179 0.277874 -0.0160493 0.960484 0.0922656
105 118 41 0.993226 0.0264316 -0.113157 0.990482 -0.0246234 0.999546 0.017348 0.134124 0.113564 -0.0144442 0.993426 -0.0309361
105 119 28 0.991661 0.0188571 -0.127488 0.998305 -0.0170168 0.999735 0.0155089 0.026823 0.127747 -0.0132101 0.991719 -0.0516481
120 121 0 1 0 0 0 0 1 0 0 0 0 1 0
120 122 46 0.999931 -0.00101626 0.0117247 0.980196 0.00100235 0.999999 0.00119213 -0.196697 -0.0117259 -0.00118029 0.999931 0.0229577
120 123 51 0.999799 -0.00833569 0.0182387 0.970559 0.00834081 0.999965 -0.00020468 -0.24079 -0.0182363 0.000356764 0.999834 0.00590836
120 124 152 0.999911 -0.00652006 -0.0116819 0.955357 0.00661872 0.999943 0.00842674 -0.245232 0.0116263 -0.00850331 0.999896 0.164783
120 125 222 0.999857 -0.00153902 -0.0168553 0.915101 0.0016271 0.999985 0.00521304 -0.141366 0.016847 -0.00523972 0.999844 0.377632
120 126 70 0.999987 -0.000343006 -0.0050608 0.910357 0.000354788 0.999997 0.00232741 -0.284013 0.00505998 -0.00232917 0.999984 0.300975
120 127 52 0.999979 0.00638076 -0.000806833 0.91221 -0.00638487 0.999966 -0.00520417 -0.300455 0.0007736 0.00520921 0.999986 0.278567
120 128 70 0.999901 0.00853177 -0.0111958 0.949659 -0.0085424 0.999963 -0.000901543 -0.286004 0.0111877 0.000997092 0.999937 0.127863
120 129 139 0.999629 0.0110111 -0.0249315 0.934394 -0.0107075 0.999867 0.0122799 -0.355042 0.0250634 -0.0120084 0.999614 -0.0292143
120 130 37 0.999733 0.00178172 -0.0230536 0.923691 -0.00161952 0.999974 0.00705217 -0.284288 0.0230655 -0.00701295 0.999709 0.256856
120 131 198 0.998706 0.00553691 -0.0505478 0.965397 -0.00507884 0.999945 0.00918614 -0.260086 0.0505959 -0.00891753 0.998679 0.0190632
120 132 100 0.99915 0.00175237 -0.041192 0.950916 -0.00156167 0.999988 0.00466133 -0.305283 0.0411997 -0.00459304 0.99914 0.0506095
120 133 97 0.997935 0.00386564 -0.0641183 0.944318 -0.00338317 0.999965 0.00763151 -0.209074 0.0641456 -0.00739883 0.997913 0.254068
120 134 26 0.998767 -0.00279322 -0.0495723 0.964366 0.0031158 0.999974 0.00643114 -0.247265 0.0495531 -0.00657767 0.99875 0.0941136
135 136 0 1 0 0 0 0 1 0 0 0 0 1 0
135 137 0 1 0 0 0 0 1 0 0 0 0 1 0
135 138 118 0.998093 0.0127837 -0.0603941 0.927815 -0.0113779 0.999658 0.0235638 0.178225 0.0606746 -0.0228317 0.997896 -0.327712
135 139 212 0.996705 0.0197475 -0.078672 0.959627 -0.0175192 0.999428 0.0289143 0.160989 0.079198 -0.0274407 0.996481 -0.230647
135 140 112 0.999437 0.0119372 -0.0313406 -0.955986 -0.0106628 0.999122 0.0405189 -0.148063 0.0317968 -0.0401619 0.998687 0.253315
135 141 148 0.99375 0.0305943 -0.107355 0.953492 -0.0264989 0.998873 0.0393698 0.139137 0.108439 -0.036279 0.993441 -0.267382
135 142 142 0.990511 0.0353834 -0.132799 0.957074 -0.0296034 0.998537 0.04525 0.147556 0.134206 -0.0408893 0.990109 -0.249472
135 143 159 0.989459 0.0427655 -0.138355 0.951129 -0.0356011 0.997914 0.0538506 0.13834 0.140369 -0.0483573 0.988918 -0.276072
135 144 152 0.988451 0.0507627 -0.142786 0.938888 -0.0428144 0.997386 0.0581993 0.132864 0.145367 -0.0514139 0.988041 -0.317547
135 145 140 0.98609 0.0648309 -0.153047 0.940341 -0.0560926 0.996576 0.0607431 0.148983 0.156461 -0.0513134 0.98635 -0.305879
135 146 69 0.986569 0.0739929 -0.145628 0.945012 -0.0650854 0.99576 0.0650143 0.157613 0.149821 -0.0546628 0.987201 -0.286549
135 147 48 0.98813 0.0827793 -0.129406 0.941918 -0.0746345 0.994986 0.0665784 0.164897 0.134268 -0.05613 0.989354 -0.292573
135 148 82 0.981435 0.0963766 -0.165822 0.930008 -0.0870645 0.994237 0.0625553 0.149247 0.170895 -0.0469568 0.98417 -0.335873
135 149 76 0.979522 0.10102 -0.174158 0.914718 -0.0917552 0.993944 0.060472 0.160076 0.179212 -0.0432538 0.982859 -0.371034
150 151 16 0.999921 0.00126827 -0.0125139 -0.564912 -0.00117836 0.999973 0.00718967 -0.226359 0.0125226 -0.00717436 0.999896 0.793496
150 152 10 0.999693 -0.00456527 -0.0243596 0.838016 0.00473208 0.999966 0.00679481 -0.00412371 0.0243277 -0.006908 0.99968 0.545629
150 153 22 0.999235 -0.00769308 -0.0383326 0.863713 0.00771701 0.99997 0.000476337 0.14672 0.0383278 -0.000771786 0.999265 0.482154
150 154 37 0.998513 -0.00856238 -0.0538429 0.957432 0.00822177 0.999945 -0.00654425 0.080406 0.053896 0.00609183 0.998528 0.277234
150 155 36 0.99845 -0.0135257 -0.0539824 -0.998954 0.0126684 0.999789 -0.016192 -0.033682 0.05419 0.0154831 0.998411 0.0309236
150 156 46 0.995339 -0.00973605 -0.0959432 0.956693 0.00807433 0.999811 -0.0176929 0.140489 0.0960974 0.0168358 0.99523 -0.254952
150 157 90 0.992317 -0.0132749 -0.123006 0.977338 0.011154 0.999777 -0.0179144 0.128029 0.123217 0.0164047 0.992244 -0.168576
150 158 92 0.990802 -0.014266 -0.134564 0.923818 0.0125219 0.999826 -0.0137982 0.103075 0.134737 0.0119863 0.990809 -0.368696
150 159 28 0.991068 -0.0104913 -0.132943 0.984495 0.00952135 0.999923 -0.00792991 0.162384 0.133016 0.00659328 0.991092 0.0663422
150 160 26 0.989228 -0.00598835 -0.146257 0.94791 0.00488919 0.999957 -0.00787354 0.0538628 0.146298 0.00707365 0.989215 -0.313952
150 161 85 0.984135 0.000379273 -0.177419 0.959847 -0.00201259 0.999957 -0.00902609 0.0979118 0.177408 0.00923996 0.984094 -0.262883
150 162 58 0.984053 0.000669225 -0.177873 0.741925 -0.00121733 0.999995 -0.00297234 0.0692295 0.177871 0.00314147 0.984049 -0.666899
150 163 83 0.979857 0.0087774 -0.199507 0.989253 -0.00942614 0.999953 -0.0023021 0.146152 0.199477 0.00413631 0.979894 -0.00415614
150 164 83 0.97397 0.0160597 -0.226106 0.957346 -0.0142921 0.999853 0.00945239 0.0953538 0.226225 -0.00597481 0.974057 -0.272758
165 166 17 0.999954 0.00265447 -0.00925815 0.743593 -0.00263468 0.999994 0.00214956 0.120868 0.00926381 -0.00212506 0.999955 0.657617
165 167 30 0.999752 0.0154439 -0.0160141 0.742347 -0.0152587 0.999816 0.0116224 -0.00361287 0.0161906 -0.0113752 0.999804 0.670006
165 168 129 0.998693 0.0229431 -0.0456644 0.954544 -0.0222216 0.999621 0.0162449 -0.0530994 0.0460198 -0.015209 0.998825 0.293301
165 169 209 0.997612 0.0307699 -0.0618278 0.925832 -0.030053 0.99947 0.0124921 0.00350376 0.0621794 -0.0106041 0.998009 0.377919
165 170 101 0.997915 0.0322516 -0.0559103 0.928903 -0.0314675 0.999394 0.0148495 -0.0634188 0.0563553 -0.0130592 0.998325 0.364852
165 171 87 0.996159 0.040075 -0.0778558 0.96129 -0.0382432 0.998959 0.0248793 -0.103414 0.0787718 -0.0218063 0.996654 0.255397
165 172 65 0.99546 0.0430053 -0.0849149 0.856689 -0.0405267 0.998707 0.0307009 -0.0684801 0.0861254 -0.0271202 0.995915 0.511268
165 173 100 0.98345 0.0600117 -0.170952 0.975019 -0.0541974 0.997788 0.0384816 -0.145655 0.172883 -0.0285796 0.984528 0.167695
165 174 108 0.987638 0.0686565 -0.140913 0.948893 -0.0653275 0.997468 0.0281219 -0.166182 0.142487 -0.0185688 0.989622 0.268302
165 175 88 0.98793 0.0720149 -0.13714 0.893081 -0.0698503 0.997346 0.0205379 -0.17647 0.138255 -0.0107108 0.990339 0.41384
165 176 89 0.985109 0.0858693 -0.148952 0.906468 -0.0839206 0.996285 0.0193304 -0.221463 0.150058 -0.00654246 0.988656 0.359542
165 177 108 0.984485 0.0642635 -0.163275 0.911706 -0.0645649 0.997907 0.00346518 -0.153571 0.163156 0.0071304 0.986575 0.381063
165 178 95 0.982312 0.0808608 -0.168893 0.918795 -0.0798895 0.996725 0.0125498 -0.173586 0.169355 0.00116498 0.985554 0.354518
165 179 125 0.981027 0.0764615 -0.178154 0.94082 -0.0745272 0.997065 0.0175347 -0.18129 0.178972 -0.00392467 0.983846 0.286342
180 181 129 0.9998 0.00859988 -0.0180622 0.978581 -0.00851455 0.999952 0.00479594 -0.0733908 0.0181026 -0.00464119 0.999825 0.192333
180 182 109 0.999889 0.00566972 -0.0137629 0.907109 -0.00556739 0.999957 0.00746231 -0.116685 0.0138046 -0.00738486 0.999877 0.404398
180 183 246 0.998939 0.00193706 -0.0460226 0.9651 -0.00146605 0.999946 0.0102658 -0.105398 0.04604 -0.0101874 0.998888 0.239736
180 184 141 0.998646 0.00769706 -0.0514391 0.914485 -0.00733838 0.999947 0.00715812 -0.0884772 0.0514915 -0.00677095 0.99865 0.394828
180 185 99 0.998838 0.0129661 -0.0464068 0.957317 -0.0128177 0.999912 0.00349439 -0.114134 0.046448 -0.0028955 0.998917 0.265553
180 186 88 0.998126 0.00502441 -0.0609872 0.977301 -0.00467193 0.999972 0.00592081 -0.120331 0.0610153 -0.00562478 0.998121 0.174365
180 187 75 0.998381 0.00574029 -0.0565889 0.918818 -0.00545176 0.999971 0.0052517 -0.0997541 0.0566174 -0.00493469 0.998384 0.381868
180 188 69 0.997047 0.01207 -0.0758411 0.973422 -0.0114922 0.999902 0.00805083 -0.115025 0.0759308 -0.00715547 0.997087 0.198036
180 189 37 0.996706 0.0174763 -0.0791937 0.976536 -0.016515 0.999782 0.0127776 -0.0907006 0.0793997 -0.0114277 0.996777 0.195323
180 190 81 0.994472 0.0194145 -0.103189 0.974795 -0.0170802 0.999579 0.0234575 -0.107107 0.103601 -0.0215653 0.994385 0.195712
180 191 125 0.990709 0.0251567 -0.133654 0.981484 -0.0217469 0.999401 0.0269111 -0.100324 0.134251 -0.0237545 0.990663 0.16317
180 192 95 0.991231 0.0329736 -0.127959 0.975432 -0.0300412 0.999241 0.0247802 -0.113215 0.128679 -0.0207188 0.99147 0.188982
180 193 123 0.986904 0.0369424 -0.157019 0.983289 -0.0332874 0.999112 0.0258445 -0.113186 0.157834 -0.0202793 0.987257 0.142591
180 194 69 0.990982 0.0391004 -0.128164 0.984387 -0.0365187 0.999081 0.022433 -0.129461 0.128923 -0.0175503 0.991499 0.119258
195 196 0 1 0 0 0 0 1 0 0 0 0 1 0
195 197 63 0.999912 0.00784251 -0.0106843 0.99226 -0.0078168 0.999966 0.00244607 -0.048814 0.0107031 -0.00236234 0.99994 -0.114185
195 198 162 0.999884 0.0105784 0.0109207 -0.965449 -0.0105951 0.999943 0.00147796 0.0891892 -0.0109044 -0.00159349 0.999939 0.244852
195 199 69 0.99921 0.031298 -0.0245078 0.987477 -0.03117 0.999498 0.00558436 -0.0909341 0.0246703 -0.00481603 0.999684 -0.128917
195 200 64 0.999279 0.0338695 0.0171608 -0.984784 -0.0338117 0.999422 -0.00364665 0.124573 -0.0172744 0.00306378 0.999846 -0.121169
195 201 67 0.99815 0.046556 -0.0390963 0.987313 -0.0467581 0.998897 -0.00427058 -0.0834346 0.0388543 0.00609075 0.999226 -0.135097
195 202 51 0.99746 0.0521554 -0.0485196 0.991599 -0.0526195 0.99858 -0.00833635 -0.0907472 0.0480159 0.0108683 0.998787 -0.0921763
195 203 58 0.995729 0.0718589 -0.0579673 0.962497 -0.0726003 0.997303 -0.0107851 -0.0441424 0.0570359 0.0149475 0.99826 -0.267679
195 204 53 0.995146 0.06974 -0.0694356 0.974093 -0.0706663 0.99744 -0.0109726 -0.0340756 0.0684926 0.0158261 0.997526 -0.223566
195 205 68 0.9939 0.067055 -0.087562 0.988027 -0.0680006 0.997654 -0.00785832 -0.018708 0.0868297 0.0137647 0.996128 -0.153145
195 206 149 0.990204 0.0698493 -0.120899 0.992327 -0.0706252 0.997501 -0.00213955 -0.0453486 0.120447 0.0106571 0.992663 -0.115026
195 207 102 0.991578 0.0662976 -0.111257 0.997046 -0.0670886 0.997741 -0.00337762 -0.03671 0.110781 0.0108132 0.993786 -0.0674726
195 208 113 0.989143 0.0683766 -0.130081 0.994087 -0.0700921 0.997503 -0.00865018 -0.0139796 0.129165 0.0176739 0.991466 -0.107687
195 209 96 0.986195 0.0754305 -0.147411 0.996092 -0.0769018 0.997029 -0.00429896 -0.000990369 0.146649 0.0155758 0.989066 -0.0883139
210 211 0 1 0 0 0 0 1 0 0 0 0 1 0
210 212 197 0.997762 -0.00882728 -0.0662731 0.986028 0.00951376 0.999904 0.0100498 -0.156239 0.0661781 -0.0106578 0.997751 0.0577731
210 213 233 0.997674 -0.00601637 -0.0678927 0.985546 0.00630805 0.999972 0.00408261 -0.100007 0.0678663 -0.00450138 0.997684 0.136736
210 214 84 0.999288 -0.0122767 -0.0356771 -0.980278 0.0120221 0.999901 -0.0073398 0.0791482 0.0357636 0.00690566 0.999336 0.181083
210 215 85 0.995979 -0.00882214 -0.0891557 0.984932 0.00844523 0.999954 -0.00460384 -0.136922 0.0891922 0.00383239 0.996007 0.105649
210 216 102 0.998261 -0.00773364 -0.0584433 -0.947751 0.00712124 0.999918 -0.0106795 0.129159 0.0585211 0.0102447 0.998234 -0.291695
210 217 196 0.991545 -0.00534016 -0.129655 0.97638 0.00505124 0.999984 -0.00255714 -0.128385 0.129667 0.0018806 0.991556 0.173782
210 218 138 0.987595 0.00109726 -0.157017 0.988215 -0.00105463 0.999999 0.000354808 -0.153028 0.157017 -0.000184813 0.987596 0.00365233
210 219 141 0.98669 0.00470855 -0.162546 0.982092 -0.00449356 0.999988 0.00169027 -0.158768 0.162552 -0.000937358 0.9867 0.101431
210 220 160 0.983904 0.0142365 -0.178129 0.976116 -0.0135774 0.999896 0.00491871 -0.1672 0.17818 -0.00242101 0.983995 0.138712
210 221 135 0.980802 0.0190932 -0.194068 0.966854 -0.0169359 0.999775 0.0127695 -0.180415 0.194268 -0.00923762 0.980905 0.180678
210 222 132 0.979662 0.0266773 -0.198876 0.941515 -0.0247527 0.99962 0.0121576 -0.189867 0.199125 -0.00698764 0.979949 0.278388
210 223 109 0.976434 0.0417669 -0.211734 0.93304 -0.0405512 0.999127 0.0100827 -0.214179 0.21197 -0.001259 0.977275 0.289073
210 224 127 0.959205 0.0525681 -0.27778 0.931947 -0.0469815 0.998538 0.0267347 -0.247894 0.27878 -0.0125936 0.960273 0.264621
225 226 44 0.999978 0.00363924 -0.00555047 0.511244 -0.0036393 0.999993 -1.56003e-06 -0.21698 0.00555043 2.17598e-05 0.999985 0.831594
225 227 95 0.999626 0.00866577 -0.0259187 0.983705 -0.00870163 0.999961 -0.0012709 -0.149253 0.0259067 0.00149596 0.999663 0.100242
225 228 221 0.999042 0.0162728 -0.0406156 0.989742 -0.016306 0.999867 -0.000485786 -0.121424 0.0406023 0.0011476 0.999175 0.0752756
225 229 81 0.999597 0.0117497 -0.0258589 0.980114 -0.0116779 0.999928 0.00292761 -0.198142 0.0258915 -0.00262445 0.999661 -0.0107951
225 230 93 0.99843 0.0077651 -0.0554651 0.885407 -0.00746755 0.999957 0.00557001 -0.146043 0.055506 -0.00514708 0.998445 0.441278
225 231 82 0.999003 0.00759816 -0.0439931 0.409982 -0.00758659 0.999971 0.000429834 -0.0146736 0.0439951 -9.56477e-05 0.999032 -0.911976
225 232 70 0.998239 0.00772202 -0.0588122 0.929439 -0.00746581 0.999962 0.00457482 -0.111025 0.0588453 -0.00412768 0.998259 0.351875
225 233 198 0.996044 0.00996052 -0.0883003 0.945451 -0.00939688 0.999933 0.00679665 -0.0824957 0.088362 -0.00594002 0.996071 0.315145
225 234 218 0.995919 0.00772827 -0.0899184 0.966338 -0.00686428 0.999927 0.00991383 -0.0911318 0.0899885 -0.00925614 0.9959 0.240596
225 235 346 0.993983 0.0100608 -0.109075 0.949514 -0.00866476 0.999874 0.0132657 -0.0763326 0.109194 -0.0122407 0.993945 0.304296
225 236 52 0.996688 0.00454765 -0.0811888 0.920581 -0.003353 0.999884 0.0148447 -0.0976571 0.0812469 -0.0145233 0.996588 0.378146
225 237 80 0.994089 0.0121013 -0.107891 0.958683 -0.0104667 0.999822 0.0157042 -0.113898 0.108061 -0.0144821 0.994039 0.26068
225 238 184 0.992259 0.0160132 -0.123148 0.936797 -0.0134729 0.999679 0.0214336 -0.0947079 0.123451 -0.0196085 0.992157 0.336813
225 239 188 0.987665 0.0194433 -0.155369 0.927212 -0.0158591 0.99958 0.0242757 -0.0803451 0.155776 -0.0215122 0.987558 0.365818
240 241 161 0.999668 0.00299836 -0.0256029 0.996646 -0.0029317 0.999992 0.00264085 -0.07945 0.0256106 -0.00256492 0.999669 -0.0196206
240 242 267 0.999038 0.00848629 -0.0430203 0.998335 -0.00829652 0.999955 0.00458769 -0.0415952 0.0430573 -0.00422636 0.999064 0.0399641
240 243 227 0.997902 0.0136172 -0.0632972 0.995794 -0.0131921 0.999888 0.00712999 -0.0741121 0.0633872 -0.00628001 0.997969 0.0538653
240 244 121 0.998348 0.0186174 -0.0543616 0.990851 -0.0183539 0.999817 0.00534312 -0.0933371 0.0544511 -0.00433654 0.998507 0.0974854
240 245 242 0.995812 0.0231753 -0.0884424 0.996234 -0.0225733 0.999715 0.00780097 -0.0795143 0.088598 -0.00577186 0.996051 -0.0345835
240 246 113 0.995564 0.0272146 -0.0900619 0.986444 -0.0267053 0.99962 0.00685606 -0.0820631 0.0902143 -0.00442052 0.995913 0.142107
240 247 118 0.994339 0.0295321 -0.102067 0.992409 -0.0286943 0.999541 0.00966726 -0.116373 0.102306 -0.00668378 0.994731 -0.0397587
240 248 170 0.989031 0.0392821 -0.142385 0.986349 -0.0376806 0.999193 0.0139276 -0.118059 0.142818 -0.00840965 0.989713 0.114797
240 249 72 0.993675 0.0406106 -0.104692 0.984115 -0.0399659 0.999167 0.00825012 -0.13673 0.104939 -0.00401385 0.994471 0.113241
240 250 58 0.989849 0.0484862 -0.133594 0.957818 -0.047743 0.998821 0.00876281 -0.170461 0.133861 -0.00229569 0.990997 -0.231359
240 251 34 0.989963 0.0573996 -0.129145 0.984697 -0.0589292 0.99823 -0.00805064 -0.151911 0.128454 0.0155802 0.991593 0.0854087
240 252 75 0.984911 0.0646313 -0.160542 0.976912 -0.0672555 0.997676 -0.0109599 -0.143296 0.159461 0.0215919 0.986968 0.15846
240 253 77 0.98496 0.0732072 -0.156504 0.989444 -0.0757385 0.997075 -0.0102638 -0.144409 0.155295 0.0219628 0.987624 0.0120694
240 254 43 0.990197 0.0669886 -0.122562 0.98582 -0.0695799 0.997432 -0.0169816 -0.146859 0.12111 0.0253431 0.992316 0.0811854
255 256 46 0.999995 -0.00180596 0.00272763 -0.296769 0.00178785 0.999976 0.0066263 0.210085 -0.00273953 -0.00662138 0.999974 -0.931554
255 257 0 1 0 0 0 0 1 0 0 0 0 1 0
255 258 103 0.999663 0.00354706 -0.0257102 0.843106 -0.00305186 0.99981 0.0192743 0.0711174 0.0257737 -0.0191893 0.999484 0.533024
255 259 88 0.999266 0.00774778 -0.0375093 0.956399 -0.00697063 0.999759 0.0208054 0.179344 0.0376615 -0.0205287 0.99908 0.230516
255 260 59 0.998965 0.011188 -0.0440949 0.759056 -0.00991166 0.999529 0.0290592 0.147958 0.0443992 -0.028592 0.998605 0.63399
255 261 110 0.99493 0.0173535 -0.0990596 0.932973 -0.0152023 0.999633 0.0224307 0.133352 0.0994125 -0.020811 0.994829 0.334334
255 262 161 0.991741 0.0123274 -0.127664 0.955899 -0.00949241 0.999695 0.0227911 0.0626572 0.127906 -0.021391 0.991556 0.286935
255 263 85 0.996136 0.0115699 -0.0870598 0.893856 -0.00936121 0.999625 0.0257351 0.00959204 0.0873249 -0.0248207 0.995871 0.448252
255 264 51 0.996327 0.000671276 -0.0856275 0.853868 0.00160048 0.999649 0.0264593 -0.0423189 0.0856152 -0.0264992 0.995976 0.518766
255 265 96 0.988873 0.00449145 -0.148692 0.918218 -0.00145391 0.999788 0.0205308 -0.0278537 0.148752 -0.0200862 0.98867 0.395096
255 266 122 0.984579 0.0280901 -0.17267 0.915595 -0.0253672 0.999517 0.0179561 -0.0382004 0.173091 -0.013299 0.984816 0.400282
255 267 65 0.984985 0.0259335 -0.170681 0.94174 -0.0230378 0.999555 0.0189245 -0.0566029 0.171096 -0.0147082 0.985145 0.331544
255 268 57 0.986404 0.0171083 -0.163445 0.872296 -0.0142175 0.999721 0.0188398 -0.0875857 0.163721 -0.0162598 0.986373 0.48107
255 269 78 0.983568 0.0370776 -0.176689 0.892122 -0.0339648 0.99921 0.0206102 -0.105168 0.177314 -0.0142703 0.984051 0.439383
270 271 10 0.999855 0.0109511 -0.0130072 0.514535 -0.0108644 0.999918 0.00671774 -0.4758 0.0130797 -0.00657546 0.999893 0.713349
270 272 116 0.998937 0.0145722 -0.043729 0.821313 -0.0142626 0.999871 0.00738467 -0.312548 0.043831 -0.00675313 0.999016 0.477241
270 273 77 0.99914 0.0249953 -0.0330825 0.809296 -0.0250258 0.999687 -0.000509369 -0.338492 0.0330594 0.00133685 0.999452 0.480067
270 274 80 0.998947 0.0258161 -0.0379151 0.819045 -0.0258272 0.999666 0.000196077 -0.291528 0.0379075 0.000783371 0.999281 0.494142
270 275 89 0.998596 0.0287243 -0.0445093 0.735501 -0.0286222 0.999586 0.00293011 -0.263256 0.0445751 -0.00165204 0.999005 0.624287
270 276 94 0.996564 0.0339239 -0.0755565 0.847146 -0.0335832 0.999419 0.00577481 -0.253021 0.0757085 -0.00321754 0.997125 0.467251
270 277 92 0.997235 0.038299 -0.063683 0.880203 -0.0381239 0.999265 0.00396407 -0.262266 0.063788 -0.00152526 0.997962 0.39555
270 278 89 0.996843 0.0300113 -0.0735111 0.833484 -0.0297755 0.999547 0.00430197 -0.247327 0.073607 -0.00209956 0.997285 0.494099
270 279 73 0.997597 0.0278182 -0.063451 0.827054 -0.0279841 0.999607 -0.00172772 -0.24333 0.063378 0.00349919 0.997983 0.506727
270 280 49 0.997854 0.0329124 -0.0565971 0.835446 -0.0330291 0.999454 -0.00112635 -0.240667 0.0565291 0.00299328 0.998396 0.494073
270 281 94 0.996434 0.0300266 -0.0788569 0.843723 -0.0296648 0.999543 0.00575514 -0.208823 0.0789937 -0.00339534 0.996869 0.494493
270 282 82 0.995176 0.027951 -0.0940352 0.858045 -0.0271206 0.999581 0.0100977 -0.208922 0.0942781 -0.00749874 0.995518 0.469159
270 283 73 0.992891 0.042912 -0.111018 0.839384 -0.0420644 0.999065 0.009967 -0.196815 0.111342 -0.00522623 0.993768 0.506654
270 284 46 0.995864 0.0270985 -0.0867255 0.814939 -0.0263558 0.999606 0.00969798 -0.220565 0.0869541 -0.00737215 0.996185 0.535934
285 286 10 0.999888 0.00491353 -0.0141282 0.980442 -0.00490076 0.999988 0.000938308 -0.00228195 0.0141327 -0.000868964 0.9999 -0.196796
285 287 0 1 0 0 0 0 1 0 0 0 0 1 0
285 288 111 0.999992 0.000925432 0.00390995 -0.966494 -0.000934329 0.999997 0.00227416 0.0462925 -0.00390784 -0.0022778 0.99999 0.252482
285 289 101 0.999495 0.00371709 -0.0315543 0.966371 -0.00361207 0.999988 0.00338432 -0.10784 0.0315665 -0.00326863 0.999496 0.233446
285 290 85 0.999606 0.00692617 -0.0271975 0.971611 -0.00687285 0.999974 0.00205355 -0.117974 0.027211 -0.00186581 0.999628 -0.205069
285 291 165 0.998948 0.0132941 -0.0438896 0.991023 -0.0131147 0.999904 0.0043742 -0.125378 0.0439435 -0.003794 0.999027 -0.0463996
285 292 83 0.998867 0.0223636 -0.042001 0.982535 -0.0222079 0.999745 0.0041701 -0.0971554 0.0420835 -0.00323263 0.999109 -0.1587
285 293 145 0.996065 0.0370097 -0.0805243 0.99137 -0.0363001 0.999288 0.0102587 -0.0833535 0.0808467 -0.00729531 0.9967 0.101181
285 294 95 0.998045 0.0342596 -0.0522815 0.995692 -0.0339524 0.999401 0.00675374 -0.0563047 0.0524816 -0.00496545 0.99861 0.073667
285 295 122 0.997948 0.0486408 -0.0416308 0.947846 -0.0482728 0.998786 0.00980122 -0.115196 0.042057 -0.00777148 0.999085 -0.297184
285 296 55 0.997531 0.0641995 -0.0284786 0.926269 -0.063686 0.997797 0.0185849 -0.106966 0.029609 -0.0167253 0.999422 -0.361363
285 297 25 0.997512 0.0700685 -0.00776747 -0.0181117 -0.0698603 0.997257 0.0244413 -0.0268502 0.00945873 -0.0238378 0.999671 -0.999475
285 298 154 0.994702 0.0998809 -0.0243101 0.987556 -0.0991989 0.994679 0.0278085 -0.0684572 0.0269583 -0.0252497 0.999318 -0.141586
285 299 174 0.993738 0.108479 -0.0267798 0.992502 -0.107607 0.993675 0.0321007 -0.114678 0.0300927 -0.029018 0.999126 -0.042303
300 301 0 1 0 0 0 0 1 0 0 0 0 1 0
300 302 0 1 0 0 0 0 1 0 0 0 0 1 0
300 303 17 0.999974 0.0071951 -0.000446678 0.601225 -0.00719649 0.999969 -0.00320696 -0.22141 0.00042359 0.00321009 0.999995 0.767793
300 304 171 0.999657 0.0161275 0.0206127 -0.918256 -0.0158752 0.999798 -0.012346 0.02732 -0.0208076 0.0120145 0.999711 0.395044
300 305 19 0.999784 0.0204095 0.00404413 -0.884564 -0.0203275 0.999606 -0.0193757 0.0920602 -0.00443799 0.0192893 0.999804 0.457242
300 306 95 0.999943 0.00280823 0.0103474 -0.956429 -0.00252832 0.999633 -0.0269657 0.261097 -0.0104193 0.026938 0.999583 0.13066
300 307 62 0.999658 0.017608 -0.0193215 0.798698 -0.0181715 0.999403 -0.0293893 -0.0932369 0.0187925 0.0297304 0.999381 -0.594465
300 308 154 0.99979 0.00839109 0.0187052 -0.951897 -0.00775619 0.9994 -0.0337604 0.1347 -0.0189773 0.0336082 0.999255 -0.275223
300 309 64 0.999621 0.00712599 -0.0265745 0.881551 -0.00790513 0.999539 -0.0293305 -0.0948134 0.0263532 0.0295295 0.999216 -0.462469
300 310 63 0.999974 -0.00241245 0.00680196 -0.9764 0.00265869 0.999333 -0.0364287 0.139863 -0.00670954 0.0364459 0.999313 -0.164564
300 311 60 0.998006 -0.000346684 -0.0631179 0.885428 -0.00134494 0.999641 -0.0267566 -0.0739827 0.0631045 0.0267882 0.997647 -0.45885
300 312 48 0.99817 -0.000993147 -0.0604637 0.979446 -0.000804823 0.999558 -0.0297048 -0.100955 0.0604665 0.0296991 0.997728 -0.174623
300 313 54 0.998528 -0.00951516 -0.0533914 -0.875877 0.00735354 0.999151 -0.0405377 0.0532893 0.0537317 0.0400855 0.99775 0.479582
300 314 48 0.995274 -0.00553299 -0.0969462 0.960863 0.00185726 0.999277 -0.0379644 -0.0831723 0.0970862 0.0376049 0.994565 -0.264245
315 316 0 1 0 0 0 0 1 0 0 0 0 1 0
315 317 230 0.999055 -0.0101739 -0.0422477 0.830653 0.0107459 0.999853 0.0133341 -0.552043 0.0421059 -0.0137755 0.999018 -0.0725521
315 318 0 1 0 0 0 0 1 0 0 0 0 1 0
315 319 280 0.99883 0.00110206 -0.0483391 0.960585 -0.00137468 0.999983 -0.00560694 -0.220127 0.0483321 0.00566683 0.998815 -0.169766
315 320 206 0.999762 -0.00664426 0.0207998 -0.971983 0.00703161 0.999802 -0.0186052 0.0580199 -0.020672 0.018747 0.999611 -0.227779
315 321 137 0.998962 0.00238885 -0.0454784 0.904042 -0.00324621 0.999818 -0.0187875 0.0218471 0.0454253 0.0189157 0.998789 -0.426884
315 322 165 0.999766 -0.0194174 0.00953341 -0.969845 0.0196485 0.9995 -0.0247812 0.13943 -0.00904745 0.0249627 0.999647 -0.199901
315 323 113 0.998321 -0.0142354 -0.0561391 0.897524 0.0132985 0.999767 -0.0170276 -0.108482 0.0563684 0.0162524 0.998278 -0.427414
315 324 131 0.997713 -0.0081002 -0.0671077 0.977005 0.00689512 0.999811 -0.0181696 -0.0764663 0.0672422 0.0176653 0.99758 -0.199033
315 325 111 0.996735 -0.00689582 -0.0804417 0.972045 0.00548883 0.999828 -0.0176989 -0.0711824 0.0805499 0.0171995 0.996602 -0.223744
315 326 113 0.996245 -0.00325797 -0.0865201 0.978524 0.00188744 0.999872 -0.0159176 -0.0454936 0.0865608 0.0156946 0.996123 -0.201052
315 327 104 0.996382 -0.00833589 -0.0845834 0.941911 0.00719048 0.999878 -0.0138374 -0.0659838 0.0846885 0.0131791 0.99632 -0.329317
315 328 93 0.995247 0.00406828 -0.0973028 0.969899 -0.00551229 0.999879 -0.0145762 -0.0706446 0.0972317 0.0150433 0.995148 -0.233035
315 329 142 0.993624 0.0279274 -0.109232 0.991959 -0.0304498 0.999305 -0.021492 -0.0240225 0.108556 0.0246811 0.993784 -0.124262
330 331 0 1 0 0 0 0 1 0 0 0 0 1 0
330 332 173 0.999789 -0.0152706 0.013735 -0.947293 0.0152598 0.999883 0.000893673 0.179123 -0.0137471 -0.000683891 0.999905 -0.265613
330 333 84 0.999832 -0.00623292 -0.0172254 0.98818 0.00622978 0.999981 -0.000235454 -0.151 0.0172265 0.000128104 0.999852 0.0264312
330 334 81 0.999796 -0.00351928 -0.0198902 0.954073 0.00338483 0.999971 -0.00678915 -0.0627923 0.0199135 0.00672044 0.999779 -0.29292
330 335 71 0.999896 -0.00895435 -0.0112824 0.935653 0.00885157 0.999919 -0.00912759 -0.0748347 0.0113632 0.00902678 0.999895 -0.344896
330 336 86 0.999815 -0.00737641 -0.0177869 0.96412 0.00720335 0.999926 -0.00977395 -0.0789708 0.0178577 0.00964401 0.999794 -0.253448
330 337 76 0.99992 -0.00837851 -0.00942606 0.940106 0.00823117 0.999845 -0.0155629 -0.0458973 0.009555 0.0154841 0.999834 -0.337779
330 338 63 0.999908 -0.00936912 -0.00984604 -0.957729 0.00913962 0.999691 -0.0231009 0.0300927 0.0100594 0.0230088 0.999685 0.286095
330 339 68 0.999566 -0.00730154 -0.0285459 0.957559 0.0065545 0.999636 -0.0261762 -0.0563584 0.0287266 0.0259777 0.99925 -0.282672
330 340 85 0.999685 -0.00791823 -0.0238308 0.875523 0.0070976 0.999386 -0.0343253 -0.0282927 0.024088 0.0341453 0.999127 -0.482347
330 341 72 0.999461 -0.00668998 -0.0321331 0.886042 0.00558844 0.999398 -0.034249 -0.0309578 0.0323429 0.0340509 0.998897 -0.46257
330 342 147 0.997959 -0.00807355 -0.0633388 0.878686 0.00663091 0.999715 -0.0229539 -0.0629821 0.0635061 0.022487 0.997728 -0.473227
