0 1 0 1 0 0 0 0 1 0 0 0 0 1 0
0 2 296 0.999505 0.0138148 -0.0282608 0.953465 -0.0137556 0.999903 0.00228641 0.23169 0.0282896 -0.00189653 0.999598 -0.192937
0 3 285 0.99908 0.0138002 -0.0406094 0.931738 -0.0136552 0.999899 0.0038456 0.221435 0.0406584 -0.00328753 0.999168 -0.287802
0 4 263 0.99801 0.0187901 -0.0601888 0.817909 -0.0186482 0.999822 0.00291871 0.236161 0.060233 -0.00179048 0.998183 -0.524646
0 5 363 0.996406 0.0275491 -0.0800995 0.833431 -0.0280886 0.99959 -0.00561617 0.232901 0.0799119 0.00784587 0.996771 -0.501148
0 6 282 0.996996 0.0223893 -0.0741426 0.92488 -0.021806 0.999725 0.00866636 0.226314 0.0743162 -0.00702357 0.99721 -0.305581
0 7 227 0.995579 0.034717 -0.0872814 0.887319 -0.0343741 0.999394 0.00542925 0.243307 0.087417 -0.00240503 0.996169 -0.391748
0 8 297 0.991958 0.0318269 -0.1225 0.879908 -0.0306167 0.999462 0.0117489 0.213555 0.122809 -0.00790385 0.992399 -0.424447
0 9 177 0.994797 0.0239243 -0.09903 0.9615 -0.0195361 0.998794 0.0450471 0.203522 0.0999883 -0.042878 0.994064 -0.18465
0 10 231 0.989978 0.0353963 -0.136713 0.894849 -0.032835 0.999241 0.0209456 0.214643 0.137351 -0.0162467 0.990389 -0.391374
0 11 204 0.988315 0.0454068 -0.145503 0.863017 -0.0448459 0.998968 0.0071346 0.228044 0.145677 -0.000526022 0.989332 -0.450775
0 12 225 0.980227 0.0641845 -0.187178 0.866409 -0.0662936 0.997788 -0.00502379 0.223838 0.186442 0.0173332 0.982313 -0.446355
0 13 150 0.98241 0.0710617 -0.172685 0.911371 -0.0709022 0.997458 0.00709974 0.218303 0.17275 0.00526886 0.984952 -0.348922
0 14 220 0.975188 0.0758564 -0.207975 0.883739 -0.0760959 0.997077 0.00686088 0.213653 0.207888 0.00913543 0.97811 -0.416362
15 16 40 0.999965 0.000569018 -0.00829773 0.783273 -0.000659068 0.999941 -0.0108536 0.274592 0.00829107 0.0108587 0.999907 -0.557748
15 17 193 0.999471 0.000126744 -0.0325187 0.963734 -0.000432655 0.999956 -0.0094004 0.239264 0.032516 0.00940949 0.999427 -0.118196
15 18 257 0.999519 0.00534047 -0.0305566 0.965583 -0.00528323 0.999984 0.0019537 0.2434 0.0305666 -0.00179132 0.999531 -0.091685
15 19 254 0.998854 0.0045752 -0.0476419 0.88455 -0.00491316 0.999964 -0.00697908 0.269525 0.0476082 0.00720515 0.99884 -0.380693
15 20 226 0.997863 0.00191048 -0.0653193 0.902664 -0.00228712 0.999981 -0.00569179 0.264397 0.0653072 0.00582902 0.997848 -0.339545
15 21 212 0.995811 0.00655906 -0.0911958 0.956709 -0.00691445 0.99997 -0.00358162 0.248632 0.0911695 0.00419719 0.995827 -0.151297
15 22 235 0.994228 0.0158184 -0.106117 0.873262 -0.0164995 0.999849 -0.0055426 0.207289 0.106014 0.00726149 0.994338 -0.44096
15 23 197 0.986649 0.0155615 -0.162119 0.940863 -0.0174983 0.999791 -0.0105256 0.21879 0.161921 0.0132219 0.986715 -0.258666
15 24 203 0.986777 0.0260933 -0.159972 0.890227 -0.0286459 0.999496 -0.0136709 0.163055 0.159534 0.0180727 0.987027 -0.425334
15 25 195 0.982349 0.0378544 -0.183186 0.891643 -0.0458509 0.998163 -0.0396137 0.158992 0.18135 0.0473138 0.98228 -0.423903
15 26 169 0.97254 0.026945 -0.231169 0.961184 -0.0335133 0.999137 -0.0245331 0.140014 0.230309 0.0316067 0.972604 -0.237744
15 27 129 0.993628 0.0641518 -0.0926733 0.667064 -0.0635735 0.997935 0.00918191 0.0998964 0.0930709 -0.00323183 0.995654 0.738273
15 28 138 0.981424 0.0688284 -0.179082 0.849363 -0.0788761 0.99565 -0.0495965 0.0567491 0.174889 0.0628005 0.982583 -0.52475
15 29 159 0.953204 0.0432886 -0.299213 0.990968 -0.0633459 0.996325 -0.057658 0.133983 0.295617 0.0739138 0.952443 0.00552076
30 31 234 0.999734 -0.00517114 -0.0224584 0.749017 0.00531388 0.999966 0.00630052 -0.0308843 0.0224251 -0.00641819 0.999728 0.661831
30 32 104 0.999937 0.00755186 -0.00831501 0.848054 -0.0075489 0.999971 0.000387997 -0.0519546 0.0083177 -0.000325204 0.999965 -0.527356
30 33 183 0.998965 0.012227 -0.043811 0.897356 -0.01186 0.999892 0.00862703 -0.0547622 0.0439118 -0.0080985 0.999003 0.437896
30 34 149 0.998486 0.0260111 -0.0484759 0.999477 -0.0261881 0.999652 -0.00302063 0.0320432 0.0483805 0.00428555 0.99882 -0.00440303
30 35 76 0.998623 0.0523936 -0.00272054 0.60896 -0.0523255 0.998411 0.0209277 -0.00581298 0.00381269 -0.0207565 0.999777 0.793179
30 36 70 0.990835 0.0892548 0.101392 -0.185525 -0.0899622 0.995942 0.00241664 0.233219 -0.100765 -0.0115159 0.994844 0.954562
30 37 79 0.989625 0.113889 -0.0875882 0.585489 -0.106224 0.990468 0.0876937 0.0641929 0.0967406 -0.0774799 0.992289 0.808135
30 38 135 0.98674 0.0546211 -0.152843 0.947086 -0.0503593 0.99823 0.03162 0.0569346 0.1543 -0.0235036 0.987744 0.31589
30 39 147 0.994668 0.0572544 -0.0857799 0.947596 -0.0551326 0.998116 0.0269051 0.0883852 0.0871588 -0.0220324 0.995951 0.307002
30 40 46 0.989718 0.113508 0.0870289 0.755559 -0.114173 0.993457 0.0026859 -0.0861785 -0.0861546 -0.0125946 0.996202 -0.649387
30 41 60 0.985389 0.149964 0.0807459 0.811937 -0.144903 0.987289 -0.0652911 -0.0713997 -0.0895108 0.0526368 0.994594 -0.579362
30 42 108 0.989938 0.0566442 -0.129673 0.940863 -0.0561692 0.998394 0.00731994 0.0804813 0.129879 3.73242e-05 0.99153 0.329088
30 43 119 0.987157 0.0654726 -0.145721 0.995309 -0.0626863 0.997753 0.0236363 0.0496025 0.146942 -0.0141979 0.989043 -0.0830665
30 44 89 0.960855 0.202248 0.189348 -0.26476 -0.204195 0.978885 -0.00937452 0.242515 -0.187246 -0.0296564 0.981865 0.933321
45 46 12 0.999892 0.00727434 -0.0127641 0.981566 -0.00725345 0.999972 0.00168213 0.00378167 0.012776 -0.00158936 0.999917 0.191086
45 47 276 0.998871 0.00934367 -0.0465868 0.997505 -0.00905558 0.999939 0.00639112 0.03592 0.0466437 -0.00596203 0.998894 -0.0607721
45 48 211 0.998451 0.0201103 -0.051869 0.997007 -0.019557 0.999747 0.0111534 0.0228927 0.0520801 -0.0101217 0.998592 0.0738427
45 49 235 0.997905 0.0266239 -0.0589618 0.999864 -0.026218 0.999627 0.0076459 0.00332274 0.0591434 -0.00608402 0.998231 -0.0161352
45 50 179 0.996609 0.0324953 -0.0755966 0.984232 -0.0317094 0.99943 0.0115731 -0.00895856 0.0759296 -0.0091367 0.997071 0.176653
45 51 157 0.996706 0.0352415 -0.0730401 0.9892 -0.0343443 0.999319 0.0135032 0.117882 0.0734663 -0.0109502 0.997238 0.0871072
45 52 65 0.997838 0.0656572 0.00301313 0.941617 -0.06563 0.997809 -0.0083977 0.0942133 -0.0035579 0.00818179 0.99996 -0.323235
45 53 88 0.981101 0.0495608 -0.187041 0.792171 -0.0385941 0.99734 0.0618277 -0.0223342 0.189608 -0.0534405 0.980404 0.609891
45 54 131 0.986657 0.0459077 -0.156205 0.845187 -0.0262452 0.991723 0.125686 -0.177838 0.160682 -0.119909 0.979695 -0.504016
45 55 72 0.985546 0.110287 -0.128594 0.595132 -0.0974814 0.99 0.101966 -0.242522 0.138553 -0.0879565 0.986441 -0.76616
45 56 80 0.958474 0.0745326 -0.27527 0.89184 -0.0963214 0.993127 -0.0664846 0.0616671 0.268422 0.0902381 0.959065 0.448127
45 57 137 0.97929 0.128783 -0.156226 0.911321 -0.122654 0.991274 0.0482973 0.0142078 0.161083 -0.0281353 0.98654 -0.41145
45 58 92 0.981506 0.162456 -0.101261 0.99917 -0.156677 0.985659 0.0626741 -0.0376713 0.109991 -0.0456497 0.992884 -0.0155123
45 59 81 0.944108 0.187162 -0.271348 0.987747 -0.162089 0.980371 0.112249 0.0154611 0.287031 -0.0619926 0.955913 0.155297
60 61 37 0.999979 0.00363565 -0.00531692 0.821687 -0.00364786 0.999991 -0.00228804 0.0450749 0.00530855 0.00230739 0.999983 0.568153
60 62 142 0.999269 0.0198136 -0.0327046 0.873612 -0.0203327 0.999671 -0.0156145 0.244308 0.0323845 0.0162681 0.999343 0.420851
60 63 105 0.999455 0.0300719 -0.0136381 0.779315 -0.0300726 0.999548 0.000153847 0.0912785 0.0136365 0.000256368 0.999907 0.619949
60 64 110 0.998476 0.0315306 -0.0452972 0.915386 -0.0319174 0.99946 -0.00784014 0.103968 0.0450255 0.00927396 0.998943 0.388921
60 65 102 0.998507 0.0346471 -0.0422229 0.880837 -0.0349822 0.999362 -0.00722544 0.113482 0.0419456 0.00869171 0.999082 0.459617
60 66 111 0.997805 0.0278784 -0.0600744 0.932322 -0.0286339 0.999521 -0.0117528 0.038881 0.059718 0.0134472 0.998125 0.359534
60 67 102 0.997847 0.0258645 -0.0602727 0.877694 -0.0263052 0.999633 -0.0065293 0.00427223 0.0600817 0.00810073 0.998161 0.479202
60 68 98 0.996254 0.0284891 -0.0816463 0.813772 -0.0289171 0.999574 -0.00406466 0.00893056 0.0814957 0.00641041 0.996653 0.581116
60 69 94 0.994544 0.0371718 -0.0974667 0.839188 -0.0369013 0.999308 0.00457677 -0.0595165 0.0975694 -0.000955151 0.995228 0.540575
60 70 107 0.995238 0.0444261 -0.086766 0.7474 -0.0434054 0.998965 0.0136162 -0.0806037 0.0872811 -0.00978521 0.996136 0.659466
60 71 88 0.994818 0.0394416 -0.0937083 0.837403 -0.0392085 0.999222 0.00432824 -0.0671186 0.0938061 -0.000631649 0.99559 0.542449
60 72 92 0.983914 0.0219056 -0.177293 0.866134 -0.0261522 0.999423 -0.021651 -0.0297939 0.176717 0.0259393 0.98392 0.498923
60 73 83 0.986061 0.0346368 -0.162739 0.875092 -0.0375641 0.999182 -0.0149444 -0.0493988 0.162088 0.0208492 0.986556 0.48143
60 74 57 0.989189 0.0351602 -0.14237 0.814438 -0.0378777 0.999147 -0.0164215 -0.0905473 0.141671 0.0216366 0.989677 0.573142
75 76 12 0.999909 0.00578269 -0.0121757 0.691406 -0.00583185 0.999975 -0.00400579 -0.165742 0.0121523 0.00407643 0.999918 0.703198
75 77 108 0.999673 0.0148224 -0.0208505 0.703834 -0.014941 0.999873 -0.00554178 -0.317831 0.0207657 0.00585149 0.999767 0.635296
75 78 130 0.999344 0.0213743 -0.029238 0.695057 -0.0215379 0.999754 -0.00529119 -0.288726 0.0291177 0.00591745 0.999558 0.658432
75 79 142 0.999288 0.0196158 -0.0322396 0.816576 -0.0201601 0.999658 -0.0166443 -0.322946 0.0319021 0.0172824 0.999342 0.478446
75 80 115 0.999507 0.0192185 -0.02481 0.924903 -0.0201848 0.999023 -0.0393034 -0.341087 0.0240304 0.0397848 0.998919 0.167972
75 81 126 0.998736 0.0265336 -0.0426888 0.890103 -0.0276138 0.999308 -0.0249163 -0.325032 0.0419981 0.0260637 0.998778 0.319487
75 82 133 0.998588 0.024749 -0.0470154 0.85802 -0.0259526 0.999346 -0.0251646 -0.329101 0.0463619 0.0263492 0.998577 0.394328
75 83 143 0.998539 0.0225476 -0.0491128 0.86014 -0.0242878 0.999088 -0.0351293 -0.338822 0.0482759 0.0362708 0.998175 0.38126
75 84 140 0.996315 0.0444387 -0.0733553 0.729377 -0.0456796 0.998839 -0.0153244 -0.35098 0.0725891 0.0186188 0.997188 0.587215
75 85 87 0.997283 0.0299907 -0.0672909 0.834807 -0.0329991 0.998484 -0.0440502 -0.350054 0.0658678 0.046151 0.996761 0.424923
75 86 178 0.995924 0.0281743 -0.0856815 0.870144 -0.0327402 0.998091 -0.0523602 -0.34093 0.0840427 0.054952 0.994946 0.355833
75 87 139 0.994383 0.0412826 -0.0974555 0.79206 -0.0445174 0.99852 -0.031254 -0.340831 0.096021 0.0354169 0.994749 0.506434
75 88 114 0.99556 0.049094 -0.0803133 0.741037 -0.0523079 0.997892 -0.0384133 -0.35877 0.0782581 0.0424437 0.996029 0.567581
75 89 144 0.991187 0.0583399 -0.11893 0.811387 -0.0628946 0.99741 -0.0349069 -0.339284 0.116585 0.0420793 0.992289 0.47596
90 91 0 1 0 0 0 0 1 0 0 0 0 1 0
90 92 170 0.999522 0.0155368 -0.0267232 0.988858 -0.0153063 0.999844 0.00880852 0.10239 0.0268559 -0.00839527 0.999604 -0.108054
90 93 189 0.99916 0.0194125 -0.0360803 0.995885 -0.0190672 0.999769 0.009888 0.0221289 0.0362639 -0.00919174 0.9993 0.0878825
90 94 132 0.998855 0.0251238 -0.0407144 0.896209 -0.0245126 0.99958 0.0154421 -0.0111856 0.0410853 -0.0144264 0.999051 0.443492
90 95 97 0.997926 0.0427907 -0.0480811 0.891926 -0.0410566 0.99849 0.0364937 -0.0409491 0.04957 -0.034444 0.998177 0.450324
90 96 110 0.998074 0.0476967 -0.0396611 0.81583 -0.0461293 0.998153 0.0395378 -0.0392287 0.0414737 -0.0376321 0.998431 0.57696
90 97 69 0.997748 0.0572058 -0.0350248 0.874229 -0.0549218 0.9965 0.0630264 0.179012 0.0385077 -0.0609608 0.997397 -0.451308
90 98 43 0.995364 0.0818521 -0.050505 0.777864 -0.0779928 0.994192 0.074159 0.171362 0.0562817 -0.0698761 0.995967 0.604618
90 99 28 0.993692 0.111857 0.00802377 -0.07199 -0.112086 0.988308 0.103368 0.0460874 0.00363247 -0.103615 0.994611 0.99634
90 100 87 0.992443 0.115795 -0.0405987 0.752544 -0.109788 0.985721 0.127673 0.0845276 0.0548029 -0.122251 0.990985 0.653095
90 101 61 0.993808 0.0989675 -0.0505165 0.933179 -0.0925261 0.988819 0.116947 0.197567 0.0615256 -0.111549 0.991853 0.300239
90 102 79 0.984441 0.131116 -0.116981 0.988669 -0.12088 0.988514 0.0907094 0.144309 0.127531 -0.0751574 0.988983 -0.0413244
90 103 110 0.985226 0.130978 -0.110339 0.880719 -0.11738 0.985584 0.121846 0.1451 0.124708 -0.107094 0.986397 0.450866
90 104 76 0.984549 0.154175 -0.0830262 0.884384 -0.14159 0.979891 0.140594 0.244096 0.103033 -0.126666 0.98658 0.397846
105 106 10 0.999855 0.0156957 -0.00653683 -0.850843 -0.0156622 0.999864 0.00514464 -0.391911 0.00661669 -0.00504152 0.999965 0.349959
105 107 58 0.999449 0.0327754 -0.00515992 -0.711109 -0.0326656 0.999264 0.0200924 -0.188437 0.00581466 -0.0199128 0.999785 -0.677359
105 108 150 0.998698 0.0286031 -0.0422343 0.875532 -0.0282986 0.999569 0.00779028 0.330401 0.0424389 -0.00658497 0.999077 -0.352532
105 109 85 0.99852 0.0344748 -0.0420718 0.845617 -0.0341174 0.999376 0.00918386 0.296071 0.0423621 -0.00773488 0.999072 -0.444156
105 110 67 0.998375 0.0544952 -0.0166583 -0.395354 -0.0535924 0.997283 0.0505337 -0.138777 0.0193668 -0.0495588 0.998583 -0.907985
105 111 153 0.994802 0.0291557 -0.0975686 0.957732 -0.0275414 0.999461 0.0178515 0.236343 0.0980365 -0.0150715 0.995069 -0.163984
105 112 110 0.997318 0.031819 -0.0659127 0.971234 -0.0295841 0.998963 0.0346092 0.237949 0.0669455 -0.0325664 0.997225 0.00925431
105 113 123 0.994624 0.0306382 -0.0989203 0.978424 -0.0278227 0.999171 0.0297179 0.205908 0.0997488 -0.0268058 0.994652 -0.0169648
105 114 104 0.996977 0.0409834 -0.0660163 0.799315 -0.0377096 0.998032 0.0500964 0.0971705 0.0679395 -0.0474555 0.99656 0.593004
105 115 112 0.996716 0.0316315 -0.0745368 0.981641 -0.0306223 0.999424 0.0146444 0.185072 0.0749571 -0.0123138 0.997111 -0.0461465
105 116 108 0.993362 0.021167 -0.113063 0.983305 -0.0173077 0.999237 0.0350082 0.173508 0.113718 -0.032819 0.992971 0.0548262
105 117 73 0.989957 0.0324797 -0.137588 0.932484 -0.0346713 0.999307 -0.0135616 0.15351 0.137052 0.0181957 0.990397 -0.326969
105 118 43 0.994511 0.0524793 -0.0905192 0.945286 -0.0543329 0.998358 -0.0181352 0.141329 0.0894188 0.0229538 0.99573 -0.294041
105 119 40 0.991925 0.117545 -0.0476239 -0.0271638 -0.11664 0.992944 0.0213725 0.0422003 0.0498001 -0.015645 0.998637 -0.99874
120 121 10 0.999987 0.00337524 0.00379343 0.936563 -0.00336818 0.999993 -0.00186762 -0.328606 -0.00379971 0.00185482 0.999991 -0.12193
120 122 14 0.999886 0.00137125 0.0150464 0.901334 -0.00116075 0.999901 -0.0139898 -0.165583 -0.0150641 0.0139708 0.999789 -0.400224
120 123 67 0.999951 -0.00649025 0.00744863 0.941164 0.00645946 0.999971 0.00415003 -0.320388 -0.00747534 -0.00410171 0.999964 -0.10753
120 124 85 0.999953 -0.00848614 0.0046518 0.958598 0.00848697 0.999964 -0.000159393 -0.275999 -0.00465028 0.000198865 0.999989 0.0701024
120 125 92 0.999993 -0.00156201 -0.00327449 0.943481 0.00160486 0.999913 0.0131243 -0.295808 0.0032537 -0.0131294 0.999909 0.149468
120 126 155 0.999946 0.00532093 -0.0088972 0.899253 -0.00519855 0.999892 0.0137224 -0.297498 0.00896926 -0.0136754 0.999866 0.320686
120 127 59 0.999993 0.0032365 0.00204634 0.956177 -0.00318646 0.999707 -0.0239996 -0.291918 -0.00212341 0.0239929 0.99971 0.0225819
120 128 167 0.999815 0.0129854 -0.0142199 0.908716 -0.0128485 0.999871 0.00967441 -0.332241 0.0143437 -0.00948991 0.999852 0.252687
120 129 47 0.999966 0.00278388 -0.00775562 0.956814 -0.00280917 0.999991 -0.00325297 -0.290068 0.00774649 0.00327464 0.999965 0.0191685
120 130 86 0.999577 0.000832137 -0.0290775 0.936698 -0.00060874 0.99997 0.00769082 -0.290208 0.029083 -0.00766987 0.999548 0.195897
120 131 47 0.999633 -0.00296982 -0.0269326 0.959505 0.00265655 0.999928 -0.0116601 -0.2738 0.0269653 0.0115843 0.999569 0.0662061
120 132 57 0.999378 0.000326629 -0.035269 0.95447 -0.000502567 0.999987 -0.00497969 -0.282039 0.035267 0.00499432 0.999365 0.0971652
120 133 42 0.998816 0.00896923 -0.04781 0.950158 -0.0106071 0.999362 -0.0341159 -0.186522 0.0474735 0.0345826 0.998274 -0.24982
120 134 82 0.996667 0.00336377 -0.0815047 0.961312 -0.00317552 0.999992 0.00243931 -0.249801 0.0815122 -0.00217236 0.99667 0.116098
135 136 163 0.999564 0.00634485 -0.0288222 0.994333 -0.00605378 0.99993 0.0101749 0.0503759 0.0288847 -0.00999603 0.999533 0.0936134
135 137 0 1 0 0 0 0 1 0 0 0 0 1 0
135 138 132 0.998247 0.0185464 -0.0562057 0.834321 -0.0177096 0.999725 0.0153496 0.1496 0.0564749 -0.0143273 0.998301 -0.530593
135 139 139 0.997324 0.01824 -0.0707948 0.989954 -0.0160024 0.999358 0.0320471 0.128838 0.0713339 -0.0308285 0.996976 -0.0582447
135 140 122 0.996578 0.020986 -0.0799461 0.985523 -0.0172312 0.998729 0.0473711 0.143903 0.0808386 -0.0458315 0.995673 -0.0896436
135 141 94 0.997075 0.0227189 -0.0729793 0.991224 -0.018604 0.998225 0.056578 0.119063 0.0741351 -0.0550548 0.995727 0.0574335
135 142 81 0.994537 0.0379236 -0.0972535 0.949353 -0.0303409 0.996468 0.0782954 0.140932 0.0998793 -0.0749169 0.992175 0.280831
135 143 91 0.993238 0.0380079 -0.109694 0.951444 -0.0317541 0.997799 0.0582056 0.15631 0.111665 -0.0543288 0.99226 -0.265181
135 144 110 0.990891 0.0512719 -0.124522 0.90459 -0.0450404 0.997612 0.0523555 0.147436 0.126909 -0.0462701 0.990835 -0.399975
135 145 182 0.988049 0.0585204 -0.142601 0.938853 -0.0494591 0.996574 0.0662828 0.157538 0.145991 -0.0584378 0.987558 -0.306166
135 146 88 0.987006 0.0832935 -0.137407 0.896668 -0.0779007 0.995982 0.0441775 0.161392 0.140534 -0.0328994 0.989529 -0.412237
135 147 89 0.985573 0.0794605 -0.149439 0.951629 -0.0678834 0.994396 0.0810441 0.15996 0.155041 -0.0697304 0.985444 -0.262327
135 148 139 0.978918 0.101077 -0.177494 0.857661 -0.0929355 0.994227 0.0536187 0.166405 0.181889 -0.0359928 0.98266 -0.486546
135 149 128 0.978352 0.0995451 -0.181435 0.923194 -0.0888227 0.993837 0.0663144 0.163205 0.186918 -0.0487633 0.981164 -0.347962
150 151 0 1 0 0 0 0 1 0 0 0 0 1 0
150 152 52 0.999501 -0.0073178 -0.0307412 0.443054 0.00745559 0.999963 0.00436973 0.0267293 0.0307081 -0.00459674 0.999518 -0.896096
150 153 13 0.999243 -0.00630717 -0.0383897 0.971546 0.00689115 0.999862 0.0150987 0.0218566 0.0382892 -0.0153518 0.999149 0.235841
150 154 60 0.997018 -0.0068781 -0.0768608 0.961829 0.0062093 0.999941 -0.00893696 0.159412 0.0769178 0.00843306 0.997002 -0.222426
150 155 58 0.996262 -0.0142023 -0.0852029 0.879372 0.0137335 0.999887 -0.00608539 0.103889 0.0852797 0.00489251 0.996345 -0.464664
150 156 49 0.996068 -0.0118109 -0.0877977 0.919013 0.0101044 0.999752 -0.019855 0.113531 0.0880104 0.0188898 0.99594 -0.377525
150 157 57 0.993099 -0.0201219 -0.115538 0.932607 0.0192963 0.99978 -0.00826031 0.0679325 0.115679 0.00597386 0.993269 -0.354442
150 158 64 0.992087 -0.0146046 -0.124702 0.423452 0.0129067 0.999813 -0.0144126 0.073898 0.124889 0.0126891 0.99209 -0.902899
150 159 40 0.990232 -0.00786401 -0.139206 0.9042 0.00566773 0.999853 -0.0161666 0.107177 0.139312 0.0152197 0.990132 -0.413444
150 160 38 0.992257 -0.00904192 -0.123874 0.983618 0.00714125 0.99985 -0.015779 0.0812847 0.123998 0.0147722 0.992172 -0.160898
150 161 87 0.985786 0.00102025 -0.168002 0.988513 -0.00437607 0.999798 -0.0196059 0.132531 0.167949 0.0200624 0.985592 -0.0726468
150 162 60 0.984392 0.00701612 -0.175852 0.623725 -0.00833742 0.999942 -0.00677595 0.00313664 0.175794 0.00813634 0.984393 -0.781637
150 163 46 0.982459 0.00587839 -0.186386 0.92803 -0.00724201 0.999952 -0.00663612 0.113224 0.186338 0.00786953 0.982454 -0.354883
150 164 116 0.974321 0.0124166 -0.22482 0.982065 -0.00818154 0.999771 0.0197595 0.0988917 0.225014 -0.0174127 0.9742 -0.160527
165 166 98 0.999858 0.00591239 -0.0158021 0.824317 -0.00584599 0.999974 0.00424443 0.0500237 0.0158268 -0.00415144 0.999866 0.563914
165 167 120 0.999424 0.0234029 -0.0245907 0.675618 -0.02332 0.999721 0.00364907 0.0257916 0.0246692 -0.00307351 0.999691 -0.736801
165 168 272 0.998211 0.024119 -0.0547136 0.970119 -0.0232522 0.999595 0.0164256 -0.044085 0.0550876 -0.015124 0.998367 0.238593
165 169 165 0.997637 0.0306465 -0.0614862 0.998083 -0.0298741 0.999463 0.0134421 -0.0578539 0.0618651 -0.0115735 0.998017 0.0220006
165 170 168 0.996766 0.0371302 -0.0712728 0.958336 -0.0359911 0.999204 0.0171999 -0.098335 0.0718547 -0.0145791 0.997309 0.268185
165 171 120 0.997381 0.0342351 -0.0637084 0.956287 -0.0331001 0.999275 0.0187867 -0.0843176 0.0643054 -0.0166287 0.997792 0.280011
165 172 100 0.995656 0.0296047 -0.0882754 0.96949 -0.029037 0.999549 0.00770819 -0.0890254 0.0884638 -0.00511145 0.996066 0.228395
165 173 128 0.99046 0.0623498 -0.122885 0.886687 -0.0574509 0.997421 0.0430171 -0.162505 0.12525 -0.0355469 0.991488 0.432873
165 174 66 0.991678 0.0729497 -0.106081 0.869249 -0.068998 0.996796 0.0404608 -0.151051 0.108693 -0.0328047 0.993534 0.470734
165 175 125 0.987912 0.0782266 -0.133829 0.946967 -0.0734318 0.996481 0.0404033 -0.183541 0.136519 -0.0300876 0.99018 0.263753
165 176 130 0.957368 0.154587 -0.244028 0.7197 -0.122766 0.982411 0.140705 -0.221792 0.261487 -0.104748 0.959506 0.657906
165 177 174 0.983548 0.0806758 -0.161632 0.933335 -0.0793448 0.996739 0.0146832 -0.1946 0.162289 -0.00161702 0.986742 0.301688
165 178 143 0.983669 0.0841261 -0.159118 0.909282 -0.0826785 0.996452 0.0157076 -0.180449 0.159875 -0.00229549 0.987135 0.375026
165 179 75 0.98329 0.0809423 -0.163062 0.974259 -0.0846891 0.996277 -0.0161479 -0.21826 0.161148 0.0296877 0.986484 0.0564176
180 181 0 1 0 0 0 0 1 0 0 0 0 1 0
180 182 92 0.999902 0.00706445 -0.0120719 0.913601 -0.00695865 0.999937 0.00878395 -0.122543 0.0121332 -0.00869909 0.999889 0.387708
180 183 113 0.999297 0.00361876 -0.0373137 0.936941 -0.00326511 0.999949 0.00953426 -0.10673 0.0373464 -0.00940573 0.999258 0.332791
180 184 95 0.999899 0.013343 -0.00494903 -0.938881 -0.0134816 0.999485 -0.0291225 0.0122577 0.0045579 0.0291863 0.999564 0.344023
180 185 98 0.999292 0.0094034 -0.0364287 0.973916 -0.00927287 0.99995 0.00375054 -0.119402 0.0364621 -0.00341009 0.999329 0.192955
180 186 102 0.999259 0.000540034 -0.0384828 0.971548 -0.000394548 0.999993 0.00378805 -0.0932869 0.0384846 -0.00377006 0.999252 0.217697
180 187 93 0.998719 0.00325012 -0.050501 0.986158 -0.00343398 0.999988 -0.00355435 -0.109 0.0504889 0.00372322 0.998718 0.124944
180 188 92 0.997323 0.0110229 -0.0722916 0.989644 -0.0106281 0.999926 0.00584337 -0.109202 0.0723507 -0.00505941 0.997366 0.0931604
180 189 118 0.994948 0.0216929 -0.0980219 0.973589 -0.0191162 0.999449 0.0271503 -0.125624 0.0985568 -0.0251393 0.994814 0.190638
180 190 72 0.99705 0.00822392 -0.0763127 0.986585 -0.00830531 0.999965 -0.000749297 -0.0681261 0.0763039 0.00138089 0.997084 0.148352
180 191 135 0.992212 0.0273653 -0.121519 0.948296 -0.0230577 0.99906 0.0367142 -0.112158 0.122409 -0.0336264 0.99191 0.296908
180 192 101 0.991351 0.0305275 -0.127641 0.974121 -0.027111 0.999228 0.0284194 -0.120208 0.12841 -0.0247131 0.991413 0.191413
180 193 147 0.988245 0.0377477 -0.148148 0.980746 -0.0325738 0.998777 0.0371966 -0.114608 0.149371 -0.0319336 0.988265 0.158122
180 194 109 0.988385 0.040985 -0.146341 0.961135 -0.0354854 0.99857 0.039996 -0.137551 0.147771 -0.0343384 0.988425 0.239374
195 196 75 0.999926 0.00410599 0.0114174 -0.86396 -0.0041016 0.999992 -0.000408266 0.182952 -0.0114189 0.000361406 0.999935 -0.469149
195 197 277 0.998975 0.011202 -0.0438683 0.910451 -0.0109663 0.999924 0.00561023 -0.102426 0.0439278 -0.0051234 0.999022 -0.400735
195 198 81 0.999377 0.0340892 -0.00909903 0.590233 -0.0339164 0.999253 0.0185205 -0.0756342 0.00972358 -0.0182004 0.999787 0.803682
195 199 138 0.999307 0.0259895 0.0266378 -0.97435 -0.0257188 0.999615 -0.0104549 0.104184 -0.0268993 0.00976258 0.99959 -0.199469
195 200 78 0.998147 0.0502058 -0.0343889 0.968153 -0.0503172 0.99873 -0.00238033 -0.0503493 0.0342257 0.00410628 0.999406 -0.245242
195 201 158 0.99659 0.0508062 -0.0650086 0.860689 -0.0513704 0.998655 -0.00703471 -0.0480334 0.0645638 0.0103502 0.99786 -0.50686
195 202 134 0.998527 0.0502537 -0.0204754 -0.981381 -0.0504837 0.998666 -0.0108749 0.081203 0.0199016 0.0118925 0.999731 0.174059
195 203 178 0.995216 0.063397 -0.0743311 0.973354 -0.0635227 0.99798 0.000674096 -0.0644743 0.0742237 0.00405084 0.997233 -0.220059
195 204 74 0.995898 0.080347 -0.0416056 0.97574 -0.0813881 0.996394 -0.0239607 -0.0277175 0.0395304 0.0272486 0.998847 -0.217169
195 205 62 0.998094 0.0613203 0.0069615 -0.995723 -0.0612273 0.998041 -0.0128613 0.0626191 -0.00773652 0.0124105 0.999893 -0.0679308
195 206 177 0.9899 0.074345 -0.120709 0.980346 -0.0756888 0.99711 -0.00657959 -0.0164688 0.119871 0.0156494 0.992666 -0.196597
195 207 91 0.991937 0.0685662 -0.10658 0.972587 -0.0704682 0.997413 -0.014179 -0.0135532 0.105332 0.0215751 0.994203 -0.232143
195 208 83 0.99458 0.0679149 -0.0787338 -0.998298 -0.06777 0.997691 0.00451418 0.0232588 0.0788586 0.000846079 0.996885 -0.0534883
195 209 99 0.986003 0.0733507 -0.149729 0.995179 -0.0775705 0.996732 -0.022532 0.0234909 0.147587 0.0338311 0.98847 -0.0952195
210 211 20 0.999914 -0.00335383 -0.0126764 0.848063 0.0033624 0.999994 0.000654767 0.0660855 0.0126741 -0.000697334 0.999919 -0.525759
210 212 115 0.99916 -0.00713021 -0.0403594 0.931636 0.00705616 0.999973 -0.00197702 -0.0231382 0.0403724 0.00169058 0.999183 -0.362655
210 213 234 0.996498 -0.0066876 -0.0833507 0.98795 0.00649435 0.999976 -0.00258943 -0.0566545 0.083366 0.00203905 0.996517 0.144029
210 214 159 0.996832 -0.00940965 -0.0789794 0.99392 0.00945511 0.999955 0.000201661 -0.0793447 0.0789739 -0.000947781 0.996876 0.0763328
210 215 119 0.995486 -0.00505906 -0.0947764 0.994184 0.00513951 0.999987 0.000604732 -0.0682249 0.094772 -0.00108911 0.995498 -0.0833315
210 216 217 0.993163 -0.00459088 -0.116648 0.887228 0.00369005 0.999962 -0.00793737 -0.063505 0.11668 0.00745266 0.993142 -0.45694
210 217 211 0.991208 -0.00690844 -0.132134 0.990669 0.00594818 0.999953 -0.00766066 -0.136253 0.132181 0.00680734 0.991202 0.00329376
210 218 141 0.989597 0.00276066 -0.143843 0.973509 -0.000501275 0.999876 0.0157411 -0.1696 0.143869 -0.0155052 0.989475 0.153351
210 219 166 0.978514 0.0108104 -0.205899 0.978327 -0.00804861 0.999866 0.0142463 -0.144715 0.206025 -0.012283 0.97847 -0.148103
210 220 169 0.985903 0.0111666 -0.166946 0.962205 -0.00937071 0.999889 0.011541 -0.187918 0.167056 -0.00981391 0.985899 0.197098
210 221 165 0.974818 0.0214068 -0.221972 0.930034 -0.0177896 0.999675 0.0182824 -0.205835 0.222291 -0.0138732 0.974882 0.304417
210 222 153 0.981744 0.0220995 -0.18892 0.983913 -0.0201768 0.999723 0.0120944 -0.129893 0.189135 -0.00806182 0.981918 -0.122647
210 223 113 0.976151 0.11882 -0.18169 0.697689 -0.0993711 0.988651 0.112669 -0.212907 0.193016 -0.091927 0.97688 0.684032
210 224 152 0.969057 0.0434184 -0.242987 0.945958 -0.0456399 0.998952 -0.00351781 -0.239853 0.242579 0.0144988 0.970023 0.218253
225 226 19 0.999992 0.00253523 -0.00322401 0.969235 -0.00255298 0.999982 -0.00551303 -0.226838 0.00320997 0.00552121 0.99998 -0.0955406
225 227 159 0.999427 0.0167598 -0.0294034 0.818285 -0.017108 0.999786 -0.0116315 -0.123944 0.0292022 0.0121279 0.9995 -0.561291
225 228 97 0.99963 0.0154138 -0.0224312 0.319169 -0.0154855 0.999876 -0.00302597 0.171714 0.0223818 0.00337221 0.999744 -0.932012
225 229 95 0.999394 0.00518335 -0.0344293 0.890574 -0.00550586 0.999942 -0.00927903 -0.159883 0.0343792 0.00946297 0.999364 0.425812
225 230 94 0.998816 0.00585021 -0.0483002 0.922269 -0.00580793 0.999983 0.00101557 -0.13925 0.0483053 -0.000733845 0.998832 0.360596
225 231 90 0.99824 0.00931374 -0.0585643 0.925828 -0.00894788 0.999939 0.00650634 -0.114038 0.0586213 -0.00597086 0.998262 0.360331
225 232 93 0.998212 0.0122823 -0.0585012 0.646713 -0.011764 0.999889 0.00919526 -0.214225 0.0586076 -0.00849061 0.998245 0.732031
225 233 91 0.998434 0.00407832 -0.0557872 0.948662 -0.00381991 0.999981 0.00473776 -0.0954549 0.0558055 -0.00451724 0.998431 0.301544
225 234 213 0.996399 0.0057828 -0.084589 0.85489 -0.00479781 0.999918 0.011843 -0.109608 0.0846506 -0.0113945 0.996346 0.507098
225 235 306 0.995582 0.00661697 -0.0936672 0.878306 -0.00526811 0.999879 0.0146405 -0.0817476 0.0937527 -0.0140824 0.995496 0.471059
225 236 226 0.992802 0.00924493 -0.11941 0.958437 -0.00936927 0.999956 -0.000479944 -0.0889364 0.1194 0.00159528 0.992845 0.271089
225 237 102 0.994103 0.017784 -0.106971 0.893096 -0.0150928 0.99955 0.0259151 -0.100227 0.107384 -0.0241478 0.993924 0.43856
225 238 258 0.991723 0.0245647 -0.126025 0.914898 -0.0199539 0.999089 0.0377194 -0.0974641 0.126836 -0.0348925 0.99131 0.391744
225 239 65 0.993979 0.0093125 -0.109173 0.956341 -0.00371406 0.998673 0.0513719 -0.0870525 0.109507 -0.0506572 0.992694 -0.278986
240 241 0 1 0 0 0 0 1 0 0 0 0 1 0
240 242 211 0.999271 0.0127063 -0.0360089 0.918951 -0.0128659 0.999908 -0.00420379 -0.0277817 0.0359521 0.00466401 0.999343 -0.393393
240 243 111 0.998718 0.0143206 -0.04855 0.978589 -0.0144207 0.999895 -0.00171385 -0.05405 0.0485203 0.00241178 0.998819 -0.198602
240 244 218 0.996906 0.0185421 -0.0763893 0.988924 -0.0181798 0.99982 0.00543486 -0.08035 0.0764764 -0.00402929 0.997063 -0.124793
240 245 246 0.99604 0.0259235 -0.0850385 0.99314 -0.0254434 0.999654 0.00672439 -0.0757311 0.0851834 -0.00453409 0.996355 0.0890904
240 246 198 0.994853 0.0274471 -0.0975422 0.994349 -0.0274643 0.999622 0.00116675 -0.0879185 0.0975373 0.00151817 0.995231 -0.0595027
240 247 172 0.990677 0.0351117 -0.131631 0.992335 -0.0376699 0.999146 -0.0169949 -0.0799525 0.130922 0.021795 0.991153 -0.0942269
240 248 174 0.990913 0.0399125 -0.128447 0.992552 -0.0412574 0.999118 -0.00782611 -0.105801 0.128022 0.0130544 0.991685 -0.0603805
240 249 82 0.992184 0.039496 -0.118371 0.972958 -0.0384019 0.999196 0.0115106 -0.152159 0.11873 -0.00687497 0.992903 0.173783
240 250 86 0.978138 0.0784222 -0.192602 0.944313 -0.0802316 0.996775 -0.00160075 -0.0362162 0.191855 0.0170185 0.981276 -0.327051
240 251 38 0.990745 0.10727 -0.0831724 0.617438 -0.103914 0.993626 0.0436889 -0.147467 0.0873288 -0.0346417 0.995577 0.772673
240 252 78 0.983491 0.0748754 -0.16474 0.960324 -0.0735635 0.997191 0.0140592 -0.15466 0.16533 -0.00170823 0.986237 0.232073
240 253 107 0.982313 0.0767121 -0.170811 0.983963 -0.0786391 0.996893 -0.00453433 -0.139069 0.169932 0.0178865 0.985293 0.111702
240 254 71 0.991365 0.0710902 -0.110188 0.961064 -0.0752375 0.996588 -0.0339441 -0.132466 0.107399 0.0419412 0.993331 0.242507
255 256 42 0.999893 0.0117876 -0.00864802 0.686347 -0.0118089 0.999927 -0.00242331 0.112679 0.00861883 0.00252518 0.99996 -0.718492
255 257 28 0.999842 0.0125345 -0.0125841 0.68001 -0.0122302 0.999638 0.0239704 0.0165844 0.01288 -0.0238127 0.999633 0.733015
255 258 104 0.999652 0.00150979 -0.0263394 0.88133 -0.00123792 0.999946 0.0103351 0.0940716 0.0263536 -0.0102989 0.9996 0.463042
255 259 79 0.999639 0.013077 -0.0234597 0.754733 -0.0123071 0.99939 0.0326684 0.0597298 0.0238726 -0.0323679 0.999191 0.653308
255 260 91 0.998096 0.000824612 -0.0616775 0.998793 -0.000913631 0.999999 -0.0014151 0.0258775 0.0616762 0.00146876 0.998095 0.0417429
255 261 68 0.998888 0.0219704 -0.0417044 0.86789 -0.0200309 0.998724 0.0463687 0.103474 0.0426699 -0.0454818 0.998053 0.485859
255 262 106 0.995932 0.00457052 -0.0899949 0.923484 -0.00272305 0.999783 0.0206407 0.0453543 0.0900697 -0.0203116 0.995728 0.380947
255 263 90 0.996999 0.00649783 -0.0771377 0.86007 -0.00425177 0.999563 0.0292461 -0.01912 0.0772941 -0.0288304 0.996591 0.509818
255 264 88 0.991991 -0.000766575 -0.126308 0.868735 0.00401477 0.999668 0.0254639 -0.036016 0.126247 -0.025767 0.991664 0.493967
255 265 70 0.991938 0.00716517 -0.126518 0.900028 -0.00478941 0.999807 0.0190722 -0.0255123 0.126631 -0.0183125 0.991781 0.435085
255 266 136 0.988245 0.014273 -0.152209 0.923511 -0.0134805 0.99989 0.00623734 -0.0266129 0.152281 -0.00411216 0.988329 0.382646
255 267 82 0.970113 0.0155998 -0.242153 0.956976 -0.0128699 0.999835 0.0128516 -0.0782641 0.242314 -0.00935104 0.970153 0.279414
255 268 72 0.986752 0.0384604 -0.15761 0.893935 -0.0330459 0.998775 0.0368328 -0.0765506 0.158833 -0.0311365 0.986814 0.441611
255 269 107 0.978918 0.0282683 -0.202287 0.90385 -0.0267984 0.999591 0.010002 -0.114535 0.202487 -0.00437015 0.979275 0.412235
270 271 0 1 0 0 0 0 1 0 0 0 0 1 0
270 272 77 0.999715 0.0169345 -0.0168239 0.457688 -0.0168188 0.999834 0.00699902 -0.356743 0.0169396 -0.00671407 0.999834 0.814406
270 273 82 0.999171 0.0255589 -0.0316732 0.947576 -0.0255266 0.999673 0.00142452 -0.211659 0.0316993 -0.000614835 0.999497 0.239376
270 274 68 0.999018 0.0258529 -0.0359853 0.883443 -0.0259789 0.999658 -0.00303789 -0.336474 0.0358944 0.00396977 0.999348 0.326058
270 275 79 0.998814 0.0215772 -0.0436516 0.92906 -0.0221128 0.999686 -0.0118239 -0.275006 0.0433828 0.0127751 0.998977 0.247423
270 276 70 0.998344 0.0203443 -0.0538055 0.930717 -0.0210452 0.9997 -0.0124925 -0.292015 0.0535353 0.0136042 0.998473 0.220214
270 277 65 0.999033 0.025696 -0.0356688 0.965426 -0.0268809 0.999089 -0.0331476 -0.227428 0.0347846 0.0340744 0.998814 0.127393
270 278 59 0.999464 0.0286564 -0.0158557 0.779521 -0.0288423 0.999516 -0.0116275 -0.23356 0.0155149 0.0120786 0.999807 0.581202
270 279 70 0.998103 0.0241198 -0.0566379 0.880353 -0.0245681 0.999672 -0.0072321 -0.22181 0.0564449 0.00860988 0.998369 0.419259
270 280 55 0.99809 0.0409304 -0.0462765 0.8335 -0.0405695 0.999139 0.0087122 -0.207478 0.0465933 -0.00681814 0.998891 0.512085
270 281 78 0.997114 0.0403927 -0.0642798 0.809725 -0.0396983 0.999139 0.0120431 -0.203319 0.064711 -0.00945655 0.997859 0.55046
270 282 65 0.997261 0.0283565 -0.0683055 0.84209 -0.0281796 0.999597 0.00355218 -0.205915 0.0683787 -0.00161763 0.997658 0.49848
270 283 92 0.993014 0.0152496 -0.11701 0.868823 -0.017484 0.999683 -0.0180925 -0.255784 0.116697 0.0200119 0.992966 0.423935
270 284 52 0.996358 0.0399936 -0.0753013 0.816296 -0.039083 0.999144 0.0135281 -0.198896 0.0757779 -0.0105359 0.997069 0.54231
285 286 11 0.999995 0.000686422 -0.00310091 -0.752498 -0.00067957 0.999997 0.00221003 0.162383 0.00310241 -0.00220791 0.999993 -0.638263
285 287 15 0.999919 0.00754674 -0.0102436 0.88372 -0.00757441 0.999968 -0.00266576 0.0634948 0.0102232 0.00274314 0.999944 -0.463688
285 288 21 0.999898 0.00990921 -0.0103306 0.938126 -0.00969233 0.999736 0.0208368 -0.126407 0.0105344 -0.0207346 0.99973 0.322398
285 289 96 0.999358 0.00459695 -0.0355229 0.975378 -0.00441743 0.999977 0.0051303 -0.119302 0.0355457 -0.00497009 0.999356 0.185484
285 290 201 0.998854 0.0127149 -0.0461468 0.993432 -0.0127921 0.999917 -0.0013789 -0.108578 0.0461254 0.00196763 0.998934 0.0361118
285 291 103 0.999282 0.0157835 -0.0344476 0.985123 -0.0154835 0.99984 0.00895871 -0.135118 0.0345834 -0.00841891 0.999366 0.106184
285 292 93 0.998864 0.0208066 -0.0428726 0.98966 -0.0203316 0.999727 0.0114847 -0.12892 0.0430999 -0.0105999 0.999015 0.0628658
285 293 39 0.99917 0.0260806 -0.031295 0.430424 -0.0259696 0.999655 0.00394593 0.281291 0.0313871 -0.00312994 0.999502 -0.857678
285 294 115 0.997314 0.0368488 -0.0633067 0.994659 -0.0373139 0.999284 -0.00617913 -0.0741248 0.0630337 0.00852474 0.997975 -0.0718302
285 295 64 0.998733 0.0456245 -0.0212371 0.98883 -0.0452818 0.998841 0.016346 -0.134023 0.0219583 -0.0153636 0.999641 0.0652111
285 296 59 0.997771 0.0667329 -0.000209859 0.903808 -0.0667074 0.997467 0.024709 -0.0809149 0.00185823 -0.02464 0.999695 -0.420219
285 297 34 0.996778 0.0800237 -0.00550776 0.206214 -0.0799027 0.996612 0.0194814 -0.129773 0.00704807 -0.0189785 0.999795 -0.969863
285 298 165 0.995257 0.0914629 -0.033126 0.984629 -0.0902047 0.99521 0.0376724 -0.0921549 0.0364129 -0.0345057 0.998741 0.14837
285 299 192 0.992768 0.111374 -0.044799 0.982361 -0.109849 0.993325 0.0351841 -0.104761 0.0484186 -0.0300086 0.998376 -0.154894
300 301 10 0.999944 0.00889175 0.00576521 0.944698 -0.00887484 0.999956 -0.00295271 0.145794 -0.00579121 0.00290138 0.999979 0.293752
300 302 16 0.999895 0.0130452 0.00631591 -0.888609 -0.0130262 0.999911 -0.00304052 -0.00180109 -0.00635501 0.00295793 0.999975 0.458662
300 303 88 0.99974 0.0195772 0.0116663 -0.889467 -0.0195832 0.999808 0.000397609 0.079143 -0.0116562 -0.000625969 0.999932 -0.450094
300 304 19 0.999815 0.0192356 0.000836534 -0.914125 -0.0192316 0.999805 -0.00455713 0.0645844 -0.00092403 0.0045402 0.999989 -0.400256
300 305 50 0.999802 0.01947 -0.00410845 0.928193 -0.0195272 0.999706 -0.0143752 -0.0373801 0.00382736 0.0144526 0.999888 -0.370216
300 306 90 0.999687 0.0196672 0.0154602 -0.9046 -0.0192412 0.999444 -0.027239 0.0977856 -0.0159873 0.026933 0.999509 0.414894
300 307 72 0.999533 0.0138264 -0.027239 0.986754 -0.0146359 0.99945 -0.0297467 -0.152259 0.0268127 0.0301315 0.999186 0.0559729
300 308 69 0.999552 0.0125511 -0.0271773 0.406776 -0.0133391 0.99949 -0.0290098 0.196978 0.0267993 0.0293593 0.99921 -0.892039
300 309 106 0.998607 0.00762182 -0.0522153 0.982704 -0.0087761 0.999721 -0.0219126 -0.153733 0.0520337 0.0223403 0.998395 -0.10324
300 310 81 0.998998 0.00175951 -0.0447238 0.885624 -0.0032907 0.99941 -0.0341861 -0.0529558 0.0446372 0.034299 0.998414 -0.461373
300 311 69 0.99875 -0.00761885 -0.0493905 0.967163 0.0060052 0.999446 -0.0327377 -0.131488 0.0496126 0.0324002 0.998243 -0.217501
300 312 91 0.996614 0.00248129 -0.0821824 0.993414 -0.00424314 0.999765 -0.0212706 -0.0432262 0.0821102 0.0215473 0.99639 -0.106114
300 313 57 0.999115 -0.00982624 -0.0409067 -0.867156 0.00821569 0.999192 -0.0393549 0.021127 0.0412603 0.038984 0.998388 0.497589
300 314 78 0.997296 0.0115559 -0.0725759 0.871532 -0.0118783 0.999921 -0.0040129 -0.160362 0.0725238 0.00486413 0.997355 0.463375
315 316 29 0.999982 0.00136577 -0.00577788 0.348307 -0.00137909 0.999996 -0.0023026 0.0752065 0.00577472 0.00231053 0.999981 -0.934359
315 317 17 0.999883 -0.00785774 -0.0130923 0.626862 0.00771715 0.999912 -0.0107545 -0.0232832 0.0131756 0.0106522 0.999856 -0.778782
315 318 143 0.999571 -0.00343401 -0.0290773 0.948161 0.00325752 0.999976 -0.00611498 -0.127756 0.0290976 0.00601764 0.999558 -0.290979
315 319 138 0.999509 -0.00098303 -0.0313109 0.898286 0.000611866 0.999929 -0.0118615 -0.0805236 0.0313203 0.0118365 0.999439 -0.431969
315 320 127 0.999458 -0.00486646 -0.0325512 0.925357 0.0045194 0.999932 -0.0107271 -0.0171016 0.0326012 0.0105742 0.999413 -0.378712
315 321 146 0.998615 0.000571976 -0.0526069 0.763495 -0.00173257 0.999756 -0.0220188 -0.019233 0.0525815 0.0220794 0.998373 -0.645528
315 322 222 0.997998 0.000783502 -0.0632404 0.812469 -0.00221478 0.999743 -0.0225654 0.0141481 0.0632065 0.0226603 0.997743 -0.582833
315 323 126 0.998627 -0.0129646 -0.0507564 0.972438 0.012477 0.999873 -0.00991273 -0.175402 0.0508785 0.00926583 0.998662 -0.153617
315 324 218 0.996494 -0.0133483 -0.0825924 0.928984 0.0128813 0.999898 -0.00618502 -0.0880634 0.0826665 0.00509944 0.996564 -0.359492
315 325 280 0.995555 -0.00907883 -0.0937459 0.941558 0.00803989 0.999902 -0.0114542 -0.0817372 0.0938407 0.0106496 0.99553 -0.326785
315 326 139 0.996564 -0.00229905 -0.08279 0.948681 0.000376684 0.99973 -0.0232279 -0.0531428 0.0828211 0.0231169 0.996296 -0.311736
315 327 129 0.995788 -0.00559698 -0.091516 0.945543 0.0047514 0.999944 -0.00945491 -0.0590402 0.0915638 0.00898026 0.995759 -0.320098
315 328 164 0.994473 0.00590461 -0.104826 0.957154 -0.00746896 0.999866 -0.0145371 -0.0594216 0.104726 0.0152397 0.994384 -0.283417
315 329 89 0.99544 0.01473 -0.0942437 0.959453 -0.0172107 0.999525 -0.0255636 -0.0768671 0.0938224 0.027069 0.995221 -0.271184
330 331 0 1 0 0 0 0 1 0 0 0 0 1 0
330 332 119 0.999869 -0.0070752 -0.0145775 0.997448 0.00704484 0.999973 -0.00213245 -0.0513057 0.0145922 0.00202947 0.999891 -0.0496425
330 333 116 0.999848 0.0163135 0.00621277 -0.685215 -0.0164211 0.999709 0.0176687 0.143145 -0.00592273 -0.0177681 0.999825 -0.714136
330 334 94 0.999634 -0.00305143 -0.0268878 0.994726 0.00298962 0.999993 -0.00233848 -0.102244 0.0268948 0.00225724 0.999636 -0.00817388
330 335 71 0.999836 -0.00118106 -0.0180446 0.889954 0.000938638 0.999909 -0.013437 -0.0636919 0.0180589 0.0134179 0.999747 -0.451581
330 336 109 0.999662 -0.00478157 -0.0255504 0.980274 0.00457905 0.999958 -0.00797893 -0.0636644 0.0255875 0.00785923 0.999642 -0.187107
330 337 117 0.999497 -0.00901704 -0.0303897 0.942307 0.00893465 0.999956 -0.00284613 -0.0693658 0.030414 0.00257318 0.999534 -0.327483
