0 1 0 1 0 0 0 0 1 0 0 0 0 1 0
0 2 333 0.999563 0.0143068 -0.0258651 0.801292 -0.0143864 0.999892 -0.00289508 0.29404 0.0258209 0.00326592 0.999661 -0.521029
0 3 285 0.999037 0.019157 -0.0394764 0.76691 -0.0192569 0.999812 -0.00215303 0.281004 0.0394278 0.00291115 0.999218 -0.576962
0 4 263 0.998089 0.0196083 -0.058595 0.807114 -0.0195667 0.999808 0.00128267 0.249619 0.0586089 -0.000133702 0.998281 -0.535031
0 5 281 0.997365 0.0244028 -0.0683231 0.85871 -0.0243101 0.999702 0.00218867 0.266807 0.0683562 -0.000521959 0.997661 -0.437528
0 6 282 0.996625 0.0276858 -0.077279 0.851071 -0.0275223 0.999616 0.00318044 0.244526 0.0773374 -0.00104281 0.997004 -0.464635
0 7 250 0.994418 0.0359418 -0.0991982 0.85244 -0.0358351 0.999354 0.00285794 0.25088 0.0992368 0.000712783 0.995064 -0.458699
0 8 279 0.992514 0.0367431 -0.116473 0.878329 -0.0359733 0.999315 0.00870514 0.227844 0.116713 -0.00445007 0.993156 -0.420269
0 9 189 0.991693 0.0363376 -0.123386 0.861689 -0.0352554 0.999318 0.0109439 0.229723 0.123699 -0.006503 0.992298 -0.452459
0 10 274 0.987513 0.0410105 -0.152105 0.901355 -0.0399465 0.999151 0.0100458 0.223315 0.152388 -0.00384429 0.988313 -0.371066
0 11 212 0.98736 0.0500749 -0.150375 0.893664 -0.049038 0.998741 0.0105978 0.222141 0.150716 -0.0030897 0.988572 -0.389896
0 12 225 0.982132 0.0583133 -0.178929 0.907392 -0.0583194 0.998284 0.00523063 0.220327 0.178927 0.00529788 0.983848 -0.357904
0 13 166 0.981597 0.0664872 -0.179019 0.885095 -0.0658607 0.997784 0.0094474 0.222468 0.17925 0.00251675 0.9838 -0.408796
0 14 220 0.975775 0.073842 -0.205937 0.911303 -0.07303 0.997263 0.0115518 0.217397 0.206226 0.0037676 0.978497 -0.349665
15 16 269 0.999829 -8.83699e-05 -0.0185052 0.884982 -9.22263e-05 0.999952 -0.00975813 0.221205 0.0185052 0.00975816 0.999781 -0.409726
15 17 192 0.999778 -0.00297724 -0.0208682 0.692361 0.00268901 0.999901 -0.0138262 0.364402 0.0209072 0.013767 0.999687 -0.622774
15 18 268 0.998772 0.00506056 -0.0492833 0.864391 -0.00561185 0.999923 -0.0110543 0.29868 0.0492235 0.0113173 0.998724 -0.404498
15 19 261 0.998253 0.00192336 -0.0590523 0.877382 -0.00229138 0.999978 -0.00616485 0.245298 0.0590392 0.00628939 0.998236 -0.412347
15 20 226 0.997869 0.00238642 -0.0652007 0.857624 -0.00289908 0.999966 -0.00776939 0.281073 0.0651799 0.00794186 0.997842 -0.430673
15 21 208 0.99685 0.00838263 -0.0788653 0.880719 -0.00821574 0.999963 0.00244044 0.202311 0.0788828 -0.00178481 0.996882 -0.428257
15 22 235 0.992669 0.0143209 -0.120016 0.927481 -0.0157437 0.999816 -0.0109148 0.237271 0.119838 0.0127243 0.992712 -0.28893
15 23 197 0.989494 0.0191663 -0.143299 0.932661 -0.0221108 0.999575 -0.0189839 0.234162 0.142874 0.0219529 0.989497 -0.274428
15 24 202 0.989179 0.0275842 -0.1441 0.921438 -0.0295103 0.999501 -0.011246 0.168503 0.143718 0.0153767 0.989499 -0.350085
15 25 193 0.990172 0.0387195 -0.13439 0.918781 -0.0399116 0.999184 -0.00618645 0.123974 0.134041 0.0114894 0.990909 -0.374795
15 26 168 0.983822 0.0437275 -0.173729 0.941409 -0.0473799 0.998733 -0.01693 0.126525 0.172769 0.0248873 0.984648 -0.312635
15 27 134 0.982982 0.0397463 -0.179352 0.929805 -0.0442673 0.998793 -0.0212741 0.093122 0.17829 0.0288515 0.983555 -0.356076
15 28 141 0.968708 0.0486241 -0.243394 0.970013 -0.0574977 0.99791 -0.029483 0.0747879 0.241452 0.0425551 0.969479 -0.231261
15 29 153 0.968182 0.0542127 -0.244305 0.97025 -0.063684 0.997488 -0.0310317 0.0520103 0.242009 0.0456026 0.969202 -0.236452
30 31 244 0.999469 0.000572155 -0.032571 0.994369 -0.000380784 0.999983 0.00588139 -0.01788 0.0325738 -0.00586587 0.999452 -0.104455
30 32 275 0.999308 -0.0018508 -0.0371388 0.972336 0.00220728 0.999952 0.0095597 0.0419051 0.0371193 -0.00963507 0.999264 0.229795
30 33 187 0.997115 0.0125783 -0.0748603 0.993574 -0.0115161 0.999827 0.0146037 -0.0739608 0.0750311 -0.0136995 0.997087 0.0856718
30 34 156 0.994401 0.0311787 -0.100965 0.997207 -0.0307145 0.999509 0.00614957 0.0307673 0.101107 -0.00301404 0.994871 0.0680556
30 35 85 0.992322 0.0372105 -0.117951 0.994055 -0.0374635 0.999298 7.21814e-05 0.104045 0.117871 0.00434722 0.993019 0.0320691
30 36 37 0.990578 0.131519 0.0381953 0.736402 -0.132928 0.990433 0.0370431 -0.326621 -0.032958 -0.0417712 0.998583 -0.592478
30 37 80 0.997426 0.0575639 -0.0427411 0.904561 -0.056638 0.99814 0.0225665 0.168707 0.0439606 -0.0200876 0.998831 0.391544
30 38 135 0.991291 0.0571903 -0.118626 0.991921 -0.0536711 0.998025 0.0326541 0.0636855 0.12026 -0.0260029 0.992402 0.109709
30 39 147 0.993257 0.0714386 -0.0913102 0.982354 -0.0672518 0.996574 0.048139 0.0135613 0.0944363 -0.0416736 0.994658 0.186541
30 40 83 0.993966 0.0871537 -0.0666015 0.962647 -0.0822963 0.993968 0.0724944 -0.124543 0.0725179 -0.0665759 0.995143 0.240418
30 41 96 0.974291 0.0638715 -0.216048 0.990691 -0.056183 0.997556 0.0415497 -0.00141913 0.218174 -0.0283433 0.975498 0.136122
30 42 108 0.992228 0.0662599 -0.105322 0.979739 -0.0637724 0.997604 0.0268173 0.0513458 0.106847 -0.0198922 0.994076 0.193584
30 43 119 0.983709 0.0643359 -0.167863 0.985724 -0.0607199 0.997801 0.0265914 0.0297609 0.169205 -0.0159656 0.985452 0.165716
30 44 107 0.981156 0.069731 -0.180195 0.987852 -0.0649542 0.997366 0.0322822 0.00539973 0.181971 -0.0199695 0.983101 0.155305
45 46 260 0.999497 0.00507932 -0.0313058 0.98744 -0.0049734 0.999982 0.00346046 -0.0213563 0.0313228 -0.00330302 0.999504 -0.156544
45 47 215 0.999448 0.0120428 -0.0309673 0.992273 -0.0118974 0.999917 0.00487493 0.058928 0.0310234 -0.00450381 0.999509 -0.109187
45 48 208 0.998749 0.0187221 -0.0463644 0.996527 -0.0185254 0.999817 0.00466951 0.0337676 0.0464433 -0.00380475 0.998914 -0.0761221
45 49 235 0.998275 0.0262449 -0.0525142 0.987714 -0.0260679 0.999652 0.0040524 0.0586076 0.0526023 -0.00267647 0.998612 -0.144868
45 50 179 0.997754 0.033591 -0.0579511 0.965772 -0.0329107 0.999378 0.0126542 0.0263333 0.0583402 -0.0107186 0.998239 -0.258052
45 51 157 0.994962 0.0353981 -0.0937927 0.974459 -0.0330283 0.999098 0.0266998 -0.0219273 0.0946532 -0.0234674 0.995234 -0.223494
45 52 114 0.993938 0.0524267 -0.096635 0.98636 -0.048415 0.997884 0.0434033 -0.0716246 0.098706 -0.0384616 0.994373 -0.148204
45 53 89 0.976065 0.0499649 -0.211664 0.988449 -0.0404016 0.997968 0.0492706 -0.0152742 0.213696 -0.0395397 0.9761 -0.15078
45 54 128 0.986014 0.0755981 -0.148533 0.99635 -0.0685222 0.996283 0.0521988 0.0529363 0.151927 -0.0412909 0.987529 -0.066963
45 55 35 0.996563 0.0746237 0.0359654 -0.737285 -0.076569 0.995482 0.0561423 -0.241937 -0.0316134 -0.0587032 0.997775 -0.630776
45 56 29 0.989639 0.131019 0.0587307 -0.0952592 -0.133667 0.990064 0.0436673 0.163428 -0.0524259 -0.0510651 0.997318 0.981945
45 57 137 0.982307 0.129579 -0.135209 0.996109 -0.127139 0.991529 0.0265637 0.0861219 0.137505 -0.00890345 0.990461 0.0186859
45 58 92 0.984258 0.149769 -0.0938407 0.993948 -0.146974 0.988483 0.0360522 0.102453 0.0981594 -0.0216925 0.994934 0.0396336
45 59 38 0.976902 0.206179 0.0561413 -0.0141944 -0.210127 0.974636 0.0770181 -0.0389463 -0.0388378 -0.087036 0.995448 0.99914
60 61 177 0.999779 0.0115382 -0.0175945 0.815801 -0.0117197 0.999879 -0.0102509 0.368026 0.0174741 0.0104548 0.999793 0.446123
60 62 133 0.999515 0.0205917 -0.0233805 0.893605 -0.020766 0.999758 -0.0072365 0.162758 0.0232259 0.00771851 0.9997 0.418306
60 63 121 0.999392 0.0279298 -0.0208609 0.83769 -0.0280238 0.999598 -0.00422596 0.0744696 0.0207345 0.00480799 0.999773 0.541045
60 64 108 0.998653 0.0338492 -0.0393265 0.873322 -0.0341217 0.999398 -0.00627734 0.102813 0.0390903 0.00761077 0.999207 0.476171
60 65 103 0.998478 0.0271769 -0.047982 0.855876 -0.0274722 0.999607 -0.00550678 0.0264657 0.0478135 0.00681657 0.998833 0.516503
60 66 111 0.997775 0.0206733 -0.0633808 0.880504 -0.0214425 0.999704 -0.0114801 0.0433536 0.0631247 0.0128136 0.997923 0.472052
60 67 133 0.996358 0.022143 -0.0823409 0.911205 -0.0232107 0.999658 -0.0120323 0.000626561 0.0820464 0.0138997 0.996532 0.411952
60 68 106 0.992518 0.0171026 -0.120893 0.925541 -0.0178157 0.99983 -0.00481947 -0.0701429 0.12079 0.00693721 0.992654 0.372094
60 69 94 0.994609 0.0293195 -0.0994607 0.875453 -0.0305193 0.999478 -0.0105625 -0.0407632 0.0990991 0.013541 0.994985 0.481581
60 70 123 0.993213 0.0286665 -0.11272 0.871223 -0.0299094 0.999509 -0.00935032 -0.046134 0.112397 0.0126583 0.993583 0.488715
60 71 88 0.993651 0.0251482 -0.109662 0.850888 -0.026451 0.999596 -0.0104415 -0.0486849 0.109355 0.0132758 0.993914 0.523087
60 72 86 0.992119 0.0322643 -0.121071 0.833893 -0.0332213 0.999431 -0.00589379 -0.0876491 0.120811 0.00986946 0.992626 0.544923
60 73 84 0.976658 0.0238352 -0.213473 0.895375 -0.0244279 0.999702 -0.000138764 -0.092481 0.213406 0.00535021 0.976949 0.435603
60 74 57 0.989971 0.041186 -0.135136 0.80325 -0.0422534 0.999094 -0.00503873 -0.128478 0.134807 0.0106982 0.990814 0.581621
75 76 0 1 0 0 0 0 1 0 0 0 0 1 0
75 77 109 0.999559 0.0162417 -0.0248508 0.78406 -0.0163256 0.999862 -0.00317661 -0.309383 0.0247958 0.00358091 0.999686 0.538082
75 78 116 0.999315 0.0117657 -0.0350766 0.851447 -0.0122143 0.999846 -0.0126047 -0.303684 0.0349229 0.0130245 0.999305 0.427568
75 79 142 0.999279 0.0203544 -0.0320422 0.803202 -0.0209265 0.999626 -0.0176215 -0.32916 0.0316715 0.0182794 0.999331 0.496508
75 80 118 0.998744 0.0268136 -0.0423178 0.830065 -0.0276546 0.999429 -0.0194128 -0.347705 0.0417732 0.0205587 0.998916 0.435997
75 81 127 0.99872 0.0288056 -0.0415771 0.799801 -0.0298804 0.999229 -0.0254667 -0.360965 0.0408114 0.0266764 0.998811 0.479608
75 82 134 0.998421 0.0245855 -0.0505049 0.844295 -0.0261082 0.999217 -0.0297136 -0.371952 0.0497349 0.0309853 0.998282 0.385769
75 83 143 0.998103 0.0250338 -0.0562452 0.823889 -0.0268126 0.999157 -0.0310963 -0.352761 0.0554193 0.0325454 0.997933 0.443583
75 84 88 0.997399 0.0304498 -0.0653355 0.814366 -0.0326981 0.9989 -0.033624 -0.350074 0.0642397 0.0356729 0.997297 0.462879
75 85 87 0.997357 0.0307823 -0.0658108 0.80827 -0.0336027 0.998544 -0.0421873 -0.352473 0.0644163 0.0442872 0.99694 0.471659
75 86 126 0.996691 0.0305877 -0.0753145 0.849867 -0.033974 0.998449 -0.0440999 -0.348106 0.0738488 0.0465127 0.996184 0.395662
75 87 139 0.994737 0.032579 -0.0971431 0.845342 -0.0368359 0.998423 -0.0423541 -0.340955 0.0956101 0.0457096 0.994369 0.411274
75 88 114 0.994468 0.040624 -0.0968699 0.850856 -0.0456998 0.997664 -0.0507673 -0.335159 0.0945813 0.0549134 0.994001 0.404613
75 89 144 0.991521 0.0499047 -0.119982 0.888174 -0.0559168 0.997316 -0.0472734 -0.300581 0.1173 0.0535815 0.99165 0.34756
90 91 0 1 0 0 0 0 1 0 0 0 0 1 0
90 92 166 0.999578 0.0150945 -0.0248269 0.996697 -0.0149492 0.99987 0.00602705 0.0737685 0.0249146 -0.00565336 0.999674 0.0339688
90 93 189 0.999161 0.0191295 -0.0362136 0.990245 -0.0187129 0.999755 0.0118087 0.0126623 0.0364306 -0.0111211 0.999274 0.138762
90 94 131 0.998993 0.022815 -0.038642 0.996779 -0.0222624 0.999644 0.0146728 0.0707623 0.0389631 -0.0137978 0.999145 0.0377448
90 95 117 0.997284 0.0406365 -0.0614238 0.991739 -0.0392625 0.998955 0.0234137 0.127978 0.0623111 -0.0209384 0.997837 -0.00867085
90 96 137 0.995832 0.0497476 -0.0764394 0.983977 -0.0476169 0.998431 0.0294497 0.177999 0.0777845 -0.0256872 0.996639 0.0102562
90 97 64 0.997844 0.0594479 -0.0277996 0.977279 -0.0579328 0.996942 0.0524501 0.0756967 0.0308327 -0.0507266 0.998237 0.197981
90 98 63 0.961345 0.126784 -0.244422 0.962541 -0.126833 0.991801 0.0156047 0.245368 0.244397 0.0159993 0.969543 0.115364
90 99 26 0.997864 0.0650929 0.00555123 -0.0513364 -0.0653282 0.993778 0.0902051 -0.0648621 0.000355015 -0.0903751 0.995908 0.996573
90 100 106 0.984914 0.102131 -0.13969 0.986854 -0.090705 0.992169 0.0858677 0.1556 0.147366 -0.0719017 0.986465 0.0436705
90 101 82 0.987977 0.116939 -0.101127 0.971221 -0.107422 0.98967 0.0949365 0.234143 0.111184 -0.0829318 0.990333 -0.0436627
90 102 79 0.985947 0.126159 -0.109511 0.973473 -0.114321 0.987514 0.108386 0.220998 0.121817 -0.0943433 0.988059 -0.0592502
90 103 109 0.985402 0.137939 -0.0997832 0.969989 -0.126152 0.985193 0.116108 0.239023 0.114322 -0.101826 0.988212 -0.044604
90 104 78 0.976921 0.15417 -0.147842 0.966398 -0.139355 0.984567 0.10587 0.253426 0.161882 -0.0828238 0.983328 -0.0430235
105 106 11 0.999848 0.0174097 0.00119052 -0.836505 -0.0174176 0.999824 0.00700115 -0.374401 -0.00106843 -0.00702082 0.999975 -0.400105
105 107 55 0.999701 0.0242456 -0.00309242 -0.918262 -0.0242063 0.999633 0.0121662 -0.312881 0.00338627 -0.0120878 0.999921 -0.242693
105 108 72 0.999088 0.0298729 -0.0305013 0.806903 -0.0296043 0.999519 0.009219 0.337622 0.030762 -0.00830763 0.999492 -0.484684
105 109 32 0.999448 0.0256358 -0.0211535 -0.904465 -0.0252079 0.999477 0.0202546 -0.315721 0.0216617 -0.0197102 0.999571 -0.286816
105 110 45 0.999217 0.0328639 -0.0220373 -0.778938 -0.0320685 0.998854 0.0355271 -0.287035 0.0231796 -0.0347926 0.999126 -0.557554
105 111 59 0.999345 0.0324304 -0.0160803 -0.877092 -0.0315785 0.998216 0.0506667 -0.302359 0.0176948 -0.0501257 0.998586 -0.373214
105 112 110 0.997266 0.0320543 -0.066584 0.958634 -0.0298182 0.998966 0.03431 0.263939 0.0676149 -0.0322308 0.997191 -0.106571
105 113 143 0.990971 0.0267778 -0.131378 0.981806 -0.0242622 0.999491 0.0207116 0.188336 0.131865 -0.0173371 0.991116 -0.0242066
105 114 107 0.993694 0.0302525 -0.107969 0.979875 -0.0281158 0.999379 0.0212585 0.180647 0.108545 -0.0180888 0.993927 -0.0849255
105 115 120 0.991836 0.0256659 -0.124912 0.983671 -0.0237864 0.999581 0.0165151 0.173128 0.125284 -0.0134091 0.99203 -0.0491836
105 116 108 0.991493 0.0231442 -0.128085 0.991713 -0.0210496 0.999622 0.0176825 0.121578 0.128446 -0.0148359 0.991606 -0.0415126
105 117 71 0.991809 0.0272843 -0.12478 0.97918 -0.0259215 0.999585 0.0125322 0.161717 0.12507 -0.00919506 0.992105 -0.122693
105 118 51 0.987773 0.0291927 -0.153143 0.987309 -0.027459 0.999533 0.0134238 0.129518 0.153464 -0.00905449 0.988113 -0.0919016
105 119 51 0.99132 0.0310247 -0.127757 0.801246 -0.0299022 0.999496 0.0106953 -0.0663749 0.128024 -0.00678228 0.991748 -0.594642
120 121 52 0.999992 0.00140838 -0.00376743 0.929769 -0.00139988 0.999996 0.00225867 -0.214811 0.0037706 -0.00225338 0.99999 -0.298974
120 122 13 0.999811 -0.00231922 0.0192875 -0.940747 0.00231249 0.999997 0.000371013 0.223089 -0.0192884 -0.000326341 0.999814 -0.255394
120 123 68 0.999968 -0.00599341 0.00520943 0.952046 0.00596924 0.999971 0.00464113 -0.302843 -0.00523709 -0.00460989 0.999976 -0.0435278
120 124 85 0.999957 -0.00834643 -0.00409488 0.957256 0.00837451 0.999941 0.00688802 -0.259486 0.00403715 -0.00692201 0.999968 0.127778
120 125 102 0.999972 -0.0039314 -0.00630995 0.950792 0.00398339 0.999958 0.00824862 -0.295305 0.00627726 -0.00827353 0.999946 0.0937546
120 126 86 0.999987 -0.000246487 -0.00510838 0.927104 0.000265106 0.999993 0.00364442 -0.350861 0.00510745 -0.00364573 0.99998 0.131814
120 127 186 0.999885 0.00609353 -0.0139026 0.932516 -0.0060888 0.999981 0.000382206 -0.345697 0.0139046 -0.000297512 0.999903 0.104437
120 128 33 0.999948 0.00779078 -0.00653452 0.944115 -0.00780223 0.999968 -0.00172778 -0.326815 0.00652086 0.00177867 0.999977 -0.042883
120 129 112 0.999836 0.00607858 -0.0170365 0.937902 -0.00593296 0.999946 0.00858485 -0.340393 0.0170877 -0.00848237 0.999818 0.0668725
120 130 73 0.999726 0.00236903 -0.0232697 0.900479 -0.00219363 0.999969 0.00756047 -0.297789 0.0232869 -0.00750736 0.999701 0.316954
120 131 202 0.999143 0.00184527 -0.0413568 0.925131 -0.0016997 0.999992 0.00355472 -0.225569 0.041363 -0.00348138 0.999138 0.305372
120 132 163 0.998676 0.00622206 -0.0510683 0.978525 -0.00599577 0.999972 0.00458316 -0.200752 0.0510954 -0.0042709 0.998685 0.0467588
120 133 103 0.998222 0.00274048 -0.0595428 0.964087 -0.00221279 0.999958 0.00892651 -0.249664 0.0595648 -0.00877889 0.998186 0.0905811
120 134 62 0.998437 -0.00321588 -0.0557948 0.95081 0.00365031 0.999964 0.00768613 -0.240926 0.055768 -0.00787778 0.998413 0.194717
135 136 13 0.999921 0.00408112 -0.0118564 -0.806177 -0.00401978 0.999978 0.00519217 -0.206159 0.0118773 -0.0051441 0.999916 0.554597
135 137 124 0.999247 0.00716555 -0.0381259 0.966862 -0.00669514 0.9999 0.0124518 0.0820081 0.0382113 -0.0121872 0.999195 -0.241769
135 138 128 0.998133 0.0130664 -0.059668 0.960747 -0.0116845 0.999657 0.0234503 0.163381 0.0599539 -0.0227093 0.997943 -0.224213
135 139 134 0.998053 0.0159255 -0.0603001 0.956098 -0.0140971 0.999431 0.0306271 0.173002 0.0607536 -0.0297174 0.99771 -0.236532
135 140 163 0.99619 0.0223265 -0.0843035 0.947204 -0.0194713 0.999214 0.0345398 0.143248 0.0850083 -0.0327667 0.995841 -0.286853
135 141 165 0.994147 0.0280409 -0.104333 0.937532 -0.0241708 0.998979 0.038175 0.161037 0.105297 -0.0354297 0.993809 -0.308386
135 142 158 0.990712 0.0369742 -0.130856 0.941826 -0.0314061 0.998522 0.0443633 0.157127 0.132303 -0.0398416 0.990408 -0.297111
135 143 194 0.98994 0.0410955 -0.135388 0.94333 -0.0341869 0.998011 0.0529651 0.147487 0.137295 -0.0478038 0.989376 -0.29728
135 144 123 0.990314 0.0498625 -0.129587 0.942305 -0.042524 0.997364 0.0587946 0.15865 0.132177 -0.0527146 0.989823 -0.294775
135 145 130 0.989484 0.0579511 -0.132526 0.929943 -0.0501462 0.996847 0.0614942 0.166634 0.135671 -0.0542019 0.98927 -0.32778
135 146 136 0.985642 0.0741523 -0.151696 0.937229 -0.0649929 0.9958 0.064479 0.152503 0.155841 -0.053694 0.986322 -0.313599
135 147 90 0.985478 0.0829527 -0.148163 0.934564 -0.0739653 0.995128 0.0651808 0.152161 0.152848 -0.0532753 0.986813 -0.321617
135 148 139 0.979872 0.0987189 -0.173509 0.940815 -0.0889889 0.994038 0.0630088 0.146639 0.178694 -0.0463002 0.982815 -0.305556
135 149 101 0.979892 0.0998926 -0.172723 0.916107 -0.0906242 0.99403 0.0607579 0.161341 0.177761 -0.0438832 0.983095 -0.367039
150 151 20 0.99968 -0.00041858 -0.0252756 0.967974 0.000521196 0.999992 0.00405341 0.212889 0.0252737 -0.00406529 0.999672 -0.13306
150 152 0 1 0 0 0 0 1 0 0 0 0 1 0
150 153 36 0.999217 -0.0103595 -0.0381863 -0.727893 0.0103643 0.999946 -7.27869e-05 -0.118164 0.038185 -0.000323043 0.999271 0.675433
150 154 45 0.998061 -0.00855491 -0.0616496 0.969781 0.00812584 0.999941 -0.00720729 0.0900848 0.0617076 0.00669236 0.998072 0.226736
150 155 54 0.996938 -0.00818156 -0.0777724 0.976269 0.0070084 0.999858 -0.0153456 0.0589103 0.0778869 0.0147535 0.996853 -0.208396
150 156 50 0.995428 -0.0134329 -0.0945634 0.904399 0.0118505 0.999781 -0.0172758 0.051346 0.0947747 0.0160762 0.995369 -0.423586
150 157 56 0.993426 -0.0158586 -0.113376 0.86087 0.0140486 0.999761 -0.0167451 0.0950459 0.113614 0.0150423 0.993411 -0.499869
150 158 168 0.989806 -0.0146909 -0.141663 0.941555 0.0126651 0.999804 -0.0151918 0.12197 0.141859 0.0132428 0.989798 -0.314002
150 159 40 0.989988 -0.0136535 -0.140491 0.979712 0.0125861 0.999885 -0.00848371 0.0621059 0.140591 0.00663053 0.990046 -0.190542
150 160 39 0.989099 -0.0112308 -0.146826 0.911241 0.010272 0.999921 -0.00728726 0.0592951 0.146896 0.00569963 0.989135 -0.407583
150 161 77 0.986241 -0.00246609 -0.165298 0.939649 0.00121559 0.99997 -0.00766589 0.0805773 0.165311 0.00735948 0.986214 -0.332516
150 162 77 0.982547 -0.000342666 -0.186013 0.912578 0.00065927 0.999998 0.00164021 -0.160678 0.186012 -0.00173421 0.982546 -0.37601
150 163 66 0.98129 0.00443714 -0.192484 0.942971 -0.00445655 0.99999 0.000332083 0.0961791 0.192483 0.000531943 0.9813 -0.318678
150 164 115 0.974881 0.0137077 -0.222302 0.948797 -0.0119277 0.999885 0.00934798 0.0929524 0.222405 -0.00646162 0.974933 -0.3019
165 166 20 0.999848 0.00679621 -0.0160526 0.983717 -0.00674539 0.999972 0.00321746 -0.00242228 0.016074 -0.00310869 0.999866 -0.17971
165 167 173 0.999111 0.0161764 -0.0389281 0.970705 -0.0157286 0.999807 0.0117814 -0.0592157 0.0391111 -0.0111587 0.999173 -0.232863
165 168 200 0.998292 0.0260618 -0.052281 0.987292 -0.0251694 0.999527 0.0176553 -0.0729723 0.0527164 -0.0163092 0.998476 0.141174
165 169 261 0.997426 0.0270713 -0.0664039 0.977287 -0.0262127 0.999562 0.0137664 -0.0584829 0.0667475 -0.0119903 0.997698 0.203692
165 170 133 0.99744 0.0355339 -0.062052 0.975181 -0.0345987 0.999272 0.0160812 -0.0857003 0.0625782 -0.0138932 0.997943 0.204149
165 171 122 0.996556 0.039222 -0.0730604 0.973759 -0.0375737 0.99901 0.0237995 -0.0971912 0.0739216 -0.0209724 0.997044 0.205783
165 172 101 0.99503 0.0431496 -0.0897455 0.930681 -0.0404683 0.998685 0.031486 -0.125305 0.0909861 -0.0276977 0.995467 0.343703
165 173 61 0.994588 0.0525312 -0.0896407 0.897231 -0.0502166 0.998349 0.0278852 -0.182813 0.0909575 -0.0232328 0.995584 0.40194
165 174 132 0.988379 0.0737856 -0.1329 0.931505 -0.0706421 0.997102 0.0282214 -0.187461 0.134597 -0.0185051 0.990728 0.311701
165 175 136 0.987361 0.0603798 -0.146538 0.922365 -0.0587418 0.998153 0.015484 -0.137717 0.147202 -0.00668042 0.989084 0.360939
165 176 126 0.983445 0.0721142 -0.166242 0.942986 -0.0705942 0.997392 0.0150423 -0.180448 0.166893 -0.00305758 0.98597 0.27967
165 177 181 0.980011 0.0833564 -0.180637 0.949526 -0.0818894 0.99652 0.0155772 -0.203922 0.181306 -0.000473645 0.983427 0.238361
165 178 143 0.983204 0.0804764 -0.163809 0.930538 -0.0797627 0.996754 0.0109407 -0.164136 0.164158 0.00230896 0.986431 0.327352
165 179 166 0.980583 0.0772447 -0.18025 0.935917 -0.0750648 0.997 0.0188942 -0.181983 0.181169 -0.00499687 0.983439 0.301564
180 181 0 1 0 0 0 0 1 0 0 0 0 1 0
180 182 86 0.999913 0.00603225 -0.0116897 0.910833 -0.00595029 0.999958 0.00703352 -0.110675 0.0117317 -0.00696336 0.999907 0.397661
180 183 112 0.999533 0.00279058 -0.0304387 0.952812 -0.00252895 0.99996 0.00863032 -0.0969221 0.0304616 -0.00854931 0.999499 0.287671
180 184 53 0.999225 0.0087461 -0.0383692 0.918484 -0.00848188 0.999939 0.00704379 -0.135647 0.0384285 -0.00671289 0.999239 0.371467
180 185 211 0.998013 0.0124465 -0.0617747 0.984426 -0.0121708 0.999914 0.0048376 -0.120282 0.0618296 -0.00407614 0.998078 0.128209
180 186 102 0.998932 0.00354267 -0.0460646 0.950493 -0.00336053 0.999986 0.00403085 -0.100242 0.0460782 -0.00387174 0.99893 0.294133
180 187 95 0.997947 0.00548883 -0.0638105 0.970511 -0.00508567 0.999966 0.00647878 -0.11234 0.0638439 -0.00614096 0.997941 0.213278
180 188 204 0.996356 0.0125411 -0.084364 0.97833 -0.0118613 0.999893 0.00855362 -0.112466 0.0844623 -0.00752178 0.996398 0.173845
180 189 38 0.997003 0.0126774 -0.0763235 0.981512 -0.0118195 0.999862 0.0116818 -0.106091 0.0764611 -0.0107447 0.997015 0.15931
180 190 121 0.993953 0.0165681 -0.10855 0.977919 -0.0142302 0.999651 0.0222776 -0.0936125 0.108881 -0.0205982 0.993841 0.186846
180 191 135 0.99208 0.021769 -0.123708 0.976764 -0.0187569 0.9995 0.025462 -0.105532 0.124201 -0.0229399 0.991992 0.186535
180 192 45 0.993652 0.0291603 -0.108655 0.980892 -0.0268291 0.999379 0.0228558 -0.114815 0.109254 -0.0197955 0.993817 0.15706
180 193 147 0.988721 0.0387403 -0.14467 0.983786 -0.0354375 0.999051 0.0253383 -0.115107 0.145514 -0.0199257 0.989156 0.137531
180 194 109 0.989349 0.0379923 -0.14052 0.985105 -0.0352002 0.999131 0.022303 -0.114692 0.141245 -0.0171191 0.989827 0.128113
195 196 21 0.999898 0.00582816 -0.0130257 0.961108 -0.00577989 0.999976 0.00374076 -0.180904 0.0130471 -0.00366509 0.999908 -0.208677
195 197 92 0.999845 0.00966425 -0.014741 0.949006 -0.00961823 0.999949 0.00318946 -0.124627 0.014771 -0.00304718 0.999886 -0.289577
195 198 92 0.999583 0.0172396 -0.0231654 0.966553 -0.0171322 0.999842 0.0048259 -0.0447784 0.0232449 -0.00442701 0.99972 -0.252526
195 199 90 0.999096 0.0308063 -0.0292914 0.990204 -0.0306128 0.999507 0.00703403 -0.107835 0.0294937 -0.00613098 0.999546 -0.0886947
195 200 137 0.991295 0.0435506 -0.12425 0.995118 -0.0424343 0.999032 0.0116178 -0.0956628 0.124636 -0.00624417 0.992183 -0.0242492
195 201 82 0.997847 0.0526413 -0.0391204 0.979933 -0.0528746 0.998589 -0.00495378 -0.0421825 0.0388044 0.00701159 0.999222 -0.194811
195 202 74 0.997255 0.0530541 -0.0516573 0.973127 -0.0535221 0.998537 -0.00771856 -0.0815231 0.0511723 0.0104622 0.998635 -0.215354
195 203 81 0.996234 0.0663995 -0.0557514 0.961698 -0.0670736 0.997695 -0.0103066 -0.0649773 0.0549385 0.0140073 0.998391 -0.2663
195 204 110 0.994657 0.0683604 -0.077362 0.96785 -0.0692229 0.997565 -0.0085199 -0.0429599 0.0765912 0.0138296 0.996967 -0.247831
195 205 77 0.994227 0.0619755 -0.0875938 0.982334 -0.062637 0.998025 -0.00482129 -0.0543781 0.087122 0.0102801 0.996145 -0.179062
195 206 172 0.991855 0.0681427 -0.107614 0.989497 -0.068872 0.997621 -0.00307081 -0.0352243 0.107149 0.0104574 0.994188 -0.140199
195 207 129 0.989829 0.0681254 -0.124887 0.997096 -0.0691958 0.997594 -0.00424816 -0.0264289 0.124297 0.0128466 0.992162 -0.0714283
195 208 155 0.989584 0.067077 -0.127375 0.99639 -0.0686941 0.997603 -0.00834013 -0.0150828 0.12651 0.0170031 0.99182 -0.0835402
195 209 100 0.986109 0.0751075 -0.148148 0.989913 -0.0766488 0.997047 -0.00471385 0.0089369 0.147357 0.0160038 0.988954 -0.141394
210 211 32 0.999762 -0.0048039 -0.0212893 0.988246 0.00481391 0.999988 0.00041924 0.0688743 0.021287 -0.000521624 0.999773 0.136478
210 212 110 0.999141 -0.010981 -0.0399526 0.991789 0.0111939 0.999924 0.00510868 -0.126045 0.0398935 -0.00555152 0.999189 0.0216141
210 213 234 0.996983 -0.00828191 -0.0771764 0.974366 0.00861273 0.999955 0.00395474 -0.0704794 0.0771402 -0.00460751 0.99701 0.213644
210 214 85 0.997951 -0.0146333 -0.0622945 0.979888 0.0145472 0.999892 -0.00183595 -0.179568 0.0623147 0.000925975 0.998056 0.0870284
210 215 81 0.997101 -0.00932442 -0.075512 0.977007 0.00892962 0.999945 -0.00556424 -0.159832 0.0755597 0.00487382 0.997129 0.141107
210 216 219 0.992595 -0.0069369 -0.121276 0.982498 0.00694883 0.999976 -0.000324556 -0.166382 0.121275 -0.000520575 0.992619 0.0837539
210 217 108 0.9931 -0.00364576 -0.117215 0.9822 0.00306193 0.999982 -0.00516055 -0.126155 0.117232 0.00476603 0.993093 0.139168
210 218 97 0.991657 -0.00360964 -0.128857 0.97705 0.00305878 0.999985 -0.00447257 -0.154656 0.128872 0.00404111 0.991653 0.146476
210 219 166 0.985992 0.00831533 -0.166587 0.970013 -0.00769758 0.999961 0.0043536 -0.171465 0.166617 -0.0030103 0.986017 0.172261
210 220 179 0.984277 0.010834 -0.176298 0.973475 -0.00984774 0.999931 0.00646804 -0.183043 0.176356 -0.00463021 0.984316 0.137265
210 221 165 0.973451 0.022289 -0.227809 0.969 -0.018206 0.999634 0.0200092 -0.192482 0.228172 -0.0153304 0.9735 0.154888
210 222 168 0.98017 0.0240271 -0.196697 0.942923 -0.0219988 0.99968 0.0124904 -0.205239 0.196934 -0.00791565 0.980385 0.262246
210 223 64 0.984427 0.0348313 -0.172309 0.940157 -0.0349212 0.999387 0.00251005 -0.203903 0.172291 0.00354629 0.98504 0.272998
210 224 152 0.972309 0.0505028 -0.228178 0.938411 -0.0492399 0.998724 0.0112277 -0.234051 0.228454 0.000318642 0.973555 0.254174
225 226 52 0.999972 0.00353628 -0.00654964 0.567571 -0.00353674 0.999994 -5.84799e-05 -0.210386 0.00654939 8.16427e-05 0.999979 0.795991
225 227 108 0.999649 0.00690514 -0.025565 0.889687 -0.00694722 0.999975 -0.00155752 -0.196208 0.0255536 0.00173458 0.999672 0.412261
225 228 86 0.999626 0.0141077 -0.0234311 0.903686 -0.0141545 0.999898 -0.00183436 -0.243813 0.0234028 0.00216533 0.999724 -0.352004
225 229 95 0.999454 0.0132161 -0.0302894 0.912807 -0.0131113 0.999907 0.00365513 -0.156263 0.0303349 -0.003256 0.999534 0.377313
225 230 116 0.99845 0.00751149 -0.0551526 0.897031 -0.0071494 0.999952 0.00675953 -0.150086 0.0552007 -0.00635475 0.998455 0.415703
225 231 138 0.998069 0.00752962 -0.0616603 0.833447 -0.0073984 0.99997 0.00235608 -0.0825002 0.0616762 -0.00189535 0.998094 0.546407
225 232 94 0.998122 0.00949075 -0.0605252 0.926613 -0.00918287 0.999943 0.00536303 -0.210733 0.0605727 -0.00479716 0.998152 0.311416
225 233 135 0.997223 0.00681631 -0.0741658 0.947574 -0.00632102 0.999956 0.00691093 -0.0919445 0.0742097 -0.00642293 0.997222 0.306023
225 234 265 0.996081 0.00481742 -0.0883181 0.943677 -0.00389505 0.999936 0.0106131 -0.112713 0.0883636 -0.0102275 0.996036 0.311079
225 235 307 0.995423 0.00797246 -0.0952306 0.954064 -0.00664525 0.999876 0.0142458 -0.125433 0.0953324 -0.0135477 0.995353 0.272082
225 236 146 0.995126 0.00846034 -0.0982456 0.935746 -0.00698043 0.999857 0.0153974 -0.0930333 0.0983618 -0.0146365 0.995043 0.340183
225 237 100 0.994129 0.013084 -0.10741 0.92731 -0.0113693 0.999798 0.0165607 -0.0978219 0.107605 -0.0152423 0.994077 0.361286
225 238 251 0.991622 0.0199388 -0.127622 0.942964 -0.0172818 0.999611 0.0218933 -0.106599 0.128009 -0.0195043 0.991581 0.315365
225 239 130 0.990627 0.0196943 -0.135167 0.943589 -0.0164732 0.999554 0.0249076 -0.0931406 0.135598 -0.0224475 0.99051 0.31775
240 241 62 0.999803 0.000235376 -0.0198485 0.97459 -0.000143457 0.999989 0.00463232 -0.210338 0.0198493 -0.00462856 0.999792 -0.0770182
240 242 283 0.998933 0.011386 -0.0447645 0.998953 -0.0112083 0.999928 0.00421784 -0.0456715 0.0448093 -0.0037116 0.998989 -0.00276127
240 243 111 0.998565 0.0129001 -0.0519669 0.993785 -0.0125863 0.999901 0.00636223 -0.0778149 0.0520438 -0.00569904 0.998629 0.0796021
240 244 120 0.998091 0.0162534 -0.0595785 0.994093 -0.0159352 0.999856 0.00581237 -0.0932541 0.0596644 -0.00485188 0.998207 0.0555156
240 245 220 0.996411 0.0235894 -0.0812968 0.994992 -0.0231046 0.999709 0.00689876 -0.099019 0.0814359 -0.00499567 0.996666 0.0136214
240 246 148 0.99518 0.0278205 -0.0940344 0.994609 -0.0271916 0.999599 0.00796369 -0.0961692 0.0942182 -0.00536836 0.995537 0.0387919
240 247 171 0.992336 0.0307779 -0.119672 0.993388 -0.0296247 0.999496 0.0114044 -0.111138 0.119963 -0.00777178 0.992748 0.0287839
240 248 135 0.992832 0.037343 -0.113533 0.99307 -0.036375 0.999282 0.0105862 -0.114973 0.113847 -0.00638052 0.993478 0.0243696
240 249 126 0.991474 0.0425596 -0.123162 0.987636 -0.0415654 0.999079 0.010631 -0.132005 0.123501 -0.00542111 0.99233 0.0845547
240 250 42 0.990563 0.045225 -0.129384 0.964803 -0.0447386 0.998976 0.00666508 -0.127385 0.129553 -0.000813742 0.991572 0.230061
240 251 64 0.987945 0.057232 -0.143835 0.97798 -0.058482 0.998278 -0.0044742 -0.149446 0.143332 0.012832 0.989592 0.145674
240 252 78 0.983272 0.0673709 -0.169225 0.979388 -0.0699207 0.997511 -0.00914717 -0.151518 0.168187 0.0208265 0.985535 0.133572
240 253 105 0.984009 0.0718576 -0.162981 0.984669 -0.0745912 0.997157 -0.0107072 -0.138955 0.161749 0.022693 0.986571 0.105444
240 254 127 0.981491 0.0790263 -0.174442 0.980484 -0.0820701 0.996573 -0.0102927 -0.13815 0.173031 0.0244187 0.984614 0.139875
255 256 31 0.999964 0.00376017 0.00766604 -0.875893 -0.00383116 0.99995 0.00926593 -0.244877 -0.00763082 -0.00929496 0.999928 -0.415749
255 257 154 0.998638 0.0102349 -0.0511701 0.919063 -0.0104885 0.999934 -0.0046894 0.393048 0.0511188 0.00521971 0.998679 0.0289362
255 258 229 0.9985 0.00764734 -0.054223 0.958476 -0.00693061 0.999886 0.0133938 0.147818 0.0543193 -0.0129979 0.998439 0.24387
255 259 153 0.998492 0.0126389 -0.0534278 0.953205 -0.0118084 0.999805 0.0158318 0.211027 0.0536175 -0.0151771 0.998446 0.216491
255 260 64 0.998275 0.0126433 -0.0573329 0.984602 -0.0111409 0.999588 0.0264485 0.167653 0.0576437 -0.0257642 0.998005 0.0495157
255 261 79 0.997783 0.0110191 -0.0656364 0.84662 -0.00897388 0.999467 0.0313736 0.0616633 0.0659472 -0.030715 0.99735 0.528613
255 262 92 0.996143 0.0084844 -0.0873295 0.897098 -0.00621136 0.999636 0.0262673 0.0467094 0.0875206 -0.0256235 0.995833 0.439355
255 263 107 0.995017 0.0115343 -0.0990372 0.923999 -0.00913424 0.999654 0.0246535 0.0244483 0.0992874 -0.023626 0.994778 0.381613
255 264 63 0.998558 -0.0189342 -0.0502242 0.685465 0.0204195 0.999364 0.0292269 -0.138716 0.0496388 -0.0302104 0.99831 0.71477
255 265 126 0.989121 0.0112101 -0.146673 0.939164 -0.00833775 0.999762 0.0201838 -0.0208354 0.146865 -0.0187413 0.988979 0.342836
255 266 127 0.989525 0.0157071 -0.143503 0.918712 -0.0132061 0.999744 0.0183641 -0.0433068 0.143755 -0.0162766 0.989479 0.392548
255 267 79 0.985143 0.0215869 -0.170374 0.866269 -0.0191201 0.999687 0.0161065 -0.0209791 0.170668 -0.0126096 0.985248 0.499137
255 268 78 0.986608 0.0221245 -0.161605 0.881362 -0.019346 0.999637 0.018747 -0.0965761 0.161961 -0.0153695 0.986677 0.462466
255 269 107 0.980075 0.0395997 -0.194642 0.905189 -0.0363127 0.999132 0.0204281 -0.0929472 0.195282 -0.012953 0.980662 0.414721
270 271 87 0.999623 0.00807996 -0.0262449 0.878553 -0.00781541 0.999918 0.010167 -0.406137 0.0263249 -0.00995809 0.999604 0.25139
270 272 76 0.999657 0.014074 -0.0220912 0.742152 -0.0140019 0.999896 0.00341353 -0.457106 0.0221369 -0.00310304 0.99975 0.490168
270 273 81 0.999534 0.0226206 -0.0205141 0.620718 -0.0226927 0.999737 -0.00328959 -0.319769 0.0204343 0.00375358 0.999784 0.715861
270 274 69 0.998884 0.0261576 -0.0393183 0.839939 -0.0261306 0.999658 0.00120165 -0.307698 0.0393363 -0.0001729 0.999226 0.447018
270 275 85 0.998402 0.0262746 -0.0500266 0.852214 -0.026078 0.999649 0.00458003 -0.294106 0.0501294 -0.00326812 0.998737 0.432703
270 276 73 0.99843 0.0242848 -0.0504783 0.829847 -0.024212 0.999705 0.00205225 -0.280231 0.0505132 -0.000826842 0.998723 0.482519
270 277 66 0.998908 0.0344193 -0.031578 0.766556 -0.0344535 0.999406 -0.00053737 -0.303972 0.0315407 0.00162476 0.999501 0.56568
270 278 62 0.998513 0.0244226 -0.0487339 0.769751 -0.0244259 0.999702 0.000529686 -0.254244 0.0487323 0.000661469 0.998812 0.585528
270 279 69 0.99846 0.0254136 -0.0493051 0.798827 -0.0256901 0.999658 -0.00498235 -0.241812 0.0491616 0.00624134 0.998771 0.550819
270 280 58 0.997547 0.0306491 -0.0629304 0.853463 -0.0307285 0.999528 -0.000294376 -0.237752 0.0628916 0.00222741 0.998018 0.463762
270 281 67 0.997943 0.0285247 -0.0574041 0.802174 -0.0282927 0.999588 0.00485183 -0.228287 0.0575188 -0.00321774 0.998339 0.551726
270 282 65 0.998469 0.0237203 -0.049973 0.754204 -0.0235613 0.999715 0.00376878 -0.21873 0.0500481 -0.00258558 0.998743 0.619139
270 283 92 0.994002 0.0303449 -0.10507 0.842762 -0.0294009 0.999512 0.010522 -0.197665 0.105338 -0.00736976 0.994409 0.500681
270 284 69 0.994995 0.0433565 -0.0900332 0.812846 -0.0428342 0.999052 0.00772647 -0.204849 0.0902828 -0.0038313 0.995909 0.54527
285 286 18 0.999841 0.0050108 -0.0170902 0.987295 -0.00500188 0.999987 0.000564824 0.0278763 0.0170928 -0.000479252 0.999854 -0.156431
285 287 0 1 0 0 0 0 1 0 0 0 0 1 0
285 288 107 0.999787 0.00477439 -0.0200737 0.955845 -0.00467494 0.999977 0.00499845 -0.0844346 0.0200971 -0.00490355 0.999786 0.28148
285 289 96 0.999298 0.00544951 -0.0370679 0.98005 -0.00529526 0.999977 0.00425834 -0.114843 0.0370902 -0.00405907 0.999304 0.162214
285 290 225 0.998774 0.0139622 -0.0475015 0.990065 -0.013733 0.999892 0.00514692 -0.129441 0.0475683 -0.00448827 0.998858 -0.0549147
285 291 103 0.999206 0.0160578 -0.0364519 0.994726 -0.0159855 0.99987 0.00227499 -0.102514 0.0364837 -0.00169049 0.999333 -0.0032935
285 292 212 0.997127 0.0276177 -0.0705372 0.993535 -0.0270889 0.999597 0.00844301 -0.111888 0.0707419 -0.00650798 0.997473 -0.0191967
285 293 47 0.998629 0.0257812 -0.0455517 0.997238 -0.0254922 0.999651 0.00691441 0.0294962 0.0457141 -0.00574372 0.998938 0.0681646
285 294 114 0.996874 0.0376589 -0.0694513 0.984394 -0.0372016 0.999277 0.00786651 -0.0766704 0.0696973 -0.00525822 0.997554 0.158397
285 295 160 0.99706 0.0588886 -0.0490209 0.992329 -0.0588229 0.998265 0.00278286 -0.053256 0.0490997 0.000108872 0.998794 0.111564
285 296 60 0.996774 0.0796952 -0.00945931 0.860013 -0.079599 0.996775 0.0101364 -0.00785673 0.0102366 -0.00935078 0.999904 -0.510211
285 297 138 0.995804 0.0809066 -0.0427568 0.981757 -0.0796843 0.996382 0.0295616 -0.108582 0.0449938 -0.0260306 0.998648 -0.15609
285 298 163 0.995562 0.0906422 -0.0252872 0.974317 -0.089847 0.995473 0.0309861 -0.0880583 0.0279814 -0.0285766 0.9992 -0.207247
285 299 185 0.993887 0.107569 -0.0248296 0.985824 -0.106763 0.993776 0.0317862 -0.108309 0.0280943 -0.028941 0.999186 -0.128143
300 301 27 0.999907 0.0135482 0.00170805 0.6004 -0.0135408 0.999899 -0.00425532 0.135097 -0.00176553 0.00423179 0.999989 0.788206
300 302 16 0.999895 0.0142322 0.00274835 -0.792742 -0.0142226 0.999893 -0.00348307 0.00670011 -0.00279763 0.00344362 0.99999 0.609521
300 303 20 0.999911 0.0107572 0.00782924 -0.992361 -0.0107151 0.999928 -0.00540147 0.0992914 -0.00788678 0.0053171 0.999955 -0.0732174
300 304 16 0.99989 0.0144249 -0.00353498 -0.973351 -0.0144566 0.999854 -0.00911566 0.108813 0.00340297 0.00916576 0.999952 0.201862
300 305 19 0.999892 0.0144481 0.00269405 0.952727 -0.0143976 0.999736 -0.0179175 -0.211957 -0.00295221 0.0178768 0.999836 -0.217683
300 306 90 0.999526 0.0219191 -0.0216068 0.984641 -0.0223937 0.999508 -0.0219743 -0.163759 0.0211145 0.0224478 0.999525 -0.0605375
300 307 67 0.999788 0.014056 -0.0150218 0.962 -0.0144913 0.999466 -0.0292733 -0.126392 0.0146023 0.0294848 0.999459 -0.242033
300 308 65 0.999417 0.0146066 -0.0308706 0.971842 -0.0154913 0.99947 -0.0286164 -0.0963553 0.0304362 0.0290779 0.999114 -0.215033
300 309 85 0.999341 0.00733951 -0.035543 0.954744 -0.00832991 0.999579 -0.0277976 -0.118764 0.035324 0.0280754 0.998981 -0.27269
300 310 83 0.998572 -0.00494433 -0.0531959 0.959223 0.00341786 0.999581 -0.0287481 -0.115178 0.0533158 0.0285252 0.99817 -0.25812
300 311 131 0.999918 -0.0050704 0.0117828 -0.919168 0.00549076 0.99934 -0.0359217 0.130994 -0.0115929 0.0359834 0.999285 -0.371445
300 312 68 0.998096 -0.00146005 -0.0616546 0.970323 -0.000351913 0.999569 -0.0293678 -0.0798248 0.0616709 0.0293336 0.997665 -0.228257
300 313 59 0.998329 -0.00541347 -0.0575343 0.951616 0.00314148 0.999214 -0.0395067 -0.0605394 0.0577029 0.0392599 0.997562 -0.301267
300 314 87 0.995247 -0.00494079 -0.0972538 0.944988 0.00123276 0.999271 -0.0381506 -0.0729719 0.0973714 0.0378494 0.994528 -0.318863
315 316 217 0.999802 -0.00647336 0.01882 -0.948095 0.00650785 0.999977 -0.00177226 -0.0436743 -0.0188081 0.00189439 0.999821 0.314974
315 317 16 0.99979 -0.00535203 -0.0197743 0.920962 0.00518196 0.999949 -0.00864188 -0.149621 0.0198195 0.0085376 0.999767 0.35978
315 318 135 0.999599 -0.00364115 -0.0280819 0.954937 0.00339744 0.999956 -0.00872158 -0.260094 0.0281125 0.00862267 0.999568 -0.142991
315 319 15 0.999728 -0.00656878 -0.0224004 0.938151 0.0062854 0.9999 -0.0126978 -0.130926 0.0224815 0.0125535 0.999668 -0.320518
315 320 136 0.999311 -0.011076 -0.0354216 0.913003 0.0105821 0.999845 -0.0141006 -0.153612 0.0355722 0.0137161 0.999273 -0.377928
315 321 143 0.998801 -0.00521633 -0.0486724 0.958931 0.00447669 0.999873 -0.0152929 -0.086727 0.048746 0.0150567 0.998698 -0.270054
315 322 99 0.998752 -0.00662197 -0.0495018 0.983163 0.0057177 0.999815 -0.0183868 -0.0803817 0.0496144 0.0180808 0.998605 -0.164102
315 323 127 0.998239 -0.0049278 -0.0591104 0.962654 0.00379734 0.999808 -0.0192216 -0.0760582 0.0591938 0.0189633 0.998066 -0.259832
315 324 130 0.997495 -0.0118493 -0.0697368 0.920534 0.0107459 0.999811 -0.0161755 -0.0979342 0.0699153 0.0153856 0.997434 -0.378188
315 325 137 0.996699 -0.0101917 -0.0805477 0.950803 0.00893167 0.999832 -0.0159884 -0.0769904 0.0806971 0.0152162 0.996623 -0.300077
315 326 252 0.995678 -0.00107773 -0.0928671 0.96029 -0.000320243 0.999887 -0.0150372 -0.0476345 0.0928728 0.015002 0.995565 -0.274907
315 327 129 0.995743 -0.00524879 -0.0920235 0.953043 0.00415996 0.999919 -0.0120199 -0.0747245 0.0920791 0.0115859 0.995684 -0.29347
315 328 132 0.9948 0.00652099 -0.10164 0.971661 -0.00804007 0.999862 -0.0145432 -0.0690051 0.101531 0.0152848 0.994715 -0.226084
315 329 90 0.994691 0.0141202 -0.101937 0.977404 -0.0160216 0.999712 -0.017858 -0.0645381 0.101656 0.0193964 0.994631 -0.201286
330 331 10 0.999969 -0.00575598 -0.00537976 -0.792533 0.00576577 0.999982 0.0018064 0.00595422 0.00536927 -0.00183736 0.999984 0.6098
330 332 119 0.999882 -0.00698578 -0.0136514 0.987399 0.00703373 0.999969 0.00346786 -0.0837583 0.0136268 -0.00356348 0.999901 -0.134267
330 333 83 0.999919 -0.00867467 -0.00931441 0.994416 0.00865362 0.99996 -0.00229728 -0.101919 0.00933397 0.0022165 0.999954 -0.0273647
330 334 90 0.999637 -0.00281528 -0.0268029 0.99566 0.00265813 0.999979 -0.00589684 -0.0894199 0.026819 0.00582345 0.999623 -0.0257797
330 335 71 0.999786 -0.0033304 -0.0204135 0.966745 0.00315643 0.999958 -0.00854855 -0.068988 0.0204411 0.00848229 0.999755 -0.246261
