0 1 26 0.999828 0.00697832 -0.0171779 0.870641 -0.00703108 0.999971 -0.00301328 0.294611 0.0171564 0.00313355 0.999848 -0.39394
0 2 180 0.999663 0.0135584 -0.0221196 0.788719 -0.0135646 0.999908 -0.000133851 0.223417 0.0221158 0.000433851 0.999755 -0.572719
0 3 247 0.998587 0.0181099 -0.0499682 0.852234 -0.0182537 0.99983 -0.00242225 0.241923 0.0499159 0.00333093 0.998748 -0.463866
0 4 265 0.997372 0.0159299 -0.0706745 0.876356 -0.0160504 0.999871 -0.00113756 0.263058 0.0706473 0.00226892 0.997499 -0.403485
0 5 213 0.996571 0.0174507 -0.0808775 0.893055 -0.0171637 0.999844 0.00424289 0.19946 0.0809389 -0.00284018 0.996715 -0.403321
0 6 175 0.99647 0.0230477 -0.0807244 0.828716 -0.0227663 0.999731 0.0044057 0.229176 0.0808042 -0.00255235 0.996727 -0.510596
0 7 194 0.990754 0.0288341 -0.132575 0.914508 -0.0281175 0.999578 0.00727434 0.173076 0.132729 -0.0034794 0.991146 -0.365678
0 8 176 0.992371 0.0294102 -0.119727 0.857776 -0.0281773 0.999531 0.0119778 0.187415 0.120023 -0.00851281 0.992735 -0.47864
0 9 120 0.992653 0.0380256 -0.114867 0.829424 -0.0368998 0.999248 0.0119125 0.224856 0.115234 -0.00758642 0.993309 -0.511366
0 10 177 0.989357 0.0315277 -0.142055 0.891668 -0.0296459 0.999443 0.0153446 0.20241 0.142459 -0.0109699 0.98974 -0.404917
0 11 123 0.989138 0.0441405 -0.140209 0.873444 -0.0425876 0.998994 0.014058 0.212551 0.140688 -0.00793418 0.990022 -0.438084
0 12 94 0.985904 0.0463136 -0.160775 0.874606 -0.0453539 0.998925 0.00963558 0.210932 0.161048 -0.00220798 0.986944 -0.436545
0 13 110 0.975598 0.0605063 -0.211064 0.923866 -0.0590088 0.998168 0.013392 0.177267 0.211487 -0.000610602 0.977381 -0.339188
0 14 83 0.979751 0.064025 -0.189709 0.889907 -0.0621311 0.997941 0.0159203 0.208048 0.190338 -0.00381108 0.981711 -0.405934
15 16 71 0.99993 0.000733525 0.0118127 -0.612717 -0.000704765 0.999997 -0.00243871 -0.144535 -0.0118144 0.00243021 0.999927 -0.776974
15 17 178 0.999902 0.0054034 -0.012881 0.687598 -0.00545122 0.999978 -0.00368023 0.161553 0.0128608 0.00375008 0.99991 -0.707891
15 18 204 0.99891 -0.00189107 -0.0466383 0.817705 0.00130084 0.999919 -0.0126825 0.315481 0.0466585 0.012608 0.998831 -0.481487
15 19 187 0.999476 0.00504339 -0.0319831 0.802522 -0.00489702 0.999977 0.00465319 0.193028 0.0320058 -0.00449413 0.999478 -0.564534
15 20 161 0.994975 -0.000559024 -0.100127 0.888075 -0.00141181 0.999807 -0.0196114 0.300907 0.100118 0.0196542 0.994781 -0.347531
15 21 156 0.9943 0.00977287 -0.106167 0.929712 -0.00874227 0.99991 0.0101684 0.115 0.106257 -0.00918235 0.994296 -0.349873
15 22 146 0.994731 0.0170029 -0.101097 0.928795 -0.0169835 0.999855 0.00105289 0.197634 0.1011 0.00066964 0.994876 -0.313498
15 23 134 0.98724 0.016997 -0.158329 0.941447 -0.0199176 0.999659 -0.0168778 0.20077 0.157988 0.019816 0.987242 -0.270867
15 24 125 0.985958 0.0226681 -0.165446 0.942114 -0.02566 0.999543 -0.015969 0.177029 0.165009 0.0199901 0.986089 -0.28475
15 25 109 0.991139 0.0412954 -0.126247 0.922536 -0.0411928 0.999145 0.00342449 0.0678855 0.126281 0.00180634 0.991993 -0.379892
15 26 102 0.986113 0.0369433 -0.161915 0.921003 -0.0411628 0.998893 -0.022782 0.168255 0.160894 0.0291305 0.986542 -0.351345
15 27 96 0.973807 0.0384492 -0.224102 0.957494 -0.047382 0.998277 -0.0346179 0.139227 0.222385 0.0443296 0.973951 -0.252629
15 28 95 0.952006 0.0425292 -0.303109 0.985333 -0.0537396 0.998141 -0.0287367 0.059157 0.301324 0.0436465 0.952522 -0.160063
15 29 61 0.951906 0.0475049 -0.302686 0.981149 -0.0654033 0.996642 -0.0492668 0.0999696 0.299329 0.066694 0.951816 -0.165387
30 31 223 0.999562 -0.00243911 -0.0294776 0.969141 0.00243045 0.999997 -0.000329745 0.213975 0.0294783 0.000257957 0.999565 -0.122392
30 32 227 0.999491 -0.00444736 -0.0315808 0.991054 0.00481439 0.999922 0.0115554 -0.054109 0.0315269 -0.0117016 0.999434 0.122002
30 33 168 0.991967 0.0114526 -0.125981 0.964876 -0.00596403 0.99902 0.0438579 -0.249042 0.12636 -0.0427543 0.991063 0.0836177
30 34 105 0.998799 0.0165684 -0.0461054 0.971901 -0.0164331 0.999859 0.00331088 0.0468686 0.0461538 -0.00254925 0.998931 0.230676
30 35 57 0.993111 0.0772977 0.0880654 -0.78585 -0.0791653 0.996701 0.0179096 0.0463802 -0.0863905 -0.0247579 0.995954 0.616676
30 36 26 0.996075 0.0683332 0.0562529 0.760675 -0.0700743 0.997103 0.0295802 0.00712956 -0.0540686 -0.033406 0.997978 -0.649093
30 37 50 0.938716 0.123396 0.321846 -0.849482 -0.126097 0.991939 -0.0125252 0.21632 -0.320797 -0.0288263 0.946709 0.481234
30 38 32 0.989924 0.0920267 0.107617 -0.446378 -0.0972882 0.994252 0.044697 0.107466 -0.102885 -0.0547165 0.993187 0.888368
30 39 72 0.995777 0.0555981 -0.0730514 0.984074 -0.0527219 0.997778 0.0407292 0.0637315 0.0751536 -0.0367058 0.996496 0.165943
30 40 57 0.98843 0.0565916 -0.140724 0.979301 -0.0529336 0.998159 0.0296055 0.0856048 0.142141 -0.021814 0.989606 0.183418
30 41 63 0.984438 0.107941 -0.138677 0.97297 -0.0954273 0.990994 0.0939341 -0.190181 0.147568 -0.0792386 0.985873 0.130998
30 42 64 0.966491 0.065704 -0.248149 0.985093 -0.0582461 0.997606 0.0372856 -0.00139709 0.250005 -0.0215825 0.968004 0.17202
30 43 52 0.987451 0.0691547 -0.141981 0.983459 -0.0651493 0.99734 0.032674 0.0139359 0.143863 -0.023014 0.98933 0.180591
30 44 55 0.973262 0.067391 -0.219591 0.990374 -0.0633439 0.997668 0.0254275 0.0178796 0.220792 -0.0108378 0.975261 0.137258
45 46 0 1 0 0 0 0 1 0 0 0 0 1 0
45 47 194 0.998936 0.013198 -0.0441905 0.993389 -0.0128289 0.999881 0.00862542 -0.0597641 0.044299 -0.00804933 0.998986 -0.0980173
45 48 23 0.999638 0.0254786 -0.00866504 0.705887 -0.0254031 0.999639 0.00871073 0.0243847 0.00888385 -0.00848746 0.999925 0.707904
45 49 163 0.997251 0.0224015 -0.0706252 0.98106 -0.0221816 0.999746 0.00389698 0.0613268 0.0706946 -0.00231969 0.997495 -0.183739
45 50 129 0.995775 0.0288831 -0.08717 0.979722 -0.0285084 0.999578 0.00554069 0.0965565 0.0872933 -0.00303221 0.996178 -0.175561
45 51 26 0.999747 0.018437 0.0128955 -0.628696 -0.0187343 0.999552 0.02333 -0.269607 -0.0124596 -0.0235657 0.999645 0.72942
45 52 77 0.991352 0.0283527 -0.128127 0.980609 -0.0265982 0.999528 0.0153843 0.10846 0.128503 -0.0118433 0.991638 -0.163223
45 53 58 0.980069 0.0539629 -0.191185 0.991155 -0.0467682 0.998025 0.0419503 0.0270112 0.193071 -0.0321728 0.980657 -0.129932
45 54 50 0.992533 0.0656254 -0.102821 0.994569 -0.0601245 0.996635 0.0557185 0.0408588 0.106132 -0.0491204 0.993138 -0.0957251
45 55 21 0.994393 0.0783284 0.071048 -0.893641 -0.0809011 0.996139 0.034083 0.201708 -0.068104 -0.0396398 0.99689 -0.400899
45 56 32 0.914387 0.401681 -0.0504893 0.0444031 0.268388 -0.508085 0.818424 -0.369488 0.303093 -0.761907 -0.572393 0.928174
45 57 26 0.941847 0.131762 -0.309134 0.997632 -0.119507 0.991118 0.0583402 -0.0510743 0.314075 -0.0180039 0.949227 0.046071
45 58 14 0.992763 -0.0527153 0.107905 -0.233304 0.0468543 0.997322 0.0561514 -0.211388 -0.110576 -0.0506892 0.992574 0.949149
45 59 23 0.994754 0.100431 -0.0194396 0.910821 -0.0995219 0.994099 0.0431481 0.124766 0.0236583 -0.0409871 0.99888 -0.393494
60 61 186 0.99748 0.00163151 0.0709309 -0.726023 -0.00483431 0.998975 0.0450056 -0.54435 -0.0707847 -0.0452351 0.996465 0.420206
60 62 105 0.999448 0.0311032 -0.0116799 0.702613 -0.0311116 0.999516 -0.000538012 0.00692188 0.0116575 0.000901096 0.999932 0.711539
60 63 100 0.999285 0.0262229 -0.0272522 0.94783 -0.0263729 0.999639 -0.00515926 0.0348697 0.027107 0.00587429 0.999615 0.316864
60 64 92 0.998925 0.0344898 -0.0309874 0.941036 -0.0345814 0.999399 -0.00242411 -0.026145 0.0308852 0.00349309 0.999517 0.337293
60 65 116 0.997807 0.0275589 -0.0601856 0.897471 -0.0284498 0.999497 -0.0139964 0.120446 0.0597696 0.0156779 0.998089 0.424309
60 66 79 0.997423 0.0281429 -0.065996 0.931405 -0.0288351 0.999538 -0.00955977 0.0137636 0.0656965 0.0114381 0.997774 0.363725
60 67 65 0.997029 0.0281522 -0.0716951 0.844159 -0.0290232 0.999517 -0.0111365 0.00392028 0.0713469 0.0131843 0.997364 0.536078
60 68 89 0.995492 0.02066 -0.0925652 0.855458 -0.0214623 0.99974 -0.00767986 -0.0392714 0.0923824 0.00963191 0.995677 0.51638
60 69 67 0.995584 0.0317453 -0.0883477 0.944364 -0.0325872 0.999436 -0.00810334 -0.122731 0.0880406 0.0109466 0.996057 0.305145
60 70 52 0.995465 0.0259701 -0.0915169 0.863871 -0.0267585 0.999615 -0.00739821 -0.092996 0.0912895 0.00981351 0.995776 0.495055
60 71 48 0.994278 0.0323113 -0.101824 0.731888 -0.033402 0.999401 -0.00902452 -0.00342266 0.101471 0.012374 0.994762 0.681416
60 72 55 0.972226 0.0242943 -0.232779 0.893981 -0.0151578 0.999046 0.0409588 -0.219964 0.233552 -0.0362928 0.971667 0.390402
60 73 50 0.983318 0.0843133 0.161175 -0.82247 -0.0734829 0.994692 -0.0720255 0.250823 -0.166392 0.0589804 0.984294 0.51052
60 74 55 0.979919 0.0659318 -0.188178 0.835862 -0.0694251 0.997515 -0.0120263 -0.042483 0.186917 0.0248491 0.982061 0.547293
75 76 0 1 0 0 0 0 1 0 0 0 0 1 0
75 77 133 0.999469 0.0124368 -0.0301084 0.814748 -0.0125315 0.999917 -0.00296068 -0.297721 0.0300691 0.00333641 0.999542 0.497541
75 78 105 0.999446 0.0139437 -0.0302218 0.83852 -0.014362 0.999803 -0.0136685 -0.330941 0.0300253 0.014095 0.99945 0.432853
75 79 97 0.999561 0.0180171 -0.0235176 0.726358 -0.0184966 0.999622 -0.0203361 -0.284118 0.0231423 0.0207622 0.999517 0.625844
75 80 143 0.998094 0.0243749 -0.056703 0.871488 -0.0252211 0.99958 -0.0142559 -0.355593 0.0563317 0.0156588 0.998289 0.33773
75 81 95 0.999027 0.0232454 -0.0374703 0.788617 -0.024253 0.99935 -0.0266641 -0.370393 0.0368262 0.027547 0.998942 0.490808
75 82 89 0.997967 0.0309982 -0.0556842 0.83982 -0.0324986 0.999127 -0.026245 -0.372106 0.054822 0.0280013 0.998103 0.395271
75 83 77 0.999322 0.0193118 -0.0313578 0.763697 -0.0204985 0.999069 -0.0379724 -0.364742 0.0305953 0.0385894 0.998787 0.532663
75 84 95 0.996794 0.0308674 -0.0738137 0.849018 -0.0331637 0.998997 -0.0300893 -0.383968 0.0728109 0.0324408 0.996818 0.362956
75 85 91 0.992387 0.0330798 -0.118634 0.879755 -0.0360254 0.999091 -0.0227708 -0.360711 0.117773 0.0268713 0.992677 0.309706
75 86 62 0.99657 0.0278686 -0.0779182 0.818045 -0.0313827 0.998528 -0.0442448 -0.31743 0.0765704 0.0465383 0.995977 0.479625
75 87 77 0.984689 0.0381781 -0.170088 0.886408 -0.0393112 0.999222 -0.00329779 -0.400963 0.169829 0.00993364 0.985423 0.231323
75 88 66 0.995857 0.0432897 -0.0799672 0.821241 -0.0477577 0.997353 -0.0548322 -0.340286 0.0773819 0.0584241 0.995288 0.458005
75 89 78 0.992355 0.0434999 -0.115495 0.905309 -0.0487687 0.997876 -0.0431917 -0.366689 0.113371 0.0484941 0.992369 0.214371
90 91 0 1 0 0 0 0 1 0 0 0 0 1 0
90 92 17 0.999831 0.0144349 -0.0113959 0.749293 -0.0143524 0.99987 0.00728967 -0.00280228 0.0114997 -0.00712488 0.999908 0.662232
90 93 51 0.999719 0.0213737 -0.0102283 0.7558 -0.0212227 0.999667 0.0146533 -0.127293 0.0105381 -0.0144321 0.99984 0.642311
90 94 139 0.995673 0.0332639 -0.0867707 0.976728 -0.0333719 0.999443 0.000205579 0.201357 0.0867292 0.00269102 0.996228 0.0738785
90 95 24 0.999545 0.0250429 -0.016811 0.994867 -0.0245633 0.999302 0.0281558 0.084446 0.0175044 -0.0277301 0.999462 0.0557579
90 96 93 0.996718 0.0500892 -0.0636022 0.998243 -0.0476614 0.998097 0.0391316 0.0525104 0.0654412 -0.0359718 0.997208 -0.0274547
90 97 10 0.9988 0.0489428 -0.00162451 -0.965203 -0.0487892 0.997416 0.0527356 -0.0942097 0.00420134 -0.0525931 0.998607 -0.243942
90 98 31 0.99878 0.0478268 0.0122609 -0.0291159 -0.0485537 0.996494 0.0681277 0.118202 -0.00895963 -0.0686399 0.997601 -0.992563
90 99 48 0.996919 0.0757007 0.0205433 0.033353 -0.0774435 0.991501 0.10454 -0.0883034 -0.012455 -0.105809 0.994308 0.995535
90 100 58 0.985098 0.0950609 -0.14334 0.986308 -0.0836792 0.992992 0.0834559 0.160823 0.150269 -0.0702177 0.986148 0.0365125
90 101 21 0.987666 0.154441 0.0257696 -0.148875 -0.15642 0.980569 0.118391 -0.249548 -0.00698442 -0.120962 0.992633 -0.95685
90 102 27 0.993994 0.107562 0.0201761 -0.0484828 -0.109272 0.985623 0.128865 0.00808156 -0.00602514 -0.130295 0.991457 -0.998791
90 103 11 0.990351 0.138046 0.0122115 -0.809583 -0.138361 0.979885 0.143815 -0.238026 0.00788717 -0.144117 0.989529 -0.536581
90 104 14 0.998605 0.0526061 0.00462664 -0.335167 -0.0527085 0.987465 0.148777 -0.0101639 0.00325792 -0.148813 0.98886 -0.942104
105 106 0 1 0 0 0 0 1 0 0 0 0 1 0
105 107 181 0.99855 0.0303318 -0.0444731 0.907565 -0.03029 0.99954 0.00161223 0.24937 0.0445015 -0.000262803 0.999009 -0.337846
105 108 64 0.999668 0.0225058 -0.0125136 -0.892231 -0.0223046 0.999623 0.0159868 -0.189975 0.0128687 -0.0157024 0.999794 -0.409674
105 109 137 0.999446 0.029728 0.0149972 -0.910088 -0.0301453 0.999142 0.0284071 -0.220421 -0.0141399 -0.0288435 0.999484 -0.350935
105 110 93 0.999466 0.0326782 -0.000413163 -0.863677 -0.032628 0.998488 0.0442407 -0.327133 0.00185825 -0.0442036 0.999021 -0.383466
105 111 123 0.999552 0.0298679 -0.00179975 -0.882535 -0.029735 0.99822 0.0516948 -0.235455 0.00334056 -0.0516181 0.998661 -0.407054
105 112 76 0.996217 0.0333159 -0.0802573 0.860813 -0.0309456 0.999053 0.0305991 0.20825 0.0812007 -0.0279997 0.996304 -0.464362
105 113 67 0.996553 0.027946 -0.0781073 0.972417 -0.02574 0.999245 0.0291088 0.212078 0.0788618 -0.026998 0.99652 -0.0970957
105 114 70 0.994285 0.0281226 -0.102986 0.97613 -0.0261633 0.999451 0.020326 0.202145 0.103501 -0.0175153 0.994475 -0.0794215
105 115 33 0.999191 0.0210892 -0.0342341 0.931932 -0.0199532 0.99925 0.0331922 0.109331 0.0349084 -0.0324823 0.998863 0.345759
105 116 97 0.984637 0.00326586 -0.174585 0.994508 -0.00114819 0.999925 0.0122293 0.104659 0.174612 -0.011841 0.984566 0.000407914
105 117 46 0.992493 0.0202658 -0.12061 0.984399 -0.0186689 0.999723 0.0143562 0.148083 0.120868 -0.0119967 0.992596 -0.0950297
105 118 33 0.990447 0.0237947 -0.135826 0.986659 -0.0217596 0.999628 0.0164488 0.146503 0.136167 -0.0133361 0.990596 0.0709987
105 119 17 0.995153 0.019404 -0.0964096 0.993443 -0.0178592 0.999698 0.0168609 0.0677507 0.0967077 -0.0150573 0.995199 0.092087
120 121 221 0.999769 0.00656339 -0.0204794 0.999344 -0.00655471 0.999978 0.000491092 -0.00359601 0.0204822 -0.000356742 0.99979 -0.0360356
120 122 17 0.999828 0.00144675 0.0184835 0.855821 -0.00146773 0.999998 0.00112124 -0.156887 -0.0184818 -0.00114817 0.999829 0.492906
120 123 59 0.999865 -0.00795641 0.0144064 0.964151 0.00793004 0.999967 0.0018865 -0.210844 -0.0144209 -0.001772 0.999894 -0.161116
120 124 66 0.999943 -0.00908044 0.00555831 0.913313 0.00905059 0.999945 0.00537202 -0.193657 -0.00560678 -0.00532141 0.99997 0.358268
120 125 67 0.999979 -0.00182161 -0.0061436 0.928582 0.00187724 0.999957 0.00906071 -0.287808 0.00612683 -0.00907206 0.99994 -0.234311
120 126 129 0.999449 -0.0112064 0.0312543 -0.92896 0.0115728 0.999866 -0.0115655 0.330895 -0.0311205 0.0119209 0.999445 0.165956
120 127 43 0.999982 0.00569199 -0.00205585 0.939916 -0.00570093 0.999974 -0.00437008 -0.329553 0.00203092 0.00438172 0.999988 -0.0891786
120 128 178 0.999332 0.0142154 -0.0336748 0.942912 -0.0138993 0.999857 0.00960271 -0.333032 0.0338065 -0.00912824 0.999387 0.00242282
120 129 30 0.999913 -0.0129763 -0.00217233 0.400084 0.012963 0.999898 -0.00604028 -0.515631 0.00225049 0.00601159 0.999979 -0.757666
120 130 105 0.999107 0.00492051 -0.0419702 0.909142 -0.0044994 0.999939 0.0101221 -0.275565 0.0420174 -0.00992421 0.999068 0.312291
120 131 150 0.997635 0.0109603 -0.0678502 0.949883 -0.0101771 0.999878 0.011878 -0.267359 0.067972 -0.0111594 0.997625 0.161994
120 132 132 0.998898 0.00218835 -0.0468739 0.955961 -0.00202617 0.999992 0.00350708 -0.254996 0.0468811 -0.00340824 0.998895 0.145315
120 133 88 0.998607 0.00240587 -0.0527133 0.954031 -0.00203378 0.999973 0.00711115 -0.251003 0.0527289 -0.00699403 0.998584 0.163778
120 134 76 0.995972 0.00789275 -0.0893154 0.96304 -0.00645356 0.999845 0.016391 -0.231263 0.0894309 -0.0157486 0.995869 0.138103
135 136 14 0.999827 0.00377878 -0.0181982 0.850468 -0.00371403 0.999987 0.00359043 0.321084 0.0182115 -0.00352222 0.999828 -0.416665
135 137 36 0.999951 0.00404537 -0.00904812 -0.844204 -0.00390994 0.999881 0.0149355 -0.0392701 0.00910746 -0.0148993 0.999848 -0.534581
135 138 209 0.997132 0.0163859 -0.0738892 0.960918 -0.0148478 0.999662 0.0213175 0.174112 0.0742136 -0.0201593 0.997039 -0.215226
135 139 118 0.999874 0.00527702 -0.0149579 -0.963939 -0.00472284 0.99931 0.036846 -0.0778718 0.015142 -0.0367707 0.999209 -0.254474
135 140 77 0.99648 0.0223006 -0.0808069 0.942249 -0.0195065 0.99919 0.0352036 0.15626 0.0815265 -0.0335035 0.996108 -0.296225
135 141 61 0.995288 0.028826 -0.0925802 0.928964 -0.02525 0.998898 0.0395682 0.170511 0.0936188 -0.0370441 0.994919 -0.328561
135 142 62 0.993832 0.0339492 -0.105568 0.919444 -0.0290601 0.998448 0.0475108 0.169367 0.107018 -0.0441499 0.993276 -0.354877
135 143 71 0.992483 0.0394224 -0.115855 0.81348 -0.0331835 0.997918 0.0552954 0.211328 0.117794 -0.0510353 0.991726 -0.54184
135 144 131 0.988875 0.0453608 -0.141666 0.954035 -0.0372697 0.997547 0.0592557 0.125743 0.144006 -0.0533166 0.988139 -0.272042
135 145 47 0.990549 0.0504136 -0.127557 0.4726 -0.0424344 0.997014 0.0645177 0.0529929 0.130428 -0.0584952 0.989731 -0.879683
135 146 36 0.988103 0.0704535 -0.136706 0.874526 -0.0617795 0.995859 0.0666929 0.144483 0.140838 -0.0574539 0.988364 -0.462956
135 147 33 0.985518 0.0804097 -0.14929 0.929633 -0.0713654 0.995331 0.0649898 0.151267 0.153819 -0.0533945 0.986655 -0.336006
135 148 28 0.984827 0.0830304 -0.152386 0.82957 -0.0738476 0.995151 0.064971 0.0595342 0.157042 -0.0527318 0.986183 -0.55522
135 149 55 0.979841 0.100124 -0.172881 0.960855 -0.091101 0.99407 0.0593821 0.203104 0.177801 -0.0424354 0.983151 -0.188433
150 151 13 0.999953 -0.0021356 -0.00945209 -0.71634 0.00219856 0.999975 0.00665557 -0.172169 0.00943764 -0.00667604 0.999933 0.676176
150 152 0 1 0 0 0 0 1 0 0 0 0 1 0
150 153 26 0.999248 -0.000353635 -0.038775 0.712434 0.000297015 0.999999 -0.00146597 0.204584 0.0387755 0.00145335 0.999247 -0.671255
150 154 131 0.999777 -0.01859 -0.0100223 -0.975601 0.018438 0.999717 -0.015051 0.169825 0.0102993 0.0148629 0.999836 -0.139147
150 155 51 0.997715 -0.0172932 -0.0653152 0.729147 0.016041 0.999678 -0.019647 0.00961644 0.065634 0.0185544 0.997671 -0.684289
150 156 62 0.995986 -0.0151198 -0.0882273 0.985474 0.0136534 0.999759 -0.0171996 0.127771 0.088466 0.015926 0.995952 -0.111873
150 157 81 0.998499 -0.0282183 -0.0469335 -0.99001 0.0276385 0.999534 -0.012957 -0.0541237 0.0472773 0.0116404 0.998814 -0.130197
150 158 105 0.990619 -0.0153358 -0.135792 0.82675 0.0139187 0.999838 -0.0113793 -0.0129112 0.135945 0.00938247 0.990672 -0.562421
150 159 39 0.990358 -0.0102144 -0.138152 0.882302 0.00916941 0.999924 -0.00819829 0.0668501 0.138225 0.00685247 0.990377 -0.465912
150 160 40 0.992331 -0.0136951 -0.122844 -0.975512 0.0127651 0.999884 -0.00835404 -0.0719667 0.122944 0.00672186 0.992391 0.207837
150 161 34 0.987248 -0.00346139 -0.159151 0.857562 0.00231598 0.99997 -0.00738188 0.0803666 0.159172 0.00691915 0.987227 -0.508063
150 162 68 0.995069 -0.0134322 -0.0982721 -0.919707 0.0142036 0.999874 0.00715406 -0.0850406 0.0981635 -0.0085146 0.995134 -0.383285
150 163 111 0.976219 0.0128852 -0.216403 0.972986 -0.0141661 0.99989 -0.00436891 0.169411 0.216323 0.00733059 0.976294 -0.156838
150 164 86 0.977303 0.010151 -0.211603 0.954791 -0.00857076 0.999928 0.00838388 0.110799 0.211673 -0.00638 0.97732 -0.275857
165 166 0 1 0 0 0 0 1 0 0 0 0 1 0
165 167 204 0.998173 0.0193277 -0.0572491 0.971857 -0.0183401 0.999675 0.017727 -0.132513 0.0575731 -0.0166446 0.998203 -0.194768
165 168 212 0.997853 0.0268099 -0.0597543 0.984983 -0.0257269 0.999492 0.0188214 -0.109977 0.0602285 -0.0172437 0.998036 0.133094
165 169 83 0.998019 0.0293421 -0.0556592 0.962054 -0.0285987 0.999491 0.0141056 -0.0725028 0.0560447 -0.0124859 0.99835 0.263049
165 170 127 0.998748 0.0336596 -0.0370105 -0.938216 -0.0331827 0.999359 0.013426 0.108857 0.0374386 -0.012181 0.999225 -0.328483
165 171 110 0.998433 0.0318748 -0.0459943 -0.899321 -0.0309632 0.999312 0.020398 0.131251 0.0466129 -0.0189419 0.998733 -0.417127
165 172 129 0.992314 0.0433928 -0.115892 0.973017 -0.0396578 0.998623 0.0343437 -0.152222 0.117223 -0.0294837 0.992668 0.173395
165 173 106 0.990193 0.0621588 -0.125113 0.899105 -0.0594471 0.997911 0.0252952 -0.00343349 0.126424 -0.0176096 0.99182 0.437719
165 174 82 0.987778 0.0717501 -0.138369 0.849786 -0.069279 0.997341 0.0225992 -0.0474701 0.139623 -0.0127369 0.990123 0.524986
165 175 81 0.983864 0.0751958 -0.162347 0.800702 -0.0731293 0.997148 0.0186761 -0.0989545 0.163289 -0.00650243 0.986557 0.590833
165 176 54 0.985431 0.090474 -0.144011 0.714086 -0.0898716 0.995896 0.0106959 0.0451494 0.144388 0.00240248 0.989518 0.6986
165 177 48 0.986079 0.0837264 -0.143662 0.70372 -0.0838306 0.996466 0.00533854 -0.00213395 0.143602 0.00677907 0.989612 0.710474
165 178 29 0.986276 0.0882831 -0.139516 0.274872 -0.0878256 0.996091 0.00944444 -0.0228793 0.139805 0.00293827 0.990175 0.961208
165 179 77 0.980028 0.0841513 -0.180175 0.833335 -0.0815537 0.996431 0.0217896 -0.201338 0.181366 -0.00666049 0.983393 0.514798
180 181 0 1 0 0 0 0 1 0 0 0 0 1 0
180 182 92 0.999626 0.00782378 -0.0262185 0.982515 -0.00757001 0.999924 0.00976432 -0.183634 0.0262929 -0.00956219 0.999609 0.0307214
180 183 52 0.999861 0.00114247 -0.0166373 0.961354 -0.00103693 0.999979 0.00635069 -0.219159 0.0166442 -0.00633255 0.999841 0.166634
180 184 62 0.998878 0.00765622 -0.0467378 0.970951 -0.00718787 0.999922 0.0101808 -0.232133 0.0468121 -0.00983344 0.998855 0.0580331
180 185 116 0.998477 0.0091296 -0.0544052 0.967902 -0.00899446 0.999956 0.0027284 -0.0974277 0.0544277 -0.0022349 0.998515 0.231676
180 186 56 0.99869 0.00145293 -0.0511558 0.922003 -0.00120798 0.999988 0.00481883 -0.0667723 0.0511622 -0.00475072 0.998679 0.381381
180 187 51 0.99923 0.00659414 -0.0386889 -0.847604 -0.00641266 0.999968 0.004813 0.0920138 0.0387194 -0.00456119 0.99924 -0.52259
180 188 39 0.997207 0.0109894 -0.073879 0.978222 -0.0105143 0.999921 0.00681769 -0.123552 0.0739481 -0.00602187 0.997244 0.166784
180 189 72 0.995529 0.0201311 -0.0922836 0.97948 -0.0186595 0.999685 0.0167823 -0.195745 0.0925924 -0.0149853 0.995591 -0.047997
180 190 38 0.995607 0.0162443 -0.0922119 0.787548 -0.0143388 0.999671 0.0212898 -0.0365614 0.0925273 -0.0198741 0.995512 0.615167
180 191 64 0.988723 0.0249893 -0.147655 0.953682 -0.021458 0.999445 0.0254613 -0.0482601 0.148209 -0.0220058 0.988711 0.296919
180 192 43 0.988473 0.0339797 -0.147538 0.979173 -0.0293322 0.999006 0.033563 -0.1966 0.148532 -0.0288485 0.988487 0.0506886
180 193 49 0.981711 0.0348812 -0.187152 0.991575 -0.0299918 0.999132 0.0288945 -0.114226 0.187998 -0.022753 0.981906 0.0610787
180 194 43 0.987547 0.0442017 -0.150989 0.980708 -0.0405094 0.998802 0.0274452 -0.16136 0.152021 -0.0209869 0.988154 0.110338
195 196 0 1 0 0 0 0 1 0 0 0 0 1 0
195 197 65 0.99977 0.00967528 -0.0191303 0.981671 -0.00962774 0.99995 0.00257542 -0.0358969 0.0191543 -0.00239064 0.999814 -0.187174
195 198 133 0.998689 0.0193943 -0.0473802 0.967137 -0.0188858 0.999759 0.0111566 -0.145913 0.0475852 -0.0102472 0.998815 -0.208221
195 199 119 0.998226 0.0355908 -0.0477363 0.99616 -0.0353182 0.999355 0.00654245 -0.0575964 0.0479383 -0.00484488 0.998839 0.0659446
195 200 45 0.999063 0.0430842 -0.00419268 0.712355 -0.0430989 0.999065 -0.00349305 -0.0544398 0.00403826 0.00367047 0.999985 -0.699705
195 201 41 0.998415 0.0491536 -0.0273953 0.943918 -0.0493219 0.998768 -0.00550148 -0.0449311 0.0270911 0.00684395 0.99961 -0.327109
195 202 30 0.99723 0.0527674 -0.0524143 0.996518 -0.0533169 0.998536 -0.00914038 -0.0297862 0.0518552 0.0119096 0.998584 0.0778802
195 203 33 0.996749 0.0628676 -0.0503879 0.451893 -0.0634224 0.997942 -0.00948794 -0.0396617 0.0496877 0.0126528 0.998685 -0.89119
195 204 26 0.997374 0.0630348 -0.0356575 -0.85438 -0.0635106 0.997905 -0.0123687 0.04811 0.0348031 0.0146009 0.999288 0.517417
195 205 60 0.991215 0.06586 -0.1147 0.995086 -0.0668998 0.997746 -0.00523564 -0.0312735 0.114097 0.0128631 0.993386 -0.093948
195 206 23 0.993546 0.0668164 -0.0916621 0.991227 -0.0674955 0.99771 -0.00432575 0.0158768 0.0911632 0.0104846 0.995781 0.131212
195 207 21 0.993985 0.0554395 -0.0944432 0.93342 -0.0560453 0.998421 -0.00377146 -0.111523 0.094085 0.00904187 0.995523 -0.341012
195 208 29 0.994714 0.0598604 -0.0834297 -0.995904 -0.0609047 0.998093 -0.0100267 0.00283718 0.0826704 0.015055 0.996463 0.0903751
195 209 53 0.987247 0.064934 -0.145352 0.997161 -0.0661495 0.997803 -0.00353961 0.00688959 0.144803 0.0131094 0.989374 -0.0749776
210 211 31 0.999958 -0.000376615 -0.00911086 0.154258 0.000376103 1 -5.79222e-05 0.00973603 0.00911088 5.44932e-05 0.999958 0.987983
210 212 13 0.999684 -0.0150139 -0.0201544 -0.800151 0.0150219 0.999887 0.000246641 0.0604817 0.0201484 -0.000549321 0.999797 0.596741
210 213 152 0.997494 -0.00807403 -0.0702829 0.971292 0.00823454 0.999964 0.00199441 -0.0448979 0.0702642 -0.00256816 0.997525 0.233615
210 214 102 0.993949 -0.00281822 -0.109808 0.995358 0.00307724 0.999993 0.00218952 -0.0936551 0.109801 -0.00251417 0.99395 0.0221795
210 215 34 0.998967 -0.0351933 -0.0287301 -0.0573397 0.0347687 0.999281 -0.0151473 0.211475 0.0292425 0.0141328 0.999472 -0.9757
210 216 128 0.990568 -0.00545534 -0.136913 0.97708 0.00583067 0.99998 0.00234051 -0.168844 0.136897 -0.00311673 0.99058 0.129639
210 217 44 0.994004 -0.0095589 -0.108924 0.967823 0.00882357 0.999935 -0.00723088 -0.108791 0.108986 0.00622643 0.994024 0.226898
210 218 72 0.989601 0.00184154 -0.143831 0.979939 -0.00219993 0.999995 -0.00233276 -0.143933 0.143826 0.00262492 0.9896 0.137849
210 219 46 0.992189 0.0123714 -0.124131 0.986706 -0.0133344 0.999887 -0.00693009 -0.137295 0.124031 0.00853118 0.992242 0.0869568
210 220 40 0.987618 0.0146533 -0.156195 0.982567 -0.0149191 0.999889 -0.000529391 -0.144694 0.15617 0.00285312 0.987726 0.116731
210 221 31 0.986921 0.0181572 -0.160176 0.787024 -0.0176191 0.999833 0.00477934 -0.18768 0.160237 -0.00189467 0.987077 -0.587681
210 222 18 0.985352 0.0207855 -0.169259 0.816402 -0.0198733 0.999777 0.0070816 -0.126442 0.169368 -0.00361414 0.985546 -0.563471
210 223 53 0.920115 0.0738242 -0.384628 0.93449 -0.0491855 0.99608 0.0735218 -0.286764 0.388548 -0.0487304 0.920139 0.210938
210 224 70 0.977965 0.0454412 -0.203766 0.180956 -0.0463176 0.998927 0.000468556 -0.00207959 0.203568 0.00897971 0.97902 0.983489
225 226 12 0.999986 0.00256848 -0.00461245 0.619016 -0.00256733 0.999997 0.00025727 -0.197132 0.00461309 -0.000245424 0.999989 0.760236
225 227 220 0.998792 0.0112756 -0.0478342 0.984528 -0.0111944 0.999935 0.00196578 -0.164112 0.0478533 -0.00142793 0.998853 0.0614149
225 228 44 0.999685 0.00774643 -0.0238693 0.699948 -0.00777027 0.999969 -0.000906001 0.00107285 0.0238615 0.00109119 0.999715 0.714193
225 229 50 0.999679 0.0123673 -0.0221329 0.75493 -0.0123008 0.999919 0.00313835 -0.0725091 0.02217 -0.00286509 0.99975 0.651785
225 230 167 0.996004 0.0123469 -0.0884463 0.965741 -0.0111568 0.999841 0.0139367 -0.193173 0.0886043 -0.0128942 0.995983 0.173287
225 231 39 0.998943 0.00738138 -0.0453796 0.821648 -0.007295 0.999971 0.0020689 -0.126551 0.0453936 -0.00173566 0.998968 -0.555769
225 232 235 0.996953 0.0101418 -0.0773451 0.945449 -0.00971819 0.999936 0.00585092 -0.110914 0.0773995 -0.00508144 0.996987 0.306309
225 233 113 0.996517 0.00860354 -0.082946 0.986866 -0.00769755 0.999907 0.0112363 -0.154735 0.083035 -0.0105586 0.996491 -0.0464039
225 234 200 0.994663 0.00926336 -0.102762 0.921174 -0.00842531 0.999928 0.00858637 -0.0724188 0.102834 -0.00767475 0.994669 0.382353
225 235 156 0.995604 0.00545109 -0.0934989 0.908225 -0.00441556 0.999927 0.0112786 -0.0296878 0.0935535 -0.0108162 0.995555 0.417427
225 236 143 0.993933 0.0127895 -0.109242 0.93048 -0.0112284 0.999826 0.0148931 -0.084067 0.109414 -0.0135761 0.993904 0.356568
225 237 52 0.994164 0.01475 -0.10687 0.970428 -0.0129129 0.999757 0.0178618 -0.154309 0.107107 -0.0163775 0.994113 0.185628
225 238 32 0.994236 0.0223363 -0.104862 0.85861 -0.0203182 0.999588 0.0202749 -0.126096 0.105271 -0.0180274 0.99428 -0.496878
225 239 32 0.993796 0.0132098 -0.110433 0.934985 -0.0107728 0.999686 0.0226352 -0.122935 0.110698 -0.021305 0.993626 0.332701
240 241 97 0.999622 0.00254639 -0.0273777 0.993409 -0.00249677 0.999995 0.00184656 -0.0406793 0.0273823 -0.00177751 0.999623 -0.107159
240 242 23 0.999794 0.00573221 -0.0194563 0.935782 -0.00566127 0.999977 0.00369893 -0.0462562 0.019477 -0.00358802 0.999804 0.349532
240 243 27 0.999603 0.00763133 -0.027121 0.934292 -0.00748958 0.999958 0.00532435 -0.0698182 0.0271605 -0.00511912 0.999618 0.349605
240 244 72 0.997699 0.0174313 -0.0655256 0.982337 -0.0171335 0.99984 0.005103 -0.0396254 0.0656041 -0.00396857 0.997838 0.182877
240 245 169 0.995642 0.0260193 -0.0895581 0.989283 -0.025716 0.999659 0.00453823 -0.046766 0.0896456 -0.00221537 0.995971 0.138321
240 246 73 0.997929 0.0234194 -0.0599118 0.989171 -0.0231559 0.999719 0.00508844 -0.10425 0.0600142 -0.00369059 0.998191 0.103314
240 247 66 0.99455 0.027511 -0.100561 0.996318 -0.0269041 0.999611 0.00738713 -0.0828664 0.100725 -0.00464137 0.994903 0.0219729
240 248 109 0.987234 0.0416143 -0.153747 0.984702 -0.0402354 0.999117 0.0120707 -0.0812117 0.154113 -0.00573056 0.988037 0.154165
240 249 101 0.990379 0.0436429 -0.131319 0.98936 -0.0427813 0.99904 0.00937601 -0.112704 0.131602 -0.00366781 0.991296 0.0920065
240 250 28 0.991456 0.0430261 -0.123137 0.381651 -0.0431158 0.999068 0.00193691 0.0455172 0.123106 0.0033888 0.992388 0.923185
240 251 25 0.990556 0.0523714 -0.126714 0.987197 -0.053556 0.998547 -0.00595757 -0.15439 0.126218 0.0126876 0.991921 0.0400625
240 252 52 0.986343 0.0642372 -0.151659 0.985082 -0.0666443 0.997718 -0.010837 -0.155795 0.150617 0.0207962 0.988374 0.0730884
240 253 51 0.986898 0.0696331 -0.145549 0.986545 -0.0722831 0.9973 -0.0129925 -0.143587 0.144251 0.023343 0.989266 0.0781792
240 254 59 0.982822 0.0754416 -0.168431 0.970086 -0.0785133 0.996845 -0.0116432 -0.121413 0.167021 0.0246673 0.985645 0.210217
255 256 0 1 0 0 0 0 1 0 0 0 0 1 0
255 257 35 0.999998 0.00216102 -6.93914e-05 -0.732668 -0.00215961 0.999865 0.0162615 0.0490551 0.000104524 -0.0162613 0.999868 -0.678816
255 258 75 0.99946 0.00201193 -0.0328064 0.828696 -0.00142762 0.99984 0.0178244 0.133961 0.032837 -0.017768 0.999303 0.543431
255 259 57 0.99899 0.0112024 -0.0435189 0.949843 -0.0103586 0.999755 0.0195664 0.150563 0.0437275 -0.0190958 0.998861 0.274096
255 260 102 0.996803 0.00727844 -0.0795615 0.98571 -0.00539003 0.999699 0.0239242 0.151314 0.0797117 -0.0234189 0.996543 0.0740245
255 261 67 0.990874 0.010539 -0.134381 0.986469 -0.00743312 0.999694 0.0235933 0.0927895 0.134588 -0.0223791 0.990649 0.13516
255 262 47 0.997229 0.00797069 -0.0739592 0.703062 -0.00589846 0.999585 0.0281949 0.00689497 0.0741532 -0.0276805 0.996863 0.711095
255 263 95 0.993735 0.0168773 -0.11048 0.872039 -0.0147558 0.999691 0.019992 0.0716576 0.110784 -0.0182365 0.993677 0.484163
255 264 31 0.999431 -0.0102333 -0.0321504 0.0961305 0.0111385 0.999543 0.0281022 -0.0847988 0.0318481 -0.0284443 0.999088 0.99175
255 265 44 0.99401 0.00490452 -0.109176 0.894934 -0.0024963 0.999751 0.0221838 -0.0529217 0.109258 -0.0217784 0.993775 0.443049
255 266 38 0.992138 0.00785894 -0.124904 0.752552 -0.00545126 0.999793 0.0196063 -0.0458487 0.125032 -0.0187713 0.991975 0.656935
255 267 35 0.997184 0.0379642 -0.0646767 0.399821 -0.0363773 0.999012 0.0255403 -0.245859 0.0655824 -0.0231156 0.997579 0.883004
255 268 42 0.988674 0.0199112 -0.14875 0.898459 -0.0175349 0.999697 0.0172696 -0.0912704 0.149049 -0.0144657 0.988724 0.429466
255 269 57 0.984496 0.0295477 -0.1729 0.913311 -0.0260773 0.999411 0.0223093 -0.123622 0.173457 -0.0174547 0.984687 0.388048
270 271 29 0.999923 0.0111553 -0.0055127 0.0941264 -0.0111237 0.999922 0.00572831 -0.27188 0.00557617 -0.00566655 0.999968 0.957717
270 272 65 0.999391 0.00676937 -0.0342297 0.789243 -0.00657018 0.999961 0.00592826 -0.35157 0.0342685 -0.00569975 0.999396 0.503481
270 273 95 0.997031 0.0194279 -0.0745096 0.885303 -0.0180307 0.99965 0.0193791 -0.410345 0.07486 -0.0179781 0.997032 0.218761
270 274 42 0.998802 0.0334864 -0.035696 0.732001 -0.0335787 0.999434 -0.00199107 -0.226833 0.0356091 0.0031873 0.999361 0.642434
270 275 41 0.999543 0.0138223 -0.0268659 0.710802 -0.0138233 0.999904 0.000148495 -0.265001 0.0268653 0.000222947 0.999639 0.651563
270 276 73 0.99701 0.0329314 -0.0699095 0.903695 -0.0325235 0.999447 0.00696446 -0.295306 0.0701002 -0.00466993 0.997529 0.310047
270 277 64 0.997213 0.0302803 -0.0681922 0.871981 -0.0300425 0.999538 0.00450932 -0.264904 0.0682973 -0.00244808 0.997662 0.411674
270 278 35 0.998817 0.0143876 -0.0464454 0.821023 -0.0143548 0.999896 0.00104046 -0.272644 0.0464555 -0.000372514 0.99892 0.501584
270 279 53 0.997822 0.0155325 -0.0641085 0.882264 -0.0156725 0.999876 -0.00168251 -0.256375 0.0640744 0.00268359 0.997942 0.394818
270 280 59 0.991603 0.0526519 -0.118118 0.948481 -0.0516453 0.998598 0.0115687 -0.247095 0.118562 -0.00537128 0.992932 0.198313
270 281 58 0.987955 0.0448873 -0.148091 0.942884 -0.0416911 0.998827 0.0246183 -0.240548 0.149022 -0.0181476 0.988667 0.230448
270 282 38 0.996796 0.0177392 -0.0779886 0.821194 -0.0171982 0.999823 0.00760342 -0.205817 0.0781097 -0.0062378 0.996925 0.532241
270 283 24 0.997308 0.0152789 -0.0717182 0.789638 -0.0147532 0.99986 0.00785406 -0.214656 0.0718282 -0.00677484 0.997394 0.5748
270 284 53 0.990275 0.0361562 -0.13434 0.907318 -0.0340731 0.999261 0.0177738 -0.226766 0.134884 -0.0130236 0.990776 0.354051
285 286 166 0.999676 0.00681123 -0.0245109 0.987806 -0.00679025 0.999977 0.000938712 0.0250608 0.0245167 -0.000771973 0.999699 -0.153658
285 287 186 0.999565 -0.00352435 0.0292655 -0.967459 0.00348648 0.999993 0.00134505 0.105497 -0.0292701 -0.00124243 0.999571 -0.229987
285 288 62 0.99982 0.00688707 -0.0177039 0.86375 -0.00680884 0.999967 0.00447575 -0.0429 0.0177342 -0.0043544 0.999833 0.502092
285 289 24 0.99993 0.00218708 -0.0116709 0.925414 -0.00218193 0.999998 0.000453613 -0.0411494 0.0116719 -0.000428116 0.999932 -0.376716
285 290 152 0.999183 -0.0130284 0.0382556 -0.959225 0.013327 0.999883 -0.00756191 0.206713 -0.0381526 0.00806556 0.999239 -0.192762
285 291 158 0.996697 0.0177671 -0.0792366 0.989083 -0.0168696 0.999786 0.0119827 -0.146816 0.0794325 -0.0106065 0.996784 -0.0126538
285 292 63 0.999245 0.0228062 -0.0314594 0.994381 -0.0227497 0.999739 0.00215373 -0.0737095 0.0315003 -0.00143642 0.999503 -0.0759805
285 293 39 0.999024 0.0202945 -0.0392286 0.884807 -0.0199559 0.99976 0.00900266 -0.0726594 0.0394019 -0.00821103 0.99919 -0.460257
285 294 91 0.999041 0.0273942 -0.0341622 0.663133 -0.0269691 0.999554 0.0128408 -0.106933 0.0344987 -0.0119072 0.999334 -0.740824
285 295 70 0.998565 0.0473319 -0.0250366 0.946045 -0.0471917 0.998867 0.00616082 -0.115357 0.0252998 -0.00497046 0.999668 -0.302806
285 296 79 0.994889 0.0689432 -0.0737736 0.999912 -0.0679054 0.997556 0.0164868 -0.0125961 0.0747299 -0.0113929 0.997139 -0.00408623
285 297 103 0.996499 0.076978 -0.0326235 0.92157 -0.0759992 0.996649 0.0302518 -0.127118 0.0348429 -0.0276666 0.99901 -0.36681
285 298 100 0.995037 0.0907294 -0.0408702 0.978606 -0.0893005 0.995371 0.0355292 -0.115537 0.0439045 -0.0317031 0.998533 -0.170239
285 299 21 0.994676 0.10303 -0.00214817 0.980532 -0.102925 0.994265 0.0290623 -0.104521 0.00513014 -0.0286865 0.999575 -0.166228
300 301 27 0.999927 0.0103144 0.00634266 -0.0357728 -0.0103042 0.999946 -0.0016238 -0.032949 -0.00635906 0.00155833 0.999979 -0.998817
300 302 11 0.999783 0.0180772 0.0103509 -0.675807 -0.0180461 0.999832 -0.00308831 -0.0348278 -0.010405 0.00290084 0.999942 -0.736255
300 303 0 1 0 0 0 0 1 0 0 0 0 1 0
300 304 63 0.999711 0.0168956 -0.0170975 0.861172 -0.0170437 0.999818 -0.00855931 -0.114693 0.0169498 0.00884825 0.999817 0.495206
300 305 174 0.999196 0.0270111 -0.0296405 0.836423 -0.0275867 0.999435 -0.0191856 -0.044742 0.0291055 0.0199878 0.999376 0.546256
300 306 48 0.999902 0.0128822 -0.00545828 0.968896 -0.0130085 0.999633 -0.0237719 -0.231526 0.00515004 0.0238406 0.999703 -0.0873841
300 307 49 0.999276 0.0230299 -0.030296 0.978163 -0.0238765 0.999326 -0.0278836 -0.104692 0.0296334 0.0285868 0.999152 -0.179547
300 308 54 0.999381 0.00903015 -0.0339873 0.93804 -0.00988288 0.999638 -0.0250057 -0.185138 0.0337492 0.0253261 0.999109 -0.292925
300 309 92 0.999809 -0.00236731 0.0193981 -0.946116 0.00308266 0.999313 -0.0369306 0.217584 -0.0192974 0.0369833 0.99913 -0.239838
300 310 68 0.999952 0.00447758 -0.00869466 -0.989423 -0.00477075 0.999411 -0.0339964 0.0524195 0.00853731 0.0340363 0.999384 -0.135257
300 311 46 0.998354 0.00629605 -0.0570023 0.928384 -0.00808526 0.99948 -0.0312124 -0.0170465 0.0567762 0.0316219 0.997886 -0.371231
300 312 47 0.998241 -0.00319464 -0.0592006 0.985995 0.0014601 0.999569 -0.0293195 -0.146133 0.0592688 0.0291814 0.997815 0.0803709
300 313 67 0.99921 -0.00886379 -0.0387504 -0.917027 0.0072101 0.999066 -0.0426089 0.0218737 0.0390919 0.0422958 0.99834 0.398226
300 314 70 0.999496 -0.0043475 -0.03146 -0.941902 0.00294108 0.999 -0.0446139 0.0984223 0.0316225 0.0444988 0.998509 -0.321144
315 316 195 0.999536 -0.00254441 -0.0303664 0.590055 0.00143027 0.999327 -0.0366553 0.804145 0.0304393 0.0365949 0.998866 0.0720202
315 317 13 0.999975 0.000591751 -0.00705215 -0.413394 -0.000663098 0.999949 -0.0101191 0.158027 0.0070458 0.0101235 0.999924 -0.896734
315 318 0 1 0 0 0 0 1 0 0 0 0 1 0
315 319 62 0.999627 -0.00605945 -0.02664 0.944027 0.00575313 0.999917 -0.0115602 -0.151649 0.0267078 0.0114026 0.999578 -0.292942
315 320 168 0.999173 -0.012252 0.0387786 -0.958656 0.0131852 0.999627 -0.0239007 0.135588 -0.0384713 0.0243923 0.998962 -0.25019
315 321 104 0.998386 -0.00571102 -0.0564963 0.941335 0.00509806 0.999927 -0.0109877 -0.205428 0.0565549 0.010682 0.998342 -0.267747
315 322 120 0.997809 -0.0157377 -0.0642618 0.924943 0.0152344 0.999849 -0.00831598 -0.240222 0.064383 0.00731877 0.997898 -0.294575
315 323 89 0.999196 -0.0079776 -0.0392884 0.962441 0.00708591 0.999715 -0.0227833 -0.0216589 0.039459 0.0224866 0.998968 -0.270626
315 324 73 0.998037 -0.00263603 -0.0625726 0.953487 0.00130095 0.999771 -0.0213676 -0.00838651 0.0626146 0.0212443 0.997812 -0.301317
315 325 142 0.995796 -0.00133996 -0.0915913 0.990598 -0.000348063 0.99983 -0.0184115 -0.043597 0.0916004 0.0183659 0.995626 -0.129672
315 326 113 0.999835 -0.00685264 0.0168424 -0.874227 0.00725091 0.999693 -0.0237006 0.110836 -0.0166748 0.0238188 0.999577 -0.472698
315 327 79 0.995768 -0.00246379 -0.0918726 0.973929 0.00130715 0.999919 -0.0126477 -0.0801571 0.0918964 0.0124741 0.99569 -0.212219
315 328 75 0.994643 0.0127403 -0.102578 0.974596 -0.0145995 0.999742 -0.0173945 -0.0318579 0.10233 0.0187989 0.994573 -0.221691
315 329 59 0.994841 0.0143548 -0.100421 0.962108 -0.0162332 0.999708 -0.0179132 -0.0777259 0.100135 0.019451 0.994784 -0.261356
330 331 21 0.99996 -0.00752213 -0.00487438 0.517225 0.00752566 0.999971 0.000705016 0.110677 0.00486894 -0.00074167 0.999988 -0.848663
330 332 223 0.999584 -0.00236301 -0.0287287 0.999359 0.00244443 0.999993 0.00279913 -0.0200057 0.0287219 -0.00286819 0.999583 -0.0296878
330 333 102 0.999743 -0.00985355 0.0204324 -0.834148 0.00996563 0.999936 -0.00539097 0.129278 -0.020378 0.0055932 0.999777 -0.536176
330 334 89 0.999877 -0.00530324 -0.0147778 0.849309 0.00519481 0.999959 -0.00736574 -0.0344543 0.0148163 0.00728807 0.999864 -0.52677
330 335 81 0.999816 -0.00640857 -0.0180677 0.975492 0.0062594 0.999946 -0.00830102 -0.0539875 0.0181199 0.0081864 0.999802 -0.213307
330 336 179 0.99711 -0.0147991 0.0745206 -0.928417 0.0162299 0.999695 -0.0186302 0.124748 -0.0742221 0.0197858 0.997045 -0.349972
330 337 77 0.999924 -0.00862464 -0.00886131 0.989796 0.00847755 0.999828 -0.0165044 -0.0550316 0.00900213 0.016428 0.999825 -0.131439
330 338 65 0.999775 -0.00567036 -0.020459 0.904147 0.00521576 0.99974 -0.0222052 -0.035205 0.0205796 0.0220935 0.999544 -0.425768
330 339 96 0.999365 -0.00375691 -0.0354286 0.925856 0.00293635 0.999727 -0.0231846 -0.101128 0.035506 0.0230659 0.999103 -0.364092
