0 1 35 0.999869 0.00649348 -0.0148183 0.640819 -0.00648958 0.999979 0.000310818 0.278702 0.01482 -0.000214612 0.99989 -0.715316
0 2 106 0.999806 0.0196808 -0.000711727 -0.880748 -0.0196762 0.999789 0.0059784 -0.298881 0.000829236 -0.00596323 0.999982 0.36736
0 3 137 0.999524 0.0177247 -0.0252348 0.965236 -0.0178674 0.999826 -0.00544304 0.260259 0.0251339 0.00589134 0.999667 0.0241712
0 4 261 0.998294 0.01929 -0.0551142 0.856965 -0.0187527 0.999772 0.010248 0.296631 0.0552993 -0.00919698 0.998427 -0.421452
0 5 281 0.996961 0.0318069 -0.0711186 0.93709 -0.0326283 0.999413 -0.0104173 0.221078 0.0707455 0.0127061 0.997413 -0.270161
0 6 119 0.999464 0.022775 -0.023514 0.960647 -0.0225328 0.999691 0.0105133 0.235032 0.0237462 -0.00997786 0.999668 -0.148047
0 7 227 0.995579 0.034717 -0.0872814 0.887319 -0.0343741 0.999394 0.00542925 0.243307 0.087417 -0.00240503 0.996169 -0.391748
0 8 300 0.984737 0.0367503 -0.170122 0.991065 -0.0303345 0.998733 0.0401605 0.107003 0.171382 -0.034387 0.984604 -0.0796269
0 9 188 0.991471 0.0179074 -0.129093 0.951086 -0.0131726 0.999212 0.0374388 0.172439 0.129661 -0.035419 0.990926 -0.25632
0 10 274 0.985231 0.035969 -0.167412 0.95668 -0.0295649 0.998738 0.0405906 0.241889 0.16866 -0.0350416 0.985051 -0.162027
0 11 243 0.981549 0.0411394 -0.18673 0.835718 -0.039891 0.99915 0.0104395 0.195662 0.187001 -0.00279798 0.982356 -0.513119
0 12 225 0.983632 0.0607619 -0.169636 0.778579 -0.0618952 0.998082 -0.00139528 0.231798 0.169226 0.0118721 0.985506 -0.583168
0 13 167 0.981625 0.0738327 -0.175958 0.894776 -0.0747776 0.997199 0.00126376 0.21 0.175558 0.0119172 0.984397 -0.394052
0 14 187 0.980771 0.0780205 -0.178887 0.90329 -0.0791489 0.996862 0.000831734 0.212845 0.178391 0.013343 0.983869 -0.37251
15 16 52 0.999999 0.000792967 0.000710406 0.0518498 -0.000786765 0.999962 -0.00868751 0.289558 -0.000717268 0.00868694 0.999962 -0.955755
15 17 121 0.999987 0.003643 0.00357238 0.157578 -0.00362912 0.999986 -0.00388531 0.19209 -0.00358649 0.00387229 0.999986 -0.968644
15 18 262 0.999133 0.00392151 -0.0414536 0.778626 -0.00452884 0.999884 -0.0145671 0.341492 0.0413917 0.0147422 0.999034 -0.526426
15 19 255 0.998532 0.00391356 -0.0540234 0.817904 -0.00450886 0.99993 -0.0109017 0.284925 0.053977 0.0111292 0.99848 -0.49985
15 20 226 0.997777 0.00125706 -0.0666269 0.818212 -0.00107889 0.999996 0.00271017 0.316163 0.06663 -0.00263227 0.997774 -0.480177
15 21 208 0.997208 0.0104745 -0.0739366 0.918442 -0.0103089 0.999943 0.00262069 0.223903 0.0739599 -0.00185117 0.997259 -0.326085
15 22 222 0.99578 0.00795046 -0.0914328 0.899377 -0.00768454 0.999965 0.00326006 0.217052 0.0914555 -0.00254368 0.995806 -0.379486
15 23 190 0.99551 0.0166638 -0.0931776 0.757856 -0.015627 0.999808 0.0118462 0.119231 0.0933571 -0.0103369 0.995579 -0.641434
15 24 199 0.991456 0.028638 -0.127263 0.760737 -0.0324422 0.999084 -0.0279209 0.21558 0.126347 0.0318111 0.991476 -0.612212
15 25 193 0.994624 0.0515074 -0.0898316 0.637877 -0.0522957 0.998611 -0.00644256 0.0578464 0.0893749 0.0111057 0.995936 -0.767963
15 26 169 0.97254 0.026945 -0.231169 0.961184 -0.0335133 0.999137 -0.0245331 0.140014 0.230309 0.0316067 0.972604 -0.237744
15 27 132 0.982407 0.0518086 -0.179424 0.972767 -0.0531886 0.99858 -0.00288602 0.092191 0.17902 0.0123786 0.983768 0.212661
15 28 138 0.981424 0.0688284 -0.179082 0.849363 -0.0788761 0.99565 -0.0495965 0.0567491 0.174889 0.0628005 0.982583 -0.52475
15 29 149 0.988564 0.0894967 -0.121371 0.737267 -0.0947227 0.994779 -0.0379835 0.0215632 0.117338 0.0490457 0.99188 -0.675257
30 31 21 0.999987 0.00493248 0.00116383 -0.442473 -0.0049376 0.999978 0.00444042 0.132944 -0.0011419 -0.00444611 0.999989 -0.886873
30 32 260 0.999765 -0.00947227 -0.0195244 0.837961 0.00940258 0.999949 -0.00365803 0.0754376 0.0195581 0.00347359 0.999803 0.540491
30 33 188 0.993987 0.0179417 -0.108015 0.961273 -0.0149227 0.999477 0.0286935 -0.0998843 0.108473 -0.0269091 0.993735 0.256859
30 34 149 0.998486 0.0260111 -0.0484759 0.999477 -0.0261881 0.999652 -0.00302063 0.0320432 0.0483805 0.00428555 0.99882 -0.00440303
30 35 85 0.994134 0.0404971 -0.100289 0.989645 -0.0427369 0.99888 -0.0202852 0.119578 0.0993551 0.0244522 0.994752 -0.0794008
30 36 80 0.993286 0.0307193 -0.111528 0.932432 -0.0246133 0.998143 0.0557187 0.00514498 0.113032 -0.0525995 0.992198 -0.361309
30 37 40 0.988337 0.129461 0.0801827 -0.616104 -0.129383 0.991575 -0.006189 0.101791 -0.0803084 -0.00425748 0.996761 0.78106
30 38 135 0.98674 0.0546211 -0.152843 0.947086 -0.0503593 0.99823 0.03162 0.0569346 0.1543 -0.0235036 0.987744 0.31589
30 39 147 0.994668 0.0572544 -0.0857799 0.947596 -0.0551326 0.998116 0.0269051 0.0883852 0.0871588 -0.0220324 0.995951 0.307002
30 40 82 0.99345 0.0551072 -0.100104 0.787945 -0.0524799 0.99821 0.0286944 0.113933 0.101506 -0.023253 0.994563 0.605113
30 41 94 0.994348 0.067718 -0.0817676 0.999286 -0.068574 0.997616 -0.00770322 -0.0375722 0.081051 0.0132668 0.996622 -0.00404897
30 42 108 0.989938 0.0566442 -0.129673 0.940863 -0.0561692 0.998394 0.00731994 0.0804813 0.129879 3.73242e-05 0.99153 0.329088
30 43 119 0.987157 0.0654726 -0.145721 0.995309 -0.0626863 0.997753 0.0236363 0.0496025 0.146942 -0.0141979 0.989043 -0.0830665
30 44 89 0.960855 0.202248 0.189348 -0.26476 -0.204195 0.978885 -0.00937452 0.242515 -0.187246 -0.0296564 0.981865 0.933321
45 46 19 0.999974 0.00358103 -0.00626109 0.11105 -0.00355891 0.999987 0.00353981 -0.0666865 0.00627369 -0.00351743 0.999974 -0.991575
45 47 279 0.998424 0.0113673 -0.0549631 0.664922 -0.0120734 0.999849 -0.0125327 0.31915 0.0548123 0.0131765 0.99841 -0.675295
45 48 95 0.999749 0.0202544 -0.00957889 0.331688 -0.0202509 0.999795 0.000466366 0.184784 0.00958637 -0.000272268 0.999954 -0.925115
45 49 244 0.996605 0.0257503 -0.0782052 0.978142 -0.0251213 0.999644 0.00901704 0.0126769 0.0784095 -0.00702181 0.996897 0.207553
45 50 179 0.996609 0.0324953 -0.0755966 0.984232 -0.0317094 0.99943 0.0115731 -0.00895856 0.0759296 -0.0091367 0.997071 0.176653
45 51 157 0.996706 0.0352415 -0.0730401 0.9892 -0.0343443 0.999319 0.0135032 0.117882 0.0734663 -0.0109502 0.997238 0.0871072
45 52 65 0.997838 0.0656572 0.00301313 0.941617 -0.06563 0.997809 -0.0083977 0.0942133 -0.0035579 0.00818179 0.99996 -0.323235
45 53 88 0.981101 0.0495608 -0.187041 0.792171 -0.0385941 0.99734 0.0618277 -0.0223342 0.189608 -0.0534405 0.980404 0.609891
45 54 121 0.998617 0.0426354 -0.0307656 0.740672 -0.0415205 0.998489 0.036009 0.0995477 0.0322544 -0.0346818 0.998878 0.664451
45 55 72 0.985546 0.110287 -0.128594 0.595132 -0.0974814 0.99 0.101966 -0.242522 0.138553 -0.0879565 0.986441 -0.76616
45 56 75 0.989683 0.120671 -0.0772445 0.996857 -0.117997 0.992275 0.0383119 -0.0245795 0.0812709 -0.028802 0.996276 0.0753064
45 57 137 0.97929 0.128783 -0.156226 0.911321 -0.122654 0.991274 0.0482973 0.0142078 0.161083 -0.0281353 0.98654 -0.41145
45 58 92 0.981506 0.162456 -0.101261 0.99917 -0.156677 0.985659 0.0626741 -0.0376713 0.109991 -0.0456497 0.992884 -0.0155123
45 59 73 0.992032 0.122893 -0.0277375 0.756491 -0.119658 0.987987 0.0977904 -0.155953 0.0394221 -0.0936922 0.99482 -0.635138
60 61 42 0.999853 0.0171457 0.000393236 0.493542 -0.0171469 0.999847 0.00350559 -0.000255942 -0.00033307 -0.00351181 0.999994 0.869722
60 62 143 0.998386 0.0214487 -0.0525957 0.93433 -0.0226565 0.999491 -0.0224762 0.352902 0.0520868 0.0236315 0.998363 -0.0498687
60 63 103 0.999281 0.036043 -0.0117886 0.697987 -0.0360232 0.999349 0.00188654 0.0649117 0.0118489 -0.00146052 0.999929 0.713162
60 64 123 0.997358 0.0367399 -0.0626727 0.902434 -0.0371274 0.999298 -0.00502849 0.426195 0.0624439 0.00734208 0.998021 0.0630207
60 65 102 0.995591 0.0880732 -0.0322842 0.782806 -0.0898317 0.994278 -0.0578092 0.0542185 0.027008 0.0604545 0.997806 -0.619899
60 66 140 0.994689 0.0360539 -0.096405 0.963167 -0.0390991 0.998788 -0.0298867 0.10085 0.0952106 0.0334973 0.994893 0.249278
60 67 133 0.99427 0.022251 -0.104561 0.9483 -0.0264045 0.998909 -0.0385082 0.0941869 0.10359 0.0410484 0.993773 0.303079
60 68 105 0.995447 0.0417611 -0.0856784 0.684216 -0.0414652 0.999126 0.00523053 0.00544021 0.0858219 -0.00165405 0.996309 0.729259
60 69 100 0.993327 0.0169797 -0.114074 0.992716 -0.0171728 0.999852 -0.000709717 0.00521414 0.114045 0.00266394 0.993472 0.120368
60 70 116 0.993437 0.0230898 -0.112025 0.98117 -0.0274462 0.99892 -0.0375028 0.00114955 0.111038 0.0403313 0.992997 0.193143
60 71 88 0.993786 0.0277609 -0.10779 0.847191 -0.0291471 0.999511 -0.0113059 -0.0441458 0.107424 0.0143774 0.994109 0.529452
60 72 86 0.993373 0.00964412 -0.114533 0.722337 -0.0116114 0.999796 -0.0165219 -0.0821211 0.114351 0.0177423 0.993282 0.686648
60 73 77 0.991518 0.0440702 -0.122267 0.750288 -0.0437298 0.999028 0.00546813 -0.115104 0.12239 -7.50332e-05 0.992482 0.651014
60 74 58 0.989184 0.0346908 -0.142516 0.910866 -0.0389993 0.998859 -0.0275498 -0.0804793 0.141397 0.0328098 0.989409 0.404779
75 76 45 0.999863 0.0113849 -0.0119745 0.609071 -0.0113883 0.999935 -0.000215616 -0.246013 0.0119713 0.000351955 0.999928 0.753996
75 77 110 0.999644 0.013966 -0.022737 0.628682 -0.0140949 0.999885 -0.00552035 -0.319127 0.0226573 0.00583886 0.999726 0.709166
75 78 145 0.999103 0.0260447 -0.0333991 0.600211 -0.0260635 0.99966 -0.000126316 -0.291017 0.0333845 0.0009967 0.999442 0.74502
75 79 142 0.999429 0.0186039 -0.0282131 0.768704 -0.019161 0.999624 -0.0196048 -0.316999 0.0278377 0.0201342 0.99941 0.555523
75 80 151 0.998652 0.0367072 -0.0367116 0.648417 -0.0371332 0.99925 -0.0109909 -0.303094 0.0362806 0.0123393 0.999265 0.698348
75 81 126 0.998783 0.0345214 -0.035233 0.715511 -0.0352311 0.999185 -0.0197244 -0.443086 0.0345233 0.0209417 0.999184 0.54011
75 82 133 0.998534 0.0432996 -0.0324909 0.63656 -0.0436355 0.999 -0.00969971 -0.275539 0.0320385 0.0111032 0.999425 0.720326
75 83 209 0.997333 0.019864 -0.0702261 0.861578 -0.0218613 0.999375 -0.0277876 -0.322831 0.0696302 0.0292488 0.997144 0.391745
75 84 140 0.996511 0.0356458 -0.0754656 0.804919 -0.0374424 0.999045 -0.0225277 -0.375548 0.0745905 0.0252747 0.996894 0.459422
75 85 87 0.997003 0.0458042 -0.0623454 0.724236 -0.0471185 0.998694 -0.0197757 -0.318665 0.0613581 0.0226541 0.997859 0.611501
75 86 125 0.996961 0.0245862 -0.073918 0.814989 -0.0284486 0.998259 -0.0516621 -0.306777 0.0725192 0.053608 0.995925 0.491611
75 87 139 0.994683 0.0303163 -0.0984235 0.860597 -0.0352706 0.998176 -0.0489925 -0.331891 0.0967587 0.0522035 0.993938 0.386292
75 88 114 0.994785 0.0581862 -0.0837717 0.769564 -0.0599999 0.998012 -0.0192966 -0.276839 0.0824824 0.0242222 0.996298 0.575441
75 89 107 0.994763 0.0669507 -0.0772248 0.6287 -0.0692811 0.997207 -0.0278998 -0.351899 0.0751412 0.0331039 0.996623 0.693472
90 91 15 0.999986 0.00460097 -0.00243342 0.0343939 -0.00459405 0.999985 0.00284236 -0.0598526 0.00244646 -0.00283114 0.999993 0.997615
90 92 156 0.999779 0.00763709 -0.0195913 0.506992 -0.00759443 0.999969 0.0022513 0.164009 0.0196079 -0.00210202 0.999806 -0.846203
90 93 184 0.999606 0.0199009 -0.0198181 0.839923 -0.0195872 0.999682 0.0158972 -0.106018 0.0201281 -0.0155028 0.999677 0.53225
90 94 38 0.999979 0.00193484 0.00623355 -0.814164 -0.00206131 0.999791 0.0203467 -0.255441 -0.00619288 -0.0203591 0.999774 0.521427
90 95 104 0.996906 0.062882 -0.0471726 0.513798 -0.0624323 0.997989 0.0109484 0.238133 0.0477662 -0.00796943 0.998827 -0.824199
90 96 118 0.996055 0.0733936 -0.049885 0.671736 -0.0728125 0.997256 0.0133704 0.182887 0.0507295 -0.0096854 0.998665 -0.71786
90 97 69 0.997748 0.0572058 -0.0350248 0.874229 -0.0549218 0.9965 0.0630264 0.179012 0.0385077 -0.0609608 0.997397 -0.451308
90 98 43 0.995364 0.0818521 -0.050505 0.777864 -0.0779928 0.994192 0.074159 0.171362 0.0562817 -0.0698761 0.995967 0.604618
90 99 31 0.997829 0.0658523 -0.000690545 0.0754298 -0.0655142 0.993663 0.0913297 -0.0407694 0.00670044 -0.0910862 0.99582 -0.996317
90 100 24 0.994559 0.104118 -0.003498 -0.921975 -0.102592 0.984711 0.140778 -0.179775 0.0181021 -0.139653 0.990035 -0.342991
90 101 61 0.993729 0.0984417 -0.0530264 0.913457 -0.0920051 0.989378 0.112546 0.206878 0.0635424 -0.106962 0.992231 0.350424
90 102 79 0.976151 0.155431 -0.151558 0.923462 -0.148063 0.987228 0.0588122 0.180356 0.158764 -0.0349693 0.986697 -0.338658
90 103 109 0.989385 0.122511 -0.0781608 0.910451 -0.111245 0.984572 0.135065 0.068747 0.0935018 -0.124936 0.987749 0.407865
90 104 75 0.979566 0.194341 -0.0517827 0.888461 -0.189148 0.977701 0.0912302 -0.0824522 0.0683578 -0.0795714 0.994483 -0.451485
105 106 55 0.999608 0.0270747 -0.00708774 0.164479 -0.0270537 0.999629 0.00303955 0.105112 0.00716741 -0.00284661 0.99997 -0.980764
105 107 58 0.999096 0.0387047 -0.0175878 0.334921 -0.0384558 0.999158 0.0142804 -0.00193643 0.0181257 -0.0135912 0.999743 0.942244
105 108 199 0.999388 0.0334191 0.0103529 -0.941336 -0.0336572 0.999151 0.023751 -0.206607 -0.00955036 -0.0240849 0.999664 -0.266832
105 109 87 0.998011 0.0335104 -0.0534032 0.798768 -0.0318642 0.998999 0.0313844 0.19643 0.0544015 -0.0296203 0.99808 0.56867
105 110 52 0.99905 0.0433501 0.00449814 -0.866849 -0.0432983 0.999001 -0.0110354 -0.21642 -0.00497204 0.0108302 0.999929 0.44915
105 111 127 0.99598 0.0246362 -0.0861267 0.764933 -0.0225376 0.999427 0.0252542 0.237975 0.0866995 -0.0232116 0.995964 -0.598536
105 112 81 0.998018 0.0526744 -0.0344378 0.887136 -0.0527878 0.998603 -0.00239141 0.245785 0.0342637 0.00420457 0.999404 -0.390615
105 113 142 0.990759 0.0251678 -0.133282 0.968224 -0.0198693 0.998964 0.0409364 0.249338 0.134174 -0.0379099 0.990232 0.0192848
105 114 104 0.996977 0.0409834 -0.0660163 0.799315 -0.0377096 0.998032 0.0500964 0.0971705 0.0679395 -0.0474555 0.99656 0.593004
105 115 117 0.994165 0.0243109 -0.105099 0.97431 -0.022188 0.999526 0.0213222 0.178347 0.105567 -0.0188658 0.994233 0.137524
105 116 36 0.999061 0.0237258 -0.03624 0.942217 -0.0221067 0.998767 0.0444432 0.138893 0.0372497 -0.0436003 0.998354 0.304853
105 117 71 0.98787 0.0542148 -0.145508 0.869124 -0.041859 0.995357 0.0866745 0.173137 0.149532 -0.0795323 0.985553 0.463301
105 118 44 0.994277 0.0475322 -0.0956722 0.884502 -0.0489252 0.998727 -0.012266 0.167764 0.0949674 0.0168765 0.995337 -0.435328
105 119 67 0.968431 0.242076 0.0595088 -0.80838 -0.216856 0.935836 -0.277822 0.321514 -0.122944 0.256146 0.958788 0.493102
120 121 50 0.999963 0.00323131 0.00791408 -0.532963 -0.00317414 0.999969 -0.00722624 0.0109687 -0.00793718 0.00720086 0.999943 0.846067
120 122 202 0.999368 -0.00168908 0.0355054 -0.895071 0.00137088 0.999959 0.00898456 0.240709 -0.0355191 -0.0089302 0.999329 -0.375376
120 123 142 0.999966 0.00797954 -0.00228021 0.740895 -0.00793388 0.999781 0.0193777 -0.241429 0.00243433 -0.0193589 0.99981 0.626727
120 124 84 0.999991 -0.00375873 0.00172628 0.87055 0.00373661 0.999913 0.0126455 -0.294483 -0.00177366 -0.012639 0.999919 0.394237
120 125 260 0.999852 0.0162839 -0.00561553 0.793904 -0.0160656 0.999188 0.0369371 -0.403934 0.00621245 -0.0368414 0.999302 0.454482
120 126 54 0.99993 -0.00984652 0.00661477 0.954741 0.00984606 0.999952 0.000102026 -0.222854 -0.00661545 -3.68893e-05 0.999978 0.196992
120 127 127 0.99992 0.00576871 -0.0112235 0.943075 -0.00578033 0.999983 -0.00100353 -0.302203 0.0112175 0.00106833 0.999937 0.13886
120 128 82 0.999574 0.0291647 0.00116006 0.763174 -0.0291807 0.999416 0.0178009 -0.248758 -0.000640224 -0.0178271 0.999841 0.596394
120 129 167 0.999426 0.0079382 -0.0329456 0.932928 -0.00741751 0.999846 0.0158968 -0.299263 0.0330668 -0.0156433 0.999331 0.200217
120 130 45 0.999969 -0.000257801 -0.00787617 0.955326 0.00019609 0.999969 -0.00783486 -0.270075 0.00787795 0.00783307 0.999938 0.120053
120 131 144 0.999366 0.00248247 -0.0355113 0.951901 -0.00270869 0.999976 -0.00632366 -0.273381 0.0354948 0.00641584 0.999349 0.138375
120 132 33 0.999643 -0.00146045 -0.0266774 0.963805 0.00115209 0.999932 -0.0115708 -0.258803 0.0266925 0.011536 0.999577 0.0640356
120 133 42 0.998816 0.00896923 -0.04781 0.950158 -0.0106071 0.999362 -0.0341159 -0.186522 0.0474735 0.0345826 0.998274 -0.24982
120 134 82 0.996667 0.00336377 -0.0815047 0.961312 -0.00317552 0.999992 0.00243931 -0.249801 0.0815122 -0.00217236 0.99667 0.116098
135 136 74 0.999994 0.00207011 -0.00294956 -0.162286 -0.00205193 0.999979 0.00615112 0.193901 0.00296223 -0.00614503 0.999977 -0.967505
135 137 10 0.999924 -0.000697875 -0.0122891 -0.974623 0.000666257 0.999996 -0.00257677 -0.15049 0.0122909 0.00256839 0.999921 -0.165716
135 138 132 0.998247 0.0185464 -0.0562057 0.834321 -0.0177096 0.999725 0.0153496 0.1496 0.0564749 -0.0143273 0.998301 -0.530593
135 139 144 0.997644 0.0244519 -0.0641052 0.667442 -0.0232724 0.999547 0.0190824 0.21915 0.0645428 -0.0175456 0.997761 -0.711684
135 140 120 0.997572 0.0366257 -0.0592297 0.598641 -0.0353757 0.999132 0.0220173 0.152055 0.0599846 -0.0198685 0.998002 -0.786453
135 141 163 0.993625 0.0242246 -0.110102 0.989397 -0.0157532 0.996894 0.0771698 0.0794715 0.111629 -0.0749434 0.99092 -0.121568
135 142 80 0.997184 0.0331283 -0.0672816 0.962328 -0.0274394 0.996106 0.0837852 0.100598 0.0697953 -0.0817031 0.99421 0.252595
135 143 110 0.996228 0.0284674 -0.0819667 -0.974523 -0.0219412 0.996597 0.0794488 -0.153866 0.0839495 -0.0773507 0.993463 -0.163191
135 144 86 0.992392 0.0571554 -0.10905 0.847303 -0.0524996 0.997602 0.0450993 0.141524 0.111367 -0.0390311 0.993013 -0.511906
135 145 102 0.990583 0.0605779 -0.122783 0.978162 -0.0491077 0.994324 0.0943841 0.192739 0.127803 -0.0874657 0.987935 0.0777802
135 146 146 0.981511 0.0804719 -0.173666 0.95759 -0.0707772 0.995605 0.0613226 0.127109 0.177837 -0.0478973 0.982894 -0.258582
135 147 89 0.985573 0.0794605 -0.149439 0.951629 -0.0678834 0.994396 0.0810441 0.15996 0.155041 -0.0697304 0.985444 -0.262327
135 148 139 0.98098 0.0915073 -0.171185 0.909416 -0.0815202 0.994582 0.064502 0.177847 0.17616 -0.0493201 0.983125 -0.375943
135 149 60 0.985384 0.0972321 -0.13987 0.984672 -0.0814564 0.990088 0.114411 0.173602 0.149608 -0.101345 0.983538 0.0168293
150 151 21 0.999877 -0.00100197 -0.0156504 0.345928 0.00110725 0.999977 0.00671939 0.0438299 0.0156433 -0.0067359 0.999855 -0.937237
150 152 114 0.998804 -0.00354438 -0.0487685 0.989377 0.00437575 0.999847 0.0169511 0.137589 0.0487009 -0.0171443 0.998666 0.0469388
150 153 52 0.999084 -0.000231792 -0.0427894 0.374604 8.37797e-05 0.999994 -0.00346086 0.032662 0.0427899 0.0034541 0.999078 -0.926609
150 154 56 0.997618 0.00404275 -0.0688648 0.868367 -0.00315225 0.99991 0.0130348 0.0106907 0.0689113 -0.0127867 0.997541 0.495806
150 155 48 0.997367 -0.003044 -0.0724622 0.455248 0.00129669 0.999708 -0.0241483 0.0248953 0.0725145 0.0239907 0.997079 -0.890017
150 156 49 0.996089 -0.0218703 -0.0856118 0.936725 0.0217838 0.999761 -0.0019447 0.0528615 0.0856338 7.2143e-05 0.996327 -0.346051
150 157 55 0.994125 -0.00123473 -0.10823 0.907187 0.00335537 0.999806 0.0194139 0.126558 0.108185 -0.019663 0.993936 0.401243
150 158 64 0.993172 -0.0208533 -0.114784 0.995581 0.0181458 0.999533 -0.0245823 0.0733557 0.115243 0.0223316 0.993086 -0.0586356
150 159 100 0.989252 -0.00180731 -0.14621 0.7294 -0.000225932 0.999904 -0.0138885 -0.0115818 0.146221 0.0137722 0.989156 -0.683989
150 160 55 0.989225 0.0181007 -0.145282 0.495749 -0.0204429 0.999684 -0.0146447 0.120034 0.144971 0.0174568 0.989282 -0.86013
150 161 53 0.987942 0.0280774 -0.152258 0.830539 -0.0353477 0.99835 -0.0452546 0.125114 0.150736 0.0500909 0.987304 -0.542726
150 162 103 0.979399 0.0437575 -0.197136 0.888877 -0.0586786 0.995785 -0.0704929 0.154469 0.193221 0.0806084 0.977838 -0.43132
150 163 36 0.983792 0.00479871 -0.179249 0.878897 -0.00550927 0.999979 -0.00346648 0.0558659 0.179229 0.00439783 0.983798 -0.473728
150 164 116 0.974321 0.0124166 -0.22482 0.982065 -0.00818154 0.999771 0.0197595 0.0988917 0.225014 -0.0174127 0.9742 -0.160527
165 166 15 0.999902 0.0101023 -0.00973622 0.942633 -0.0101314 0.999944 -0.00295058 -0.143531 0.00970587 0.00304893 0.999948 0.301399
165 167 131 0.99987 0.0158422 0.00302372 -0.878021 -0.0158476 0.999873 0.00174511 0.188476 -0.00299568 -0.0017928 0.999994 -0.43995
165 168 129 0.998722 0.034799 -0.0366646 0.616203 -0.0338595 0.99909 0.0259407 -0.00242902 0.037534 -0.0246661 0.998991 0.787584
165 169 134 0.99862 0.0344115 -0.0396783 0.984521 -0.0332079 0.99898 0.0306043 -0.0917274 0.040691 -0.0292445 0.998744 0.149348
165 170 278 0.993184 0.0378438 -0.110243 0.98115 -0.0357602 0.999144 0.0208165 -0.0771402 0.110937 -0.0167323 0.993687 0.177184
165 171 120 0.996038 0.0595759 -0.0660265 0.674386 -0.0567629 0.997431 0.043692 -0.0191725 0.0684599 -0.039771 0.996861 0.73813
165 172 99 0.997151 0.0361816 -0.066186 0.943863 -0.0342088 0.998943 0.0307021 -0.0689634 0.0672269 -0.0283505 0.997335 0.323058
165 173 120 0.991506 0.0538018 -0.118412 0.988095 -0.0523023 0.998507 0.015737 -0.153096 0.119082 -0.00941014 0.99284 0.0151387
165 174 69 0.990458 0.0715492 -0.117791 0.911518 -0.0692491 0.997322 0.023511 -0.195101 0.119157 -0.0151298 0.99276 0.362037
165 175 125 0.987912 0.0782266 -0.133829 0.946967 -0.0734318 0.996481 0.0404033 -0.183541 0.136519 -0.0300876 0.99018 0.263753
165 176 116 0.985975 0.0692052 -0.15187 0.993231 -0.0726892 0.997201 -0.017503 -0.0934935 0.150234 0.0282968 0.988245 -0.0689227
165 177 174 0.983548 0.0806758 -0.161632 0.933335 -0.0793448 0.996739 0.0146832 -0.1946 0.162289 -0.00161702 0.986742 0.301688
165 178 143 0.983669 0.0841261 -0.159118 0.909282 -0.0826785 0.996452 0.0157076 -0.180449 0.159875 -0.00229549 0.987135 0.375026
165 179 75 0.98329 0.0809423 -0.163062 0.974259 -0.0846891 0.996277 -0.0161479 -0.21826 0.161148 0.0296877 0.986484 0.0564176
180 181 0 1 0 0 0 0 1 0 0 0 0 1 0
180 182 300 0.999109 0.0103258 -0.0409291 0.912869 -0.0100649 0.999928 0.00657418 -0.0588246 0.040994 -0.00615637 0.99914 0.403993
180 183 97 0.999791 -0.00230009 -0.0203288 0.976971 0.0019353 0.999837 -0.0179459 -0.0820329 0.0203668 0.0179028 0.999632 0.196973
180 184 141 0.998194 0.0108464 -0.0590882 0.992106 -0.00988018 0.999813 0.0166205 -0.0818538 0.0592574 -0.0160067 0.998114 0.0950052
180 185 201 0.998448 0.0197376 -0.0520791 0.89729 -0.0185895 0.999575 0.0224395 -0.132321 0.0524999 -0.0214365 0.998391 0.421143
180 186 191 0.997043 0.0115956 -0.0759624 0.932887 -0.0103371 0.999803 0.0169397 -0.107796 0.0761439 -0.0161044 0.996967 0.343658
180 187 195 0.993078 0.0379899 -0.111148 0.780675 -0.033097 0.998414 0.0455409 -0.122283 0.112701 -0.041547 0.99276 0.612857
180 188 122 0.999685 -0.00347652 -0.0248736 -0.979926 0.00295914 0.999779 -0.0208067 0.112763 0.0249405 0.0207265 0.999474 -0.164409
180 189 115 0.995302 0.0109066 -0.0961982 0.990333 -0.0107355 0.99994 0.00229622 -0.0965021 0.0962175 -0.0012527 0.99536 0.0996342
180 190 72 0.996821 0.0121913 -0.0787384 0.988065 -0.011069 0.999831 0.0146741 -0.0939154 0.078904 -0.0137559 0.996787 0.122093
180 191 135 0.991703 0.0172581 -0.12739 0.9874 -0.0152486 0.999744 0.0167331 -0.100012 0.127646 -0.0146517 0.991712 0.122637
180 192 102 0.989147 0.0307676 -0.143672 0.975919 -0.0274281 0.999307 0.0251673 -0.124625 0.144346 -0.0209535 0.989305 0.179027
180 193 147 0.988208 0.03945 -0.147949 0.993784 -0.0351989 0.998892 0.0312437 -0.104268 0.149018 -0.0256676 0.988501 0.0390097
180 194 49 0.993687 0.0374542 -0.105748 0.973413 -0.0339048 0.998806 0.0351666 -0.109747 0.106939 -0.0313593 0.993771 0.201053
195 196 56 0.999904 0.0115096 -0.00766682 0.561538 -0.011531 0.99993 -0.00275703 -0.0270001 0.00763455 0.00284517 0.999967 -0.827011
195 197 117 0.99991 0.0123839 -0.00521139 -0.397431 -0.0123914 0.999922 -0.0014111 -0.0177813 0.00519351 0.00147555 0.999985 0.91746
195 198 81 0.999377 0.0340892 -0.00909903 0.590233 -0.0339164 0.999253 0.0185205 -0.0756342 0.00972358 -0.0182004 0.999787 0.803682
195 199 85 0.99887 0.0453495 -0.0142149 0.904273 -0.0456142 0.998781 -0.0188873 -0.0324671 0.013341 0.0195143 0.999721 -0.425719
195 200 70 0.999196 0.0332969 -0.0223187 0.986674 -0.0331593 0.999429 0.00650609 -0.0286414 0.0225226 -0.00576079 0.99973 -0.160168
195 201 158 0.99659 0.0508062 -0.0650086 0.860689 -0.0513704 0.998655 -0.00703471 -0.0480334 0.0645638 0.0103502 0.99786 -0.50686
195 202 134 0.998527 0.0502537 -0.0204754 -0.981381 -0.0504837 0.998666 -0.0108749 0.081203 0.0199016 0.0118925 0.999731 0.174059
195 203 180 0.991058 0.0753991 -0.110088 0.959726 -0.0773651 0.996909 -0.0136918 -0.00606299 0.108715 0.0220863 0.993828 -0.280874
195 204 74 0.995898 0.080347 -0.0416056 0.97574 -0.0813881 0.996394 -0.0239607 -0.0277175 0.0395304 0.0272486 0.998847 -0.217169
195 205 68 0.996854 0.0634254 -0.0475359 0.998168 -0.0635996 0.997973 -0.00216081 -0.0596184 0.0473025 0.00517728 0.998867 0.01035
195 206 178 0.986519 0.0754479 -0.145213 0.996428 -0.0801204 0.99643 -0.0265936 -0.0217818 0.142689 0.0378696 0.989043 -0.0815917
195 207 62 0.994764 0.0722957 -0.0722405 0.997436 -0.0718649 0.997378 0.00854825 -0.0047097 0.072669 -0.00331193 0.997351 -0.0714153
195 208 167 0.986715 0.0647268 -0.149012 0.994661 -0.0672449 0.997665 -0.0119174 -0.0326864 0.147893 0.0217793 0.988764 -0.0978804
195 209 45 0.990916 0.0636013 -0.118496 0.998297 -0.0637223 0.997964 0.00277112 -0.0259688 0.118431 0.00480487 0.992951 0.0522371
210 211 81 0.999945 -0.00864673 0.00599491 -0.895608 0.00861294 0.999947 0.00563962 0.0382787 -0.00604335 -0.00558768 0.999966 0.443194
210 212 188 0.996533 -0.00917435 -0.0826932 0.971307 0.0113166 0.999611 0.0254742 -0.203031 0.0824274 -0.0263217 0.996249 0.123858
210 213 128 0.998616 -0.0155848 -0.0502258 0.858739 0.0157998 0.999868 0.00388608 -0.163558 0.0501586 -0.00467426 0.99873 0.485609
210 214 159 0.996832 -0.00940965 -0.0789794 0.99392 0.00945511 0.999955 0.000201661 -0.0793447 0.0789739 -0.000947781 0.996876 0.0763328
210 215 81 0.997093 -0.0142485 -0.0748481 0.989925 0.0139843 0.999894 -0.00405168 -0.128298 0.0748979 0.0029932 0.997187 0.0598982
210 216 127 0.997458 -0.0127581 -0.0701089 -0.978549 0.0128708 0.999917 0.00115596 0.116478 0.0700883 -0.00205538 0.997539 0.169927
210 217 209 0.992292 0.00587751 -0.123786 0.803803 -0.00438052 0.999914 0.012362 -0.138811 0.123848 -0.0117245 0.992232 0.578474
210 218 141 0.989597 0.00276066 -0.143843 0.973509 -0.000501275 0.999876 0.0157411 -0.1696 0.143869 -0.0155052 0.989475 0.153351
210 219 166 0.978514 0.0108104 -0.205899 0.978327 -0.00804861 0.999866 0.0142463 -0.144715 0.206025 -0.012283 0.97847 -0.148103
210 220 179 0.98322 0.0170074 -0.181627 0.956622 -0.0126301 0.999602 0.0252298 -0.162426 0.181984 -0.0225125 0.983044 0.241851
210 221 165 0.978843 0.0356606 -0.201482 0.917629 -0.0256633 0.998316 0.0520152 -0.183352 0.202998 -0.045744 0.97811 0.352617
210 222 64 0.984791 0.0167444 -0.172936 0.947969 -0.0189337 0.99976 -0.0110177 -0.204546 0.17271 0.0141245 0.984871 0.243959
210 223 118 0.976008 0.0299697 -0.21566 0.926058 -0.0290269 0.99955 0.00753842 -0.255273 0.215789 -0.00109762 0.976439 0.277944
210 224 152 0.966827 0.0484763 -0.25079 0.942248 -0.0489313 0.998792 0.0044247 -0.234676 0.250702 0.00799358 0.968031 0.238949
225 226 69 0.999913 0.0127488 -0.00324674 0.264987 -0.0127545 0.999917 -0.00172515 0.0244494 0.00322448 0.00176641 0.999993 -0.963942
225 227 274 0.998392 0.00323972 -0.0565921 0.930147 -0.00167568 0.999616 0.0276627 -0.182704 0.0566599 -0.0275234 0.998014 -0.318505
225 228 296 0.999353 0.0140787 -0.0331073 0.884276 -0.0133629 0.999674 0.0217419 -0.397115 0.0334026 -0.0212854 0.999215 -0.245675
225 229 181 0.999981 0.00565775 0.00264085 -0.933921 -0.0056732 0.999967 0.00588104 0.150952 -0.00260748 -0.00589591 0.999979 -0.324044
225 230 91 0.998963 0.0432532 -0.014194 0.754615 -0.0424771 0.997792 0.0510534 -0.221575 0.0163709 -0.0503976 0.998595 0.617626
225 231 87 0.999001 0.0227065 -0.0384913 0.821369 -0.0215739 0.999329 0.0295889 -0.131542 0.0391374 -0.0287289 0.998821 0.555023
225 232 424 0.996665 0.00581719 -0.0813975 0.934151 -0.00693936 0.999885 -0.0135101 -0.0747053 0.0813096 0.0140299 0.99659 0.348971
225 233 91 0.998434 0.00407832 -0.0557872 0.948662 -0.00381991 0.999981 0.00473776 -0.0954549 0.0558055 -0.00451724 0.998431 0.301544
225 234 263 0.996087 0.00624715 -0.0881597 0.981043 -0.00494549 0.999876 0.0149755 -0.125709 0.0882423 -0.0144809 0.995994 0.147483
225 235 93 0.997099 0.00693178 -0.0757964 0.93409 -0.00516332 0.99971 0.0235027 -0.123647 0.0759374 -0.0230432 0.996846 0.334944
225 236 173 0.993921 0.00480443 -0.109988 0.949197 -0.0049491 0.999987 -0.00104237 -0.0846415 0.109981 0.00158037 0.993932 0.303087
225 237 102 0.994103 0.017784 -0.106971 0.893096 -0.0150928 0.99955 0.0259151 -0.100227 0.107384 -0.0241478 0.993924 0.43856
225 238 77 0.994637 0.0215301 -0.101164 0.896359 -0.0175352 0.999037 0.0402149 -0.0952425 0.101932 -0.0382253 0.994057 0.432977
225 239 183 0.988551 0.0108598 -0.150493 0.900775 -0.00976872 0.99992 0.0079875 -0.079138 0.150568 -0.00642593 0.988579 0.427014
240 241 117 0.999754 0.0184888 -0.0122687 0.472122 -0.0185629 0.99981 -0.00595732 0.119866 0.0121562 0.0061836 0.999907 -0.873346
240 242 281 0.998909 0.0164577 -0.0437118 0.84903 -0.016778 0.999835 -0.00697072 0.0142297 0.0435899 0.00769651 0.99902 -0.528152
240 243 110 0.999294 0.00518291 -0.0372048 0.842109 -0.0052141 0.999986 -0.000741239 -0.161187 0.0372004 0.000934705 0.999307 0.514657
240 244 120 0.998208 0.0355367 -0.0481474 0.628914 -0.0361877 0.999264 -0.0127177 0.0246228 0.04766 0.0144373 0.998759 -0.777084
240 245 212 0.996487 0.0242973 -0.080147 0.989531 -0.0242846 0.999704 0.00113299 -0.060897 0.0801509 0.000817326 0.996782 -0.130846
240 246 118 0.996121 0.0313849 -0.0822022 0.957294 -0.0301209 0.999409 0.0165714 -0.121707 0.0826737 -0.0140311 0.996478 0.262251
240 247 172 0.991986 0.0293126 -0.122901 0.97288 -0.0268226 0.999401 0.0218665 -0.117896 0.123468 -0.0183947 0.992178 0.199009
240 248 174 0.990913 0.0399125 -0.128447 0.992552 -0.0412574 0.999118 -0.00782611 -0.105801 0.128022 0.0130544 0.991685 -0.0603805
240 249 173 0.989317 0.0466053 -0.138128 0.959541 -0.0428183 0.998624 0.030264 -0.136458 0.139348 -0.0240263 0.989952 0.246292
240 250 86 0.978138 0.0784222 -0.192602 0.944313 -0.0802316 0.996775 -0.00160075 -0.0362162 0.191855 0.0170185 0.981276 -0.327051
240 251 42 0.989769 0.0455155 -0.135225 0.970606 -0.0522482 0.997543 -0.0466628 -0.240513 0.132769 0.0532507 0.989715 -0.00883449
240 252 79 0.978803 0.0710996 -0.192066 0.939231 -0.0697154 0.997469 0.013964 -0.18766 0.192573 -0.000278059 0.981283 0.287452
240 253 107 0.982313 0.0767121 -0.170811 0.983963 -0.0786391 0.996893 -0.00453433 -0.139069 0.169932 0.0178865 0.985293 0.111702
240 254 71 0.996623 0.0470123 -0.0673227 0.976615 -0.0483808 0.998651 -0.0188423 -0.178923 0.0663461 0.0220358 0.997553 0.119207
255 256 66 0.999918 0.0111959 -0.00618833 0.447153 -0.0111844 0.999936 0.00189087 0.112251 0.00620911 -0.0018215 0.999979 -0.887386
255 257 88 0.999886 0.00951699 -0.0117576 0.370883 -0.00936236 0.99987 0.0131366 0.0374554 0.0118811 -0.013025 0.999845 -0.927924
255 258 228 0.998814 0.0134374 -0.046789 0.942649 -0.01391 0.999855 -0.00979017 0.222796 0.0466506 0.0104294 0.998857 -0.248543
255 259 76 0.999614 0.0120105 -0.0250442 0.908282 -0.0115328 0.99975 0.0191358 0.152263 0.0252678 -0.0188396 0.999503 0.389667
255 260 78 0.999957 0.0078538 0.00501421 -0.335143 -0.0080814 0.998857 0.0471117 0.200336 -0.00463847 -0.0471502 0.998877 -0.920622
255 261 72 0.998874 0.022543 -0.0417497 0.816022 -0.0209868 0.999082 0.0373442 0.105553 0.0425532 -0.0364259 0.99843 0.568301
255 262 92 0.996043 0.0184502 -0.0869362 0.853241 -0.0154174 0.999253 0.0354287 0.071181 0.087525 -0.0339482 0.995584 0.516637
255 263 94 0.995557 -0.00243855 -0.0941256 0.874585 0.00362602 0.999916 0.0124468 -0.025633 0.0940873 -0.0127328 0.995483 0.484194
255 264 70 0.993965 0.0092152 -0.109307 0.961775 -0.00834621 0.99993 0.00840492 0.0648415 0.109376 -0.0074419 0.993973 0.266054
255 265 66 0.99585 0.0183912 -0.0891363 0.913794 -0.0162599 0.999566 0.0245781 0.0124879 0.0895496 -0.0230267 0.995716 0.405986
255 266 138 0.985796 0.027983 -0.165599 0.876437 -0.0230817 0.999239 0.0314484 -0.0569462 0.166353 -0.0271794 0.985692 0.478137
255 267 82 0.970113 0.0155998 -0.242153 0.956976 -0.0128699 0.999835 0.0128516 -0.0782641 0.242314 -0.00935104 0.970153 0.279414
255 268 65 0.988056 0.0396624 -0.148906 0.979018 -0.0469069 0.997864 -0.0454576 -0.0829511 0.146785 0.0518994 0.987806 -0.186128
255 269 100 0.983423 0.0265555 -0.179369 0.952829 -0.0274405 0.99962 -0.0024542 -0.111886 0.179236 0.00733549 0.983779 0.282133
270 271 48 0.999772 0.0205154 -0.00593677 -0.0540421 -0.0204936 0.999783 0.00370834 -0.0721428 0.00601156 -0.00358583 0.999976 0.995929
270 272 37 0.999258 0.0380325 -0.00609842 -0.374332 -0.0381184 0.999166 -0.0146411 -0.107276 0.00553649 0.0148627 0.999874 0.921069
270 273 39 0.9994 0.0342404 -0.00515727 -0.782457 -0.0342365 0.999413 0.000843899 0.223404 0.00518314 -0.000666826 0.999986 -0.581251
270 274 68 0.999107 0.0211603 -0.0365837 0.928462 -0.0219084 0.999557 -0.0201692 -0.292907 0.0361407 0.0209527 0.999127 0.228394
270 275 110 0.996434 0.0157445 -0.082894 0.817368 -0.0155803 0.999875 0.00262747 -0.269596 0.082925 -0.00132658 0.996555 0.509144
270 276 68 0.999451 0.0136411 -0.030204 0.798869 -0.0140633 0.999806 -0.0138114 -0.338753 0.0300097 0.0142286 0.999448 0.497046
270 277 66 0.99882 0.0231381 -0.0426949 0.747566 -0.0236704 0.999648 -0.0120036 -0.353158 0.0424021 0.0130001 0.999016 0.562516
270 278 63 0.998494 0.0301105 -0.0458602 0.975713 -0.0321409 0.998506 -0.0442007 -0.183633 0.0444608 0.0456081 0.99797 -0.119426
270 279 69 0.998593 0.0315229 -0.0426312 0.651065 -0.0313471 0.999497 0.00478545 -0.258557 0.0427606 -0.00344235 0.999079 0.713626
270 280 57 0.997488 0.0223513 -0.0672176 0.945588 -0.0253899 0.998678 -0.0446961 -0.194463 0.0661297 0.0462905 0.996737 0.260859
270 281 66 0.997961 0.0242251 -0.0590509 0.864921 -0.0244036 0.9997 -0.00230409 -0.221426 0.0589774 0.00374045 0.998252 0.450424
270 282 68 0.996836 0.0422059 -0.0673574 0.603657 -0.0406063 0.998864 0.0249429 -0.20686 0.0683336 -0.0221288 0.997417 0.76994
270 283 75 0.995934 0.0226403 -0.0871889 0.733674 -0.0221685 0.999734 0.00637602 -0.255955 0.08731 -0.00441725 0.996171 0.629452
270 284 53 0.9959 0.0306989 -0.0850923 0.968242 -0.0370195 0.996591 -0.0737254 -0.220991 0.0825389 0.0765732 0.993642 -0.116917
285 286 56 0.999973 0.00719533 -0.00162469 -0.331628 -0.00719906 0.999971 -0.00230296 -0.0688105 0.00160807 0.0023146 0.999996 0.940898
285 287 106 0.999959 0.00134548 -0.00900708 0.471036 -0.0013391 0.999999 0.00071534 -0.0101533 0.00900803 -0.000703249 0.999959 -0.882056
285 288 21 0.999898 0.00990921 -0.0103306 0.938126 -0.00969233 0.999736 0.0208368 -0.126407 0.0105344 -0.0207346 0.99973 0.322398
285 289 155 0.999965 0.00677939 -0.00485189 -0.411993 -0.00670856 0.999873 0.0144685 0.276952 0.00494936 -0.0144354 0.999884 -0.868078
285 290 121 0.999863 0.0162519 -0.00319202 -0.822342 -0.0161747 0.999607 0.0228748 0.216904 0.00356253 -0.02282 0.999733 -0.526028
285 291 100 0.999489 0.0196567 -0.0252141 0.991037 -0.0199413 0.99974 -0.0110825 -0.0621269 0.0249897 0.0115796 0.999621 -0.118259
285 292 210 0.998022 0.0287429 -0.0559055 0.987652 -0.0273008 0.999279 0.0263899 -0.156273 0.0566237 -0.0248115 0.998087 0.01102
285 293 126 0.998269 0.0286685 -0.051361 0.995213 -0.0285366 0.999587 0.00329985 -0.0701232 0.0514344 -0.00182846 0.998675 0.068073
285 294 115 0.997314 0.0368488 -0.0633067 0.994659 -0.0373139 0.999284 -0.00617913 -0.0741248 0.0630337 0.00852474 0.997975 -0.0718302
285 295 142 0.997507 0.0636282 -0.0305109 0.905435 -0.0639878 0.997891 -0.0109578 0.0098346 0.0297493 0.0128828 0.999474 -0.424371
285 296 57 0.99704 0.0757853 0.0129281 0.780301 -0.0756939 0.997103 -0.00742087 0.0449374 -0.013453 0.00642033 0.999889 -0.623788
285 297 78 0.994456 0.104272 0.0135819 -0.822123 -0.104925 0.992492 0.0628551 0.0584268 -0.00692585 -0.0639317 0.99793 -0.566303
285 298 167 0.993799 0.100609 -0.0473457 0.979605 -0.100965 0.994877 -0.00517355 -0.0520603 0.0465826 0.0099217 0.998865 -0.194073
285 299 192 0.992539 0.112192 -0.0477484 0.9713 -0.110585 0.993247 0.0350868 -0.0720816 0.0513624 -0.0295448 0.998243 -0.226674
300 301 307 0.999732 0.0161159 0.0165928 -0.452716 -0.0164477 0.999664 0.0200562 -0.660521 -0.016264 -0.0203237 0.999661 0.598967
300 302 36 0.999839 0.0166168 0.00675722 -0.440137 -0.0165748 0.999843 -0.00622125 -0.118429 -0.00685953 0.00610825 0.999958 0.890086
300 303 63 0.999814 0.0188436 -0.00417031 -0.418174 -0.0188841 0.999773 -0.00988117 0.00510035 0.00398316 0.00995808 0.999942 0.908353
300 304 105 0.99881 0.0480094 -0.00858803 0.553618 -0.0481784 0.998624 -0.0206915 0.195562 0.00758283 0.0210807 0.999749 -0.809483
300 305 60 0.999571 0.0284962 -0.00670364 0.601406 -0.0286241 0.999394 -0.0198235 0.0550068 0.00613469 0.0200068 0.999781 -0.797047
300 306 90 0.999687 0.0196672 0.0154602 -0.9046 -0.0192412 0.999444 -0.027239 0.0977856 -0.0159873 0.026933 0.999509 0.414894
300 307 75 0.999327 0.0192568 -0.031215 0.970204 -0.0203582 0.999167 -0.0353581 -0.0307089 0.0305081 0.0359698 0.998887 -0.240335
300 308 63 0.999562 0.0199482 -0.0218717 0.751391 -0.0202914 0.999673 -0.0155862 -0.201684 0.0215537 0.0160231 0.999639 0.62828
300 309 86 0.99926 0.0148915 -0.0354649 0.417607 -0.016135 0.999256 -0.0350379 0.0309065 0.0349168 0.0355842 0.998757 -0.908102
300 310 79 0.999555 0.00213015 -0.0297463 0.941997 -0.00242853 0.999947 -0.00999835 -0.178968 0.0297235 0.0100661 0.999507 0.283922
300 311 69 0.998539 0.00204282 -0.0540055 0.987649 -0.00366581 0.999544 -0.0299703 -0.0784693 0.0539196 0.0301245 0.998091 -0.135616
300 312 68 0.997872 -0.00308238 -0.0651361 0.983048 0.0014758 0.999694 -0.0246987 -0.170211 0.0651923 0.02455 0.997571 0.0681587
300 313 60 0.998352 0.0105735 -0.0564044 0.97674 -0.0102708 0.999931 0.00565472 0.00857129 0.0564603 -0.00506608 0.998392 0.214258
300 314 78 0.997296 0.0115559 -0.0725759 0.871532 -0.0118783 0.999921 -0.0040129 -0.160362 0.0725238 0.00486413 0.997355 0.463375
315 316 21 0.999974 -0.00333338 -0.00641981 0.18884 0.00331597 0.999991 -0.00272042 0.204337 0.00642882 0.00269906 0.999976 -0.960513
315 317 38 0.999889 0.00109984 -0.014889 -0.362238 -0.00120814 0.999973 -0.00726656 -0.353506 0.0148806 0.00728373 0.999863 0.862448
315 318 85 0.999982 -0.00410732 -0.00438788 -0.991626 0.0040768 0.999968 -0.00694345 0.0626236 0.00441626 0.00692543 0.999966 0.112943
315 319 136 0.999635 0.00378411 -0.0267499 0.460527 -0.00422747 0.999854 -0.016537 0.0477979 0.0266834 0.016644 0.999505 -0.886358
315 320 229 0.997543 -0.0120947 -0.0690009 0.932317 0.0133327 0.999758 0.0175093 -0.360862 0.0687724 -0.0183862 0.997463 -0.023749
315 321 151 0.99978 0.0036885 -0.020666 -0.733422 -0.00390319 0.999939 -0.010358 0.183672 0.0206265 0.0104364 0.999733 -0.65449
315 322 222 0.999078 -0.0168773 0.0394752 -0.984032 0.0183586 0.999129 -0.0374681 0.137405 -0.0388084 0.0381582 0.998518 -0.11314
315 323 126 0.998627 -0.0129646 -0.0507564 0.972438 0.012477 0.999873 -0.00991273 -0.175402 0.0508785 0.00926583 0.998662 -0.153617
315 324 129 0.997717 -0.00819364 -0.0670297 0.987295 0.00740767 0.999901 -0.0119658 -0.147334 0.0671211 0.011442 0.997679 -0.0595054
315 325 138 0.998193 -0.00725271 -0.0596448 -0.669007 0.0048544 0.999178 -0.0402569 -0.00364481 0.0598877 0.0398947 0.997408 0.743247
315 326 257 0.993528 -0.0121005 -0.11294 0.908983 0.0115918 0.99992 -0.00515929 -0.064683 0.112993 0.00381672 0.993588 -0.411785
315 327 123 0.998744 0.00724197 -0.049582 0.837553 -0.0060983 0.999713 0.0231789 -0.212623 0.0497356 -0.0228474 0.998501 0.503285
315 328 248 0.989949 0.0177479 -0.140308 0.79695 -0.0210678 0.999531 -0.0222121 0.009089 0.139848 0.0249448 0.989859 -0.603977
315 329 113 0.997428 0.00828418 -0.0711887 -0.986442 -0.00906661 0.999902 -0.0106748 0.0936193 0.0710933 0.0112928 0.997406 0.13479
330 331 10 0.999984 0.00551515 0.000798425 -0.75601 -0.00550592 0.999923 -0.0111373 -0.0684205 -0.000859787 0.0111328 0.999938 0.650974
330 332 323 0.999299 -0.00833484 0.0364904 -0.962118 0.00915944 0.999705 -0.0224893 0.0155864 -0.0362922 0.0228078 0.999081 0.272188
