0 1 120 0.99855 0.00920104 -0.0530328 0.949961 -0.00833277 0.999828 0.0165704 -0.285324 0.0531762 -0.0161045 0.998455 -0.12714
0 2 113 0.9977 0.0127352 -0.0665808 0.90297 -0.0141185 0.999693 -0.0203458 0.357953 0.0663013 0.0212391 0.997574 -0.237731
0 3 96 0.996979 0.0178333 -0.0755952 0.907766 -0.0178616 0.99984 0.00030147 0.115831 0.0755885 0.0010497 0.997139 -0.403168
0 4 91 0.99915 0.0121507 -0.0394011 0.651924 -0.0119407 0.999913 0.00556055 0.244535 0.0394652 -0.00508534 0.999208 -0.717773
0 5 88 0.997342 0.024543 -0.0685998 0.832397 -0.0243948 0.999698 0.00299736 0.249345 0.0686526 -0.00131591 0.99764 -0.494917
0 6 79 0.997096 0.0280965 -0.0707869 0.824 -0.0279959 0.999605 0.00241231 0.272399 0.0708267 -0.000423554 0.997489 -0.496812
0 7 84 0.9898 0.0309193 -0.139069 0.891181 -0.0298832 0.999508 0.00953248 0.139339 0.139295 -0.00527942 0.990237 -0.431718
0 8 75 0.995228 0.043003 -0.0875877 0.799589 -0.0419578 0.999025 0.0137401 0.233189 0.0880932 -0.00999953 0.996062 -0.553425
0 9 67 0.991347 0.0379856 -0.125648 0.870924 -0.0369192 0.99926 0.0108057 0.230403 0.125966 -0.00607333 0.992016 -0.434056
0 10 72 0.991448 0.0422014 -0.12349 0.853857 -0.0407397 0.999067 0.0143391 0.232791 0.12398 -0.00918549 0.992242 -0.46555
0 11 67 0.988591 0.0505644 -0.141885 0.869429 -0.0496779 0.998717 0.00978579 0.239909 0.142198 -0.00262557 0.989835 -0.431899
0 12 59 0.984409 0.0524147 -0.167902 0.912331 -0.0492683 0.998524 0.0228537 0.131578 0.168852 -0.0142252 0.985539 -0.387737
0 13 60 0.983077 0.0613459 -0.172618 0.887874 -0.0600265 0.998114 0.0128584 0.213072 0.173081 -0.00227908 0.984905 -0.407775
0 14 59 0.979821 0.0630692 -0.189665 0.925296 -0.058903 0.997884 0.0275292 0.152449 0.191 -0.0158018 0.981463 -0.347255
15 16 20 0.999977 -0.00670817 -0.000517934 0.233345 0.00670533 0.999963 -0.0053078 -0.0115262 0.00055352 0.0053042 0.999986 -0.972326
15 17 68 0.999663 0.00571485 -0.0253107 0.714874 -0.00578257 0.99998 -0.00260292 0.107336 0.0252953 0.0027484 0.999676 -0.690966
15 18 63 0.999909 0.0126064 -0.00471706 0.569036 -0.0125675 0.999888 0.00817013 0.107658 0.00481952 -0.00811011 0.999955 -0.815235
15 19 66 0.998871 0.00792368 -0.0468437 0.877013 -0.00773622 0.999961 0.00418187 0.146509 0.046875 -0.00381476 0.998893 -0.457584
15 20 65 0.999738 0.00975255 -0.0207013 0.634523 -0.00959042 0.999923 0.00791688 0.218888 0.0207769 -0.00771627 0.999754 -0.741262
15 21 62 0.998538 0.0134758 -0.0523413 0.852027 -0.0127057 0.999807 0.0150176 0.134945 0.0525335 -0.0143306 0.998516 -0.505806
15 22 56 0.993567 0.0133823 -0.112448 0.934771 -0.0139539 0.999893 -0.00429773 0.206004 0.112379 0.00583918 0.993648 -0.289423
15 23 60 0.999827 0.00538885 -0.0178131 0.434143 -0.00528302 0.999968 0.00598285 0.245101 0.0178448 -0.0058877 0.999823 -0.86686
15 24 61 0.99538 0.0302114 -0.0911355 0.781888 -0.0291868 0.999495 0.0125552 0.0251368 0.0914688 -0.00983722 0.995759 -0.622911
15 25 58 0.983613 0.0699712 0.166164 -0.935661 -0.0709077 0.997483 -0.000297507 0.0913602 -0.165766 -0.0114896 0.986098 -0.34087
15 26 62 0.943186 0.0122059 -0.332041 0.984256 -0.0281284 0.998671 -0.0431895 0.134955 0.331073 0.0500755 0.942276 -0.114138
15 27 44 0.994565 0.071164 0.0760022 -0.796473 -0.0720761 0.997356 0.00932197 -0.0605002 -0.0751379 -0.0147492 0.997064 -0.60164
15 28 49 0.992925 0.0174112 -0.11746 0.735118 -0.0223532 0.998914 -0.0408879 0.219818 0.116621 0.0432243 0.992235 -0.641313
15 29 40 0.992552 0.10361 0.0640816 -0.750289 -0.102184 0.994448 -0.0251478 0.111381 -0.0663313 0.0184124 0.997628 -0.65166
30 31 82 0.998773 -0.00496196 -0.0492722 0.972971 0.00490662 0.999987 -0.00124392 0.104128 0.0492777 0.00100064 0.998785 -0.20612
30 32 89 0.999316 0.00861377 -0.0359575 0.973177 -0.00791281 0.999777 0.0195911 -0.227212 0.0361182 -0.0192931 0.999161 0.036063
30 33 65 0.995179 0.0132094 -0.0971787 0.99723 -0.0122981 0.999875 0.0099705 -0.00701792 0.0972982 -0.00872733 0.995217 0.0740453
30 34 66 0.987017 0.0387959 -0.15586 0.966824 -0.0301863 0.997904 0.0572326 -0.252491 0.157754 -0.0517847 0.98612 0.0387254
30 35 48 0.996741 0.0462152 -0.0661112 0.997236 -0.045828 0.998922 0.00736188 0.0724583 0.0663801 -0.00430815 0.997785 -0.0164096
30 36 31 0.990227 0.134709 0.0361162 0.287289 -0.13637 0.989479 0.0483252 -0.279658 -0.0292264 -0.0527781 0.998178 0.916109
30 37 45 0.993726 0.0550359 -0.0973682 0.998774 -0.052345 0.998179 0.0299797 0.0472178 0.0988408 -0.0246948 0.994797 0.014887
30 38 44 0.993752 0.0860682 -0.0710639 0.98556 -0.0810718 0.994217 0.0704325 -0.13714 0.0767149 -0.0642311 0.994982 0.0993166
30 39 67 0.993788 0.0669823 -0.0888739 0.98286 -0.0618486 0.996321 0.0593152 -0.0430637 0.09252 -0.05345 0.994275 0.179256
30 40 51 0.958244 0.0354556 -0.283746 0.936713 0.0104081 0.987301 0.158518 -0.278271 0.285763 -0.154852 0.945706 0.212446
30 41 53 0.977208 0.0549839 -0.205041 0.98738 -0.0494794 0.998266 0.031881 0.0305257 0.206439 -0.021009 0.978234 0.155401
30 42 42 0.985731 0.0646104 -0.155436 0.984821 -0.0609555 0.997743 0.0281715 0.0352502 0.156905 -0.0182948 0.987444 0.169954
30 43 53 0.984139 0.0695435 -0.163202 0.984161 -0.0639587 0.997181 0.0392346 -0.00843194 0.165471 -0.028174 0.985812 0.177075
30 44 46 0.981123 0.0616882 -0.183284 0.990629 -0.0566522 0.997862 0.0325918 0.00500986 0.184902 -0.0215932 0.98252 0.136485
45 46 64 0.998101 -0.00027249 -0.0616015 0.912913 0.00181787 0.999685 0.0250321 -0.397266 0.0615753 -0.0250965 0.997787 -0.0936479
45 47 66 0.997346 0.00992566 -0.0721303 0.993971 -0.00930326 0.999917 0.00895964 -0.0636434 0.0722132 -0.00826481 0.997355 -0.0892856
45 48 63 0.995065 0.0209791 -0.0969779 0.971246 -0.0183471 0.999441 0.027953 -0.219927 0.0975101 -0.0260358 0.994894 -0.0911717
45 49 54 0.999138 0.0273038 -0.0312631 0.984458 -0.0271958 0.999623 0.00387518 0.104207 0.0313571 -0.00302161 0.999504 -0.141365
45 50 53 0.995048 0.0382922 -0.0917217 0.977806 -0.0373028 0.999226 0.0124769 0.0305627 0.0921285 -0.00899359 0.995707 -0.207273
45 51 51 0.98319 0.05072 -0.175399 0.97933 -0.0419634 0.997698 0.0532796 -0.156564 0.177698 -0.0450236 0.983055 -0.128068
45 52 44 0.987551 0.0427033 -0.151395 0.992545 -0.0390119 0.998867 0.0272708 0.0352073 0.152388 -0.0210251 0.988097 -0.116679
45 53 38 0.995213 0.0446404 -0.0869394 0.981289 -0.0414402 0.998408 0.0382734 0.0829177 0.0885095 -0.0344874 0.995478 -0.17377
45 54 41 0.98144 0.0631198 -0.181085 0.993006 -0.0529092 0.996754 0.0606769 -0.0139871 0.184328 -0.0499697 0.981594 -0.117235
45 55 28 0.985393 0.0547005 -0.16127 0.995693 -0.0493472 0.998095 0.0370185 0.0793594 0.162988 -0.0285196 0.986216 -0.0479315
45 56 32 0.984192 0.16416 0.0664626 -0.0124882 -0.168563 0.9834 0.0671621 -0.102463 -0.054334 -0.0773036 0.995526 0.994658
45 57 37 0.974936 0.142306 -0.171025 0.998034 -0.134257 0.989259 0.0578061 -0.054761 0.177415 -0.033396 0.983569 0.0304802
45 58 14 0.988892 0.137746 0.0558451 0.758505 -0.140642 0.988709 0.0517235 -0.00883327 -0.0480898 -0.0590031 0.997099 -0.651607
45 59 24 0.982684 0.168593 0.0768705 0.0463564 -0.174122 0.982089 0.0719932 -0.0658095 -0.0633561 -0.0841315 0.994438 0.996755
60 61 35 0.999946 0.0060911 -0.00840434 0.848074 -0.0060909 0.999981 4.96907e-05 -0.0253676 0.00840449 1.50201e-06 0.999965 0.52927
60 62 50 0.999614 0.025959 -0.00985206 0.638887 -0.0259681 0.999662 -0.000795561 0.0293558 0.00982809 0.00105109 0.999951 0.76874
60 63 45 0.999259 0.036399 -0.0125189 0.67996 -0.0363885 0.999337 0.00106733 -0.03061 0.0125495 -0.000610994 0.999921 0.73261
60 64 46 0.998863 0.0412522 -0.0238981 0.727608 -0.0412163 0.999148 0.00199399 -0.040002 0.02396 -0.00100673 0.999712 0.684826
60 65 46 0.998633 0.03112 -0.0419921 0.829123 -0.0313093 0.999502 -0.00385844 -0.00667138 0.0418511 0.00516791 0.99911 0.559027
60 66 37 0.99865 0.0407179 -0.0322468 0.67347 -0.0409467 0.99914 -0.00646847 0.021977 0.0319557 0.00778015 0.999459 0.738888
60 67 38 0.99763 0.0244309 -0.064325 0.805504 -0.0251104 0.999637 -0.00977606 -0.00963922 0.0640628 0.0113681 0.997881 0.592512
60 68 36 0.996926 0.0438183 -0.0649541 0.869697 -0.0435008 0.999034 0.00629444 -0.308544 0.0651672 -0.00344953 0.997868 0.385262
60 69 37 0.997229 0.0613685 -0.0420557 0.504303 -0.0616988 0.998073 -0.00659952 -0.0395205 0.0415697 0.00917602 0.999093 0.862622
60 70 40 0.995617 0.0375635 -0.0856435 0.83155 -0.0387711 0.99917 -0.0124807 -0.0169524 0.0851036 0.0157465 0.996248 0.555191
60 71 51 0.940902 0.186857 0.282467 -0.674639 -0.130891 0.969849 -0.205575 0.522633 -0.312364 0.156454 0.93699 0.521266
60 72 32 0.99698 0.0576488 -0.0520325 0.375075 -0.0585418 0.99816 -0.0158031 0.0656919 0.0510257 0.0188014 0.99852 0.924664
60 73 34 0.991951 0.0576141 -0.112753 0.697927 -0.0571554 0.998339 0.00729895 -0.145907 0.112986 -0.000795773 0.993596 0.701148
60 74 43 0.952822 0.0302916 -0.302013 0.913228 -0.0169687 0.998768 0.0466407 -0.236765 0.303054 -0.0393155 0.952162 0.331596
75 76 24 0.999899 0.0110545 0.00890912 -0.689941 -0.0110349 0.999937 -0.00224146 -0.104944 -0.00893333 0.00214292 0.999958 0.716218
75 77 10 0.999856 0.0163455 -0.00460057 -0.848804 -0.0164067 0.999773 -0.0135954 0.510767 0.00437731 0.0136689 0.999897 -0.136563
75 78 49 0.99929 0.036765 0.00821531 0.0259397 -0.0364601 0.998735 -0.0346133 0.210504 -0.00947747 0.0342892 0.999367 0.977249
75 79 62 0.999068 0.0169751 -0.0396936 0.833077 -0.0172938 0.999821 -0.00769905 -0.466969 0.0395558 0.00837832 0.999182 0.296519
75 80 50 0.999575 0.0229962 -0.0179302 0.660615 -0.0236365 0.999059 -0.0363587 -0.144126 0.0170773 0.0367671 0.999178 0.73676
75 81 45 0.997625 0.0329889 -0.0604684 0.852863 -0.0341715 0.999242 -0.0186275 -0.356406 0.0598081 0.0206495 0.997996 0.381575
75 82 41 0.999928 0.010403 0.00603617 0.378181 -0.0100231 0.998156 -0.059869 -0.0345505 -0.00664785 0.0598041 0.998188 0.925087
75 83 58 0.979987 0.0104688 -0.198788 0.828899 0.00470046 0.997121 0.0756836 -0.557788 0.199008 -0.0751033 0.977116 0.0424084
75 84 48 0.995683 0.040588 -0.0834742 0.79353 -0.041219 0.999133 -0.00584928 -0.479756 0.0831644 0.00926476 0.996493 0.374359
75 85 54 0.982734 0.0145927 -0.184448 0.870098 -0.00945069 0.999543 0.0287264 -0.478343 0.184782 -0.0264872 0.982422 0.118815
75 86 35 0.999941 0.0008251 0.0108712 0.383813 0.00011771 0.996257 -0.0864406 -0.0404974 -0.0109018 0.0864368 0.996198 0.922522
75 87 39 0.993524 0.0369296 -0.107453 0.887485 -0.0402169 0.998782 -0.028588 -0.457821 0.106266 0.0327243 0.993799 0.0526313
75 88 38 0.996501 0.0690155 0.047141 -0.0372593 -0.0631583 0.991228 -0.116093 0.116696 -0.0547397 0.11271 0.992119 0.992469
75 89 49 0.972106 0.0262522 -0.233068 0.92973 -0.0312677 0.999352 -0.0178503 -0.294961 0.232448 0.0246399 0.972297 0.220455
90 91 0 1 0 0 0 0 1 0 0 0 0 1 0
90 92 16 0.999875 0.0110623 0.0112921 -0.915551 -0.0111504 0.999908 0.00776824 -0.0629005 -0.0112052 -0.00789318 0.999906 0.397254
90 93 55 0.999061 0.0202567 -0.0383096 0.994373 -0.019897 0.999755 0.00974717 0.0659062 0.0384976 -0.00897577 0.999218 0.0829408
90 94 49 0.998859 0.0198816 0.0434142 -0.900572 -0.0208817 0.999524 0.0227051 -0.115223 -0.0429421 -0.0235858 0.998799 0.419158
90 95 11 0.999664 0.0257543 -0.00308253 -0.944265 -0.02566 0.999293 0.0274799 -0.122759 0.00378808 -0.0273915 0.999618 0.30544
90 96 40 0.99442 0.0550774 -0.0899755 0.974047 -0.0523977 0.998117 0.0318791 0.113055 0.091562 -0.0269867 0.995434 -0.196092
90 97 45 0.994938 0.0580739 -0.0820057 0.983817 -0.0544899 0.997487 0.0452882 0.101783 0.0844296 -0.0405905 0.995602 -0.147461
90 98 33 0.99641 0.0772574 -0.0346293 0.981109 -0.0747782 0.994884 0.0679313 0.123394 0.0397004 -0.0650979 0.997089 -0.148993
90 99 25 0.989635 0.143287 -0.0095512 0.169894 -0.141304 0.983477 0.113163 -0.239679 0.0256082 -0.11064 0.993531 -0.955871
90 100 38 0.984636 0.101685 -0.141961 0.947641 -0.0943054 0.993864 0.0577973 0.319313 0.146967 -0.0435216 0.988184 -0.00389287
90 101 14 0.993407 0.11453 0.00507961 0.354258 -0.114317 0.986271 0.119166 0.104443 0.00863826 -0.118961 0.992861 -0.929297
90 102 15 0.991532 0.128977 0.0151675 -0.217648 -0.129859 0.983483 0.12609 -0.286841 0.00134581 -0.126992 0.991903 -0.932926
90 103 33 0.981441 0.141956 -0.12893 0.958108 -0.129116 0.986261 0.103047 0.286384 0.141787 -0.0844878 0.986285 0.00373457
90 104 26 0.990273 0.131214 -0.0462794 0.970196 -0.123205 0.981506 0.146517 -0.00507106 0.0646486 -0.13939 0.988125 -0.24227
105 106 0 1 0 0 0 0 1 0 0 0 0 1 0
105 107 64 0.998227 0.0296831 -0.0515845 0.920605 -0.0297883 0.999555 -0.00127145 0.251333 0.0515239 0.00280581 0.998668 -0.298862
105 108 26 0.999675 0.025111 -0.00434932 -0.945946 -0.0250327 0.999539 0.017201 -0.224733 0.00477925 -0.0170865 0.999843 -0.233839
105 109 41 0.997691 0.0359695 -0.0576107 0.860606 -0.0355918 0.999338 0.00756886 0.30947 0.0578448 -0.00550091 0.99831 -0.404456
105 110 40 0.994094 0.0396645 -0.101017 0.86514 -0.0386748 0.999183 0.0117382 0.252497 0.1014 -0.00776203 0.994815 -0.433334
105 111 30 0.999723 0.0206795 -0.0112588 -0.940391 -0.020083 0.99851 0.0507355 -0.324972 0.0122912 -0.0504953 0.998649 0.100289
105 112 17 0.999299 0.0311646 -0.0207524 -0.856173 -0.0301675 0.998451 0.0467423 -0.221281 0.022177 -0.0460835 0.998691 -0.466907
105 113 44 0.999977 0.00561078 0.00379542 -0.383499 -0.00581673 0.998379 0.056625 -0.278933 -0.00347156 -0.0566458 0.998388 0.880412
105 114 22 0.999323 0.0350957 -0.0110509 -0.633338 -0.0346261 0.998594 0.04015 -0.154187 0.0124445 -0.0397402 0.999133 -0.75836
105 115 28 0.992389 0.122874 -0.00809283 -0.125322 -0.121859 0.989397 0.0790198 -0.14657 0.0177165 -0.0774322 0.99684 0.98123
105 116 20 0.998439 0.0272873 -0.0487302 0.936743 -0.0260085 0.999305 0.0266869 0.177327 0.0494246 -0.0253779 0.998455 0.301775
105 117 20 0.966034 0.255468 -0.0389119 0.140312 -0.250697 0.963023 0.0986821 -0.155989 0.0626832 -0.0855751 0.994358 0.977742
105 118 19 0.999225 0.0134629 0.0369857 0.0166187 -0.0156096 0.998173 0.058378 -0.0159453 -0.0361322 -0.0589101 0.997609 0.999735
105 119 12 0.967126 0.25346 -0.0206495 0.232861 -0.251699 0.965657 0.0644558 -0.280779 0.0362772 -0.0571394 0.997707 0.931096
120 121 0 1 0 0 0 0 1 0 0 0 0 1 0
120 122 33 0.99999 0.00177996 -0.00410927 0.939785 -0.00174976 0.999972 0.00734145 -0.27395 0.00412222 -0.00733419 0.999965 -0.204341
120 123 19 0.999726 -0.00716778 0.022305 0.946941 0.00718006 0.999974 -0.000470411 -0.303289 -0.022301 0.000630432 0.999751 0.106383
120 124 35 0.999939 -0.00361876 -0.0103957 0.949796 0.00372419 0.999942 0.0101401 -0.301061 0.0103584 -0.0101782 0.999895 0.0851449
120 125 26 0.999908 -0.00787365 0.0110035 0.934228 0.00784284 0.999965 0.00284026 -0.265258 -0.0110254 -0.0027537 0.999935 0.238446
120 126 22 0.999945 -0.00400305 -0.00971234 0.893484 0.00403136 0.999988 0.0028963 -0.220493 0.00970062 -0.00293529 0.999949 0.39124
120 127 21 0.99999 0.00407427 -0.0020476 0.92094 -0.00408089 0.999986 -0.00324148 -0.386481 0.00203437 0.0032498 0.999993 -0.0500228
120 128 24 0.999676 -0.00281783 0.0252878 -0.932039 0.00315998 0.999904 -0.0135003 0.354677 -0.0252473 0.0135758 0.999589 -0.0742167
120 129 27 0.999765 -0.00934556 0.0195673 -0.896095 0.00939054 0.999953 -0.00220806 0.313756 -0.0195458 0.00239129 0.999806 -0.31396
120 130 32 0.998502 0.00528832 -0.0544515 0.960419 -0.00445093 0.99987 0.0154884 -0.249521 0.0545264 -0.0152228 0.998396 0.123831
120 131 41 0.994682 0.0176899 -0.101461 0.954697 -0.0155383 0.999638 0.0219581 -0.269182 0.101813 -0.0202648 0.994597 0.126865
120 132 36 0.995399 0.0227469 -0.0930785 0.962872 -0.0212567 0.99963 0.0169707 -0.25686 0.0934301 -0.014914 0.995514 0.0830708
120 133 24 0.999402 -0.0210558 0.0274128 0.912387 0.0214772 0.999654 -0.0151711 -0.322336 -0.0270838 0.0157508 0.999509 0.252287
120 134 14 0.998903 -0.0460288 0.00861401 -0.872846 0.0460464 0.998938 -0.00185784 0.286211 -0.00851934 0.00225245 0.999961 -0.395252
135 136 12 0.999983 -0.00101134 0.005741 -0.986151 0.000978926 0.999984 0.00564647 0.00991643 -0.00574662 -0.00564076 0.999968 -0.165551
135 137 0 1 0 0 0 0 1 0 0 0 0 1 0
135 138 32 0.998894 0.0103173 -0.0458835 0.937477 -0.00914594 0.999629 0.0256655 0.162998 0.0461312 -0.0252175 0.998617 -0.30752
135 139 31 0.998182 0.0181613 -0.0574651 0.956322 -0.0163692 0.99937 0.0315046 0.120933 0.058001 -0.0305066 0.99785 -0.266125
135 140 40 0.999997 0.00238491 -0.000961217 -0.999051 -0.00234458 0.999198 0.0399745 -0.0296447 0.00105578 -0.0399721 0.9992 -0.0319258
135 141 23 0.99993 0.005991 -0.0102239 -0.972698 -0.0055015 0.998868 0.0472521 -0.049979 0.0104954 -0.0471925 0.998831 -0.226631
135 142 27 0.994318 0.0339011 -0.10091 0.901741 -0.0291074 0.998394 0.048604 0.134657 0.102396 -0.0453906 0.993708 -0.410769
135 143 27 0.993411 0.0332945 -0.109667 0.924411 -0.0272012 0.998026 0.0565974 0.12256 0.111335 -0.0532414 0.992356 -0.361169
135 144 26 0.991796 0.0533638 -0.116158 0.88803 -0.0467572 0.99717 0.0588781 0.171889 0.118971 -0.0529639 0.991484 0.426448
135 145 46 0.987614 0.0651932 -0.142721 0.959879 -0.0571246 0.996567 0.059924 0.184104 0.146138 -0.0510289 0.987947 -0.211515
135 146 34 0.986294 0.0631169 -0.152449 0.950809 -0.0532983 0.996284 0.0676591 0.100659 0.156153 -0.0586065 0.985993 -0.292969
135 147 27 0.988341 0.0758156 -0.132037 0.906133 -0.0672891 0.995421 0.0678893 0.104345 0.136579 -0.0582132 0.988917 -0.409922
135 148 25 0.985399 0.0866024 -0.146591 0.876326 -0.0779755 0.994923 0.0636176 0.115403 0.151356 -0.0512582 0.987149 -0.467692
135 149 40 0.995762 0.0867013 0.0306675 -0.966358 -0.0892962 0.991277 0.0969357 -0.177678 -0.0219955 -0.0992634 0.994818 -0.185967
150 151 53 0.999404 -0.00203105 -0.0344718 0.955823 0.002078 0.999997 0.00132649 0.26973 0.034469 -0.00139733 0.999405 -0.116825
150 152 38 0.998512 -0.00218562 -0.0544827 0.990091 0.00258353 0.99997 0.00723414 0.0385562 0.0544653 -0.00736414 0.998489 -0.135031
150 153 14 0.999574 -0.00591336 -0.0285698 -0.868578 0.00596395 0.999981 0.00168561 -0.14638 0.0285592 -0.00185528 0.99959 0.47344
150 154 18 0.997918 -0.0113113 -0.0634991 0.971659 0.0108978 0.999917 -0.00685352 0.0294467 0.0635713 0.00614724 0.997958 -0.234546
150 155 38 0.992997 -0.00602287 -0.117984 0.9617 0.00447108 0.9999 -0.0134128 0.0145019 0.118053 0.0127914 0.992925 -0.273721
150 156 33 0.994277 -0.00874976 -0.106479 0.838464 0.00729997 0.999875 -0.0139979 -0.0164202 0.106588 0.0131405 0.994216 -0.54471
150 157 29 0.992137 -0.0132306 -0.124456 0.945883 0.0110574 0.999774 -0.0181362 0.105099 0.124668 0.0166174 0.992059 -0.307019
150 158 31 0.991216 -0.0155656 -0.131331 0.888448 0.0140943 0.999827 -0.0121248 0.0444298 0.131498 0.0101672 0.991264 -0.456822
150 159 24 0.997847 -0.0284157 -0.0591125 -0.91563 0.02802 0.999579 -0.00751154 0.0505293 0.0593011 0.00583903 0.998223 -0.398833
150 160 20 0.997911 -0.030337 -0.0570329 -0.950118 0.0301658 0.999537 -0.00386129 0.00221811 0.0571237 0.00213278 0.998365 -0.311882
150 161 40 0.978789 0.00433212 -0.204826 0.959024 -0.00683287 0.99991 -0.0115034 0.123792 0.204758 0.012659 0.978731 -0.254852
150 162 39 0.977929 0.00582605 -0.208856 0.948381 -0.00702563 0.999963 -0.00500215 0.0903986 0.208819 0.00635909 0.977934 -0.303976
150 163 32 0.982036 0.00681587 -0.188568 0.954926 -0.00691931 0.999976 0.000109752 0.119693 0.188564 0.00119698 0.98206 -0.271642
150 164 26 0.982834 0.00452249 -0.184439 0.959337 -0.00294123 0.999957 0.00884603 0.113934 0.184471 -0.0081517 0.982804 -0.258246
165 166 0 1 0 0 0 0 1 0 0 0 0 1 0
165 167 0 1 0 0 0 0 1 0 0 0 0 1 0
165 168 72 0.997388 0.0271912 -0.0669201 0.95826 -0.0256734 0.999396 0.0234379 -0.1765 0.067517 -0.0216586 0.997483 -0.224912
165 169 46 0.997941 0.0317548 -0.0557279 0.684476 -0.0310669 0.999431 0.0131679 -0.0455395 0.0561143 -0.0114095 0.998359 0.727612
165 170 22 0.998257 0.0361386 -0.0466619 0.797333 -0.035428 0.999245 0.0159662 -0.0635415 0.0472037 -0.0142853 0.998783 0.600185
165 171 21 0.997378 0.0252901 -0.0678008 0.895603 -0.024043 0.999528 0.0191472 -0.0327843 0.068253 -0.0174668 0.997515 0.443645
165 172 23 0.99568 0.0463956 -0.0804319 0.329847 -0.0440588 0.998561 0.0305893 -0.0255384 0.0817354 -0.0269134 0.996291 0.943689
165 173 23 0.994355 0.0520146 -0.0924808 0.330593 -0.0495423 0.998356 0.0288324 -0.073196 0.0938285 -0.0240879 0.995297 0.940931
165 174 20 0.992108 0.0785546 -0.0977254 0.0425092 -0.0761602 0.996702 0.0280008 -0.16837 0.0996028 -0.020337 0.994819 0.984807
165 175 43 0.987698 0.0798158 -0.13447 0.896053 -0.0774651 0.996738 0.0226315 -0.162624 0.135838 -0.0119363 0.990659 0.413088
165 176 25 0.987954 0.0914067 -0.124865 0.420562 -0.0900494 0.995801 0.0164829 -0.14594 0.125848 -0.00504033 0.992037 0.895449
165 177 19 0.989795 0.0653687 -0.126621 -0.105768 -0.0657203 0.997837 0.00140359 -0.149846 0.126438 0.00693227 0.99195 0.983036
165 178 22 0.985285 0.0836613 -0.149042 0.855156 -0.0830212 0.996492 0.0105223 -0.134628 0.1494 0.00200619 0.988775 0.500582
165 179 34 0.967877 0.099081 -0.231079 0.993552 -0.0960975 0.995079 0.0241599 -0.0282412 0.232336 -0.0011777 0.972635 -0.109801
180 181 65 0.999602 0.0121183 -0.0254777 0.925037 -0.0118083 0.999855 0.0122819 -0.343404 0.0256228 -0.0119761 0.9996 -0.162418
180 182 0 1 0 0 0 0 1 0 0 0 0 1 0
180 183 72 0.992752 0.015874 -0.119128 0.97698 -0.0124321 0.999485 0.0295796 -0.192838 0.119536 -0.0278841 0.992438 -0.0912357
180 184 14 0.99946 0.0112078 -0.0308843 0.669594 -0.0110291 0.999921 0.00594952 0.015761 0.0309486 -0.00560568 0.999505 0.74256
180 185 0 1 0 0 0 0 1 0 0 0 0 1 0
180 186 45 0.998203 -0.0126741 0.0585734 -0.962134 0.01314 0.999885 -0.00757658 0.063233 -0.0584706 0.00833262 0.998254 0.265141
180 187 14 0.998259 0.00457144 -0.0588092 0.803833 -0.00425127 0.999975 0.00556817 -0.0323518 0.0588332 -0.00530846 0.998254 0.593974
180 188 14 0.998127 0.0075169 -0.0607092 0.19269 -0.00716852 0.999957 0.00595435 -0.164295 0.0607513 -0.005508 0.998138 0.967408
180 189 13 0.997486 0.0132367 -0.0696197 0.167928 -0.012471 0.999857 0.0114228 0.127389 0.0697609 -0.0105259 0.997508 -0.977534
180 190 23 0.997443 0.0109528 -0.0706225 0.945973 -0.00954924 0.999751 0.0201809 -0.0827955 0.070826 -0.0194549 0.997299 0.313497
180 191 13 0.995001 0.0222963 -0.0973405 0.757316 -0.0202034 0.999544 0.0224341 0.0116935 0.0977963 -0.0203554 0.994998 0.652944
180 192 10 0.994814 0.0317453 -0.0966351 0.218362 -0.0297968 0.999324 0.0215406 -0.130666 0.0972535 -0.0185495 0.995087 0.96708
180 193 17 0.994691 0.0263705 -0.0994696 -0.0887862 -0.0245605 0.999511 0.0193777 0.152529 0.0999319 -0.0168318 0.994852 -0.984303
180 194 16 0.994067 0.0322929 -0.103867 0.902866 -0.0306491 0.999379 0.0173842 -0.0887649 0.104363 -0.0140976 0.994439 0.420659
195 196 0 1 0 0 0 0 1 0 0 0 0 1 0
195 197 52 0.999868 0.010455 0.0124266 -0.902263 -0.0104257 0.999943 -0.00242003 0.173512 -0.0124512 0.00229015 0.99992 -0.394735
195 198 19 0.999504 0.018389 -0.0255756 0.954039 -0.0182377 0.999815 0.00613979 -0.110112 0.0256837 -0.0056703 0.999654 -0.278719
195 199 15 0.999527 0.0301914 -0.00589348 0.893202 -0.0301787 0.999542 0.0022322 -0.0682517 0.00595817 -0.00205328 0.99998 -0.444446
195 200 11 0.998977 0.043824 -0.0111168 0.959826 -0.0438511 0.999036 -0.00220898 -0.0826466 0.0110093 0.0026942 0.999936 -0.268147
195 201 43 0.995262 0.0440988 0.0866584 -0.957596 -0.0428031 0.998943 -0.016754 0.111785 -0.0873057 0.0129654 0.996097 -0.265544
195 202 16 0.996932 0.0538167 -0.056833 0.94616 -0.0542655 0.998506 -0.00638105 -0.125027 0.0564047 0.00944554 0.998363 -0.29858
195 203 13 0.996419 0.0628228 -0.0565898 0.81057 -0.063438 0.997944 -0.00913899 -0.0578864 0.0558993 0.0126962 0.998356 -0.582774
195 204 11 0.996241 0.0649198 -0.0573449 0.307125 -0.0655539 0.997806 -0.00924369 -0.194287 0.056619 0.0129681 0.998312 0.931626
195 205 28 0.997676 0.0258847 0.0630224 -0.919837 -0.0245649 0.999464 -0.0216287 0.170798 -0.0635485 0.0200303 0.997778 -0.353168
195 206 34 0.990602 0.0722158 -0.116159 0.947253 -0.0727686 0.997349 -0.000519851 -0.0916247 0.115813 0.00896767 0.993231 -0.30711
195 207 17 0.993059 0.0541202 -0.104426 0.891025 -0.0543494 0.998522 0.000651214 -0.0902618 0.104307 0.00502882 0.994532 -0.444891
195 208 30 0.941694 0.0179433 0.335991 -0.969841 0.00437077 0.99784 -0.0655389 0.167669 -0.336442 0.0631862 0.939582 -0.176907
195 209 25 0.987282 0.0889994 -0.131735 0.742377 -0.0905343 0.995877 -0.00569608 0.00355759 0.130685 0.0175502 0.991269 -0.669973
210 211 15 0.999961 -0.00868205 -0.0016662 -0.688121 0.0086858 0.99996 0.00225738 -0.0584615 0.00164653 -0.00227176 0.999996 0.723237
210 212 12 0.999561 -0.0260768 -0.0140704 -0.162807 0.0261163 0.999655 0.00262851 0.182698 0.013997 -0.00299482 0.999898 -0.969595
210 213 35 0.995323 -0.00606933 -0.0964171 0.895783 0.00566444 0.999974 -0.00447248 0.0668529 0.0964417 0.00390541 0.995331 0.439435
210 214 19 0.998116 -0.0123711 -0.0600948 -0.0737694 0.0121825 0.99992 -0.00350352 -0.156363 0.0601333 0.00276482 0.998187 0.984941
210 215 12 0.999291 -0.0122009 -0.0356109 0.0840362 0.0116701 0.999818 -0.0150781 0.131199 0.0357884 0.0146518 0.999252 -0.987788
210 216 32 0.983972 -0.00471392 -0.178262 0.986451 0.00583702 0.999966 0.00577633 -0.119205 0.178228 -0.00672426 0.983966 0.112711
210 217 19 0.997302 -0.00839254 -0.0729206 -0.993539 0.00761302 0.999911 -0.0109614 0.113224 0.0730061 0.0103767 0.997278 -0.00783934
210 218 10 0.994578 -0.00372095 -0.103924 0.985063 0.0028007 0.999956 -0.00899958 -0.148777 0.103953 0.00865972 0.994544 0.0866925
210 219 16 0.990731 0.0019643 -0.135822 0.940654 -0.0022085 0.999996 -0.00164728 -0.151429 0.135818 0.00193198 0.990732 0.303708
210 220 13 0.9913 -0.000880086 -0.131616 0.393335 0.0009899 0.999999 0.000768931 -0.0699457 0.131615 -0.000892529 0.9913 0.916731
210 221 27 0.849294 0.0868583 -0.520725 0.920494 -0.044667 0.994658 0.0930604 -0.21648 0.526027 -0.0557764 0.848637 0.32531
210 222 0 1 0 0 0 0 1 0 0 0 0 1 0
210 223 12 0.98787 -0.0952942 0.122608 -0.242395 -0.104189 -0.99221 0.0682958 -0.142985 0.115145 -0.0802418 -0.990103 0.959583
210 224 25 0.960782 0.0593585 -0.270878 0.951322 -0.0555798 0.99822 0.0216066 -0.23166 0.271679 -0.00570388 0.962371 0.203272
225 226 12 0.999984 0.00278526 -0.00498617 0.249349 -0.00278401 0.999996 0.000258749 0.0293785 0.00498687 -0.000244863 0.999988 -0.967968
225 227 16 0.99975 0.00688567 -0.0212567 0.280921 -0.0069146 0.999975 -0.00128771 -0.244889 0.0212473 0.00143437 0.999773 0.927962
225 228 16 0.99964 0.0101 -0.0248633 0.496962 -0.0101335 0.999948 -0.00121951 -0.125814 0.0248497 0.00147102 0.99969 0.858604
225 229 19 0.99943 0.010473 -0.0320805 0.351813 -0.0103271 0.999936 0.00471022 -0.183617 0.0321278 -0.00437624 0.999474 0.917885
225 230 53 0.995723 -0.00642039 -0.0921646 0.68784 0.00179481 0.998738 -0.0501836 0.711262 0.0923705 0.0498035 0.994478 0.144856
225 231 16 0.999016 0.00311424 -0.0442352 -0.289971 -0.00304871 0.999994 0.00154885 -0.129365 0.0442398 -0.00141246 0.99902 0.948252
225 232 18 0.999232 0.0050729 -0.0388643 -0.75212 -0.00493483 0.999981 0.00364785 -0.0762067 0.0388821 -0.00345326 0.999238 0.654606
225 233 14 0.998077 0.00235777 -0.0619483 0.918349 -0.00196236 0.999977 0.006443 -0.0816793 0.0619621 -0.00630904 0.998059 0.387251
225 234 21 0.997908 0.000963376 -0.0646407 -0.27143 -0.000423764 0.999965 0.00836105 -0.185729 0.0646465 -0.00831617 0.997874 0.944368
225 235 15 0.997391 0.00817862 -0.0717224 0.739467 -0.00739809 0.999911 0.0111416 -0.0642034 0.0718071 -0.0105819 0.997362 -0.670124
225 236 25 0.997236 0.00663319 -0.0740019 -0.219342 -0.0056791 0.999898 0.0130958 -0.10719 0.0740812 -0.0126393 0.997172 0.969742
225 237 18 0.996085 0.011116 -0.0876988 0.471011 -0.00992319 0.999852 0.0140257 0.0722511 0.0878418 -0.0131006 0.996048 -0.879163
225 238 14 0.994941 0.0133769 -0.0995659 -0.643083 -0.01155 0.999755 0.0189026 -0.0794292 0.0997943 -0.0176569 0.994851 0.761666
225 239 28 0.996321 0.00859581 -0.0852708 -0.995457 -0.0065802 0.999693 0.0238906 -0.0125578 0.08545 -0.0232416 0.996071 0.0943759
240 241 32 0.999942 -0.00152467 0.0106147 -0.978946 0.00153887 0.999998 -0.00132996 0.0887498 -0.0106127 0.00134622 0.999943 0.183814
240 242 67 0.998284 0.0128668 -0.0571346 0.990944 -0.0127334 0.999915 0.00269767 -0.0142386 0.0571645 -0.00196552 0.998363 0.133522
240 243 19 0.999278 0.010326 -0.0365522 0.966974 -0.0101335 0.999934 0.00544881 -0.121872 0.0366061 -0.00507447 0.999317 -0.223848
240 244 17 0.998292 0.0164029 -0.0560713 0.993973 -0.0161186 0.999855 0.00551778 -0.106787 0.0561537 -0.00460456 0.998412 -0.0248021
240 245 17 0.998349 0.010426 -0.0564883 0.630839 -0.0100121 0.999921 0.00760466 0.00261147 0.0565631 -0.00702653 0.998374 0.77591
240 246 31 0.999051 0.0203849 -0.0384856 -0.991814 -0.0202996 0.999791 0.00260441 0.0708185 0.0385306 -0.0018207 0.999256 0.106252
240 247 35 0.990785 0.0330076 -0.131362 0.995209 -0.0316161 0.99942 0.0126648 -0.0831487 0.131704 -0.00839488 0.991254 -0.0514343
240 248 16 0.996318 0.0326981 -0.0792534 0.991968 -0.0323491 0.99946 0.00568405 -0.101143 0.0793965 -0.00309934 0.996838 -0.0759572
240 249 16 0.994441 0.034727 -0.0994027 0.94905 -0.0340312 0.999383 0.00868789 -0.0928755 0.099643 -0.00525681 0.995009 0.301127
240 250 15 0.992449 0.049892 -0.112052 0.381552 -0.0498004 0.998753 0.00361774 0.102805 0.112093 0.00198983 0.993696 -0.918613
240 251 12 0.991418 0.0578998 -0.11721 0.421907 -0.0596778 0.998149 -0.0117139 0.112783 0.116315 0.0186082 0.993038 -0.899597
240 252 12 0.987732 0.104534 -0.11601 0.410448 -0.107353 0.994052 -0.0183031 -0.0277225 0.113406 0.0305325 0.993079 -0.911463
240 253 0 1 0 0 0 0 1 0 0 0 0 1 0
240 254 18 0.98899 0.0723673 -0.129084 0.432909 -0.0749949 0.997062 -0.0156057 0.140847 0.127575 0.0251145 0.991511 -0.890366
255 256 11 0.999993 -0.00366602 0.000625122 -0.329162 0.00366253 0.999978 0.00549436 -0.124779 -0.000645251 -0.00549203 0.999985 0.935993
255 257 0 1 0 0 0 0 1 0 0 0 0 1 0
255 258 18 0.999909 -0.00576487 -0.0122354 0.35778 0.00605092 0.999706 0.0234717 -0.0531016 0.0120965 -0.0235436 0.99965 0.932295
255 259 13 0.999938 0.00112007 -0.0110837 -0.737389 -0.000835973 0.999672 0.0256038 -0.0371794 0.0111087 -0.025593 0.999611 -0.674445
255 260 18 0.998684 0.0150498 -0.0490248 0.989162 -0.0137043 0.999523 0.027668 0.110197 0.0494178 -0.0269598 0.998414 0.097037
255 261 12 0.999787 0.0187024 -0.00870563 -0.361121 -0.0183419 0.999039 0.0397986 -0.1006 0.0094416 -0.0396304 0.99917 0.927077
255 262 18 0.99969 0.024895 7.09572e-05 -0.571946 -0.0248859 0.999238 0.030064 -0.0255972 0.000677542 -0.0300565 0.999548 0.819892
255 263 19 0.997309 0.0125926 -0.0722195 0.77998 -0.0105988 0.999554 0.0279251 0.0151193 0.0725389 -0.0270845 0.996998 0.625622
255 264 12 0.998909 -0.0299581 -0.0358353 0.282833 0.0309172 0.99917 0.0265157 -0.267314 0.0350113 -0.0275947 0.999006 0.921167
255 265 19 0.998967 0.000624877 -0.0454377 0.263918 0.000294584 0.999795 0.0202261 -0.046027 0.0454411 -0.0202186 0.998762 0.963446
255 266 27 0.987397 0.0042879 -0.158208 0.935366 -0.00402769 0.99999 0.00196536 0.0795146 0.158215 -0.00130337 0.987404 0.344628
255 267 25 0.914364 -0.0382435 -0.403082 0.928549 0.0591484 0.997466 0.0395368 -0.0601336 0.400549 -0.0599927 0.914309 0.366308
255 268 24 0.805115 0.0215157 -0.592728 0.872349 -0.0549849 0.997746 -0.0384695 0.0674978 0.590564 0.0635635 0.804484 0.484202
255 269 26 0.988655 0.0252004 -0.148073 0.896109 -0.0269445 0.999589 -0.00978446 0.105396 0.147765 0.0136632 0.988928 0.431139
270 271 31 0.99611 -0.00142833 -0.0881029 0.868439 0.00556342 0.998893 0.0467071 -0.479423 0.0879387 -0.0470156 0.995016 0.126362
270 272 0 1 0 0 0 0 1 0 0 0 0 1 0
270 273 12 0.999371 0.0353976 -0.00217135 0.0978866 -0.0354131 0.999344 -0.00758771 -0.306355 0.00190134 0.00765983 0.999969 0.946871
270 274 15 0.998903 0.0138898 -0.0447202 0.772859 -0.0138105 0.999902 0.00208113 -0.196717 0.0447448 -0.00146124 0.998997 0.603316
270 275 16 0.998583 0.0293853 -0.0443723 0.815991 -0.0293912 0.999568 0.00051848 -0.247633 0.0443684 0.000786412 0.999015 0.522337
270 276 22 0.94174 0.103119 -0.320145 0.87564 -0.0912464 0.994474 0.0519101 -0.233353 0.323729 -0.0196737 0.945945 0.422848
270 277 25 0.990189 0.0227986 -0.137863 0.914216 -0.0185463 0.999314 0.0320509 -0.292658 0.138499 -0.0291796 0.989933 0.280287
270 278 15 0.998455 0.0220993 -0.050978 0.804838 -0.0220238 0.999755 0.0020433 -0.26908 0.0510107 -0.000917418 0.998698 0.528992
270 279 13 0.998405 0.01254 -0.0550498 0.751932 -0.0126728 0.999918 -0.00206407 -0.192287 0.0550194 0.00275841 0.998481 0.630574
270 280 0 1 0 0 0 0 1 0 0 0 0 1 0
270 281 16 0.998873 0.0354172 -0.0315904 0.72846 -0.0354297 0.999372 0.000162402 -0.23759 0.0315763 0.00095702 0.999501 0.64257
270 282 21 0.995695 0.0103566 -0.0921059 0.821819 -0.009356 0.999893 0.0112886 -0.198318 0.0922129 -0.0103783 0.995685 0.534119
270 283 23 0.99287 0.0509371 -0.107772 0.871572 -0.0503147 0.998697 0.00848762 -0.197778 0.108064 -0.0030046 0.994139 0.448605
270 284 14 0.999302 0.0261905 -0.026646 0.612475 -0.0261418 0.999656 0.00217504 -0.240008 0.0266938 -0.00147695 0.999643 0.753174
285 286 12 0.999984 0.00553962 0.000708516 -0.141361 -0.00554084 0.999983 0.00173396 0.0542813 -0.000698899 -0.00173786 0.999998 -0.988469
285 287 18 0.999869 -0.00395542 -0.0157097 0.983197 0.00404022 0.999977 0.00536992 -0.111587 0.0156881 -0.00543269 0.999862 -0.14447
285 288 56 0.999128 0.0018431 -0.0417001 0.982555 -0.00150197 0.999965 0.00821033 -0.100958 0.0417138 -0.00814055 0.999096 0.156182
285 289 0 1 0 0 0 0 1 0 0 0 0 1 0
285 290 57 0.99911 0.00650222 0.0416787 -0.959628 -0.00621625 0.999956 -0.00698712 0.13498 -0.0417223 0.00672181 0.999107 -0.246768
285 291 47 0.99932 0.0133049 0.0343995 -0.883492 -0.0130752 0.999891 -0.00689222 0.167801 -0.0344875 0.00643775 0.999384 -0.437361
285 292 32 0.999684 0.011898 -0.0221599 0.988783 -0.0118491 0.999927 0.00233591 -0.128175 0.0221861 -0.00207259 0.999752 -0.0766774
285 293 18 0.99916 0.0250457 -0.0324384 0.178424 -0.0248341 0.999668 0.00690935 0.0784024 0.0326007 -0.00609797 0.99945 -0.980825
285 294 43 0.99778 0.0385775 -0.0542767 0.997661 -0.0384676 0.999255 0.00306684 0.00927721 0.0543546 -0.000972132 0.998521 0.0677198
285 295 33 0.995413 0.0531263 0.0795683 -0.873195 -0.053023 0.998587 -0.00341127 0.106414 -0.0796372 -0.00082333 0.996824 -0.475612
285 296 32 0.996906 0.0660319 -0.0426466 0.946181 -0.0651271 0.997628 0.0222714 -0.111445 0.0440161 -0.019425 0.998842 -0.303846
285 297 22 0.996963 0.0749142 0.0212927 -0.723064 -0.0754305 0.996848 0.0245771 0.0455768 -0.0193845 -0.0261085 0.999471 -0.689276
285 298 36 0.996683 0.0779431 -0.0233893 0.97126 -0.0771236 0.996438 0.0341012 -0.11384 0.0259639 -0.0321843 0.999145 -0.209034
285 299 37 0.994841 0.0993214 -0.0206499 0.964741 -0.0985737 0.994531 0.034528 -0.115632 0.0239663 -0.0323143 0.99919 -0.236438
300 301 11 0.9999 0.013266 0.0048801 0.281197 -0.0132605 0.999911 -0.00114921 -0.0892286 -0.00489491 0.00108438 0.999987 -0.955493
300 302 0 1 0 0 0 0 1 0 0 0 0 1 0
300 303 0 1 0 0 0 0 1 0 0 0 0 1 0
300 304 46 0.999699 0.0165913 0.0180955 -0.995223 -0.0163783 0.999796 -0.0118575 0.0918695 -0.0182885 0.0115576 0.999766 0.0330353
300 305 44 0.99973 0.0117551 0.020026 -0.978177 -0.0113307 0.999712 -0.0211767 0.20774 -0.0202692 0.0209441 0.999575 0.00367028
300 306 29 0.999542 0.0226357 0.0200782 -0.984207 -0.0220285 0.999308 -0.0299614 0.0913772 -0.0207425 0.0295054 0.999349 0.151611
300 307 48 0.9996 0.0159757 0.0233163 -0.989832 -0.0151792 0.999308 -0.0339477 0.107715 -0.0238425 0.0335803 0.999152 -0.0929026
300 308 48 0.999884 0.0129777 0.00796632 -0.854105 -0.0127073 0.999371 -0.0330972 0.160298 -0.00839084 0.0329921 0.99942 -0.494781
300 309 51 0.999494 0.00356732 0.0316012 -0.964113 -0.00237647 0.999288 -0.0376417 0.150979 -0.031713 0.0375475 0.998792 -0.218384
300 310 36 0.999235 -0.00163536 -0.0390809 0.957001 0.000406665 0.999506 -0.0314272 -0.0722675 0.0391129 0.0313872 0.998742 -0.280938
300 311 18 0.99829 -0.000298292 -0.0584466 0.993287 -0.00138636 0.999585 -0.0287812 -0.0624758 0.0584309 0.028813 0.997876 -0.0973564
300 312 15 0.997862 0.00940963 -0.0646794 0.860198 -0.0114856 0.999428 -0.0317993 -0.0365866 0.0643432 0.0324742 0.997399 -0.508646
300 313 31 0.997779 -0.00417186 -0.0664772 0.991831 0.00176826 0.999344 -0.0361747 -0.0903884 0.0665845 0.0359768 0.997132 0.0900076
300 314 21 0.996852 -0.000211239 -0.0792829 0.946532 -0.00310565 0.999125 -0.0417105 -0.00396416 0.0792223 0.0418254 0.995979 -0.322587
315 316 16 0.999991 0.00244374 -0.00356843 0.228819 -0.0024461 0.999997 -0.000659484 0.137979 0.00356681 0.000668207 0.999993 -0.963641
315 317 35 0.999943 -0.00623822 0.00869027 -0.956541 0.00634697 0.999901 -0.0125437 0.129119 -0.00861116 0.0125982 0.999884 -0.261453
315 318 78 0.999163 0.00240109 -0.0408354 0.969535 -0.00269348 0.999971 -0.00710673 -0.175826 0.0408172 0.00721077 0.999141 -0.170547
315 319 31 0.999989 -0.000863435 0.00468999 -0.99413 0.000932203 0.999892 -0.0146803 -0.0111588 -0.00467681 0.0146845 0.999881 0.10762
315 320 75 0.997441 -0.00517738 -0.0713045 0.950623 0.00525047 0.999986 0.000837657 -0.285598 0.0712992 -0.0012099 0.997454 -0.121446
315 321 30 0.999554 -0.00759031 -0.0288682 -0.791517 0.00713802 0.999851 -0.0157383 0.0957274 0.0289833 0.0155252 0.999459 -0.603604
315 322 45 0.999316 -0.0115632 -0.0351346 0.866004 0.0108308 0.999722 -0.0209644 -0.0422713 0.0353672 0.0205695 0.999163 -0.498247
315 323 46 0.998735 -0.0103287 -0.0492203 0.897328 0.00933081 0.999747 -0.0204606 -0.0689702 0.0494192 0.0199754 0.998578 -0.435943
315 324 53 0.997209 -0.00628494 -0.0744007 0.968904 0.00502585 0.999841 -0.0170982 -0.0617036 0.0744964 0.0166766 0.997082 -0.23962
315 325 71 0.994 -0.00297883 -0.109343 0.993439 0.00146141 0.999902 -0.0139551 -0.0707707 0.109374 0.0137116 0.993906 -0.0898403
315 326 40 0.998516 -0.0147877 -0.0524075 0.947289 0.0137839 0.999716 -0.0194643 -0.0205014 0.0526804 0.018713 0.998436 -0.319723
315 327 55 0.997682 -0.0144678 0.0664937 -0.953777 0.0162788 0.999509 -0.0267748 0.106909 -0.0660737 0.0277951 0.997428 -0.280854
315 328 57 0.999213 0.0048153 0.0393824 -0.873274 -0.00385421 0.999694 -0.0244435 0.106903 -0.0394881 0.0242724 0.998925 -0.475357
315 329 33 0.996454 0.0123049 -0.0832389 0.97499 -0.0140683 0.999688 -0.0206319 -0.0398845 0.0829591 0.0217298 0.996316 -0.218642
330 331 27 0.999978 0.00519515 0.00409819 0.0722514 -0.00520963 0.99998 0.00352941 -0.0264467 -0.00407977 -0.00355068 0.999985 -0.997036
330 332 34 0.999823 -0.00621357 -0.0177632 0.990497 0.00626985 0.999975 0.00311447 -0.0397935 0.0177434 -0.00322529 0.999837 -0.131648
330 333 27 0.999893 -0.00022088 0.0146033 -0.430058 0.000272473 0.999994 -0.00353107 0.0959458 -0.0146025 0.00353467 0.999887 -0.897688
330 334 37 0.999149 -0.00906941 0.0402408 -0.861282 0.00949906 0.9999 -0.0104985 0.128513 -0.0401415 0.0108718 0.999135 -0.491608
330 335 26 0.999929 -0.00930025 0.00745304 -0.991792 0.00937597 0.999904 -0.0101901 0.0678491 -0.00735756 0.0102592 0.99992 -0.108375
330 336 53 0.996172 -0.0186598 0.0854024 -0.983387 0.0202305 0.999641 -0.0175639 0.0805502 -0.085044 0.0192244 0.996192 -0.162669
330 337 40 0.997216 -0.0233377 0.0708234 -0.985112 0.0247025 0.999524 -0.0184566 0.0663653 -0.070359 0.0201547 0.997318 -0.158586
330 338 42 0.998354 0.008039 -0.0567942 0.987402 -0.00914539 0.999773 -0.0192477 -0.0484556 0.0566266 0.0197354 0.9982 -0.150629
330 339 21 0.999796 -0.0152214 0.013261 -0.987383 0.0156231 0.999405 -0.0307368 0.0458776 -0.0127852 0.0309377 0.99944 0.15156
330 340 23 0.999238 -0.00305224 -0.038903 0.961484 0.00176894 0.999454 -0.032979 -0.0217981 0.0389824 0.0328851 0.998699 -0.273996
330 341 32 0.999485 -0.0070637 -0.0312894 0.901305 0.00589746 0.99929 -0.0372093 0.0105137 0.03153 0.0370056 0.998818 -0.433057
330 342 41 0.986529 -0.0181121 0.162582 -0.905953 0.0253804 0.998764 -0.0427398 0.116225 -0.161607 0.0462904 0.985769 -0.407112
330 343 33 0.99837 -0.00763761 -0.0565668 0.905545 0.00609718 0.999607 -0.0273546 0.00523239 0.0567535 0.0269651 0.998024 -0.424218
330 344 32 0.999748 -0.0083933 -0.0208164 0.847242 0.00774794 0.999493 -0.0308916 0.030399 0.0210652 0.0307226 0.999306 -0.530337
345 346 0 1 0 0 0 0 1 0 0 0 0 1 0
