0 1 108 0.999966 0.00670479 -0.00488129 0.0608413 -0.00670531 0.999978 -8.96456e-05 0.230671 0.00488058 0.000122373 0.999988 -0.971128
0 2 405 0.998847 0.0249872 -0.0409946 0.663796 -0.0258991 0.999425 -0.0218649 0.413388 0.0404247 0.0229014 0.99892 -0.623287
0 3 315 0.998317 0.0290725 -0.050184 0.909415 -0.0306255 0.999067 -0.0304602 0.358892 0.0492516 0.0319459 0.998275 -0.210146
0 4 246 0.997945 0.0211028 -0.0604973 0.787292 -0.0212682 0.999772 -0.00209218 0.240924 0.0604394 0.00337455 0.998166 -0.567563
0 5 252 0.997537 0.0240627 -0.0658841 0.888948 -0.0239966 0.99971 0.00179413 0.25677 0.0659082 -0.000208718 0.997826 -0.379264
0 6 262 0.996471 0.0254812 -0.0799725 0.891805 -0.0251263 0.999669 0.0054408 0.233739 0.0800847 -0.00341219 0.996782 -0.387363
0 7 196 0.994699 0.031849 -0.097772 0.874997 -0.0314789 0.99949 0.00532514 0.236356 0.0978918 -0.00221916 0.995195 -0.422512
0 8 224 0.992987 0.0354275 -0.112788 0.886517 -0.0344612 0.999351 0.0105062 0.218724 0.113087 -0.00654571 0.993564 -0.407733
0 9 144 0.992022 0.0333518 -0.121577 0.892146 -0.031924 0.999397 0.0136735 0.217153 0.121959 -0.00968318 0.992488 -0.396131
0 10 234 0.98932 0.0385608 -0.140564 0.889108 -0.0371144 0.999228 0.0128983 0.219256 0.140953 -0.00754363 0.989988 -0.401764
0 11 198 0.98665 0.0460918 -0.156195 0.889674 -0.0450087 0.998932 0.0104656 0.220837 0.15651 -0.00329573 0.987671 -0.399638
0 12 194 0.982907 0.0536157 -0.176121 0.898494 -0.0524613 0.99856 0.0112081 0.21187 0.176469 -0.00177699 0.984305 -0.384473
0 13 145 0.980347 0.0657952 -0.185987 0.904287 -0.0648747 0.997832 0.0110379 0.214854 0.18631 0.00124489 0.98249 -0.368922
0 14 171 0.977131 0.0743033 -0.199233 0.905237 -0.0735179 0.997229 0.0113472 0.212721 0.199524 0.00355946 0.979887 -0.367826
15 16 0 1 0 0 0 0 1 0 0 0 0 1 0
15 17 164 0.999769 -0.00390241 -0.0211204 0.668744 0.00371914 0.999955 -0.0087096 0.249845 0.0211534 0.00862904 0.999739 -0.700256
15 18 231 0.999552 0.00122751 -0.0298905 0.697562 -0.0012705 0.999998 -0.00141929 0.205705 0.0298887 0.00145663 0.999552 -0.686362
15 19 230 0.999831 0.00794978 -0.0166036 0.686138 -0.00781111 0.999934 0.0084001 0.139052 0.0166693 -0.00826898 0.999827 -0.714058
15 20 200 0.997205 -0.000383061 -0.0747064 0.888193 0.000694467 0.999991 0.00414246 0.195584 0.0747042 -0.00418277 0.997197 -0.415765
15 21 176 0.994257 -0.000877196 -0.107019 0.88279 0.00154435 0.99998 0.00615124 0.203861 0.107011 -0.00628118 0.994238 -0.423229
15 22 201 0.993591 0.0135994 -0.112211 0.933022 -0.0142642 0.999885 -0.00512419 0.220806 0.112129 0.00669196 0.993671 -0.284103
15 23 166 0.991006 0.0193288 -0.132413 0.946455 -0.0205149 0.999761 -0.00759922 0.198001 0.132234 0.0102473 0.991166 -0.254988
15 24 161 0.987842 0.025376 -0.153378 0.947879 -0.0273803 0.999565 -0.0109694 0.174966 0.153033 0.0150355 0.988107 -0.266296
15 25 149 0.981481 0.028584 -0.189417 0.902399 -0.0313512 0.999441 -0.0116284 0.141468 0.188979 0.0173515 0.981828 -0.407017
15 26 118 0.981275 0.036326 -0.189156 0.949652 -0.0417048 0.998829 -0.0245322 0.145946 0.188043 0.0319615 0.981641 -0.277237
15 27 90 0.973122 0.0370762 -0.227285 0.982813 -0.0484093 0.997836 -0.0444911 0.137881 0.225144 0.054298 0.972811 -0.122752
15 28 95 0.969333 0.0461157 -0.241383 0.970269 -0.058395 0.997325 -0.043963 0.118093 0.23871 0.0567104 0.969433 -0.211264
15 29 98 0.970393 0.0691061 -0.231436 0.941357 -0.0833792 0.995136 -0.0524575 0.0454277 0.226685 0.0702014 0.971435 -0.334339
30 31 13 0.999981 0.00588284 0.00206766 -0.268355 -0.00589428 0.999967 0.00556784 0.0895742 -0.00203484 -0.00557992 0.999982 0.959146
30 32 245 0.999103 -0.00165307 -0.0423098 0.984804 0.00186579 0.999986 0.00498866 -0.0389928 0.0423009 -0.00506313 0.999092 0.169237
30 33 149 0.997261 0.0079282 -0.073536 0.935516 -0.00726454 0.99993 0.00928813 -0.0435712 0.0736045 -0.00872848 0.997249 0.350587
30 34 116 0.995217 0.0282272 -0.0935167 0.932213 -0.0276808 0.999591 0.00713577 -0.0133185 0.0936799 -0.00451303 0.995592 0.361666
30 35 36 0.989941 0.0358883 -0.136855 0.855174 -0.0344661 0.999325 0.0127486 0.0136594 0.13722 -0.00790349 0.990509 0.518161
30 36 32 0.997591 0.068911 0.00793122 0.416507 -0.0691773 0.99678 0.0405484 0.140205 -0.00511145 -0.0409994 0.999146 0.898257
30 37 46 0.995951 0.0896962 -0.00600497 0.95244 -0.0898576 0.995267 -0.0369927 0.0036847 0.00265844 0.0373825 0.999297 -0.304703
30 38 84 0.993484 0.0652491 -0.0934504 0.98195 -0.0624053 0.997504 0.0330392 0.0504819 0.0953729 -0.0269921 0.995076 0.18228
30 39 97 0.992908 0.0634123 -0.100564 0.978536 -0.060059 0.997544 0.0360317 0.0552682 0.102602 -0.0297363 0.994278 0.198524
30 40 50 0.992452 0.0616598 -0.106002 0.969126 -0.0587871 0.997819 0.0300184 0.0523622 0.107622 -0.0235603 0.993913 0.240942
30 41 24 0.972838 0.185171 0.138921 -0.299297 -0.193976 0.979592 0.0526583 0.631409 -0.126335 -0.0781752 0.988903 0.715363
30 42 59 0.992081 0.0542832 -0.113264 0.989192 -0.0553079 0.998452 -0.00592211 0.125343 0.112767 0.0121396 0.993547 -0.0760865
30 43 77 0.988409 0.0644085 -0.137473 0.983663 -0.0620103 0.99784 0.0216612 0.0322969 0.138571 -0.0128854 0.990269 0.177097
30 44 50 0.985309 0.0660194 -0.157504 0.968347 -0.0638963 0.997785 0.0185107 0.0322571 0.158378 -0.00817477 0.987345 0.247514
45 46 0 1 0 0 0 0 1 0 0 0 0 1 0
45 47 259 0.998839 0.0120126 -0.0466443 0.977155 -0.0118976 0.999925 0.00274333 0.0647398 0.0466738 -0.00218519 0.998908 -0.202427
45 48 172 0.998014 0.0196118 -0.0598578 0.997857 -0.0194212 0.999804 0.00376471 0.0323672 0.0599199 -0.00259472 0.9982 -0.0568618
45 49 208 0.99738 0.0263274 -0.0673793 0.994516 -0.0259169 0.99964 0.00695949 0.0455403 0.0675382 -0.00519499 0.997703 -0.0941538
45 50 142 0.998402 0.0296305 -0.0481246 0.740006 -0.0288297 0.999435 0.0172509 0.0220653 0.0486086 -0.015836 0.998692 -0.672238
45 51 99 0.995112 0.0369327 -0.0915899 0.988962 -0.035365 0.9992 0.0186817 0.0389664 0.0922066 -0.0153513 0.995622 -0.142956
45 52 73 0.99309 0.0475243 -0.107299 0.997665 -0.0444139 0.998526 0.0311951 0.0218549 0.108624 -0.0262139 0.993737 0.0647062
45 53 43 0.988676 0.137928 0.0591318 -0.112298 -0.14057 0.989131 0.0431186 0.235764 -0.0525418 -0.0509425 0.997319 0.9653
45 54 79 0.985858 0.0736604 -0.150529 0.993111 -0.0657529 0.996215 0.0568565 0.0258597 0.154147 -0.0461547 0.986969 0.114292
45 55 27 0.994918 0.0897731 -0.0455975 0.393489 -0.086088 0.993292 0.0772053 -0.141921 0.0522226 -0.0728875 0.995972 -0.908309
45 56 44 0.979221 0.115348 -0.166796 0.999317 -0.107441 0.99265 0.0557083 -0.0244221 0.171996 -0.03663 0.984416 -0.0277401
45 57 95 0.981485 0.131207 -0.139541 0.997838 -0.127592 0.991224 0.0345879 0.0254485 0.142854 -0.0161432 0.989612 0.0605878
45 58 48 0.979837 0.145733 -0.136678 0.997352 -0.143386 0.989301 0.0269172 0.021854 0.139139 -0.00677677 0.99025 0.0693637
45 59 27 0.982143 0.150737 -0.112579 0.721751 -0.136489 0.982715 0.125065 -0.266798 0.129485 -0.107466 0.985741 -0.638666
60 61 16 0.999893 0.0125716 -0.00741692 0.870833 -0.01257 0.999921 0.000262445 0.236159 0.00741964 -0.000169186 0.999972 0.431137
60 62 112 0.999578 0.0219357 -0.0190564 0.853758 -0.0220565 0.999738 -0.00615441 0.195937 0.0189164 0.00657212 0.999799 0.482396
60 63 106 0.999221 0.0284354 -0.0273764 0.940924 -0.0287445 0.999527 -0.010962 0.205871 0.0270517 0.0117404 0.999565 0.268847
60 64 93 0.998617 0.0311554 -0.0423472 0.917261 -0.0316902 0.999426 -0.0120151 0.147162 0.0419485 0.0133405 0.999031 0.370103
60 65 89 0.998466 0.0322056 -0.0450318 0.871201 -0.0324762 0.999459 -0.00529027 0.0872535 0.044837 0.00674461 0.998972 0.48311
60 66 88 0.99791 0.0237684 -0.0600817 0.923214 -0.024729 0.999577 -0.0152957 0.0747213 0.0596927 0.0167495 0.998076 0.376952
60 67 86 0.997257 0.0254151 -0.0695148 0.865784 -0.0260364 0.999629 -0.0080453 0.0225693 0.0692845 0.00983315 0.997548 0.499909
60 68 83 0.996061 0.0258334 -0.0848261 0.833754 -0.0268535 0.99958 -0.0109062 -0.00953212 0.0845087 0.0131411 0.996336 0.552054
60 69 84 0.99411 0.0245946 -0.105551 0.868809 -0.0261314 0.999571 -0.0132013 -0.0189134 0.105182 0.0158817 0.994326 0.494785
60 70 84 0.993922 0.0329049 -0.105055 0.864688 -0.0336925 0.999416 -0.00573123 -0.0317692 0.104805 0.00923595 0.99445 0.501304
60 71 70 0.99375 0.0338435 -0.106375 0.843331 -0.034636 0.999384 -0.0056104 -0.0527388 0.10612 0.00925975 0.99431 0.5348
60 72 72 0.990311 0.0322399 -0.135071 0.804781 -0.0330065 0.999449 -0.00343908 -0.0591747 0.134886 0.00786398 0.99083 0.590615
60 73 59 0.989809 0.0486218 -0.13384 0.744384 -0.0480717 0.998817 0.00734041 -0.107042 0.134038 -0.000831692 0.990976 0.659116
60 74 48 0.988853 0.0410199 -0.143131 0.850775 -0.0433219 0.998977 -0.0130024 -0.101046 0.142451 0.0190581 0.989618 0.515725
75 76 31 0.999916 0.00942918 -0.00887836 0.439363 -0.00945127 0.999952 -0.00244932 -0.143014 0.00885484 0.00253303 0.999958 0.886852
75 77 155 0.999048 0.013554 -0.0414604 0.729988 -0.0134703 0.999907 0.00229667 -0.412424 0.0414876 -0.001736 0.999138 0.545
75 78 98 0.999518 0.0202397 -0.0235408 0.71426 -0.0204514 0.999752 -0.0087888 -0.30799 0.0233571 0.00926601 0.999684 0.62847
75 79 113 0.999662 0.0129864 -0.0225323 0.950112 -0.0138137 0.999221 -0.036957 -0.29465 0.0220348 0.0372558 0.999063 0.102316
75 80 101 0.998875 0.0275339 -0.0385992 0.811464 -0.028268 0.999427 -0.0186035 -0.345677 0.0380649 0.0196737 0.999082 0.471205
75 81 57 0.999879 0.0131224 -0.00840302 -0.923422 -0.0135981 0.998147 -0.0593039 0.318374 0.00760924 0.059411 0.998205 -0.214313
75 82 122 0.998579 0.022724 -0.0482085 0.860776 -0.0243616 0.999136 -0.0336578 -0.360456 0.0474021 0.0347844 0.99827 0.359355
75 83 118 0.998101 0.0266614 -0.0555363 0.807289 -0.0283572 0.999148 -0.0299736 -0.345932 0.0546899 0.0314915 0.998007 0.478137
75 84 74 0.997381 0.0307309 -0.0654769 0.810963 -0.0327972 0.99899 -0.0307198 -0.345765 0.0644668 0.0327868 0.997381 0.472002
75 85 103 0.995447 0.0538856 -0.0786229 0.723136 -0.0548388 0.998445 -0.0100141 -0.331063 0.077961 0.0142801 0.996854 0.606195
75 86 104 0.996826 0.0293912 -0.0739902 0.846885 -0.032822 0.998421 -0.0455871 -0.337807 0.0725335 0.0478709 0.996216 0.410697
75 87 97 0.995374 0.0336704 -0.0899877 0.8532 -0.0380742 0.998137 -0.0476775 -0.340728 0.0882147 0.0508831 0.994801 0.394912
75 88 131 0.994064 0.0440919 -0.0994619 0.834009 -0.0486776 0.997838 -0.0441577 -0.338295 0.0972999 0.0487372 0.994061 0.435873
75 89 115 0.99332 0.0500871 -0.103959 0.830905 -0.0547539 0.997594 -0.0425316 -0.333656 0.101579 0.0479397 0.993672 0.445276
90 91 12 0.999979 0.00448878 -0.00477836 0.0284469 -0.00447043 0.999983 0.00384546 -0.35916 0.00479554 -0.00382401 0.999981 0.932842
90 92 182 0.999314 0.0184844 -0.0321023 0.700201 -0.0185724 0.999825 -0.00244574 0.345639 0.0320515 0.00304028 0.999482 -0.624702
90 93 184 0.999028 0.0211161 -0.0387016 0.978156 -0.0208133 0.99975 0.00821067 0.128546 0.0388653 -0.00739718 0.999217 -0.163363
90 94 125 0.998467 0.0290798 -0.0470947 0.890059 -0.0287484 0.999557 0.00770013 0.201324 0.0472977 -0.00633443 0.998861 -0.408979
90 95 89 0.996924 0.0430188 -0.0655159 0.977294 -0.0417885 0.998926 0.0200363 0.122143 0.0663075 -0.0172369 0.99765 -0.173141
90 96 118 0.995793 0.0560393 -0.0725007 0.938918 -0.0543099 0.998196 0.0256114 0.201454 0.0738051 -0.0215662 0.997039 -0.279014
90 97 60 0.995591 0.0654176 -0.0672198 0.965787 -0.0629457 0.997283 0.0382587 0.215643 0.06954 -0.0338589 0.997004 -0.144063
90 98 21 0.99263 0.116611 -0.0329875 0.333402 -0.115111 0.992369 0.0441925 0.210972 0.0378891 -0.0400695 0.998478 -0.918877
90 99 24 0.993828 0.102456 -0.0425368 0.921558 -0.0978812 0.990317 0.0984415 0.274726 0.0522109 -0.0936703 0.994233 0.27433
90 100 68 0.991946 0.101254 -0.0761007 0.973473 -0.0936645 0.990824 0.0974364 0.201166 0.0852683 -0.0895237 0.992328 0.109005
90 101 36 0.987835 0.124102 -0.0937075 0.944444 -0.110773 0.984486 0.136075 0.266625 0.109141 -0.12404 0.986257 0.192187
90 102 44 0.987028 0.12848 -0.0962708 0.979175 -0.11708 0.986331 0.115947 0.167768 0.109852 -0.103171 0.988579 0.114323
90 103 89 0.98452 0.13686 -0.109501 0.973108 -0.123098 0.984633 0.123872 0.221186 0.124772 -0.108475 0.986238 0.0643282
90 104 60 0.986255 0.146655 -0.0761141 0.856469 -0.13589 0.981989 0.131267 0.188245 0.0939941 -0.119119 0.988421 0.48065
105 106 14 0.999573 0.0205041 -0.0208232 0.863525 -0.0204645 0.999788 0.00211331 -0.139632 0.0208621 -0.00168627 0.999781 -0.48459
105 107 0 1 0 0 0 0 1 0 0 0 0 1 0
105 108 80 0.99906 0.0295681 -0.0316874 0.863833 -0.0293107 0.999534 0.00855533 0.356013 0.0319255 -0.00761851 0.999461 -0.356436
105 109 58 0.998841 0.0353366 -0.0326781 0.924806 -0.0352665 0.999374 0.00271794 0.232768 0.0327537 -0.00156234 0.999462 -0.30092
105 110 24 0.999074 0.0267387 -0.0337061 -0.963144 -0.0258672 0.999326 0.0260315 -0.233961 0.0343794 -0.0251355 0.999093 0.132726
105 111 100 0.995791 0.0326276 -0.0856434 0.925739 -0.0309623 0.999306 0.0207016 0.28457 0.0862595 -0.0179628 0.996111 -0.249052
105 112 95 0.998122 0.0285791 -0.0541841 0.56864 -0.0262422 0.998715 0.0433606 0.0695249 0.0553536 -0.0418573 0.997589 -0.819643
105 113 95 0.994462 0.0286728 -0.101106 0.966139 -0.0259958 0.999278 0.0276963 0.24253 0.101827 -0.0249147 0.99449 -0.0880555
105 114 84 0.994793 0.030554 -0.0972297 0.969436 -0.0286817 0.999376 0.0205967 0.22026 0.0977983 -0.0177008 0.995049 -0.108075
105 115 95 0.995438 0.0285888 -0.0910304 0.983125 -0.0262962 0.999309 0.0262851 0.175984 0.0917189 -0.0237715 0.995501 0.0499504
105 116 83 0.992635 0.0246506 -0.11861 0.986478 -0.0217137 0.999426 0.0259901 0.162258 0.119182 -0.0232232 0.992601 0.0231131
105 117 54 0.99162 0.0229554 -0.12713 0.991439 -0.0206162 0.999594 0.0196849 0.120075 0.12753 -0.016899 0.991691 0.0512804
105 118 28 0.951516 -0.00330818 -0.307581 0.87759 0.0103394 0.999721 0.0212328 0.0984263 0.307425 -0.0233836 0.951285 -0.4692
105 119 20 0.993845 0.0384475 -0.103896 0.686993 -0.0409548 0.998916 -0.022107 -0.0438379 0.102933 0.0262259 0.994342 -0.725341
120 121 92 0.999953 0.00963514 0.000728761 0.619389 -0.00964078 0.99992 0.00817739 -0.249101 -0.000649913 -0.00818403 0.999966 0.744518
120 122 47 0.999921 -0.0017695 0.0124611 0.951966 0.00175859 0.999998 0.000886419 -0.241594 -0.0124627 -0.000864434 0.999922 0.188128
120 123 51 0.999892 -0.00676644 0.0130724 0.908198 0.00673205 0.999974 0.00267322 -0.186992 -0.0130901 -0.00258493 0.999911 0.374446
120 124 66 0.999872 -0.00951406 0.0128808 0.94135 0.00948673 0.999953 0.00218112 -0.254599 -0.012901 -0.00205864 0.999915 0.221449
120 125 35 0.999847 -0.00655502 0.0162213 0.923922 0.00652608 0.999977 0.00183628 -0.285655 -0.016233 -0.00173013 0.999867 0.254499
120 126 62 0.999988 -0.00134241 -0.00474987 0.938578 0.0013484 0.999998 0.00125966 -0.286937 0.00474817 -0.00126605 0.999988 0.191671
120 127 43 0.999888 0.00253949 0.0147247 0.93493 -0.0023979 0.999951 -0.00962572 -0.302363 -0.0147484 0.00958933 0.999845 0.185694
120 128 20 0.999866 0.00546567 0.0154627 0.934741 -0.00534495 0.999955 -0.0078376 -0.307917 -0.0155048 0.0077539 0.99985 0.177333
120 129 40 0.999879 0.00549482 -0.0145274 0.944638 -0.00547242 0.999984 0.00158074 -0.312349 0.0145358 -0.00150105 0.999893 0.100483
120 130 25 0.999998 -0.0014785 0.00102313 0.934189 0.00147705 0.999998 0.00141502 -0.275765 -0.00102522 -0.00141351 0.999998 0.226372
120 131 36 0.999988 -0.00436322 -0.00232196 -0.945762 0.00436078 0.99999 -0.00105641 0.278217 0.00232654 0.00104627 0.999997 -0.167717
120 132 115 0.999041 0.00476118 -0.0435312 0.94235 -0.00440666 0.999956 0.0082363 -0.295847 0.0435685 -0.00803657 0.999018 0.156372
120 133 45 0.998845 0.000483426 -0.0480414 0.965648 -0.000647082 0.999994 -0.00339106 -0.253696 0.0480394 0.00341823 0.99884 0.0562284
120 134 37 0.998275 0.000101747 -0.0587035 0.94428 0.000589623 0.999931 0.0117599 -0.227376 0.0587006 -0.0117742 0.998206 0.237983
135 136 33 0.99991 0.00821022 -0.0105923 0.524452 -0.00810588 0.999919 0.0098566 -0.279025 0.0106724 -0.00976986 0.999895 0.804422
135 137 115 0.9995 0.012888 -0.028868 0.654777 -0.0126733 0.999891 0.00761032 0.241598 0.0289629 -0.00724066 0.999554 -0.716169
135 138 109 0.998738 0.0103692 -0.04915 0.958883 -0.00905467 0.999597 0.026892 0.137819 0.049409 -0.026413 0.998429 -0.248092
135 139 109 0.998102 0.0156341 -0.059557 0.950946 -0.0137013 0.99937 0.032725 0.189329 0.0600312 -0.0318469 0.997688 -0.244656
135 140 101 0.997402 0.019963 -0.069217 0.951124 -0.017597 0.999245 0.0346252 0.139511 0.069856 -0.0333172 0.997001 -0.275498
135 141 102 0.995045 0.0252633 -0.0961665 0.973514 -0.0208136 0.998678 0.0469969 0.131386 0.0972267 -0.0447624 0.994255 -0.187104
135 142 73 0.993869 0.0300021 -0.106415 0.970668 -0.0240448 0.998094 0.0568295 0.138915 0.107917 -0.0539224 0.992696 -0.196229
135 143 99 0.992093 0.0377292 -0.119701 0.950499 -0.0307105 0.997729 0.059948 0.14993 0.121691 -0.0557979 0.990998 -0.272162
135 144 135 0.990076 0.0491993 -0.131641 0.938118 -0.0415151 0.997305 0.060495 0.153287 0.134263 -0.0544296 0.98945 -0.310546
135 145 157 0.987912 0.0602924 -0.142813 0.940128 -0.0512306 0.996483 0.0663046 0.155989 0.146308 -0.0581867 0.987526 -0.303028
135 146 73 0.986637 0.0762919 -0.143971 0.92307 -0.0682977 0.995878 0.0596813 0.164089 0.147931 -0.0490508 0.987781 -0.347874
135 147 85 0.984616 0.0826705 -0.153937 0.916331 -0.0731625 0.995104 0.0664476 0.15861 0.158677 -0.054163 0.985844 -0.367669
135 148 119 0.981434 0.0925993 -0.167966 0.911179 -0.0829765 0.99453 0.0634462 0.163726 0.172922 -0.048331 0.983749 -0.378083
135 149 76 0.980159 0.0998376 -0.171232 0.912661 -0.0908142 0.994073 0.0597635 0.163063 0.176184 -0.0430274 0.983416 -0.374781
150 151 0 1 0 0 0 0 1 0 0 0 0 1 0
150 152 39 0.999227 -0.00512208 -0.0389753 0.995167 0.00584865 0.999811 0.0185505 0.0593318 0.0388729 -0.0187641 0.999068 0.0782467
150 153 19 0.998973 -0.00900799 -0.0443968 0.981183 0.0092372 0.999945 0.00496026 0.0973286 0.0443497 -0.00536527 0.999002 -0.166756
150 154 31 0.998271 -0.00911676 -0.0580626 0.977084 0.00890321 0.999953 -0.00393547 0.08692 0.0580958 0.00341172 0.998305 -0.194298
150 155 39 0.997246 -0.0119967 -0.0731839 0.954477 0.011198 0.999873 -0.0113145 0.064189 0.0733103 0.0104638 0.997254 -0.291297
150 156 39 0.995228 -0.0130157 -0.096708 0.899417 0.0112695 0.999764 -0.0185808 0.0589912 0.096927 0.0174023 0.995139 -0.433092
150 157 31 0.99395 -0.0126507 -0.109102 0.571663 0.0103278 0.999708 -0.0218302 0.0244764 0.109346 0.0205714 0.993791 -0.820123
150 158 103 0.99053 -0.0173365 -0.136196 0.981685 0.0170839 0.999849 -0.00302389 0.0778228 0.136228 0.000668498 0.990677 -0.173888
150 159 25 0.990658 -0.0089656 -0.136076 0.928261 0.00657848 0.999817 -0.017982 0.0692504 0.136213 0.0169188 0.990535 -0.365425
150 160 35 0.987933 -0.00550583 -0.154782 0.911585 0.00458398 0.99997 -0.00631208 0.0573877 0.154812 0.0055264 0.987929 -0.407085
150 161 66 0.985381 -0.0022626 -0.17035 0.96344 0.00166403 0.999992 -0.00365646 0.0955947 0.170356 0.00331954 0.985377 -0.250288
150 162 86 0.981583 0.00773876 -0.19088 0.876963 -0.00990665 0.999897 -0.0104057 0.131896 0.19078 0.012105 0.981558 -0.462103
150 163 48 0.98181 0.00271471 -0.189849 0.984449 -0.00192034 0.999989 0.00436804 0.107714 0.189859 -0.00392401 0.981804 -0.13877
150 164 80 0.977572 0.013174 -0.21019 0.967592 -0.0121043 0.999906 0.00637468 0.0984473 0.210254 -0.00368751 0.97764 -0.232536
165 166 0 1 0 0 0 0 1 0 0 0 0 1 0
165 167 91 0.999488 0.0156955 -0.0278982 0.994411 -0.0155067 0.999855 0.00697373 -0.0213319 0.0280036 -0.00653755 0.999586 -0.103397
165 168 109 0.998781 0.0230539 -0.0436432 0.97811 -0.0224542 0.999647 0.0141805 -0.024883 0.0439547 -0.0131832 0.998947 0.206594
165 169 118 0.998127 0.029961 -0.0533301 0.980403 -0.0291 0.999434 0.0168499 -0.0717487 0.0538048 -0.0152664 0.998435 0.183473
165 170 105 0.997336 0.0362815 -0.0632755 0.960798 -0.0353776 0.999256 0.0153467 -0.0736438 0.0637852 -0.0130673 0.997878 0.26729
165 171 91 0.996155 0.0439297 -0.0757981 0.879945 -0.0415768 0.998612 0.0323459 -0.117515 0.0771139 -0.0290701 0.996598 0.460313
165 172 68 0.995146 0.0402817 -0.0897927 0.958861 -0.0382855 0.998982 0.0238448 -0.119772 0.0906618 -0.0202913 0.995675 0.257372
165 173 88 0.991365 0.0546477 -0.119201 0.953672 -0.0518433 0.998303 0.0265037 -0.141645 0.120447 -0.0200951 0.992516 0.265418
165 174 83 0.989514 0.0655357 -0.128714 0.956125 -0.0634011 0.997775 0.0206166 -0.166681 0.129779 -0.0122397 0.991467 0.240919
165 175 85 0.98827 0.0704862 -0.135476 0.929501 -0.0679613 0.997419 0.0231783 -0.179127 0.13676 -0.0136994 0.99051 0.322399
165 176 83 0.984788 0.0730136 -0.157676 0.950532 -0.0718915 0.99733 0.0128158 -0.180823 0.158191 -0.00128524 0.987408 0.252569
165 177 134 0.982812 0.0824857 -0.165158 0.92417 -0.0807487 0.996586 0.0172159 -0.194967 0.166014 -0.00358367 0.986117 0.328477
165 178 100 0.981101 0.101909 -0.164484 0.818843 -0.0958801 0.994411 0.0442092 -0.167852 0.16807 -0.0276029 0.985388 0.548928
165 179 123 0.981348 0.077251 -0.176035 0.933684 -0.0753505 0.997004 0.017465 -0.180992 0.176857 -0.00387489 0.984229 0.308993
180 181 0 1 0 0 0 0 1 0 0 0 0 1 0
180 182 0 1 0 0 0 0 1 0 0 0 0 1 0
180 183 94 0.999719 0.00230421 -0.0235987 0.987989 -0.00222357 0.999992 0.00344288 -0.0869165 0.0236064 -0.00338943 0.999716 0.127766
180 184 43 0.999413 0.00762241 -0.0334143 0.95461 -0.00753137 0.999968 0.0028494 -0.105093 0.0334349 -0.00259607 0.999438 0.278701
180 185 90 0.99926 0.00937237 -0.0373078 0.96262 -0.00923017 0.999949 0.00398184 -0.120576 0.0373432 -0.00363453 0.999296 0.242536
180 186 89 0.998862 0.00319434 -0.0475852 0.970233 -0.00318816 0.999995 0.000205803 -0.107662 0.0475856 -5.38596e-05 0.998867 0.216927
180 187 93 0.997357 0.00566353 -0.0724327 0.965814 -0.00502701 0.999947 0.00896698 -0.111553 0.0724797 -0.00857916 0.997333 0.234007
180 188 186 0.994967 0.0145361 -0.0991409 0.964513 -0.0133419 0.99983 0.0126983 -0.108708 0.0993087 -0.0113116 0.994992 0.240621
180 189 31 0.996293 0.0154092 -0.0846292 0.964262 -0.0141083 0.999773 0.0159482 -0.0910597 0.0848557 -0.0146951 0.996285 0.24881
180 190 90 0.994308 0.0198516 -0.104676 0.961612 -0.0170234 0.999467 0.0278428 -0.103923 0.105173 -0.0259023 0.994117 0.253973
180 191 122 0.989848 0.0259206 -0.139747 0.973427 -0.0214664 0.999215 0.0332875 -0.110797 0.1405 -0.0299497 0.989628 0.200408
180 192 86 0.991507 0.0307708 -0.12636 0.98326 -0.0272283 0.999189 0.0296671 -0.0928946 0.12717 -0.0259746 0.991541 0.156748
180 193 121 0.991236 0.0360052 -0.1271 0.977282 -0.0328938 0.999108 0.0264952 -0.12002 0.127941 -0.0220822 0.991536 0.174687
180 194 31 0.991786 0.0367874 -0.122503 0.972234 -0.0332217 0.998966 0.0310244 -0.136072 0.123518 -0.0266998 0.991983 0.190381
195 196 0 1 0 0 0 0 1 0 0 0 0 1 0
195 197 77 0.999866 0.00998762 -0.012978 0.982593 -0.00988128 0.999917 0.00823266 -0.12577 0.0130592 -0.00810332 0.999882 0.136724
195 198 74 0.999412 0.0172978 -0.029611 0.983576 -0.0170849 0.999826 0.00742867 -0.1195 0.0297344 -0.0069184 0.999534 -0.135271
195 199 90 0.999039 0.0283646 -0.0334292 0.982981 -0.0280063 0.999546 0.0111393 -0.111556 0.03373 -0.0101923 0.999379 -0.145957
195 200 64 0.998126 0.0460656 -0.0402712 0.9413 -0.0462353 0.998925 -0.00329182 -0.0154798 0.0400763 0.0051476 0.999183 -0.337215
195 201 59 0.99864 0.0474826 -0.0215199 0.993982 -0.0475901 0.998857 -0.00450791 -0.0980879 0.0212812 0.00552592 0.999758 0.0487621
195 202 160 0.996209 0.0562822 -0.0663372 0.972738 -0.0570067 0.998333 -0.00907754 -0.065094 0.0657157 0.0128248 0.997756 -0.222585
195 203 153 0.995238 0.0663144 -0.0714419 0.955891 -0.067348 0.997656 -0.0121549 -0.057462 0.0704684 0.0169085 0.997371 -0.288046
195 204 52 0.996431 0.0643033 -0.054686 0.989034 -0.0650877 0.997799 -0.012684 -0.0795244 0.0537501 0.0161981 0.998423 -0.124453
195 205 55 0.993945 0.0674712 -0.0867267 0.983448 -0.0682394 0.997651 -0.00592032 -0.0342086 0.0861236 0.0118027 0.996215 -0.177932
195 206 151 0.989973 0.0696477 -0.122895 0.988697 -0.0702409 0.99753 -0.000495533 -0.0274754 0.122557 0.00912282 0.99242 -0.147385
195 207 103 0.989893 0.0718999 -0.12224 0.984687 -0.0736722 0.997232 -0.0100346 -0.00887142 0.12118 0.0189389 0.99245 -0.174104
195 208 47 0.991569 0.0641827 -0.112564 0.997879 -0.0646656 0.997907 -0.000640558 -0.0208241 0.112287 0.00791419 0.993644 -0.0616684
195 209 47 0.989011 0.0708451 -0.129763 0.997681 -0.0718207 0.997413 -0.00284845 0.00333157 0.129225 0.0121368 0.991541 -0.0679839
210 211 23 0.999981 -0.00127756 -0.00606547 0.209121 0.00129008 0.999997 0.00205951 0.0364543 0.00606282 -0.00206729 0.999979 0.97721
210 212 36 0.999796 -0.00181159 -0.0201257 0.247252 0.00192568 0.999982 0.00565117 -0.0574428 0.0201151 -0.00568878 0.999781 0.967247
210 213 101 0.998358 -0.00951433 -0.0564879 0.996762 0.00966994 0.99995 0.00248215 -0.0523178 0.0564615 -0.00302431 0.9984 0.0610522
210 214 91 0.997142 -0.00886463 -0.0750338 0.99491 0.00865693 0.999958 -0.00309289 -0.0612019 0.0750581 0.00243449 0.997176 0.0800496
210 215 100 0.995066 -0.0090017 -0.0988098 0.987206 0.00880545 0.999958 -0.00242201 -0.146035 0.0988275 0.00154 0.995103 0.0640103
210 216 155 0.99374 -0.00671044 -0.111519 0.991044 0.00596348 0.999958 -0.00703023 -0.117344 0.111562 0.00632118 0.993737 -0.0637371
210 217 181 0.991921 -0.0065038 -0.126689 0.981772 0.00629139 0.999978 -0.00207666 -0.152203 0.126699 0.00126283 0.99194 0.11383
210 218 118 0.988291 0.000731251 -0.152582 0.990022 -0.00117144 0.999995 -0.00279502 -0.140896 0.152579 0.00294103 0.988287 0.00216524
210 219 130 0.986427 0.00626697 -0.164083 0.96065 -0.00549658 0.999972 0.00514876 -0.175991 0.16411 -0.00417698 0.986433 0.214894
210 220 150 0.983291 0.0110015 -0.181709 0.975271 -0.0108412 0.999939 0.00187545 -0.17173 0.181719 0.000125833 0.983351 0.139126
210 221 125 0.983712 0.0180623 -0.17884 0.93886 -0.0143523 0.999655 0.0220171 -0.201478 0.179176 -0.0190917 0.983632 0.279194
210 222 135 0.976558 0.026865 -0.213573 0.955464 -0.024946 0.999621 0.0116758 -0.1993 0.213805 -0.00607431 0.976857 0.217643
210 223 78 0.97326 0.0370149 -0.226705 0.96735 -0.0372346 0.999301 0.0033084 -0.216438 0.226669 0.00522134 0.973958 0.131863
210 224 124 0.968819 0.0479902 -0.243076 0.935318 -0.0460047 0.998845 0.0138413 -0.240522 0.24346 -0.00222702 0.969908 0.25948
225 226 0 1 0 0 0 0 1 0 0 0 0 1 0
225 227 79 0.999706 0.00809873 -0.0228513 0.846179 -0.00809028 0.999967 0.000462466 -0.214367 0.0228543 -0.000277457 0.999739 0.48788
225 228 57 0.999411 0.0184658 -0.0289298 0.833742 -0.0182799 0.999811 0.00667753 -0.184411 0.0290477 -0.00614476 0.999559 0.520449
225 229 73 0.999136 0.0164502 -0.0381644 0.915071 -0.0160813 0.999821 0.00995137 -0.151358 0.0383213 -0.00932903 0.999222 0.373813
225 230 69 0.998724 0.0105733 -0.0493823 0.894512 -0.0100425 0.999889 0.0109841 -0.139347 0.0494929 -0.0104742 0.99872 0.424771
225 231 153 0.997997 0.00803595 -0.0627537 0.945093 -0.0078681 0.999965 0.00292138 -0.116374 0.062775 -0.00242177 0.998025 0.30538
225 232 64 0.998074 0.00652066 -0.0616898 0.953328 -0.00651547 0.999979 0.000285406 -0.110982 0.0616904 0.000117081 0.998095 0.280799
225 233 70 0.997435 0.00422772 -0.0714523 0.936008 -0.00391573 0.999982 0.0045059 -0.101487 0.0714701 -0.00421456 0.997434 0.33703
225 234 227 0.995719 0.00344188 -0.0923669 0.96334 -0.00318699 0.999991 0.0029069 -0.0933149 0.092376 -0.00260008 0.995721 0.251534
225 235 361 0.994734 0.0132935 -0.101625 0.899153 -0.010873 0.999645 0.0243355 -0.094225 0.101912 -0.0231023 0.994525 0.42737
225 236 206 0.993022 0.0134511 -0.117161 0.926331 -0.0116279 0.999801 0.0162314 -0.0902431 0.117356 -0.0147558 0.99298 0.365743
225 237 149 0.992239 0.014541 -0.123491 0.930536 -0.0126334 0.999789 0.0162161 -0.0900675 0.123701 -0.0145301 0.992213 0.35495
225 238 222 0.991513 0.01873 -0.128648 0.930065 -0.0159122 0.999611 0.0228961 -0.088299 0.129027 -0.0206547 0.991426 0.356626
225 239 153 0.988939 0.0188265 -0.147126 0.946824 -0.0162388 0.999692 0.0187702 -0.0834241 0.147435 -0.0161735 0.98894 0.310749
240 241 140 0.999765 0.00445935 -0.0212186 0.71392 -0.00430108 0.999963 0.00749844 -0.196618 0.0212512 -0.00740541 0.999747 0.672057
240 242 118 0.99942 0.00828276 -0.0330188 0.983807 -0.0080578 0.999943 0.00694027 -0.142804 0.0330745 -0.00667019 0.999431 0.108307
240 243 131 0.998472 0.0152027 -0.0531257 0.970982 -0.0152531 0.999884 -0.00054242 -0.0338544 0.0531113 0.00135192 0.998588 -0.236742
240 244 105 0.997884 0.0162242 -0.0629549 0.988627 -0.0157708 0.999846 0.00769232 -0.102226 0.06307 -0.0066832 0.997987 0.110301
240 245 197 0.996369 0.024266 -0.0816109 0.996134 -0.0237629 0.999692 0.00712963 -0.0823336 0.0817588 -0.00516442 0.996639 0.0306395
240 246 101 0.995251 0.0268668 -0.0935601 0.992866 -0.0261338 0.999617 0.00905118 -0.105449 0.0937675 -0.00656312 0.995572 0.0556508
240 247 132 0.993181 0.0304479 -0.112533 0.994292 -0.0299247 0.999532 0.00633649 -0.106688 0.112674 -0.00292576 0.993628 0.00124153
240 248 152 0.991782 0.0382753 -0.12208 0.989521 -0.0365771 0.999201 0.0161227 -0.12268 0.1226 -0.0115249 0.992389 0.076146
240 249 142 0.990211 0.0449675 -0.132139 0.974327 -0.0424758 0.998864 0.0216171 -0.143361 0.132961 -0.0157928 0.990995 0.173594
240 250 59 0.986277 0.0584695 -0.154401 0.980255 -0.0597935 0.998203 -0.00394054 -0.0980489 0.153893 0.0131187 0.988 -0.171714
240 251 42 0.986476 0.0719087 -0.147287 0.960095 -0.0698704 0.997376 0.018973 -0.148394 0.148265 -0.00842541 0.988912 0.237059
240 252 60 0.984628 0.0692843 -0.160336 0.974164 -0.0702507 0.997529 -0.000360199 -0.15964 0.159915 0.0116184 0.987062 0.15975
240 253 71 0.984633 0.0714978 -0.159329 0.976553 -0.0737718 0.99724 -0.00839619 -0.161334 0.158289 0.0200212 0.98719 0.14253
240 254 102 0.981618 0.0769377 -0.17466 0.983769 -0.0804402 0.996674 -0.0130527 -0.139946 0.173075 0.0268625 0.984542 0.112309
255 256 42 0.999936 0.00838241 -0.00763493 0.501286 -0.00837586 0.999965 0.000889658 0.286468 0.00764212 -0.000825652 0.99997 -0.816486
255 257 0 1 0 0 0 0 1 0 0 0 0 1 0
255 258 89 0.999579 0.00150689 -0.0289584 0.915588 -0.00114432 0.999921 0.0125331 0.0863443 0.0289749 -0.0124946 0.999502 0.392739
255 259 62 0.999434 0.00986073 -0.0321516 0.84205 -0.00898774 0.99959 0.0271845 0.0953498 0.0324064 -0.0268802 0.999113 0.530905
255 260 42 0.999124 0.00363862 -0.0416897 0.880127 -0.00251221 0.999631 0.0270393 0.0731726 0.0417728 -0.0269109 0.998765 0.469065
255 261 57 0.997832 0.0047265 -0.0656387 0.884729 -0.0029948 0.999646 0.0264557 0.066572 0.0657405 -0.0262017 0.997493 0.461327
255 262 102 0.995787 0.00719674 -0.0914153 0.939101 -0.00537246 0.999782 0.0201863 0.0608114 0.0915407 -0.0196101 0.995608 0.338217
255 263 126 0.994276 0.00702475 -0.106609 0.966402 -0.0067912 0.999974 0.00255355 0.0412996 0.106624 -0.00181493 0.994298 0.253696
255 264 43 0.994655 -0.00138354 -0.103246 0.85964 0.00318827 0.999845 0.0173168 -0.0394109 0.103207 -0.0175534 0.994505 0.509378
255 265 55 0.991978 0.0077879 -0.126171 0.928325 -0.00593689 0.999869 0.01504 -0.013264 0.126272 -0.0141703 0.991894 0.371532
255 266 83 0.990084 0.0142211 -0.139755 0.920941 -0.0119225 0.99978 0.0172707 -0.0442071 0.139969 -0.0154333 0.990036 0.387187
255 267 45 0.9865 -0.00390774 -0.163715 0.736613 0.00640291 0.999871 0.0147161 -0.17266 0.163636 -0.0155657 0.986398 0.653904
255 268 89 0.984688 0.0217016 -0.172967 0.922586 -0.0204219 0.999749 0.00917456 -0.0832472 0.173123 -0.00550175 0.984885 0.376702
255 269 82 0.983435 0.0291525 -0.1789 0.90137 -0.0272823 0.999544 0.0129056 -0.111697 0.179195 -0.00781106 0.983783 0.418398
270 271 123 0.999292 0.00666376 -0.0370244 0.909158 -0.00642703 0.999958 0.0065093 -0.351587 0.0370662 -0.00626673 0.999293 0.223201
270 272 65 0.999607 0.00782235 -0.0269299 0.951091 -0.00767186 0.999954 0.00568711 -0.215944 0.0269731 -0.00547827 0.999621 -0.220895
270 273 69 0.998931 0.0254245 -0.038601 0.920373 -0.0262191 0.999452 -0.02022 -0.332544 0.0380658 0.0212105 0.99905 -0.205737
270 274 64 0.998753 0.0272474 -0.0418251 0.807949 -0.0271265 0.999626 0.00345544 -0.330103 0.0419036 -0.00231656 0.999119 0.48811
270 275 66 0.999389 0.0280983 -0.0208041 0.955488 -0.0287671 0.999055 -0.0325799 -0.248423 0.0198691 0.0331584 0.999253 -0.159147
270 276 56 0.998745 0.0310222 -0.0393233 0.823495 -0.0309493 0.999518 0.00246117 -0.271175 0.0393807 -0.00124106 0.999224 0.498317
270 277 54 0.998645 0.0284663 -0.0435693 0.838206 -0.0285969 0.999588 -0.00237645 -0.270975 0.0434837 0.00361918 0.999048 0.473269
270 278 54 0.998436 0.0306885 -0.0467369 0.833626 -0.0307948 0.999525 -0.00155673 -0.237399 0.0466669 0.00299355 0.998906 0.498708
270 279 62 0.997781 0.0281414 -0.0603398 0.742925 -0.0277397 0.999587 0.00748471 -0.267637 0.0605255 -0.0057943 0.99815 0.613542
270 280 44 0.997316 0.0357539 -0.0638932 0.786322 -0.0352932 0.999342 0.00832422 -0.239355 0.0641488 -0.00604689 0.997922 0.569568
270 281 51 0.997799 0.0311338 -0.0585401 0.833173 -0.0309821 0.999514 0.00349708 -0.212455 0.0586205 -0.0016757 0.998279 0.510574
270 282 51 0.996736 0.034337 -0.0730617 0.831333 -0.0336851 0.999381 0.0101357 -0.196461 0.0733646 -0.00764155 0.997276 0.519893
270 283 63 0.995464 0.0307261 -0.0900369 0.871456 -0.0303467 0.999524 0.00558013 -0.197975 0.0901655 -0.0028225 0.995923 0.448744
270 284 44 0.996003 0.0354941 -0.08197 0.843969 -0.0348505 0.99935 0.00927004 -0.19559 0.0822457 -0.00637629 0.996592 0.49946
285 286 30 0.999945 0.00767955 -0.00714824 0.457098 -0.00769077 0.999969 -0.00154364 0.0889749 0.00713616 0.00159853 0.999973 -0.884955
285 287 39 0.999997 0.00178129 -0.00173732 -0.402327 -0.00176579 0.999959 0.0088878 0.283926 0.00175308 -0.00888471 0.999959 -0.870356
285 288 18 0.999894 0.00399765 -0.0140189 0.963404 -0.00403148 0.999989 -0.00238578 -0.0166994 0.0140092 0.00244204 0.999899 -0.267533
285 289 81 0.999513 0.0132712 -0.0282375 0.824487 -0.0135781 0.999851 -0.0107034 0.0566771 0.0280913 0.0110816 0.999544 -0.563036
285 290 68 0.999232 0.0112112 -0.0375393 0.980333 -0.0109649 0.999917 0.00676043 -0.145856 0.037612 -0.00634363 0.999272 0.132941
285 291 93 0.999096 0.0170984 -0.0389267 0.977754 -0.0167612 0.999819 0.00897261 -0.133978 0.0390731 -0.00831203 0.999202 0.161394
285 292 75 0.999597 0.0164938 -0.0231102 0.98591 -0.0163934 0.999855 0.00452525 -0.152231 0.0231815 -0.00414458 0.999723 -0.069331
285 293 59 0.998487 0.0270124 -0.0478927 0.99674 -0.0273226 0.99961 -0.00583463 -0.0371334 0.0477164 0.00713436 0.998835 -0.0716298
285 294 83 0.997989 0.0366293 -0.0517307 0.993301 -0.036615 0.999329 0.00122461 -0.0898821 0.0517408 0.00067197 0.99866 -0.0726301
285 295 134 0.998045 0.0505943 -0.0366881 0.983333 -0.0502937 0.998693 0.0090714 -0.0946778 0.0370991 -0.00720849 0.999286 -0.15522
285 296 26 0.997341 0.0728612 -0.00158314 0.824599 -0.0728668 0.997334 -0.0038289 0.0455722 0.00129995 0.00393408 0.999991 -0.563879
285 297 94 0.996391 0.0781853 -0.0330399 0.978898 -0.0778382 0.996898 0.0116644 -0.0600438 0.0338494 -0.00905051 0.999386 -0.195331
285 298 138 0.995274 0.0918308 -0.0315817 0.984123 -0.0910054 0.995494 0.0266505 -0.094008 0.0338867 -0.0236504 0.999146 -0.150548
285 299 166 0.993297 0.109484 -0.0370701 0.982723 -0.108405 0.993655 0.0299836 -0.0970636 0.0401176 -0.025764 0.998863 -0.157588
300 301 0 1 0 0 0 0 1 0 0 0 0 1 0
300 302 39 0.999884 0.015066 0.00239887 0.317287 -0.0150569 0.99988 -0.0037653 -0.0217639 -0.00245531 0.00372874 0.99999 -0.94808
300 303 0 1 0 0 0 0 1 0 0 0 0 1 0
300 304 38 0.999813 0.016945 -0.00928304 0.954885 -0.0170426 0.999799 -0.0105384 -0.0677979 0.0091026 0.0106946 0.999901 -0.289133
300 305 39 0.999762 0.0208699 -0.00628094 0.995663 -0.0209405 0.999716 -0.011395 -0.0926235 0.00604134 0.0115238 0.999915 0.0086674
300 306 28 0.999674 0.0240639 0.0084832 -0.992694 -0.0239239 0.999582 -0.0162371 0.088369 -0.00887038 0.0160288 0.999832 -0.0821588
300 307 45 0.999787 0.0143529 -0.0148598 0.981308 -0.0147276 0.999568 -0.0254234 -0.123308 0.0144885 0.0256368 0.999566 -0.147748
300 308 44 0.999681 0.0143894 -0.020771 0.975883 -0.0147349 0.999754 -0.0165749 -0.160725 0.0205274 0.0168757 0.999647 0.147716
300 309 58 0.999671 0.00475932 -0.0251846 0.979395 -0.0055205 0.999527 -0.0302415 -0.124283 0.0250288 0.0303706 0.999225 -0.15918
300 310 57 0.999406 -0.00446748 -0.0341811 0.985432 0.00332426 0.999436 -0.0334302 -0.152075 0.0343111 0.0332967 0.998856 -0.0761427
300 311 45 0.998296 -0.0016294 -0.0583222 0.974976 5.60605e-05 0.999636 -0.0269682 -0.0914142 0.0583449 0.026919 0.997933 -0.202643
300 312 41 0.998108 -0.00136833 -0.0614678 0.988414 -2.22264e-05 0.999744 -0.0226161 -0.121757 0.061483 0.0225747 0.997853 -0.0906237
300 313 38 0.997692 -0.00516491 -0.0676983 0.934477 0.00248569 0.999212 -0.0396006 -0.0425054 0.0678495 0.039341 0.99692 -0.353477
300 314 44 0.996303 -0.00786308 -0.0855442 0.991386 0.00569251 0.999656 -0.025588 -0.123401 0.085716 0.0250064 0.996006 -0.0438785
315 316 14 0.999968 -0.00257744 -0.0076254 -0.332373 0.00256444 0.999995 -0.00171428 -0.111461 0.00762978 0.00169467 0.999969 0.936539
315 317 0 1 0 0 0 0 1 0 0 0 0 1 0
315 318 151 0.999541 -0.00228996 -0.0301976 0.778321 0.00197643 0.999944 -0.0104084 -0.0983047 0.0302198 0.010344 0.99949 -0.620123
315 319 134 0.999548 0.00453999 -0.0297136 0.483382 -0.00500007 0.999868 -0.0154282 0.0903118 0.0296396 0.0155698 0.999439 -0.870739
315 320 10 0.99969 -0.00995152 -0.0228232 0.923968 0.00976853 0.999919 -0.0081152 -0.288705 0.0229021 0.00788973 0.999707 0.250861
315 321 136 0.999709 -0.00816832 -0.0226934 -0.946895 0.00803757 0.999951 -0.00584677 0.208334 0.02274 0.00566267 0.999725 -0.244924
315 322 77 0.99898 0.00433108 -0.0449493 0.8195 -0.00436208 0.99999 -0.000591548 -0.184123 0.0449463 0.000787017 0.998989 0.542696
315 323 209 0.997848 -0.00340941 -0.0654756 0.788025 0.00182335 0.999704 -0.0242681 -0.0189652 0.065539 0.0240965 0.997559 -0.615351
315 324 106 0.997208 -0.00793106 -0.0742573 0.935341 0.0067346 0.999844 -0.0163488 -0.0738866 0.0743753 0.015803 0.997105 -0.345944
315 325 96 0.998211 -0.0120147 -0.0585693 0.99323 0.011292 0.999856 -0.0126545 -0.107574 0.0587129 0.0119705 0.998203 -0.0438424
315 326 218 0.995009 0.00171113 -0.0997725 0.785265 -0.00398152 0.999738 -0.0225609 -0.00151655 0.0997077 0.0228456 0.994754 -0.619157
315 327 178 0.993953 0.00150695 -0.109795 0.917475 -0.00309655 0.999893 -0.0143087 -0.0417688 0.109762 0.0145622 0.993851 -0.395594
315 328 87 0.995108 0.008627 -0.0984131 0.944242 -0.0112777 0.999588 -0.0264103 -0.0489716 0.0981447 0.027391 0.994795 -0.325589
315 329 163 0.992534 0.0194466 -0.120405 0.944275 -0.0222284 0.999515 -0.0218036 -0.0376245 0.119922 0.0243172 0.992485 -0.326999
330 331 40 0.999992 -0.000387439 -0.00386078 0.413578 0.000387061 1 -9.87003e-05 0.141708 0.00386082 9.72052e-05 0.999993 -0.899373
330 332 108 0.999905 -0.0047023 -0.0129619 0.933222 0.004662 0.999984 -0.00313755 -0.016875 0.0129765 0.00307682 0.999911 -0.358903
330 333 67 0.99984 -0.00496502 -0.017174 0.991929 0.00508924 0.999961 0.00719686 -0.0745413 0.0171376 -0.00728311 0.999827 0.10257
330 334 88 0.999697 -0.000977764 -0.0245934 0.978519 0.00126323 0.999932 0.0115945 -0.146513 0.0245804 -0.0116221 0.99963 0.145033
330 335 82 0.999647 -0.002288 -0.0264696 0.977492 0.00214854 0.999984 -0.00529601 -0.0779225 0.0264813 0.00523727 0.999636 -0.196054
330 336 114 0.999646 -0.00609608 -0.025886 0.938036 0.00603859 0.999979 -0.00229855 -0.0988762 0.0258995 0.00214142 0.999662 -0.332133
330 337 68 0.999672 -0.00457194 -0.0251917 0.926005 0.00406611 0.99979 -0.0200938 -0.0497457 0.0252783 0.0199848 0.999481 -0.37422
330 338 65 0.999373 -0.00697882 -0.0347103 0.968901 0.00671276 0.999947 -0.00777574 -0.0799693 0.0347628 0.00753786 0.999367 -0.234169
330 339 147 0.999136 -0.00498764 -0.041254 0.974867 0.00452622 0.999926 -0.0112706 -0.0718297 0.0413071 0.0110742 0.999085 -0.210892
330 340 110 0.9993 -3.04028e-05 -0.0374086 0.896885 -0.00136889 0.9993 -0.0373794 -0.0357181 0.0373836 0.0374044 0.998601 -0.440818
330 341 169 0.998707 -0.000185198 -0.0508287 0.899455 -0.00144754 0.999484 -0.0320836 -0.0329025 0.0508084 0.0321157 0.998192 -0.435773
