0 1 10 0.999996 -0.00293298 -0.000555027 0.0996311 0.00293368 0.999995 0.00125823 0.0757441 0.000551334 -0.00125985 0.999999 0.992137
0 2 0 1 0 0 0 0 1 0 0 0 0 1 0
0 3 10 0.999994 -0.00341798 -6.12772e-05 -0.103259 0.00341812 0.999992 0.00229369 0.178134 5.34368e-05 -0.00229389 0.999997 -0.978573
0 4 0 1 0 0 0 0 1 0 0 0 0 1 0
0 5 0 1 0 0 0 0 1 0 0 0 0 1 0
0 6 10 0.999993 -0.00366239 -0.000772264 0.0518114 0.00366426 0.99999 0.00243094 -0.0788891 0.000763354 -0.00243375 0.999997 0.995536
0 7 0 1 0 0 0 0 1 0 0 0 0 1 0
0 8 10 0.999989 -0.00465305 0.000211585 0.0266438 0.00465265 0.999987 0.00187079 0.0691037 -0.000220288 -0.00186979 0.999998 0.997254
0 9 0 1 0 0 0 0 1 0 0 0 0 1 0
0 10 27 0.999987 -0.00407745 -0.0032118 0.374522 0.00408772 0.999987 0.00319766 -0.00808323 0.00319872 -0.00321074 0.99999 0.927183
0 11 46 0.999997 -0.00146484 -0.00189957 0.266214 0.00147047 0.999995 0.00296773 -0.166526 0.00189521 -0.00297051 0.999994 0.94942
0 12 0 1 0 0 0 0 1 0 0 0 0 1 0
0 13 19 0.999998 0.000787712 0.00176869 0.14718 -0.000795403 0.99999 0.00435232 0.242031 -0.00176525 -0.00435372 0.999989 -0.959041
0 14 65 0.999977 0.00680779 0.000558975 0.31014 -0.00680993 0.999969 0.00392457 -0.174 -0.00053224 -0.00392829 0.999992 0.934632
15 16 0 1 0 0 0 0 1 0 0 0 0 1 0
15 17 12 0.999996 0.000312544 -0.00296541 -0.225351 -0.000308335 0.999999 0.0014199 0.15803 0.00296585 -0.00141898 0.999995 -0.961376
15 18 0 1 0 0 0 0 1 0 0 0 0 1 0
15 19 0 1 0 0 0 0 1 0 0 0 0 1 0
15 20 0 1 0 0 0 0 1 0 0 0 0 1 0
15 21 0 1 0 0 0 0 1 0 0 0 0 1 0
15 22 25 0.999977 0.00461272 0.00489275 -0.137933 -0.00462721 0.999985 0.00295432 -0.0362193 -0.00487905 -0.00297689 0.999984 0.989779
15 23 12 0.999993 0.00364166 0.00022171 0.42801 -0.00364235 0.999988 0.00319221 -0.177843 -0.000210082 -0.003193 0.999995 0.886103
15 24 0 1 0 0 0 0 1 0 0 0 0 1 0
15 25 849 0.999693 0.00234017 -0.0246851 0.962129 -0.00215603 0.99997 0.00748348 -0.0792282 0.0247019 -0.00742796 0.999667 0.260826
15 26 237 0.999957 0.0044178 0.00812025 -0.18841 -0.00444761 0.999983 0.00365652 -0.0846299 -0.00810396 -0.00369248 0.99996 0.978437
15 27 829 0.999488 0.00617023 -0.0313836 0.971895 -0.00593834 0.999954 0.0074769 -0.121658 0.0314283 -0.00728671 0.999479 0.201541
15 28 797 0.999222 0.00413149 -0.03923 0.959146 -0.00381716 0.99996 0.00808414 -0.158887 0.0392618 -0.0079281 0.999198 0.234082
15 29 776 0.999917 0.00277165 -0.0125515 0.782615 -0.0027545 0.999995 0.00138352 -0.145252 0.0125553 -0.00134883 0.99992 0.605322
30 31 14 1 0.000151817 0.000510853 0.337097 -0.000149794 0.999992 -0.0039582 -0.0128405 -0.00051145 0.00395812 0.999992 0.941382
30 32 0 1 0 0 0 0 1 0 0 0 0 1 0
30 33 24 0.999974 -0.00121742 0.00713227 0.11769 0.00125082 0.999988 -0.00468014 -0.0870494 -0.00712649 0.00468894 0.999964 0.989228
30 34 112 0.999938 -0.00228956 0.0109108 0.182086 0.00241678 0.999929 -0.0116618 -0.0979685 -0.0108833 0.0116874 0.999872 0.97839
30 35 34 0.999904 0.0005232 0.0138148 -0.0838102 -0.000335469 0.999908 -0.0135879 -0.0352815 -0.0138207 0.013582 0.999812 0.995857
30 36 261 0.999996 0.00094883 -0.00267757 0.87491 -0.000960393 0.99999 -0.00432026 -0.474042 0.00267345 0.00432281 0.999987 -0.0990819
30 37 0 1 0 0 0 0 1 0 0 0 0 1 0
30 38 98 0.999984 -0.00451593 0.0034115 0.915758 0.00452567 0.999986 -0.00285062 -0.322786 -0.00339858 0.00286601 0.99999 -0.239159
30 39 791 0.999971 -0.00534934 -0.00534331 0.943827 0.00536157 0.999983 0.00227741 -0.330432 0.00533103 -0.00230599 0.999983 0.00225713
30 40 720 0.999943 -0.0099664 -0.00393258 0.967165 0.00994478 0.999936 -0.00548008 0.0735232 0.00398695 0.00544066 0.999977 -0.243282
30 41 17 0.999598 -0.00430107 0.0280088 0.442272 0.00422064 0.999987 0.00293031 -0.131508 -0.028021 -0.00281092 0.999603 -0.887187
30 42 784 0.99999 -0.00445797 -0.000951277 0.940012 0.00446757 0.999937 0.0103441 -0.32695 0.000905103 -0.0103482 0.999946 0.0973725
30 43 290 0.999952 -0.00568502 0.00794071 0.993121 0.00570132 0.999982 -0.00203147 -0.0759993 -0.00792901 0.00207665 0.999966 0.0890771
30 44 48 0.999936 -0.00616418 0.00948996 0.986638 0.00616012 0.999981 0.000457606 -0.0782147 -0.0094926 -0.000399117 0.999955 -0.142926
45 46 40 0.999994 0.00333326 -0.000119959 -0.0592543 -0.00333282 0.999988 0.0035017 0.0870379 0.00013163 -0.00350128 0.999994 -0.994441
45 47 0 1 0 0 0 0 1 0 0 0 0 1 0
45 48 289 0.999844 0.0140507 -0.0107369 0.971154 -0.0139524 0.999861 0.00917767 0.23663 0.0108644 -0.00902643 0.9999 0.0294225
45 49 20 0.999841 0.0166022 -0.00652897 0.888538 -0.0165484 0.999829 0.00819518 0.456225 0.00666391 -0.00808584 0.999945 -0.0485645
45 50 12 0.999802 0.019836 0.00151927 -0.102546 -0.0198596 0.999649 0.0175218 -0.0175184 -0.00117117 -0.0175485 0.999845 -0.994574
45 51 0 1 0 0 0 0 1 0 0 0 0 1 0
45 52 720 0.999465 0.0229038 -0.0233417 0.917135 -0.0227128 0.999707 0.00841594 0.26912 0.0235276 -0.00788128 0.999692 0.294003
45 53 42 0.999674 0.0246876 -0.00655149 0.189349 -0.024614 0.999636 0.0110852 -0.0233626 0.00682277 -0.0109203 0.999917 0.981632
45 54 32 0.999618 0.0260215 -0.00927586 -0.0394282 -0.025967 0.999645 0.00594942 -0.061085 0.00942738 -0.00570628 0.999939 0.997354
45 55 783 0.998847 0.0264583 -0.0400506 0.970659 -0.0265544 0.999646 -0.0018704 0.237376 0.039987 0.00293176 0.999196 0.0383801
45 56 596 0.998969 0.0277743 -0.0359208 0.882901 -0.0280377 0.999583 -0.00685044 0.393179 0.0357156 0.00785052 0.999331 0.256705
45 57 761 0.997433 0.0324598 -0.0638253 0.988708 -0.0328945 0.999442 -0.00577305 0.119552 0.0636023 0.00785773 0.997944 0.0903503
45 58 26 0.9993 0.0260281 -0.0268529 0.0755808 -0.0261002 0.999657 -0.00233719 0.156602 0.0267829 0.00303643 0.999637 -0.984766
45 59 766 0.996264 0.0313696 -0.0804602 0.990039 -0.0320674 0.999458 -0.007394 0.109003 0.0801847 0.00994652 0.99673 0.0891104
60 61 0 1 0 0 0 0 1 0 0 0 0 1 0
60 62 449 0.999852 0.0030491 -0.0169436 0.959482 -0.00297697 0.999986 0.00428081 0.181706 0.0169564 -0.00422974 0.999847 -0.215354
60 63 15 0.99998 0.00457058 -0.00426837 0.884906 -0.00453564 0.999956 0.00816061 0.156018 0.00430548 -0.00814109 0.999958 0.438862
60 64 24 0.999905 0.00848247 0.0108553 -0.746284 -0.00857997 0.999923 0.0089666 0.190165 -0.0107784 -0.00905888 0.999901 -0.637885
60 65 172 0.99993 0.0114399 0.00317366 0.997866 -0.0114532 0.999926 0.00421184 0.0641089 -0.00312524 -0.00424789 0.999986 0.0123721
60 66 797 0.999839 0.00906449 -0.0154771 0.966566 -0.00912084 0.999952 -0.00357405 0.149524 0.0154439 0.00371464 0.999874 0.208309
60 67 768 0.999955 0.00867194 -0.00388626 0.978374 -0.00866321 0.99996 0.00225723 -0.080101 0.00390568 -0.00222346 0.99999 0.190703
60 68 752 0.999876 0.00899067 -0.0129248 0.925882 -0.00914627 0.999886 -0.0120301 0.186785 0.0128152 0.0121468 0.999844 0.328411
60 69 766 0.999693 0.011656 -0.0218694 0.999394 -0.0117303 0.999926 -0.003274 -0.0297577 0.0218296 0.00352953 0.999755 0.0180847
60 70 753 0.999741 0.0126758 -0.0188978 0.993884 -0.0127176 0.999917 -0.00209551 -0.029962 0.0188697 0.00233531 0.999819 0.106291
60 71 710 0.999881 0.011293 0.0104661 0.971472 -0.0112784 0.999935 -0.0014544 -0.0311246 -0.0104818 0.00133619 0.999944 0.235102
60 72 721 0.998894 0.0273202 -0.0382801 0.997229 -0.0271285 0.999617 0.00551841 -0.0741294 0.0384162 -0.00447383 0.999252 -0.00627992
60 73 725 0.999781 0.0179014 -0.0108789 0.993665 -0.0179403 0.999833 -0.00348773 -0.00310319 0.0108146 0.00368214 0.999935 0.112341
60 74 686 0.999619 0.0175056 -0.0213417 0.9965 -0.0177066 0.9998 -0.00926169 0.00128448 0.0211753 0.00963605 0.999729 0.0835773
75 76 0 1 0 0 0 0 1 0 0 0 0 1 0
75 77 19 0.999986 -0.00393579 -0.00351092 0.390106 0.00392943 0.999991 -0.00181456 0.177498 0.00351803 0.00180074 0.999992 -0.9035
75 78 813 0.999686 0.000584122 -0.0250501 0.998695 -0.000573952 1 0.000413163 0.0246127 0.0250504 -0.000398656 0.999686 -0.0447482
75 79 790 0.999735 0.00591196 -0.0222414 0.974688 -0.00608875 0.99995 -0.00788954 0.196979 0.0221936 0.00802287 0.999721 0.105746
75 80 42 0.999991 0.000800158 -0.00415391 0.969802 -0.00082624 0.99998 -0.00628094 0.228707 0.0041488 0.00628432 0.999972 -0.0847228
75 81 785 0.999632 0.000256379 -0.027123 0.993572 -0.000290171 0.999999 -0.00124195 0.0730178 0.0271227 0.00124937 0.999631 -0.0865011
75 82 786 0.998754 0.000729044 -0.0499072 0.993544 -0.00067858 0.999999 0.0010281 0.0351476 0.0499079 -0.000992953 0.998753 -0.107867
75 83 143 0.999885 -0.00807233 -0.0128366 0.955314 0.00806898 0.999967 -0.000312444 0.076981 0.0128388 0.000208829 0.999918 0.285394
75 84 25 0.999963 -0.00352134 0.00788844 -0.587475 0.00350033 0.99999 0.00267532 0.0372983 -0.00789779 -0.0026476 0.999965 0.808382
75 85 769 0.999575 -0.0055387 -0.0286051 0.984621 0.00554869 0.999985 0.0002699 0.138387 0.0286032 -0.000428506 0.999591 0.106632
75 86 724 0.999582 -0.00509848 -0.0284634 0.995418 0.00529158 0.999963 0.00671309 0.0943362 0.0284281 -0.0068609 0.999572 0.0156352
75 87 722 0.998328 0.00554915 -0.0575299 0.996153 -0.00444448 0.999804 0.0193119 -0.056592 0.0576257 -0.0190239 0.998157 0.0669112
75 88 697 0.998827 0.00650258 -0.0479785 0.989826 -0.00575239 0.999859 0.0157575 0.00926565 0.0480742 -0.0154631 0.998724 0.141978
75 89 702 0.999276 0.00951357 -0.0368414 0.997031 -0.00873769 0.999738 0.0211641 -0.0405078 0.0370331 -0.0208268 0.999097 0.0654926
90 91 0 1 0 0 0 0 1 0 0 0 0 1 0
90 92 111 0.999895 0.0100331 0.0104393 0.154847 -0.0101025 0.999927 0.00661704 0.0836131 -0.0103721 -0.00672181 0.999924 0.984394
90 93 163 0.999673 0.0121322 0.0225197 -0.0391338 -0.0122969 0.999899 0.00718745 0.0152959 -0.0224303 -0.00746202 0.999721 0.999117
90 94 366 0.999831 0.0108416 0.0148781 0.636393 -0.0109808 0.999896 0.00930595 -0.143841 -0.0147757 -0.00946775 0.999846 0.757835
90 95 263 0.99975 0.0111441 0.019384 0.536553 -0.0112584 0.99992 0.00579776 -0.160661 -0.0193179 -0.00601455 0.999795 0.828432
90 96 543 0.999902 0.00805224 0.0114278 0.724736 -0.0081171 0.999951 0.00564084 -0.213554 -0.0113818 -0.00573305 0.999919 0.655097
90 97 716 0.999444 0.0112394 -0.0314016 0.955044 -0.0112652 0.999936 -0.000646117 -0.0416639 0.0313924 0.000999504 0.999507 0.293523
90 98 653 0.999991 0.000260783 0.00419242 0.685736 -0.000243526 0.999991 -0.00411623 -0.164556 -0.00419346 0.00411517 0.999983 0.709004
90 99 673 0.999006 0.00247114 -0.0445086 0.932318 -0.00244677 0.999997 0.000602042 -0.245802 0.0445099 -0.000492542 0.999009 0.265262
90 100 666 0.999998 -0.00200823 -0.000379882 0.888996 0.00200353 0.999926 -0.0120107 -0.214816 0.000403974 0.0120099 0.999928 0.404401
90 101 578 0.999941 -0.0017211 -0.010768 0.889161 0.00164714 0.999975 -0.00687393 -0.367575 0.0107795 0.00685579 0.999918 0.272548
90 102 606 0.998716 -0.00237483 -0.0506083 0.95677 0.00177655 0.999928 -0.0118635 -0.243035 0.0506328 0.0117584 0.998648 0.159768
90 103 550 0.999424 -0.00568224 -0.0334555 0.955652 0.00509879 0.999834 -0.0174992 -0.239957 0.0335494 0.0173186 0.999287 0.170735
90 104 568 0.998051 -0.000714365 -0.0623963 0.963552 -0.00046906 0.99982 -0.0189496 -0.204729 0.0623986 0.0189419 0.997872 0.172205
105 106 0 1 0 0 0 0 1 0 0 0 0 1 0
105 107 0 1 0 0 0 0 1 0 0 0 0 1 0
105 108 697 0.999919 0.00578005 -0.0113596 0.976094 -0.00593709 0.999887 -0.0138404 0.0145835 0.0112783 0.0139067 0.99984 -0.216858
105 109 694 0.999932 0.00869343 -0.00778819 0.914607 -0.00890746 0.999572 -0.0278819 0.324293 0.00754246 0.0279494 0.999581 -0.241513
105 110 686 0.999958 0.00903032 -0.0017653 0.917026 -0.00905313 0.99987 -0.0133729 -0.0408988 0.00164431 0.0133883 0.999909 -0.396726
105 111 390 0.999863 0.00637196 0.0153077 0.712246 -0.00614035 0.999867 -0.0151299 -0.0418977 -0.0154021 0.0150338 0.999768 -0.700679
105 112 664 0.999921 0.00939207 -0.00831898 0.913639 -0.00949289 0.999881 -0.0121643 -0.0967068 0.00820375 0.0122423 0.999891 -0.394856
105 113 350 0.999848 0.00669833 0.016117 0.555879 -0.00636389 0.999765 -0.0207134 0.074831 -0.016252 0.0206076 0.999656 -0.827888
105 114 587 0.999953 0.00683666 0.00687682 0.582722 -0.00673572 0.999871 -0.0145952 -0.000857932 -0.00697572 0.0145482 0.99987 -0.812671
105 115 614 0.999929 0.0102558 -0.00605086 0.803415 -0.010339 0.99985 -0.0138803 0.0874713 0.0059076 0.0139418 0.999885 -0.588959
105 116 612 0.999896 0.0129534 -0.0063057 0.868049 -0.0130202 0.999858 -0.0106759 0.0333327 0.00616652 0.0107569 0.999923 -0.495359
105 117 544 0.999455 0.0196767 0.026503 0.491327 -0.0197126 0.999805 0.00109209 -0.0771239 -0.0264764 -0.00161394 0.999648 -0.867554
105 118 566 0.999552 0.0174422 -0.0243084 0.845158 -0.0172842 0.999828 0.00669243 -0.0173346 0.0244209 -0.00626928 0.999682 -0.534235
105 119 544 0.999393 0.011019 0.0330347 0.485066 -0.0110832 0.999937 0.00176041 0.0730295 -0.0330132 -0.00212547 0.999453 -0.871423
120 121 0 1 0 0 0 0 1 0 0 0 0 1 0
120 122 621 0.999881 0.0107043 -0.0111394 0.841614 -0.0106856 0.999941 0.00173546 0.509246 0.0111573 -0.00161623 0.999936 -0.179872
120 123 637 0.999838 0.0158201 -0.00864233 0.768211 -0.0158162 0.999875 0.000517834 0.502084 0.00864944 -0.000381061 0.999963 -0.397195
120 124 191 0.999825 0.017835 0.00564374 0.673301 -0.0178908 0.99979 0.00998185 0.101607 -0.00546453 -0.0100811 0.999934 -0.732354
120 125 588 0.999565 0.0289677 0.00559127 0.663305 -0.0289884 0.999573 0.00365789 0.253202 -0.00548293 -0.00381838 0.999978 -0.704212
120 126 597 0.999422 0.0294304 -0.0170411 0.831326 -0.0296061 0.99951 -0.0101492 0.330071 0.0167341 0.0106478 0.999803 -0.447158
120 127 592 0.999182 0.0352544 -0.0198334 0.789422 -0.0356837 0.999127 -0.0217256 0.4652 0.0190502 0.0224155 0.999567 -0.400501
120 128 598 0.999511 0.0299154 -0.00909217 0.602284 -0.0299221 0.999552 -0.000596805 0.161744 0.00907024 0.00086857 0.999958 -0.781724
120 129 572 0.999465 0.0317009 -0.00804502 0.484326 -0.0317342 0.999488 -0.00403957 0.22224 0.00791284 0.00429271 0.999959 -0.84619
120 130 577 0.999201 0.0302392 -0.0261469 0.572835 -0.0308243 0.999277 -0.022275 0.439885 0.0254544 0.0230631 0.99941 -0.691637
120 131 570 0.998803 0.0361184 -0.0329791 0.621549 -0.0367198 0.999167 -0.0178149 0.381083 0.0323082 0.0190045 0.999297 -0.684436
120 132 577 0.998504 0.0358049 -0.0413165 0.656825 -0.0363579 0.999258 -0.012711 0.347478 0.0408307 0.0141941 0.999065 -0.669208
120 133 560 0.998853 0.036799 -0.0306316 0.533398 -0.0369615 0.999305 -0.0047557 0.322813 0.0304353 0.00588244 0.999519 -0.781843
120 134 550 0.998585 0.0362861 -0.0388681 0.54223 -0.0367113 0.999273 -0.0102812 0.388833 0.0384668 0.0116936 0.999191 -0.744846
135 136 15 0.999999 0.00165012 -0.000201333 0.409586 -0.00164941 0.999993 0.00345018 -0.0702207 0.000207024 -0.00344985 0.999994 0.909565
135 137 22 1 -0.000237944 0.000617806 -0.152525 0.00023633 0.999997 0.00261074 -0.0321462 -0.000618425 -0.0026106 0.999996 -0.987777
135 138 44 0.999968 0.00256979 -0.00763775 0.337397 -0.00255682 0.999995 0.001708 0.272198 0.00764211 -0.00168841 0.999969 -0.90115
135 139 280 0.999932 -0.00226426 -0.0114076 0.304689 0.00231809 0.999986 0.00470769 0.195299 0.0113968 -0.00473382 0.999924 -0.932214
135 140 676 0.999653 0.0053354 -0.025812 0.74964 -0.0053882 0.999984 -0.00197625 0.454878 0.0258011 0.00211465 0.999665 -0.480756
135 141 352 0.999865 0.00771881 -0.0144782 0.461428 -0.00763448 0.999954 0.00587085 0.28145 0.0145229 -0.00575952 0.999878 -0.84135
135 142 660 0.999354 0.0103869 -0.0343969 0.707644 -0.0104767 0.999942 -0.00243128 0.399386 0.0343697 0.00279008 0.999405 -0.582864
135 143 643 0.998749 0.0115132 -0.0486566 0.737434 -0.0114667 0.999933 0.00123462 0.299949 0.0486676 -0.000675152 0.998815 -0.605163
135 144 620 0.998312 0.0129076 -0.0566264 0.667222 -0.0138277 0.999778 -0.0158873 0.541926 0.0564087 0.0166435 0.998269 -0.51101
135 145 606 0.99919 0.0155626 -0.0370977 0.463324 -0.0152275 0.999841 0.00929782 0.335373 0.0372365 -0.00872539 0.999268 -0.820278
135 146 585 0.995871 0.0238851 -0.0875807 0.784336 -0.0254866 0.999527 -0.0172128 0.508819 0.0871281 0.0193739 0.996009 -0.354853
135 147 547 0.997298 0.0313023 -0.0664606 0.725744 -0.0306507 0.999472 0.0108025 0.387268 0.0667636 -0.0087363 0.997731 -0.568612
135 148 557 0.998212 0.0337637 -0.0493247 0.543678 -0.0321715 0.998947 0.032724 0.22978 0.0503776 -0.0310787 0.998247 -0.807227
135 149 521 0.997527 0.040156 -0.0576873 0.600113 -0.0382085 0.998675 0.0344754 0.283431 0.0589953 -0.032186 0.997739 -0.748018
150 151 15 0.999953 0.00969411 0.000185198 0.210745 -0.00969567 0.999626 0.0255733 -0.924218 6.27814e-05 -0.0255739 0.999673 -0.318446
150 152 0 1 0 0 0 0 1 0 0 0 0 1 0
150 153 36 0.999718 0.0235318 0.00323986 -0.192286 -0.0235641 0.999669 0.0103093 -0.0396684 -0.00299619 -0.0103828 0.999942 -0.980537
150 154 415 0.999318 0.0299925 -0.0215513 0.770566 -0.0300708 0.999542 -0.00331761 0.625744 0.0214419 0.00396341 0.999762 -0.121132
150 155 285 0.999392 0.0254656 -0.0238275 0.814658 -0.0253142 0.999658 0.00663387 0.511069 0.0239883 -0.00602666 0.999694 -0.274118
150 156 467 0.998378 0.0303221 -0.0481805 0.962202 -0.0299535 0.999516 0.00835227 0.261557 0.0484105 -0.00689554 0.998804 -0.0758614
150 157 447 0.998423 0.0397293 -0.0396539 0.83538 -0.0397744 0.999209 -0.000349296 0.520986 0.0396086 0.00192595 0.999213 -0.175251
150 158 419 0.998831 0.0340524 -0.0342975 0.7573 -0.0336098 0.999345 0.0134013 0.233024 0.0347314 -0.0122329 0.999322 -0.61008
150 159 424 0.997777 0.0389878 -0.0540432 0.839244 -0.0389253 0.99924 0.00220917 0.384875 0.0540883 -0.000100607 0.998536 -0.384111
150 160 248 0.998907 0.039458 -0.0250735 0.430099 -0.0390219 0.999082 0.0176524 0.143862 0.025747 -0.0166547 0.99953 -0.891245
150 161 413 0.997452 0.04221 -0.05752 0.713354 -0.0418232 0.999094 0.00791325 0.297668 0.0578018 -0.00548742 0.998313 -0.634445
150 162 404 0.993994 0.0431129 -0.100582 0.821745 -0.0456569 0.998689 -0.0231289 0.511662 0.0994532 0.0275822 0.99466 -0.250874
150 163 380 0.996662 0.0472915 -0.066553 0.659097 -0.0466319 0.998847 0.0114305 0.337747 0.0670169 -0.00828888 0.997717 -0.67195
150 164 376 0.996565 0.0433107 -0.0705849 0.619037 -0.0423311 0.998986 0.0153153 0.294867 0.0711767 -0.0122748 0.997388 -0.727906
165 166 0 1 0 0 0 0 1 0 0 0 0 1 0
165 167 686 0.999679 0.0118157 -0.0224322 0.756677 -0.0119674 0.999906 -0.00663943 0.641643 0.0223516 0.00690575 0.999726 -0.125436
165 168 119 0.999897 0.00977387 -0.0104716 0.311494 -0.00968753 0.999919 0.00826452 0.173928 0.0105516 -0.00816222 0.999911 -0.934195
165 169 700 0.998713 0.0169502 -0.0478075 0.707503 -0.0181361 0.999536 -0.0244821 0.675209 0.0473703 0.0253177 0.998556 -0.208644
165 170 601 0.999472 0.0180367 -0.0270429 0.485543 -0.0177963 0.9998 0.00910196 0.144503 0.0272016 -0.00861589 0.999593 -0.862187
165 171 650 0.998689 0.0208559 -0.0467544 0.699398 -0.0211394 0.999761 -0.00557823 0.447041 0.0466269 0.00655928 0.998891 -0.557671
165 172 642 0.999062 0.023196 -0.0365728 0.564028 -0.0229177 0.999705 0.00800999 0.223259 0.0367478 -0.00716431 0.999299 -0.795002
165 173 631 0.998917 0.0198023 -0.0420944 0.485737 -0.0196518 0.999799 0.0039858 0.258011 0.0421648 -0.00315425 0.999106 -0.835158
165 174 623 0.998076 0.0263183 -0.0561319 0.597978 -0.02601 0.999642 0.00621694 0.281675 0.0562754 -0.004745 0.998404 -0.750388
165 175 587 0.998673 0.026682 -0.0440541 0.384278 -0.0260306 0.999544 0.0152934 0.178671 0.0444421 -0.0141263 0.998912 -0.905763
165 176 566 0.999001 0.0325724 -0.0305818 0.274861 -0.032052 0.999335 0.0173559 0.133137 0.0311268 -0.0163584 0.999382 -0.952222
165 177 562 0.997572 0.0426928 -0.0550215 0.562028 -0.0423246 0.999073 0.00784071 0.254814 0.0553053 -0.00549291 0.998454 -0.786889
165 178 555 0.992012 0.0550473 -0.113495 0.790122 -0.0585914 0.997886 -0.0281291 0.420068 0.111706 0.0345543 0.99314 -0.446374
165 179 532 0.995403 0.0584547 -0.0758631 0.661177 -0.0590243 0.998243 -0.00528614 0.275867 0.0754208 0.00973961 0.997104 -0.697669
180 181 0 1 0 0 0 0 1 0 0 0 0 1 0
180 182 0 1 0 0 0 0 1 0 0 0 0 1 0
180 183 748 0.999662 0.0158786 -0.0205793 0.883066 -0.0162216 0.99973 -0.01661 0.317246 0.02031 0.0169383 0.99965 -0.345759
180 184 530 0.999862 0.0147418 -0.00764819 0.594258 -0.0148598 0.999768 -0.0156064 0.281072 0.00741635 0.0157179 0.999849 -0.753562
180 185 769 0.999651 0.0192404 -0.0181086 0.655515 -0.0196027 0.999607 -0.0200458 0.329224 0.0177157 0.0203938 0.999635 -0.679641
180 186 742 0.999387 0.0216604 -0.0275176 0.670476 -0.0221562 0.999595 -0.0178417 0.196462 0.02712 0.0184404 0.999462 -0.715447
180 187 707 0.999181 0.0274742 -0.029705 0.729772 -0.0282843 0.99923 -0.0272036 0.322713 0.0289347 0.0280215 0.999188 -0.602735
180 188 698 0.999478 0.0296589 -0.0127711 0.503269 -0.0299464 0.999288 -0.0229422 0.220748 0.0120816 0.0233126 0.999655 -0.835458
180 189 668 0.99847 0.0310993 -0.0457311 0.71171 -0.0324453 0.999053 -0.0289922 0.240948 0.0447861 0.0304316 0.998533 -0.659859
180 190 647 0.998852 0.0260337 -0.04022 0.607327 -0.027171 0.999239 -0.0279932 0.258829 0.0394606 0.0290539 0.998799 -0.751107
180 191 644 0.99838 0.0238562 -0.0516585 0.632176 -0.0252911 0.999307 -0.0273026 0.201574 0.0509713 0.0285649 0.998292 -0.748145
180 192 631 0.998008 0.0188097 -0.0602229 0.654862 -0.0210338 0.999112 -0.0365137 0.278088 0.0594826 0.0377076 0.997517 -0.702725
180 193 621 0.998346 0.0231343 -0.0526294 0.580233 -0.0250469 0.999039 -0.0359774 0.281315 0.0517465 0.0372361 0.997966 -0.764324
180 194 560 0.993365 0.0335199 -0.110009 0.799935 -0.0374481 0.998726 -0.033838 0.189033 0.108734 0.0377331 0.993354 -0.569535
195 196 11 0.999959 0.00135811 -0.00889788 0.199501 -0.00117023 0.999777 0.0210866 -0.958071 0.00892454 -0.0210753 0.999738 -0.205667
195 197 646 0.998602 -0.00290102 -0.0527726 0.949374 0.00373435 0.99987 0.0156993 0.0274874 0.0527202 -0.0158744 0.998483 -0.312942
195 198 272 0.999493 0.0115958 -0.0296382 0.480418 -0.0103701 0.999098 0.0411784 -0.711709 0.0300889 -0.0408502 0.998712 -0.512512
195 199 628 0.997344 -0.00447739 -0.0726938 0.949316 0.00604712 0.999753 0.021388 0.191524 0.0725801 -0.0217708 0.997125 -0.249234
195 200 592 0.998359 0.00745305 -0.0567804 0.801756 -0.00477248 0.998874 0.0471995 -0.152509 0.0570682 -0.0468511 0.99727 -0.577865
195 201 577 0.995585 0.00151904 -0.0938566 0.985013 0.00201554 0.999293 0.0375531 0.0186208 0.0938473 -0.0375764 0.994877 -0.171472
195 202 595 0.997398 0.0138189 -0.0707592 0.85568 -0.0107639 0.999001 0.0433764 -0.0858236 0.0712879 -0.0425018 0.99655 -0.510339
195 203 574 0.994161 0.0151601 -0.10684 0.963696 -0.0105125 0.998979 0.0439304 0.0312037 0.107396 -0.0425507 0.993305 -0.265173
195 204 572 0.992827 0.0266127 -0.116557 0.985798 -0.0208143 0.998498 0.0506852 -0.0405228 0.117731 -0.0478956 0.99189 -0.162976
195 205 548 0.995502 0.0342879 -0.088316 0.877712 -0.0293248 0.997949 0.0568944 -0.205193 0.0900857 -0.0540487 0.994466 -0.433032
195 206 540 0.991113 0.0348493 -0.128374 0.954225 -0.0275953 0.997943 0.0578589 -0.152629 0.130126 -0.0538022 0.990037 -0.257213
195 207 517 0.994685 0.0392018 -0.0952103 0.900789 -0.0345127 0.998132 0.0504075 -0.125506 0.0970085 -0.0468537 0.99418 -0.415724
195 208 496 0.992903 0.0523811 -0.106767 0.894245 -0.0461717 0.99714 0.0598248 -0.212722 0.109595 -0.0544706 0.992483 -0.393796
195 209 482 0.994516 0.0538107 -0.0896736 0.86944 -0.0492853 0.997433 0.0519391 -0.180382 0.0922383 -0.0472347 0.994616 -0.459932
210 211 756 0.999808 0.0054586 -0.0188025 0.772349 -0.00513464 0.999838 0.0172348 -0.600122 0.0188936 -0.017135 0.999675 -0.208158
210 212 439 0.999942 0.00709678 -0.00811637 0.858694 -0.00709986 0.999975 -0.00035036 -0.061393 0.00811368 0.000407965 0.999967 -0.508799
210 213 421 0.99997 0.00755332 -0.00161803 0.949262 -0.0075575 0.999968 -0.00258961 0.0703551 0.00159842 0.00260176 0.999995 -0.306514
210 214 500 0.999989 -0.00474873 0.000409736 0.924543 0.00475169 0.99996 -0.00755163 0.380877 -0.000373859 0.00755349 0.999971 -0.0123305
210 215 676 0.999724 -0.000783465 -0.0234924 0.968254 0.000670167 0.999988 -0.00483026 0.210311 0.0234959 0.00481318 0.999712 -0.135104
210 216 570 0.999954 -0.00913232 -0.00301926 0.896529 0.00915975 0.999916 0.0092007 0.0866916 0.00293498 -0.00922793 0.999953 -0.43442
210 217 544 0.999916 -0.00532617 -0.0118262 0.864226 0.00565567 0.999592 0.0280053 -0.125659 0.0116722 -0.0280698 0.999538 -0.487159
210 218 377 0.999816 -0.00123971 0.0191399 0.636749 0.000557958 0.999367 0.0355835 -0.170003 -0.0191719 -0.0355663 0.999183 -0.752097
210 219 407 0.999644 -0.0241999 0.01125 0.825066 0.0238447 0.999244 0.0307071 0.0429926 -0.0119846 -0.0304279 0.999465 -0.563399
210 220 581 0.999479 -0.0244121 -0.0211278 0.968661 0.025091 0.999157 0.0324864 0.0445335 0.020317 -0.0329996 0.999249 -0.244361
210 221 489 0.999852 -0.00617352 -0.016029 0.949352 0.00681299 0.99917 0.0401513 -0.110653 0.0157678 -0.0402546 0.999065 -0.294086
210 222 343 0.999443 -0.0112147 0.0314351 0.794222 0.0103599 0.999576 0.027223 -0.09158 -0.0317271 -0.0268821 0.999135 -0.600687
210 223 529 0.999974 -0.00530305 0.00478848 0.847777 0.0051443 0.999456 0.0325771 -0.114516 -0.00495863 -0.0325517 0.999458 -0.517842
210 224 332 0.999573 -0.00709251 0.0283334 0.741636 0.00629038 0.99958 0.0283001 -0.0956057 -0.0285222 -0.0281098 0.999198 -0.663955
225 226 0 1 0 0 0 0 1 0 0 0 0 1 0
225 227 0 1 0 0 0 0 1 0 0 0 0 1 0
225 228 600 0.999574 0.027448 -0.00989861 0.718145 -0.0273811 0.999602 0.0068313 -0.549262 0.0100822 -0.00655736 0.999928 -0.427294
225 229 643 0.999257 0.0335119 -0.0190312 0.693853 -0.0330829 0.999201 0.0224293 -0.649583 0.0197676 -0.0217831 0.999567 -0.310821
225 230 35 0.999576 0.0280176 0.00791332 0.397501 -0.0279877 0.999601 -0.00386058 -0.239477 -0.00801833 0.00363747 0.999961 -0.885801
225 231 626 0.999263 0.02878 -0.0253948 0.842282 -0.0285956 0.999562 0.00759334 -0.435737 0.0256022 -0.00686157 0.999649 -0.317323
225 232 221 0.999114 0.0420462 0.00178637 0.616674 -0.0420326 0.999091 -0.007079 -0.390836 -0.00208239 0.00699764 0.999973 -0.683345
225 233 603 0.999417 0.0272124 -0.0206031 0.907442 -0.0274708 0.999546 -0.012366 -0.265171 0.0202573 0.0129248 0.999711 -0.325936
225 234 600 0.997695 0.0299155 -0.0609158 0.853649 -0.0290565 0.999466 0.0149395 -0.476593 0.0613302 -0.013135 0.998031 -0.210101
225 235 605 0.999519 0.00941067 -0.0295496 0.976305 -0.0102261 0.999568 -0.0275681 -0.0666305 0.0292774 0.027857 0.999183 -0.205886
225 236 158 0.999657 0.0261761 0.00109078 0.798552 -0.0261389 0.99932 -0.0259985 -0.371116 -0.00177058 0.0259611 0.999661 -0.473907
225 237 597 0.997471 0.0176711 -0.0688386 0.936427 -0.0185316 0.999758 -0.0118808 -0.283778 0.068612 0.0131264 0.997557 -0.206334
225 238 518 0.99924 0.0328396 -0.0210061 0.8874 -0.0333588 0.999134 -0.0248615 -0.289044 0.0201715 0.0255434 0.99947 -0.359131
225 239 228 0.999116 0.0420317 0.000368404 0.827539 -0.0420039 0.998706 -0.0286757 -0.336443 -0.00157322 0.0286349 0.999589 -0.449428
240 241 0 1 0 0 0 0 1 0 0 0 0 1 0
240 242 155 0.999864 0.00153716 -0.0163996 0.847262 -0.00164819 0.999976 -0.00675871 -0.0222196 0.0163888 0.00678482 0.999843 0.530709
240 243 716 0.999634 0.0149597 0.0225415 -0.808918 -0.0144409 0.999631 -0.0230053 0.393334 -0.0228773 0.0226714 0.999481 0.436966
240 244 648 0.999469 0.00760265 -0.0316701 0.912029 -0.00815312 0.999817 -0.0172889 0.0739373 0.0315329 0.0175379 0.999349 0.403406
240 245 317 0.999786 0.0114896 -0.0172 0.888497 -0.0117733 0.999795 -0.0164847 -0.116446 0.0170071 0.0166836 0.999716 0.443862
240 246 636 0.999565 0.00678154 -0.0286977 0.946931 -0.00744638 0.999705 -0.0231237 -0.013691 0.0285324 0.0233274 0.999321 0.321144
240 247 138 0.999929 0.0118212 -0.00161315 0.911087 -0.0118457 0.9998 -0.0161436 -0.118028 0.00142199 0.0161616 0.999868 0.394955
240 248 580 0.999496 0.0121782 -0.0293246 0.939057 -0.012607 0.999816 -0.0144842 0.0247007 0.0291428 0.0148466 0.999465 0.342874
240 249 533 0.999489 0.0115916 -0.0297793 0.92554 -0.0120105 0.999831 -0.0139263 0.0769456 0.0296128 0.0142769 0.999459 0.37075
240 250 328 0.999813 0.0187184 -0.0049494 0.911609 -0.0187252 0.999824 -0.00133975 -0.0633776 0.00492345 0.00143218 0.999987 0.406143
240 251 451 0.999833 0.0158784 -0.00909337 0.865837 -0.0159164 0.999865 -0.00412358 0.0457307 0.00902666 0.00426763 0.99995 0.498232
240 252 441 0.999887 0.012838 -0.00777204 0.908308 -0.0128464 0.999917 -0.00103299 0.0181195 0.00775813 0.00113272 0.999969 0.41791
240 253 406 0.99993 0.0118174 -0.00111611 0.895639 -0.0118131 0.999923 0.00377023 -0.00107558 0.00116058 -0.00375678 0.999992 0.44478
240 254 391 0.999997 0.00144643 0.00220065 0.903146 -0.00145086 0.999997 0.0020158 0.0137274 -0.00219773 -0.00201898 0.999996 0.429114
255 256 12 0.99991 -0.0115466 -0.00684403 0.681511 0.0114849 0.999894 -0.0089879 0.62283 0.00694708 0.00890849 0.999936 0.38422
255 257 568 0.99956 -0.0207215 -0.0212272 0.825758 0.0204201 0.999689 -0.0143197 0.493854 0.0215173 0.0138799 0.999672 0.272455
255 258 627 0.9997 -0.0207719 -0.0129534 0.934069 0.0207805 0.999784 0.000529272 0.181829 0.0129397 -0.000798292 0.999916 0.307332
255 259 588 0.9997 -0.0226989 -0.00921005 0.851047 0.0226888 0.999742 -0.00120502 0.108858 0.00923502 0.000995696 0.999957 0.513681
255 260 533 0.999798 -0.0192569 -0.0057539 0.816279 0.019256 0.999815 -0.000210716 0.113924 0.00575689 9.98766e-05 0.999983 0.566313
255 261 572 0.99978 -0.0206809 -0.0033927 0.796346 0.0206784 0.999786 -0.000773729 0.0759843 0.00340797 0.000703404 0.999994 0.600049
255 262 479 0.999898 -0.0136603 -0.00423579 0.816612 0.0136827 0.999892 0.00530677 -0.0683646 0.00416284 -0.00536419 0.999977 0.573124
255 263 338 0.999691 -0.0243487 -0.00504197 0.768792 0.0243847 0.999677 0.00719995 0.0308274 0.00486503 -0.00732067 0.999961 0.638756
255 264 544 0.999373 -0.0294951 -0.0196073 0.771407 0.0295116 0.999564 0.000552764 0.144956 0.0195824 -0.00113106 0.999808 0.619612
255 265 558 0.99918 -0.0296456 -0.0275714 0.866171 0.0296723 0.99956 0.000560209 0.082985 0.0275426 -0.00137786 0.99962 0.49281
255 266 531 0.999214 -0.0269906 -0.0290311 0.7836 0.0270415 0.999633 0.00136223 0.0902188 0.0289837 -0.00214621 0.999578 0.61468
255 267 488 0.999497 -0.0248758 -0.019663 0.651181 0.024985 0.999674 0.00532752 0.00357115 0.0195241 -0.00581612 0.999792 0.758914
255 268 509 0.998226 -0.0394233 -0.0446123 0.764285 0.0389991 0.999186 -0.0103392 0.106883 0.0449835 0.00858106 0.998951 0.63596
255 269 488 0.99749 -0.0316298 -0.0633541 0.8548 0.0308568 0.999437 -0.0131434 0.111829 0.0637341 0.0111555 0.997905 0.506765
270 271 0 1 0 0 0 0 1 0 0 0 0 1 0
270 272 582 0.999857 0.00731573 -0.0152156 0.875184 -0.00716117 0.999922 0.0101876 -0.376253 0.015289 -0.0100772 0.999832 0.304117
270 273 374 0.999919 0.0126533 0.000957838 0.668407 -0.0126584 0.999905 0.00550444 -0.168866 -0.000888097 -0.00551612 0.999984 0.724373
270 274 626 0.99988 0.00972506 -0.0120211 0.772365 -0.00969409 0.99995 0.00263163 -0.0346141 0.012046 -0.00251478 0.999924 0.634236
270 275 568 0.999885 0.0125743 -0.0084802 0.724842 -0.0125216 0.999902 0.00623828 -0.108753 0.00855781 -0.00613137 0.999945 0.680277
270 276 577 0.999831 0.006858 -0.0170523 0.809701 -0.00675265 0.999958 0.00622814 -0.0793663 0.0170943 -0.00611194 0.999835 0.581451
270 277 550 0.999908 0.010644 -0.00840624 0.714487 -0.0105533 0.999887 0.0107507 -0.158502 0.00851972 -0.010661 0.999907 0.681459
270 278 537 0.999848 0.00886604 -0.0150272 0.740743 -0.00875674 0.999935 0.00732349 -0.0879966 0.0150911 -0.00719079 0.99986 0.666
270 279 479 0.999729 0.00980689 -0.0211077 0.784009 -0.00970016 0.99994 0.0051531 -0.024167 0.021157 -0.00494695 0.999764 0.620279
270 280 454 0.999879 0.0150051 -0.00400664 0.673629 -0.0149689 0.999848 0.00891073 -0.0250708 0.00413974 -0.00884968 0.999952 0.738644
270 281 474 0.999718 0.0209763 -0.0110954 0.750082 -0.0208352 0.999703 0.0126807 -0.103851 0.0113581 -0.0124459 0.999858 0.653141
270 282 430 0.999716 0.0235334 -0.00366968 0.747476 -0.0234745 0.999607 0.0153383 -0.121442 0.00402919 -0.0152478 0.999876 0.653094
270 283 420 0.99953 0.0297476 -0.00741687 0.76033 -0.0295894 0.99935 0.0205974 -0.134589 0.00802477 -0.0203683 0.99976 0.635441
270 284 408 0.999736 0.0206647 -0.0100651 0.77155 -0.0205506 0.999725 0.0113109 -0.0946085 0.0102961 -0.0111011 0.999885 0.629094
285 286 633 0.999906 0.00231619 -0.0134802 0.896032 -0.00242601 0.999964 -0.00813578 0.20938 0.0134608 0.00816772 0.999876 0.391519
285 287 12 0.999989 0.00251851 0.00394659 0.606166 -0.00248732 0.999966 -0.00788809 -0.199437 -0.00396632 0.00787818 0.999961 0.769927
285 288 173 0.999964 0.00453217 0.00715502 0.574248 -0.00448406 0.999967 -0.00672469 -0.284721 -0.00718527 0.00669236 0.999952 0.767577
285 289 587 0.999998 0.00194452 0.000587613 0.668615 -0.00194159 0.999986 -0.004939 -0.271136 -0.000597209 0.00493785 0.999988 0.692416
285 290 563 0.999977 0.00665574 -0.00133604 0.705546 -0.00666781 0.999935 -0.00923758 -0.298928 0.00127447 0.00924627 0.999956 0.642532
285 291 602 0.999822 0.018059 -0.00552326 0.820003 -0.0181022 0.999805 -0.00787086 -0.33481 0.00538004 0.00796944 0.999954 0.464217
285 292 600 0.999782 0.0149397 -0.0145575 0.857618 -0.0151248 0.999805 -0.0126859 -0.209393 0.0143651 0.0129034 0.999814 0.46973
285 293 561 0.999804 0.014484 -0.0134934 0.787877 -0.0146974 0.999766 -0.0158525 -0.228259 0.0132607 0.0160477 0.999783 0.571969
285 294 554 0.999647 0.0190164 -0.0185712 0.807068 -0.0193565 0.999645 -0.0183107 -0.204042 0.0182164 0.0186637 0.99966 0.554083
285 295 506 0.999469 0.0285031 -0.0158164 0.790777 -0.0287417 0.999473 -0.0150633 -0.256204 0.0153787 0.0155099 0.999761 0.555905
285 296 402 0.999339 0.0353752 -0.00833457 0.733613 -0.0355233 0.9992 -0.0183525 -0.301219 0.00767868 0.0186364 0.999797 0.609163
285 297 493 0.99893 0.04192 -0.0195553 0.820524 -0.0423717 0.998831 -0.0232826 -0.230207 0.0185564 0.0240863 0.999538 0.523207
285 298 465 0.998866 0.0427719 -0.0209296 0.801787 -0.0431944 0.998863 -0.02017 -0.220127 0.020043 0.0210512 0.999577 0.555591
285 299 416 0.998654 0.0480865 -0.0194469 0.755639 -0.0484623 0.998638 -0.0193375 -0.243455 0.0184905 0.0202539 0.999624 0.608062
300 301 0 1 0 0 0 0 1 0 0 0 0 1 0
300 302 0 1 0 0 0 0 1 0 0 0 0 1 0
300 303 0 1 0 0 0 0 1 0 0 0 0 1 0
300 304 449 0.999635 -0.000659787 -0.0270259 0.994433 0.000594691 0.999997 -0.00241662 0.0680326 0.0270274 0.00239966 0.999632 0.0804664
300 305 68 0.999875 0.00210583 -0.015658 0.885349 -0.0020691 0.999995 0.0023619 -0.194472 0.0156629 -0.0023292 0.999875 0.422301
300 306 355 0.999703 0.00761789 -0.0231545 0.944548 -0.00759877 0.999971 0.000913446 -0.0416617 0.0231608 -0.000737229 0.999731 0.325719
300 307 499 0.999408 0.01267 -0.0319719 0.985448 -0.0125469 0.999913 0.00404568 -0.0596543 0.0320204 -0.00364214 0.999481 0.159166
300 308 523 0.999332 0.014159 -0.033688 0.964268 -0.0140051 0.99989 0.00480035 -0.044355 0.0337522 -0.00432534 0.999421 0.261189
300 309 580 0.99853 0.0165656 -0.0516058 0.980247 -0.0165749 0.999863 0.000247373 0.0512003 0.0516028 0.000608352 0.998668 0.191033
300 310 504 0.998906 0.0166673 -0.0436829 0.978267 -0.0163304 0.999834 0.00805867 -0.0336756 0.04381 -0.0073365 0.999013 0.204598
300 311 530 0.998337 0.0180021 -0.0547622 0.966737 -0.0177036 0.999826 0.0059297 0.0208532 0.0548594 -0.00495035 0.998482 0.254922
300 312 498 0.997793 0.0225395 -0.0624552 0.974325 -0.0217873 0.999682 0.0126987 -0.0709105 0.0627215 -0.0113099 0.997967 0.213686
300 313 455 0.997716 0.0246887 -0.0628683 0.989568 -0.023896 0.999626 0.0133296 -0.0217448 0.0631738 -0.0117968 0.997933 0.142417
300 314 358 0.995456 0.0337714 -0.0890368 0.978188 -0.0330313 0.999407 0.00977269 0.00386098 0.089314 -0.00678727 0.99598 0.207684
315 316 60 0.999993 -0.00170289 0.00325992 0.101889 0.00172026 0.999984 -0.0053346 -0.364691 -0.00325078 0.00534017 0.99998 0.925537
315 317 0 1 0 0 0 0 1 0 0 0 0 1 0
315 318 475 0.999382 0.00514857 -0.034764 0.99015 -0.00576863 0.999826 -0.0177595 0.129818 0.0346665 0.0179491 0.999238 -0.0524497
315 319 346 0.999617 0.0102633 -0.0256951 0.952269 -0.010559 0.999879 -0.0113983 -0.0866886 0.025575 0.0116653 0.999605 -0.292692
315 320 451 0.999262 0.0159687 -0.0349292 0.939556 -0.0161271 0.999861 -0.00425741 -0.320219 0.0348564 0.00481757 0.999381 0.121219
315 321 331 0.999296 0.0261327 -0.0269285 0.997036 -0.0265914 0.999505 -0.0168212 -0.0713887 0.0264756 0.0175254 0.999496 -0.0286721
315 322 155 0.999166 0.0362792 -0.0187289 0.990309 -0.0366235 0.99916 -0.0183784 -0.0965288 0.0180464 0.0190489 0.999656 -0.0998507
315 323 19 0.998803 0.0480899 -0.00892568 -0.98769 -0.0482378 0.998688 -0.0171722 0.155925 0.00808816 0.0175822 0.999813 -0.012524
315 324 395 0.996925 0.054614 -0.0561989 0.996869 -0.0553056 0.998411 -0.0108257 -0.0781715 0.0555184 0.0139005 0.998361 0.0119156
315 325 396 0.992225 0.0490731 -0.114375 0.987152 -0.0524676 0.998261 -0.026858 0.151749 0.112858 0.0326502 0.993075 0.0500275
315 326 228 0.996844 0.0641563 -0.0467452 0.988835 -0.0646187 0.997874 -0.00844781 -0.125339 0.0461039 0.0114418 0.998871 0.0805959
315 327 363 0.993214 0.0649094 -0.0964984 0.995333 -0.06705 0.997567 -0.0191053 0.0831764 0.0950234 0.0254459 0.99515 0.0489278
315 328 355 0.994486 0.064349 -0.0828045 0.997661 -0.0656199 0.997764 -0.0127157 0.0393673 0.0818011 0.0180792 0.996485 0.0558873
315 329 338 0.992177 0.0641696 -0.107086 0.985625 -0.0654632 0.997818 -0.00860493 0.0463793 0.1063 0.0155478 0.994213 0.162457
330 331 0 1 0 0 0 0 1 0 0 0 0 1 0
330 332 0 1 0 0 0 0 1 0 0 0 0 1 0
330 333 0 1 0 0 0 0 1 0 0 0 0 1 0
330 334 648 0.999236 -0.00183368 -0.0390461 0.937132 0.00159002 0.999979 -0.0062705 0.338012 0.0390568 0.00620362 0.999218 0.0867844
330 335 549 0.999342 -0.0032296 -0.0361354 0.971059 0.00323193 0.999995 5.91208e-06 0.195621 0.0361352 -0.000122695 0.999347 0.13703
330 336 348 0.999691 -4.98221e-05 -0.0248631 0.984698 0.000155095 0.999991 0.00423219 0.0739426 0.0248627 -0.00423474 0.999682 0.157807
330 337 614 0.99876 -0.00215763 -0.049729 0.975697 0.0021385 0.999998 -0.00043783 0.137117 0.0497299 0.000330941 0.998763 0.17092
330 338 405 0.999362 0.00024722 -0.0357172 0.98027 -3.31198e-05 0.999982 0.00599478 0.0544914 0.0357181 -0.00598977 0.999344 0.190004
330 339 580 0.997285 0.00191736 -0.0736143 0.970744 -0.00210139 0.999995 -0.00242255 0.122008 0.0736093 0.00257067 0.997284 0.206809
330 340 548 0.998309 0.00460343 -0.0579531 0.964529 -0.00445133 0.999986 0.0027533 0.0686294 0.0579649 -0.00249067 0.998316 0.254901
330 341 518 0.998002 0.00578293 -0.0629146 0.978577 -0.00549149 0.999973 0.0048042 0.0608616 0.0629407 -0.00444911 0.998007 0.196681
330 342 523 0.997156 0.00414418 -0.0752552 0.984945 -0.00374095 0.999978 0.00549835 0.0574939 0.0752764 -0.00520118 0.997149 0.163024
330 343 458 0.997149 0.00926028 -0.0748823 0.984111 -0.00846812 0.999905 0.0108893 -0.00105657 0.074976 -0.0102242 0.997133 0.177551
330 344 456 0.996843 0.0153003 -0.0779109 0.964254 -0.0144029 0.999823 0.0120675 -0.0212234 0.0780818 -0.0109073 0.996887 0.264127
345 346 0 1 0 0 0 0 1 0 0 0 0 1 0
345 347 27 0.999843 0.0128575 -0.0122187 0.821179 -0.0128274 0.999914 0.00254025 -0.12358 0.0122503 -0.00238312 0.999922 0.557129
345 348 401 0.999655 0.0199095 -0.0171196 0.830912 -0.0198952 0.999802 0.00100372 -0.111136 0.0171362 -0.000662778 0.999853 0.545192
345 349 498 0.999421 0.026244 -0.0216509 0.847957 -0.0262306 0.999656 0.000900897 -0.0696873 0.0216671 -0.000332459 0.999765 0.525465
345 350 568 0.999184 0.0273168 -0.0297392 0.823215 -0.0273129 0.999627 0.000539411 -0.0389938 0.0297428 0.00027329 0.999558 0.566389
345 351 526 0.999134 0.0264987 -0.0320683 0.877699 -0.0265026 0.999649 0.000301915 -0.125133 0.0320651 0.000548241 0.999486 0.462587
345 352 518 0.999037 0.0299877 -0.0320194 0.861219 -0.0300108 0.99955 -0.00024201 -0.159885 0.0319978 0.00120271 0.999487 0.48243
345 353 487 0.999016 0.0310118 -0.0316958 0.849024 -0.0311222 0.999511 -0.00299608 -0.162685 0.0315874 0.00397958 0.999493 0.502685
345 354 578 0.998315 0.0307527 -0.0492011 0.920667 -0.0311161 0.999494 -0.00663653 -0.0988275 0.0489721 0.00815629 0.998767 0.37763
345 355 490 0.9986 0.0334051 -0.041013 0.905419 -0.0334727 0.999439 -0.000963799 -0.172371 0.0409578 0.00233526 0.999158 0.387949
345 356 450 0.99823 0.0366804 -0.0468124 0.881158 -0.0366729 0.999327 0.00102009 -0.180877 0.0468183 0.000698462 0.998903 0.436856
