0 1 11 0.999998 -0.00173736 0.000406202 0.235098 0.00173646 0.999996 0.00220704 0.614297 -0.000410035 -0.00220633 0.999997 -0.753239
0 2 0 1 0 0 0 0 1 0 0 0 0 1 0
0 3 19 0.999995 -0.00311432 -1.38599e-05 0.0385976 0.00311435 0.99999 0.00308315 0.285218 4.25782e-06 -0.00308318 0.999995 -0.957685
0 4 16 0.999992 -0.00387195 0.000133773 -0.205606 0.00387142 0.999985 0.00378051 0.368903 -0.000148409 -0.00377997 0.999993 -0.906442
0 5 32 0.999976 -0.00659923 -0.00193287 0.366285 0.00660457 0.999974 0.00277047 -0.0528757 0.00191454 -0.00278317 0.999994 0.928999
0 6 15 0.999989 -0.00466489 -0.000908467 -0.0689675 0.004667 0.999986 0.00233574 0.137604 0.000897558 -0.00233996 0.999997 -0.988083
0 7 20 0.999988 -0.00480671 0.000141762 -0.0642189 0.00480623 0.999983 0.00320404 0.213061 -0.000157161 -0.00320332 0.999995 -0.974926
0 8 12 0.999987 -0.00512097 -6.81899e-05 0.0222218 0.00512101 0.999987 0.000596514 -0.35419 6.51342e-05 -0.000596856 1 -0.93491
0 9 20 0.999931 -0.00231207 -0.0115424 0.852515 0.00228232 0.999994 -0.00258993 0.366769 0.0115483 0.00256341 0.99993 0.372424
0 10 83 0.999865 -0.00291891 -0.0161479 0.884721 0.00304855 0.999963 0.0080099 -0.325697 0.016124 -0.00805805 0.999838 0.333453
0 11 14 0.999995 -0.00285909 -0.00144786 0.0536418 0.00286357 0.999991 0.00310054 0.0897972 0.00143898 -0.00310467 0.999994 -0.994514
0 12 13 0.999997 -0.00209441 -0.000900136 0.527584 0.00209571 0.999997 0.001444 0.0560621 0.000897109 -0.00144588 0.999999 -0.847651
0 13 20 0.999942 0.00377782 -0.0100849 0.947478 -0.00375595 0.999991 0.00218626 0.114067 0.0100931 -0.00214825 0.999947 0.298787
0 14 19 0.999951 0.00942178 0.00293134 0.00282201 -0.00942879 0.999953 0.00238883 0.182152 -0.00290869 -0.00241636 0.999993 0.983266
15 16 11 0.999997 -0.000638992 -0.00233862 0.671574 0.000640399 1 0.00060122 -0.048108 0.00233823 -0.000602716 0.999997 0.739374
15 17 19 0.999995 -0.000915225 -0.00289373 0.334713 0.000919974 0.999998 0.00164016 -0.244911 0.00289223 -0.00164281 0.999994 0.909937
15 18 19 0.999954 0.00294984 -0.00910835 0.831833 -0.0029716 0.999993 -0.00237586 0.356522 0.00910128 0.00240281 0.999956 0.425376
15 19 20 0.999987 0.00487276 0.00165276 -0.42123 -0.00487574 0.999986 0.0018039 -0.0778626 -0.00164395 -0.00181194 0.999997 0.903606
15 20 15 0.99998 0.00606262 -0.00166373 -0.875191 -0.00605594 0.999974 0.00398867 0.271667 0.00168787 -0.00397852 0.999991 -0.400298
15 21 18 0.999979 0.00648183 -0.000495175 0.966365 -0.00648035 0.999975 0.00292683 -0.254127 0.000514133 -0.00292356 0.999996 0.0394876
15 22 20 0.999951 0.00809547 -0.00565159 0.813263 -0.00806055 0.999948 0.00617501 -0.227822 0.00570129 -0.00612915 0.999965 0.535444
15 23 22 0.999968 0.00421846 -0.00673087 0.846441 -0.00419008 0.999982 0.00422479 -0.16493 0.00674857 -0.00419646 0.999968 0.506296
15 24 633 0.999609 0.00372076 -0.0277026 0.967005 -0.00376129 0.999992 -0.00141088 0.163307 0.0276971 0.00151452 0.999615 0.19553
15 25 240 0.999884 0.00454225 -0.0145346 0.90216 -0.00439594 0.99994 0.0100822 -0.21865 0.0145795 -0.0100171 0.999844 0.371885
15 26 552 0.999711 0.00280004 -0.0238561 0.92389 -0.00264558 0.999975 0.00650393 -0.142379 0.0238737 -0.00643894 0.999694 0.355185
15 27 486 0.999847 0.00108956 -0.0174816 0.957798 -0.00104836 0.999997 0.00236544 -0.00458418 0.0174841 -0.00234675 0.999844 0.287407
15 28 585 0.9996 0.00172019 -0.0282344 0.928223 -0.00158457 0.999987 0.00482491 -0.11375 0.0282424 -0.00477824 0.99959 0.354207
15 29 555 0.999837 0.00308583 -0.0178102 0.918636 -0.00301923 0.999988 0.00376528 -0.20326 0.0178216 -0.00371089 0.999834 0.338812
30 31 15 1 -0.000475683 0.000874181 -0.375792 0.00047917 0.999992 -0.0039931 -0.138198 -0.000872274 0.00399352 0.999992 0.916342
30 32 28 0.99998 -0.0060582 0.00174267 0.384684 0.00606752 0.999967 -0.00539029 0.292086 -0.00170996 0.00540076 0.999984 -0.875616
30 33 15 0.999986 -0.00214916 -0.00490312 -0.892563 0.00213197 0.999992 -0.00350777 0.171418 0.00491061 0.00349726 0.999982 -0.417071
30 34 47 0.999951 -0.000884603 0.00983641 0.13661 0.000998159 0.999933 -0.0115456 -0.117792 -0.00982553 0.0115549 0.999885 0.983597
30 35 12 0.999953 -0.00275052 0.00929281 0.776427 0.00287567 0.999905 -0.0134812 0.00795541 -0.00925485 0.0135073 0.999866 -0.630157
30 36 41 0.999907 0.0046853 0.0128199 0.43582 -0.00453377 0.99992 -0.0118238 -0.132905 -0.0128743 0.0117645 0.999848 -0.890167
30 37 15 0.999893 -0.0033204 0.0142466 0.551924 0.00348015 0.999931 -0.0112029 -0.157127 -0.0142084 0.0112513 0.999836 -0.818958
30 38 528 0.99994 -0.00973069 -0.00506292 0.929657 0.00964114 0.999802 -0.0174214 0.364239 0.00523144 0.0173715 0.999835 0.0553812
30 39 215 0.999955 -0.00933456 0.00147287 0.999749 0.00934419 0.999934 -0.00666919 -0.021404 -0.00141052 0.00668265 0.999977 0.00663229
30 40 341 0.999919 -0.0114511 -0.0056041 0.973538 0.0113899 0.999876 -0.0108437 0.226332 0.00572758 0.010779 0.999926 -0.0315974
30 41 540 0.999859 -0.0119748 -0.0117753 0.94464 0.0118304 0.999855 -0.0122548 0.32307 0.0119203 0.0121137 0.999856 0.057285
30 42 553 0.999962 -0.00314852 -0.00818845 0.993545 0.0031458 0.999995 -0.000345029 -0.00740039 0.0081895 0.000319257 0.999966 0.113201
30 43 266 0.999938 -0.00888178 0.00670074 0.970454 0.00892604 0.999938 -0.00660412 0.176342 -0.00664167 0.00666352 0.999956 -0.164691
30 44 519 0.999958 -0.00916884 0.00024112 0.97596 0.00916991 0.999946 -0.00493533 0.135672 -0.000195856 0.00493733 0.999988 0.17057
45 46 17 0.999975 0.00692185 -0.0013562 0.163244 -0.00691613 0.999967 0.00418402 -0.285944 0.00138512 -0.00417454 0.99999 -0.944239
45 47 19 0.999952 0.00961089 0.00196275 0.704072 -0.00963113 0.999898 0.0105808 0.589668 -0.00186086 -0.0105992 0.999942 -0.395695
45 48 14 0.999905 0.0117042 0.00725617 -0.941713 -0.0118032 0.999836 0.0137654 -0.0279984 -0.00709387 -0.0138498 0.999879 -0.335249
45 49 414 0.999799 0.0175467 -0.00968436 0.865037 -0.0174864 0.999827 0.00628148 0.46967 0.0097929 -0.00611087 0.999933 0.176411
45 50 0 1 0 0 0 0 1 0 0 0 0 1 0
45 51 62 0.99958 0.0221963 -0.0186483 0.937381 -0.0219761 0.999687 0.011931 0.288573 0.0189073 -0.0115162 0.999755 0.195044
45 52 77 0.999824 0.018441 -0.00332267 -0.0924881 -0.0183913 0.999727 0.0144049 -0.28248 0.0035874 -0.0143413 0.999891 0.954804
45 53 21 0.999555 0.0216869 -0.020478 0.973799 -0.0214323 0.999691 0.0125677 -0.126736 0.0207442 -0.0121232 0.999711 0.18882
45 54 155 0.999231 0.026693 -0.0287132 0.976683 -0.0265282 0.999629 0.00610528 -0.0286088 0.0288656 -0.00533887 0.999569 0.212772
45 55 23 0.999359 0.0258953 -0.0247254 0.90659 -0.0258235 0.999661 0.00321855 0.0704417 0.0248004 -0.00257799 0.999689 0.416091
45 56 549 0.998453 0.0291209 -0.0473669 0.99818 -0.0289849 0.999574 0.00355503 -0.0500727 0.0474503 -0.00217661 0.998871 0.0335999
45 57 516 0.998166 0.0290363 -0.0531255 0.995615 -0.0292404 0.999568 -0.00307016 0.0733143 0.0530134 0.00461794 0.998583 0.058097
45 58 23 0.999022 0.0242579 -0.0369544 0.934893 -0.0243802 0.999699 -0.0028613 0.0862605 0.0368738 0.00375946 0.999313 -0.344287
45 59 71 0.998628 0.0274315 -0.0446152 0.944299 -0.0275281 0.99962 -0.00155106 0.018754 0.0445557 0.0027771 0.999003 -0.328553
60 61 14 0.999988 0.00494583 -9.66759e-05 0.469223 -0.00494547 0.999982 0.00340189 -0.801929 0.000113499 -0.00340138 0.999994 -0.369784
60 62 473 0.999854 0.0016045 -0.0169939 0.88882 -0.00164818 0.999995 -0.0025564 0.45813 0.0169897 0.00258404 0.999852 -0.0107805
60 63 25 0.99998 0.00394816 -0.00485566 0.994075 -0.00389788 0.999939 0.0103215 -0.00900768 0.00489611 -0.0103024 0.999935 0.108321
60 64 177 0.999975 0.00523049 -0.00483684 0.993936 -0.00519183 0.999955 0.0079716 -0.0400334 0.00487832 -0.00794628 0.999957 0.102415
60 65 565 0.999914 0.0127222 -0.00311225 0.95306 -0.0126822 0.999841 0.0125497 -0.287778 0.00327141 -0.0125092 0.999916 0.0941321
60 66 613 0.999855 0.0103672 -0.0134996 0.992121 -0.0103439 0.999945 0.00179525 0.00675803 0.0135175 -0.00165535 0.999907 0.125098
60 67 26 0.999904 0.00453563 0.01308 -0.904168 -0.00453775 0.99999 0.000132425 -0.00219006 -0.0130793 -0.000191766 0.999914 0.427172
60 68 548 0.999552 0.0120245 -0.0274253 0.97916 -0.0121856 0.999909 -0.005713 0.0444958 0.0273541 0.00604463 0.999608 0.198158
60 69 617 0.999721 0.0154931 -0.0178422 0.978776 -0.015391 0.999864 0.00584672 -0.204582 0.0179304 -0.00557048 0.999824 -0.0120189
60 70 523 0.999934 0.0114866 0.000512615 0.996067 -0.0114847 0.999928 -0.0035663 0.0218759 -0.000553543 0.00356017 0.999994 -0.0858636
60 71 417 0.999853 0.013768 -0.0101793 0.999867 -0.0137765 0.999905 -0.000765421 -0.0141032 0.0101678 0.000905543 0.999948 0.00823452
60 72 459 0.999824 0.0183663 -0.00387696 0.994742 -0.0183625 0.999831 0.00100938 -0.0573605 0.00389484 -0.000938008 0.999992 0.0848366
60 73 537 0.999817 0.018984 0.00250382 0.989597 -0.018982 0.999819 -0.000818567 -0.0504399 -0.00251891 0.000770889 0.999997 0.134736
60 74 409 0.999798 0.0161303 0.0120313 0.960454 -0.0160782 0.999861 -0.00441289 -0.110485 -0.0121008 0.00421856 0.999918 0.255579
75 76 18 0.999995 -0.00295903 -0.00102888 0.0456135 0.00295688 0.999993 -0.00208572 0.241959 0.00103504 0.00208266 0.999997 -0.969214
75 77 183 0.99979 -0.00306781 -0.0202792 0.921878 0.00290922 0.999965 -0.0078451 0.351286 0.0203025 0.00778445 0.999764 -0.163522
75 78 21 0.999985 0.00551615 0.000251269 0.334005 -0.00551647 0.999984 0.00130238 -0.260193 -0.000244081 -0.00130375 0.999999 -0.905947
75 79 458 0.999756 0.00471591 -0.0215666 0.982997 -0.00484034 0.999972 -0.00572113 0.11681 0.021539 0.00582413 0.999751 0.141675
75 80 18 0.999992 0.00291121 0.00277517 0.906677 -0.00290201 0.99999 -0.00331109 0.125772 -0.00278478 0.00330301 0.999991 -0.40264
75 81 500 0.999667 0.000265133 -0.0257898 0.976808 -0.000369825 0.999992 -0.00405474 0.164112 0.0257885 0.00406293 0.999659 -0.137525
75 82 82 0.999912 -0.00550284 -0.0120406 0.98466 0.00549886 0.999985 -0.00036368 0.148953 0.0120424 0.000297439 0.999927 -0.0908711
75 83 552 0.999576 -0.00603974 -0.0284936 0.994416 0.00610721 0.999979 0.00228166 -0.0706697 0.0284792 -0.00245471 0.999591 0.0783804
75 84 535 0.999504 -0.00539915 -0.0310132 0.998019 0.00541473 0.999985 0.000418263 0.062916 0.0310105 -0.000585983 0.999519 -0.000729575
75 85 571 0.999158 0.000438071 -0.0410238 0.99971 -0.000148532 0.999975 0.00706061 -0.0206033 0.0410258 -0.00704857 0.999133 0.0124498
75 86 483 0.999145 -0.00203696 -0.0412835 0.999687 0.00250852 0.999932 0.0113738 -0.0218945 0.0412575 -0.0114676 0.999083 -0.0121359
75 87 498 0.998363 0.00204113 -0.0571637 0.992126 -0.0014033 0.999936 0.0111957 0.051652 0.0571829 -0.0110972 0.998302 0.1141
75 88 443 0.999003 0.00397173 -0.044472 0.97663 -0.00329509 0.999878 0.0152778 -0.00162369 0.0445272 -0.015116 0.998894 0.214922
75 89 510 0.999058 0.00911326 -0.0424303 0.989346 -0.00827271 0.999767 0.0199438 -0.0280528 0.0426022 -0.019574 0.9989 0.142853
90 91 27 0.99994 0.00135434 -0.010905 0.999516 -0.00127881 0.999975 0.00692974 0.0310338 0.0109141 -0.00691538 0.999917 0.00227036
90 92 246 0.999973 0.00171825 -0.0071077 0.836593 -0.00164723 0.999949 0.00998564 -0.141525 0.00712449 -0.00997366 0.999925 0.529229
90 93 332 0.999886 0.0106158 -0.0107504 0.959494 -0.0105175 0.999903 0.00915854 -0.0657058 0.0108466 -0.00904443 0.9999 0.27396
90 94 518 0.999781 0.0171968 -0.0119606 0.945049 -0.0169593 0.999662 0.0196855 -0.282984 0.0122951 -0.0194783 0.999735 0.163714
90 95 428 0.999902 0.0096266 0.0102011 0.715741 -0.00968577 0.999936 0.00576708 -0.10833 -0.0101449 -0.00586531 0.999931 0.689913
90 96 466 0.999958 0.0081561 -0.0042278 0.87157 -0.00812594 0.999942 0.00710147 -0.178971 0.00428548 -0.00706681 0.999966 0.456438
90 97 490 0.999839 0.0083354 -0.0158862 0.926914 -0.0082427 0.999949 0.0058914 -0.18678 0.0159345 -0.00575951 0.999856 0.32549
90 98 437 0.999904 0.00629427 -0.0123728 0.896626 -0.00619021 0.999945 0.00843078 -0.351963 0.0124252 -0.00835337 0.999888 0.268669
90 99 431 0.999933 0.00110778 -0.0115115 0.879807 -0.00120728 0.999962 -0.00864002 -0.215895 0.0115015 0.00865334 0.999896 0.423473
90 100 402 0.999505 0.00592643 -0.030904 0.930771 -0.00581615 0.999976 0.00365707 -0.337046 0.0309249 -0.00347552 0.999516 0.141654
90 101 318 0.99986 -0.00467725 -0.0160776 0.874063 0.00440972 0.999852 -0.0166356 -0.15537 0.016153 0.0165624 0.999732 0.460298
90 102 364 0.999668 -0.00569497 -0.02511 0.910092 0.00528623 0.999853 -0.0163142 -0.274237 0.0251992 0.016176 0.999552 0.310688
90 103 268 0.999412 -0.00626211 -0.0337048 0.936015 0.00563478 0.99981 -0.0186753 -0.232049 0.0338154 0.0184744 0.999257 0.26463
90 104 317 0.999721 -0.00660046 -0.0226965 0.950091 0.00596419 0.99959 -0.0279883 -0.20054 0.0228719 0.0278451 0.999351 0.238978
105 106 10 0.999981 -0.00216058 0.00585511 0.0494406 0.00218538 0.999989 -0.00423298 -0.217681 -0.00584589 0.0042457 0.999974 0.974767
105 107 18 0.999998 0.00153559 0.00115565 0.898566 -0.00153009 0.999988 -0.00474334 -0.243159 -0.00116292 0.00474157 0.999988 -0.365312
105 108 23 0.999967 0.00468764 0.00665805 0.922617 -0.00461366 0.999928 -0.0110841 -0.170811 -0.00670952 0.011053 0.999916 -0.345833
105 109 74 0.999762 0.00541056 0.0211242 0.314202 -0.00504571 0.999838 -0.0172866 0.0762154 -0.0212143 0.0171759 0.999627 -0.946292
105 110 355 0.999928 0.00752556 0.00933653 0.826369 -0.00736759 0.999831 -0.0168394 0.1094 -0.00946168 0.0167694 0.999815 -0.5524
105 111 107 0.99962 0.00939001 0.0259225 0.468242 -0.00898298 0.999835 -0.0157742 -0.0215587 -0.0260663 0.0155353 0.999539 -0.883337
105 112 411 0.999953 0.00932452 -0.00251378 0.86251 -0.00934068 0.999935 -0.00649521 -0.247107 0.00245306 0.00651839 0.999976 -0.441604
105 113 456 0.999977 0.00640155 -0.00217811 0.823932 -0.00645422 0.999664 -0.0251019 0.168191 0.00201668 0.0251154 0.999683 -0.541155
105 114 294 0.999935 0.00970886 0.00594841 0.693466 -0.00963525 0.999878 -0.0122799 -0.0809045 -0.00606691 0.0122218 0.999907 -0.715932
105 115 390 0.999889 0.0109664 -0.0101164 0.853213 -0.0110826 0.999872 -0.011504 0.0279601 0.009989 0.0116149 0.999883 -0.520813
105 116 398 0.999738 0.0124462 0.0192163 0.554967 -0.0122512 0.999873 -0.0102322 0.0633291 -0.0193412 0.00999405 0.999763 -0.829459
105 117 277 0.999859 0.0118033 -0.0119787 0.863643 -0.0119865 0.999811 -0.0153366 0.145091 0.0117954 0.015478 0.999811 -0.482773
105 118 377 0.999935 0.0108005 -0.00358638 0.764163 -0.0108097 0.999938 -0.00255166 0.0733281 0.0035586 0.00259027 0.99999 -0.640841
105 119 358 0.999732 0.0162472 0.016509 0.668052 -0.0162937 0.999864 0.00268819 0.0498625 -0.0164631 -0.00295647 0.99986 -0.742442
120 121 0 1 0 0 0 0 1 0 0 0 0 1 0
120 122 521 0.999896 0.0111896 -0.00908968 0.753577 -0.0111829 0.999937 0.000789948 0.582679 0.00909794 -0.000688217 0.999958 -0.304313
120 123 30 0.999876 0.0100564 0.0121043 -0.090696 -0.0102012 0.999876 0.0119656 0.160389 -0.0119825 -0.0120876 0.999855 -0.982878
120 124 175 0.999791 0.0197482 0.00527216 0.649415 -0.0197874 0.999776 0.00749918 0.219164 -0.00512288 -0.00760194 0.999958 -0.728167
120 125 435 0.99961 0.0276133 -0.00423551 0.850778 -0.0276101 0.999618 0.000803329 0.276964 0.00425608 -0.000686073 0.999991 -0.446619
120 126 493 0.999319 0.0353133 -0.010683 0.819214 -0.0353857 0.999352 -0.00666035 0.332707 0.0104409 0.00703384 0.999921 -0.467113
120 127 265 0.999432 0.0262343 0.021172 0.141411 -0.0262089 0.999655 -0.00147895 0.240636 -0.0212035 0.000923215 0.999775 -0.960259
120 128 320 0.999678 0.0208103 0.0145257 0.168251 -0.0207558 0.999777 -0.00389157 0.282617 -0.0146035 0.00358883 0.999887 -0.944362
120 129 450 0.99932 0.0355048 -0.0099324 0.598022 -0.0354984 0.999369 0.000821255 0.119559 0.0099553 -0.000468112 0.99995 -0.792512
120 130 451 0.999084 0.0362859 -0.0226961 0.651904 -0.0364241 0.99932 -0.00570582 0.223317 0.0224736 0.00652727 0.999726 -0.724673
120 131 462 0.998752 0.0373726 -0.033132 0.603335 -0.037967 0.999126 -0.0174972 0.388001 0.0324491 0.0187333 0.999298 -0.696737
120 132 434 0.998928 0.0343778 -0.0309993 0.537907 -0.0347255 0.999339 -0.0107492 0.3462 0.0306093 0.0118142 0.999462 -0.768636
120 133 429 0.999486 0.0300391 -0.0112187 0.324333 -0.0300853 0.999539 -0.00397677 0.352696 0.0110941 0.00431225 0.999929 -0.877732
120 134 426 0.998625 0.0451823 -0.0265833 0.423319 -0.0449695 0.998952 0.00855137 0.181861 0.0269418 -0.00734417 0.99961 -0.88754
135 136 0 1 0 0 0 0 1 0 0 0 0 1 0
135 137 0 1 0 0 0 0 1 0 0 0 0 1 0
135 138 27 0.999956 0.000635818 -0.0093591 0.465098 -0.000596427 0.999991 0.00421108 0.111296 0.0093617 -0.00420531 0.999947 -0.878235
135 139 151 0.99991 0.00266039 -0.0131208 0.450191 -0.00256196 0.999968 0.00751298 0.115376 0.0131404 -0.00747869 0.999886 -0.885447
135 140 412 0.999657 0.00666613 -0.0253463 0.732483 -0.0065926 0.999974 0.00298334 0.321468 0.0253655 -0.00281522 0.999674 -0.600105
135 141 422 0.999537 0.00879647 -0.0291159 0.672645 -0.00889871 0.999955 -0.00338361 0.422372 0.0290848 0.00364114 0.99957 -0.607578
135 142 414 0.999724 0.00628677 -0.0226498 0.426084 -0.00618355 0.99997 0.00462452 0.262833 0.0226782 -0.00448318 0.999733 -0.865662
135 143 510 0.999639 0.00746267 -0.0257964 0.393399 -0.00731323 0.999956 0.00588233 0.278038 0.0258391 -0.00569155 0.99965 -0.876318
135 144 438 0.998309 0.0157371 -0.0559665 0.739794 -0.0161335 0.999848 -0.00663795 0.452275 0.0558535 0.00752966 0.998411 -0.498149
135 145 510 0.999693 0.0123406 -0.0214866 0.24311 -0.0119726 0.999781 0.0171708 0.224295 0.0216938 -0.0169083 0.999622 -0.94371
135 146 428 0.998385 0.0235792 -0.051687 0.609038 -0.0227151 0.999593 0.0172419 0.266009 0.0520726 -0.01604 0.998514 -0.747202
135 147 403 0.996553 0.0308581 -0.0770006 0.716978 -0.0315303 0.999474 -0.00753015 0.524626 0.0767278 0.00993205 0.997003 -0.459031
135 148 460 0.997418 0.0365817 -0.0617986 0.689686 -0.0352067 0.999111 0.0231943 0.331893 0.0625921 -0.0209587 0.997819 -0.643569
135 149 375 0.997245 0.0369639 -0.0643052 0.658347 -0.0352502 0.998998 0.0275833 0.34612 0.0652603 -0.0252405 0.997549 -0.668416
150 151 0 1 0 0 0 0 1 0 0 0 0 1 0
150 152 184 0.999462 0.0326372 -0.00339412 0.396172 -0.0326683 0.999421 -0.00955441 0.890599 0.00308032 0.00966015 0.999949 0.223341
150 153 26 0.999658 0.0235855 0.0112686 -0.815501 -0.0237818 0.999562 0.0176169 -0.548897 -0.0108481 -0.0178789 0.999781 -0.183497
150 154 26 0.999586 0.0287412 -0.00158017 0.0568903 -0.0287126 0.999462 0.0158691 -0.0913293 0.00203542 -0.0158171 0.999873 -0.994194
150 155 21 0.999546 0.0296476 -0.00534195 0.0473593 -0.0295432 0.999389 0.0186621 -0.180425 0.00589197 -0.0184958 0.999812 -0.982448
150 156 120 0.998946 0.0263706 -0.0375746 0.895729 -0.0260319 0.999616 0.00947331 0.307239 0.03781 -0.00848519 0.999249 -0.321361
150 157 114 0.998432 0.0363003 -0.042606 0.821927 -0.036316 0.99934 0.000406409 0.481113 0.0425927 0.00114151 0.999092 -0.304905
150 158 111 0.998505 0.0381999 -0.0390917 0.828381 -0.0379672 0.999257 0.00667768 0.415431 0.0393177 -0.00518349 0.999213 -0.375769
150 159 103 0.998501 0.0394592 -0.0379325 0.690633 -0.0390206 0.999164 0.0122336 0.279808 0.0383835 -0.0107352 0.999205 -0.666883
150 160 103 0.997753 0.0391664 -0.054363 0.873331 -0.0387122 0.999206 0.00938215 0.236237 0.0546873 -0.00725656 0.998477 -0.426011
150 161 124 0.995505 0.0354833 -0.0878159 0.807267 -0.0369997 0.999192 -0.0157001 0.445743 0.0871878 0.0188787 0.996013 -0.386823
150 162 98 0.998816 0.0314585 -0.0370991 0.374466 -0.0309163 0.999408 0.0150988 0.280015 0.0375521 -0.0139339 0.999198 -0.88395
150 163 85 0.99827 0.0414913 -0.0416595 0.479057 -0.0406253 0.998945 0.0214229 0.28314 0.0425044 -0.0196934 0.998902 -0.830865
150 164 124 0.997444 0.0420837 -0.0577518 0.561482 -0.0411728 0.99901 0.0168731 0.36107 0.0584047 -0.0144522 0.998188 -0.744558
165 166 10 0.99999 0.00380643 -0.00249024 -0.316504 -0.00379229 0.999977 0.0056581 0.269212 0.00251172 -0.0056486 0.999981 -0.909588
165 167 13 0.999903 0.0106284 -0.00905615 -0.404911 -0.0105752 0.999927 0.00590211 -0.383209 0.00911822 -0.00580576 0.999942 0.83018
165 168 87 0.999768 0.0149363 -0.0155308 0.487575 -0.014787 0.999844 0.00968254 0.123739 0.015673 -0.00945063 0.999833 -0.864268
165 169 394 0.999375 0.0175014 -0.03071 0.687885 -0.0175162 0.999847 -0.000211727 0.46065 0.0307015 0.000749516 0.999528 -0.560906
165 170 461 0.99897 0.0166064 -0.0422238 0.70828 -0.0170468 0.999804 -0.0100915 0.541452 0.042048 0.0108009 0.999057 -0.452956
165 171 404 0.99906 0.0204493 -0.0382225 0.629506 -0.0201494 0.999763 0.00821575 0.221115 0.0383815 -0.00743787 0.999235 -0.744869
165 172 373 0.999283 0.020678 -0.0317238 0.487476 -0.0205919 0.999783 0.00303618 0.38226 0.0317797 -0.00238075 0.999492 -0.785012
165 173 409 0.998354 0.01915 -0.0540553 0.615353 -0.0193492 0.999808 -0.00316389 0.337862 0.0539843 0.00420461 0.998533 -0.712172
165 174 492 0.998091 0.0211178 -0.058033 0.596666 -0.0211096 0.999777 0.000753748 0.331332 0.058036 0.000472745 0.998314 -0.730896
165 175 363 0.996683 0.0285163 -0.0762167 0.710753 -0.0294961 0.999496 -0.0117609 0.465856 0.0758428 0.01397 0.997022 -0.527075
165 176 339 0.997043 0.0366352 -0.0675458 0.649819 -0.0369073 0.999315 -0.00278443 0.375908 0.0673975 0.00526913 0.997712 -0.660627
165 177 361 0.994811 0.0498621 -0.088688 0.762112 -0.0501739 0.99874 -0.00128837 0.29307 0.088512 0.0057315 0.996059 -0.577318
165 178 389 0.994848 0.0572356 -0.083681 0.728437 -0.0583741 0.998232 -0.0112204 0.381224 0.0828908 0.0160474 0.996429 -0.569252
165 179 321 0.996235 0.0606656 -0.0619313 0.572627 -0.0604875 0.998158 0.00474877 0.190601 0.0621053 -0.000984819 0.998069 -0.797352
180 181 27 0.999993 0.00335378 0.00132591 -0.495423 -0.00335394 0.999994 0.000119164 0.0294863 -0.0013255 -0.00012361 0.999999 -0.868151
180 182 21 0.999909 0.0125317 0.00495222 -0.130406 -0.0125231 0.99992 -0.00176785 -0.174858 -0.00497398 0.00170567 0.999986 -0.975919
180 183 137 0.999917 0.0127802 0.00156055 0.320582 -0.0127671 0.999886 -0.00810813 0.0604163 -0.00166399 0.00808754 0.999966 -0.945292
180 184 672 0.999026 0.0201486 -0.0392573 0.874609 -0.0214189 0.999252 -0.0322096 0.431063 0.038579 0.0330191 0.99871 -0.22191
180 185 618 0.999631 0.0161726 -0.02183 0.692963 -0.0167175 0.999547 -0.0250145 0.402926 0.0214156 0.0253702 0.999449 -0.597873
180 186 612 0.999192 0.0245784 -0.0318088 0.741013 -0.025322 0.99941 -0.0231908 0.3096 0.0312201 0.0239776 0.999225 -0.595858
180 187 533 0.998448 0.0307172 -0.0464525 0.823486 -0.0317013 0.999285 -0.0205979 0.162668 0.0457865 0.0220385 0.998708 -0.543517
180 188 567 0.999104 0.0300377 -0.0298289 0.681422 -0.0308441 0.999161 -0.0269546 0.252912 0.0289942 0.0278505 0.999192 -0.686804
180 189 497 0.99877 0.0257564 -0.042374 0.693046 -0.0274361 0.998841 -0.0395466 0.400068 0.0413063 0.0406605 0.998319 -0.599694
180 190 415 0.998196 0.0268137 -0.0537283 0.72785 -0.0285806 0.999067 -0.0323914 0.29947 0.0528096 0.0338685 0.99803 -0.61689
180 191 493 0.998594 0.0214107 -0.0484904 0.573516 -0.0229366 0.999252 -0.0311337 0.265068 0.0477875 0.0322022 0.998338 -0.775125
180 192 550 0.997238 0.0255378 -0.0697502 0.720067 -0.0279203 0.999052 -0.0333997 0.228019 0.0688311 0.0352549 0.997005 -0.65537
180 193 501 0.998654 0.0231974 -0.046386 0.478964 -0.0247097 0.999173 -0.0322993 0.237831 0.0455983 0.033402 0.998401 -0.845003
180 194 351 0.993729 0.0279344 -0.108266 0.808989 -0.0326361 0.998589 -0.0419013 0.257548 0.106943 0.0451719 0.993239 -0.528399
195 196 34 0.999978 -0.00219484 -0.00631382 0.0578229 0.00224029 0.999972 0.00720133 -0.262615 0.00629784 -0.00721532 0.999954 -0.963167
195 197 253 0.99949 -0.00744678 -0.0310485 0.863732 0.00768636 0.999942 0.00760397 0.403934 0.0309901 -0.00783875 0.999489 -0.301338
195 198 449 0.997293 -0.00443243 -0.0733998 0.956601 0.00536834 0.999907 0.0125585 0.216816 0.0733373 -0.0129185 0.997224 -0.194691
195 199 330 0.998174 -0.00711034 -0.0599764 0.902378 0.0088833 0.99953 0.0293463 0.0285403 0.0597395 -0.0298255 0.997768 -0.429999
195 200 252 0.998104 -0.00148053 -0.0615327 0.930161 0.00360649 0.9994 0.0344534 0.153363 0.0614447 -0.03461 0.99751 -0.333587
195 201 266 0.995134 0.0144712 -0.097467 0.945077 -0.00846444 0.998055 0.0617625 -0.282478 0.0981712 -0.0606369 0.99332 -0.164423
195 202 392 0.99538 0.0101105 -0.0954799 0.950859 -0.00645559 0.999237 0.0385109 0.0212081 0.0957964 -0.0377166 0.994686 -0.308898
195 203 331 0.995029 0.0168748 -0.09815 0.940017 -0.0119768 0.998663 0.05028 -0.0482088 0.0988673 -0.0488546 0.993901 -0.337703
195 204 283 0.991967 0.0274699 -0.123478 0.968367 -0.0203396 0.998072 0.0586398 -0.126954 0.124851 -0.0556573 0.990613 -0.214822
195 205 276 0.99397 0.0363132 -0.103467 0.919851 -0.0304991 0.997895 0.0572312 -0.170965 0.105327 -0.0537304 0.992985 -0.35305
195 206 302 0.994323 0.0341121 -0.10079 0.921597 -0.0288769 0.998179 0.052952 -0.145388 0.102413 -0.0497408 0.993498 -0.35989
195 207 303 0.996598 0.0408857 -0.0715666 0.75751 -0.0372011 0.99795 0.0520826 -0.184433 0.0735493 -0.049243 0.996075 -0.626229
195 208 293 0.988849 0.0490259 -0.140621 0.958015 -0.041581 0.997598 0.0554027 -0.121467 0.142999 -0.0489377 0.988512 -0.259718
195 209 319 0.989629 0.061447 -0.12984 0.928048 -0.0536047 0.996569 0.063057 -0.211301 0.13327 -0.0554429 0.989528 -0.306722
210 211 54 0.999951 0.00422811 -0.00895972 0.962949 -0.00424729 0.999989 -0.0021233 -0.011892 0.00895064 0.00216125 0.999958 -0.269422
210 212 64 0.999918 0.0101766 0.00771644 0.597045 -0.0101743 0.999948 -0.000335231 -0.168871 -0.00771945 0.000256694 0.99997 -0.784232
210 213 363 0.999883 0.0147071 -0.00417519 0.915489 -0.014694 0.999887 0.00315254 -0.120948 0.00422109 -0.00309082 0.999986 -0.383734
210 214 425 0.999786 0.000944684 -0.0206597 0.946713 -0.0010482 0.999987 -0.00500007 0.170769 0.0206547 0.00502066 0.999774 -0.273079
210 215 167 0.999852 -0.00168341 0.0171266 0.718081 0.00159375 0.999985 0.00524754 0.0980793 -0.0171351 -0.00521947 0.99984 -0.689014
210 216 180 0.999891 -0.00514348 0.0138655 0.772908 0.00499454 0.99993 0.0107551 0.0505291 -0.0139199 -0.0106846 0.999846 -0.632504
210 217 245 0.999927 -0.0120965 0.000281097 0.850529 0.0120893 0.999757 0.0184362 0.0603764 -0.000504042 -0.0184315 0.99983 -0.52245
210 218 300 0.999718 -0.0237578 -0.000175853 0.895282 0.0237555 0.999449 0.0231652 0.0914857 -0.000374596 -0.0231628 0.999732 -0.436006
210 219 252 0.999593 -0.024718 0.0142618 0.776321 0.0242657 0.999223 0.0310593 0.0477124 -0.0150184 -0.0307006 0.999416 -0.62853
210 220 304 0.999714 -0.00766222 0.0226664 0.757188 0.006688 0.999063 0.0427488 -0.164156 -0.0229727 -0.042585 0.998829 -0.632234
210 221 177 0.999569 -0.00679618 0.0285496 0.766744 0.00570745 0.99926 0.0380443 -0.180984 -0.028787 -0.0378649 0.998868 -0.615913
210 222 211 0.999412 0.00543401 0.0338417 0.704702 -0.00656544 0.99942 0.033412 -0.184885 -0.0336405 -0.0336146 0.998869 -0.684991
210 223 346 0.999764 -0.00836701 0.0200241 0.775247 0.00778814 0.999554 0.0288141 -0.0645418 -0.0202562 -0.0286514 0.999384 -0.628352
210 224 415 0.999687 -0.0115361 -0.022216 0.940245 0.0121712 0.999515 0.0286637 -0.0563091 0.0218745 -0.0289251 0.999342 -0.33581
225 226 12 0.999946 0.00917327 -0.00490172 0.689404 -0.00915534 0.999951 0.00366809 -0.669645 0.00493513 -0.00362302 0.999981 -0.276221
225 227 26 0.999885 0.0151507 0.000974238 0.588611 -0.0151486 0.999883 -0.0021116 -0.393084 -0.00100612 0.00209659 0.999997 -0.706415
225 228 136 0.999581 0.0289592 -0.000364358 0.647868 -0.0289595 0.99958 -0.000747592 -0.445047 0.000342556 0.00075783 1 -0.618224
225 229 344 0.999355 0.0353717 -0.00620993 0.641581 -0.0352871 0.999289 0.0132439 -0.671387 0.00667398 -0.0130163 0.999893 -0.370962
225 230 354 0.999348 0.032636 -0.0154579 0.740419 -0.0324364 0.999389 0.0129966 -0.542798 0.0158726 -0.0124867 0.999796 -0.396422
225 231 443 0.999622 0.0193939 -0.0194906 0.899352 -0.0195295 0.999786 -0.00679162 -0.170233 0.0193548 0.00716969 0.999787 -0.402723
225 232 159 0.999506 0.0313513 -0.00202254 0.821824 -0.0313752 0.999421 -0.0131311 -0.243878 0.00160969 0.0131881 0.999912 -0.514906
225 233 188 0.999418 0.0341255 -0.000104386 0.745491 -0.0341236 0.999322 -0.0138399 -0.362783 -0.000367976 0.0138354 0.999904 -0.559134
225 234 133 0.999574 0.0288081 0.00466046 0.682509 -0.0286966 0.999336 -0.0224473 -0.287581 -0.00530403 0.022304 0.999737 -0.671921
225 235 200 0.999884 0.0126785 -0.00849329 0.809029 -0.0128983 0.99957 -0.0263439 -0.123242 0.00815564 0.0264503 0.999617 -0.574704
225 236 378 0.999497 0.0186055 -0.0256678 0.896822 -0.0191732 0.999573 -0.0220527 -0.235299 0.0252465 0.0225337 0.999427 -0.374627
225 237 262 0.999457 0.0260442 -0.0201907 0.866625 -0.0265012 0.999391 -0.0227067 -0.30598 0.019587 0.0232294 0.999538 -0.394129
225 238 339 0.998704 0.0255458 -0.0440294 0.948148 -0.0266195 0.999358 -0.0239736 -0.198382 0.0433887 0.0251146 0.998743 -0.248313
225 239 116 0.99879 0.0490562 0.00359638 0.770736 -0.0489335 0.998391 -0.0286506 -0.353425 -0.00499608 0.02844 0.999583 -0.530148
240 241 14 0.99999 0.00137345 -0.00423027 0.602426 -0.00137911 0.999998 -0.00133718 -0.611403 0.00422842 0.001343 0.99999 0.513097
240 242 237 0.999948 0.00320143 0.00969082 -0.874698 -0.00311263 0.999953 -0.00916438 0.17429 -0.0097197 0.00913374 0.999911 0.452247
240 243 143 0.999869 0.00911066 -0.0134144 0.84194 -0.00922866 0.999919 -0.00876136 -0.170531 0.0133335 0.00888401 0.999872 0.511914
240 244 461 0.999446 0.00266573 -0.0331764 0.892581 -0.00334314 0.999787 -0.0203796 0.120285 0.033115 0.0204793 0.999242 0.434547
240 245 324 0.999558 0.0163882 -0.024789 0.954171 -0.0167492 0.999756 -0.0144245 -0.115598 0.0245465 0.0148334 0.999589 0.276033
240 246 411 0.999616 0.00904559 -0.0261807 0.960019 -0.00964428 0.999693 -0.0228325 0.00536597 0.0259661 0.0230763 0.999396 0.279882
240 247 368 0.999293 -0.000441907 -0.0376013 0.919748 -0.000614223 0.999606 -0.0280714 0.134805 0.0375988 0.0280747 0.998898 0.368635
240 248 390 0.999443 0.0184301 -0.0278244 0.969069 -0.0187297 0.999769 -0.0105487 -0.0234285 0.0276235 0.011064 0.999557 0.245677
240 249 363 0.999716 0.0164615 -0.0172056 0.938362 -0.0165845 0.999838 -0.00702909 -0.039345 0.0170871 0.00731245 0.999827 0.343408
240 250 243 0.999757 0.0116371 -0.0187094 0.883116 -0.0117636 0.999909 -0.00666699 0.0187145 0.0186301 0.00688546 0.999803 0.468781
240 251 225 0.999269 0.0380992 0.00302156 0.925527 -0.0381276 0.999223 0.00998859 -0.163338 -0.00263865 -0.0100965 0.999946 0.341644
240 252 294 0.99983 0.017505 -0.00586343 0.906606 -0.0174963 0.999846 0.00152275 -0.00219729 0.00588918 -0.0014199 0.999982 0.421973
240 253 314 0.999831 0.00674713 -0.0170764 0.913184 -0.00682131 0.999968 -0.00428974 0.0688915 0.0170469 0.0044055 0.999845 0.401682
240 254 257 0.999991 0.00379769 0.00191271 0.892153 -0.00380554 0.999984 0.00411924 -0.00251654 -0.00189703 -0.00412648 0.99999 0.451726
255 256 16 0.999826 -0.0173941 0.00669444 -0.446759 0.0173533 0.999831 0.0061092 -0.738115 -0.00679957 -0.00599197 0.999959 0.505562
255 257 30 0.99983 -0.018238 -0.00260261 0.85178 0.018247 0.999827 0.0034764 0.15205 0.00253876 -0.0035233 0.999991 0.50135
255 258 118 0.999832 -0.0182249 0.00181051 0.764294 0.0182116 0.999809 0.00710171 -0.0878788 -0.0019396 -0.00706755 0.999973 0.638853
255 259 501 0.999549 -0.0227955 -0.0195498 0.887743 0.0226398 0.99971 -0.00814691 0.242574 0.0197299 0.00770063 0.999776 0.391243
255 260 456 0.999646 -0.0224307 -0.0142783 0.925568 0.0224161 0.999748 -0.00118431 0.0908423 0.0143013 0.000863825 0.999897 0.36752
255 261 507 0.99952 -0.0220944 -0.0217233 0.874184 0.021801 0.999669 -0.0136507 0.264812 0.0220177 0.0131705 0.999671 0.407034
255 262 309 0.999821 -0.0176911 -0.00673053 0.848287 0.0176898 0.999843 -0.000253845 0.0775769 0.00673397 0.000134738 0.999977 0.523824
255 263 314 0.999601 -0.0238608 -0.0151428 0.842582 0.0239036 0.999711 0.00265368 0.14828 0.0150751 -0.00301459 0.999882 0.517753
255 264 419 0.999434 -0.0279434 -0.0187331 0.762847 0.0280462 0.999593 0.00524918 0.0547185 0.0185788 -0.0057716 0.999811 0.64426
255 265 444 0.999395 -0.0244113 -0.0247695 0.82804 0.0245097 0.999693 0.00367341 0.0419968 0.0246722 -0.00427828 0.999686 0.559093
255 266 457 0.998642 -0.035988 -0.0376647 0.831416 0.035758 0.999338 -0.00676442 0.171604 0.0378832 0.00540842 0.999268 0.528488
255 267 436 0.999098 -0.0261202 -0.0334799 0.756134 0.0262486 0.99965 0.00340244 0.0199946 0.0333793 -0.00427817 0.999434 0.654112
255 268 423 0.998621 -0.0283294 -0.0441948 0.798527 0.0281971 0.999596 -0.00361364 0.0567453 0.0442793 0.00236249 0.999016 0.599278
255 269 419 0.998147 -0.0418023 -0.0442139 0.769335 0.0413053 0.999073 -0.0120954 0.0929806 0.0446786 0.0102467 0.998949 0.632043
270 271 564 0.999817 0.00181479 -0.0190661 0.870419 -0.00189423 0.99999 -0.00414909 0.268335 0.0190584 0.00418444 0.99981 0.412756
270 272 412 0.999705 0.00687582 -0.0232789 0.933814 -0.00685924 0.999976 0.000792129 -0.0170474 0.0232838 -0.00063222 0.999729 0.357352
270 273 369 0.999963 0.00826115 -0.002298 0.698562 -0.0082579 0.999965 0.00141873 -0.0250473 0.00230964 -0.0013997 0.999996 0.715111
270 274 509 0.999858 0.00963818 -0.0138472 0.771925 -0.00959623 0.999949 0.00309258 -0.0437531 0.0138763 -0.00295926 0.999899 0.634206
270 275 444 0.99986 0.00970431 -0.0136435 0.770881 -0.00965839 0.999947 0.00342765 -0.0338418 0.013676 -0.0032954 0.999901 0.636079
270 276 359 0.999944 0.00544629 -0.00910423 0.704813 -0.00540793 0.999976 0.00423309 -0.04016 0.00912707 -0.00418362 0.99995 0.708256
270 277 427 0.999934 0.00944826 -0.00657858 0.67424 -0.00938892 0.999915 0.00899271 -0.122484 0.00666299 -0.00893035 0.999938 0.728285
270 278 408 0.999805 0.0117757 -0.0158235 0.743436 -0.0116582 0.999904 0.00749749 -0.0791411 0.0159103 -0.00731155 0.999847 0.664108
270 279 270 0.999849 0.0158686 -0.00702864 0.732951 -0.0157755 0.99979 0.0131052 -0.115803 0.00723512 -0.0129923 0.999889 0.670352
270 280 309 0.999715 0.0109159 -0.0212112 0.772929 -0.0108594 0.999937 0.00277647 0.0104111 0.0212402 -0.00254534 0.999771 0.634408
270 281 402 0.999464 0.0326259 -0.00277314 0.717448 -0.0325641 0.99927 0.0199946 -0.170366 0.00342346 -0.0198936 0.999796 0.675458
270 282 265 0.999298 0.0371224 0.00495406 0.723438 -0.0372288 0.999031 0.0234648 -0.181556 -0.00407819 -0.0236328 0.999712 0.666089
270 283 350 0.999594 0.0283768 -0.00254019 0.734639 -0.0283217 0.999407 0.0196044 -0.125137 0.003095 -0.0195245 0.999805 0.666818
270 284 342 0.999739 0.0205883 -0.00989623 0.754219 -0.0204781 0.999729 0.0111098 -0.0877814 0.0101223 -0.0109043 0.999889 0.650729
285 286 43 0.999994 0.000732628 0.00342036 0.419874 -0.000730959 1 -0.000489258 -0.222487 -0.00342072 0.000486755 0.999994 0.879889
285 287 90 0.999998 0.00217628 0.000164382 0.665828 -0.00217531 0.999981 -0.00569287 -0.2576 -0.000176769 0.0056925 0.999984 0.700225
285 288 175 0.999998 0.00174774 -0.000242469 0.902725 -0.00174969 0.999964 -0.00827747 -0.133365 0.000227994 0.00827789 0.999966 0.409025
285 289 216 0.999984 0.0015258 0.00543586 0.629694 -0.00147517 0.999956 -0.00930664 -0.184437 -0.00544982 0.00929847 0.999942 0.754631
285 290 320 0.999961 0.00873645 -0.0010785 0.669044 -0.00874588 0.999921 -0.00907274 -0.276039 0.000999155 0.00908182 0.999958 0.69006
285 291 452 0.999878 0.015106 -0.00394363 0.798586 -0.0151426 0.999841 -0.00944028 -0.324229 0.0038004 0.00949884 0.999948 0.507086
285 292 394 0.99987 0.0158116 -0.00310157 0.777477 -0.0158515 0.999786 -0.0133057 -0.239117 0.00289052 0.0133531 0.999907 0.581681
285 293 378 0.999827 0.016351 -0.00891033 0.764198 -0.0164782 0.999761 -0.0144001 -0.265317 0.00867274 0.0145444 0.999857 0.587885
285 294 430 0.999621 0.0192998 -0.0196518 0.831026 -0.0196506 0.999648 -0.0178193 -0.208784 0.019301 0.0181987 0.999648 0.515564
285 295 404 0.999461 0.0286319 -0.0160537 0.824072 -0.0289199 0.99942 -0.0180053 -0.224517 0.0155289 0.0184598 0.999709 0.520094
285 296 228 0.999265 0.0357887 -0.0136986 0.742895 -0.0360524 0.999159 -0.019516 -0.257852 0.0129886 0.0199956 0.999716 0.617753
285 297 373 0.998764 0.0447766 -0.0215819 0.830968 -0.0452105 0.998776 -0.0200512 -0.261343 0.0206577 0.0210022 0.999566 0.491114
285 298 358 0.998735 0.0456943 -0.0210097 0.781344 -0.0460398 0.998807 -0.0162687 -0.253265 0.0202413 0.0172154 0.999647 0.570403
285 299 336 0.997974 0.0439425 -0.0459998 0.882065 -0.0449191 0.998782 -0.0204157 -0.188922 0.0450467 0.0224406 0.998733 0.43159
300 301 24 0.999995 0.00108277 -0.00309895 -0.750754 -0.00107896 0.999999 0.00123161 0.39817 0.00310028 -0.00122826 0.999994 -0.527095
300 302 32 0.999969 0.000929858 -0.00782734 0.583225 -0.000930003 1 -1.49156e-05 -0.276252 0.00782732 2.21946e-05 0.999969 0.763893
300 303 516 0.999668 -0.00218117 -0.0256805 0.957721 0.00196078 0.999961 -0.0086039 0.207261 0.0256983 0.00855069 0.999633 0.199533
300 304 29 0.999935 0.000203075 -0.011421 0.839728 -0.000190807 0.999999 0.00107526 -0.16549 0.0114212 -0.00107301 0.999934 0.517174
300 305 251 0.99979 0.00512987 -0.0198154 0.818281 -0.00506975 0.999982 0.00308333 -0.149669 0.0198309 -0.00298223 0.999799 0.554992
300 306 677 0.998986 0.00731385 -0.0444309 0.979106 -0.00747777 0.999966 -0.00352436 0.0721227 0.0444036 0.00385303 0.999006 0.190132
300 307 564 0.999311 0.0100907 -0.035726 0.97205 -0.010022 0.999948 0.0021016 0.0165719 0.0357454 -0.00174211 0.999359 0.234187
300 308 526 0.999316 0.0135472 -0.0344145 0.968119 -0.0134326 0.999903 0.00356053 -0.0248788 0.0344594 -0.00309582 0.999401 0.249253
300 309 507 0.999218 0.0168029 -0.035799 0.945496 -0.016647 0.999851 0.00464799 -0.0564966 0.0358718 -0.00404841 0.999348 0.320694
300 310 456 0.998813 0.0150056 -0.0463454 0.980637 -0.0147386 0.999873 0.00609604 0.00801405 0.046431 -0.00540573 0.998907 0.195671
300 311 569 0.998098 0.015992 -0.05953 0.975175 -0.0156956 0.999862 0.00544384 0.0236597 0.0596088 -0.00449913 0.998212 0.22017
300 312 541 0.99786 0.019714 -0.0623515 0.974201 -0.0191757 0.999774 0.00921917 -0.0283146 0.0625191 -0.0080038 0.998012 0.223901
300 313 441 0.996051 0.0261475 -0.0848423 0.987699 -0.0252381 0.999612 0.0117737 -0.0134307 0.0851172 -0.00958592 0.996325 0.155789
300 314 229 0.997692 0.0359483 -0.0576082 0.97467 -0.0349425 0.99922 0.0183728 -0.106127 0.0582237 -0.0163175 0.99817 0.196863
315 316 10 0.999933 0.00455294 0.0106391 -0.954147 -0.00450514 0.99998 -0.00451206 -0.146802 -0.0106594 0.00446383 0.999933 -0.260871
315 317 15 0.999981 0.00578367 -0.00190288 -0.678702 -0.0057995 0.999948 -0.00841881 0.189426 0.00185409 0.00842969 0.999963 -0.709564
315 318 67 0.999939 0.00543231 0.00960585 -0.971543 -0.00527988 0.999861 -0.0158234 0.229681 -0.00969048 0.0157718 0.999829 -0.0578797
315 319 201 0.999551 0.00330342 -0.0297771 0.953378 -0.00388584 0.999802 -0.0195226 0.18695 0.0297067 0.0196295 0.999366 -0.236897
315 320 109 0.999627 0.0189007 -0.0197296 0.958609 -0.0190992 0.999768 -0.00991988 -0.284386 0.0195375 0.010293 0.999756 -0.0139027
315 321 184 0.999295 0.0258223 -0.0272522 0.995232 -0.0262624 0.999528 -0.0159197 -0.0965188 0.0268282 0.0166242 0.999502 0.0140598
315 322 212 0.998827 0.0314855 -0.0367891 0.977557 -0.032295 0.999245 -0.0216206 0.0819331 0.0360805 0.0227834 0.999089 -0.194085
315 323 223 0.997406 0.0465456 -0.0549121 0.992216 -0.0472311 0.998821 -0.0112509 -0.111967 0.0543236 0.0138153 0.998428 -0.054498
315 324 218 0.996928 0.0502506 -0.060075 0.980389 -0.0513415 0.998541 -0.0167552 0.0511012 0.0591454 0.019788 0.998053 -0.190332
315 325 202 0.996622 0.0544072 -0.0615151 0.99922 -0.0552736 0.998393 -0.0124695 0.0334776 0.0607378 0.0158275 0.998028 -0.0209382
315 326 176 0.9961 0.0602676 -0.0644409 0.998516 -0.0612687 0.998028 -0.0136719 0.054411 0.0634898 0.0175668 0.997828 -0.00226647
315 327 178 0.995632 0.0629463 -0.0689602 0.995245 -0.0641322 0.997827 -0.0151183 0.090073 0.0678587 0.0194748 0.997505 0.0370841
315 328 213 0.995029 0.0688796 -0.0719295 0.999679 -0.0699742 0.997467 -0.0128069 0.0232527 0.0708651 0.0177764 0.997327 0.0100308
315 329 240 0.993656 0.0595885 -0.0953761 0.988734 -0.0610633 0.998054 -0.0126172 0.148814 0.0944387 0.0183612 0.995361 0.0161036
330 331 19 0.999994 0.00276411 -0.00206864 -0.940222 -0.00276454 0.999996 -0.000206623 -0.162968 0.00206806 0.000212341 0.999998 0.299038
