0 1 10 0.999991 -0.00160746 -0.00396962 0.958201 0.00161066 0.999998 0.000803068 0.285351 0.00396833 -0.000809454 0.999992 -0.0206297
0 2 28 0.999994 -0.00344891 -0.000309219 -0.00168286 0.00344938 0.999993 0.00151937 0.170258 0.000303976 -0.00152042 0.999999 0.985398
0 3 10 0.999992 -0.00382794 -0.00113755 0.673471 0.00383121 0.999988 0.00288476 -0.292074 0.00112649 -0.0028891 0.999995 0.679066
0 4 28 0.999998 -0.00182245 -0.000348592 0.497656 0.00182326 0.999996 0.00235072 0.0334652 0.000344307 -0.00235135 0.999997 0.866728
0 5 22 0.999984 -0.00554793 -0.00135886 0.00381703 0.00555052 0.999983 0.00190853 0.270089 0.00134824 -0.00191604 0.999997 0.962828
0 6 37 0.99999 -0.00429824 -0.000929808 0.374433 0.00430017 0.999989 0.00208941 0.11459 0.000920817 -0.00209338 0.999997 0.920146
0 7 0 1 0 0 0 0 1 0 0 0 0 1 0
0 8 34 0.999993 -0.00365368 -0.000250705 -0.0722503 0.00365433 0.99999 0.00263345 -0.0292926 0.000241081 -0.00263434 0.999997 -0.996956
0 9 49 0.999991 -0.00423417 -0.000885484 0.0901591 0.00423686 0.999986 0.0030582 -0.0924056 0.000872523 -0.00306192 0.999995 0.991631
0 10 39 0.999992 -0.00320081 -0.00246085 -0.294701 0.00321071 0.999987 0.00402799 0.242634 0.00244793 -0.00403586 0.999989 -0.924273
0 11 96 0.999876 -0.00312157 -0.0154482 0.899261 0.00316835 0.99999 0.00300483 -0.0538112 0.0154386 -0.0030534 0.999876 0.43409
0 12 18 0.999989 5.90028e-05 0.00468148 -0.860727 -7.19733e-05 0.999996 0.00277047 -0.10008 -0.0046813 -0.00277078 0.999985 0.499133
0 13 17 0.999983 0.00322249 -0.00482078 0.882009 -0.00320229 0.999986 0.00419166 -0.0331474 0.00483422 -0.00417615 0.99998 0.470065
0 14 698 0.999807 0.00723552 -0.0182387 0.923095 -0.00711926 0.999954 0.00643104 -0.151929 0.0182844 -0.00629996 0.999813 0.353289
15 16 51 0.999994 -0.00118876 -0.00340045 -0.177694 0.00118985 0.999999 0.000319859 -0.00691352 0.00340007 -0.000323903 0.999994 -0.984062
15 17 38 0.999995 0.00102933 -0.00303158 -0.114057 -0.00102742 0.999999 0.00063105 -0.030687 0.00303222 -0.000627932 0.999995 -0.993
15 18 54 0.999996 0.002583 -0.00078243 0.174645 -0.00258223 0.999996 0.000990735 -0.128365 0.000784986 -0.000988711 0.999999 0.976228
15 19 19 0.999978 0.00429209 -0.00497582 0.777391 -0.00427873 0.999987 0.00269234 -0.120617 0.00498732 -0.00267099 0.999984 0.617345
15 20 11 0.999984 0.00483858 -0.00307946 0.823146 -0.00482616 0.99998 0.00402712 -0.237566 0.00309889 -0.00401219 0.999987 0.515745
15 21 12 0.999984 0.00567123 -0.000599119 0.813583 -0.00566921 0.999978 0.00333285 -0.235443 0.000618007 -0.0033294 0.999994 0.531648
15 22 17 0.999988 0.00434513 -0.00224343 0.802179 -0.00433353 0.999977 0.00515188 -0.210709 0.00226576 -0.00514209 0.999984 0.558669
15 23 42 0.999998 0.00196294 -0.000245214 0.48996 -0.00196192 0.99999 0.00411052 -0.260237 0.00025328 -0.00411003 0.999992 0.831995
15 24 724 0.999731 0.00315003 -0.0229835 0.978947 -0.00303383 0.999982 0.00508889 -0.0572333 0.0229992 -0.00501779 0.999723 0.195927
15 25 694 0.999745 0.00625864 -0.0217005 0.969214 -0.00610383 0.999956 0.00719276 -0.0553337 0.0217446 -0.00705847 0.999739 0.239923
15 26 80 0.999961 0.00303826 -0.00827353 0.791899 -0.00297599 0.999967 0.00752868 -0.337107 0.00829614 -0.00750376 0.999937 0.509171
15 27 309 0.999927 9.90623e-05 -0.0120996 0.814437 -0.000105651 1 -0.000543929 0.141642 0.0120995 0.000545168 0.999927 0.562699
15 28 727 0.999424 0.00498248 -0.0335574 0.920412 -0.00479706 0.999973 0.00560376 -0.127332 0.0335844 -0.00543955 0.999421 0.369634
15 29 523 0.999913 0.00257692 -0.0129345 0.859706 -0.00257406 0.999997 0.000237434 -0.0844384 0.0129351 -0.000204119 0.999916 0.503762
30 31 27 0.999999 -0.000404874 0.000946998 0.388651 0.000408703 0.999992 -0.00404698 0.0472061 -0.000945352 0.00404737 0.999991 -0.920175
30 32 12 0.999974 -0.00508302 0.00512256 0.847468 0.0051003 0.999981 -0.00336476 0.328116 -0.00510536 0.0033908 0.999981 -0.417298
30 33 27 0.999985 -0.00204985 -0.00498974 0.957899 0.00202711 0.999988 -0.00455828 -0.0901434 0.00499903 0.0045481 0.999977 0.272588
30 34 26 0.999938 -0.00232223 0.0109043 -0.229713 0.00246096 0.999916 -0.012726 0.0667154 -0.0108738 0.012752 0.99986 0.970969
30 35 46 0.999994 0.00153424 -0.00313842 0.967606 -0.00156466 0.999952 -0.00971309 -0.25238 0.00312336 0.00971794 0.999948 -0.00656604
30 36 260 0.999984 -0.00207066 -0.00528639 0.992388 0.00200237 0.999915 -0.0128909 -0.02246 0.00531263 0.0128801 0.999903 -0.121089
30 37 24 0.999994 -0.00145368 0.00323895 0.973346 0.00148096 0.999963 -0.00843797 -0.229317 -0.00322657 0.00844271 0.999959 0.00343357
30 38 27 0.999811 -0.00865934 0.0173922 -0.600662 0.00881802 0.99992 -0.0090681 -0.113684 -0.0173123 0.00921976 0.999808 0.791379
30 39 23 0.999891 -0.00985898 0.0110214 0.967271 0.00994052 0.999923 -0.0073679 0.0417303 -0.0109479 0.00747665 0.999912 -0.250291
30 40 24 0.999626 -0.0167525 0.0216262 -0.635408 0.0168604 0.999846 -0.00481476 -0.248793 -0.0215422 0.00517758 0.999755 0.730998
30 41 622 0.999963 -0.00626135 -0.0059292 0.99671 0.00626795 0.99998 0.00109547 0.0456117 0.00592222 -0.00113259 0.999982 0.0669968
30 42 614 0.999992 -0.00400733 -0.000897737 0.976905 0.00400832 0.999991 0.00110711 -0.08312 0.000893293 -0.0011107 0.999999 0.196842
30 43 510 0.999962 -0.00813412 0.00325449 0.990352 0.00815586 0.999944 -0.00672487 0.12962 -0.00319961 0.00675115 0.999972 -0.0489976
30 44 24 0.999808 -0.00627429 0.0185439 -0.745947 0.0062679 0.99998 0.0004027 0.0959409 -0.0185461 -0.000286391 0.999828 0.659059
45 46 14 0.999971 0.00715876 -0.00257779 0.38618 -0.00714327 0.999957 0.00597038 -0.457162 0.00262042 -0.0059518 0.999979 -0.801167
45 47 15 0.99997 0.00772596 0.00015885 0.846731 -0.00772709 0.999928 0.00919586 0.373622 -8.77915e-05 -0.00919681 0.999958 -0.378751
45 48 13 0.999898 0.0141318 0.00207603 0.977627 -0.0141586 0.999809 0.0134855 0.0439489 -0.00188506 -0.0135136 0.999907 0.205704
45 49 13 0.999824 0.0185983 0.00256454 0.98158 -0.0186358 0.999707 0.0154674 0.0918608 -0.00227612 -0.0155125 0.999877 -0.167518
45 50 252 0.99974 0.0186347 -0.0131726 0.807986 -0.0185529 0.999808 0.00630728 0.588674 0.0132876 -0.00606125 0.999893 -0.0249166
45 51 0 1 0 0 0 0 1 0 0 0 0 1 0
45 52 88 0.999585 0.0224598 -0.0180405 0.869864 -0.0223132 0.999717 0.00828422 0.338944 0.0182215 -0.00787824 0.999803 0.358405
45 53 62 0.999639 0.0265839 -0.0038986 -0.125283 -0.0265415 0.999592 0.0105614 -0.0134801 0.00417777 -0.0104541 0.999937 0.992029
45 54 562 0.999032 0.0282283 -0.0337283 0.989406 -0.0281492 0.9996 0.00281936 0.134842 0.0337944 -0.0018672 0.999427 0.0537815
45 55 114 0.999134 0.0271824 -0.031513 0.992992 -0.0270636 0.999625 0.00419012 0.0250125 0.0316151 -0.00333363 0.999495 -0.115504
45 56 64 0.999068 0.0272207 -0.0335095 0.980885 -0.027256 0.999628 -0.00059575 0.181339 0.0334809 0.00150853 0.999438 0.070576
45 57 22 0.999241 0.0258118 -0.0291675 0.924364 -0.025845 0.999666 -0.000762004 -0.0379539 0.029138 0.00151526 0.999574 0.37962
45 58 61 0.999268 0.0244033 -0.0294535 -0.576746 -0.0245016 0.999695 -0.00298128 -0.16606 0.0293718 0.00370076 0.999562 0.799867
45 59 607 0.997363 0.0290796 -0.0664938 0.995793 -0.0294312 0.999557 -0.00431395 0.0856257 0.0663389 0.00625956 0.997778 0.032628
60 61 17 0.999991 0.00433566 -0.000260559 0.41263 -0.00433464 0.999983 0.00381763 -0.327299 0.000277107 -0.00381647 0.999993 -0.850066
60 62 566 0.999791 0.00376136 -0.0201039 0.944483 -0.0037048 0.999989 0.00284975 0.226277 0.0201144 -0.00277467 0.999794 -0.238226
60 63 64 0.999944 0.00726313 -0.00775654 0.998099 -0.00718467 0.999923 0.0100961 0.041722 0.00782927 -0.0100398 0.999919 -0.0453648
60 64 539 0.999895 0.00879387 -0.0115368 0.987788 -0.00869123 0.999922 0.00891724 -0.0524731 0.0116143 -0.00881603 0.999894 0.146702
60 65 108 0.999589 0.00637029 0.0279405 -0.878896 -0.00651224 0.999966 0.00499237 -0.0567849 -0.0279078 -0.00517228 0.999597 0.473621
60 66 661 0.999963 0.00780759 -0.00369834 0.964129 -0.00780113 0.999968 0.0017585 0.0261214 0.00371195 -0.00172958 0.999992 0.264146
60 67 662 0.999929 0.0083613 -0.00851621 0.961436 -0.00835652 0.999965 0.000596584 -0.0265819 0.0085209 -0.000525375 0.999964 0.273742
60 68 692 0.999624 0.010217 -0.0254516 0.987363 -0.0103479 0.999934 -0.00501822 0.029034 0.0253986 0.0052797 0.999663 0.155794
60 69 714 0.999748 0.0125558 -0.0185872 0.999903 -0.0126566 0.999906 -0.00531738 0.0138612 0.0185187 0.00555129 0.999813 0.00159979
60 70 655 0.999327 0.0185404 -0.0316443 0.998272 -0.0187 0.999814 -0.00475334 0.035807 0.0315503 0.00534189 0.999488 -0.0465985
60 71 562 0.999806 0.0182606 -0.00743691 0.999329 -0.0182583 0.999833 0.000364634 -0.0302015 0.00744233 -0.000228778 0.999972 0.0207224
60 72 636 0.999821 0.0181082 -0.00547665 0.995757 -0.0181183 0.999834 -0.00180042 -0.0103324 0.00544314 0.00189933 0.999983 0.0914379
60 73 657 0.999776 0.0209802 -0.00280869 0.990876 -0.0209749 0.999778 0.00192573 -0.0981868 0.00284847 -0.00186638 0.999994 0.0923213
60 74 560 0.999842 0.017643 -0.00203584 0.994703 -0.0176501 0.999838 -0.00355448 -0.0855764 0.0019728 0.00358986 0.999992 0.0569497
75 76 20 0.999985 -0.00379467 -0.00394915 0.567445 0.00378198 0.999988 -0.00321775 0.325472 0.00396131 0.00320277 0.999987 -0.756356
75 77 21 0.99998 -0.00458598 -0.00433318 0.287776 0.00457716 0.999987 -0.00204205 0.402419 0.00434249 0.00202218 0.999989 -0.869048
75 78 31 0.999977 -0.000234064 -0.00682715 0.798284 0.000261391 0.999992 0.00400201 -0.318439 0.00682616 -0.00400371 0.999969 -0.511214
75 79 585 0.999712 0.00259138 -0.0238388 0.998452 -0.00265034 0.999994 -0.00244196 -0.00165038 0.0238323 0.00250443 0.999713 0.0555914
75 80 673 0.99977 0.00600655 -0.0205819 0.9764 -0.00611654 0.999967 -0.00528539 0.105848 0.0205495 0.00541007 0.999774 -0.188251
75 81 148 0.999975 0.00311136 -0.00634545 0.889758 -0.00306325 0.999967 0.00757814 -0.380099 0.00636882 -0.00755852 0.999951 -0.252697
75 82 636 0.999721 -0.00553131 -0.0229543 0.995728 0.00551249 0.999984 -0.000883079 0.090367 0.0229588 0.000756298 0.999736 -0.0189702
75 83 654 0.999352 -0.00348675 -0.0358222 0.999622 0.0034891 0.999994 3.06193e-06 0.0249867 0.035822 -0.000128047 0.999358 0.0114405
75 84 681 0.999562 -0.00201655 -0.0295401 0.991529 0.0022442 0.999968 0.00767544 -0.124852 0.0295237 -0.00773837 0.999534 -0.0358119
75 85 670 0.999219 -0.00128442 -0.0395002 0.993825 0.00134183 0.999998 0.00142695 0.0938675 0.0394983 -0.00147884 0.999219 0.0591597
75 86 605 0.999134 -0.000145636 -0.041606 0.995992 0.000456493 0.999972 0.00746205 0.0623234 0.0416037 -0.00747458 0.999106 -0.0641465
75 87 627 0.999181 -0.000710341 -0.0404666 0.990002 0.00153169 0.999793 0.0202696 -0.0949846 0.0404438 -0.020315 0.998975 0.104277
75 88 656 0.998971 0.00685207 -0.0448323 0.986456 -0.00628359 0.999898 0.0128087 0.0500012 0.0449155 -0.0125138 0.998912 0.156221
75 89 659 0.999369 0.0077584 -0.0346632 0.977847 -0.00720139 0.999843 0.0161651 0.0203749 0.0347832 -0.0159053 0.999268 0.208327
90 91 420 0.999879 0.000701282 -0.0155612 0.932734 -0.000649872 0.999994 0.00330853 0.14618 0.0155634 -0.00329802 0.999873 0.329604
90 92 206 0.999993 0.00362169 -0.000847571 0.63623 -0.00361235 0.999935 0.0107727 -0.194098 0.000886532 -0.0107695 0.999942 0.746684
90 93 478 0.999872 0.010995 -0.0116562 0.964206 -0.0109008 0.999908 0.00811166 -0.0322729 0.0117443 -0.00798355 0.999899 0.263184
90 94 580 0.999886 0.0150999 0.000364953 0.882959 -0.0151028 0.999838 0.00978352 -0.103176 -0.000217163 -0.00978791 0.999952 0.457972
90 95 515 0.999923 0.0107727 0.00610379 0.869497 -0.0108026 0.99993 0.00489296 -0.0414175 -0.00605065 -0.00495852 0.999969 0.492199
90 96 547 0.999947 0.0101549 0.00157457 0.890648 -0.0101664 0.99992 0.00749028 -0.210416 -0.00149839 -0.00750589 0.999971 0.403077
90 97 539 0.999971 0.00737899 0.00203108 0.795438 -0.00738829 0.999962 0.0046107 -0.233755 -0.00199698 -0.00462557 0.999987 0.55914
90 98 496 0.999922 0.00313389 -0.012125 0.831215 -0.00315458 0.999994 -0.00168815 -0.173524 0.0121196 0.00172627 0.999925 0.528177
90 99 533 0.999979 -0.000628398 -0.00651391 0.885283 0.000557836 0.999941 -0.0108287 -0.176148 0.00652034 0.0108249 0.99992 0.430402
90 100 535 0.999682 0.00403656 -0.024872 0.953572 -0.00409618 0.999989 -0.00234625 -0.277327 0.0248623 0.00244738 0.999688 0.11743
90 101 413 0.999462 -0.00266808 -0.032697 0.929636 0.00221044 0.999899 -0.0140246 -0.158347 0.0327311 0.0139448 0.999367 0.332722
90 102 452 0.999291 -0.00600865 -0.0371649 0.976546 0.00508152 0.999675 -0.0249906 -0.109298 0.037303 0.024784 0.998997 0.185503
90 103 434 0.999083 -0.00543651 -0.0424729 0.953243 0.0047129 0.999842 -0.0171184 -0.224581 0.0425593 0.0169026 0.998951 0.202216
90 104 459 0.999383 -0.00630687 -0.0345418 0.944639 0.00552412 0.999727 -0.0227097 -0.235071 0.0346756 0.0225049 0.999145 0.228907
105 106 21 0.999985 -0.00131509 0.00529948 0.106769 0.00133726 0.99999 -0.004183 0.239699 -0.00529393 0.00419003 0.999977 -0.964958
105 107 15 0.999988 0.00241144 0.00419054 -0.85786 -0.00237384 0.999957 -0.00895516 -0.148857 -0.00421195 0.00894511 0.999951 0.491851
105 108 98 0.999969 0.00648049 0.00450474 0.928577 -0.00642613 0.999908 -0.0119778 -0.0708718 -0.00458194 0.0119485 0.999918 -0.36431
105 109 374 0.999966 0.00626124 0.00532391 0.900697 -0.00617125 0.999841 -0.0167539 0.0207626 -0.00542796 0.0167205 0.999845 -0.43395
105 110 533 0.999983 0.00575569 0.000248019 0.884021 -0.00575004 0.999808 -0.0187295 0.134611 -0.000355773 0.0187278 0.999825 -0.447646
105 111 508 0.999942 0.0104242 -0.00261163 0.820878 -0.010421 0.999945 0.00125901 -0.409044 0.00262461 -0.00123172 0.999996 -0.39855
105 112 183 0.999715 0.00984385 0.0217669 0.545893 -0.00949027 0.999822 -0.0162877 -0.00561908 -0.0219234 0.0160765 0.99963 -0.837836
105 113 520 0.999992 0.00353904 0.00174844 0.76539 -0.00349198 0.99965 -0.0262239 0.224147 -0.00184064 0.0262176 0.999655 -0.603271
105 114 439 0.999959 0.0020593 -0.00879486 0.779518 -0.0022998 0.999621 -0.0274236 0.211083 0.00873505 0.0274427 0.999585 -0.589742
105 115 476 0.999875 0.00491946 -0.0150289 0.847573 -0.0051923 0.999821 -0.0181699 0.135745 0.0149368 0.0182456 0.999722 -0.513024
105 116 497 0.999802 0.0128426 -0.0151877 0.86621 -0.0129958 0.999865 -0.0100312 0.0357932 0.0150569 0.0102266 0.999834 -0.498397
105 117 445 0.999957 0.00757022 0.00536024 0.681009 -0.00750206 0.999892 -0.0126252 0.13987 -0.00545523 0.0125844 0.999906 -0.718793
105 118 493 0.999916 0.0122549 -0.00421727 0.755811 -0.012268 0.99992 -0.00310642 0.0917483 0.00417887 0.0031579 0.999986 -0.64833
105 119 449 0.999916 0.0125085 -0.00337023 0.799516 -0.0125221 0.999913 -0.00403011 0.116931 0.00331952 0.00407197 0.999986 -0.589153
120 121 33 0.99999 0.00389682 0.00217978 0.274264 -0.00391039 0.999973 0.00625568 0.22534 -0.00215535 -0.00626415 0.999978 -0.93488
120 122 42 0.999958 0.00663235 0.0063752 0.0213525 -0.00670974 0.999903 0.0121945 0.108495 -0.00629371 -0.0122367 0.999905 -0.993868
120 123 539 0.99979 0.0156785 -0.013167 0.891693 -0.0156197 0.999868 0.00455746 0.315095 0.0132367 -0.00435084 0.999903 -0.324958
120 124 191 0.999812 0.0188269 0.00463316 0.690631 -0.0188701 0.999777 0.00947078 0.118906 -0.00445382 -0.00955643 0.999944 -0.713365
120 125 350 0.999662 0.0231439 0.0118728 0.577439 -0.0232561 0.999685 0.00940633 0.0653489 -0.0116513 -0.00967927 0.999885 -0.813814
120 126 550 0.999411 0.033832 -0.00570239 0.772077 -0.0338364 0.999427 -0.000677487 0.23485 0.0056762 0.000870037 0.999984 -0.590545
120 127 513 0.99945 0.0325089 -0.00655767 0.731112 -0.0325551 0.999445 -0.00706173 0.282069 0.00632447 0.00727133 0.999954 -0.621219
120 128 552 0.999121 0.0314288 -0.0277566 0.756496 -0.0320513 0.999238 -0.0222757 0.44824 0.0270353 0.0231457 0.999366 -0.476231
120 129 551 0.999478 0.0285385 -0.0151725 0.654642 -0.0285881 0.999587 -0.00306474 0.164123 0.0150787 0.00349689 0.99988 -0.737908
120 130 531 0.999232 0.035735 -0.0160448 0.543817 -0.0358242 0.999344 -0.00530709 0.226305 0.0158446 0.00587781 0.999857 -0.808114
120 131 525 0.998131 0.0381031 -0.0477839 0.699455 -0.0396948 0.998673 -0.0328161 0.498288 0.0464701 0.0346515 0.998318 -0.51232
120 132 550 0.997038 0.0426503 -0.0640052 0.75166 -0.0451593 0.998246 -0.0382778 0.508108 0.0622603 0.0410549 0.997215 -0.420517
120 133 515 0.999013 0.0367648 -0.024934 0.484709 -0.036865 0.999314 -0.00356814 0.318743 0.0247857 0.00448381 0.999683 -0.814531
120 134 555 0.998522 0.0353324 -0.0413001 0.554117 -0.0359883 0.999236 -0.0152471 0.426721 0.0407298 0.0167108 0.99903 -0.714747
135 136 16 0.999988 0.00482809 0.000651486 0.26669 -0.00483083 0.999979 0.00427099 0.245652 -0.000630852 -0.00427409 0.999991 0.93195
135 137 14 0.999999 0.000795445 -0.000828657 0.65151 -0.000793772 0.999998 0.0020175 -0.0249946 0.00083026 -0.00201684 0.999998 0.758228
135 138 540 0.999765 0.00388492 -0.0213206 0.699014 -0.0041533 0.999913 -0.0125578 0.648214 0.0212699 0.0126434 0.999694 -0.301991
135 139 133 0.999926 0.00871806 -0.00845974 0.301305 -0.00860928 0.999881 0.0128113 -0.187653 0.00857043 -0.0127375 0.999882 -0.934881
135 140 443 0.999762 0.00418086 -0.0214055 0.600481 -0.00412193 0.999988 0.00279618 0.325721 0.0214169 -0.00270729 0.999767 -0.730293
135 141 454 0.999364 0.0104858 -0.0340808 0.74225 -0.0107536 0.999913 -0.00768321 0.50399 0.0339973 0.00804482 0.99939 -0.441656
135 142 307 0.999829 0.012817 -0.0132963 0.258315 -0.0126626 0.999852 0.0116334 0.0679209 0.0134434 -0.0114631 0.999844 -0.96367
135 143 543 0.998988 0.0103684 -0.0437571 0.674174 -0.0105572 0.999936 -0.00408556 0.421193 0.043712 0.00454338 0.999034 -0.606701
135 144 465 0.999447 0.0145114 -0.0299021 0.471823 -0.0140202 0.999764 0.016573 0.115157 0.0301356 -0.0161446 0.999415 -0.874141
135 145 510 0.999047 0.0176787 -0.0399145 0.56051 -0.0172177 0.999781 0.0118639 0.287693 0.0401155 -0.0111654 0.999133 -0.77657
135 146 509 0.997625 0.0213838 -0.0654816 0.720645 -0.0213278 0.999771 0.00155393 0.422573 0.0654998 -0.000153655 0.997853 -0.549639
135 147 468 0.997962 0.0291155 -0.0567763 0.643341 -0.0282303 0.999468 0.0163312 0.351371 0.0572216 -0.0146951 0.998253 -0.680184
135 148 455 0.997597 0.0349896 -0.0597918 0.655096 -0.0335742 0.999135 0.0245164 0.315853 0.0605979 -0.0224501 0.99791 -0.686357
135 149 425 0.998301 0.037953 -0.0442135 0.47958 -0.0363242 0.998652 0.0370788 0.285145 0.0455612 -0.0354098 0.998334 -0.829877
150 151 0 1 0 0 0 0 1 0 0 0 0 1 0
150 152 0 1 0 0 0 0 1 0 0 0 0 1 0
150 153 0 1 0 0 0 0 1 0 0 0 0 1 0
150 154 27 0.999708 0.0240524 -0.00235702 -0.0109508 -0.0240182 0.999619 0.0136222 -0.0808996 0.00268377 -0.0135616 0.999904 -0.996662
150 155 15 0.999541 0.0274303 -0.0128778 0.442774 -0.0272064 0.999481 0.0172527 0.23777 0.0133444 -0.0168944 0.999768 -0.864533
150 156 30 0.999687 0.0236182 -0.00821433 0.0374429 -0.0234793 0.999586 0.0166197 0.0919208 0.00860346 -0.0164216 0.999828 -0.995062
150 157 93 0.99794 0.0355384 -0.053413 0.836226 -0.0361255 0.999297 -0.0100664 0.522358 0.0530177 0.0119752 0.998522 -0.16694
150 158 23 0.999481 0.0300588 -0.0116124 0.299837 -0.0298822 0.99944 0.0150901 0.329276 0.0120595 -0.0147353 0.999819 -0.895363
150 159 99 0.998191 0.0370997 -0.0473159 0.846006 -0.0369041 0.999306 0.00500169 0.358993 0.0474686 -0.00324649 0.998867 -0.394204
150 160 105 0.99801 0.0432045 -0.0459317 0.636276 -0.042791 0.999035 0.00994799 0.300892 0.0463172 -0.00796273 0.998895 -0.710364
150 161 60 0.999327 0.025853 -0.026036 0.151014 -0.025562 0.999608 0.0114485 0.192677 0.0263218 -0.0107752 0.999595 -0.969572
150 162 51 0.999355 0.0277068 -0.022844 0.0438048 -0.0272731 0.999446 0.0190795 0.200489 0.0233599 -0.0184442 0.999557 -0.978716
150 163 39 0.999433 0.0196551 -0.0273379 0.0815337 -0.0191839 0.999665 0.0173906 0.262604 0.0276705 -0.0168563 0.999475 -0.961453
150 164 99 0.998397 0.0424238 -0.0374655 0.112677 -0.0413378 0.998715 0.0293015 0.0856756 0.0386605 -0.0277058 0.998868 -0.989931
165 166 13 0.999967 0.00664316 -0.00461882 0.474398 -0.00661524 0.99996 0.00603387 0.329414 0.00465872 -0.00600312 0.999971 -0.816354
165 167 20 0.999893 0.0111466 -0.00948056 0.471161 -0.0110629 0.9999 0.00883645 -0.0310719 0.00957811 -0.00873062 0.999916 -0.8815
165 168 146 0.999707 0.0179605 -0.0162479 0.472919 -0.0177923 0.999787 0.0104417 0.0469211 0.016432 -0.0101496 0.999813 -0.879856
165 169 420 0.99937 0.018012 -0.0305689 0.72016 -0.0179898 0.999838 0.00100188 0.406689 0.030582 -0.000451319 0.999532 -0.562115
165 170 269 0.999659 0.0128404 -0.0227319 0.335644 -0.0126965 0.999899 0.00646319 0.237469 0.0228126 -0.00617237 0.999721 -0.911566
165 171 408 0.999175 0.0200788 -0.0352921 0.579112 -0.0199055 0.999788 0.00525442 0.31532 0.0353901 -0.00454758 0.999363 -0.751799
165 172 394 0.999395 0.017275 -0.0301923 0.533233 -0.017157 0.999844 0.00416134 0.343425 0.0302595 -0.00364081 0.999535 -0.773125
165 173 427 0.998674 0.0207391 -0.0471138 0.588871 -0.0207242 0.999785 0.000806702 0.32553 0.0471204 0.00017076 0.998889 -0.739771
165 174 507 0.99781 0.0207436 -0.0628155 0.636562 -0.0208044 0.999784 -0.000314285 0.336267 0.0627954 0.00162044 0.998025 -0.694056
165 175 396 0.997267 0.0288438 -0.0680217 0.673353 -0.0286863 0.999583 0.00329068 0.306539 0.0680882 -0.00133039 0.997678 -0.672778
165 176 400 0.997183 0.03628 -0.0656458 0.629535 -0.036317 0.99934 0.000628976 0.348078 0.0656253 0.00175685 0.997843 -0.694642
165 177 397 0.996571 0.0419568 -0.0713117 0.678947 -0.0419827 0.999118 0.00113631 0.297759 0.0712964 0.00186145 0.997453 -0.671096
165 178 427 0.995221 0.0576445 -0.0788174 0.748417 -0.0578062 0.998328 0.000230089 0.268025 0.0786989 0.00432715 0.996889 -0.606659
165 179 454 0.993685 0.0583934 -0.095819 0.745927 -0.0612461 0.997755 -0.0271031 0.422467 0.0940212 0.0328005 0.99503 -0.514893
180 181 52 0.999998 0.000788623 0.00156331 -0.479158 -0.000788821 1 0.000125589 0.0886822 -0.00156321 -0.000126822 0.999999 -0.873237
180 182 114 0.9998 0.0192894 0.00527836 0.135049 -0.0192898 0.999814 3.83466e-05 -0.296239 -0.00527664 -0.000140158 0.999986 -0.945518
180 183 512 0.999698 0.0236122 -0.00685204 0.599205 -0.0235847 0.999714 0.00406218 -0.43724 0.00694599 -0.00389935 0.999968 -0.670652
180 184 791 0.999549 0.0183363 -0.0237953 0.809877 -0.01883 0.999609 -0.0206912 0.323775 0.0234066 0.02113 0.999503 -0.489151
180 185 750 0.999725 0.0177369 -0.0153374 0.635421 -0.018031 0.999652 -0.0192508 0.311702 0.0149906 0.0195221 0.999697 -0.706457
180 186 673 0.999708 0.0206046 -0.012613 0.481971 -0.0207951 0.999669 -0.0151623 0.188228 0.0122964 0.0154202 0.999805 -0.85573
180 187 496 0.999718 0.0233315 -0.00442521 0.329431 -0.0234195 0.999505 -0.021006 0.257722 0.00393291 0.0211037 0.99977 -0.908325
180 188 620 0.999591 0.0273654 -0.00834348 0.393296 -0.0275352 0.999401 -0.0209704 0.15813 0.00776461 0.0211916 0.999745 -0.905711
180 189 629 0.999316 0.0190553 -0.0317041 0.578575 -0.0203277 0.998981 -0.0403059 0.450152 0.0309037 0.0409228 0.998684 -0.680158
180 190 570 0.997719 0.0286521 -0.0611238 0.783695 -0.0305464 0.999074 -0.0302862 0.243171 0.0601994 0.0320842 0.997671 -0.571568
180 191 624 0.996321 0.0268709 -0.0813815 0.784952 -0.0299496 0.998872 -0.0368496 0.26827 0.0802995 0.0391514 0.996002 -0.558464
180 192 687 0.996835 0.0243934 -0.0756622 0.756409 -0.0272233 0.998959 -0.036599 0.253102 0.0746907 0.0385429 0.996462 -0.603146
180 193 666 0.995058 0.0319281 -0.0940223 0.818162 -0.0352739 0.998794 -0.0341408 0.196391 0.0928189 0.0372886 0.994985 -0.540409
180 194 500 0.994148 0.0271458 -0.104565 0.782441 -0.0325056 0.998225 -0.0498998 0.329299 0.103025 0.0530067 0.993265 -0.528534
195 196 57 0.999966 -0.00548695 -0.00619192 0.0759149 0.00552217 0.999969 0.00568586 0.198133 0.00616053 -0.00571986 0.999965 0.977231
195 197 61 0.99982 0.00722852 -0.0175257 0.611579 -0.0068189 0.999705 0.0233206 -0.479279 0.0176891 -0.0231969 0.999574 -0.629494
195 198 518 0.998956 0.00675627 -0.0451865 0.75619 -0.00478895 0.999042 0.0435052 -0.526833 0.0454371 -0.0432433 0.998031 -0.388103
195 199 399 0.998603 -0.0076698 -0.0522863 0.870584 0.00908382 0.999598 0.0268601 0.139903 0.0520593 -0.0272975 0.998271 -0.471711
195 200 295 0.998865 -0.00136452 -0.0476125 0.78194 0.00324489 0.999217 0.0394383 0.0290566 0.0475214 -0.039548 0.998087 -0.622677
195 201 390 0.996903 0.00859816 -0.0781718 0.970329 -0.00502551 0.998939 0.0457849 -0.10089 0.0784825 -0.0452502 0.995888 -0.219732
195 202 426 0.99838 0.0142397 -0.0550833 0.69892 -0.0119083 0.999029 0.0424242 -0.0829135 0.0556339 -0.0416996 0.99758 -0.710378
195 203 391 0.99503 0.0238819 -0.0966743 0.906291 -0.0184 0.998193 0.0572046 -0.138792 0.0978657 -0.0551415 0.993671 -0.399216
195 204 378 0.993551 0.0246804 -0.110664 0.974545 -0.0191699 0.998536 0.0505853 -0.0543008 0.11175 -0.0481377 0.99257 -0.217516
195 205 340 0.991126 0.0322151 -0.128965 0.972535 -0.0256319 0.998298 0.0523853 -0.0865555 0.130433 -0.0486148 0.990265 -0.216065
195 206 403 0.993452 0.0320231 -0.109671 0.921779 -0.0267177 0.998416 0.0495086 -0.0916952 0.111082 -0.0462542 0.992734 -0.376716
195 207 369 0.991736 0.0341051 -0.123678 0.957132 -0.0286854 0.99856 0.0453404 -0.0524951 0.125047 -0.041418 0.991286 -0.284854
195 208 396 0.991982 0.0488399 -0.116561 0.924054 -0.0423598 0.99745 0.057439 -0.16904 0.119069 -0.052041 0.991521 -0.342855
195 209 392 0.996051 0.0537439 -0.0706736 0.779935 -0.0502763 0.997485 0.0499623 -0.187742 0.073181 -0.0462118 0.996247 -0.597039
210 211 0 1 0 0 0 0 1 0 0 0 0 1 0
210 212 216 0.999983 0.0035289 -0.00463936 0.901553 -0.00354799 0.999985 -0.0041121 0.116094 0.00462478 0.00412849 0.999981 -0.416803
210 213 71 0.999919 0.00447146 0.0119058 0.85722 -0.00443867 0.999986 -0.00277935 0.0884457 -0.0119181 0.00272628 0.999925 -0.507299
210 214 181 0.999929 -0.00775801 0.00907279 0.919651 0.00778875 0.999964 -0.00335805 0.324877 -0.00904641 0.00342848 0.999953 -0.220673
210 215 606 0.999939 -0.000858676 -0.0109887 0.961445 0.000944042 0.999969 0.00776572 -0.00526331 0.0109817 -0.00777562 0.999909 -0.274948
210 216 488 0.999871 -0.0025823 -0.0158678 0.920178 0.00277988 0.999919 0.0124421 0.0109974 0.0158344 -0.0124846 0.999797 -0.391346
210 217 243 0.999794 -0.0117622 0.0165692 0.835673 0.011462 0.999771 0.018098 0.099336 -0.0167783 -0.0179044 0.999699 -0.540169
210 218 486 0.997976 -0.0116158 -0.0625144 0.984708 0.012967 0.99969 0.0212511 0.0596575 0.0622482 -0.0220187 0.997818 -0.163679
210 219 455 0.99989 -0.0121164 0.0085604 0.776719 0.0117859 0.999221 0.037661 -0.0843135 -0.00901004 -0.037556 0.999254 -0.624178
210 220 405 0.99971 -0.0140782 0.0195483 0.769415 0.0132679 0.999072 0.0409802 -0.10657 -0.0201071 -0.040709 0.998969 -0.629796
210 221 250 0.999406 -0.00229152 0.0343908 0.683585 0.000979946 0.999273 0.0381057 -0.194552 -0.0344531 -0.0380494 0.998682 -0.703464
210 222 315 0.999429 -0.00225628 0.0337087 0.768158 0.0012288 0.999535 0.0304708 -0.166849 -0.0337618 -0.030412 0.998967 -0.618138
210 223 501 0.999844 -0.0059535 -0.0166373 0.919158 0.00648052 0.999473 0.0318045 -0.0715763 0.0164392 -0.0319074 0.999356 -0.387332
210 224 556 0.998044 -0.0024236 -0.0624763 0.964727 0.00475446 0.999297 0.0371863 -0.094756 0.0623423 -0.0374106 0.997353 -0.245608
225 226 0 1 0 0 0 0 1 0 0 0 0 1 0
225 227 130 0.999718 0.0235379 -0.00318508 0.557544 -0.0235111 0.99969 0.00821317 -0.744525 0.00337741 -0.00813596 0.999961 -0.367189
225 228 45 0.999889 0.0147655 0.00221999 0.730386 -0.0147436 0.999846 -0.0095642 -0.0170315 -0.00236087 0.0095304 0.999952 -0.682822
225 229 495 0.999286 0.0326125 -0.0190916 0.702486 -0.0321846 0.999233 0.0223047 -0.649664 0.0198044 -0.0216743 0.999569 -0.290602
225 230 121 0.999748 0.0223298 -0.00214607 0.646459 -0.0223316 0.99975 -0.000823944 -0.277324 0.00212713 0.000871662 0.999997 -0.710761
225 231 516 0.999576 0.0188486 -0.0222051 0.943756 -0.0189797 0.999804 -0.00570857 -0.205421 0.0220931 0.00612759 0.999737 -0.259087
225 232 227 0.999626 0.0273593 -0.000369571 0.72708 -0.0273617 0.999536 -0.0133521 -0.19026 4.09618e-06 0.0133572 0.999911 -0.659663
225 233 267 0.999589 0.0282938 -0.00466787 0.798463 -0.028361 0.999485 -0.0150017 -0.279654 0.00424101 0.0151279 0.999877 -0.533152
225 234 406 0.999513 0.0240987 -0.0198286 0.866832 -0.0243611 0.999617 -0.0130973 -0.356037 0.0195054 0.013574 0.999718 -0.349055
225 235 160 0.99969 0.0248902 -0.000147864 0.755256 -0.0248865 0.9994 -0.0240699 -0.314478 -0.000451329 0.0240661 0.99971 -0.575058
225 236 211 0.999802 0.019628 -0.0033385 0.774077 -0.0197126 0.999426 -0.0275486 -0.224459 0.00279587 0.0276089 0.999615 -0.591966
225 237 368 0.999237 0.0223339 -0.032044 0.916816 -0.0230765 0.999469 -0.0229949 -0.247527 0.0315135 0.0237168 0.999222 -0.313336
225 238 178 0.998492 0.0548848 -0.000961953 0.71761 -0.0548927 0.998248 -0.0220841 -0.544504 -0.000251817 0.0221036 0.999756 -0.434225
225 239 335 0.99887 0.0324147 -0.0347703 0.939652 -0.0333125 0.999118 -0.0255586 -0.189363 0.0339111 0.0266879 0.999068 -0.284949
240 241 34 0.999999 -0.00115914 -0.000366224 -0.246965 0.00115917 0.999999 7.63381e-05 -0.533359 0.000366135 -7.67625e-05 1 0.809034
240 242 236 0.999882 -0.00115843 -0.0153085 0.827529 0.00105308 0.999976 -0.00688792 -0.0138827 0.0153161 0.00687099 0.999859 0.561251
240 243 346 0.999775 0.00478332 -0.0206844 0.916324 -0.00500626 0.99993 -0.0107402 -0.0500984 0.0206316 0.0108413 0.999728 0.39729
240 244 505 0.99964 0.0110446 0.0244579 -0.888141 -0.0106268 0.999796 -0.0171483 0.0888516 -0.0246424 0.0168822 0.999554 0.450901
240 245 504 0.999497 0.0101866 -0.030025 0.892424 -0.0107791 0.999749 -0.0196386 -0.0108615 0.0298174 0.0199524 0.999356 0.451067
240 246 431 0.999433 0.0255068 -0.0219993 0.972614 -0.0258236 0.999565 -0.01424 -0.201213 0.0216266 0.0148 0.999657 0.116337
240 247 411 0.999448 0.00921585 -0.0319323 0.98379 -0.00981724 0.999776 -0.0187279 0.0136828 0.0317525 0.0190311 0.999315 0.178802
240 248 506 0.999142 0.0108054 -0.0399842 0.943135 -0.0115649 0.999756 -0.0188134 0.0670466 0.0397712 0.0192597 0.999023 0.325579
240 249 395 0.99972 0.00464846 -0.0231962 0.856377 -0.00498907 0.99988 -0.0146477 0.0632061 0.0231253 0.0147593 0.999624 0.512468
240 250 321 0.999476 0.0241615 -0.0215303 0.94518 -0.0241695 0.999708 -0.000110652 -0.0600001 0.0215213 0.00063097 0.999768 0.320992
240 251 332 0.999751 0.020914 -0.00778135 0.887609 -0.0209119 0.999781 0.000352217 -0.0278985 0.00778701 -0.000189407 0.99997 0.459751
240 252 391 0.999795 0.0164007 -0.0119081 0.935501 -0.0163916 0.999865 0.000866834 0.00293135 0.0119207 -0.000671463 0.999929 0.353312
240 253 408 0.999653 0.00651666 -0.0255213 0.920959 -0.00672464 0.999945 -0.008072 0.103815 0.0254673 0.00824082 0.999642 0.375575
240 254 428 0.999957 -0.0034352 -0.00861283 0.893522 0.00340011 0.999986 -0.00408536 0.058859 0.00862674 0.0040559 0.999955 0.445146
255 256 15 0.999969 -0.00783945 1.3604e-07 0.797235 0.00783945 0.999969 0.000974502 -0.386266 -7.7756e-06 -0.000974471 1 0.463913
255 257 17 0.999894 -0.0142232 0.00326246 0.891152 0.014201 0.999876 0.00673433 -0.118948 -0.00335784 -0.00668729 0.999972 0.437835
255 258 257 0.999788 -0.0203474 -0.00311852 0.802709 0.0203642 0.999778 0.00545568 0.0177876 0.00300682 -0.00551803 0.99998 0.596105
255 259 568 0.999497 -0.0230463 -0.0217778 0.834215 0.0227271 0.999632 -0.0147932 0.356931 0.0221108 0.0142908 0.999653 0.420339
255 260 491 0.999731 -0.0207021 -0.010423 0.897535 0.0206829 0.999784 -0.00194875 0.147993 0.0104611 0.00173265 0.999944 0.415366
255 261 559 0.999673 -0.0189402 -0.0171755 0.854237 0.0187945 0.999786 -0.00860726 0.200367 0.0173349 0.00828165 0.999815 0.479721
255 262 432 0.999644 -0.0241834 -0.0112604 0.869528 0.0241067 0.999686 -0.00690237 0.211834 0.0114238 0.00662847 0.999913 0.446147
255 263 318 0.999554 -0.0283419 -0.00944807 0.841459 0.0283813 0.999589 0.00406138 0.146165 0.00932908 -0.00432772 0.999947 0.520176
255 264 503 0.999613 -0.0225568 -0.01629 0.78645 0.0227078 0.9997 0.00914321 -0.0255146 0.0160789 -0.00950958 0.999826 0.617127
255 265 473 0.99944 -0.0260193 -0.0210342 0.802259 0.02612 0.999649 0.00452612 0.0171662 0.020909 -0.005073 0.999769 0.596729
255 266 420 0.999637 -0.0218628 -0.0157564 0.730454 0.022013 0.999713 0.00941754 -0.0424029 0.0155459 -0.00976096 0.999832 0.681644
255 267 509 0.998815 -0.0308662 -0.0376231 0.768031 0.0307993 0.999523 -0.00235661 0.0869007 0.0376779 0.00119505 0.999289 0.63449
255 268 489 0.998144 -0.0364457 -0.0487861 0.82895 0.0359385 0.999291 -0.0112345 0.128447 0.049161 0.00946031 0.998746 0.544375
255 269 477 0.998985 -0.0214297 -0.0396198 0.781398 0.0215171 0.999767 0.00177957 -0.0172672 0.0395725 -0.00263027 0.999213 0.623794
270 271 41 0.999958 0.00474304 -0.0077812 0.717747 -0.00466702 0.999941 0.00975846 -0.491642 0.00782703 -0.00972174 0.999922 0.49308
270 272 197 0.999967 0.00754168 -0.00286467 0.624884 -0.00753059 0.999964 0.00386376 -0.20333 0.00289371 -0.00384206 0.999988 0.753775
270 273 486 0.999898 0.0124728 -0.00699376 0.825008 -0.0124552 0.999919 0.00255011 -0.0561896 0.00702501 -0.00246274 0.999972 0.56232
270 274 512 0.999937 0.0110749 -0.00197205 0.626302 -0.0110688 0.999934 0.00306826 -0.0584874 0.0020059 -0.00304624 0.999993 0.777383
270 275 438 0.999918 0.0125377 -0.00272432 0.598525 -0.0125134 0.999883 0.00877989 -0.179028 0.00283408 -0.00874507 0.999958 0.780843
270 276 515 0.999937 0.0093174 -0.00633184 0.659842 -0.00926406 0.999922 0.00840137 -0.125039 0.00640962 -0.00834218 0.999945 0.740928
270 277 458 0.999906 0.00881061 -0.0104835 0.720199 -0.00873141 0.999933 0.00757654 -0.0961932 0.0105496 -0.00748429 0.999916 0.687066
270 278 474 0.999847 0.0168363 -0.00480484 0.647076 -0.0167793 0.999791 0.0116592 -0.158733 0.00500014 -0.0115768 0.99992 0.745719
270 279 432 0.999744 0.0212692 -0.0077273 0.705913 -0.021115 0.999587 0.0195179 -0.194597 0.00813924 -0.0193498 0.99978 0.681043
270 280 450 0.999891 0.0102913 -0.0105944 0.721195 -0.0101974 0.999909 0.00888037 -0.0547878 0.0106849 -0.00877137 0.999904 0.690562
270 281 478 0.999763 0.0210873 -0.00542933 0.718363 -0.0210204 0.999706 0.0121002 -0.103077 0.0056829 -0.0119832 0.999912 0.68799
270 282 427 0.999844 0.0163037 -0.00675866 0.742724 -0.0162392 0.999823 0.00949156 -0.0739395 0.00691221 -0.00938033 0.999932 0.665503
270 283 457 0.999782 0.0155681 -0.013946 0.795832 -0.015433 0.999833 0.00974022 -0.0570333 0.0140953 -0.00952286 0.999855 0.602826
270 284 449 0.999767 0.0216039 0.000186597 0.700575 -0.0216039 0.999615 0.0174026 -0.14357 0.000189439 -0.0174026 0.999849 0.698987
285 286 36 0.999986 -0.00275563 0.00462263 0.270543 0.0027349 0.999986 0.00448338 -0.557977 -0.00463492 -0.00447068 0.999979 0.784518
285 287 194 0.999997 0.00261739 0.000165613 0.645596 -0.0026159 0.999961 -0.00843204 -0.0772603 -0.000187676 0.00843158 0.999964 0.759761
285 288 236 0.999985 0.00532656 0.00113359 0.783131 -0.00532319 0.999981 -0.00295462 -0.392759 -0.00114931 0.00294855 0.999995 0.482128
285 289 307 0.999998 3.48182e-05 0.00215194 0.685193 -1.98452e-05 0.999976 -0.00695753 -0.25094 -0.00215213 0.00695747 0.999973 0.683769
285 290 471 0.999905 0.00777306 -0.0113839 0.773695 -0.00785409 0.999944 -0.00709052 -0.271015 0.0113282 0.00717926 0.99991 0.572667
285 291 572 0.999838 0.0147729 -0.0102703 0.855032 -0.0148867 0.999828 -0.0110947 -0.240245 0.0101047 0.0112458 0.999886 0.459568
285 292 502 0.999806 0.0188466 -0.00580133 0.792159 -0.0189082 0.999764 -0.0107378 -0.267194 0.00559759 0.0108454 0.999926 0.548719
285 293 467 0.999831 0.0116827 -0.0141781 0.791477 -0.0119351 0.999769 -0.0178542 -0.199918 0.0139662 0.0180204 0.99974 0.577579
285 294 484 0.999592 0.0211662 -0.019155 0.83558 -0.0214762 0.999639 -0.0161215 -0.230115 0.0188069 0.0165263 0.999687 0.498851
285 295 421 0.999528 0.0287011 -0.0109746 0.713455 -0.0288791 0.999448 -0.0164205 -0.238857 0.0104973 0.0167297 0.999805 0.658733
285 296 236 0.999289 0.0358938 -0.0115103 0.698121 -0.0361056 0.999172 -0.0187487 -0.262864 0.0108278 0.019151 0.999758 0.66598
285 297 456 0.998895 0.0429655 -0.0190668 0.817389 -0.0433309 0.998877 -0.0191823 -0.293246 0.0182213 0.0199872 0.999634 0.495864
285 298 396 0.998711 0.0437619 -0.0257115 0.849382 -0.0442642 0.998833 -0.0193034 -0.220746 0.0248368 0.0204166 0.999483 0.479396
285 299 386 0.998473 0.0475397 -0.0281421 0.801115 -0.048034 0.998698 -0.0171572 -0.254342 0.0272898 0.0184828 0.999457 0.54178
300 301 44 0.999999 -2.35069e-05 0.0010317 -0.179284 2.37623e-05 1 -0.000247524 -0.0678555 -0.00103169 0.000247549 0.999999 0.981454
300 302 752 0.999559 0.00045719 -0.0296845 0.939496 -0.000773853 0.999943 -0.010657 0.273657 0.029678 0.0106752 0.999503 0.206055
300 303 44 0.999882 -0.00135507 -0.0153019 0.907511 0.00131207 0.999995 -0.00281995 -0.0818647 0.0153056 0.00279954 0.999879 0.411972
300 304 87 1 -0.000117643 -0.000371137 -0.601304 0.000118067 0.999999 0.00114179 -0.139655 0.000371002 -0.00114183 0.999999 0.786721
300 305 296 0.999791 0.00401337 -0.0200634 0.922764 -0.00396479 0.999989 0.00246046 -0.136016 0.0200731 -0.0023804 0.999796 0.360564
300 306 718 0.999217 0.00465667 -0.0392825 0.955987 -0.00495277 0.99996 -0.0074439 0.205909 0.0392463 0.00763263 0.9992 0.209022
300 307 693 0.999188 0.0122978 -0.0383698 0.961327 -0.0122975 0.999924 0.000242382 0.0691543 0.0383699 0.000229669 0.999264 0.266586
300 308 613 0.999372 0.0152575 -0.0319738 0.952086 -0.0150857 0.99987 0.00560939 -0.0940203 0.0320552 -0.00512352 0.999473 0.29102
300 309 693 0.99887 0.0143649 -0.0453079 0.977496 -0.0142898 0.999896 0.00198203 0.021685 0.0453317 -0.00133235 0.998971 0.209836
300 310 621 0.997051 0.0160645 -0.0750444 0.975943 -0.0163989 0.999858 -0.00384167 0.125259 0.0749721 0.00506099 0.997173 0.178453
300 311 713 0.997728 0.0164827 -0.0653219 0.984796 -0.0162569 0.99986 0.00398741 0.0494849 0.0653785 -0.00291642 0.997856 0.166519
300 312 477 0.999211 0.0179795 -0.0354247 0.925518 -0.0175561 0.999771 0.0122261 -0.0820495 0.0356364 -0.0115945 0.999298 0.369708
300 313 521 0.997667 0.026751 -0.0628146 0.974545 -0.0258977 0.999561 0.0143591 -0.041978 0.0631712 -0.0126989 0.997922 0.220227
300 314 290 0.997656 0.034544 -0.059077 0.968086 -0.0336928 0.999314 0.0153451 -0.0612568 0.0595666 -0.0133186 0.998135 0.243015
315 316 64 0.999986 0.00405996 -0.00333266 0.351512 -0.00403071 0.999954 0.0087368 -0.896262 0.00336798 -0.00872324 0.999956 0.270468
315 317 17 0.99998 0.00419145 0.00463383 -0.844303 -0.0041474 0.999947 -0.00947428 0.122302 -0.00467329 0.00945487 0.999944 -0.521722
315 318 29 0.999982 0.00532283 0.00269989 -0.783961 -0.00528605 0.999896 -0.013451 0.274928 -0.00277121 0.0134365 0.999906 -0.556614
315 319 32 0.999957 0.00915392 -0.0016838 -0.759906 -0.00917761 0.999851 -0.0146412 0.251895 0.00154953 0.014656 0.999891 -0.599242
315 320 82 0.999717 0.0151774 -0.0183331 0.985323 -0.0154952 0.99973 -0.0173168 0.0875319 0.0180653 0.017596 0.999682 -0.146552
315 321 224 0.998698 0.026313 -0.0436985 0.995575 -0.0269777 0.999528 -0.0146914 -0.093218 0.0432913 0.0158512 0.998937 0.0118517
315 322 243 0.998496 0.0351789 -0.0420605 0.991691 -0.0360978 0.999121 -0.0212895 0.0389812 0.0412746 0.0227757 0.998888 -0.122598
315 323 222 0.997149 0.0445778 -0.0608881 0.996624 -0.0455199 0.998863 -0.0141729 -0.0583154 0.0601871 0.0169041 0.998044 -0.0577941
315 324 19 0.998393 0.052573 -0.0211335 -0.994177 -0.0528605 0.998514 -0.0132813 0.0681923 0.0204039 0.0143771 0.999688 0.0834347
315 325 183 0.997183 0.0543995 -0.0516469 0.994004 -0.0549292 0.998451 -0.00889174 -0.0680325 0.0510832 0.0117036 0.998626 -0.0855967
315 326 176 0.995705 0.0584615 -0.0717957 0.995818 -0.0595315 0.998144 -0.0128533 0.0371429 0.070911 0.0170722 0.997337 0.0834622
315 327 162 0.995287 0.0630297 -0.0737 0.998545 -0.064235 0.997835 -0.0140968 0.040724 0.0726519 0.0187645 0.997181 -0.0353532
315 328 189 0.995668 0.064173 -0.0672766 0.991145 -0.0652859 0.997762 -0.0144737 0.116899 0.0661972 0.0188032 0.997629 -0.0629723
315 329 168 0.995679 0.059838 -0.0710094 0.996039 -0.060395 0.998158 -0.00572171 0.0530068 0.0705362 0.0099856 0.997459 -0.0713887
330 331 19 0.999994 0.00293545 -0.00181285 0.946122 -0.00293429 0.999995 0.000641004 0.322246 0.00181472 -0.00063568 0.999998 0.0317941
