0 1 10 0.999997 -0.00223464 0.000736133 -0.336023 0.00223361 0.999997 0.00139386 0.0409593 -0.000739245 -0.00139221 0.999999 0.940963
0 2 10 0.999987 0.000922668 -0.00503503 0.729196 -0.000934417 0.999997 -0.00233149 0.638472 0.00503287 0.00233616 0.999985 0.246224
0 3 11 0.999994 -0.0013697 -0.00332636 -0.798562 0.00136963 0.999999 -2.25904e-05 -0.447157 0.00332639 1.80344e-05 0.999994 -0.402926
0 4 15 0.99999 -0.00434883 -0.000453759 -0.2564 0.00435024 0.999986 0.0031593 0.154771 0.000440013 -0.00316125 0.999995 -0.954099
0 5 12 0.999989 -0.00455548 0.000958708 -0.475534 0.00455314 0.999987 0.00242794 0.0901653 -0.000969756 -0.00242355 0.999997 0.875064
0 6 13 0.999986 -0.00519575 -0.000212883 -0.222468 0.00519636 0.999982 0.002942 -0.371222 0.000197593 -0.00294306 0.999996 0.9015
0 7 11 0.999989 -0.00467773 0.000785791 0.163118 0.00467589 0.999986 0.00232564 -0.075224 -0.000796659 -0.00232194 0.999997 -0.983735
0 8 13 0.999992 -0.00389358 0.000325811 0.0321647 0.00389267 0.999989 0.00275397 -0.0338273 -0.00033653 -0.00275268 0.999996 0.99891
0 9 40 0.999985 -0.00514346 -0.00182972 0.351412 0.00514956 0.999981 0.00334469 -0.254533 0.00181248 -0.00335406 0.999993 0.900956
0 10 47 0.999982 -0.00417578 -0.00435065 0.347203 0.00419138 0.999985 0.00358338 -0.0724186 0.00433562 -0.00360155 0.999984 0.93499
0 11 665 0.999682 -0.00042242 -0.0252179 0.970259 0.00036485 0.999997 -0.00228744 0.192713 0.0252188 0.00227751 0.999679 0.146488
0 12 197 0.999839 0.00306845 -0.0176699 0.948875 -0.00307311 0.999995 -0.000236347 0.0998706 0.0176691 0.000290611 0.999844 0.299436
0 13 695 0.999757 0.00640278 -0.0211126 0.941966 -0.00643561 0.999978 -0.00148742 0.204706 0.0211026 0.00162293 0.999776 0.266074
0 14 15 0.999958 0.00859063 0.00333763 -0.13695 -0.00860276 0.999956 0.00363571 0.0272766 -0.00330625 -0.00366427 0.999988 0.990202
15 16 11 0.999984 -0.00145339 0.00555589 -0.994722 0.00144797 0.999998 0.000978764 -0.00444804 -0.0055573 -0.000970703 0.999984 0.102507
15 17 15 0.999995 0.000885494 -0.00313724 0.279085 -0.000881709 0.999999 0.00120761 0.000401223 0.00313831 -0.00120483 0.999994 0.960266
15 18 11 0.999965 0.0018338 -0.00821827 0.98345 -0.00181321 0.999995 0.00251188 -0.171585 0.00822284 -0.00249689 0.999963 0.0581856
15 19 13 0.999988 0.00239352 0.00425706 -0.938294 -0.00240409 0.999994 0.00247893 -0.0761732 -0.0042511 -0.00248914 0.999988 0.337347
15 20 17 0.999979 0.00631092 -0.0013915 -0.955055 -0.0063051 0.999972 0.00414288 0.287404 0.00141761 -0.00413402 0.99999 -0.072583
15 21 14 0.999971 0.00662903 0.00369523 0.210163 -0.00663805 0.999975 0.00243358 0.110088 -0.00367901 -0.00245804 0.99999 -0.971449
15 22 14 0.999971 0.00680887 -0.00338284 0.844316 -0.00679591 0.99997 0.00382855 -0.105835 0.00340881 -0.00380545 0.999987 0.52529
15 23 47 0.999984 0.00351552 0.00447779 -0.145084 -0.00353124 0.999988 0.00350773 -0.154257 -0.00446541 -0.00352349 0.999984 0.977321
15 24 18 0.999945 0.0037018 -0.00985747 0.954476 -0.00364696 0.999978 0.00557604 -0.0975377 0.00987789 -0.00553978 0.999936 0.281891
15 25 653 0.999647 0.00741068 -0.0255221 0.952201 -0.00706151 0.999881 0.0137442 -0.261671 0.0256209 -0.0135591 0.99958 0.157609
15 26 572 0.999862 0.0026454 -0.0164188 0.832044 -0.00253982 0.999976 0.00644829 -0.128063 0.0164354 -0.0064057 0.999844 0.539725
15 27 593 0.999867 0.00148857 -0.0162337 0.856218 -0.00155894 0.999989 -0.0043229 0.283622 0.0162271 0.00434764 0.999859 0.431797
15 28 42 0.999972 0.00427795 -0.00621076 -0.80954 -0.00424553 0.999977 0.00522363 0.281825 0.00623296 -0.00519711 0.999967 -0.514995
15 29 562 0.999699 0.00340258 -0.0242774 0.918491 -0.00333505 0.99999 0.00282162 -0.142108 0.0242867 -0.0027398 0.999701 0.369024
30 31 0 1 0 0 0 0 1 0 0 0 0 1 0
30 32 10 0.99998 -0.00526461 -0.00336715 0.873092 0.00524171 0.999963 -0.0067732 0.434746 0.00340268 0.00675542 0.999971 -0.220694
30 33 15 0.999969 -0.000646391 0.00785664 0.251177 0.000692633 0.999982 -0.00588448 -0.050704 -0.0078527 0.00588974 0.999952 -0.966612
30 34 11 0.999999 -0.0012447 0.000790227 0.906423 0.00125121 0.999965 -0.00828855 -0.36223 -0.000779883 0.00828953 0.999965 0.217226
30 35 25 0.999927 -0.000247289 0.0121143 -0.213603 0.000419301 0.999899 -0.0141986 -0.0535668 -0.0121095 0.0142027 0.999826 0.975451
30 36 25 0.999902 -0.00526092 0.0129724 0.373876 0.00543383 0.999896 -0.0133299 0.282934 -0.0129009 0.0133991 0.999827 -0.88327
30 37 590 0.999904 -0.00393625 -0.0132902 0.996452 0.00375336 0.999898 -0.0137582 0.0818911 0.013343 0.013707 0.999817 -0.0194412
30 38 187 0.999975 -0.00690473 0.00122238 0.937538 0.00691444 0.999943 -0.0081249 -0.00832582 -0.00116622 0.00813315 0.999966 -0.347783
30 39 13 0.999922 -0.0063066 0.0107919 0.972161 0.00635329 0.999971 -0.00429811 -0.230955 -0.0107645 0.00436634 0.999933 -0.0395393
30 40 39 0.999548 -0.02012 0.0223597 -0.782908 0.0202504 0.999779 -0.00562435 -0.269303 -0.0222416 0.0060746 0.999734 0.560831
30 41 593 0.999941 -0.00704485 -0.00830846 0.996806 0.00704994 0.999975 0.000583656 0.0661631 0.00830415 -0.000642195 0.999965 -0.0447152
30 42 577 0.999989 -0.00366971 -0.00282718 0.973815 0.00367154 0.999993 0.00064024 -0.0590368 0.00282482 -0.000650613 0.999996 0.219541
30 43 35 0.999627 -0.00985912 0.0254828 -0.669569 0.00993196 0.999947 -0.00273312 -0.247742 -0.0254545 0.00298519 0.999672 0.700215
30 44 98 0.999933 -0.00894444 0.00737564 0.983933 0.00895674 0.999959 -0.00163564 0.0926907 -0.0073607 0.00170159 0.999971 -0.152592
45 46 13 0.999962 0.00740245 -0.0045633 -0.431503 -0.00735352 0.999916 0.0106477 0.891137 0.00464173 -0.0106137 0.999933 0.140288
45 47 23 0.999873 0.015916 0.000790266 0.309722 -0.0159238 0.999813 0.0110019 -0.284786 -0.000615012 -0.011013 0.999939 -0.907177
45 48 13 0.999755 0.0202604 0.00890021 0.182995 -0.0203824 0.999697 0.0138364 -0.284822 -0.00861718 -0.0140144 0.999865 -0.940951
45 49 433 0.99981 0.017189 -0.00919012 0.834228 -0.017147 0.999842 0.00462784 0.538122 0.00926821 -0.00446938 0.999947 0.120372
45 50 11 0.999778 0.01873 0.0096754 -0.977228 -0.018902 0.999659 0.0180022 -0.0708895 -0.00933492 -0.0181811 0.999791 0.199999
45 51 74 0.999639 0.0220164 -0.0154015 0.825766 -0.0218332 0.99969 0.0119625 0.271775 0.0156601 -0.0116219 0.99981 0.494215
45 52 621 0.999353 0.0216237 -0.0287366 0.896234 -0.0215429 0.999763 0.00311872 0.406299 0.0287973 -0.00249763 0.999582 0.178005
45 53 11 0.999667 0.0217311 -0.0139032 0.961699 -0.0215642 0.999695 0.0120445 -0.108389 0.0141607 -0.0117406 0.999831 0.251766
45 54 10 0.99942 0.0264207 -0.0214948 0.863979 -0.0262941 0.999635 0.00614776 -0.0823603 0.0216494 -0.00557901 0.99975 0.496747
45 55 616 0.998343 0.0286801 -0.049889 0.921709 -0.0292167 0.999522 -0.0100603 0.350305 0.0495766 0.0115012 0.998704 0.166548
45 56 541 0.99875 0.0286223 -0.0409871 0.992902 -0.0285568 0.99959 0.00218395 -0.0188119 0.0410328 -0.00101076 0.999157 0.117434
45 57 356 0.998602 0.0305768 -0.0431287 0.991494 -0.0306222 0.999531 -0.000393449 0.0265288 0.0430965 0.0017136 0.999069 -0.127422
45 58 10 0.999035 0.0244667 -0.0364669 0.923644 -0.024588 0.999694 -0.00287984 0.11406 0.0363853 0.00377371 0.999331 -0.365885
45 59 562 0.997842 0.029513 -0.0586624 0.984852 -0.0299087 0.999535 -0.0058792 0.159826 0.0584616 0.00762102 0.998261 0.0672407
60 61 12 0.999986 -0.00385113 -0.00352354 0.760698 0.00386701 0.999982 0.00451028 0.302095 0.00350611 -0.00452385 0.999984 0.574524
60 62 21 0.999983 -0.00037224 -0.00587478 0.810909 0.000406178 0.999983 0.0057768 0.13657 0.00587253 -0.00577908 0.999966 -0.569013
60 63 581 0.999694 0.00982321 -0.0226878 0.976486 -0.00972837 0.999943 0.0042867 0.212153 0.0227286 -0.00406468 0.999733 0.0382975
60 64 441 0.999918 0.00876561 -0.0093483 0.977861 -0.00867772 0.999918 0.00940159 -0.0684318 0.00942994 -0.00931969 0.999912 0.197748
60 65 643 0.999711 0.0125948 -0.0204738 0.948355 -0.0127234 0.9999 -0.00616418 0.243672 0.0203941 0.00642289 0.999771 0.203092
60 66 632 0.99985 0.0113112 -0.0130891 0.976617 -0.0112956 0.999935 0.0012702 0.0266333 0.0131027 -0.00112216 0.999914 0.213332
60 67 585 0.99995 0.00851634 -0.00525726 0.986559 -0.008502 0.99996 0.00274229 -0.103869 0.0052804 -0.00269746 0.999982 0.126147
60 68 496 0.999885 0.00919953 -0.0120935 0.994675 -0.00921973 0.999956 -0.00161567 -0.0302121 0.0120781 0.00172698 0.999926 0.0985356
60 69 596 0.999884 0.011181 -0.0103153 0.998031 -0.0112253 0.999928 -0.00424235 -0.0154796 0.0102671 0.00435765 0.999938 0.0607781
60 70 561 0.999765 0.0145963 -0.0160409 0.998883 -0.0146317 0.999891 -0.00209026 -0.0218282 0.0160086 0.00232448 0.999869 -0.0419086
60 71 530 0.999707 0.0167603 -0.0174505 0.994839 -0.0167404 0.999859 0.00128429 -0.0484271 0.0174696 -0.000991785 0.999847 0.0891679
60 72 540 0.999741 0.0167199 -0.0154135 0.996943 -0.0167738 0.999854 -0.00338069 0.0274763 0.0153547 0.00363836 0.999875 0.0731367
60 73 533 0.999775 0.0204699 -0.00552832 0.993617 -0.020484 0.999787 -0.00251524 -0.0179268 0.00547566 0.00262792 0.999982 0.111372
60 74 446 0.999846 0.0169242 -0.00457128 0.99621 -0.0169543 0.999834 -0.0066128 -0.0369601 0.00445861 0.00668929 0.999968 0.0787347
75 76 19 0.999996 -0.00190107 -0.00204998 -0.00117304 0.001896 0.999995 -0.00247139 -0.0198567 0.00205467 0.0024675 0.999995 0.999802
75 77 0 1 0 0 0 0 1 0 0 0 0 1 0
75 78 549 0.999745 -0.00193903 -0.0225042 0.989354 0.00192047 0.999998 -0.000846597 0.0675781 0.0225058 0.000803163 0.999746 -0.12889
75 79 451 0.99987 0.00451264 -0.0155019 0.946669 -0.00445026 0.999982 0.00405576 -0.282995 0.0155199 -0.00398625 0.999872 -0.15405
75 80 345 0.999937 0.00583562 -0.00961599 0.873963 -0.00586097 0.999979 -0.0026101 0.0486298 0.00960056 0.0026663 0.99995 -0.483554
75 81 39 0.999996 -0.000421218 0.00289062 0.656165 0.000414943 0.999998 0.00217102 0.0152297 -0.00289153 -0.00216982 0.999993 -0.754464
75 82 435 0.999798 -0.00222259 -0.0199675 0.991448 0.00230149 0.99999 0.00392943 -0.0627521 0.0199585 -0.00397459 0.999793 -0.114421
75 83 582 0.999619 -0.00483891 -0.0271646 0.995799 0.00479819 0.999987 -0.00156392 0.0778169 0.0271718 0.00143298 0.99963 -0.0482665
75 84 569 0.999741 -0.000473026 -0.0227363 0.985529 0.000653892 0.999968 0.00794819 -0.156528 0.0227318 -0.007961 0.99971 -0.0650509
75 85 577 0.99932 -0.000786952 -0.0368764 0.997929 0.000913751 0.999994 0.00342176 0.0566578 0.0368735 -0.00345313 0.999314 0.0304487
75 86 538 0.99834 0.000719763 -0.0575966 0.982052 -0.000839992 0.999998 -0.00206324 0.186746 0.057595 0.0021082 0.998338 0.0264691
75 87 529 0.998696 0.000164016 -0.05105 0.98125 0.000210909 0.999973 0.0073388 0.112905 0.0510499 -0.00734 0.998669 0.156206
75 88 494 0.998789 0.00407369 -0.0490354 0.966407 -0.00375846 0.999972 0.0065193 0.129516 0.0490605 -0.0063271 0.998776 0.221999
75 89 520 0.999399 0.00854212 -0.0335989 0.985116 -0.00787678 0.999771 0.0198851 -0.0291754 0.0337611 -0.0196085 0.999238 0.169397
90 91 504 0.999854 0.00383981 -0.0166571 0.805253 -0.00396169 0.999966 -0.00729003 0.527443 0.0166285 0.00735496 0.999835 0.270874
90 92 323 0.999956 0.00431587 -0.00833465 0.907433 -0.00422963 0.999938 0.0103384 -0.123266 0.00837875 -0.0103027 0.999912 0.40171
90 93 272 0.999948 0.0101857 -0.000177157 0.953771 -0.010183 0.99988 0.0116973 -0.175028 0.000296282 -0.0116949 0.999932 0.244307
90 94 519 0.999933 0.0115868 0.000567267 0.880295 -0.0115923 0.999872 0.0110014 -0.163963 -0.000439723 -0.0110073 0.999939 0.445192
90 95 473 0.999925 0.00980483 0.00730555 0.792735 -0.00984458 0.999937 0.00542471 -0.0978373 -0.0072519 -0.00549623 0.999959 0.601663
90 96 504 0.999904 0.00990166 -0.00966599 0.923081 -0.0098462 0.999935 0.00576851 -0.117323 0.00972248 -0.00567279 0.999937 0.366273
90 97 489 0.99995 0.008822 -0.00477623 0.890348 -0.00880293 0.999953 0.0039995 -0.183115 0.00481129 -0.00395725 0.999981 0.416833
90 98 441 0.999953 0.00314184 -0.00916215 0.812887 -0.0031732 0.999989 -0.00341022 -0.138663 0.00915134 0.00343914 0.999952 0.565674
90 99 450 0.999993 -0.000353912 -0.00375758 0.787421 0.000311365 0.999936 -0.0113176 -0.183316 0.00376134 0.0113164 0.999929 0.588527
90 100 424 0.999984 0.00158053 -0.00535458 0.903257 -0.00162647 0.999962 -0.00858487 -0.280269 0.00534081 0.00859345 0.999949 0.324926
90 101 342 0.999387 -0.0025815 -0.0349056 0.936219 0.00230672 0.999966 -0.00791021 -0.239473 0.0349248 0.00782485 0.999359 0.257189
90 102 394 0.999134 -0.00916463 -0.0405808 0.944152 0.00858914 0.99986 -0.0143331 -0.25641 0.0407065 0.0139721 0.999073 0.206954
90 103 313 0.998814 -0.00212867 -0.0486388 0.95185 0.00162546 0.999945 -0.0103831 -0.277875 0.0486582 0.0102917 0.998762 0.129489
90 104 369 0.999502 -0.00611517 -0.0309668 0.964081 0.00523191 0.999579 -0.0285241 -0.170385 0.0311282 0.0283479 0.999113 0.203755
105 106 0 1 0 0 0 0 1 0 0 0 0 1 0
105 107 145 0.999983 0.00356294 -0.00453532 0.928521 -0.0036312 0.999879 -0.0151328 0.371022 0.00448085 0.015149 0.999875 0.013841
105 108 13 0.999846 0.00465408 0.016949 0.445873 -0.00443124 0.999904 -0.0131616 -0.00997455 -0.0170086 0.0130845 0.99977 -0.89504
105 109 490 0.999913 0.0117767 0.00602283 0.781622 -0.0117311 0.999903 -0.0075499 -0.29973 -0.00611116 0.00747858 0.999953 -0.547018
105 110 523 0.999758 0.0104959 -0.019325 0.948464 -0.0109154 0.999704 -0.0217304 0.151558 0.0190912 0.0219361 0.999577 -0.27829
105 111 482 0.9999 0.0080337 -0.0116234 0.925976 -0.00820214 0.999861 -0.0145172 -0.0363358 0.0115052 0.0146111 0.999827 -0.37583
105 112 459 0.999896 0.00912059 -0.0111689 0.904353 -0.00927602 0.99986 -0.0139445 -0.0378582 0.0110402 0.0140467 0.99984 -0.425103
105 113 478 0.999962 0.00556724 -0.00665102 0.852492 -0.0057108 0.999747 -0.0217641 0.0661493 0.00652817 0.0218013 0.999741 -0.518537
105 114 299 0.999849 0.00693174 0.0159559 0.51309 -0.00665817 0.999831 -0.017135 0.0470841 -0.016072 0.0170262 0.999726 -0.857042
105 115 420 0.999912 0.011135 -0.00726897 0.847465 -0.0112559 0.999795 -0.0168116 0.131333 0.00708028 0.0168919 0.999832 -0.51435
105 116 428 0.999906 0.0113433 -0.00774975 0.830713 -0.0114346 0.999865 -0.0118384 0.0617928 0.00761441 0.0119259 0.9999 -0.553261
105 117 307 0.999946 0.00999521 0.00287435 0.70921 -0.00996798 0.999907 -0.00933877 0.092319 -0.00296742 0.00930962 0.999952 -0.698927
105 118 405 0.9999 0.0141154 6.72852e-05 0.786397 -0.0141156 0.999893 0.00371967 -0.016693 -1.47733e-05 -0.00372025 0.999993 -0.617496
105 119 418 0.999756 0.0127533 -0.0180451 0.843414 -0.012839 0.999907 -0.00464145 0.106187 0.0179842 0.00487199 0.999826 -0.526666
120 121 11 0.999992 0.0033996 0.00232071 0.238723 -0.00341681 0.999966 0.00745499 -0.00207979 -0.00229528 -0.00746285 0.99997 -0.971085
120 122 31 0.999849 0.0143106 0.00983505 -0.0886208 -0.0144504 0.999793 0.014294 -0.248605 -0.00962846 -0.0144339 0.999849 -0.964542
120 123 18 0.999886 0.0137365 0.00629494 0.419094 -0.0138157 0.999824 0.0127147 0.104121 -0.00611918 -0.0128003 0.999899 -0.901953
120 124 440 0.999449 0.0249165 -0.0219444 0.838611 -0.0252345 0.999579 -0.0143353 0.527475 0.0215779 0.0148812 0.999656 -0.136018
120 125 469 0.999577 0.0273163 -0.00998237 0.875544 -0.0272377 0.999598 0.00792042 0.0671584 0.0101947 -0.00764517 0.999919 -0.478447
120 126 501 0.999521 0.0309269 0.000678809 0.76655 -0.0309255 0.99952 -0.00208505 0.288149 -0.000742967 0.00206306 0.999998 -0.57391
120 127 470 0.999489 0.0319739 -0.000537361 0.642053 -0.0319769 0.999464 -0.00702705 0.328176 0.000312391 0.00704064 0.999975 -0.69287
120 128 483 0.999584 0.0280439 -0.00676619 0.591388 -0.0280831 0.999589 -0.00577769 0.271682 0.00660138 0.0059653 0.99996 -0.759243
120 129 491 0.999316 0.0326586 -0.0173711 0.647817 -0.0328274 0.999416 -0.00952489 0.292932 0.0170499 0.0100886 0.999804 -0.703224
120 130 483 0.999251 0.0316136 -0.0223259 0.590119 -0.0320442 0.999302 -0.0192028 0.433886 0.0217033 0.0199039 0.999566 -0.680811
120 131 476 0.999104 0.0377934 -0.0190616 0.46264 -0.0379501 0.999248 -0.00792675 0.299706 0.0187477 0.00864304 0.999787 -0.83435
120 132 464 0.998 0.0372189 -0.0511011 0.724981 -0.0381584 0.999118 -0.0175339 0.360792 0.0504034 0.0194488 0.99854 -0.586713
120 133 461 0.999294 0.0311782 -0.0209703 0.407111 -0.0313665 0.99947 -0.00871153 0.401186 0.0206875 0.00936314 0.999742 -0.820555
120 134 457 0.998145 0.0369751 -0.0483618 0.613406 -0.0377044 0.999187 -0.0142557 0.399648 0.0477954 0.0160527 0.998728 -0.681186
135 136 0 1 0 0 0 0 1 0 0 0 0 1 0
135 137 15 1 -0.000530541 -0.000165493 -0.362646 0.000530878 0.999998 0.0020427 0.0412959 0.000164408 -0.00204279 0.999998 -0.931012
135 138 50 0.999981 -0.00126888 -0.00604692 0.286089 0.00127443 0.999999 0.000914008 0.252636 0.00604576 -0.000921697 0.999981 -0.924299
135 139 544 0.999746 0.00276906 -0.0223682 0.598749 -0.00302693 0.999929 -0.0115026 0.712509 0.0223348 0.0115674 0.999684 -0.365829
135 140 467 0.999543 0.00944227 -0.0287276 0.691345 -0.009803 0.999875 -0.0124423 0.652461 0.0286065 0.0127182 0.99951 -0.310382
135 141 456 0.999647 0.00911793 -0.0249357 0.69017 -0.00905732 0.999956 0.00254261 0.306889 0.0249578 -0.00231587 0.999686 -0.655351
135 142 476 0.999612 0.00683485 -0.0270091 0.524847 -0.00688971 0.999974 -0.00193866 0.439383 0.0269952 0.00212399 0.999633 -0.729025
135 143 541 0.998624 0.0117133 -0.051118 0.726611 -0.0123385 0.999853 -0.0119322 0.507617 0.0509707 0.0125465 0.998621 -0.462992
135 144 475 0.998133 0.0133892 -0.0595923 0.738419 -0.0140641 0.999841 -0.0109218 0.490358 0.0594367 0.0117395 0.998163 -0.46291
135 145 522 0.997638 0.0200995 -0.0656854 0.747106 -0.0201859 0.999796 -0.000652531 0.376592 0.0656589 0.00197691 0.99784 -0.547732
135 146 468 0.998773 0.024862 -0.0428225 0.544018 -0.0238707 0.999439 0.0235075 0.185737 0.0433829 -0.0224565 0.998806 -0.818258
135 147 414 0.998532 0.0335198 -0.0425516 0.502792 -0.0322834 0.999046 0.0294196 0.210123 0.0434971 -0.0280027 0.998661 -0.83848
135 148 463 0.998699 0.0346385 -0.0374133 0.421092 -0.0333523 0.998849 0.0344719 0.243349 0.0385643 -0.0331792 0.998705 -0.873764
135 149 392 0.997221 0.0386045 -0.0637238 0.648916 -0.0369542 0.998955 0.0268778 0.354276 0.0646949 -0.0244482 0.997606 -0.673347
150 151 0 1 0 0 0 0 1 0 0 0 0 1 0
150 152 0 1 0 0 0 0 1 0 0 0 0 1 0
150 153 27 0.999594 0.0279626 0.00554851 0.289049 -0.0280177 0.999556 0.0101051 0.126022 -0.00526348 -0.0102565 0.999934 0.948983
150 154 38 0.999665 0.0212646 -0.0147455 0.679148 -0.0211105 0.999722 0.0105286 0.117709 0.0149653 -0.0102137 0.999836 -0.724501
150 155 32 0.99973 0.0210605 -0.00977221 0.101042 -0.020904 0.999656 0.0158461 0.0863861 0.0101026 -0.0156376 0.999827 -0.991125
150 156 37 0.999477 0.0316672 -0.00657162 0.122097 -0.0315239 0.999285 0.0208611 -0.00216292 0.00722753 -0.020643 0.999761 -0.992516
150 157 140 0.996693 0.031006 -0.0751137 0.922038 -0.0310268 0.999518 0.000890531 0.236759 0.0751051 0.00144295 0.997175 -0.306253
150 158 124 0.998699 0.0373598 -0.0347082 0.76711 -0.0370366 0.999265 0.00990687 0.334304 0.0350529 -0.00860851 0.999348 -0.547525
150 159 135 0.997511 0.0413216 -0.0571415 0.830346 -0.04111 0.999143 0.00487387 0.344194 0.0572939 -0.00251265 0.998354 -0.438243
150 160 121 0.997546 0.0378151 -0.0589298 0.820282 -0.0376394 0.999283 0.00408997 0.31913 0.0590422 -0.00186185 0.998254 -0.474651
150 161 134 0.998161 0.0348071 -0.0496394 0.567902 -0.0346371 0.999391 0.00428112 0.364467 0.0497582 -0.00255388 0.998758 -0.738005
150 162 133 0.995206 0.0376857 -0.0902455 0.786165 -0.0396875 0.999002 -0.0204904 0.542844 0.0893832 0.0239738 0.995709 -0.295406
150 163 64 0.998989 0.0327575 -0.0307853 0.318997 -0.0321278 0.999269 0.0207312 0.292111 0.0314419 -0.0197212 0.999311 -0.901616
150 164 143 0.995188 0.0505695 -0.0839308 0.736699 -0.0495804 0.998674 0.0138285 0.324983 0.0845188 -0.00960064 0.996376 -0.593009
165 166 19 0.999972 0.0069458 -0.00268866 -0.281977 -0.00692889 0.999956 0.00624911 0.0170232 0.00273195 -0.00623031 0.999977 -0.95927
165 167 431 0.999676 0.0136549 -0.0214889 0.79984 -0.0137233 0.999901 -0.0030371 0.567785 0.0214453 0.00333102 0.999764 -0.194616
165 168 80 0.999828 0.0141298 -0.01205 0.282831 -0.0140564 0.999882 0.00615024 0.32191 0.0121354 -0.0059798 0.999908 -0.903538
165 169 223 0.999591 0.0196009 -0.0208441 0.461207 -0.0193521 0.99974 0.0120722 0.0627865 0.0210754 -0.0116639 0.99971 -0.885068
165 170 477 0.999305 0.0168322 -0.0332489 0.580005 -0.0168272 0.999858 0.000427853 0.37705 0.0332514 0.000131931 0.999447 -0.722099
165 171 448 0.999053 0.0225705 -0.0371897 0.61584 -0.0223898 0.999735 0.00527079 0.307779 0.0372988 -0.00443313 0.999294 -0.725268
165 172 433 0.999248 0.0200743 -0.0331655 0.593408 -0.0199602 0.999794 0.00376607 0.362956 0.0332342 -0.00310124 0.999443 -0.718422
165 173 425 0.999425 0.0156806 -0.0300589 0.328896 -0.0154866 0.999858 0.00667818 0.236687 0.0301593 -0.00620883 0.999526 -0.914224
165 174 513 0.997731 0.0211802 -0.0639153 0.660802 -0.0211405 0.999776 0.00129712 0.301859 0.0639284 5.70236e-05 0.997954 -0.687184
165 175 402 0.997795 0.0268806 -0.0606786 0.581902 -0.0265822 0.99963 0.00571949 0.2878 0.0608099 -0.0040939 0.998141 -0.760632
165 176 387 0.996997 0.0370107 -0.0680171 0.64983 -0.0366126 0.999304 0.00709043 0.247634 0.0682322 -0.00457886 0.997659 -0.718609
165 177 396 0.994408 0.0507605 -0.0926044 0.77174 -0.0514388 0.998664 -0.004951 0.321862 0.0922293 0.00968677 0.995691 -0.548473
165 178 399 0.997483 0.0514958 -0.048737 0.530074 -0.0513233 0.998671 0.00478572 0.283417 0.0489186 -0.00227233 0.9988 -0.799185
165 179 381 0.997557 0.050567 -0.0482057 0.497414 -0.0509541 0.998678 -0.00683496 0.36707 0.0477963 0.00927454 0.998814 -0.786028
180 181 19 0.999985 0.00490587 0.00257702 -0.700347 -0.00490338 0.999988 -0.000970715 0.0864337 -0.00258175 0.000958064 0.999996 -0.708551
180 182 91 0.999875 0.0157869 0.000339561 0.385626 -0.0157876 0.999874 0.00191755 -0.374562 -0.000309246 -0.00192267 0.999998 -0.843206
180 183 657 0.999788 0.0139771 -0.0151207 0.828344 -0.014204 0.999787 -0.0150001 0.315796 0.0149078 0.0152117 0.999773 -0.46273
180 184 330 0.999881 0.0152599 -0.00204791 0.392323 -0.015282 0.99982 -0.011246 0.16587 0.00187593 0.011276 0.999935 -0.904748
180 185 376 0.99983 0.0183509 -0.00173892 0.225863 -0.0183723 0.999743 -0.0132621 0.164592 0.0014951 0.0132918 0.999911 -0.960154
180 186 652 0.998976 0.0189246 -0.0410888 0.779792 -0.0203478 0.999198 -0.0345007 0.436011 0.0404029 0.0353015 0.99856 -0.449243
180 187 596 0.998287 0.0276494 -0.0515659 0.834858 -0.0297554 0.998735 -0.0405309 0.420201 0.05038 0.0419959 0.997847 -0.355588
180 188 596 0.999397 0.0302909 -0.0169451 0.500277 -0.0306671 0.999279 -0.0224015 0.191833 0.0162543 0.0229077 0.999605 -0.844348
180 189 549 0.998633 0.0298845 -0.0428784 0.694322 -0.0311651 0.999078 -0.0295165 0.256354 0.0419568 0.0308125 0.998644 -0.672458
180 190 455 0.998677 0.0255957 -0.044599 0.636377 -0.0269987 0.99915 -0.0311471 0.282124 0.0437639 0.0323101 0.998519 -0.717935
180 191 521 0.997281 0.0195917 -0.0710429 0.751498 -0.0225234 0.998917 -0.0407043 0.321295 0.0701685 0.0421938 0.996642 -0.576212
180 192 584 0.997687 0.0269824 -0.0623933 0.655219 -0.0289765 0.999091 -0.0312784 0.222505 0.0614926 0.033014 0.997561 -0.721928
180 193 530 0.998962 0.0185018 -0.0416212 0.433859 -0.0199084 0.999236 -0.0336383 0.262557 0.040967 0.034432 0.998567 -0.861876
180 194 394 0.996 0.023147 -0.0863082 0.715764 -0.0267651 0.998801 -0.0410021 0.294187 0.0852556 0.0431481 0.995424 -0.633352
195 196 93 0.999901 0.010688 -0.00914404 0.438116 -0.0105639 0.999853 0.0135189 -0.433664 0.00928719 -0.013421 0.999867 -0.787394
195 197 101 0.999602 -0.00818039 -0.0270163 0.82504 0.00856097 0.999865 0.0140017 0.105727 0.0268982 -0.0142274 0.999537 -0.555095
195 198 455 0.999034 -0.00641224 -0.0434677 0.824183 0.00728463 0.999775 0.0199411 0.175773 0.0433301 -0.0202385 0.998856 -0.538356
195 199 271 0.998933 -0.0059065 -0.0457995 0.798105 0.00741216 0.999435 0.0327752 -0.0990993 0.0455801 -0.0330797 0.998413 -0.594312
195 200 304 0.993686 0.00607939 -0.11203 0.981339 -0.00241769 0.999459 0.0327919 0.0963521 0.112169 -0.032314 0.993164 -0.166403
195 201 308 0.996895 0.00654079 -0.0784704 0.993569 -0.00340817 0.999194 0.0399887 -0.0170387 0.0786687 -0.0395971 0.996114 -0.111939
195 202 428 0.993997 0.0167074 -0.108127 0.963578 -0.0123517 0.99909 0.0408279 -0.0077039 0.108711 -0.0392472 0.993298 -0.267315
195 203 380 0.991935 0.0171349 -0.125583 0.980577 -0.0107956 0.998641 0.0509867 -0.0456535 0.126286 -0.0492197 0.990772 -0.190745
195 204 331 0.993105 0.0280698 -0.11382 0.959265 -0.0215365 0.998071 0.0582298 -0.133667 0.115235 -0.0553771 0.991794 -0.248883
195 205 319 0.995936 0.0263167 -0.0861382 0.890802 -0.0221486 0.998554 0.0489922 -0.0895884 0.087303 -0.0468853 0.995078 -0.445473
195 206 366 0.988789 0.0303671 -0.146199 0.985014 -0.0238136 0.99864 0.0463694 -0.0400119 0.147408 -0.042368 0.988168 -0.167771
195 207 348 0.992659 0.0467216 -0.11156 0.888522 -0.0398219 0.9972 0.0632957 -0.220823 0.114205 -0.0583885 0.99174 -0.402202
195 208 348 0.993801 0.0535286 -0.0974419 0.880846 -0.0480358 0.997168 0.0578701 -0.197519 0.100264 -0.0528307 0.993557 -0.430229
195 209 283 0.99772 0.0488443 -0.0465634 0.630952 -0.0469457 0.998054 0.0410311 -0.131236 0.0484769 -0.0387516 0.998072 -0.764642
210 211 625 0.999859 0.00634513 -0.0155341 0.957176 -0.00630912 0.999977 0.00236644 -0.204811 0.0155487 -0.0022681 0.999877 -0.204614
210 212 89 0.999976 0.00698201 0.000103115 0.890487 -0.00698187 0.999975 -0.00125498 -0.0586654 -0.000111874 0.00125423 0.999999 -0.451211
210 213 109 0.999968 0.00542098 0.00582194 0.910403 -0.00540455 0.999981 -0.00283321 0.0794638 -0.00583719 0.00280166 0.999979 -0.40602
210 214 461 0.999834 0.0140525 -0.0115543 0.922339 -0.0139455 0.99986 0.00929247 -0.125392 0.0116832 -0.00912981 0.99989 -0.365469
210 215 558 0.999791 0.0201967 -0.00310994 0.813718 -0.020114 0.999494 0.024641 -0.351697 0.00360603 -0.0245733 0.999692 -0.462787
210 216 348 0.999974 -0.00687357 0.002342 0.814983 0.00685267 0.999938 0.00881928 0.0943875 -0.00240247 -0.008803 0.999958 -0.571746
210 217 283 0.999938 -0.0108491 0.00236796 0.852674 0.0108033 0.999769 0.0185607 0.032825 -0.00256878 -0.018534 0.999825 -0.521411
210 218 404 0.999479 -0.0171815 -0.0273322 0.9626 0.0179065 0.999488 0.0265066 0.0202971 0.0268628 -0.0269822 0.999275 -0.270166
210 219 304 0.999736 -0.0166041 0.0158787 0.782937 0.0160464 0.999271 0.0346269 -0.055908 -0.0164421 -0.0343629 0.999274 -0.619584
210 220 406 0.999759 -0.0174742 0.0132884 0.841406 0.016919 0.999024 0.0408082 -0.0956775 -0.0139885 -0.0405736 0.999079 -0.531866
210 221 326 0.999824 -0.00768253 -0.017133 0.935369 0.00841846 0.999026 0.043304 -0.150672 0.0167837 -0.0434406 0.998915 -0.319972
210 222 438 0.998975 -0.00346136 -0.0451411 0.958097 0.00504314 0.999375 0.0349741 -0.0830877 0.0449919 -0.0351659 0.998368 -0.27413
210 223 295 0.999528 -0.0076164 0.0297624 0.731602 0.00680138 0.999602 0.0273901 -0.0676601 -0.0299592 -0.0271748 0.999182 -0.678366
210 224 463 0.999923 -0.00267031 -0.0120921 0.912525 0.00308577 0.999401 0.0344709 -0.11737 0.0119928 -0.0345056 0.999333 -0.391819
225 226 13 0.999972 0.00730627 -0.0016016 0.274358 -0.0072928 0.999939 0.00825864 -0.961011 0.00166185 -0.00824673 0.999965 -0.0344471
225 227 32 0.999954 0.00899834 0.00321737 0.338154 -0.00897909 0.999942 -0.00594705 -0.131725 -0.00327069 0.00591789 0.999977 -0.931826
225 228 207 0.999859 0.0151996 -0.00720511 0.857525 -0.0152669 0.999839 -0.00938512 -0.0145361 0.00706131 0.0094938 0.99993 -0.514237
225 229 210 0.999668 0.0257511 -0.000228547 0.532416 -0.0257513 0.999668 -0.000888611 -0.211679 0.000205588 0.000894202 1 -0.819588
225 230 431 0.99925 0.0363757 -0.0132562 0.6009 -0.036082 0.999112 0.0217633 -0.752591 0.0140361 -0.0212687 0.999675 -0.269306
225 231 117 0.999549 0.0297281 0.00431455 0.49789 -0.0296908 0.999523 -0.00847681 -0.291752 -0.00456449 0.00834488 0.999955 -0.816692
225 232 135 0.999323 0.0359477 0.00777649 0.558553 -0.035843 0.99927 -0.013209 -0.236586 -0.00824565 0.0129213 0.999883 -0.795013
225 233 444 0.999045 0.0275014 -0.0339627 0.935674 -0.0277745 0.999585 -0.00759479 -0.275551 0.0337398 0.00853083 0.999394 -0.220422
225 234 158 0.999713 0.0239409 -0.000977726 0.774037 -0.0239563 0.999487 -0.0212688 -0.282871 0.00046803 0.0212861 0.999773 -0.566437
225 235 186 0.999769 0.0214444 -0.00173613 0.755925 -0.0214793 0.999493 -0.023505 -0.271013 0.0012312 0.0235368 0.999722 -0.595927
225 236 164 0.999784 0.0207675 -0.000815325 0.745973 -0.0207822 0.999386 -0.0281993 -0.212207 0.000229196 0.0282102 0.999602 -0.631263
225 237 387 0.999264 0.0246432 -0.0293818 0.904366 -0.025254 0.999469 -0.0206024 -0.298725 0.0288584 0.0213293 0.999356 -0.304772
225 238 395 0.998914 0.039277 -0.0250587 0.874905 -0.0397043 0.99907 -0.0167912 -0.419719 0.0243759 0.0177679 0.999545 -0.241613
225 239 345 0.99874 0.0348651 -0.0360878 0.948903 -0.0357241 0.999087 -0.0234378 -0.236827 0.0352376 0.0246975 0.999074 -0.208556
240 241 56 0.999998 -0.00120654 -0.00185504 0.129567 0.0012011 0.999995 -0.00293338 -0.22141 0.00185857 0.00293115 0.999994 0.966535
240 242 221 0.999821 0.00408918 -0.0184874 0.945898 -0.00417429 0.999981 -0.00456734 -0.101056 0.0184684 0.0046437 0.999819 0.308326
240 243 113 0.999752 0.021415 -0.00605759 0.873412 -0.0214569 0.999746 -0.00694272 -0.42674 0.00590737 0.00707098 0.999958 0.234614
240 244 406 0.999772 0.00902863 0.0193358 -0.805173 -0.00876585 0.999869 -0.0136323 -0.0339152 -0.0194563 0.0134597 0.99972 0.592069
240 245 444 0.999441 0.0131841 -0.0307382 0.890156 -0.0137055 0.999765 -0.0168135 -0.0893688 0.0305093 0.0172254 0.999386 0.446805
240 246 595 0.999182 0.0219931 -0.0339263 0.9636 -0.0225166 0.999632 -0.0151256 -0.146597 0.0335811 0.0158771 0.99931 0.223572
240 247 190 0.999848 0.00869032 -0.0151055 0.945388 -0.00896521 0.999794 -0.0182267 0.00867922 0.014944 0.0183593 0.99972 0.325831
240 248 225 0.999668 0.0215052 -0.0141574 0.956385 -0.0216023 0.999744 -0.00674446 -0.13726 0.0140088 0.00704806 0.999877 0.257851
240 249 285 0.999806 0.0146743 -0.0131098 0.920716 -0.0147791 0.999859 -0.00793334 -0.02315 0.0129915 0.00812555 0.999883 0.389545
240 250 245 0.999638 0.0140623 -0.0229552 0.910705 -0.0142371 0.999871 -0.00746834 0.0334924 0.0228472 0.00779245 0.999709 0.411698
240 251 267 0.999881 0.0140031 -0.00641281 0.854675 -0.014018 0.999899 -0.0022824 -0.00190206 0.00638021 0.00237202 0.999977 0.519161
240 252 304 0.999924 0.0102534 -0.00677929 0.885231 -0.0102814 0.999939 -0.00411997 0.0673965 0.00673663 0.00418936 0.999969 0.460242
240 253 332 0.999902 -0.000790824 -0.0139542 0.873312 0.000700536 0.999979 -0.00647402 0.0838357 0.013959 0.00646361 0.999882 0.479893
240 254 314 0.999996 0.00273594 0.000769968 0.884211 -0.00273797 0.999993 0.00264031 -0.00187055 -0.000762739 -0.00264241 0.999996 0.467083
255 256 17 0.999873 -0.0156997 0.00264026 0.563361 0.0157001 0.999877 -0.000161574 0.380728 -0.0026374 0.000203006 0.999997 -0.73326
255 257 102 0.999805 -0.0170456 -0.0100154 0.997312 0.0171103 0.999833 0.00641905 -0.0212045 0.00990435 -0.00658916 0.999929 0.0701321
255 258 470 0.999771 -0.0202224 -0.00699347 0.823315 0.020212 0.999795 -0.00155151 0.2823 0.00702341 0.0014098 0.999974 0.492401
255 259 543 0.999634 -0.0209465 -0.0171348 0.948548 0.0209144 0.999779 -0.00205235 0.143466 0.017174 0.00169323 0.999851 0.282267
255 260 484 0.999724 -0.0198309 -0.0126343 0.88572 0.0197998 0.999801 -0.00257778 0.151212 0.0126829 0.00232691 0.999917 0.438903
255 261 475 0.999877 -0.0151692 -0.00408853 0.818758 0.0151884 0.999874 0.00469141 -0.0694431 0.00401685 -0.00475293 0.999981 0.569923
255 262 330 0.999782 -0.0201682 -0.00536178 0.824281 0.0201534 0.999793 -0.0028099 0.122483 0.00541734 0.00270123 0.999982 0.552773
255 263 370 0.999439 -0.0266117 -0.0203315 0.898211 0.0266138 0.999646 -0.000163917 0.185553 0.0203286 -0.000377273 0.999793 0.398481
255 264 500 0.999147 -0.0292191 -0.0291645 0.808989 0.0291676 0.999572 -0.00218761 0.147952 0.0292159 0.00133508 0.999572 0.568899
255 265 502 0.999265 -0.027873 -0.0263298 0.779411 0.0278504 0.999611 -0.00122368 0.101398 0.0263536 0.000489486 0.999653 0.618252
255 266 459 0.999272 -0.030304 -0.0231731 0.791448 0.0304373 0.999522 0.00542122 0.00376194 0.0229978 -0.0061226 0.999717 0.611225
255 267 484 0.998889 -0.0307701 -0.0357005 0.766293 0.0307795 0.999526 -0.000287336 0.0505779 0.0356924 -0.000811825 0.999362 0.640497
255 268 474 0.998314 -0.0314952 -0.0487561 0.827916 0.0311591 0.999485 -0.00764026 0.092093 0.0489716 0.00610818 0.998781 0.55324
255 269 468 0.998295 -0.0343518 -0.0471817 0.799954 0.0339991 0.999388 -0.00825821 0.0653829 0.0474365 0.00664 0.998852 0.596489
270 271 19 0.99999 0.0018861 -0.00403158 -0.494438 -0.00186687 0.999987 0.00476666 0.255759 0.00404052 -0.00475908 0.999981 -0.830734
270 272 237 0.999927 0.0101849 -0.00651225 0.722869 -0.0101151 0.999892 0.010663 -0.428356 0.00662015 -0.0105964 0.999922 0.542192
270 273 460 0.999927 0.0112988 -0.00430288 0.735437 -0.0112902 0.999934 0.00201896 -0.0398259 0.00432541 -0.00197024 0.999989 0.676422
270 274 560 0.999857 0.00948807 -0.0140245 0.77593 -0.00950988 0.999954 -0.00148943 0.0579598 0.0140097 0.00162259 0.999901 0.62815
270 275 467 0.999865 0.0144087 -0.00791031 0.699232 -0.0143576 0.999876 0.00648563 -0.124831 0.00800278 -0.00637118 0.999948 0.703911
270 276 415 0.999924 0.0090102 -0.00847184 0.717104 -0.00893962 0.999925 0.00833284 -0.120726 0.00854629 -0.00825647 0.999929 0.686431
270 277 511 0.999878 0.00450649 -0.0149496 0.771294 -0.00444757 0.999982 0.00397256 -0.0350639 0.0149673 -0.00390559 0.99988 0.635513
270 278 438 0.999815 0.0162656 -0.0102277 0.696776 -0.016107 0.999752 0.0154007 -0.189238 0.0104757 -0.0152331 0.999829 0.691876
270 279 309 0.999929 0.0101317 -0.00625624 0.719579 -0.0100605 0.999885 0.011317 -0.111185 0.00637018 -0.0112533 0.999916 0.685452
270 280 346 0.999655 0.018091 -0.0190456 0.793772 -0.0178054 0.999728 0.0150618 -0.0952606 0.0193129 -0.0147175 0.999705 0.600709
270 281 391 0.999732 0.0231267 -0.000418505 0.696282 -0.0231172 0.999607 0.0158537 -0.146539 0.000784985 -0.0158398 0.999874 0.70265
270 282 364 0.999756 0.0215163 -0.00509104 0.761302 -0.0214513 0.999692 0.0124954 -0.0880087 0.00535832 -0.0123831 0.999909 0.642397
270 283 380 0.999736 0.0212314 -0.0087719 0.762355 -0.021099 0.999666 0.0149267 -0.097821 0.00908589 -0.0147377 0.99985 0.639723
270 284 395 0.999699 0.0244368 -0.00211188 0.745155 -0.0243985 0.999565 0.0165594 -0.140601 0.00251562 -0.0165029 0.999861 0.651902
285 286 84 0.999999 -0.000923693 -0.000846129 0.631473 0.00092265 0.999999 -0.00123284 -0.123197 0.000847267 0.00123206 0.999999 0.765549
285 287 94 0.999989 0.0013291 0.00454419 0.479369 -0.00129235 0.999967 -0.00808015 -0.172784 -0.00455477 0.00807419 0.999957 0.860437
285 288 248 0.999997 0.00200957 -0.00117803 0.849075 -0.00202046 0.999955 -0.00931734 -0.076171 0.00115925 0.00931969 0.999956 0.522751
285 289 467 0.999985 -0.000463361 -0.00550703 0.824634 0.000412207 0.999957 -0.00928639 -0.134522 0.0055111 0.00928398 0.999942 0.549438
285 290 381 0.99996 0.00657366 -0.00607157 0.788312 -0.00664171 0.999915 -0.0112562 -0.22831 0.00599706 0.0112961 0.999918 0.571348
285 291 541 0.999807 0.0145242 -0.0132123 0.897656 -0.0146849 0.999818 -0.0121449 -0.203438 0.0130335 0.0123366 0.999839 0.390931
285 292 431 0.999838 0.0179193 -0.00177193 0.738488 -0.0179347 0.999798 -0.00906356 -0.324958 0.00160916 0.00909386 0.999957 0.590794
285 293 429 0.999672 0.0180867 -0.0181308 0.829829 -0.0183023 0.999763 -0.0117997 -0.257109 0.0179131 0.0121277 0.999766 0.495256
285 294 397 0.999718 0.0220626 -0.00881523 0.759987 -0.0222023 0.999624 -0.0160756 -0.275531 0.00845724 0.0162668 0.999832 0.588645
285 295 464 0.999317 0.0301247 -0.021405 0.856191 -0.0304236 0.999442 -0.0137778 -0.257409 0.020978 0.0144196 0.999676 0.44797
285 296 278 0.999099 0.0385502 -0.0177466 0.784042 -0.0388313 0.999121 -0.0157756 -0.295318 0.0171229 0.0164505 0.999718 0.545954
285 297 409 0.998655 0.0399339 -0.0330753 0.870338 -0.0407164 0.998898 -0.0233317 -0.199639 0.0321072 0.024647 0.99918 0.450173
285 298 329 0.998819 0.0472542 -0.0112725 0.751617 -0.0474477 0.998719 -0.0175701 -0.281419 0.0104278 0.0180842 0.999782 0.596553
285 299 372 0.998628 0.0429446 -0.029966 0.824971 -0.043612 0.998807 -0.0219856 -0.19858 0.0289861 0.0232623 0.999309 0.52914
300 301 18 0.999996 0.000610504 -0.00261574 0.884771 -0.000608803 1 0.000651164 -0.237085 0.00261614 -0.00064957 0.999996 0.401212
300 302 30 0.999921 -0.00178879 -0.012403 0.980434 0.00175875 0.999995 -0.0024325 0.0400821 0.0124073 0.00241049 0.99992 0.192727
300 303 22 0.999896 -0.000810833 -0.0143784 0.96136 0.000781448 0.999998 -0.00204919 -0.122854 0.01438 0.00203774 0.999895 0.246362
300 304 691 0.998794 -0.000407529 -0.0490979 0.928629 -0.000536186 0.999815 -0.0192064 0.35156 0.0490967 0.0192095 0.998609 0.118553
300 305 567 0.999517 0.000310526 -0.0310857 0.967317 -0.000416997 0.999994 -0.00341866 0.104353 0.0310844 0.00342997 0.999511 0.231102
300 306 575 0.999318 0.00571765 -0.0364941 0.989992 -0.00577534 0.999982 -0.00147559 0.0738814 0.036485 0.00168534 0.999333 0.120238
300 307 672 0.998967 0.0113655 -0.0439988 0.985251 -0.0113924 0.999935 -0.000360083 0.0655167 0.0439918 0.000860961 0.999032 0.158076
300 308 585 0.999058 0.0135149 -0.0412422 0.974251 -0.0134536 0.999908 0.00176284 0.0194111 0.0412622 -0.00120632 0.999148 0.22463
300 309 625 0.99871 0.0142792 -0.0487233 0.987577 -0.0142218 0.999898 0.0015246 0.0361631 0.0487401 -0.000829703 0.998811 0.152921
300 310 254 0.999557 0.0179623 -0.023737 0.940877 -0.0177659 0.999806 0.00845805 -0.0914319 0.0238844 -0.00803259 0.999682 0.326174
300 311 601 0.996251 0.0171458 -0.0847961 0.980914 -0.0170726 0.999853 0.00158865 0.0479449 0.0848108 -0.000135011 0.996397 0.18844
300 312 510 0.998546 0.0185138 -0.050633 0.98585 -0.0180442 0.99979 0.00971745 -0.0203189 0.0508023 -0.00878968 0.99867 0.166394
300 313 461 0.99755 0.0230835 -0.0660397 0.979666 -0.022307 0.999673 0.0124713 -0.00797342 0.066306 -0.0109676 0.997739 0.200478
300 314 246 0.997722 0.0341607 -0.0581637 0.958495 -0.0332585 0.999312 0.0164105 -0.0750247 0.0586843 -0.0144387 0.998172 0.275061
315 316 0 1 0 0 0 0 1 0 0 0 0 1 0
315 317 21 0.999981 0.0046884 -0.00400618 0.745857 -0.00473291 0.999926 -0.0111738 0.227055 0.0039535 0.0111925 0.99993 -0.626213
315 318 0 1 0 0 0 0 1 0 0 0 0 1 0
315 319 87 0.999754 0.0104146 -0.0195641 0.99801 -0.0106913 0.999843 -0.0140958 -0.0630475 0.0194143 0.0143015 0.999709 -0.00138772
315 320 251 0.999321 0.0155597 -0.0333903 0.97992 -0.0159699 0.9998 -0.0120513 -0.127701 0.0331961 0.0125764 0.99937 -0.153128
315 321 141 0.999405 0.0269184 -0.0215779 0.985444 -0.0272807 0.999489 -0.0166727 -0.102369 0.0211181 0.0172515 0.999628 -0.135721
315 322 154 0.998916 0.0404311 -0.0230541 0.990608 -0.0408286 0.999021 -0.0170427 -0.121965 0.0223425 0.0179655 0.999589 -0.0618066
315 323 169 0.998543 0.0417552 -0.0341753 0.963068 -0.0423742 0.998947 -0.0175951 0.0340291 0.0334047 0.0190176 0.999261 -0.267098
315 324 218 0.997089 0.0513525 -0.0563646 0.999277 -0.0522646 0.998523 -0.0148283 0.00966241 0.0555198 0.017731 0.9983 -0.0367829
315 325 238 0.996488 0.0534003 -0.0645023 0.999296 -0.0542932 0.998451 -0.01217 0.030004 0.0637525 0.0156293 0.997843 0.0225439
315 326 227 0.99579 0.0610147 -0.0684016 0.994628 -0.0618888 0.998025 -0.0107313 -0.000792203 0.0676117 0.0149194 0.9976 0.103511
315 327 248 0.994184 0.0651638 -0.0857378 0.994006 -0.0667581 0.997643 -0.0158589 0.0603458 0.0845023 0.0214904 0.996192 0.09116
315 328 225 0.994773 0.0690297 -0.0752397 0.996535 -0.0699058 0.997512 -0.00907095 -0.0733736 0.0744263 0.0142832 0.997124 -0.0391584
315 329 250 0.993794 0.0628648 -0.0917737 0.997448 -0.0638056 0.997935 -0.0073497 0.0472379 0.0911222 0.0131598 0.995753 0.0535392
330 331 14 0.999982 0.00481559 -0.00358871 -0.999162 -0.00481401 0.999988 0.000448746 -0.0379444 0.00359083 -0.000431462 0.999993 0.0153673
330 332 19 0.999982 0.00314517 -0.00509003 0.941959 -0.00313908 0.999994 0.00120287 0.170935 0.00509379 -0.00118687 0.999986 -0.288954
