0 1 22 0.999965 -0.0006023 -0.00839326 0.641843 0.000528536 0.999961 -0.00878789 0.766261 0.00839822 0.00878314 0.999926 0.0296938
0 2 0 1 0 0 0 0 1 0 0 0 0 1 0
0 3 14 0.999994 -0.00344313 -0.000477617 0.390015 0.00344429 0.999991 0.00245491 -0.0396987 0.000469161 -0.00245654 0.999997 0.919952
0 4 12 0.999996 -0.00287346 -0.000112844 -0.29616 0.00287372 0.999993 0.00238251 -0.194378 0.000105997 -0.00238282 0.999997 -0.93515
0 5 22 0.999995 -0.00299569 -0.00137683 0.413383 0.00299943 0.999992 0.00272273 -0.0631134 0.00136866 -0.00272685 0.999995 0.908367
0 6 10 0.999992 -0.00399156 0.000704113 0.549931 0.00398953 0.999988 0.00285753 0.30527 -0.00071551 -0.00285469 0.999996 -0.777423
0 7 0 1 0 0 0 0 1 0 0 0 0 1 0
0 8 22 0.999981 -0.00606803 -0.000499957 0.0955845 0.00606907 0.999979 0.00211047 0.0442269 0.000487141 -0.00211346 0.999998 0.994438
0 9 20 0.999986 -0.00527184 -0.000254213 0.0107985 0.00527253 0.999982 0.00278962 -0.0566069 0.000239502 -0.00279092 0.999996 0.998338
0 10 24 0.999995 -0.00242285 -0.00187926 0.323038 0.00242957 0.999991 0.00358309 -0.0308274 0.00187056 -0.00358763 0.999992 0.945884
0 11 14 0.999956 -0.000201981 -0.00937251 0.733338 0.00022332 0.999997 0.00227569 0.0250469 0.00937203 -0.00227769 0.999953 0.679403
0 12 27 0.999995 0.00270159 -0.00150621 0.3023 -0.00269721 0.999992 0.00290158 -0.0730159 0.00151404 -0.0028975 0.999995 0.950412
0 13 23 0.999956 0.00313953 -0.00884634 0.939195 -0.00310364 0.999987 0.00406748 -0.0422531 0.008859 -0.00403985 0.999953 0.340774
0 14 15 0.999914 0.00993759 -0.00852001 0.777998 -0.00994546 0.99995 -0.000881448 0.284931 0.00851083 0.000966108 0.999963 0.55994
15 16 20 0.999999 -0.000812939 -0.00151484 -0.0153477 0.000814384 0.999999 0.000953426 -0.0648123 0.00151407 -0.000954658 0.999998 0.997779
15 17 12 0.999996 0.00105018 -0.00264134 -0.108082 -0.00104916 0.999999 0.000387217 -0.242861 0.00264175 -0.000384444 0.999996 -0.964021
15 18 16 0.999996 0.002455 -0.0010388 -0.0317465 -0.00245411 0.999997 0.000853247 0.184409 0.00104089 -0.000850694 0.999999 0.982337
15 19 17 0.999964 0.00491991 -0.00692955 0.920234 -0.00489307 0.99998 0.00388434 -0.221377 0.00694853 -0.00385029 0.999968 0.322739
15 20 15 0.999969 0.00691193 0.00372442 -0.126929 -0.00692327 0.999971 0.00304285 -0.060463 -0.00370328 -0.00306854 0.999988 0.990067
15 21 24 0.999977 0.00607845 0.00296632 0.0154169 -0.00608343 0.99998 0.00167272 -0.0184479 -0.0029561 -0.00169073 0.999994 0.999711
15 22 49 0.999992 0.00383297 -0.00143774 0.490521 -0.00382796 0.999987 0.00347298 -0.00413269 0.00145104 -0.00346745 0.999993 0.871419
15 23 532 0.99982 0.00621275 -0.0179179 0.901435 -0.00601186 0.999919 0.0112435 -0.352952 0.0179863 -0.0111337 0.999776 0.250679
15 24 16 0.999969 0.00478311 -0.00621074 0.838609 -0.00474337 0.999968 0.0063973 -0.213023 0.00624114 -0.00636764 0.99996 0.501354
15 25 88 0.999908 0.0044354 -0.0128355 0.885 -0.00428202 0.999919 0.0119525 -0.41196 0.0128875 -0.0118964 0.999846 0.216944
15 26 409 0.999879 0.00103541 -0.0155445 0.893942 -0.000980464 0.999993 0.00354188 -0.0512737 0.0155481 -0.00352621 0.999873 0.445239
15 27 543 0.999694 0.00236868 -0.0246201 0.967549 -0.0022451 0.999985 0.00504591 -0.0872003 0.0246317 -0.00498909 0.999684 0.237161
15 28 501 0.999834 0.00354573 -0.0178657 0.873416 -0.00353654 0.999994 0.00054602 0.0323896 0.0178676 -0.000482746 0.99984 0.485896
15 29 521 0.999751 0.00576954 -0.0215432 0.903829 -0.0055977 0.999952 0.00802824 -0.320983 0.0215885 -0.00790565 0.999736 0.282952
30 31 11 0.999999 -0.000311622 -0.00153418 0.771424 0.000307624 0.999997 -0.00260542 -0.630879 0.00153498 0.00260494 0.999995 -0.0830472
30 32 0 1 0 0 0 0 1 0 0 0 0 1 0
30 33 11 0.999988 0.000242654 0.00497664 0.820959 -0.00022452 0.999993 -0.0036442 -0.560092 -0.0049775 0.00364304 0.999981 0.111008
30 34 24 0.999957 -0.00100534 0.00926847 0.104147 0.00111353 0.999931 -0.011675 -0.109273 -0.0092561 0.0116848 0.999889 0.988541
30 35 0 1 0 0 0 0 1 0 0 0 0 1 0
30 36 0 1 0 0 0 0 1 0 0 0 0 1 0
30 37 28 0.99985 -0.00458124 0.0167233 0.339839 0.00476984 0.999925 -0.0112553 0.0985172 -0.0166705 0.0113333 0.999797 -0.935309
30 38 478 0.999916 -0.0081077 -0.0101176 0.995468 0.00800231 0.999914 -0.0104132 0.0831003 0.0102011 0.0103313 0.999895 -0.0462297
30 39 18 0.999755 -0.0108649 0.0192697 0.802451 0.0110058 0.999913 -0.00722318 -0.0766308 -0.0191896 0.00743349 0.999788 -0.591778
30 40 27 0.999595 -0.01702 0.0228114 0.542484 0.0171502 0.999838 -0.00552028 0.167697 -0.0227137 0.00590926 0.999725 -0.823158
30 41 444 0.999939 -0.0103985 0.00370708 0.968377 0.0104085 0.999942 -0.0026793 0.180669 -0.00367901 0.00271772 0.99999 0.172061
30 42 255 0.999906 -0.00938605 0.0100066 0.967418 0.00938027 0.999956 0.000624263 -0.105276 -0.0100121 -0.00053034 0.99995 0.230259
30 43 116 0.999947 -0.00413395 0.00940286 0.99173 0.00418034 0.999979 -0.00491951 0.0856579 -0.00938232 0.00495856 0.999944 0.0955693
30 44 11 0.999702 -0.012559 0.0209178 -0.758504 0.0125855 0.99992 -0.0011327 -0.130132 -0.0209019 0.00139563 0.999781 0.638543
45 46 42 0.999992 0.00401154 3.81507e-05 0.170977 -0.00401164 0.999987 0.00307692 -0.0561724 -2.58071e-05 -0.00307705 0.999995 0.983672
45 47 14 0.999952 0.00977404 -0.0010441 0.851045 -0.00976413 0.999911 0.00911278 0.0556865 0.00113307 -0.00910214 0.999958 -0.522131
45 48 17 0.999868 0.0162498 -0.000547955 -0.847121 -0.0162432 0.999815 0.0103418 -0.363774 0.000715906 -0.0103315 0.999946 -0.387369
45 49 25 0.999841 0.0158383 0.00823999 0.347191 -0.0159642 0.999753 0.0154389 0.0535425 -0.00799344 -0.015568 0.999847 -0.936265
45 50 15 0.999789 0.0199846 -0.00468862 -0.996224 -0.0199007 0.999652 0.0173002 -0.0711355 0.00503272 -0.0172032 0.999839 0.04977
45 51 17 0.999812 0.0191575 -0.00296092 0.0130958 -0.0191029 0.999665 0.0174555 -0.142741 0.00329433 -0.0173956 0.999843 0.989674
45 52 519 0.999011 0.0223228 -0.03846 0.944522 -0.0222217 0.999748 0.00305323 0.306473 0.0385184 -0.00219556 0.999255 0.118119
45 53 24 0.999789 0.0197255 -0.00567261 0.00264244 -0.019659 0.99974 0.0115648 -0.232608 0.00589926 -0.0114508 0.999917 0.972567
45 54 13 0.999443 0.0251187 -0.021961 0.873792 -0.0249935 0.99967 0.00595671 0.0178365 0.0221034 -0.00540451 0.999741 0.485974
45 55 45 0.999226 0.0273492 -0.0282613 0.897945 -0.0273364 0.999626 0.000838067 0.215628 0.0282737 -6.48567e-05 0.9996 0.383666
45 56 0 1 0 0 0 0 1 0 0 0 0 1 0
45 57 445 0.997938 0.0282544 -0.0576355 0.993864 -0.0282163 0.999601 0.00147491 -0.0726196 0.0576541 0.000154398 0.998337 0.0834282
45 58 19 0.998912 0.0267984 -0.0381764 0.872818 -0.0269587 0.99963 -0.00369131 0.0990539 0.0380633 0.00471648 0.999264 0.477888
45 59 469 0.99759 0.0306511 -0.0622395 0.98667 -0.0310927 0.999498 -0.00614038 0.162712 0.06202 0.00806078 0.998042 0.00251399
60 61 26 0.999998 0.00159372 0.000758978 -0.272118 -0.00159644 0.999992 0.00360177 -0.456915 -0.000753232 -0.00360298 0.999993 0.846865
60 62 84 0.999898 0.00374669 -0.0137636 0.956886 -0.00369173 0.999985 0.00401644 0.235727 0.0137785 -0.00396522 0.999897 -0.169711
60 63 38 0.999954 0.00630881 -0.00719214 0.996461 -0.00623311 0.999925 0.010499 0.0840526 0.00725784 -0.0104537 0.999919 0.000501003
60 64 52 0.999798 0.00993464 0.0174951 -0.622487 -0.0100557 0.999926 0.0068471 0.0921645 -0.0174257 -0.00702164 0.999824 0.777184
60 65 505 0.999968 0.00773639 -0.00210325 0.976492 -0.00772757 0.999961 0.00417284 0.0351872 0.00213546 -0.00415645 0.999989 0.212661
60 66 523 0.999849 0.0110542 -0.0133819 0.978602 -0.0109996 0.999931 0.00414448 -0.037905 0.0134268 -0.00399666 0.999902 0.202239
60 67 142 0.999966 0.00716231 0.00411642 0.981973 -0.00717518 0.999969 0.00311993 -0.154917 -0.00409394 -0.00314936 0.999987 -0.108302
60 68 458 0.999932 0.00994041 -0.00611472 0.99562 -0.00994141 0.999951 -0.000133577 -0.07308 0.00611309 0.000194357 0.999981 0.0583148
60 69 527 0.999727 0.0120272 -0.0200422 0.982588 -0.0121672 0.999902 -0.00687495 0.0223362 0.0199575 0.00711693 0.999775 0.184449
60 70 291 0.999925 0.00742564 0.00975193 0.992307 -0.00739426 0.999967 -0.00325041 -0.063411 -0.00977575 0.00317805 0.999947 0.10633
60 71 400 0.999902 0.0137863 0.00248892 0.996426 -0.013786 0.999905 -0.00013888 -0.0358947 -0.0024906 0.000104554 0.999997 0.076465
60 72 460 0.999885 0.0148159 -0.00308999 0.996277 -0.0148177 0.99989 -0.000552406 -0.0369654 0.00308146 0.000598129 0.999995 0.0778799
60 73 471 0.999487 0.0242191 -0.0209533 0.998049 -0.0242839 0.999701 -0.00284488 -0.000843728 0.0208782 0.00335225 0.999776 0.062436
60 74 410 0.999816 0.0149047 0.01206 0.946945 -0.0147945 0.999848 -0.00917422 -0.0116834 -0.0121949 0.00899412 0.999885 0.321182
75 76 17 0.999988 -0.0041147 -0.00253513 0.243026 0.00410884 0.999989 -0.00231517 0.228877 0.00254462 0.00230472 0.999994 -0.942631
75 77 17 0.999967 0.000646242 -0.00811621 0.607695 -0.000631964 0.999998 0.00176172 -0.302899 0.00811733 -0.00175653 0.999966 -0.734138
75 78 480 0.999726 -0.00338541 -0.0231584 0.966808 0.00326769 0.999982 -0.00511936 0.255007 0.0231753 0.00504228 0.999719 -0.015954
75 79 34 0.999966 0.00476083 -0.00672654 0.987943 -0.00476503 0.999988 -0.000608287 -0.123012 0.00672356 0.000640318 0.999977 -0.0939983
75 80 83 0.999975 0.00345676 -0.00619727 0.959556 -0.0034808 0.999986 -0.00387192 0.106578 0.0061838 0.0038934 0.999973 -0.260563
75 81 28 0.999972 -0.001454 0.00737194 -0.437662 0.00145163 0.999999 0.000325648 0.0378344 -0.0073724 -0.000314938 0.999973 0.898343
75 82 13 0.999952 -0.0079424 -0.0057154 0.842686 0.00795333 0.999967 0.0018924 -0.116715 0.00570018 -0.00193776 0.999982 0.525603
75 83 497 0.9991 -0.00215153 -0.0423574 0.997116 0.00230369 0.999991 0.00354388 -0.0515547 0.0423494 -0.00363827 0.999096 -0.0556904
75 84 495 0.999571 -0.00432009 -0.0289661 0.993064 0.00441468 0.999985 0.00320263 0.0126793 0.0289518 -0.00332913 0.999575 -0.116892
75 85 516 0.998655 -0.00188891 -0.0518114 0.999547 0.00213534 0.999987 0.0047013 0.0106107 0.0518018 -0.00480561 0.998646 0.0281491
75 86 448 0.999238 -0.00367755 -0.0388582 0.996311 0.0039166 0.999974 0.00607733 0.0829072 0.0388349 -0.00622489 0.999226 0.0221638
75 87 479 0.998201 0.0068544 -0.0595675 0.990531 -0.00531505 0.999649 0.0259623 -0.135135 0.0597246 -0.025599 0.997887 -0.0242241
75 88 462 0.997973 0.00935446 -0.0629497 0.990801 -0.00861927 0.999892 0.0119405 0.0545698 0.0630545 -0.0113737 0.997945 0.123839
75 89 479 0.998714 0.00987877 -0.0497251 0.998159 -0.00896199 0.999786 0.0186264 0.000970853 0.0498984 -0.0181568 0.998589 0.0606378
90 91 406 0.999827 0.000482668 -0.0185906 0.905575 -0.000530228 0.999997 -0.00255343 0.360746 0.0185893 0.00256285 0.999824 0.223152
90 92 370 0.999908 0.00683977 -0.01169 0.899826 -0.00670228 0.999908 0.0117604 -0.148077 0.0117693 -0.011681 0.999863 0.41035
90 93 22 0.999921 0.0096654 0.00801759 0.895459 -0.00975792 0.999885 0.0115816 -0.307139 -0.00790473 -0.0116589 0.999901 0.322209
90 94 393 0.999823 0.0147196 0.01175 0.707413 -0.0147847 0.999876 0.00546589 0.0258991 -0.0116681 -0.00563864 0.999916 0.706326
90 95 427 0.999921 0.0117953 -0.00440003 0.887296 -0.0117502 0.999879 0.010149 -0.204922 0.00451921 -0.0100965 0.999939 0.413174
90 96 250 0.999494 0.011599 0.0296253 0.0915194 -0.0116215 0.999932 0.000587373 -0.0343362 -0.0296164 -0.000931367 0.999561 0.995211
90 97 265 0.99927 0.0126042 0.0360531 -0.183085 -0.0124395 0.999911 -0.00478904 0.0719252 -0.0361102 0.00433707 0.999338 0.980463
90 98 375 0.999893 0.00348668 -0.0141733 0.867464 -0.00345839 0.999992 0.00201992 -0.251022 0.0141802 -0.00197068 0.999898 0.429528
90 99 404 0.999822 0.00054346 -0.0188535 0.891902 -0.000615183 0.999993 -0.00379867 -0.278034 0.0188513 0.0038096 0.999815 0.356661
90 100 377 0.999737 0.00221776 -0.0228087 0.94545 -0.00236046 0.999978 -0.00623145 -0.23847 0.0227943 0.00628366 0.99972 0.221938
90 101 281 0.999681 -0.00603319 -0.0245196 0.906704 0.00574354 0.999913 -0.0118663 -0.218058 0.0245891 0.0117217 0.999629 0.361024
90 102 317 0.998315 -0.00538374 -0.0577754 0.964776 0.00319681 0.999277 -0.0378782 0.0345 0.0579376 0.0376297 0.997611 0.2608
90 103 277 0.999293 -0.00367223 -0.0374052 0.941844 0.00313698 0.999892 -0.0143583 -0.268755 0.0374539 0.0142308 0.999197 0.201745
90 104 281 0.999612 -0.0031011 -0.0276688 0.926759 0.0027473 0.999914 -0.0128157 -0.348591 0.0277062 0.0127348 0.999535 0.140004
105 106 10 0.999998 -0.00115601 -0.00136403 0.905968 0.00114608 0.999973 -0.00725548 0.42134 0.00137238 0.00725391 0.999973 -0.0411545
105 107 32 0.99999 0.00402121 -0.00210582 0.93992 -0.00403246 0.999977 -0.00536667 -0.119286 0.00208419 0.00537511 0.999983 -0.319877
105 108 381 0.999895 0.00540676 -0.0134285 0.96495 -0.00549192 0.999965 -0.00631288 -0.182121 0.0133938 0.00638597 0.99989 -0.188955
105 109 353 0.999943 0.00883256 0.00600376 0.820241 -0.00877222 0.999911 -0.0100039 -0.227088 -0.00609159 0.00995068 0.999932 -0.525011
105 110 193 0.99984 0.00852966 0.0157289 0.596595 -0.00829714 0.999856 -0.0147894 0.021294 -0.0158528 0.0146565 0.999767 -0.80226
105 111 100 0.99956 0.00144379 0.029629 0.0861793 -0.000884427 0.999821 -0.0188834 0.15145 -0.0296509 0.0188489 0.999383 -0.984701
105 112 363 0.999795 0.0115612 -0.0166293 0.923992 -0.0118122 0.999817 -0.0150772 -0.00407365 0.0164519 0.0152706 0.999748 -0.38239
105 113 397 0.999764 0.0097788 -0.0193984 0.895785 -0.0100931 0.999818 -0.0161732 -0.0395843 0.0192367 0.0163652 0.999681 -0.442722
105 114 315 0.999939 0.00540017 0.00967741 0.601613 -0.0052164 0.999807 -0.0189157 0.107063 -0.00977769 0.0188641 0.999774 -0.79158
105 115 342 0.999732 0.00796271 -0.0217516 0.868139 -0.00846849 0.999694 -0.0232604 0.201828 0.0215597 0.0234384 0.999493 -0.453432
105 116 377 0.999727 0.0121678 -0.0199564 0.880934 -0.0124426 0.999829 -0.0137077 0.0794015 0.0197862 0.0139522 0.999707 -0.466531
105 117 308 0.99978 0.00790973 0.01941 0.566928 -0.0077093 0.999916 -0.0103793 0.135026 -0.0194905 0.0102273 0.999758 -0.812626
105 118 330 0.999882 0.0121303 0.0094535 0.646324 -0.0121246 0.999926 -0.000658497 0.0713734 -0.00946079 0.000543799 0.999955 -0.759718
105 119 337 0.999883 0.0151124 -0.00224772 0.800171 -0.0151106 0.999886 0.000800264 0.0581898 0.00225956 -0.000766206 0.999997 -0.596942
120 121 16 0.999985 0.00468552 0.00294368 0.0357054 -0.0047072 0.999962 0.00739893 0.0564143 -0.0029089 -0.00741267 0.999968 -0.997769
120 122 11 0.999981 0.00538601 0.00292896 -0.389189 -0.00541622 0.999931 0.0104038 -0.265367 -0.00287272 -0.0104195 0.999942 0.882107
120 123 408 0.99975 0.0150805 -0.0164926 0.967374 -0.0149528 0.999857 0.00784053 0.16443 0.0166085 -0.00759196 0.999833 -0.192744
120 124 111 0.999567 0.02446 0.0163591 0.154838 -0.0247022 0.999586 0.0147684 -0.115946 -0.0159911 -0.0151661 0.999757 -0.981112
120 125 345 0.999616 0.0248305 0.0123128 0.430255 -0.0249134 0.999668 0.0066328 0.194218 -0.012144 -0.006937 0.999902 -0.881567
120 126 403 0.9995 0.0308536 -0.00697108 0.825891 -0.030907 0.999493 -0.00768526 0.36203 0.00673042 0.00789687 0.999946 -0.432248
120 127 380 0.999337 0.0349514 -0.0101812 0.753264 -0.0349168 0.999384 0.00356177 0.0623393 0.0102994 -0.00320392 0.999942 -0.654757
120 128 394 0.999447 0.0285948 -0.0169511 0.69986 -0.0287825 0.999526 -0.0109355 0.323625 0.0166304 0.0114173 0.999797 -0.636759
120 129 401 0.999241 0.0333442 -0.0201431 0.717056 -0.0335113 0.999406 -0.00801444 0.251927 0.0198639 0.00868338 0.999765 -0.649895
120 130 396 0.999196 0.0366793 -0.0161643 0.529921 -0.0367495 0.999316 -0.00407014 0.211373 0.0160039 0.0046609 0.999861 -0.821283
120 131 363 0.999401 0.0329423 -0.0106325 0.344012 -0.0330181 0.99943 -0.00703444 0.291928 0.0103947 0.00738129 0.999919 -0.892431
120 132 386 0.998049 0.0368914 -0.0503704 0.657212 -0.0385603 0.998725 -0.0325741 0.5126 0.0491045 0.0344528 0.998199 -0.552552
120 133 365 0.998596 0.0384361 -0.0364583 0.560497 -0.0389536 0.999149 -0.013592 0.416546 0.0359048 0.0149931 0.999243 -0.715774
120 134 374 0.998486 0.0414891 -0.0361059 0.536446 -0.0415668 0.999135 -0.0014018 0.283356 0.0360165 0.00290048 0.999347 -0.794944
135 136 350 0.999907 0.00601115 -0.0122734 0.59976 -0.00616357 0.999904 -0.0124189 0.799915 0.0121976 0.0124934 0.999848 -0.0205722
135 137 27 0.999995 0.00306692 -0.00108054 0.225842 -0.00306256 0.999987 0.00401693 -0.0372667 0.00109285 -0.0040136 0.999991 -0.973451
135 138 48 0.999978 0.000955058 -0.0066057 0.257167 -0.000940326 0.999997 0.00223291 0.206536 0.00660781 -0.00222665 0.999976 -0.944038
135 139 49 0.999898 0.00299953 -0.0139453 0.54903 -0.00295544 0.999991 0.00318099 0.361539 0.0139547 -0.00313945 0.999898 -0.753562
135 140 360 0.999384 0.00608707 -0.0345566 0.803977 -0.00634363 0.999953 -0.00731963 0.481247 0.0345105 0.00753434 0.999376 -0.349318
135 141 146 0.999946 0.00904977 -0.00502558 0.0972579 -0.00899567 0.999902 0.010685 0.0561508 0.00512179 -0.0106392 0.99993 -0.993674
135 142 376 0.999551 0.00892506 -0.0285996 0.628344 -0.00884497 0.999957 0.0029257 0.302675 0.0286245 -0.00267142 0.999587 -0.71664
135 143 386 0.999589 0.0114196 -0.0263006 0.423905 -0.0111161 0.99987 0.0116535 0.165281 0.0264302 -0.0113564 0.999586 -0.890498
135 144 363 0.998482 0.0164641 -0.0525581 0.724044 -0.0169171 0.999823 -0.00818635 0.495204 0.0524141 0.00906305 0.998584 -0.480139
135 145 372 0.997946 0.0157056 -0.0621079 0.685506 -0.0164008 0.999808 -0.0106999 0.504481 0.061928 0.0116966 0.998012 -0.524958
135 146 364 0.99827 0.0224218 -0.0543569 0.667815 -0.0221095 0.999735 0.00633921 0.4167 0.0544847 -0.00512644 0.998501 -0.616754
135 147 315 0.998615 0.021524 -0.0480171 0.546461 -0.0206159 0.999601 0.0193285 0.32362 0.048414 -0.0183118 0.998659 -0.772432
135 148 322 0.998179 0.0343968 -0.0495551 0.583737 -0.0329244 0.999001 0.0302296 0.281332 0.0505453 -0.0285429 0.998314 -0.761645
135 149 287 0.997929 0.0379632 -0.0519366 0.57615 -0.0362456 0.998777 0.0336228 0.314447 0.0531495 -0.0316706 0.998084 -0.754436
150 151 20 0.99996 0.00873065 -0.00210092 0.296879 -0.00866664 0.999549 0.0287572 -0.88129 0.00235104 -0.0287379 0.999584 -0.367683
150 152 0 1 0 0 0 0 1 0 0 0 0 1 0
150 153 0 1 0 0 0 0 1 0 0 0 0 1 0
150 154 15 0.999651 0.0263748 -0.00145276 -0.0991495 -0.0263528 0.999561 0.0135174 -0.157171 0.00180864 -0.0134744 0.999908 -0.982582
150 155 17 0.999672 0.024289 -0.00813816 0.0206032 -0.0241395 0.999547 0.017993 -0.0420642 0.0085715 -0.0177906 0.999805 -0.998902
150 156 22 0.999465 0.0313785 -0.00921068 0.140992 -0.0311887 0.999312 0.0200815 -0.0137618 0.00983447 -0.0197835 0.999756 -0.989915
150 157 20 0.999625 0.0257768 -0.00920867 0.287262 -0.0256328 0.999552 0.0154231 0.162201 0.0096021 -0.0151813 0.999839 -0.944019
150 158 22 0.999383 0.0342576 -0.00769266 0.138431 -0.0341046 0.999234 0.0192054 0.0703151 0.0083447 -0.0189312 0.999786 -0.987873
150 159 32 0.999128 0.0395445 -0.0134253 0.220799 -0.0392455 0.998991 0.0218517 0.0337964 0.0142758 -0.0213057 0.999671 -0.974734
150 160 43 0.998952 0.0376861 -0.0259898 0.334747 -0.0373051 0.999191 0.0149902 0.202115 0.0265337 -0.0140049 0.99955 -0.920377
150 161 97 0.997192 0.0334841 -0.0669827 0.706716 -0.0341028 0.999385 -0.00811457 0.459116 0.0666699 0.0103761 0.997721 -0.538298
150 162 75 0.996527 0.0401209 -0.0729641 0.785885 -0.0400433 0.999195 0.00252627 0.398771 0.0730067 0.000404232 0.997331 -0.472616
150 163 38 0.998987 0.0312323 -0.0323819 0.353436 -0.0305893 0.999329 0.0201653 0.263554 0.03299 -0.0191544 0.999272 -0.897565
150 164 76 0.997789 0.0413788 -0.0520088 0.413632 -0.0402751 0.998944 0.0220934 0.260321 0.0528681 -0.0199499 0.998402 -0.872434
165 166 0 1 0 0 0 0 1 0 0 0 0 1 0
165 167 141 0.999725 0.014848 -0.0181407 0.734881 -0.0149031 0.999885 -0.00290439 0.633962 0.0180954 0.00317395 0.999831 -0.24092
165 168 80 0.99982 0.0145678 -0.0121268 0.274526 -0.0144963 0.999877 0.00596864 0.318726 0.0122122 -0.00579178 0.999909 -0.907221
165 169 106 0.999843 0.0120809 -0.0129438 0.160227 -0.0119826 0.999899 0.00764353 0.237411 0.0130348 -0.00748723 0.999887 -0.958104
165 170 190 0.999787 0.0110944 -0.0174085 0.157819 -0.0110295 0.999932 0.00381512 0.33716 0.0174496 -0.0036223 0.999841 -0.928125
165 171 341 0.99955 0.0148751 -0.0260605 0.340762 -0.0147542 0.99988 0.00482683 0.320204 0.0261291 -0.00444016 0.999649 -0.88394
165 172 324 0.998337 0.0243802 -0.0522416 0.792049 -0.0244223 0.999702 -0.000166541 0.326237 0.052222 0.00144212 0.998634 -0.515972
165 173 328 0.99857 0.0198421 -0.04964 0.584914 -0.02001 0.999796 -0.00288761 0.345879 0.0495725 0.00387678 0.998763 -0.733651
165 174 365 0.997598 0.0204963 -0.0661713 0.684236 -0.0206554 0.999785 -0.00172163 0.342767 0.0661218 0.00308429 0.997807 -0.643686
165 175 311 0.996181 0.0291894 -0.0822901 0.796366 -0.0290644 0.999574 0.0027156 0.288029 0.0823343 -0.000313514 0.996605 -0.531828
165 176 284 0.996584 0.0392668 -0.0726581 0.674318 -0.039272 0.999228 0.00135801 0.310742 0.0726553 0.00150005 0.997356 -0.669877
165 177 285 0.998853 0.0356511 -0.0319595 0.325057 -0.0353401 0.999323 0.0102451 0.25481 0.0323031 -0.00910392 0.999437 -0.91072
165 178 299 0.997706 0.049678 -0.04599 0.529664 -0.0495633 0.998764 0.00363197 0.313043 0.0461136 -0.00134422 0.998935 -0.788327
165 179 294 0.993587 0.0616784 -0.0947646 0.763051 -0.0632955 0.997895 -0.014151 0.321676 0.0936923 0.0200584 0.995399 -0.560605
180 181 31 0.999991 0.00423475 0.000782833 0.190468 -0.0042353 0.999991 0.000701367 0.143444 -0.000779856 -0.000704676 0.999999 0.971157
180 182 30 0.999943 0.0107213 3.30943e-05 -0.457192 -0.0107212 0.999941 -0.00161482 0.116599 -5.04053e-05 0.00161437 0.999999 0.881692
180 183 526 0.999546 0.0223865 -0.0201504 0.836908 -0.0223801 0.999749 0.000543753 -0.17109 0.0201576 -9.2537e-05 0.999797 -0.519916
180 184 295 0.999876 0.0154324 -0.00313251 0.414873 -0.0154749 0.999782 -0.0140305 0.250111 0.0029153 0.0140772 0.999897 -0.874828
180 185 552 0.999538 0.018621 -0.0240063 0.744922 -0.0191321 0.999591 -0.0212395 0.311849 0.023601 0.021689 0.999486 -0.589781
180 186 493 0.999489 0.0300796 -0.0107965 0.459129 -0.0301355 0.999533 -0.00505453 -0.0683677 0.0106395 0.00537731 0.999929 -0.885735
180 187 320 0.999674 0.0254257 -0.00212193 0.282049 -0.0254577 0.999536 -0.0167125 0.179305 0.00169602 0.0167611 0.999858 -0.942496
180 188 463 0.999437 0.0277242 -0.0188903 0.555995 -0.0283043 0.999113 -0.0311682 0.374229 0.0180094 0.0316854 0.999336 -0.742174
180 189 431 0.999574 0.0232111 -0.01767 0.444608 -0.0236781 0.999363 -0.0266974 0.258305 0.0170391 0.0271044 0.999487 -0.857673
180 190 384 0.996598 0.029528 -0.0769513 0.819799 -0.0325281 0.998747 -0.0380297 0.293596 0.0757319 0.0404034 0.996309 -0.491662
180 191 448 0.998492 0.0218839 -0.0503522 0.634578 -0.0233954 0.999287 -0.0296291 0.240004 0.0496679 0.0307624 0.998292 -0.734649
180 192 459 0.997992 0.0263103 -0.0576177 0.610574 -0.0280031 0.999194 -0.0287717 0.190106 0.0568142 0.0303274 0.997924 -0.768804
180 193 432 0.998188 0.0269436 -0.053796 0.545254 -0.0287068 0.999067 -0.0322757 0.226687 0.0528762 0.0337615 0.99803 -0.807038
180 194 333 0.995885 0.0263185 -0.0867198 0.714046 -0.0295321 0.998916 -0.0359858 0.237199 0.0856787 0.0383987 0.995583 -0.658692
195 196 58 0.999956 0.00555542 -0.00753357 0.353476 -0.00547231 0.999924 0.0110083 -0.397186 0.00759416 -0.0109665 0.999911 -0.846934
195 197 347 0.999403 0.00188331 -0.0344889 0.730994 -0.000932045 0.999619 0.0275771 -0.328734 0.0345277 -0.0275285 0.999025 -0.597982
195 198 46 0.99978 0.00419856 -0.0205423 0.247129 -0.00364225 0.999628 0.0270439 -0.286781 0.0206482 -0.0269632 0.999423 -0.925572
195 199 323 0.998399 -0.00854421 -0.0559226 0.944795 0.0100602 0.999588 0.0268843 0.0928976 0.0556699 -0.0274039 0.998073 -0.314218
195 200 148 0.999038 -0.00127569 -0.0438425 0.811814 0.0030016 0.999222 0.039323 0.0464531 0.0437582 -0.0394167 0.998264 -0.582066
195 201 301 0.997589 0.000941514 -0.069387 0.987391 0.00133472 0.999463 0.0327513 0.14888 0.0693806 -0.032765 0.997052 -0.0537886
195 202 186 0.998989 0.00429952 -0.0447544 0.57813 -0.00265111 0.999318 0.0368268 0.0584667 0.0448822 -0.036671 0.998319 -0.813847
195 203 335 0.994343 0.0221607 -0.103878 0.94077 -0.0165779 0.998387 0.0543025 -0.0966131 0.104914 -0.0522732 0.993107 -0.324988
195 204 303 0.99282 0.0257868 -0.116803 0.968862 -0.0192696 0.998212 0.0565857 -0.118082 0.118053 -0.0539287 0.991542 -0.217632
195 205 311 0.995691 0.0331756 -0.0865923 0.897465 -0.0285497 0.998126 0.0541237 -0.17992 0.0882256 -0.0514183 0.994773 -0.402722
195 206 243 0.997992 0.0345157 -0.0531149 0.594881 -0.0321074 0.998446 0.0455444 -0.126584 0.0546044 -0.0437476 0.997549 -0.793784
195 207 294 0.99306 0.0361337 -0.111918 0.916016 -0.0304424 0.998175 0.0521503 -0.126611 0.113598 -0.0483814 0.992348 -0.380636
195 208 306 0.996899 0.0481325 -0.0622579 0.682893 -0.0450314 0.997719 0.0502887 -0.178254 0.0645364 -0.0473291 0.996792 -0.708436
195 209 296 0.993983 0.0542176 -0.0951776 0.879384 -0.0494808 0.997449 0.0514437 -0.165761 0.0977239 -0.0464247 0.99413 -0.446326
210 211 31 0.999959 0.00671214 -0.00608329 0.883422 -0.00668794 0.99997 0.00398954 -0.416779 0.00610988 -0.00394869 0.999974 -0.214151
210 212 176 0.999815 0.0192202 -0.000391 0.730333 -0.0192149 0.999759 0.0106405 -0.624579 0.000595418 -0.010631 0.999943 -0.276614
210 213 403 0.999852 0.00950511 -0.0143182 0.897848 -0.00950369 0.999955 0.0001671 -0.000759011 0.0143192 -3.09996e-05 0.999897 -0.440305
210 214 142 0.999946 0.000514973 0.0104262 0.787774 -0.000523116 1 0.000778324 0.153113 -0.0104258 -0.000783736 0.999945 -0.596631
210 215 415 0.999973 -0.00540584 -0.00506193 0.961446 0.00542104 0.999981 0.00299412 0.0937245 0.00504565 -0.00302148 0.999983 -0.258531
210 216 200 0.999859 -0.0125431 0.0112016 0.826135 0.01247 0.999901 0.00656971 0.178908 -0.0112829 -0.0064291 0.999916 -0.534315
210 217 299 0.999234 -0.00432408 -0.0388856 0.941805 0.00520408 0.999732 0.022558 -0.00183852 0.0387776 -0.0227431 0.998989 -0.336154
210 218 303 0.999873 -0.0152302 0.0047111 0.869088 0.0150912 0.999487 0.0282566 -0.0093746 -0.00513904 -0.0281819 0.99959 -0.494568
210 219 369 0.999128 -0.0204386 -0.036398 0.96568 0.0215133 0.999337 0.029383 0.0344997 0.0357733 -0.0301404 0.998905 -0.257432
210 220 262 0.999504 -0.0252549 0.0187963 0.822233 0.024546 0.999012 0.0370341 -0.0381003 -0.019713 -0.0365544 0.999137 -0.567874
210 221 270 0.997538 -0.0171462 -0.0679939 0.990651 0.0191178 0.999412 0.0284518 0.0206283 0.0674661 -0.0296816 0.99728 -0.134849
210 222 118 0.998414 -0.0233412 0.0512229 0.637357 0.0222823 0.999528 0.0211465 0.0359263 -0.0516923 -0.0199716 0.998463 -0.76973
210 223 355 0.999947 -0.000564553 -0.0102583 0.880898 0.00094097 0.999325 0.0367263 -0.134074 0.0102306 -0.036734 0.999273 -0.453919
210 224 190 0.999378 -0.00474544 0.0349464 0.696279 0.00378246 0.999613 0.0275707 -0.107354 -0.0350637 -0.0274213 0.999009 -0.709697
225 226 59 0.999915 0.00796869 -0.0103248 0.782388 -0.00791153 0.999953 0.00556483 -0.519407 0.0103687 -0.00548267 0.999931 -0.343635
225 227 105 0.999859 0.0158729 -0.00555934 0.622522 -0.015838 0.999855 0.00626772 -0.652118 0.00565802 -0.00617878 0.999965 -0.432676
225 228 30 0.999425 0.0323119 0.0102363 0.295567 -0.0322506 0.999461 -0.0060961 -0.65153 -0.0104277 0.00576247 0.999929 -0.698676
225 229 377 0.999704 0.0183729 -0.0159706 0.805116 -0.01845 0.999819 -0.00469143 -0.017849 0.0158816 0.0049847 0.999861 -0.592848
225 230 344 0.999554 0.0181536 -0.0237297 0.904616 -0.0181273 0.999835 0.00132203 -0.212488 0.0237498 -0.000891289 0.999718 -0.369483
225 231 395 0.998669 0.026298 -0.0443599 0.923082 -0.026161 0.999651 0.00366672 -0.245911 0.0444409 -0.00250134 0.999009 -0.295715
225 232 280 0.99939 0.0342329 -0.00690993 0.78021 -0.0342685 0.9994 -0.00510322 -0.406045 0.00673108 0.0053369 0.999963 -0.475814
225 233 322 0.998976 0.04445 -0.00848855 0.671876 -0.044408 0.999001 0.00506843 -0.705033 0.00870536 -0.00468627 0.999951 -0.226961
225 234 362 0.999342 0.0169443 -0.0320831 0.928596 -0.0176183 0.999628 -0.0208408 -0.127294 0.031718 0.0213924 0.999268 -0.348576
225 235 241 0.999365 0.0332713 -0.0127595 0.784803 -0.0334554 0.999335 -0.0144894 -0.396762 0.0122689 0.0149071 0.999814 -0.476093
225 236 339 0.998379 0.0367164 -0.0434815 0.822299 -0.0364873 0.999316 0.00605127 -0.523262 0.0436739 -0.00445494 0.999036 -0.223654
225 237 83 0.999756 0.0212135 0.00618391 0.711601 -0.0209918 0.999203 -0.0339445 -0.19103 -0.00689907 0.0338064 0.999405 -0.676115
225 238 132 0.999215 0.0396159 -0.000528896 0.765521 -0.0396148 0.998803 -0.0286881 -0.30285 -0.000608244 0.0286866 0.999588 -0.567679
225 239 279 0.999098 0.0274484 -0.03241 0.959392 -0.0283206 0.999241 -0.0267649 -0.209678 0.0316508 0.0276586 0.999116 -0.188684
240 241 0 1 0 0 0 0 1 0 0 0 0 1 0
240 242 509 0.999658 0.00267411 -0.026001 0.938017 -0.00292867 0.999948 -0.00975746 0.0885783 0.0259736 0.00983027 0.999614 0.33508
240 243 464 0.999704 0.0105615 0.02193 -0.800844 -0.010168 0.999787 -0.0179812 0.206474 -0.0221152 0.0177529 0.999598 0.562154
240 244 423 0.999349 0.0100736 -0.0346478 0.95185 -0.0106027 0.999829 -0.0151216 0.0169401 0.0344896 0.0154791 0.999285 0.306095
240 245 173 0.999621 0.0257975 -0.00958399 0.634062 -0.0259093 0.999595 -0.0117379 -0.334624 0.0092773 0.0119818 0.999885 0.697132
240 246 422 0.999314 0.0175622 -0.0326154 0.981984 -0.0182101 0.999641 -0.0196772 -0.0594283 0.0322581 0.0202576 0.999274 0.179378
240 247 253 0.999649 0.00647362 -0.0256833 0.947544 -0.00699073 0.999774 -0.0200958 0.0326569 0.0255474 0.0202683 0.999468 0.317952
240 248 317 0.999571 0.0137101 -0.025872 0.936716 -0.0140574 0.999813 -0.0132921 0.0152222 0.0256849 0.0136501 0.999577 0.34976
240 249 186 0.999777 0.0188015 -0.00959024 0.932843 -0.0188545 0.999807 -0.00546616 -0.0667104 0.00948562 0.00564576 0.999939 0.354052
240 250 220 0.999497 0.0228779 -0.0219452 0.967102 -0.0229148 0.999736 -0.00143117 -0.0068209 0.0219067 0.00193332 0.999758 0.254298
240 251 231 0.999765 0.0192146 -0.0100258 0.905433 -0.019231 0.999814 -0.00154738 -0.000242447 0.00999424 0.00173983 0.999949 0.424489
240 252 252 0.999832 0.0145976 -0.0110874 0.917929 -0.014611 0.999893 -0.00112843 0.0342245 0.0110697 0.00129024 0.999938 0.395265
240 253 284 0.999796 0.00427457 -0.0197533 0.894597 -0.00441825 0.999964 -0.00723592 0.086621 0.0197216 0.00732172 0.999779 0.438398
240 254 286 0.999965 0.00100531 -0.00827575 0.91234 -0.00101072 0.999999 -0.000648915 0.038874 0.00827509 0.000657257 0.999966 0.407583
255 256 336 0.999775 -0.0136209 -0.0162837 0.857767 0.0134288 0.99984 -0.0118485 0.50743 0.0164424 0.0116272 0.999797 0.0821553
255 257 45 0.999774 -0.0207712 -0.00455065 0.940513 0.0207751 0.999784 0.000816373 0.337872 0.00453271 -0.000910728 0.999989 0.0357488
255 258 433 0.99955 -0.0257587 -0.0153655 0.828808 0.0256252 0.999633 -0.00882215 0.373271 0.0155871 0.00842444 0.999843 0.416829
255 259 278 0.999721 -0.0217305 -0.00923997 0.915503 0.0217329 0.999764 0.000153585 0.0776852 0.00923445 -0.000354354 0.999957 0.39474
255 260 379 0.999605 -0.0218975 -0.0176157 0.867006 0.0217537 0.999729 -0.00831087 0.24147 0.0177929 0.00792438 0.99981 0.435882
255 261 199 0.999895 -0.0131439 0.00608819 0.722067 0.0131036 0.999892 0.00660009 -0.0884834 -0.00617428 -0.00651962 0.99996 0.686142
255 262 221 0.99999 -0.00397595 -0.00223495 0.830911 0.00399966 0.999935 0.0107053 -0.200236 0.00219224 -0.0107141 0.99994 0.519127
255 263 272 0.999449 -0.0281039 -0.0176382 0.85617 0.0281537 0.9996 0.00258128 0.112099 0.0175586 -0.00307644 0.999841 0.504388
255 264 392 0.999039 -0.0281039 -0.0336251 0.86167 0.0280299 0.999604 -0.00266958 0.160391 0.0336868 0.00172451 0.999431 0.481455
255 265 391 0.998994 -0.027456 -0.035464 0.851874 0.0273784 0.999622 -0.0026718 0.125414 0.0355239 0.00169816 0.999367 0.508509
255 266 405 0.998979 -0.0325918 -0.031271 0.80578 0.0325647 0.999469 -0.00137498 0.109559 0.0312992 0.000355249 0.99951 0.581993
255 267 373 0.998279 -0.0375365 -0.0450647 0.790916 0.0371346 0.999263 -0.00972356 0.146747 0.0453964 0.00803337 0.998937 0.594068
255 268 354 0.998921 -0.0254578 -0.0388423 0.796837 0.0255155 0.999674 0.000990982 0.00340513 0.0388044 -0.00198099 0.999245 0.604185
255 269 342 0.998165 -0.0296773 -0.0527869 0.825383 0.0293999 0.99955 -0.00602453 0.0517111 0.052942 0.00446154 0.998588 0.562201
270 271 27 0.999948 0.00088784 -0.0102026 0.809891 -0.000846847 0.999992 0.0040215 -0.105912 0.0102061 -0.00401265 0.99994 0.57694
270 272 372 0.999717 0.0030764 0.0235709 -0.475265 -0.00312208 0.999993 0.00190139 -0.157997 -0.0235649 -0.00197445 0.99972 0.86554
270 273 432 0.999863 0.0153999 -0.00600999 0.724665 -0.0153402 0.999834 0.00987198 -0.272942 0.00616102 -0.00977844 0.999933 0.632743
270 274 407 0.999924 0.0106838 -0.00618072 0.705131 -0.010657 0.999934 0.00434624 -0.0763402 0.00622674 -0.00428004 0.999971 0.704955
270 275 377 0.999897 0.00711905 -0.012453 0.740247 -0.00707174 0.999968 0.00383919 -0.0672189 0.0124799 -0.00375073 0.999915 0.668967
270 276 373 0.999844 0.00904184 -0.0151969 0.78908 -0.00894809 0.999941 0.00622568 -0.0639772 0.0152523 -0.00608872 0.999865 0.61095
270 277 345 0.999896 0.0109861 -0.00929562 0.685034 -0.0108845 0.999881 0.010909 -0.140616 0.00941437 -0.0108067 0.999897 0.714811
270 278 374 0.999761 0.00280946 -0.0216701 0.735113 -0.0028297 0.999996 -0.000903487 0.0057137 0.0216674 0.000964591 0.999765 0.677921
270 279 307 0.99979 0.0167053 -0.0118917 0.759176 -0.0165197 0.999743 0.0155334 -0.153534 0.0121481 -0.0153337 0.999809 0.632518
270 280 286 0.99969 0.0228885 -0.00980706 0.768188 -0.0227181 0.999595 0.0171392 -0.122787 0.0101954 -0.0169111 0.999805 0.62834
270 281 324 0.999593 0.0284103 0.00259849 0.656902 -0.0284565 0.999397 0.0199011 -0.182885 -0.00203153 -0.0199669 0.999799 0.73146
270 282 231 0.9997 0.0242982 0.00292917 0.716103 -0.0243444 0.99956 0.0169202 -0.146677 -0.00251676 -0.0169864 0.999853 0.68241
270 283 280 0.999507 0.030728 0.00647063 0.689667 -0.0308752 0.999234 0.0240288 -0.180555 -0.00572732 -0.0242168 0.99969 0.701256
270 284 316 0.999437 0.0335616 -0.000453156 0.731789 -0.0335438 0.9992 0.0217801 -0.168704 0.00118377 -0.0217527 0.999763 0.660321
285 286 48 0.999999 0.000122164 -0.00128907 0.660874 -0.000124783 0.999998 -0.00203186 0.0215948 0.00128882 0.00203202 0.999997 0.750186
285 287 106 0.999992 0.00362478 0.00154172 0.588755 -0.00361047 0.999951 -0.0091794 -0.0312428 -0.00157492 0.00917376 0.999957 0.807707
285 288 137 0.999995 0.00303692 -0.000226006 0.893542 -0.00303852 0.999968 -0.00741091 -0.18115 0.000203492 0.00741156 0.999973 0.410813
285 289 312 0.999999 0.00133829 -0.0004524 0.709349 -0.00134164 0.999971 -0.00749218 -0.202784 0.00044236 0.00749278 0.999972 0.675057
285 290 211 0.999956 0.0092047 0.00192849 0.684549 -0.00918014 0.999881 -0.0123825 -0.227505 -0.00204224 0.0123643 0.999921 0.692556
285 291 367 0.999892 0.0141105 -0.0041383 0.760043 -0.0141529 0.999846 -0.0103931 -0.284844 0.00399101 0.0104505 0.999937 0.584122
285 292 379 0.999837 0.0132368 -0.012278 0.851498 -0.0134353 0.999778 -0.0162276 -0.160683 0.0120605 0.0163899 0.999793 0.499131
285 293 313 0.999735 0.0167478 -0.0157921 0.845168 -0.0169979 0.99973 -0.015835 -0.200556 0.0155226 0.0160992 0.99975 0.495448
285 294 337 0.99957 0.0218608 -0.0195602 0.822073 -0.0221622 0.999637 -0.0153271 -0.244425 0.0192181 0.015754 0.999691 0.514249
285 295 318 0.99943 0.0290766 -0.0171375 0.777067 -0.0293072 0.999481 -0.0133615 -0.269627 0.0167401 0.0138562 0.999764 0.568743
285 296 189 0.999197 0.0366985 -0.0160514 0.752437 -0.037004 0.999131 -0.0191669 -0.243302 0.0153341 0.0197455 0.999687 0.612081
285 297 308 0.998881 0.0447042 -0.0154112 0.801946 -0.0450153 0.998777 -0.0204629 -0.276564 0.0144776 0.0211337 0.999672 0.529523
285 298 276 0.998731 0.0412311 -0.0289175 0.858766 -0.0418257 0.998919 -0.02027 -0.2046 0.0280505 0.0214538 0.999376 0.469744
285 299 247 0.99817 0.039378 -0.0458873 0.883505 -0.0406269 0.99882 -0.0266074 -0.138075 0.0447854 0.028423 0.998592 0.447609
300 301 13 0.999985 -0.00192172 -0.00520086 -0.891307 0.00191152 0.999996 -0.00196636 -0.398368 0.00520462 0.00195639 0.999985 -0.216506
300 302 24 0.999935 0.00122792 -0.0113133 0.812223 -0.00124723 0.999998 -0.0016998 -0.0566226 0.0113112 0.0017138 0.999935 0.580593
300 303 466 0.999616 0.000276798 -0.0277063 0.995173 -0.000335639 0.999998 -0.00211914 -0.0549896 0.0277057 0.00212762 0.999614 0.0812829
300 304 534 0.999324 -0.0046508 -0.0364674 0.931604 0.00418588 0.999909 -0.0128149 0.326271 0.0365237 0.0126536 0.999253 0.160188
300 305 357 0.999668 0.0015193 -0.0257191 0.932976 -0.00154698 0.999998 -0.00105637 0.0349893 0.0257175 0.0010958 0.999669 0.358235
300 306 395 0.999457 0.00534194 -0.032529 0.984701 -0.00539917 0.999984 -0.00167191 0.0671811 0.0325195 0.00184663 0.999469 0.160779
300 307 507 0.998147 0.00425975 -0.060695 0.968197 -0.00507401 0.999899 -0.0132679 0.231938 0.0606324 0.0135513 0.998068 0.0938001
300 308 458 0.999281 0.0128081 -0.0356814 0.975572 -0.0127335 0.999916 0.00231691 0.0197935 0.0357081 -0.00186089 0.999361 0.218786
300 309 441 0.999154 0.0174744 -0.0372268 0.970471 -0.0172719 0.999834 0.00575422 -0.0662629 0.0373212 -0.00510637 0.99929 0.231939
300 310 427 0.997797 0.0110227 -0.0654152 0.985282 -0.0112294 0.999933 -0.0027927 0.131455 0.06538 0.00352113 0.997854 0.109269
300 311 435 0.998481 0.0173714 -0.0522876 0.977742 -0.0169079 0.999814 0.0092941 -0.0342229 0.0524393 -0.00839591 0.998589 0.207001
300 312 372 0.998844 0.0174139 -0.0447937 0.959773 -0.0169734 0.999804 0.0101953 -0.0462738 0.0449625 -0.00942322 0.998944 0.276937
300 313 332 0.997539 0.0220421 -0.0665537 0.976861 -0.0212949 0.999702 0.0119145 -0.0128408 0.0667965 -0.0104679 0.997712 0.213489
300 314 194 0.997583 0.0356242 -0.0596537 0.962794 -0.0346672 0.999254 0.0170012 -0.086326 0.0602149 -0.0148921 0.998074 0.256079
315 316 38 0.999861 0.00536337 0.0157908 -0.989337 -0.005242 0.999956 -0.00771776 0.0899704 -0.0158315 0.00763391 0.999846 -0.114534
315 317 0 1 0 0 0 0 1 0 0 0 0 1 0
315 318 164 0.999648 0.00729075 -0.0255039 0.980736 -0.00761567 0.999891 -0.0126663 0.00251302 0.0254088 0.0128561 0.999594 -0.195322
315 319 186 0.999176 0.00890219 -0.0395986 0.999911 -0.00950217 0.999843 -0.0149894 0.0131438 0.0394589 0.0153533 0.999103 -0.00207974
315 320 43 0.999676 0.0182081 -0.0177619 0.9931 -0.0184639 0.999727 -0.0143412 -0.110249 0.017496 0.0146645 0.999739 0.0399745
315 321 23 0.999585 0.026246 -0.0118705 0.965222 -0.0264313 0.999527 -0.0157291 -0.21852 0.011452 0.0160364 0.999806 -0.14351
315 322 160 0.99882 0.0340364 -0.0346355 0.977262 -0.034707 0.999218 -0.0189488 0.00789665 0.0339635 0.0201285 0.99922 -0.211888
315 323 160 0.997667 0.0457986 -0.0506195 0.984517 -0.0469919 0.998639 -0.0226393 0.110794 0.0495137 0.0249652 0.998461 -0.135837
315 324 129 0.997786 0.0512349 -0.0424115 0.984936 -0.0517628 0.998594 -0.0114433 -0.0857253 0.0417655 0.0136133 0.999035 -0.150173
315 325 170 0.996513 0.0539418 -0.063656 0.975369 -0.0543735 0.998508 -0.0050675 -0.139645 0.0632876 0.00851103 0.997959 0.170745
315 326 36 0.997697 0.0569356 -0.0368672 0.966812 -0.0573614 0.998297 -0.0105965 0.0889742 0.0362011 0.0126869 0.999264 -0.239498
315 327 124 0.996007 0.0624113 -0.0638335 0.983939 -0.0634673 0.997876 -0.0146493 0.0686998 0.0627836 0.0186422 0.997853 -0.164754
315 328 162 0.993036 0.0565571 -0.103346 0.975619 -0.0595631 0.99788 -0.0262336 0.218248 0.101643 0.0322065 0.994299 0.0231227
315 329 158 0.993931 0.0587563 -0.0929961 0.980147 -0.0603482 0.998074 -0.0143964 0.180525 0.0919711 0.0199212 0.995562 -0.0819946
330 331 18 0.999959 0.00263144 -0.00865309 0.895 -0.00266255 0.99999 -0.00358558 0.359128 0.00864357 0.00360847 0.999956 -0.264578
330 332 13 0.999983 0.00448367 0.00368688 -0.9854 -0.00449661 0.999984 0.00351038 -0.132617 -0.00367108 -0.0035269 0.999987 -0.106764
330 333 488 0.999512 -0.000645875 -0.0312192 0.884645 0.000312648 0.999943 -0.0106775 0.430373 0.0312243 0.0106625 0.999456 0.179391
330 334 17 0.999884 -0.00265399 -0.0150274 0.936514 0.00272596 0.999985 0.00477083 0.302466 0.0150145 -0.00481124 0.999876 0.177355
