0 1 91 1 0.000542022 -0.000206247 0.0147712 -0.000541552 0.999997 0.00227104 0.572399 0.000207477 -0.00227093 0.999997 -0.819842
0 2 256 0.999994 -0.00345664 3.01155e-05 -0.0203755 0.00345658 0.999992 0.0018864 -0.282072 -3.66358e-05 -0.00188628 0.999998 -0.959177
0 3 64 0.999992 -0.00253794 -0.0030287 0.409512 0.0025651 0.999956 0.00899693 -0.907355 0.00300573 -0.00900463 0.999955 0.0949009
0 4 642 0.999996 -0.00286382 -0.000131403 0.107048 0.00286413 0.999993 0.0024284 -0.0281408 0.000124448 -0.00242876 0.999997 0.993856
0 5 176 0.999988 -0.00479155 -0.000481062 -0.232424 0.00479238 0.999987 0.00173609 -0.411093 0.000472737 -0.00173837 0.999998 -0.881465
0 6 426 0.999986 -0.00515909 -0.000851105 0.0980799 0.00515999 0.999986 0.00105938 0.152646 0.000845628 -0.00106375 0.999999 0.983402
0 7 676 0.999995 -0.0032156 0.000724899 0.0209462 0.00321369 0.999991 0.00263112 -0.0580587 -0.000733354 -0.00262878 0.999996 0.998093
0 8 274 0.999999 -0.00127321 0.00117035 0.240094 0.00127052 0.999997 0.00229888 -0.295869 -0.00117328 -0.00229739 0.999997 -0.924563
0 9 463 0.999987 -0.00489754 -0.00109781 0.180112 0.00490098 0.999983 0.00314613 0.0742261 0.00108238 -0.00315147 0.999994 0.980842
0 10 459 0.999984 -0.00529121 -0.00211263 -0.219633 0.00529914 0.999979 0.0037674 -0.0246963 0.00209265 -0.00377854 0.999991 0.97527
0 11 370 0.999996 -0.00269783 -0.00120272 -0.189711 0.00270013 0.999995 0.00191673 0.233439 0.00119755 -0.00191996 0.999997 0.953686
0 12 616 0.999996 0.00221751 -0.00152129 0.029784 -0.00221331 0.999994 0.00275348 -0.0320734 0.00152738 -0.00275011 0.999995 0.999042
0 13 228 0.999981 0.00461168 -0.0041612 0.567061 -0.00460561 0.999988 0.00146727 0.30312 0.00416792 -0.00144808 0.99999 0.765872
0 14 1086 0.999967 0.0075458 0.00292963 0.0669725 -0.00755773 0.999963 0.0040821 -0.0797412 -0.00289872 -0.00410411 0.999987 0.994563
15 16 469 0.999998 0.00043579 -0.00211933 0.128757 -0.000433829 0.999999 0.000925822 0.0305393 0.00211973 -0.0009249 0.999997 0.991206
15 17 425 0.999996 -0.00146138 -0.00234208 -0.425348 0.00146272 0.999999 0.000571506 -0.177541 0.00234124 -0.000574929 0.999997 0.887445
15 18 229 0.99998 0.00634486 -0.000299726 0.189697 -0.00634437 0.999979 0.00160009 -0.338749 0.000309872 -0.00159815 0.999999 -0.921555
15 19 412 0.99998 0.00628947 9.68159e-05 0.250318 -0.00628974 0.999976 0.00306788 -0.200699 -7.75182e-05 -0.00306843 0.999995 -0.947133
15 20 840 0.999991 0.0037565 0.00219915 0.185693 -0.00376393 0.999987 0.00338287 -0.233689 -0.00218641 -0.00339111 0.999992 0.954415
15 21 713 0.999986 0.00465644 0.00255431 -0.0734216 -0.0046596 0.999988 0.00123358 -0.0214209 -0.00254854 -0.00124547 0.999996 0.997071
15 22 783 0.99997 0.00708948 0.00296254 0.0932612 -0.00709655 0.999972 0.00238088 0.093915 -0.00294558 -0.00240184 0.999993 0.991202
15 23 764 0.999951 0.00787573 0.00607047 -0.200014 -0.0078875 0.999967 0.0019178 0.0997784 -0.00605516 -0.00196558 0.99998 0.974699
15 24 385 0.999989 0.00208802 0.0040794 0.405975 -0.00210118 0.999993 0.00322275 -0.00733417 -0.00407264 -0.00323129 0.999986 -0.913855
15 25 1043 0.999977 0.00500371 0.00463199 -0.170011 -0.00502486 0.999977 0.0045665 0.0628813 -0.00460903 -0.00458967 0.999979 0.983434
15 26 1596 0.999976 0.00341017 0.00599158 -0.151191 -0.00342983 0.999989 0.00327351 -0.0780242 -0.00598035 -0.00329399 0.999977 0.98542
15 27 7363 0.999691 0.00719419 -0.0238053 0.894642 -0.00680351 0.999842 0.016452 -0.439091 0.0239199 -0.016285 0.999581 0.0825469
15 28 7199 0.999793 0.000201566 -0.020332 0.849044 -0.000186331 1 0.000751205 0.00468955 0.0203321 -0.000747261 0.999793 0.528301
15 29 4372 0.999929 0.00314385 -0.0114702 0.848771 -0.00312665 0.999994 0.00151728 -0.165296 0.0114749 -0.00148131 0.999933 0.502261
30 31 569 0.999998 0.00144075 0.00167386 -0.159123 -0.00143338 0.999989 -0.00439751 0.123491 -0.00168017 0.0043951 0.999989 -0.979505
30 32 84 0.999951 -0.00406828 0.0089822 -0.911206 0.00408484 0.99999 -0.00182712 -0.372148 -0.00897468 0.00186372 0.999958 0.176661
30 33 586 0.999976 -0.00215637 0.00655817 -0.0491242 0.00219019 0.999984 -0.00515394 0.0197825 -0.00654695 0.00516818 0.999965 0.998597
30 34 195 1 0.0002732 0.000926013 0.950766 -0.000263365 0.999944 -0.0106052 -0.0605779 -0.000928858 0.010605 0.999943 0.30393
30 35 722 0.999921 4.60432e-05 0.0125327 -0.0195968 0.000122716 0.999909 -0.0134644 -0.0477488 -0.0125322 0.0134649 0.999831 0.998667
30 36 186 0.999883 -0.00635674 0.0139406 0.591917 0.0065527 0.99988 -0.0140566 -0.00366478 -0.0138496 0.0141463 0.999804 -0.805991
30 37 593 0.999961 -0.00847309 0.00244914 0.969827 0.00850866 0.999853 -0.0148959 0.242701 -0.00232256 0.0149162 0.999886 0.023079
30 38 53 0.999824 -0.00909543 0.0163973 0.916506 0.00924218 0.999918 -0.00889627 0.179608 -0.016315 0.00904625 0.999826 -0.357432
30 39 95 0.999735 -0.0072859 0.0218596 -0.889689 0.00746838 0.999938 -0.00827776 0.412154 -0.021798 0.00843882 0.999727 -0.196423
30 40 821 0.999685 -0.00925449 0.023317 0.370847 0.00934173 0.99995 -0.00363541 -0.0868776 -0.0232821 0.00385208 0.999722 -0.924621
30 41 7212 0.999953 -0.00960119 -0.00138531 0.956845 0.00959368 0.99994 -0.00532833 0.210306 0.00143638 0.00531479 0.999985 0.200547
30 42 7431 0.999905 -0.00620344 -0.0122847 0.966274 0.00628413 0.999959 0.00654075 -0.177804 0.0122437 -0.00661733 0.999903 0.186282
30 43 242 0.999583 -0.00833542 0.0276346 -0.595934 0.0084449 0.999957 -0.00384737 -0.0284519 -0.0276013 0.00407914 0.999611 0.802529
30 44 697 0.999671 -0.00528265 0.0250868 -0.199158 0.0053187 0.999985 -0.00137059 0.0768125 -0.0250792 0.00150357 0.999684 0.976952
45 46 164 0.99992 0.0120895 -0.0037175 0.280948 -0.0120376 0.999834 0.0136642 -0.951507 0.00388208 -0.0136183 0.9999 -0.125308
45 47 816 0.999844 0.0133244 -0.0115644 0.920194 -0.0131573 0.99981 0.014409 -0.356454 0.0117541 -0.0142546 0.999829 -0.161814
45 48 78 0.999793 0.0194936 0.00582118 0.568917 -0.0195826 0.999686 0.0156449 -0.607304 -0.00551437 -0.0157557 0.999861 -0.554541
45 49 469 0.999753 0.0205241 0.00853952 -0.237203 -0.0206551 0.999666 0.0155487 0.0271733 -0.00821754 -0.0157212 0.999843 0.97108
45 50 351 0.999797 0.0199735 0.00274355 -0.30571 -0.0200177 0.999652 0.0171623 0.170653 -0.0023998 -0.0172137 0.999849 0.936706
45 51 856 0.99976 0.0218653 -0.00142217 0.0228706 -0.0218374 0.999611 0.0173483 -0.0356318 0.00180094 -0.0173131 0.999848 0.999103
45 52 900 0.999679 0.0186234 -0.0171565 0.876294 -0.0184247 0.999762 0.0116672 0.0987363 0.0173697 -0.0113473 0.999785 0.471551
45 53 1021 0.999696 0.0238569 -0.00618768 0.180192 -0.0237887 0.999658 0.010865 0.0441247 0.00644477 -0.0107145 0.999922 0.982641
45 54 7113 0.998923 0.0293794 -0.0358996 0.973826 -0.0292469 0.999563 0.00420935 0.0484456 0.0360076 -0.00315487 0.999347 0.222073
45 55 664 0.999544 0.0267633 -0.013971 -0.0970053 -0.0267039 0.999634 0.00442114 0.0757029 0.0140842 -0.00404605 0.999893 0.992401
45 56 407 0.999199 0.0269891 -0.0295359 0.950276 -0.0269368 0.999635 0.00216636 -0.0421993 0.0295836 -0.00136902 0.999561 0.308536
45 57 759 0.999285 0.0310537 -0.0215555 0.304047 -0.0310601 0.999518 4.11113e-05 0.0770699 0.0215463 0.000628432 0.999768 -0.949534
45 58 6971 0.998019 0.0294257 -0.05561 0.980303 -0.0292681 0.999565 0.00364778 -0.1874 0.0556932 -0.00201296 0.998446 -0.0623493
45 59 605 0.998809 0.0263633 -0.0410635 0.949703 -0.0264174 0.999651 -0.000775225 -0.0496616 0.0410287 0.00185909 0.999156 -0.309189
60 61 521 1 -0.000824 0.000217323 0.0818145 0.000823565 0.999998 0.00199587 -0.0309261 -0.000218967 -0.00199569 0.999998 0.996168
60 62 590 0.999985 0.0052776 0.00134655 0.127213 -0.00526777 0.99996 -0.00720354 0.97248 -0.00138451 0.00719634 0.999973 0.195192
60 63 624 0.999976 0.00336536 0.00607096 0.372923 -0.00342377 0.999948 0.00963597 0.0480778 -0.00603821 -0.00965652 0.999935 -0.926616
60 64 6524 0.999935 0.00747509 -0.00863102 0.956421 -0.0074519 0.999969 0.002715 0.155221 0.00865105 -0.00265051 0.999959 0.247316
60 65 718 0.99975 0.00928191 0.0203579 -0.209551 -0.00938318 0.999944 0.00488454 0.0104822 -0.0203114 -0.00507433 0.999781 0.977742
60 66 1211 0.999974 0.00521735 0.00504006 0.993453 -0.00522565 0.999985 0.00163592 0.0890564 -0.00503145 -0.00166221 0.999986 0.0715513
60 67 990 0.999604 0.0130924 0.024906 -0.228727 -0.0130899 0.999914 -0.000261472 0.0683796 -0.0249073 -6.46499e-05 0.99969 0.971086
60 68 5248 0.999946 0.00993192 0.00314602 0.986493 -0.00993066 0.999951 -0.000415826 -0.0644637 -0.00315 0.000384561 0.999995 0.150587
60 69 7059 0.99974 0.0145496 -0.0175822 0.999187 -0.0146415 0.99988 -0.0051077 -0.00164865 0.0175058 0.0053638 0.999832 0.040288
60 70 1583 0.999551 0.0151825 0.0258503 0.649966 -0.0151546 0.999884 -0.00127614 -0.142778 -0.0258667 0.000883816 0.999665 -0.746431
60 71 6726 0.999608 0.020133 -0.0194442 0.997462 -0.0200865 0.999795 0.00258289 -0.0684076 0.0194922 -0.00219131 0.999808 0.0197631
60 72 5553 0.999691 0.0124775 0.021486 0.89683 -0.012442 0.999921 -0.00178769 -0.0164989 -0.0215066 0.00151981 0.999768 0.442068
60 73 6495 0.999725 0.0200182 0.0122533 0.976509 -0.0200842 0.999784 0.00529093 -0.212011 -0.0121447 -0.00553557 0.999911 0.0384861
60 74 6386 0.999803 0.016289 0.0113342 0.949011 -0.0163066 0.999866 0.00146463 -0.260507 -0.0113088 -0.00164917 0.999935 0.177523
75 76 385 0.999995 -0.00126646 -0.00272991 0.436812 0.00125896 0.999995 -0.00274605 0.188999 0.00273337 0.0027426 0.999993 -0.879474
75 77 370 0.999984 -0.000954942 -0.00552477 0.557834 0.000954782 1 -3.14805e-05 -0.134548 0.00552479 2.6205e-05 0.999985 -0.818973
75 78 7396 0.999545 -0.00178774 -0.0301119 0.997935 0.00182704 0.999998 0.00127768 -0.0224199 0.0301095 -0.00133211 0.999546 0.0601902
75 79 747 0.99996 0.00667078 0.00602166 -0.0119568 -0.00665007 0.999972 -0.00345188 0.209727 -0.00604452 0.00341169 0.999976 0.977687
75 80 391 0.99999 0.00373676 0.00262489 0.873407 -0.00372681 0.999986 -0.00378365 0.105611 -0.00263899 0.00377383 0.999989 -0.475402
75 81 1061 0.999951 -0.00654716 0.00748869 0.243544 0.00654984 0.999978 -0.000333758 0.0943926 -0.00748634 0.000382791 0.999972 -0.965286
75 82 2225 0.999895 -0.00503153 -0.0135708 0.934359 0.00507438 0.999982 0.00312512 -0.0851409 0.0135549 -0.00319365 0.999903 0.346012
75 83 1224 0.999978 0.00294663 0.00586817 0.314724 -0.00295432 0.999995 0.00130214 -0.0833212 -0.0058643 -0.00131945 0.999982 -0.945519
75 84 6966 0.999567 0.000999698 -0.0294159 0.99449 -0.000787993 0.999974 0.00720767 -0.0981977 0.0294223 -0.00718137 0.999541 0.0366984
75 85 6898 0.999511 -0.000409654 -0.0312524 0.994727 0.000687512 0.99996 0.00888057 -0.0816431 0.0312475 -0.00889772 0.999472 0.0620743
75 86 5208 0.999802 -0.00788281 -0.0182609 0.979143 0.00797567 0.999956 0.00501759 0.191958 0.0182206 -0.00516224 0.999821 -0.0665737
75 87 6734 0.99935 0.00324765 -0.0358928 0.993791 -0.00265078 0.999858 0.0166644 -0.0103304 0.0359419 -0.0165584 0.999217 0.110779
75 88 6479 0.999316 0.00997042 -0.035604 0.979536 -0.00913975 0.999684 0.0234179 -0.113182 0.0358262 -0.0230765 0.999092 0.166431
75 89 6470 0.999779 0.00359814 -0.0206887 0.967424 -0.00323868 0.999844 0.0173821 0.011344 0.0207481 -0.0173113 0.999635 0.252907
90 91 54 0.999991 -0.00251379 0.00343312 -0.837943 0.00249133 0.999976 0.00652935 0.174067 -0.00344945 -0.00652074 0.999973 -0.517254
90 92 1364 0.999818 0.013435 0.0135247 0.03289 -0.013515 0.999892 0.00584045 0.247081 -0.0134447 -0.00602217 0.999891 0.968436
90 93 6869 0.999897 0.0133617 -0.0053282 0.883168 -0.0133217 0.999883 0.00746733 -0.0364071 0.00542735 -0.00739557 0.999958 0.467643
90 94 1031 0.9997 0.0130002 0.0207568 0.538722 -0.0132207 0.999857 0.0105187 -0.301765 -0.0206171 -0.01079 0.999729 0.786585
90 95 7164 0.999896 0.0137425 -0.00440182 0.860523 -0.0137669 0.99989 -0.00556837 0.22152 0.00432481 0.00562839 0.999975 0.458726
90 96 6931 0.999967 0.00730208 0.00351161 0.815884 -0.00732423 0.999953 0.00633615 -0.170545 -0.00346518 -0.00636166 0.999974 0.552493
90 97 6993 0.999968 0.0052176 -0.00612873 0.828972 -0.00513316 0.999893 0.0137135 -0.395185 0.00619963 -0.0136816 0.999887 0.39577
90 98 5981 0.999963 0.00469443 0.00724202 0.651623 -0.00468574 0.999988 -0.00121581 -0.253143 -0.00724765 0.00118183 0.999973 0.715056
90 99 6623 0.99918 0.00480407 -0.0401966 0.965928 -0.00552524 0.999825 -0.0178492 0.00247098 0.0401038 0.0180566 0.999032 0.2588
90 100 6442 0.998697 0.0054021 -0.0507507 0.975033 -0.00595453 0.999925 -0.0107403 -0.0975037 0.0506889 0.0110285 0.998654 0.199507
90 101 6199 0.999911 -0.0105103 -0.00817539 0.814974 0.0103482 0.999754 -0.019622 -0.132989 0.00837961 0.0195357 0.999774 0.564031
90 102 6191 0.999191 -0.00632298 -0.0397217 0.936636 0.00547872 0.999758 -0.0213273 -0.185887 0.0398469 0.0210924 0.998983 0.296916
90 103 5832 0.998282 -0.00475425 -0.0583978 0.959471 0.00404962 0.999918 -0.0121786 -0.236653 0.0584508 0.0119212 0.998219 0.153005
90 104 5736 0.999536 -0.00955114 -0.0289254 0.977897 0.00849949 0.999306 -0.0362644 -0.0758625 0.0292517 0.0360017 0.998924 0.194839
105 106 564 0.999973 0.00407136 0.00608565 0.258951 -0.00405237 0.999987 -0.00312835 -0.211185 -0.0060983 0.00310361 0.999977 -0.942521
105 107 6053 0.99997 0.00434889 -0.00646274 0.852111 -0.00432586 0.999984 0.00357331 -0.470593 0.00647818 -0.00354525 0.999973 -0.229018
105 108 1283 0.999785 0.00916145 0.0186108 0.337069 -0.0089386 0.999888 -0.0120223 -0.0371252 -0.0187188 0.0118534 0.999755 -0.940748
105 109 1793 0.999771 0.00569206 0.0206482 0.367218 -0.00533412 0.999835 -0.017349 0.0488958 -0.0207436 0.0172349 0.999636 -0.928849
105 110 1926 0.999744 0.00557426 0.0219184 0.422395 -0.00526652 0.999887 -0.0140732 -0.0655813 -0.0219944 0.0139542 0.999661 -0.904036
105 111 6703 0.999888 0.00901219 -0.0119118 0.914838 -0.00928458 0.999692 -0.0230139 0.162259 0.0117007 0.023122 0.999664 -0.369788
105 112 6483 0.999971 0.00758878 0.000434611 0.811425 -0.00758374 0.999915 -0.0106026 -0.159945 -0.000515034 0.010599 0.999944 -0.562144
105 113 4352 0.999917 0.005812 0.0114828 0.694822 -0.00559977 0.999814 -0.0184287 -0.0223983 -0.0115878 0.0183629 0.999764 -0.718833
105 114 4785 0.999802 0.00684627 0.0186622 0.404599 -0.00654601 0.999849 -0.0161031 0.0544179 -0.0187697 0.0159777 0.999696 -0.912874
105 115 6206 0.999942 0.00892612 -0.0059669 0.815315 -0.00903732 0.999781 -0.0188773 0.156332 0.00579709 0.0189302 0.999804 -0.557513
105 116 6090 0.999734 0.0127073 -0.0192396 0.864428 -0.0128837 0.999876 -0.00907244 0.0143732 0.019122 0.00931791 0.999774 -0.50255
105 117 5867 0.999936 0.00595074 0.00966393 0.640562 -0.0058735 0.999951 -0.00800201 0.0761847 -0.00971107 0.00794473 0.999921 -0.764118
105 118 5924 0.999753 0.0092239 -0.0202151 0.842279 -0.00933312 0.999942 -0.00531532 0.0988328 0.0201649 0.00550267 0.999782 -0.529905
105 119 5813 0.99981 0.00899503 0.017303 0.637105 -0.00891018 0.999948 -0.00497412 0.15942 -0.0173469 0.004819 0.999838 -0.754111
120 121 882 0.999985 0.00401817 0.00371635 0.128247 -0.00404551 0.999965 0.00737861 0.124206 -0.00368657 -0.00739353 0.999966 -0.983934
120 122 1131 0.999967 0.00635156 0.00502664 0.175071 -0.00641447 0.9999 0.0125996 -0.0531882 -0.00494611 -0.0126314 0.999908 -0.983118
120 123 971 0.99985 0.0117474 0.0127224 -0.206221 -0.0119177 0.999839 0.0133931 0.016072 -0.012563 -0.0135427 0.999829 -0.978373
120 124 2644 0.999755 0.0188684 0.0115511 0.330947 -0.0189847 0.999769 0.0100429 0.117535 -0.011359 -0.0102597 0.999883 -0.936301
120 125 6429 0.999617 0.0276713 -0.000252347 0.822644 -0.0276708 0.999616 0.00163815 0.269578 0.000297579 -0.00163054 0.999999 -0.500584
120 126 6417 0.999451 0.0330635 -0.00202645 0.727427 -0.0330775 0.999426 -0.00733687 0.408235 0.0017827 0.00739987 0.999971 -0.551538
120 127 6200 0.999484 0.0321116 -0.00114391 0.662728 -0.0321144 0.999481 -0.00260267 0.216831 0.00105974 0.00263806 0.999996 -0.716781
120 128 6166 0.999381 0.0350135 -0.00341781 0.515216 -0.0350139 0.999387 -6.11925e-05 0.188582 0.00341357 0.000180825 0.999994 -0.836056
120 129 6246 0.999496 0.0308624 -0.00740322 0.523238 -0.0309253 0.999485 -0.0085368 0.313376 0.00713594 0.00876145 0.999936 -0.792475
120 130 6273 0.998971 0.0378651 -0.0249811 0.653612 -0.0381767 0.999198 -0.0121167 0.311405 0.0245023 0.0130579 0.999614 -0.689795
120 131 6190 0.999083 0.0385664 -0.018576 0.493391 -0.0386679 0.999239 -0.00513871 0.245881 0.0183637 0.0058523 0.999814 -0.83433
120 132 6274 0.998921 0.038748 -0.0255907 0.520586 -0.0389091 0.999226 -0.00582633 0.304476 0.0253451 0.00681576 0.999656 -0.797675
120 133 6197 0.997284 0.0416415 -0.0607566 0.70461 -0.0433652 0.998685 -0.0273334 0.472024 0.0595386 0.0298939 0.997778 -0.529828
120 134 6028 0.998148 0.0380968 -0.0474252 0.61316 -0.0386957 0.999182 -0.0117746 0.373456 0.0469378 0.013588 0.998805 -0.696107
135 136 677 0.999997 0.00104588 -0.00212034 0.316099 -0.0010369 0.999991 0.00423098 -0.0681811 0.00212474 -0.00422877 0.999989 -0.946273
135 137 933 0.999999 0.000593096 -0.000971748 0.100785 -0.00059054 0.999996 0.00262812 0.0140088 0.000973304 -0.00262754 0.999996 -0.99481
135 138 1433 0.999967 0.00140849 -0.00796375 0.343561 -0.00137198 0.999989 0.00458919 -0.0201946 0.00797013 -0.00457812 0.999958 -0.938913
135 139 2464 0.999953 -0.00274388 -0.00928682 0.242098 0.00279466 0.999981 0.00545932 0.18386 0.00927167 -0.00548502 0.999942 -0.952672
135 140 3273 0.999894 0.0026512 -0.0143446 0.462031 -0.00263061 0.999995 0.00145356 0.458857 0.0143484 -0.00141567 0.999896 -0.758932
135 141 4497 0.999861 0.00458368 -0.0160493 0.414968 -0.00444525 0.999953 0.0086506 0.11088 0.0160882 -0.00857805 0.999834 -0.903054
135 142 6220 0.999587 0.0129542 -0.0256561 0.457911 -0.0128249 0.999904 0.00519446 0.271325 0.025721 -0.00486327 0.999657 -0.846582
135 143 6666 0.998616 0.0128179 -0.0510168 0.754637 -0.0125212 0.999903 0.00613119 0.204005 0.0510904 -0.0054839 0.998679 -0.623622
135 144 6389 0.999217 0.0132986 -0.0372694 0.581958 -0.0129574 0.999872 0.00938002 0.252233 0.0373894 -0.00888976 0.999261 -0.773113
135 145 6360 0.998702 0.0182728 -0.0475516 0.602949 -0.0179844 0.999817 0.00648543 0.354884 0.0476614 -0.00562183 0.998848 -0.7145
135 146 6124 0.997655 0.0229298 -0.0644951 0.730816 -0.0227652 0.999735 0.00328739 0.401865 0.0645534 -0.00181144 0.997913 -0.551736
135 147 5910 0.998697 0.0274859 -0.0430084 0.484785 -0.0264993 0.999376 0.0233447 0.289985 0.0436232 -0.0221746 0.998802 -0.825162
135 148 5908 0.997881 0.0427408 -0.0490484 0.577091 -0.0410025 0.998513 0.0359164 0.217716 0.0505106 -0.0338292 0.99815 -0.787125
135 149 5590 0.997937 0.0366702 -0.0526918 0.543586 -0.0351186 0.99893 0.0300772 0.336565 0.0537383 -0.0281647 0.998158 -0.768921
150 151 185 0.999918 0.0128217 -2.42964e-05 0.324657 -0.0128215 0.999912 0.00335052 0.913745 6.72536e-05 -0.00334993 0.999994 0.244272
150 152 350 0.999827 0.0179957 0.00473279 -0.049778 -0.018077 0.999679 0.0177313 -0.763922 -0.00441218 -0.0178137 0.999832 -0.643386
150 153 264 0.999702 0.024401 0.000449867 0.582574 -0.0244038 0.99967 0.00798179 0.348011 -0.000254955 -0.00799039 0.999968 0.734504
150 154 1416 0.999781 0.0207477 -0.00285021 0.131873 -0.0207136 0.999719 0.0114956 9.856e-05 0.00308792 -0.0114341 0.99993 -0.991267
150 155 1134 0.999722 0.0226186 -0.0066969 -0.0168463 -0.0225137 0.999629 0.0153443 -0.14209 0.00704148 -0.0151893 0.99986 -0.98971
150 156 1425 0.999566 0.0286707 -0.00683793 0.0368085 -0.0285323 0.999402 0.0195523 -0.155649 0.00739442 -0.0193487 0.999785 -0.987126
150 157 2109 0.999501 0.0307153 -0.00741065 0.0490631 -0.0305761 0.999367 0.0182121 0.105118 0.00796534 -0.0179764 0.999807 -0.993249
150 158 4050 0.99894 0.0385041 -0.0252162 0.645408 -0.0381262 0.999156 0.0152992 0.26647 0.025784 -0.0143216 0.999565 -0.715851
150 159 4730 0.998425 0.0399864 -0.0393474 0.805371 -0.0395562 0.999149 0.0116543 0.310448 0.03978 -0.0100795 0.999158 -0.504974
150 160 4975 0.998129 0.0352917 -0.0499367 0.728797 -0.0350277 0.999367 0.00615347 0.320215 0.0501223 -0.00439279 0.998733 -0.605241
150 161 4992 0.996589 0.038404 -0.0730432 0.827163 -0.0386092 0.999253 -0.00139917 0.357828 0.0729349 0.00421454 0.997328 -0.433313
150 162 4764 0.997492 0.0451783 -0.0544881 0.603261 -0.0440521 0.998794 0.0216969 0.133034 0.0554026 -0.0192421 0.998279 -0.786371
150 163 4351 0.998354 0.0388819 -0.0421646 0.458588 -0.0379706 0.999032 0.0222042 0.214476 0.0429872 -0.0205666 0.998864 -0.862379
150 164 4746 0.994261 0.0461933 -0.0964976 0.763357 -0.0458073 0.998931 0.00621271 0.345997 0.0966815 -0.00175675 0.995314 -0.545502
165 166 570 0.999975 0.00662185 -0.00256405 -0.171312 -0.00660572 0.999959 0.0062478 0.146951 0.00260531 -0.0062307 0.999977 -0.974196
165 167 697 0.999885 0.0118374 -0.00949258 0.434731 -0.0117361 0.999874 0.0106559 -0.15529 0.00961753 -0.0105433 0.999898 -0.88707
165 168 1896 0.999823 0.0143962 -0.0121123 0.294946 -0.0143041 0.999868 0.00765773 0.221833 0.012221 -0.00748312 0.999897 -0.929407
165 169 6285 0.999449 0.0178536 -0.0279778 0.692213 -0.0179049 0.999838 -0.00158498 0.520354 0.027945 0.00208504 0.999607 -0.500072
165 170 6686 0.999122 0.0195648 -0.0370425 0.747674 -0.0192852 0.999783 0.00789093 0.142604 0.0371889 -0.00716963 0.999283 -0.648573
165 171 6257 0.999239 0.0257148 -0.0293273 0.454424 -0.0253911 0.999613 0.0113565 0.197392 0.029608 -0.0106032 0.999505 -0.86864
165 172 4630 0.999546 0.0203154 -0.0222387 0.306203 -0.0201123 0.999754 0.00931941 0.244906 0.0224226 -0.00886791 0.999709 -0.919924
165 173 5815 0.999428 0.0180934 -0.0285572 0.292541 -0.0179107 0.999818 0.00663924 0.24016 0.0286722 -0.00612396 0.99957 -0.925604
165 174 6559 0.998779 0.021035 -0.0446943 0.429311 -0.0207283 0.999758 0.00731545 0.251326 0.0448374 -0.00638009 0.998974 -0.867484
165 175 6235 0.998123 0.0355042 -0.0499034 0.532651 -0.0343366 0.999121 0.0240637 0.0500674 0.0507139 -0.022305 0.998464 -0.844853
165 176 6200 0.996275 0.0336139 -0.0794135 0.706017 -0.034521 0.999353 -0.0100776 0.419318 0.0790234 0.0127815 0.996791 -0.570712
165 177 6076 0.997417 0.0457173 -0.0554009 0.549956 -0.045427 0.998947 0.00648984 0.270821 0.0556392 -0.00395638 0.998443 -0.790066
165 178 5992 0.993268 0.0560507 -0.101376 0.783454 -0.0580301 0.998175 -0.01668 0.374592 0.100256 0.0224506 0.994708 -0.495863
165 179 5855 0.992376 0.0567504 -0.109403 0.79936 -0.0608099 0.997566 -0.034131 0.4448 0.1072 0.0405236 0.993411 -0.40395
180 181 689 0.999995 0.00231704 0.00201104 -0.39654 -0.00231863 0.999997 0.000790985 0.0182413 -0.0020092 -0.000795644 0.999998 -0.917836
180 182 1244 0.999895 0.0144649 -0.000425985 0.430076 -0.0144642 0.999894 0.00150081 -0.301606 0.000447649 -0.0014945 0.999999 -0.850922
180 183 2143 0.999852 0.0166221 0.00433224 0.196455 -0.0165863 0.999829 -0.00817787 0.104577 -0.00446743 0.00810481 0.999957 -0.97492
180 184 2821 0.999903 0.0133763 0.00392626 0.133723 -0.0133186 0.999808 -0.0143498 0.330185 -0.00411746 0.0142961 0.999889 -0.934396
180 185 7344 0.998826 0.0205409 -0.0438679 0.837186 -0.0218999 0.999288 -0.0307278 0.370503 0.0432055 0.0316524 0.998565 -0.402302
180 186 7205 0.999257 0.0235176 -0.0305507 0.750471 -0.0241161 0.999521 -0.0193738 0.242595 0.0300805 0.0200962 0.999345 -0.614769
180 187 7221 0.998739 0.0269927 -0.0423218 0.80136 -0.0283345 0.999104 -0.0314326 0.33452 0.0414354 0.0325921 0.998609 -0.495901
180 188 7020 0.99768 0.0405964 -0.0546482 0.83825 -0.0418409 0.998886 -0.0218253 0.123131 0.0537013 0.0240612 0.998267 -0.531202
180 189 6759 0.999015 0.0386037 -0.0218897 0.508506 -0.0390333 0.999047 -0.0195505 0.155406 0.0211141 0.0203857 0.999569 -0.846918
180 190 6518 0.999409 0.0252432 -0.0233394 0.442163 -0.0257998 0.999382 -0.0238597 0.231442 0.0227227 0.0244477 0.999443 -0.86656
180 191 6541 0.997703 0.020717 -0.064502 0.703551 -0.0232064 0.999005 -0.0380876 0.307005 0.0636488 0.0394969 0.99719 -0.640908
180 192 6280 0.999073 0.017989 -0.0390998 0.477612 -0.0192119 0.999331 -0.0311287 0.257865 0.0385136 0.031851 0.99875 -0.839876
180 193 6118 0.996146 0.0371443 -0.0794577 0.710891 -0.0394961 0.998821 -0.0282345 0.147632 0.0783153 0.031264 0.996438 -0.687633
180 194 5816 0.996851 0.0217203 -0.0762611 0.647064 -0.0249767 0.998805 -0.0420108 0.308399 0.0752574 0.0437833 0.996202 -0.697279
195 196 1650 0.999817 0.00214598 -0.0190306 0.851041 -0.00196386 0.999952 0.00958304 -0.153061 0.0190502 -0.00954391 0.999773 -0.502296
195 197 1293 0.999896 0.00452131 -0.0137189 0.400518 -0.00423916 0.99978 0.0205266 -0.321575 0.0138087 -0.0204663 0.999695 -0.858006
195 198 2903 0.99944 -0.00361877 -0.0332736 0.741801 0.00444442 0.999683 0.0247736 -0.0207809 0.0331734 -0.0249076 0.999139 -0.670298
195 199 2481 0.999436 -0.00546501 -0.0331336 0.51265 0.00644837 0.99954 0.0296445 0.0168594 0.0329564 -0.0298414 0.999011 -0.858432
195 200 2154 0.999409 -0.000941511 -0.0343641 0.629621 0.00230469 0.999211 0.0396506 -0.00921508 0.0342996 -0.0397063 0.998623 -0.776848
195 201 6261 0.996854 0.00925061 -0.0787209 0.95668 -0.0056802 0.99895 0.045459 -0.091734 0.0790588 -0.0448688 0.99586 -0.276312
195 202 6309 0.996636 0.0134567 -0.0808373 0.891415 -0.00982039 0.998929 0.0452136 -0.107467 0.0813591 -0.0442676 0.995701 -0.440261
195 203 5786 0.997671 0.0302836 -0.0611173 0.712952 -0.0267262 0.997947 0.0582078 -0.22779 0.0627546 -0.0564388 0.996432 -0.663183
195 204 5844 0.994649 0.0346094 -0.0973389 0.893748 -0.028863 0.997791 0.0598359 -0.159626 0.0991947 -0.0567062 0.993451 -0.419207
195 205 5656 0.992269 0.036859 -0.118503 0.949917 -0.0294693 0.997546 0.0635172 -0.21666 0.120553 -0.0595339 0.99092 -0.225204
195 206 5647 0.99669 0.0323591 -0.0745803 0.796981 -0.0287807 0.998405 0.0485654 -0.132086 0.0760329 -0.0462582 0.996032 -0.589385
195 207 5608 0.995098 0.0351404 -0.0924437 0.87648 -0.0305548 0.998253 0.0505614 -0.128445 0.094059 -0.0474889 0.994433 -0.463988
195 208 5487 0.990952 0.0358414 -0.129342 0.968179 -0.0304926 0.998605 0.0431005 -0.0445352 0.130707 -0.0387666 0.990663 -0.246263
195 209 4385 0.99746 0.0515372 -0.0491695 0.648827 -0.0495074 0.997905 0.0416434 -0.119906 0.0512127 -0.0391033 0.997922 -0.751429
210 211 271 0.999975 0.00703792 -0.000832134 0.72931 -0.00703455 0.999967 0.00398626 -0.537079 0.000860161 -0.00398031 0.999992 -0.423855
210 212 600 0.999916 0.00188315 0.0127879 0.402377 -0.00184572 0.999994 -0.00293799 0.152505 -0.0127933 0.00291414 0.999914 -0.902682
210 213 7042 0.999685 0.00897071 -0.0234282 0.981638 -0.00903742 0.999955 -0.00274272 0.0611279 0.0234026 0.00295359 0.999722 -0.180695
210 214 6889 0.999823 0.00687125 -0.0175058 0.917863 -0.0068351 0.999974 0.00212384 0.0620937 0.0175199 -0.00200381 0.999845 -0.392011
210 215 2389 0.999804 0.00148446 0.0197397 0.723002 -0.00165199 0.999963 0.00847341 -0.0177891 -0.0197264 -0.00850436 0.999769 -0.690617
210 216 2072 0.999596 -0.011059 0.0262009 0.700095 0.0108179 0.999898 0.0093249 0.0862939 -0.0263013 -0.00903769 0.999613 -0.708817
210 217 6342 0.999304 0.000529533 -0.0373051 0.962481 0.000354761 0.999719 0.0236938 -0.030096 0.0373072 -0.0236905 0.999023 -0.269677
210 218 6308 0.999651 -0.0161404 -0.020913 0.895012 0.0166592 0.999552 0.0248731 0.0565216 0.0205022 -0.0252128 0.999472 -0.442447
210 219 5927 0.999705 -0.024113 -0.00295428 0.845225 0.0241902 0.999267 0.0296809 0.0539558 0.00223642 -0.0297436 0.999555 -0.53168
210 220 6123 0.998291 -0.02233 -0.0540098 0.98522 0.0239868 0.999255 0.0302246 0.0598096 0.0532947 -0.0314684 0.998083 -0.160514
210 221 5598 0.999943 -0.00834418 0.00659323 0.8541 0.00807958 0.999199 0.0391877 -0.131766 -0.00691494 -0.0391322 0.99921 -0.503142
210 222 5698 0.999971 0.00558051 -0.00525969 0.896808 -0.00535174 0.99908 0.04255 -0.21902 0.0054923 -0.0425206 0.99908 -0.384403
210 223 4312 0.999612 -0.012642 0.0248107 0.775574 0.0119773 0.99957 0.02676 -0.0335668 -0.0251384 -0.0264524 0.999334 -0.630363
210 224 5205 0.999702 0.0135547 0.020296 0.781776 -0.0143183 0.999176 0.0379652 -0.227554 -0.0197646 -0.0382445 0.999073 -0.580556
225 226 5188 0.999813 0.00730688 -0.0178908 0.939417 -0.00738559 0.999963 -0.00433732 0.0159473 0.0178584 0.00446865 0.999831 -0.342407
225 227 971 0.999947 0.00930209 0.00442022 0.316017 -0.00927161 0.999933 -0.00686666 0.0871598 -0.0044838 0.00682531 0.999967 -0.944741
225 228 6901 0.999506 0.0314202 -0.000141673 0.343603 -0.0314109 0.999302 0.0202304 -0.920212 0.000777217 -0.0202159 0.999795 -0.187477
225 229 7033 0.999358 0.0131934 -0.0332985 0.959694 -0.0134678 0.999877 -0.008032 0.0380883 0.0331884 0.00847531 0.999413 -0.278454
225 230 6828 0.99953 0.0189415 -0.0240875 0.894832 -0.018833 0.999811 0.0047252 -0.311459 0.0241725 -0.00426935 0.999699 -0.319796
225 231 6722 0.999321 0.0332839 -0.0157761 0.769076 -0.0331668 0.999421 0.00762359 -0.518026 0.0160207 -0.00709517 0.999846 -0.374394
225 232 6957 0.996864 0.0250757 -0.0750556 0.995263 -0.0260283 0.999592 -0.0117403 -0.0748701 0.0747306 0.013657 0.99711 -0.0620229
225 233 3514 0.999467 0.0326153 -0.00123975 0.793036 -0.032629 0.999378 -0.0133995 -0.487301 0.000801954 0.0134328 0.999909 -0.365557
225 234 3693 0.999878 0.014222 -0.00640637 0.831834 -0.0143891 0.999536 -0.0268429 -0.0633128 0.00602164 0.0269318 0.999619 -0.551401
225 235 3649 0.999659 0.0256891 -0.00457789 0.74618 -0.0257831 0.99943 -0.0218019 -0.287207 0.00401521 0.0219125 0.999752 -0.600606
225 236 2604 0.999575 0.0287762 0.00472083 0.673232 -0.0286406 0.999235 -0.0266318 -0.373555 -0.00548358 0.0264852 0.999634 -0.638134
225 237 6239 0.998814 0.00594655 -0.0483225 0.988304 -0.00752842 0.999439 -0.03262 -0.0709546 0.0481014 0.0329451 0.998299 -0.134987
225 238 3477 0.999531 0.0303915 -0.00370417 0.785733 -0.0304916 0.999058 -0.0308886 -0.182514 0.00276193 0.0309871 0.999516 -0.591027
225 239 6051 0.997376 0.0353343 -0.0631851 0.965254 -0.036715 0.999109 -0.0208261 -0.180494 0.0623929 0.0230913 0.997785 -0.188962
240 241 218 0.999998 0.000820411 -0.00196171 0.654909 -0.000826437 0.999995 -0.00307308 0.134534 0.00195918 0.00307469 0.999993 -0.743637
240 242 2011 0.999897 0.00461395 -0.0135582 0.869464 -0.00466963 0.999981 -0.00407785 -0.189663 0.0135391 0.00414075 0.9999 0.456136
240 243 3116 0.999838 0.011776 0.013644 -0.891547 -0.0115827 0.999833 -0.0141643 0.190852 -0.0138085 0.014004 0.999807 0.410755
240 244 4397 0.999713 0.00798255 -0.0225789 0.955891 -0.0082866 0.999876 -0.0134048 -0.0154541 0.0224691 0.013588 0.999655 0.293316
240 245 5065 0.99966 0.0187278 -0.0181372 0.79384 -0.0189622 0.999738 -0.0128365 -0.246421 0.017892 0.013176 0.999753 0.555962
240 246 6808 0.998245 0.00587975 -0.058932 0.924415 -0.0083061 0.999124 -0.0410119 0.212495 0.0586392 0.0414294 0.997419 0.316706
240 247 6110 0.999238 0.00173738 -0.0389904 0.986651 -0.00270367 0.99969 -0.0247439 0.126272 0.0389353 0.0248305 0.998933 0.102841
240 248 6351 0.999251 0.0161959 -0.0351406 0.970446 -0.0166458 0.999783 -0.0125488 0.00329635 0.0349297 0.0131244 0.999304 0.241296
240 249 5861 0.99956 0.0209224 -0.0210083 0.955631 -0.0210603 0.999758 -0.00636716 -0.0340639 0.02087 0.0068068 0.999759 0.29259
240 250 5502 0.999629 0.0207096 -0.0176747 0.956695 -0.0207479 0.999783 -0.00198656 -0.0102658 0.0176297 0.00235253 0.999842 0.290912
240 251 4223 0.999687 0.023961 0.00723207 0.901077 -0.0239918 0.999703 0.00421362 -0.074081 -0.00712896 -0.00438581 0.999965 0.427285
240 252 5240 0.999724 0.0231138 0.00411629 0.907078 -0.0231383 0.999714 0.00600984 -0.0491382 -0.0039762 -0.00610342 0.999973 0.418086
240 253 5133 0.999932 0.0101576 -0.00577779 0.880605 -0.0101469 0.999947 0.00188174 0.00561383 0.00579659 -0.00182299 0.999982 0.473818
240 254 4961 0.999968 -0.00676528 0.00431806 0.879326 0.00676522 0.999977 2.67176e-05 0.0349886 -0.00431815 2.49588e-06 0.999991 0.474932
255 256 837 0.999992 -0.00387939 2.7106e-05 0.422512 0.00387936 0.999992 0.00121321 -0.247555 -3.18123e-05 -0.0012131 0.999999 0.871895
255 257 5369 0.999607 -0.0250883 -0.0125214 0.856126 0.0249978 0.999661 -0.00733111 0.460453 0.0127011 0.00701522 0.999895 0.234587
255 258 4608 0.999259 -0.027177 0.0272698 -0.545924 0.0268442 0.999562 0.0124941 -0.361574 -0.0275974 -0.0117528 0.99955 0.755798
255 259 4051 0.999799 -0.0200382 -0.00114986 0.763066 0.0200404 0.999797 0.00190507 0.00745549 0.00111146 -0.00192773 0.999998 0.646277
255 260 4940 0.999837 -0.0180401 -0.00119472 0.804121 0.0180444 0.99983 0.00371511 -0.00984126 0.0011275 -0.00373607 0.999992 0.594385
255 261 6917 0.99985 -0.0118328 -0.0126424 0.940135 0.0118574 0.999928 0.00187032 0.0467826 0.0126193 -0.00201995 0.999918 0.337576
255 262 5401 0.999873 -0.0154288 -0.0040125 0.82649 0.0154445 0.999873 0.00389493 -0.0404185 0.0039519 -0.0039564 0.999984 0.561498
255 263 6357 0.99958 -0.0218742 -0.0189865 0.856366 0.0219942 0.999739 0.00613108 0.0771654 0.0188475 -0.0065461 0.999801 0.510571
255 264 6149 0.999416 -0.030346 -0.0156911 0.740063 0.0304092 0.99953 0.00380429 0.0665044 0.0155682 -0.00427922 0.99987 0.669241
255 265 6439 0.999193 -0.029053 -0.0277216 0.787876 0.0289774 0.999575 -0.0031257 0.129193 0.0278007 0.00231988 0.999611 0.60213
255 266 6078 0.999248 -0.0251127 -0.0295559 0.816706 0.0252214 0.999676 0.00331158 0.0667374 0.0294632 -0.00405453 0.999558 0.573183
255 267 6157 0.998738 -0.0236943 -0.044291 0.889978 0.0237946 0.999715 0.00173658 0.0683079 0.0442372 -0.00278827 0.999017 0.450859
255 268 6095 0.997991 -0.0311401 -0.0551747 0.842029 0.0307871 0.9995 -0.00723703 0.0764392 0.0553725 0.00552382 0.99845 0.533989
255 269 5751 0.999024 -0.0230492 -0.0376806 0.760509 0.0231411 0.99973 0.00200346 -0.034443 0.0376242 -0.00287347 0.999288 0.648413
270 271 1191 0.999988 0.00224817 -0.00444043 0.513919 -0.00223302 0.999992 0.00341406 -0.0564976 0.00444807 -0.00340411 0.999984 0.855976
270 272 7017 0.999818 0.0087495 -0.0169243 0.837166 -0.00867358 0.999952 0.00455426 -0.118493 0.0169634 -0.00440664 0.999846 0.533959
270 273 5678 0.999807 0.0196404 -0.000703117 0.673198 -0.0196338 0.999772 0.00842919 -0.253838 0.000868509 -0.00841375 0.999964 0.694529
270 274 6940 0.999907 0.00999787 -0.00932578 0.732676 -0.00998929 0.99995 0.000965414 0.00572071 0.00933496 -0.000872166 0.999956 0.680553
270 275 6746 0.999877 0.00839762 -0.0132502 0.74209 -0.00833066 0.999952 0.00510063 -0.0789309 0.0132924 -0.00498962 0.999899 0.665637
270 276 6775 0.999598 0.00419693 -0.028023 0.850378 -0.00425613 0.999989 -0.00205303 0.0605765 0.0280141 0.00217147 0.999605 0.522674
270 277 6740 0.999766 0.0117023 -0.0182006 0.789238 -0.0115241 0.999885 0.00986958 -0.103836 0.018314 -0.00965753 0.999786 0.605246
270 278 6170 0.999876 0.0111906 -0.011105 0.695974 -0.0110901 0.999897 0.00907463 -0.107803 0.0112054 -0.00895035 0.999897 0.709928
270 279 6106 0.999761 0.0132057 -0.017427 0.803851 -0.0130486 0.999873 0.00909865 -0.0503424 0.017545 -0.00886908 0.999807 0.592696
270 280 5904 0.99987 0.00575433 -0.0150849 0.756285 -0.00564453 0.999957 0.00731179 -0.0297532 0.0151263 -0.00722569 0.999859 0.653566
270 281 5691 0.999772 0.021348 -0.000625968 0.672107 -0.0213358 0.999652 0.0154823 -0.13329 0.000956267 -0.0154654 0.99988 0.728358
270 282 5635 0.999246 0.0192882 -0.0336813 0.842712 -0.0193036 0.999814 -0.000132218 0.0142726 0.0336724 0.000782289 0.999433 0.538176
270 283 5559 0.999592 0.0177327 -0.0223874 0.794843 -0.0175879 0.999823 0.00664682 -0.0255734 0.0225013 -0.00625036 0.999727 0.606277
270 284 5371 0.999621 0.0273856 0.00265646 0.692505 -0.0274294 0.999459 0.0181541 -0.148077 -0.00215787 -0.0182201 0.999832 0.706052
285 286 2331 0.999996 0.00244717 -0.00172651 0.640109 -0.00245146 0.999994 -0.00248399 -0.00490701 0.00172042 0.00248821 0.999995 0.768269
285 287 2282 0.999975 0.00499398 0.0049131 0.493279 -0.00495312 0.999953 -0.00829329 -0.174066 -0.00495429 0.00826875 0.999954 0.852277
285 288 2569 0.999965 0.0046248 0.00698444 0.640835 -0.00457845 0.999967 -0.00663825 -0.229811 -0.00701492 0.00660604 0.999954 0.732473
285 289 6400 1 -0.000490343 0.000441473 0.658337 0.000492592 0.999987 -0.005109 -0.296631 -0.000438962 0.00510922 0.999987 0.691811
285 290 6343 0.99998 0.00613333 -0.0014996 0.676924 -0.00614749 0.999935 -0.00962952 -0.290738 0.00144044 0.00963855 0.999953 0.676199
285 291 6383 0.999898 0.0126682 -0.00653812 0.904498 -0.0127585 0.999821 -0.0139734 -0.185169 0.00635993 0.0140554 0.999881 0.384181
285 292 6499 0.999866 0.0161056 -0.00292781 0.725074 -0.0161375 0.999807 -0.0112334 -0.287996 0.00274632 0.0112791 0.999933 0.625561
285 293 5367 0.999878 0.0152406 0.00334487 0.619715 -0.0151827 0.999745 -0.0166932 -0.261534 -0.00359843 0.0166403 0.999855 0.739969
285 294 6355 0.999689 0.0157445 -0.019317 0.830948 -0.0161162 0.999685 -0.019239 -0.196766 0.019008 0.0195443 0.999628 0.520392
285 295 6041 0.999513 0.027814 -0.0141295 0.797241 -0.028042 0.999475 -0.0161989 -0.245171 0.0136716 0.0165872 0.999769 0.551632
285 296 5367 0.999373 0.0352462 -0.00322064 0.658728 -0.0353021 0.999189 -0.0193673 -0.292696 0.0025354 0.0194689 0.999807 0.693114
285 297 5921 0.998756 0.0467781 -0.0172521 0.791456 -0.0471291 0.998678 -0.020537 -0.275766 0.0162686 0.0213245 0.99964 0.545482
285 298 5802 0.99846 0.0444815 -0.0331513 0.82598 -0.0451013 0.998817 -0.0181867 -0.222182 0.0323031 0.0196539 0.999285 0.518066
285 299 5642 0.998469 0.0456085 -0.0313006 0.811734 -0.0461291 0.998805 -0.0161174 -0.25893 0.0305281 0.0175366 0.99938 0.523492
300 301 55 0.999996 -0.00239266 -0.0015868 0.77207 0.00239201 0.999997 -0.000413632 0.37097 0.00158778 0.000409834 0.999999 -0.516032
300 302 463 0.999933 -0.00057117 -0.0115824 0.807552 0.000539396 0.999996 -0.00274624 0.0681463 0.0115839 0.00273981 0.999929 0.585846
300 303 86 0.999943 -0.00227023 -0.0104436 0.972307 0.00223388 0.999991 -0.00349078 0.0407354 0.0104514 0.00346725 0.999939 0.230129
300 304 7115 0.999447 -0.00137117 -0.0332342 0.969761 0.00113751 0.999975 -0.00704847 0.215493 0.033243 0.00700677 0.999423 0.114572
300 305 7262 0.999219 -0.00192742 -0.0394695 0.963218 0.00158802 0.999962 -0.00862866 0.204923 0.0394846 0.00855925 0.999184 0.17383
300 306 6619 0.999363 0.00490901 -0.0353483 0.973534 -0.00503563 0.999981 -0.00349393 0.127698 0.0353305 0.00366971 0.999369 0.189539
300 307 3808 0.999768 0.0110663 -0.0184969 0.833713 -0.0109941 0.999932 0.00399749 -0.0892069 0.0185399 -0.00379321 0.999821 0.544945
300 308 5913 0.99934 0.0148059 -0.0331694 0.960212 -0.0146421 0.999879 0.00517514 -0.0609096 0.033242 -0.00468606 0.999436 0.272549
300 309 3147 0.999779 0.013418 -0.0162039 0.909822 -0.0133357 0.999898 0.0051816 -0.11056 0.0162718 -0.00496436 0.999855 0.400001
300 310 6227 0.997636 0.0145041 -0.0671747 0.98378 -0.0145361 0.999894 1.13705e-05 0.0913411 0.0671677 0.000965116 0.997741 0.154381
300 311 5894 0.998571 0.0136653 -0.0516626 0.985018 -0.0133683 0.999892 0.00609052 0.0315538 0.0517403 -0.00539117 0.998646 0.169543
300 312 4763 0.999306 0.0224505 -0.0297234 0.936922 -0.0220657 0.999669 0.013212 -0.120081 0.0300102 -0.0125469 0.999471 0.328266
300 313 5718 0.994205 0.0186456 -0.105868 0.985625 -0.0187313 0.999825 0.000184881 0.0815002 0.105852 0.00179923 0.99438 0.147989
300 314 5314 0.995449 0.0378338 -0.0874632 0.974591 -0.0364608 0.999186 0.0172436 -0.0649759 0.0880444 -0.0139761 0.996018 0.21436
315 316 223 0.999958 0.00919032 -0.000334089 0.567889 -0.00919203 0.999942 -0.00554387 -0.390852 0.000283119 0.00554671 0.999985 0.724387
315 317 2436 0.999854 0.00391809 0.0166187 -0.969342 -0.00373185 0.99993 -0.0112226 0.124843 -0.0166615 0.0111589 0.999799 -0.211636
315 318 3017 0.999791 0.008332 -0.0186566 0.973703 -0.0085363 0.999904 -0.0108976 -0.0658076 0.018564 0.0110546 0.999767 -0.218108
315 319 859 0.999982 0.00352106 -0.00484407 0.591709 -0.00359579 0.999873 -0.0155064 0.189005 0.00478886 0.0155236 0.999868 -0.783682
315 320 5390 0.99931 0.0182305 -0.0323505 0.986563 -0.0187579 0.999695 -0.0160772 0.0386983 0.0320475 0.0166729 0.999347 -0.158735
315 321 3909 0.999408 0.0243593 -0.0243005 0.999563 -0.0247795 0.999546 -0.0171449 -0.015926 0.0238718 0.0177369 0.999558 -0.0249111
315 322 5526 0.998415 0.0361961 -0.0430955 0.988009 -0.0369638 0.999169 -0.0171525 -0.0688531 0.0424389 0.0187183 0.998924 -0.138192
