0 1 0 1 0 0 0 0 1 0 0 0 0 1 0
0 2 0 1 0 0 0 0 1 0 0 0 0 1 0
0 3 0 1 0 0 0 0 1 0 0 0 0 1 0
0 4 0 1 0 0 0 0 1 0 0 0 0 1 0
0 5 10 0.999992 -0.00409582 0.00033495 -0.0673745 0.00409444 0.999984 0.00400663 -0.42167 -0.000351355 -0.00400523 0.999992 0.904243
0 6 0 1 0 0 0 0 1 0 0 0 0 1 0
0 7 0 1 0 0 0 0 1 0 0 0 0 1 0
0 8 13 0.999983 -0.00581179 -0.000267569 0.269205 0.0058124 0.99998 0.00236881 -0.258499 0.000253796 -0.00237032 0.999997 0.927743
0 9 0 1 0 0 0 0 1 0 0 0 0 1 0
0 10 18 0.999988 -0.00477145 -0.00117881 -0.263777 0.00477411 0.999986 0.00226774 0.148096 0.00116797 -0.00227334 0.999997 0.953147
0 11 18 1 -0.000779173 -0.000423735 -0.163739 0.000780046 0.999998 0.00206427 0.0274032 0.000422125 -0.0020646 0.999998 0.986123
0 12 21 0.999998 0.00108087 -0.00137389 -0.190413 -0.00107873 0.999998 0.00155816 0.171354 0.00137558 -0.00155668 0.999998 0.966634
0 13 11 0.999954 0.00924033 0.00255421 -0.248135 -0.00922418 0.999938 -0.00626433 0.945403 -0.00261194 0.00624048 0.999977 0.211287
0 14 25 0.999935 0.0111257 0.0024685 0.00983061 -0.0111349 0.999931 0.00376367 0.144914 -0.00242646 -0.00379091 0.99999 0.989395
15 16 0 1 0 0 0 0 1 0 0 0 0 1 0
15 17 33 0.999997 0.00159397 -0.00168288 -0.55999 -0.00159288 0.999999 0.000645877 0.385876 0.00168391 -0.000643194 0.999998 -0.733151
15 18 0 1 0 0 0 0 1 0 0 0 0 1 0
15 19 25 0.999955 0.00930285 0.00183732 0.19208 -0.00930785 0.999953 0.00273175 -0.217869 -0.00181182 -0.00274873 0.999995 -0.95689
15 20 21 0.999948 0.00997528 0.00220007 0.223946 -0.00998198 0.999946 0.00305683 -0.227034 -0.00216946 -0.00307863 0.999993 -0.947789
15 21 36 0.999987 0.00421936 0.002945 -0.0922834 -0.0042273 0.999987 0.00269521 -0.305664 -0.0029336 -0.00270762 0.999992 0.947657
15 22 28 0.99991 0.0096729 -0.00933241 0.940831 -0.00959523 0.999919 0.00833195 -0.336447 0.00941225 -0.00824165 0.999922 0.0404918
15 23 435 0.999623 0.00696261 -0.0265765 0.88466 -0.00725578 0.999914 -0.0109508 0.372942 0.026498 0.0111395 0.999587 0.279806
15 24 18 0.99995 0.00355161 -0.00935246 0.932106 -0.00350929 0.999984 0.00453732 -0.0758092 0.00936842 -0.00450428 0.999946 0.354162
15 25 28 0.999995 0.00294938 -0.000980809 -0.715729 -0.0029418 0.999966 0.00764335 0.259335 0.00100332 -0.00764043 0.99997 -0.648443
15 26 175 0.999914 0.00386769 -0.012565 0.867595 -0.00379526 0.999976 0.00578386 -0.167093 0.0125871 -0.00573567 0.999904 0.468358
15 27 438 0.999377 0.0033507 -0.0351302 0.995783 -0.00314482 0.999978 0.00591391 -0.0860324 0.0351493 -0.00579975 0.999365 0.0318477
15 28 444 0.999113 0.007451 -0.0414388 0.955266 -0.00715206 0.999947 0.00735746 -0.126287 0.0414914 -0.00705456 0.999114 0.267428
15 29 409 0.999726 0.00321596 -0.0231952 0.934771 -0.00316551 0.999993 0.0022115 -0.117782 0.0232021 -0.00213747 0.999729 0.335158
30 31 35 1 -0.00036613 -0.000556949 0.407536 0.000363417 0.999988 -0.0048633 0.086896 0.000558723 0.0048631 0.999988 0.909045
30 32 93 0.999957 0.00401802 -0.00832933 0.722359 -0.00395464 0.999963 0.00761099 -0.653421 0.0083596 -0.00757772 0.999936 -0.226362
30 33 34 0.999962 0.00395548 0.0078113 0.101181 -0.00389261 0.99996 -0.00804685 0.368678 -0.00784282 0.00801613 0.999937 0.924034
30 34 14 0.999989 -0.00422642 0.00181801 0.870879 0.00424348 0.999946 -0.00948391 -0.248153 -0.00177783 0.00949152 0.999953 0.424252
30 35 195 0.999986 -7.82225e-07 -0.00533142 0.916118 -3.10809e-05 0.999982 -0.0059764 -0.400904 0.00533133 0.00597648 0.999968 0.00203767
30 36 23 0.999915 -0.00436683 0.0122933 0.390368 0.00453455 0.999897 -0.0136486 0.0483307 -0.0122324 0.0137032 0.999831 -0.919389
30 37 0 1 0 0 0 0 1 0 0 0 0 1 0
30 38 230 0.999988 -0.00465026 -0.00142072 0.948421 0.00464152 0.999971 -0.00609461 -0.0825429 0.00144902 0.00608794 0.99998 -0.306079
30 39 47 0.999759 -0.00717927 0.0207234 -0.316493 0.00733443 0.999946 -0.00742078 -0.0552022 -0.0206689 0.00757099 0.999758 0.946987
30 40 381 0.999761 -0.00973767 -0.0195589 0.96992 0.00964226 0.999941 -0.00496637 0.0465242 0.0196061 0.0047766 0.999796 -0.238938
30 41 416 0.99988 -0.00830483 -0.013066 0.99538 0.00831066 0.999965 0.000392372 0.0396882 0.0130623 -0.000500912 0.999915 0.0874305
30 42 262 0.999949 -0.00370186 0.00936752 0.972551 0.00366737 0.999986 0.00369652 -0.232483 -0.00938107 -0.00366197 0.999949 -0.00980517
30 43 10 0.999814 -0.00263263 0.0191255 0.975201 0.00266283 0.999995 -0.0015537 -0.152391 -0.0191214 0.00160434 0.999816 -0.160502
30 44 327 0.999974 -0.00721944 -0.000425376 0.977626 0.00721867 0.999972 -0.00179568 0.0341858 0.000438328 0.00179256 0.999998 -0.207554
45 46 0 1 0 0 0 0 1 0 0 0 0 1 0
45 47 27 0.999906 0.0135034 0.00231094 0.0279529 -0.0135266 0.999855 0.0103348 0.0888037 -0.00217105 -0.0103651 0.999944 0.995657
45 48 26 0.999815 0.0179097 0.00706394 0.335117 -0.0180102 0.999734 0.0144337 0.0196699 -0.00680356 -0.0145583 0.999871 -0.941971
45 49 19 0.999858 0.0151373 0.00742427 -0.0365485 -0.015251 0.999763 0.0155104 -0.335946 -0.00718773 -0.0156214 0.999852 0.941172
45 50 21 0.999683 0.0224135 -0.0115002 0.966352 -0.0222531 0.999656 0.0138952 0.237474 0.0118077 -0.0136349 0.999837 0.0988414
45 51 0 1 0 0 0 0 1 0 0 0 0 1 0
45 52 29 0.999796 0.0169635 -0.010936 0.682366 -0.0167979 0.999745 0.0150682 -0.105686 0.0111888 -0.0148815 0.999827 0.72333
45 53 376 0.998992 0.0288036 -0.0344426 0.947345 -0.0285865 0.999568 0.00677875 0.113625 0.034623 -0.00578732 0.999384 0.299376
45 54 308 0.999196 0.0252243 -0.0311466 0.955861 -0.0252031 0.999682 0.00107074 0.222946 0.0311637 -0.00028489 0.999514 0.191375
45 55 29 0.999311 0.025868 -0.0266251 0.906667 -0.0258357 0.999665 0.00155626 0.220365 0.0266565 -0.000867303 0.999644 0.359715
45 56 28 0.999625 0.024119 -0.0129916 -0.929434 -0.0240894 0.999707 0.00243672 -0.0910756 0.0130466 -0.00212284 0.999913 0.357572
45 57 118 0.999352 0.0301115 -0.0197366 -0.00852427 -0.0301306 0.999546 -0.000670483 -0.0843896 0.0197075 0.00126473 0.999805 0.996396
45 58 99 0.999347 0.0242012 -0.0268474 0.0118946 -0.0242958 0.9997 -0.00320432 -0.0942665 0.0267618 0.00385451 0.999634 0.995476
45 59 345 0.997505 0.0315334 -0.0631588 0.999914 -0.0316953 0.999496 -0.00156275 0.0127827 0.0630777 0.00356069 0.998002 0.00295546
60 61 10 1 -0.000359488 -6.22105e-05 0.0943569 0.000359589 0.999999 0.0016257 0.586508 6.1626e-05 -0.00162573 0.999999 -0.804428
60 62 18 0.999963 -0.00174593 0.00838098 -0.97603 0.001682 0.999969 0.00762859 -0.051111 -0.00839404 -0.00761422 0.999936 -0.211549
60 63 40 0.999968 0.00482018 -0.00636735 0.975531 -0.0047673 0.999954 0.00829356 0.148855 0.00640704 -0.00826294 0.999945 0.161807
60 64 124 0.99997 0.00744057 -0.00230821 0.923791 -0.00741301 0.999904 0.0117273 -0.246679 0.00239524 -0.0117099 0.999929 0.292849
60 65 425 0.999769 0.0141179 -0.0162101 0.978881 -0.013942 0.999843 0.0109089 -0.164683 0.0163615 -0.0106804 0.999809 -0.121123
60 66 382 0.999882 0.0124025 -0.0090335 0.998569 -0.012362 0.999913 0.00451711 -0.0452662 0.00908874 -0.0044049 0.999949 0.0284599
60 67 418 0.999755 0.00722634 -0.0209286 0.981983 -0.00734028 0.999959 -0.00537269 0.134824 0.0208889 0.005525 0.999767 0.132411
60 68 369 0.999888 0.00881682 -0.0120913 0.999419 -0.00883134 0.99996 -0.00114834 -0.00985346 0.0120807 0.001255 0.999926 0.0326312
60 69 376 0.999871 0.015958 -0.00190705 0.981684 -0.0159539 0.99987 0.00214814 -0.185313 0.00194108 -0.00211743 0.999996 -0.044224
60 70 386 0.999625 0.0161861 -0.0221074 0.991574 -0.0161226 0.999865 0.00304934 -0.100613 0.0221538 -0.00269177 0.999751 -0.0816007
60 71 371 0.999658 0.0145647 -0.0217308 0.999587 -0.0145849 0.999893 -0.00077185 -0.0249552 0.0217172 0.00108853 0.999764 0.0142827
60 72 371 0.999569 0.0195717 -0.0218998 0.99437 -0.0196047 0.999807 -0.00129236 -0.0198723 0.0218703 0.00172114 0.999759 0.104084
60 73 342 0.999875 0.0149896 0.00497894 0.997229 -0.0149826 0.999887 -0.00144475 -0.0709228 -0.00500003 0.00136997 0.999987 0.0224377
60 74 360 0.999204 0.0215555 -0.0335608 0.992858 -0.0220087 0.999671 -0.0131947 0.0488829 0.0332653 0.0139228 0.99935 0.108828
75 76 27 0.999999 -0.000237384 -0.00170578 -0.105832 0.000233989 0.999998 -0.00198995 0.100938 0.00170625 0.00198955 0.999997 -0.989248
75 77 11 0.999987 -0.00504924 0.000269195 -0.978289 0.00504963 0.999986 -0.00146153 0.0168179 -0.000261812 0.00146287 0.999999 -0.206563
75 78 41 0.999999 -0.00153167 0.00036197 -0.0730678 0.00153146 0.999999 0.000585751 -0.0792962 -0.000362867 -0.000585196 1 0.99417
75 79 19 0.999966 0.00448671 0.00695552 -0.934404 -0.00447509 0.999989 -0.00168496 0.209207 -0.006963 0.00165377 0.999974 -0.288308
75 80 62 0.999977 0.00563042 0.00364954 0.566698 -0.00562549 0.999983 -0.00135915 -0.0105223 -0.00365714 0.00133859 0.999992 -0.823859
75 81 0 1 0 0 0 0 1 0 0 0 0 1 0
75 82 369 0.999561 -0.00340436 -0.0294352 0.968187 0.0032702 0.999984 -0.0046048 0.216423 0.0294504 0.00450652 0.999556 0.125597
75 83 19 0.999964 -0.00332138 -0.00779738 0.993025 0.0033445 0.99999 0.002953 -0.114971 0.0077875 -0.00297897 0.999965 0.0261434
75 84 374 0.998528 -0.000147728 -0.0542383 0.990124 -2.77654e-05 0.999995 -0.00323483 0.10572 0.0542385 0.00323157 0.998523 -0.092071
75 85 363 0.999482 0.00306454 -0.0320246 0.99314 -0.00277776 0.999956 0.00899565 -0.081476 0.0320507 -0.00890204 0.999447 0.0838749
75 86 345 0.99869 -0.000594199 -0.0511593 0.998697 0.000984775 0.999971 0.00760964 0.0460957 0.0511533 -0.00765005 0.998662 -0.0219183
75 87 360 0.998491 0.00662991 -0.054522 0.999815 -0.0058276 0.999873 0.0148612 0.0148076 0.0546136 -0.014521 0.998402 0.012299
75 88 329 0.998405 0.00974894 -0.0556128 0.992476 -0.00899712 0.999865 0.0137533 0.0399458 0.0557393 -0.0132311 0.998358 0.115738
75 89 360 0.99822 0.0147592 -0.0577843 0.985303 -0.0137595 0.999749 0.0176603 0.00705346 0.0580305 -0.0168338 0.998173 0.17067
90 91 0 1 0 0 0 0 1 0 0 0 0 1 0
90 92 84 0.999939 0.00447685 0.0100573 0.149401 -0.00455987 0.999956 0.00824726 -0.0910316 -0.01002 -0.00829262 0.999915 0.984577
90 93 86 0.999931 0.0101951 0.00581706 0.889837 -0.0102611 0.999882 0.011434 -0.217492 -0.0056998 -0.0114929 0.999918 0.401107
90 94 351 0.999865 0.0164303 0.00099638 0.928476 -0.0164454 0.999705 0.0178656 -0.370741 -0.000702551 -0.0178795 0.99984 0.0219885
90 95 157 0.999748 0.0110322 0.0195279 0.510755 -0.0111347 0.999925 0.00514744 -0.0708893 -0.0194696 -0.00536359 0.999796 0.856798
90 96 188 0.999429 0.00919477 0.032511 -0.138829 -0.00925829 0.999956 0.00180379 -0.0805317 -0.032493 -0.00210376 0.99947 0.987037
90 97 384 0.999754 0.00889763 -0.02034 0.924464 -0.00880542 0.999951 0.00461844 -0.14683 0.0203801 -0.0044382 0.999782 0.351863
90 98 315 0.999984 0.00448672 0.00347067 0.673387 -0.00448669 0.99999 -1.71597e-05 -0.267304 -0.00347071 1.58759e-06 0.999994 0.689274
90 99 365 0.999136 0.00876306 -0.0406308 0.94397 -0.00856599 0.999951 0.0050218 -0.296776 0.0406728 -0.00466942 0.999162 0.14438
90 100 329 0.999597 0.00129859 -0.0283664 0.954441 -0.00155302 0.999959 -0.00894904 -0.174196 0.0283537 0.00898949 0.999558 0.242277
90 101 295 0.998867 -0.00214826 -0.0475477 0.930024 0.00121915 0.999808 -0.0195609 -0.0937379 0.0475806 0.0194808 0.998677 0.355343
90 102 280 0.999878 -0.00785857 -0.0134654 0.949613 0.00755954 0.999727 -0.0221164 -0.237169 0.0136355 0.0220119 0.999665 0.204906
90 103 284 0.998923 -0.00607296 -0.0459979 0.961354 0.00476713 0.999584 -0.0284456 -0.111351 0.0461515 0.0281957 0.998536 0.251791
90 104 276 0.999168 -0.00472676 -0.0404967 0.989776 0.00347795 0.999518 -0.0308524 -0.120694 0.040623 0.030686 0.998703 0.0759998
105 106 363 0.999917 0.00321019 -0.012492 0.73395 -0.00304724 0.99991 0.0130419 -0.640785 0.0125327 -0.0130028 0.999837 -0.225194
105 107 35 0.999917 0.00153006 0.0128175 0.0354613 -0.00142912 0.999968 -0.00788057 -0.107793 -0.0128291 0.0078616 0.999887 0.993541
105 108 0 1 0 0 0 0 1 0 0 0 0 1 0
105 109 57 0.999773 0.00593887 0.0204686 0.356869 -0.00558423 0.999834 -0.0173396 0.0597307 -0.0205682 0.0172214 0.99964 -0.932243
105 110 37 0.999672 0.00542254 0.0250496 0.372163 -0.00502435 0.99986 -0.0159317 -0.0153872 -0.0251325 0.0158006 0.999559 -0.92804
105 111 93 0.99975 0.0012034 0.0223045 0.475227 -0.000764411 0.999806 -0.0196797 0.15083 -0.0223239 0.0196577 0.999558 -0.866839
105 112 132 0.999493 0.0174088 0.0266677 0.330265 -0.017104 0.999786 -0.0116159 -0.127629 -0.0268642 0.0111538 0.999577 -0.93522
105 113 162 0.999835 0.00810124 0.0162635 0.613023 -0.00774052 0.999725 -0.0221218 0.121525 -0.0164383 0.0219923 0.999623 -0.780663
105 114 308 0.999935 0.000739582 -0.0113403 0.807748 -0.00113789 0.999381 -0.035157 0.34463 0.0113073 0.0351677 0.999317 -0.478302
105 115 237 0.999567 0.00776049 0.0283751 0.309409 -0.00739364 0.999888 -0.0130108 0.107877 -0.0284729 0.0127954 0.999513 -0.94479
105 116 327 0.999783 0.0156216 -0.013807 0.830637 -0.0156978 0.999862 -0.00542517 -0.0190863 0.0137204 0.00564073 0.99989 -0.556488
105 117 200 0.999113 0.00648505 0.0416034 0.156109 -0.00614894 0.999947 -0.0082017 0.107127 -0.0416544 0.0079386 0.999101 -0.981913
105 118 314 0.999497 0.00786669 0.0307289 0.389011 -0.00774342 0.999961 -0.00412857 0.159461 -0.0307602 0.00388854 0.999519 -0.907327
105 119 311 0.999537 0.0175805 -0.0248396 0.894588 -0.017991 0.999704 -0.0163987 0.217529 0.0245439 0.016838 0.999557 -0.390377
120 121 19 0.999985 0.00453145 0.00321622 0.252561 -0.00455767 0.999956 0.00819171 -0.133206 -0.00317896 -0.00820624 0.999961 -0.958368
120 122 33 0.999949 0.00687842 0.00732964 -0.194112 -0.00697241 0.999893 0.0128754 0.0313075 -0.00724029 -0.0129259 0.99989 -0.98048
120 123 54 0.999848 0.0101808 0.0141469 -0.313998 -0.0103562 0.99987 0.0123824 0.151844 -0.014019 -0.012527 0.999823 -0.937203
120 124 114 0.999673 0.0182268 0.0179452 -0.0761127 -0.018397 0.999787 0.00936269 0.158371 -0.0177707 -0.00968976 0.999795 -0.984442
120 125 104 0.999349 0.0244988 0.0264655 -0.103227 -0.0247377 0.999656 0.0087391 0.0629603 -0.0262423 -0.00938811 0.999612 -0.992663
120 126 324 0.999307 0.0339688 -0.0152134 0.839659 -0.0340422 0.99941 -0.00459493 0.26797 0.0150483 0.00510964 0.999874 -0.472403
120 127 327 0.999522 0.030904 -0.000503902 0.700439 -0.0309068 0.999496 -0.00717976 0.321198 0.000281765 0.0071919 0.999974 -0.637352
120 128 338 0.999653 0.0256782 -0.00582375 0.527376 -0.0256989 0.999664 -0.0035076 0.211918 0.00573172 0.00365605 0.999977 -0.822779
120 129 308 0.99937 0.0343714 -0.00888037 0.511154 -0.0343824 0.999408 -0.0010856 0.167944 0.0088378 0.00139024 0.99996 -0.842921
120 130 341 0.99873 0.0357169 -0.035546 0.728609 -0.0363883 0.999168 -0.0184233 0.351941 0.0348584 0.0196934 0.999198 -0.587594
120 131 324 0.999434 0.0324795 -0.00871064 0.293975 -0.0325228 0.999459 -0.00488496 0.237814 0.00854727 0.00516549 0.99995 -0.925756
120 132 332 0.999636 0.0249156 -0.0103168 0.277288 -0.0250193 0.999637 -0.0100443 0.377147 0.0100628 0.0102987 0.999896 -0.88367
120 133 320 0.997759 0.0396925 -0.0538565 0.68289 -0.0409227 0.998922 -0.0219334 0.445268 0.0529278 0.0240882 0.998308 -0.579136
120 134 339 0.997962 0.0360794 -0.0526381 0.611933 -0.03697 0.999188 -0.0160445 0.399772 0.0520164 0.0179578 0.998485 -0.682437
135 136 0 1 0 0 0 0 1 0 0 0 0 1 0
135 137 54 0.999955 0.00795063 -0.00523334 0.358202 -0.00800567 0.999912 -0.0105813 0.915654 0.00514876 0.0106227 0.99993 -0.182396
135 138 98 0.999944 0.00798568 -0.00694252 0.282491 -0.00792369 0.999929 0.00891127 -0.160595 0.00701319 -0.00885576 0.999936 -0.945732
135 139 335 0.999755 0.00387884 -0.021773 0.740908 -0.00384892 0.999992 0.00141632 0.306337 0.0217783 -0.00133217 0.999762 -0.597672
135 140 100 0.999919 0.00280808 -0.0123756 0.434482 -0.00272753 0.999975 0.0065212 0.281302 0.0123936 -0.00648692 0.999902 -0.855626
135 141 266 0.999832 0.0104973 -0.0150117 0.362881 -0.0103524 0.999899 0.00970101 0.1324 0.0151121 -0.00954398 0.99984 -0.922382
135 142 288 0.999772 0.0102954 -0.0187134 0.392477 -0.0101761 0.999927 0.00646073 0.284207 0.0187785 -0.00626882 0.999804 -0.87475
135 143 364 0.99897 0.00985926 -0.0442853 0.650944 -0.00998689 0.999947 -0.00266185 0.369088 0.0442567 0.00310138 0.999015 -0.66336
135 144 352 0.998636 0.0136286 -0.0504014 0.732113 -0.0132481 0.999881 0.00787615 0.243009 0.0505027 -0.00719769 0.998698 -0.636362
135 145 355 0.998469 0.0167567 -0.0527211 0.667882 -0.0166298 0.999858 0.00284609 0.385715 0.0527613 -0.00196499 0.998605 -0.636519
135 146 339 0.998301 0.0257247 -0.0522741 0.59375 -0.0248089 0.999528 0.018092 0.244175 0.0527149 -0.0167644 0.998469 -0.766707
135 147 324 0.996059 0.0320218 -0.0827071 0.787338 -0.0311903 0.999449 0.0113258 0.324731 0.0830242 -0.00870149 0.99651 -0.52407
135 148 329 0.995892 0.0364078 -0.0829024 0.757156 -0.0362469 0.999337 0.00344465 0.458423 0.0829728 -0.000425541 0.996552 -0.465364
135 149 307 0.997599 0.0385179 -0.0575562 0.595652 -0.0370857 0.99898 0.0257482 0.391744 0.0584893 -0.0235519 0.99801 -0.701238
150 151 0 1 0 0 0 0 1 0 0 0 0 1 0
150 152 18 0.999719 0.0228152 0.00648065 0.292166 -0.0228976 0.999654 0.0129339 0.340755 -0.00618331 -0.0130787 0.999895 0.893602
150 153 22 0.999973 0.00715644 0.00174294 -0.0871657 -0.00715653 0.999974 4.53307e-05 0.90708 -0.00174257 -5.78028e-05 0.999998 -0.411835
150 154 24 0.999687 0.0216132 -0.012623 0.739282 -0.0214955 0.999725 0.00938818 0.228726 0.0128225 -0.0091139 0.999876 -0.633361
150 155 48 0.999626 0.0265519 -0.00656066 -0.0123311 -0.0264253 0.999476 0.018683 -0.320178 0.00705329 -0.0185026 0.999804 -0.947277
150 156 222 0.998663 0.031393 -0.0410776 0.852923 -0.0315132 0.999501 -0.00228203 0.51944 0.0409854 0.00357347 0.999153 -0.0519965
150 157 57 0.999383 0.0344103 -0.00709469 -0.075583 -0.0342631 0.999214 0.0199185 -0.173239 0.00777452 -0.0196631 0.999776 -0.981975
150 158 221 0.99801 0.0365059 -0.0514191 0.901395 -0.036136 0.999314 0.00810511 0.245943 0.0516797 -0.0062309 0.998644 -0.356369
150 159 231 0.99731 0.0365949 -0.0635118 0.761985 -0.0377971 0.999126 -0.01783 0.569692 0.0628038 0.0201826 0.997822 -0.307944
150 160 229 0.996733 0.0379029 -0.0713269 0.71964 -0.0403838 0.998617 -0.0336678 0.667877 0.0699521 0.0364383 0.996885 -0.189894
150 161 241 0.997798 0.0341772 -0.0568382 0.642026 -0.0335466 0.999365 0.0120128 0.147736 0.0572127 -0.0100796 0.998311 -0.752315
150 162 203 0.997342 0.0475071 -0.0552514 0.653081 -0.0463595 0.998685 0.0218698 0.158561 0.0562177 -0.0192502 0.998233 -0.740503
150 163 214 0.995083 0.0398651 -0.0906696 0.732016 -0.0415126 0.999004 -0.016356 0.523464 0.0899273 0.0200395 0.995747 -0.436048
150 164 199 0.995821 0.0478058 -0.0778206 0.691278 -0.046535 0.998753 0.0180633 0.283043 0.0785871 -0.0143664 0.996804 -0.664847
165 166 20 0.999992 0.00346236 -0.00180936 0.180242 -0.0034508 0.999974 0.00635155 -0.29058 0.0018313 -0.00634526 0.999978 0.939721
165 167 24 0.999957 0.00824982 -0.00412997 -0.233354 -0.00821884 0.999938 0.00746343 0.33493 0.00419128 -0.00742917 0.999964 -0.91289
165 168 95 0.999795 0.012036 -0.0162704 0.473992 -0.0119185 0.999902 0.00730466 0.227755 0.0163567 -0.00710925 0.999841 -0.850564
165 169 193 0.999645 0.014251 -0.0224964 0.519947 -0.0141886 0.999895 0.00293003 0.423242 0.0225358 -0.00260979 0.999743 -0.741971
165 170 389 0.998706 0.0162721 -0.0481838 0.700881 -0.0170668 0.999724 -0.0161285 0.582278 0.047908 0.01693 0.998708 -0.411968
165 171 340 0.998351 0.0210824 -0.053394 0.737806 -0.0212949 0.999767 -0.0034145 0.387123 0.0533096 0.00454589 0.998568 -0.552972
165 172 337 0.998983 0.0228396 -0.0388783 0.557804 -0.0227724 0.999738 0.00217026 0.363844 0.0389177 -0.0012827 0.999242 -0.74597
165 173 358 0.998164 0.0216767 -0.0565523 0.643768 -0.0220263 0.999742 -0.00556558 0.389989 0.056417 0.006801 0.998384 -0.658386
165 174 352 0.997969 0.0193423 -0.0606864 0.64528 -0.0194504 0.99981 -0.00119121 0.364242 0.0606518 0.00236917 0.998156 -0.671521
165 175 347 0.997237 0.033963 -0.0660601 0.697313 -0.0338046 0.999422 0.00351447 0.350539 0.0661413 -0.00127163 0.997809 -0.625202
165 176 326 0.996445 0.0385256 -0.0749268 0.723225 -0.0383836 0.999258 0.00333532 0.29424 0.0749997 -0.000447497 0.997183 -0.624794
165 177 317 0.991914 0.0491252 -0.117017 0.826795 -0.0523508 0.998324 -0.0246506 0.412762 0.11561 0.0305772 0.992824 -0.382148
165 178 301 0.994113 0.0581266 -0.0914359 0.793362 -0.0581686 0.998304 0.00220764 0.229491 0.0914092 0.00312406 0.995809 -0.563835
165 179 278 0.996087 0.0623009 -0.0626782 0.588896 -0.0624825 0.998046 -0.000939593 0.271211 0.0624972 0.00485221 0.998033 -0.761345
180 181 0 1 0 0 0 0 1 0 0 0 0 1 0
180 182 69 0.999955 0.00947505 0.000396187 0.358566 -0.00947363 0.999949 -0.00345428 -0.0398933 -0.000428896 0.00345037 0.999994 -0.932651
180 183 385 0.999817 0.014032 -0.0130307 0.780489 -0.014262 0.999741 -0.0177338 0.43095 0.0127784 0.0179164 0.999758 -0.452901
180 184 192 0.999845 0.0176109 -3.80019e-05 0.303076 -0.0176104 0.999797 -0.00977873 0.0367785 -0.000134218 0.00977789 0.999952 -0.952256
180 185 403 0.999513 0.01533 -0.0271908 0.72217 -0.0160144 0.999556 -0.0251344 0.364938 0.0267934 0.0255576 0.999314 -0.587615
180 186 418 0.999167 0.0210213 -0.0349676 0.786639 -0.0221405 0.999245 -0.0319324 0.453944 0.0342699 0.03268 0.998878 -0.41849
180 187 373 0.999427 0.0319287 -0.0112223 0.441891 -0.032047 0.999431 -0.0105252 0.00440879 0.0108799 0.0108788 0.999882 -0.897058
180 188 399 0.998926 0.0316078 -0.033882 0.718068 -0.032589 0.999054 -0.0288088 0.267857 0.0329393 0.029882 0.999011 -0.642364
180 189 376 0.999371 0.0256673 -0.0244599 0.501799 -0.0263366 0.999276 -0.027443 0.243602 0.0237378 0.02807 0.999324 -0.829974
180 190 324 0.998995 0.0245054 -0.0375353 0.600182 -0.0254516 0.999365 -0.0249429 0.228348 0.0369003 0.0258732 0.998984 -0.766576
180 191 363 0.997813 0.0182923 -0.0635222 0.693442 -0.0208023 0.99902 -0.0390787 0.309863 0.0627451 0.0403146 0.997215 -0.650479
180 192 372 0.997051 0.0219051 -0.0735439 0.757645 -0.0247512 0.998971 -0.0380138 0.284828 0.0726355 0.039722 0.996567 -0.587236
180 193 359 0.996751 0.0274003 -0.075741 0.702803 -0.0303374 0.998821 -0.0379033 0.26234 0.0746132 0.0400779 0.996407 -0.661245
180 194 310 0.996335 0.0217569 -0.0827208 0.668616 -0.0254393 0.99872 -0.0437263 0.303027 0.0816636 0.0456704 0.995613 -0.679064
195 196 0 1 0 0 0 0 1 0 0 0 0 1 0
195 197 0 1 0 0 0 0 1 0 0 0 0 1 0
195 198 294 0.999127 -0.00231802 -0.0417106 0.89756 0.00351535 0.999583 0.0286553 -0.165399 0.0416268 -0.0287769 0.998719 -0.408692
195 199 54 0.99945 -0.00977947 -0.031695 0.574113 0.0106804 0.99954 0.0283812 0.10322 0.0314029 -0.0287041 0.999095 -0.812244
195 200 269 0.998192 0.00179694 -0.0600732 0.893241 0.000613771 0.999196 0.040087 0.0117318 0.0600969 -0.0400514 0.997389 -0.449425
195 201 285 0.996292 0.00734563 -0.085717 0.987143 -0.00358029 0.999025 0.0439989 -0.0706813 0.0859567 -0.0435289 0.995348 -0.143361
195 202 320 0.996151 0.014624 -0.086427 0.921714 -0.0109717 0.999033 0.0425837 -0.038561 0.0869662 -0.0414715 0.995348 -0.385948
195 203 282 0.99399 0.015053 -0.108433 0.966537 -0.0113217 0.999325 0.0349457 0.144964 0.108886 -0.033508 0.993489 -0.211643
195 204 300 0.994374 0.0290225 -0.101871 0.940441 -0.0236486 0.998284 0.053569 -0.0885556 0.103251 -0.0508586 0.993354 -0.328221
195 205 261 0.994424 0.0365807 -0.0989069 0.894546 -0.0310034 0.997873 0.0573504 -0.177727 0.100794 -0.0539642 0.993443 -0.410123
195 206 218 0.997803 0.0333483 -0.0572467 0.79047 -0.0307979 0.998518 0.0448698 -0.0885003 0.0586581 -0.0430081 0.997351 -0.606073
195 207 275 0.992873 0.0371739 -0.113228 0.941867 -0.0314336 0.998149 0.052067 -0.1202 0.114954 -0.0481368 0.992204 -0.313749
195 208 269 0.992399 0.0495044 -0.112664 0.927602 -0.0433588 0.997469 0.0563603 -0.162033 0.115169 -0.0510469 0.992033 -0.336599
195 209 269 0.993587 0.0541496 -0.0992637 0.872811 -0.049363 0.997526 0.0500609 -0.145611 0.101729 -0.0448399 0.993801 -0.465831
210 211 0 1 0 0 0 0 1 0 0 0 0 1 0
210 212 22 0.99983 0.0131413 0.012938 0.324075 -0.013127 0.999913 -0.00119122 -0.168961 -0.0129525 0.00102118 0.999916 -0.930821
210 213 347 0.999727 0.0186469 -0.0141081 0.750676 -0.0182902 0.99952 0.0250045 -0.545332 0.0145676 -0.0247396 0.999588 -0.372959
210 214 347 0.999961 0.00311979 -0.00827794 0.946807 -0.00311997 0.999995 -8.02141e-06 0.122267 0.00827788 3.3848e-05 0.999966 -0.297668
210 215 338 0.999861 0.0165768 0.00184576 0.828529 -0.0166123 0.999636 0.0212376 -0.33922 -0.00149304 -0.0212654 0.999773 -0.4455
210 216 148 0.99975 -0.0164886 0.0150813 0.733714 0.0163741 0.999836 0.00768459 0.116985 -0.0152055 -0.00743572 0.999857 -0.669311
210 217 272 0.999974 -0.00183223 0.00704059 0.713904 0.00163957 0.999627 0.0272734 -0.102504 -0.00708794 -0.0272611 0.999603 -0.692701
210 218 331 0.998954 -0.0119566 -0.0441271 0.981066 0.0132063 0.999517 0.0281371 0.00406054 0.0437694 -0.0286904 0.99863 -0.193632
210 219 318 0.999695 -0.0231169 -0.00872494 0.921721 0.023373 0.999262 0.0304915 0.0222197 0.00801363 -0.0306861 0.999497 -0.387216
210 220 294 0.999901 -0.0136499 -0.00340991 0.879475 0.0137883 0.998912 0.044553 -0.12274 0.00279805 -0.0445956 0.999001 -0.459847
210 221 301 0.99996 -0.00762115 -0.0046169 0.90423 0.00780053 0.999162 0.0401692 -0.13256 0.0043069 -0.0402037 0.999182 -0.405951
210 222 240 0.999762 -0.00478833 0.0212698 0.741971 0.00415038 0.999543 0.0299368 -0.101076 -0.0214035 -0.0298414 0.999325 -0.662769
210 223 261 0.999778 -0.00285884 0.0208529 0.759245 0.00223208 0.999547 0.0300176 -0.0806545 -0.0209293 -0.0299644 0.999332 -0.645788
210 224 320 0.999817 -0.00980551 -0.0164193 0.928541 0.0103213 0.999446 0.0316291 -0.0874625 0.0161 -0.0317928 0.999365 -0.360778
225 226 107 0.999979 0.00636513 -0.000958268 0.164698 -0.00635042 0.999873 0.0146414 -0.982982 0.00105134 -0.014635 0.999892 -0.081364
225 227 328 0.999534 0.00830154 -0.0293915 0.951739 -0.00874899 0.999847 -0.0151278 0.247693 0.0292614 0.0153779 0.999453 -0.181222
225 228 341 0.999497 0.0242766 -0.0204051 0.758564 -0.0240535 0.999649 0.0111109 -0.490542 0.0206677 -0.0106145 0.99973 -0.428893
225 229 28 0.999405 0.0332885 0.00905193 0.448134 -0.0332686 0.999444 -0.00233844 -0.329968 -0.00912474 0.00203591 0.999956 -0.830841
225 230 92 0.999599 0.0281562 0.00301416 0.389579 -0.028154 0.999603 -0.000750983 -0.336868 -0.00303411 0.000665822 0.999995 -0.857174
225 231 279 0.999532 0.0244805 -0.0183458 0.944304 -0.024615 0.999671 -0.00714242 -0.155962 0.0181649 0.00759066 0.999806 -0.289767
225 232 247 0.999673 0.0226905 -0.0118117 0.915036 -0.0228841 0.999602 -0.0165183 -0.078304 0.0114322 0.0167832 0.999794 -0.395699
225 233 79 0.999052 0.0426016 0.00893801 0.56453 -0.042472 0.998996 -0.0142279 -0.493528 -0.00953517 0.0138348 0.999859 -0.661616
225 234 168 0.999693 0.0232144 -0.00866165 0.870965 -0.0233785 0.999539 -0.0193514 -0.28476 0.00820843 0.019548 0.999775 -0.400414
225 235 109 0.999741 0.0226512 0.00208185 0.588367 -0.0225962 0.99947 -0.0234548 -0.303437 -0.00261202 0.0234017 0.999723 -0.7495
225 236 198 0.99967 0.0215464 -0.0139848 0.859598 -0.0218443 0.99953 -0.0215063 -0.352755 0.0135149 0.0218047 0.999671 -0.36967
225 237 99 0.999705 0.0242048 0.00196504 0.697532 -0.0241302 0.999204 -0.0317678 -0.253126 -0.00273241 0.031711 0.999493 -0.670356
225 238 301 0.999124 0.0337035 -0.0248238 0.867488 -0.0342314 0.99919 -0.0211574 -0.34514 0.0240907 0.0219886 0.999468 -0.358249
225 239 288 0.999093 0.0276376 -0.0323924 0.98228 -0.028601 0.999151 -0.0296652 -0.154998 0.031545 0.0305648 0.999035 -0.105362
240 241 0 1 0 0 0 0 1 0 0 0 0 1 0
240 242 354 0.999742 0.00379852 -0.0223965 0.834904 -0.00399433 0.999954 -0.0087046 0.0710436 0.0223624 0.00879181 0.999711 0.545791
240 243 175 0.999856 0.0150662 0.00775729 -0.707977 -0.0149574 0.999791 -0.0139054 0.253091 -0.00796517 0.0137873 0.999873 0.659328
240 244 406 0.999014 0.010534 -0.0431185 0.939492 -0.0112561 0.9998 -0.0165398 0.0377259 0.0429356 0.0170088 0.998933 0.340487
240 245 374 0.99957 0.0104149 -0.0274034 0.848325 -0.0109642 0.99974 -0.0199717 0.0196009 0.0271883 0.0202636 0.999425 0.529113
240 246 178 0.999744 0.015979 -0.0159934 0.960428 -0.0162783 0.999691 -0.0187631 -0.139495 0.0156887 0.0190186 0.999696 0.241079
240 247 184 0.999792 0.00808184 -0.0187242 0.906483 -0.00839546 0.999825 -0.0167314 -0.0455556 0.0185857 0.0168851 0.999685 0.419777
240 248 300 0.999316 0.0191397 -0.0316442 0.995184 -0.0193849 0.999784 -0.00746067 -0.0837527 0.0314946 0.00806899 0.999471 0.0509417
240 249 309 0.999031 0.0172086 -0.0405206 0.950658 -0.0179263 0.999688 -0.017416 0.159711 0.0402082 0.0181255 0.999027 0.265973
240 250 233 0.998857 0.0160204 -0.0450232 0.869198 -0.0171588 0.99954 -0.0250137 0.204622 0.0446017 0.0257577 0.998673 0.450137
240 251 242 0.999679 0.0213178 -0.0136618 0.946555 -0.0213106 0.999773 0.000669924 -0.0210267 0.013673 -0.000378568 0.999906 0.321857
240 252 235 0.999884 0.0149891 -0.00284206 0.876228 -0.0149895 0.999888 -0.000104661 0.0124833 0.00284017 0.00014725 0.999996 0.481736
240 253 236 0.999914 0.0128084 0.00293375 0.904938 -0.0128178 0.999913 0.00321571 -0.00329984 -0.0028923 -0.00325303 0.999991 0.425531
240 254 242 0.999945 0.00952748 -0.00441309 0.87486 -0.00951768 0.999952 0.00223517 0.0260901 0.00443417 -0.00219304 0.999988 0.483673
255 256 0 1 0 0 0 0 1 0 0 0 0 1 0
255 257 14 0.999928 -0.0119751 0.000357725 0.967385 0.0119713 0.999887 0.00913726 -0.223398 -0.000467104 -0.00913233 0.999958 0.119417
255 258 325 0.999725 -0.0219429 -0.00824563 0.843128 0.0219441 0.999759 6.18888e-05 0.224601 0.00824228 -0.000242815 0.999966 0.488558
255 259 369 0.999467 -0.0257044 -0.0201033 0.923403 0.0255191 0.99963 -0.00942138 0.293105 0.020338 0.00890334 0.999754 0.247823
255 260 298 0.999807 -0.0175787 -0.00882273 0.908498 0.017633 0.999826 0.0061082 -0.105117 0.00871382 -0.00626259 0.999942 0.404453
255 261 341 0.999844 -0.0164873 -0.00627572 0.77831 0.0164768 0.999863 -0.00171395 0.1078 0.00630311 0.00161028 0.999979 0.618557
255 262 331 0.999686 -0.0223755 -0.0113235 0.796997 0.0222955 0.999726 -0.00714244 0.198175 0.0114803 0.00688773 0.99991 0.570546
255 263 241 0.99971 -0.0219008 -0.0100564 0.854203 0.0219767 0.99973 0.00750401 0.0296514 0.00988932 -0.00772284 0.999921 0.519094
255 264 337 0.999311 -0.0262811 -0.0262198 0.841496 0.0264216 0.999638 0.00502554 0.051184 0.0260782 -0.00571485 0.999644 0.537833
255 265 307 0.999544 -0.023436 -0.0190318 0.789497 0.023547 0.999707 0.00563125 0.00369932 0.0188942 -0.00607683 0.999803 0.613743
255 266 312 0.99911 -0.0324512 -0.0269557 0.786079 0.0324775 0.999472 0.000537504 0.0930268 0.0269241 -0.00141248 0.999636 0.611085
255 267 312 0.999076 -0.0264051 -0.0339072 0.752951 0.0264973 0.999646 0.00227301 0.044334 0.0338351 -0.00316936 0.999422 0.656581
255 268 299 0.998847 -0.0283441 -0.0387562 0.766016 0.0283462 0.999598 -0.000495642 0.0161149 0.0387547 -0.000603522 0.999249 0.64262
255 269 309 0.998736 -0.0223908 -0.0449969 0.846358 0.0225177 0.999744 0.00231348 -0.0490509 0.0449335 -0.00332378 0.998984 0.530351
270 271 31 0.999997 0.00205503 0.00145061 0.0850449 -0.00205404 0.999998 -0.000683058 0.27156 -0.00145201 0.000680076 0.999999 0.958657
270 272 307 0.999796 0.0104365 -0.0172856 0.806769 -0.0101255 0.999787 0.0179861 -0.525321 0.0174697 -0.0178074 0.999689 0.270485
270 273 272 0.999948 0.0088662 -0.0049415 0.785569 -0.00885298 0.999957 0.00269254 -0.101998 0.00496516 -0.00264866 0.999984 0.61031
270 274 323 0.999872 0.0117467 -0.0108249 0.731142 -0.0117514 0.999931 -0.000369398 0.0271332 0.0108198 0.000496558 0.999941 0.681685
270 275 317 0.999851 0.00778961 -0.0154181 0.812703 -0.00769033 0.999949 0.00648781 -0.116611 0.0154678 -0.00636827 0.99986 0.57089
270 276 280 0.999971 0.00650767 -0.00383931 0.601275 -0.00648959 0.999968 0.00470269 -0.0268295 0.00386979 -0.00467764 0.999982 0.798591
270 277 293 0.999907 0.0125649 -0.00537311 0.682021 -0.0124918 0.999832 0.0134414 -0.212281 0.0055411 -0.013373 0.999895 0.699845
270 278 250 0.999879 0.0138461 -0.00715373 0.678692 -0.0137681 0.999846 0.0108409 -0.156759 0.00730274 -0.0107411 0.999916 0.717498
270 279 225 0.999832 0.0157709 -0.00932452 0.752689 -0.0156312 0.999767 0.0148722 -0.132342 0.0095569 -0.014724 0.999846 0.644938
270 280 249 0.999775 0.0195283 -0.00824438 0.73212 -0.019419 0.999725 0.0131363 -0.0799517 0.00849865 -0.0129733 0.99988 0.676467
270 281 264 0.999703 0.0206489 -0.0129343 0.803729 -0.0204573 0.999682 0.0147734 -0.141242 0.0132353 -0.0145044 0.999807 0.577988
270 282 225 0.999732 0.0230147 -0.00242694 0.770486 -0.0229706 0.999594 0.0168668 -0.140277 0.00281414 -0.0168065 0.999855 0.621831
270 283 242 0.999698 0.0218119 -0.0113594 0.750822 -0.0216486 0.999663 0.0143058 -0.0872624 0.0116676 -0.0140556 0.999833 0.654715
270 284 246 0.999654 0.0254698 -0.00659354 0.766461 -0.0253571 0.99954 0.0166383 -0.1386 0.00701428 -0.0164653 0.99984 0.627158
285 286 20 0.999999 -0.000202656 0.00171736 0.571612 0.000199518 0.999998 0.00182714 -0.394384 -0.00171773 -0.0018268 0.999997 0.719528
285 287 61 0.999989 0.00321996 0.00327539 0.583139 -0.00320799 0.999988 -0.00365136 -0.336852 -0.00328711 0.00364081 0.999988 0.739243
285 288 47 0.999987 0.00202206 0.00478098 0.788588 -0.00198528 0.999969 -0.00768409 -0.28101 -0.00479637 0.00767449 0.999959 0.546957
285 289 273 0.999996 0.000911309 0.00270495 0.615916 -0.00089084 0.999971 -0.00755897 -0.197698 -0.00271176 0.00755653 0.999968 0.762603
285 290 306 0.99986 0.0112322 -0.0123752 0.837079 -0.0113499 0.999891 -0.00947684 -0.221081 0.0122674 0.00961597 0.999879 0.500423
285 291 284 0.999831 0.0177113 -0.00502642 0.812649 -0.0177489 0.999814 -0.00753011 -0.373199 0.00489211 0.00761805 0.999959 0.447575
285 292 272 0.999891 0.0147874 -1.93108e-05 0.722479 -0.0147865 0.999815 -0.0122909 -0.263555 -0.000162443 0.0122898 0.999924 0.639189
285 293 278 0.999851 0.0147764 -0.00887732 0.699485 -0.0149148 0.999765 -0.01573 -0.205714 0.0086428 0.0158601 0.999837 0.6844
285 294 280 0.999656 0.0241847 -0.0101819 0.750165 -0.0243091 0.999629 -0.0122792 -0.329713 0.00988113 0.0125225 0.999873 0.573186
285 295 234 0.999677 0.0242587 -0.00757261 0.710205 -0.0243974 0.999526 -0.0187879 -0.222905 0.00711325 0.0189666 0.999795 0.667774
285 296 217 0.999119 0.0381426 -0.0174954 0.774273 -0.0384571 0.999098 -0.0180063 -0.271957 0.0167928 0.0186633 0.999685 0.571438
285 297 255 0.99899 0.0429898 -0.0130976 0.795511 -0.0432791 0.998806 -0.0226698 -0.25985 0.0121074 0.0232138 0.999657 0.547394
285 298 246 0.998612 0.0486739 -0.0201298 0.806184 -0.0489235 0.998729 -0.0120992 -0.318907 0.0195153 0.0130673 0.999724 0.498363
285 299 224 0.99866 0.0479431 -0.0194682 0.753351 -0.0483321 0.99863 -0.0200302 -0.232093 0.0184813 0.0209443 0.99961 0.615301
300 301 0 1 0 0 0 0 1 0 0 0 0 1 0
300 302 34 0.9999 0.00159656 -0.0140712 0.813513 -0.00168374 0.999979 -0.00618564 0.2277 0.014061 0.00620871 0.999882 0.535116
300 303 0 1 0 0 0 0 1 0 0 0 0 1 0
300 304 57 0.999815 0.000104129 -0.0192484 0.981238 -7.36551e-05 0.999999 0.00158388 -0.09651 0.0192486 -0.00158217 0.999813 0.166907
300 305 351 0.999166 0.000948923 -0.0408271 0.966485 -0.00125559 0.999971 -0.00748643 0.162908 0.0408188 0.00753145 0.999138 0.198413
300 306 151 0.99979 0.00203408 -0.0203853 0.857117 -0.00203531 0.999998 -3.97163e-05 0.00994475 0.0203851 8.11983e-05 0.999792 0.515025
300 307 168 0.999646 0.0158946 -0.0213357 0.975019 -0.0157494 0.999852 0.00695885 -0.199534 0.0214431 -0.00662036 0.999748 0.097592
300 308 293 0.999113 0.0133629 -0.0399406 0.969943 -0.0133 0.99991 0.001838 0.0195102 0.0399616 -0.00130515 0.9992 0.242549
300 309 304 0.997981 0.0129105 -0.0621839 0.969237 -0.0132195 0.999902 -0.00456069 0.110096 0.0621189 0.00537353 0.998054 0.220131
300 310 261 0.999027 0.0170161 -0.0406984 0.998726 -0.0167053 0.999829 0.00796387 -0.0494146 0.0408269 -0.00727624 0.99914 -0.010223
300 311 301 0.997729 0.0155193 -0.0655389 0.965323 -0.0153499 0.999877 0.00308738 0.050291 0.0655787 -0.00207436 0.997845 0.256167
300 312 274 0.998158 0.0217597 -0.0566325 0.988639 -0.0209615 0.999673 0.0146509 -0.103905 0.0569327 -0.0134368 0.998288 0.108613
300 313 249 0.996082 0.0205827 -0.086009 0.969622 -0.0203672 0.999787 0.00338233 0.0734395 0.0860603 -0.00161732 0.996289 0.233322
300 314 201 0.997101 0.0348125 -0.0676566 0.973337 -0.0337836 0.999296 0.016293 -0.0609888 0.0681762 -0.0139601 0.997576 0.221125
315 316 50 1 -0.000277438 0.000677302 0.251868 0.000279302 0.999996 -0.00275471 -0.494601 -0.000676535 0.0027549 0.999996 0.831825
315 317 21 0.999975 0.00373813 -0.00599699 0.798448 -0.00380493 0.99993 -0.0111669 0.219162 0.00595483 0.0111895 0.99992 -0.560757
315 318 167 0.99974 0.00533394 -0.0221646 0.982132 -0.00566469 0.999873 -0.0148869 0.116545 0.0220824 0.0150086 0.999643 -0.147763
315 319 15 0.99996 0.00550775 -0.00709952 -0.907106 -0.00560127 0.999897 -0.0132211 0.154217 0.00702597 0.0132603 0.999887 -0.391633
315 320 144 0.999662 0.0139993 -0.0219152 0.978804 -0.0143488 0.999771 -0.015873 0.0644388 0.021688 0.0161821 0.999634 -0.194397
315 321 160 0.999332 0.0277244 -0.0238038 0.991319 -0.0281016 0.999482 -0.0156628 -0.124444 0.0233573 0.0163213 0.999594 -0.0424191
315 322 242 0.997644 0.0341981 -0.0594773 0.992315 -0.0358162 0.999011 -0.0263544 0.123028 0.0585172 0.0284225 0.997882 -0.0132323
315 323 220 0.997148 0.0460456 -0.0597975 0.996934 -0.0472812 0.998693 -0.0194148 0.0247231 0.0588254 0.0221867 0.998022 -0.0742369
315 324 214 0.996706 0.0419818 -0.0693816 0.963439 -0.0438099 0.998726 -0.0250404 0.194259 0.068242 0.0279975 0.997276 -0.184525
315 325 207 0.996631 0.0521648 -0.0632854 0.996086 -0.0528861 0.998553 -0.00977458 -0.0235595 0.0626839 0.0130886 0.997948 0.0851884
315 326 225 0.993914 0.0574747 -0.0939765 0.98359 -0.0595636 0.998033 -0.0195739 0.130656 0.0926667 0.0250523 0.995382 0.124414
315 327 209 0.994743 0.0612184 -0.0820835 0.977493 -0.0628132 0.997881 -0.0169866 0.0821722 0.0808697 0.0220533 0.996481 0.194307
315 328 223 0.992669 0.0672518 -0.100428 0.998969 -0.0689293 0.997533 -0.0133235 0.0322766 0.0992839 0.0201482 0.994855 0.0319142
315 329 44 0.996413 0.0671138 -0.0515397 0.963377 -0.0674552 0.99771 -0.00491052 -0.0714801 0.0510921 0.00836953 0.998659 0.258448
330 331 14 0.999983 0.00589019 0.000340844 -0.398833 -0.00589112 0.999979 0.00280521 -0.503632 -0.000324313 -0.00280717 0.999996 0.766346
330 332 16 0.999995 -0.0029913 0.000467582 -0.429925 0.0029905 0.999994 0.00170752 -0.476602 -0.000472686 -0.00170612 0.999998 0.766821
330 333 0 1 0 0 0 0 1 0 0 0 0 1 0
330 334 68 0.999768 -0.000994591 -0.0215242 0.97544 0.00107244 0.999993 0.00360549 0.177571 0.0215205 -0.00362773 0.999762 0.13033
330 335 131 0.999739 0.000292359 -0.0228618 0.878715 -0.000113745 0.999969 0.00781368 -0.0368079 0.0228634 -0.00780904 0.999708 0.475926
330 336 83 0.999967 -0.00546974 -0.0060661 -0.776394 0.00550692 0.999966 0.00612871 -0.261237 0.00603238 -0.00616191 0.999963 0.573556
330 337 349 0.999005 -0.000785002 -0.0445881 0.966183 0.000807256 1 0.000481092 0.166725 0.0445877 -0.000516608 0.999005 0.196708
330 338 156 0.999714 0.00477391 -0.0234381 0.952375 -0.00457347 0.999953 0.00859821 -0.0975772 0.0234781 -0.00848855 0.999688 0.288897
330 339 166 0.999998 -0.000623595 0.00182648 -0.968067 0.000610407 0.999974 0.00721198 0.0173392 -0.00183093 -0.00721085 0.999972 0.250093
330 340 337 0.998311 0.00104033 -0.0580847 0.9872 -0.000997123 0.999999 0.000772837 0.100821 0.0580855 -0.000713614 0.998311 0.12358
330 341 308 0.998363 0.00583814 -0.0568896 0.965207 -0.00550514 0.999967 0.00600843 0.0406574 0.0569228 -0.00568542 0.998362 0.258308
330 342 376 0.997442 0.00956623 -0.070835 0.979571 -0.00899808 0.999925 0.00833547 0.0100152 0.0709094 -0.00767677 0.997453 0.200849
330 343 364 0.996248 0.0122357 -0.085675 0.962764 -0.011618 0.999903 0.00770488 0.0401482 0.0857609 -0.00668059 0.996293 0.267347
330 344 345 0.996478 0.0130473 -0.0828309 0.973894 -0.0121778 0.999865 0.0109943 -0.00156109 0.0829632 -0.00994693 0.996503 0.226997
345 346 35 0.999961 0.00883839 0.000439426 0.220812 -0.00883936 0.999958 0.00224772 0.28782 -0.000419542 -0.00225151 0.999997 -0.931881
345 347 50 0.999905 0.0126289 -0.00559001 -0.528503 -0.0126172 0.999918 0.00212374 0.283747 0.00561638 -0.00205301 0.999982 -0.800108
