0 1 0 1 0 0 0 0 1 0 0 0 0 1 0
0 2 0 1 0 0 0 0 1 0 0 0 0 1 0
0 3 12 0.999998 -0.00185654 -0.000173388 -0.057514 0.00185685 0.999997 0.00179262 -0.15413 0.000170059 -0.00179293 0.999998 -0.986375
0 4 12 0.999994 -0.00346989 0.000570589 -0.0179154 0.00346837 0.999991 0.00263075 0.234135 -0.000579712 -0.00262875 0.999996 0.972039
0 5 48 0.999987 -0.0045525 -0.00221824 0.383447 0.00455829 0.999986 0.00261094 -0.0835368 0.00220632 -0.00262102 0.999994 0.919777
0 6 33 0.999981 -0.00610241 -0.00119664 0.0435233 0.00610493 0.999979 0.00211021 -0.0583723 0.00118374 -0.00211747 0.999997 0.997346
0 7 34 0.999994 -0.00357875 -0.000277883 0.0314565 0.00357943 0.999991 0.00248592 -0.0888326 0.000268984 -0.0024869 0.999997 0.99555
0 8 0 1 0 0 0 0 1 0 0 0 0 1 0
0 9 25 0.999985 -0.00526485 -0.00161779 0.278125 0.00526993 0.999981 0.00315617 -0.174725 0.00160114 -0.00316465 0.999994 0.94452
0 10 17 0.999903 -0.00433408 -0.0132558 0.895707 0.00438731 0.999982 0.00398884 -0.0554131 0.0132383 -0.00404661 0.999904 0.441178
0 11 29 1 6.75439e-05 -0.000884819 -0.0746399 -6.57975e-05 0.999998 0.00197361 0.0679429 0.000884951 -0.00197355 0.999998 0.994893
0 12 23 0.999993 0.00353911 -0.0014258 0.205443 -0.00353618 0.999992 0.00205376 0.0461457 0.00143306 -0.0020487 0.999997 0.977581
0 13 17 0.999983 0.00563151 0.00129947 -0.228235 -0.00563551 0.999979 0.00309496 0.142917 -0.00128201 -0.00310223 0.999994 0.963059
0 14 33 0.999948 0.00974543 0.00286207 -0.0137057 -0.00975441 0.999947 0.00314084 0.0129127 -0.00283131 -0.00316859 0.999991 0.999823
15 16 28 0.999997 -0.000825768 -0.00244946 -0.31348 0.00082832 0.999999 0.00104082 0.210924 0.0024486 -0.00104284 0.999996 -0.925873
15 17 0 1 0 0 0 0 1 0 0 0 0 1 0
15 18 42 0.999999 0.00119613 -0.000700225 0.09693 -0.00119542 0.999999 0.0010108 -0.137984 0.000701433 -0.00100997 0.999999 0.98568
15 19 17 0.99993 0.00396011 -0.0111937 0.990462 -0.00392639 0.999988 0.00303268 -0.0155036 0.0112056 -0.00298851 0.999933 0.136913
15 20 50 0.999975 0.00686708 0.00171656 0.15595 -0.00687315 0.99997 0.00355689 -0.137645 -0.00169208 -0.00356859 0.999992 0.978128
15 21 34 0.999949 0.00921457 0.00423621 -0.0843586 -0.0092228 0.999956 0.00192737 0.101603 -0.00421826 -0.00196634 0.999989 0.991242
15 22 0 1 0 0 0 0 1 0 0 0 0 1 0
15 23 39 0.999971 0.00583175 0.00482076 -0.164364 -0.00584602 0.999979 0.00295139 -0.0713432 -0.00480345 -0.00297949 0.999984 0.983816
15 24 160 0.999892 0.00362702 -0.0142399 0.95212 -0.00352057 0.999966 0.00749361 -0.204205 0.0142666 -0.00744267 0.999871 0.227525
15 25 728 0.999766 0.002786 -0.0214715 0.922294 -0.00266824 0.999981 0.00551112 0.0203821 0.0214865 -0.00545253 0.999754 0.385951
15 26 71 0.999983 0.00301139 -0.0049151 0.652689 -0.00299167 0.999987 0.00401309 -0.0928693 0.00492712 -0.00399832 0.99998 0.751912
15 27 704 0.999793 0.00471252 -0.0197785 0.968474 -0.00459093 0.99997 0.00618856 -0.13585 0.0198071 -0.00609647 0.999785 0.208811
15 28 579 0.999901 0.00475301 -0.0132285 0.809074 -0.00464186 0.999954 0.00842045 -0.316967 0.0132679 -0.00835822 0.999877 0.494905
15 29 440 0.999897 0.00726054 -0.0123737 0.891863 -0.00720995 0.999965 0.00412761 -0.22209 0.0124033 -0.00403797 0.999915 0.394025
30 31 27 0.999998 -0.00169566 0.00141851 0.192302 0.0017003 0.999993 -0.00328097 0.292008 -0.00141294 0.00328338 0.999994 -0.936884
30 32 0 1 0 0 0 0 1 0 0 0 0 1 0
30 33 33 0.999974 -0.00256213 0.00672583 0.137255 0.0025974 0.999983 -0.00523975 -0.0275096 -0.00671229 0.00525708 0.999964 0.990154
30 34 36 0.999951 -0.00251644 0.00957481 0.0523809 0.00262306 0.999935 -0.0111386 -0.167175 -0.00954616 0.0111631 0.999892 0.984535
30 35 30 0.999934 -0.000629827 0.0114422 -0.164553 0.000785015 0.999908 -0.0135634 -0.086438 -0.0114326 0.0135715 0.999843 0.982574
30 36 0 1 0 0 0 0 1 0 0 0 0 1 0
30 37 88 0.999982 0.00228694 0.00546776 0.696644 -0.0022758 0.999995 -0.00204276 -0.62268 -0.00547241 0.00203028 0.999983 -0.35631
30 38 329 0.999989 -0.00432636 -0.00160411 0.964665 0.00431704 0.999974 -0.00576594 -0.103955 0.00162902 0.00575896 0.999982 -0.242106
30 39 43 0.999718 -0.00806533 0.0223545 -0.186844 0.00822592 0.999941 -0.00710092 -0.107374 -0.0222959 0.0072828 0.999725 0.976504
30 40 445 0.999854 -0.0157943 -0.00652164 0.867793 0.0156533 0.999654 -0.0211299 0.48213 0.00685311 0.0210248 0.999755 0.120359
30 41 600 0.999937 -0.00813476 -0.00768147 0.98884 0.00818591 0.999944 0.00665038 -0.116011 0.00762694 -0.00671285 0.999948 0.0934684
30 42 563 0.999958 -0.00545496 0.00739659 0.921862 0.00542956 0.999979 0.00344924 -0.166517 -0.00741525 -0.00340894 0.999967 0.349918
30 43 391 0.999967 -0.0063667 0.00511452 0.958235 0.00640007 0.999958 -0.00653416 0.169192 -0.00507271 0.00656668 0.999966 -0.230562
30 44 616 0.999972 -0.00483088 -0.00567871 0.997511 0.00481775 0.999986 -0.00232445 0.044727 0.00568986 0.00229703 0.999981 0.0545126
45 46 0 1 0 0 0 0 1 0 0 0 0 1 0
45 47 0 1 0 0 0 0 1 0 0 0 0 1 0
45 48 0 1 0 0 0 0 1 0 0 0 0 1 0
45 49 10 0.999791 0.0189708 0.00758371 0.297404 -0.0190873 0.999696 0.0155971 -0.319331 -0.00728552 -0.0157385 0.99985 -0.899766
45 50 21 0.999739 0.0200092 -0.0110252 0.968611 -0.019855 0.999706 0.013917 0.248083 0.0113004 -0.0136945 0.999842 -0.0157266
45 51 22 0.99976 0.0218389 -0.00182962 0.148677 -0.0218052 0.999622 0.0167724 0.0274259 0.00219522 -0.0167284 0.999858 -0.988505
45 52 34 0.999784 0.020352 -0.00426339 0.0809109 -0.0202903 0.999695 0.0140559 -0.0328728 0.00454816 -0.0139664 0.999892 0.996179
45 53 22 0.999696 0.0239274 -0.00588193 0.169904 -0.0238549 0.999642 0.0121011 0.131206 0.00616937 -0.0119572 0.999909 -0.976687
45 54 585 0.999076 0.027308 -0.033199 0.890223 -0.027396 0.999622 -0.00219779 0.276651 0.0331264 0.00310527 0.999446 0.361894
45 55 665 0.998602 0.0263594 -0.0458273 0.890393 -0.0268648 0.999584 -0.0104476 0.404401 0.0455329 0.0116641 0.998895 0.208949
45 56 33 0.999414 0.0302133 -0.0160857 0.134352 -0.0301875 0.999543 0.00184494 0.0159603 0.0161341 -0.00135828 0.999869 -0.990805
45 57 569 0.998576 0.0282323 -0.045275 0.998146 -0.0283423 0.999597 -0.00178819 0.0507458 0.0452063 0.00306884 0.998973 0.0336177
45 58 619 0.998045 0.0302157 -0.0547096 0.979071 -0.0301129 0.999543 0.0027026 -0.165939 0.0547662 -0.00104985 0.998499 0.11783
45 59 68 0.99914 0.0302883 -0.0283317 -0.077534 -0.0303436 0.999538 -0.00152403 -0.0761758 0.0282724 0.0023824 0.999597 0.994075
60 61 15 0.999997 0.00239813 -0.000253428 0.480432 -0.00239749 0.999994 0.0024954 0.0104353 0.000259411 -0.00249478 0.999997 -0.87697
60 62 624 0.999829 0.00214519 -0.0183585 0.855714 -0.00222763 0.999988 -0.00447153 0.516705 0.0183487 0.00451167 0.999821 -0.0277388
60 63 19 0.999994 0.00324734 0.000903305 0.879547 -0.00325688 0.999937 0.0107659 -0.0643563 -0.000868288 -0.0107687 0.999942 0.471439
60 64 11 0.999923 0.00591334 0.0109104 0.951992 -0.0060141 0.999939 0.00922541 -0.294531 -0.0108552 -0.00929032 0.999898 -0.083449
60 65 674 0.999926 0.0119279 -0.00254507 0.979297 -0.0119184 0.999922 0.0037017 0.063609 0.00258902 -0.00367109 0.99999 0.192176
60 66 701 0.999887 0.0116839 -0.00948619 0.995663 -0.0116459 0.999924 0.00404108 -0.0466943 0.00953269 -0.00393015 0.999947 0.0804686
60 67 686 0.99987 0.00850935 -0.0137035 0.961071 -0.00852663 0.999963 -0.00120321 0.0126339 0.0136927 0.00131989 0.999905 0.276011
60 68 647 0.999425 0.0144804 -0.0306603 0.99687 -0.0144512 0.999895 0.00117174 -0.0590502 0.030674 -0.000727987 0.999529 0.0525757
60 69 668 0.999959 0.00906455 -8.89008e-05 0.996218 -0.00906491 0.999941 -0.00590836 0.0477179 3.5339e-05 0.00590893 0.999983 0.0726132
60 70 633 0.999788 0.0127221 -0.0162129 0.971613 -0.0129663 0.999803 -0.0150449 0.227648 0.0160183 0.0152519 0.999755 0.0643713
60 71 560 0.999634 0.0172841 -0.0208197 0.994434 -0.0171661 0.999836 0.0058315 -0.104481 0.0209171 -0.00547197 0.999766 -0.0136316
60 72 583 0.999828 0.0185721 0.000112895 0.991994 -0.0185723 0.999821 0.00351531 -0.102874 -4.75887e-05 -0.0035168 0.999994 0.0732444
60 73 601 0.999807 0.0196138 0.00104946 0.99357 -0.0196151 0.999807 0.00128681 -0.0804487 -0.00102402 -0.00130715 0.999999 0.0796704
60 74 548 0.999845 0.0171849 -0.00383831 0.99106 -0.0172175 0.999815 -0.00861501 -0.0100275 0.00368955 0.00867976 0.999956 0.133041
75 76 0 1 0 0 0 0 1 0 0 0 0 1 0
75 77 0 1 0 0 0 0 1 0 0 0 0 1 0
75 78 13 0.999952 -0.00283471 -0.00936128 0.961178 0.00284519 0.999995 0.00110642 -0.0338282 0.0093581 -0.001133 0.999956 -0.273848
75 79 52 0.999975 0.00325038 -0.00622004 0.894694 -0.00328156 0.999982 -0.00500923 0.205636 0.00620365 0.00502951 0.999968 0.39653
75 80 683 0.999885 0.00454184 -0.0144785 0.976405 -0.00459554 0.999983 -0.0036773 0.0587238 0.0144615 0.00374341 0.999888 -0.207809
75 81 594 0.999842 -0.00109791 -0.0177507 0.991482 0.00105235 0.999996 -0.00257577 0.126815 0.0177535 0.00255668 0.999839 -0.0296756
75 82 686 0.999147 -0.00340518 -0.0411573 0.988406 0.00325657 0.999988 -0.00367727 0.112143 0.0411694 0.00354011 0.999146 0.102363
75 83 52 0.999934 -0.00581336 -0.00986644 0.994428 0.00580949 0.999983 -0.000420251 0.0866805 0.00986872 0.000362905 0.999951 -0.0599888
75 84 631 0.999546 -0.00220383 -0.0300385 0.999469 0.00225474 0.999996 0.00166103 0.032353 0.0300348 -0.001728 0.999547 0.00399037
75 85 662 0.999242 -0.00226997 -0.0388521 0.993766 0.00230457 0.999997 0.000845962 0.0994072 0.03885 -0.000934859 0.999245 0.0504699
75 86 572 0.999117 -0.00820632 -0.0412035 0.962177 0.00803248 0.999958 -0.00438299 0.259253 0.0412377 0.00404815 0.999141 0.0836859
75 87 600 0.998336 -0.000482544 -0.0576542 0.982897 0.000709411 0.999992 0.00391456 0.148014 0.0576518 -0.00394894 0.998329 0.109571
75 88 579 0.999112 0.00364957 -0.0419705 0.993143 -0.00288432 0.999829 0.0182793 -0.0411916 0.0420301 -0.018142 0.998952 0.109407
75 89 586 0.99933 0.00402483 -0.0363792 0.975474 -0.00367218 0.999946 0.00975537 0.121502 0.0364165 -0.00961524 0.99929 0.183543
90 91 0 1 0 0 0 0 1 0 0 0 0 1 0
90 92 429 0.999877 0.00307881 -0.0153687 0.944317 -0.00290518 0.999932 0.0113071 -0.1035 0.0154024 -0.0112611 0.999818 0.312334
90 93 432 0.999886 0.0136001 -0.00660014 0.875217 -0.0134421 0.999635 0.0234186 -0.471388 0.00691623 -0.0233272 0.999704 0.108573
90 94 568 0.999908 0.0132675 0.00271411 0.858734 -0.0132944 0.99986 0.0101537 -0.13244 -0.00257902 -0.0101888 0.999945 0.495012
90 95 550 0.999924 0.00973913 0.00751409 0.790484 -0.0097746 0.999941 0.0046984 -0.0891372 -0.00746789 -0.00477149 0.999961 0.605961
90 96 151 0.999794 0.00560202 0.0194896 0.563098 -0.00565811 0.99998 0.00282386 -0.161044 -0.0194734 -0.00293355 0.999806 0.810547
90 97 516 0.999973 0.0061355 0.00412662 0.772298 -0.00613915 0.999981 0.000873064 -0.153086 -0.00412119 -0.000898374 0.999991 0.61654
90 98 491 0.999995 0.000587531 -0.00294408 0.731797 -0.000616941 0.99995 -0.0099986 -0.0151856 0.00293806 0.0100004 0.999946 0.681354
90 99 477 0.999883 0.000938952 -0.0152468 0.861467 -0.00107205 0.999961 -0.00872356 -0.213495 0.015238 0.00873889 0.999846 0.460754
90 100 475 0.999631 0.00239353 -0.0270472 0.957363 -0.00250154 0.999989 -0.00396017 -0.253332 0.0270374 0.00402637 0.999626 0.138848
90 101 348 0.999858 -0.00818332 -0.0147607 0.853471 0.00797555 0.999869 -0.0140805 -0.206631 0.0148739 0.0139608 0.999792 0.478425
90 102 402 0.999675 -0.00696067 -0.0245352 0.925805 0.00657022 0.999851 -0.0159587 -0.294908 0.0246427 0.0157923 0.999572 0.236463
90 103 357 0.999806 -0.00817881 -0.0179201 0.965781 0.00773715 0.999668 -0.0245781 -0.185478 0.0181151 0.0244347 0.999537 0.181286
90 104 383 0.999972 -0.00498738 -0.00550234 0.906511 0.00483718 0.999624 -0.0269822 -0.258205 0.00563484 0.0269548 0.999621 0.334018
105 106 0 1 0 0 0 0 1 0 0 0 0 1 0
105 107 465 0.999884 0.00549505 -0.0142014 0.783463 -0.00529935 0.999891 0.0137813 -0.587184 0.0142755 -0.0137045 0.999804 -0.203471
105 108 11 0.999868 0.00346604 0.015905 0.59281 -0.00326326 0.999913 -0.0127575 -0.0818484 -0.0159478 0.0127039 0.999792 -0.801173
105 109 76 0.999727 0.0112027 0.0205231 0.46478 -0.0109135 0.99984 -0.0141496 -0.114393 -0.0206783 0.0139218 0.999689 -0.878006
105 110 574 0.999963 0.00857138 -0.000794352 0.926985 -0.00858072 0.999884 -0.0126212 -0.0768011 0.000686078 0.0126276 0.99992 -0.367152
105 111 179 0.999783 0.00555748 0.0200959 0.59477 -0.0052558 0.999873 -0.0150337 -0.080735 -0.0201769 0.0149248 0.999685 -0.799832
105 112 509 0.999953 0.00947428 0.00193257 0.802284 -0.00944657 0.999859 -0.0138743 -0.0410875 -0.00206374 0.0138554 0.999902 -0.595527
105 113 221 0.999823 0.00448852 0.0182609 0.512936 -0.00408964 0.999754 -0.021822 0.0979257 -0.0183543 0.0217435 0.999595 -0.852823
105 114 279 0.999778 -0.00378784 0.0207454 0.345432 0.00431874 0.999663 -0.0256067 0.299522 -0.0206414 0.0256906 0.999457 -0.889361
105 115 275 0.999392 0.00479102 0.0345332 0.173202 -0.00431521 0.999895 -0.0138397 0.130351 -0.0345959 0.0136823 0.999308 -0.976222
105 116 462 0.999674 0.0103851 -0.0233273 0.879642 -0.010812 0.999775 -0.01825 0.132937 0.0231325 0.0184963 0.999561 -0.45668
105 117 342 0.999856 0.014616 0.00860407 0.673696 -0.0146111 0.999893 -0.000639426 -0.0505048 -0.0086125 0.000513619 0.999963 -0.737281
105 118 434 0.999869 0.0125983 -0.0101332 0.79008 -0.0126643 0.999899 -0.00647528 0.13069 0.0100506 0.00660276 0.999928 -0.598911
105 119 450 0.999847 0.017097 0.00374127 0.736471 -0.0171275 0.999819 0.00829634 -0.0342523 -0.00359875 -0.00835915 0.999959 -0.675601
120 121 16 0.999984 0.00433701 0.00369896 0.0486556 -0.00436551 0.999961 0.00773303 -0.0287906 -0.00366527 -0.00774905 0.999963 -0.998401
120 122 44 0.999972 0.00604254 0.00441598 0.185299 -0.00609237 0.999917 0.0113588 0.179959 -0.00434698 -0.0113854 0.999926 -0.966064
120 123 527 0.999623 0.0174109 -0.0212185 0.911913 -0.0173558 0.999846 0.00278182 0.322122 0.0212636 -0.00241251 0.999771 -0.25427
120 124 377 0.999802 0.0198906 0.00028684 0.816368 -0.0198925 0.999756 0.00962635 0.0937048 -9.52956e-05 -0.00963015 0.999954 -0.56988
120 125 477 0.999707 0.0241101 -0.00201631 0.873686 -0.0240889 0.99966 0.00994221 0.00242601 0.00225533 -0.00989073 0.999949 -0.486484
120 126 485 0.999488 0.0309188 0.00827471 0.606175 -0.0309342 0.99952 0.00174068 0.234928 -0.00821692 -0.00199576 0.999964 -0.759843
120 127 489 0.999574 0.0289742 -0.00354934 0.654552 -0.0289814 0.999578 -0.00200649 0.171321 0.00348971 0.0021085 0.999992 -0.73635
120 128 489 0.999615 0.0267489 -0.00737511 0.612515 -0.0268238 0.999588 -0.0102513 0.353786 0.00709786 0.0104452 0.99992 -0.706867
120 129 505 0.99911 0.0322176 -0.0272112 0.750726 -0.032526 0.999411 -0.0109676 0.271596 0.0268418 0.011843 0.99957 -0.602201
120 130 475 0.999428 0.0321948 -0.0103453 0.465963 -0.0323111 0.999414 -0.0112784 0.344678 0.00997613 0.0116062 0.999883 -0.814908
120 131 492 0.998837 0.0403484 -0.0263852 0.596097 -0.0405612 0.999148 -0.00757653 0.265789 0.026057 0.00863793 0.999623 -0.757644
120 132 467 0.998451 0.0361799 -0.0422592 0.607805 -0.0369856 0.999146 -0.0184421 0.408012 0.0415559 0.0199765 0.998936 -0.681248
120 133 449 0.998571 0.0441858 -0.0300521 0.526158 -0.0441989 0.999023 0.000229709 0.262311 0.0300329 0.00109889 0.999548 -0.808919
120 134 459 0.996268 0.0408707 -0.0760201 0.723783 -0.0438038 0.998343 -0.0373245 0.500581 0.0743686 0.0405152 0.996407 -0.474928
135 136 0 1 0 0 0 0 1 0 0 0 0 1 0
135 137 0 1 0 0 0 0 1 0 0 0 0 1 0
135 138 33 0.999951 0.00117169 -0.00980243 0.475396 -0.00114498 0.999996 0.00272995 0.201318 0.00980558 -0.0027186 0.999948 -0.856429
135 139 174 0.999882 0.00236078 -0.0152088 0.542077 -0.00229578 0.999988 0.00428945 0.236976 0.0152188 -0.00425403 0.999875 -0.806223
135 140 506 0.999279 0.00711575 -0.0372899 0.746211 -0.00766482 0.999864 -0.0146022 0.576381 0.0371809 0.0148775 0.999198 -0.333098
135 141 485 0.998541 0.0103858 -0.0529879 0.75431 -0.0118606 0.999549 -0.0275939 0.600687 0.0526774 0.0281821 0.998214 -0.264936
135 142 493 0.99926 0.00735997 -0.0377487 0.686438 -0.00749033 0.999966 -0.00331309 0.377611 0.0377231 0.00359339 0.999282 -0.62146
135 143 524 0.999275 0.0107877 -0.0365071 0.618655 -0.0107791 0.999942 0.000433433 0.387209 0.0365096 -3.96047e-05 0.999333 -0.683619
135 144 486 0.999192 0.0102248 -0.0388684 0.534169 -0.0100297 0.999936 0.00521142 0.341818 0.0389192 -0.00481738 0.999231 -0.773191
135 145 501 0.998016 0.0180459 -0.0603212 0.741879 -0.0176664 0.999821 0.00681926 0.305018 0.0604335 -0.00574008 0.998156 -0.597143
135 146 462 0.997435 0.0221456 -0.0680641 0.692142 -0.0229826 0.999669 -0.0115378 0.546991 0.0677861 0.0130725 0.997614 -0.470893
135 147 409 0.998748 0.0303065 -0.0397915 0.519393 -0.0293195 0.999253 0.025157 0.291285 0.0405243 -0.0239588 0.998891 -0.803358
135 148 435 0.996702 0.0390733 -0.0711172 0.714169 -0.0371653 0.998918 0.0279578 0.260388 0.0721326 -0.0252225 0.997076 -0.649739
135 149 382 0.998036 0.0363352 -0.0510229 0.530259 -0.0345957 0.998803 0.0345715 0.296435 0.052218 -0.0327384 0.998099 -0.794325
150 151 0 1 0 0 0 0 1 0 0 0 0 1 0
150 152 124 0.999627 0.0271224 -0.00326115 0.568648 -0.0271211 0.999632 0.00044795 0.791936 0.0032721 -0.000359337 0.999995 0.222434
150 153 19 0.999841 0.0174235 0.00390242 -0.0870675 -0.0174611 0.999799 0.00981344 0.21323 -0.00373066 -0.00988001 0.999944 -0.973115
150 154 0 1 0 0 0 0 1 0 0 0 0 1 0
150 155 46 0.999515 0.0276507 -0.0142971 0.416785 -0.0274036 0.999477 0.0171965 0.167252 0.0147651 -0.0167964 0.99975 -0.893486
150 156 29 0.999391 0.0340505 -0.00759894 0.0797327 -0.0338843 0.999205 0.0210232 -0.216523 0.00830875 -0.0207529 0.99975 -0.973016
150 157 54 0.999468 0.0319502 -0.00652816 0.129973 -0.0318299 0.999335 0.0177602 0.05172 0.00709126 -0.017543 0.999821 -0.990168
150 158 178 0.99766 0.0372845 -0.0573149 0.780021 -0.0379954 0.999213 -0.0113637 0.538094 0.0568461 0.0135148 0.998291 -0.319409
150 159 171 0.996988 0.040344 -0.0662415 0.827931 -0.0410959 0.999105 -0.0100268 0.475437 0.0657777 0.0127188 0.997753 -0.297473
150 160 71 0.998827 0.043629 -0.0210097 0.319297 -0.0431945 0.998852 0.0207104 0.0341301 0.0218892 -0.0197786 0.999565 -0.94704
150 161 152 0.998952 0.0294687 -0.035015 0.258594 -0.0291122 0.999519 0.0106468 0.229761 0.0353119 -0.0096163 0.99933 -0.938264
150 162 159 0.995326 0.0374367 -0.0890231 0.781707 -0.0388212 0.99915 -0.013871 0.495939 0.0884281 0.0172621 0.995933 -0.378126
150 163 142 0.997063 0.0422483 -0.0638788 0.642496 -0.0413414 0.999026 0.0154544 0.280266 0.0644695 -0.0127681 0.997838 -0.713197
150 164 149 0.997818 0.0405065 -0.0521419 0.486711 -0.0396738 0.99907 0.0169066 0.374946 0.0527782 -0.014801 0.998497 -0.789004
165 166 16 0.999984 0.00503948 -0.00246458 -0.0494849 -0.00502375 0.999967 0.00634562 0.316005 0.00249648 -0.00633314 0.999977 -0.947466
165 167 14 0.999949 0.00934613 -0.00387481 -0.263937 -0.00930801 0.999909 0.00974273 -0.176702 0.00396552 -0.00970616 0.999945 -0.948216
165 168 77 0.999911 0.0105184 -0.00825625 0.129807 -0.010448 0.999909 0.00851334 0.201304 0.00834505 -0.00842632 0.99993 -0.97089
165 169 514 0.999052 0.0168071 -0.0401478 0.789016 -0.017022 0.999843 -0.00501865 0.468476 0.0400572 0.00569729 0.999181 -0.397473
165 170 520 0.999313 0.0157587 -0.0335352 0.604613 -0.0157865 0.999875 -0.000561973 0.377281 0.0335222 0.00109099 0.999437 -0.7015
165 171 495 0.999062 0.0215141 -0.0375885 0.597678 -0.0211946 0.999736 0.00887692 0.220977 0.0377695 -0.00807192 0.999254 -0.770681
165 172 463 0.999252 0.0207204 -0.0326449 0.469749 -0.0205723 0.999777 0.00486608 0.302735 0.0327384 -0.00419086 0.999455 -0.829269
165 173 486 0.998638 0.0203261 -0.0480585 0.569222 -0.0203114 0.999793 0.000794502 0.301022 0.0480647 0.000182716 0.998844 -0.765096
165 174 509 0.998446 0.0201811 -0.0519386 0.551881 -0.0197986 0.999773 0.00786801 0.238461 0.0520856 -0.00682747 0.998619 -0.799102
165 175 455 0.998375 0.0267684 -0.0503007 0.479737 -0.0262409 0.999594 0.0111183 0.231277 0.0505779 -0.0097803 0.998672 -0.846383
165 176 412 0.996267 0.0365269 -0.078211 0.711682 -0.0373089 0.999267 -0.00856086 0.405024 0.0778409 0.0114469 0.9969 -0.57399
165 177 414 0.997598 0.0413986 -0.0555286 0.580881 -0.0412301 0.999141 0.00417743 0.308535 0.0556539 -0.00187795 0.998448 -0.753249
165 178 426 0.995342 0.0539972 -0.0798643 0.715932 -0.0543644 0.998518 -0.00242881 0.290638 0.0796148 0.00675927 0.996803 -0.6348
165 179 345 0.997455 0.0514377 -0.049374 0.538972 -0.0517301 0.99865 -0.00466304 0.342699 0.0490675 0.00720529 0.998769 -0.769459
180 181 89 0.999904 0.00219753 -0.0136502 0.889528 -0.00214569 0.99999 0.00381133 -0.250423 0.0136585 -0.00378168 0.9999 -0.382137
180 182 116 0.99982 0.0189272 0.00132757 0.345669 -0.0189289 0.99982 0.00129941 -0.274594 -0.00130274 -0.0013243 0.999998 -0.89728
180 183 158 0.999932 0.0116714 -0.000679446 0.46369 -0.0116764 0.9999 -0.00792966 0.0363605 0.000586828 0.00793705 0.999968 -0.885251
180 184 807 0.999391 0.016891 -0.030547 0.816125 -0.017832 0.999366 -0.0307999 0.478943 0.0300074 0.0313258 0.999059 -0.323348
180 185 745 0.999754 0.0171633 -0.0140482 0.60631 -0.0174262 0.999671 -0.0188138 0.301789 0.0137206 0.019054 0.999724 -0.735739
180 186 741 0.999077 0.0223813 -0.0366525 0.805637 -0.0231575 0.999514 -0.0208904 0.231836 0.0361672 0.0217199 0.99911 -0.545162
180 187 654 0.999322 0.0282282 -0.0236459 0.646756 -0.0286443 0.999437 -0.0174454 0.133669 0.0231401 0.0181109 0.999568 -0.750892
180 188 679 0.999553 0.0268876 -0.0130652 0.498379 -0.0271806 0.999371 -0.0227917 0.199078 0.0124441 0.0231366 0.999655 -0.843793
180 189 608 0.99904 0.0281506 -0.0335543 0.619558 -0.0292854 0.998999 -0.0338228 0.368294 0.0325685 0.034773 0.998864 -0.693187
180 190 542 0.99849 0.0266044 -0.0480694 0.678936 -0.0278745 0.999275 -0.025947 0.214538 0.0473442 0.0272477 0.998507 -0.702154
180 191 594 0.996906 0.029395 -0.0728932 0.788164 -0.0315614 0.999088 -0.0287485 0.189066 0.0719817 0.0309602 0.996925 -0.585707
180 192 622 0.998277 0.0287013 -0.0511866 0.556394 -0.0299189 0.999283 -0.0231808 0.122786 0.0504846 0.0246723 0.99842 -0.821796
180 193 551 0.999219 0.0186745 -0.0348305 0.368027 -0.019785 0.999298 -0.0318164 0.236914 0.0342119 0.0324807 0.998887 -0.899126
180 194 452 0.99719 0.0224345 -0.0714703 0.618788 -0.0249518 0.999092 -0.0345264 0.234378 0.0706309 0.0362127 0.996845 -0.749779
195 196 54 0.999883 0.00759497 -0.0132996 0.564455 -0.00736468 0.999824 0.0172798 -0.722973 0.0134285 -0.0171798 0.999762 -0.398373
195 197 241 0.999647 -0.000115411 -0.0265754 0.641958 0.000753436 0.999712 0.0239993 -0.290237 0.026565 -0.0240108 0.999359 -0.709685
195 198 142 0.999554 -0.00103008 -0.0298303 0.64901 0.00187362 0.999599 0.0282641 -0.154005 0.0297892 -0.0283074 0.999155 -0.745029
195 199 414 0.995402 -0.00512615 -0.0956467 0.965666 0.00671731 0.999844 0.0163212 0.201155 0.0955481 -0.0168887 0.995282 -0.164393
195 200 392 0.998422 0.00475407 -0.055958 0.859911 -0.00230625 0.999041 0.0437273 -0.0868171 0.0561122 -0.0435293 0.997475 -0.503007
195 201 397 0.997177 0.00822351 -0.0746334 0.985569 -0.00514634 0.999132 0.0413295 -0.0395508 0.0749085 -0.0408288 0.996354 -0.164587
195 202 453 0.997672 0.0219735 -0.0645546 0.787265 -0.0185532 0.998416 0.0531128 -0.278225 0.0656194 -0.0517914 0.9965 -0.550278
195 203 433 0.994635 0.0233975 -0.100769 0.923151 -0.017748 0.998239 0.0566008 -0.124267 0.101915 -0.0545087 0.993299 -0.363798
195 204 395 0.990635 0.0253065 -0.13417 0.990112 -0.0187768 0.998587 0.0497117 -0.03018 0.135238 -0.0467269 0.989711 -0.136996
195 205 387 0.993785 0.0309325 -0.106931 0.949264 -0.0254668 0.998317 0.0521074 -0.113412 0.108363 -0.0490603 0.9929 -0.293318
195 206 300 0.998047 0.0333955 -0.0527852 0.629841 -0.0309969 0.998478 0.0456242 -0.129028 0.0542285 -0.0438989 0.997563 -0.765932
195 207 368 0.995682 0.0447867 -0.0813089 0.817867 -0.0403829 0.997668 0.0550217 -0.20458 0.0835835 -0.0515007 0.995169 -0.537811
195 208 291 0.997499 0.0484197 -0.0514966 0.660616 -0.0460218 0.997845 0.0467731 -0.158169 0.0536504 -0.0442861 0.997577 -0.733872
195 209 358 0.990379 0.053813 -0.127486 0.933904 -0.0470861 0.997364 0.0552062 -0.15443 0.130121 -0.0486723 0.990303 -0.322452
210 211 0 1 0 0 0 0 1 0 0 0 0 1 0
210 212 58 0.999732 0.0201072 0.0114347 0.370983 -0.0201296 0.999796 0.00184269 -0.452511 -0.0113953 -0.00207237 0.999933 -0.810929
210 213 143 0.999848 0.0154146 0.00814194 0.747873 -0.0154408 0.999876 0.00316452 -0.18586 -0.00809214 -0.00328976 0.999962 -0.637292
210 214 510 0.999742 0.00302357 -0.0224957 0.974301 -0.00308716 0.999991 -0.00279257 0.128532 0.0224871 0.0028613 0.999743 -0.184981
210 215 92 0.9998 -0.00572094 0.0191732 0.939373 0.00561877 0.99997 0.00537811 0.0453086 -0.0192034 -0.00526931 0.999802 -0.33989
210 216 267 0.999889 -0.00747153 0.0128866 0.708505 0.00732535 0.999909 0.0113536 0.0845544 -0.0129703 -0.011258 0.999853 -0.700622
210 217 359 0.999753 -0.0073158 -0.0209633 0.942107 0.0077322 0.999773 0.0198515 0.0118147 0.0208134 -0.0200087 0.999583 -0.335105
210 218 403 0.99984 -0.0166915 0.00649221 0.891241 0.0165178 0.999527 0.0259445 0.0288164 -0.0069222 -0.0258331 0.999642 -0.452613
210 219 475 0.999543 -0.0166302 -0.0252561 0.939041 0.0175818 0.999125 0.0379382 -0.0611117 0.0246031 -0.0383649 0.998961 -0.338331
210 220 559 0.999743 -3.58838e-05 -0.0226773 0.904432 0.00134434 0.998334 0.0576863 -0.242912 0.0226375 -0.0577019 0.998077 -0.350707
210 221 317 0.999953 -0.00858451 -0.00458788 0.914859 0.00877034 0.999073 0.0421498 -0.166241 0.00422179 -0.0421881 0.999101 -0.367962
210 222 432 0.999693 -0.00162046 -0.0247053 0.934229 0.0025316 0.999316 0.036894 -0.116175 0.0246286 -0.0369452 0.999014 -0.337223
210 223 304 0.999528 -0.0122134 0.0282009 0.722069 0.0114708 0.999587 0.0263471 -0.033154 -0.028511 -0.0260111 0.999255 -0.691026
210 224 421 0.999824 -0.0052913 0.0179957 0.77641 0.00474212 0.999526 0.0304242 -0.0942444 -0.0181481 -0.0303336 0.999375 -0.623142
225 226 0 1 0 0 0 0 1 0 0 0 0 1 0
225 227 24 0.999947 0.00827908 -0.00611134 0.885324 -0.00830654 0.999955 -0.00448113 -0.105034 0.00607397 0.00453165 0.999971 -0.452957
225 228 60 0.99985 0.015842 0.00697372 0.471166 -0.0157743 0.999829 -0.00966188 -0.0100556 -0.00712559 0.00955043 0.999929 -0.881987
225 229 154 0.999349 0.0358709 0.00375248 0.518599 -0.035882 0.999352 0.00294751 -0.480737 -0.00364432 -0.00308023 0.999989 -0.707069
225 230 292 0.999526 0.02873 -0.0110646 0.728698 -0.0287061 0.999585 0.00231818 -0.258836 0.0111266 -0.00199946 0.999936 -0.634038
225 231 191 0.999617 0.0273623 -0.00405384 0.674589 -0.0273876 0.999605 -0.00633865 -0.232862 0.0038788 0.00644725 0.999972 -0.700504
225 232 492 0.999094 0.0340126 -0.0255847 0.8614 -0.0340681 0.999418 -0.00173627 -0.338435 0.0255107 0.00260631 0.999671 -0.378749
225 233 471 0.999296 0.0226102 -0.0299251 0.926996 -0.0230515 0.999629 -0.0144841 -0.179727 0.0295866 0.0151637 0.999447 -0.329205
225 234 153 0.999593 0.0282622 0.00381964 0.641278 -0.0281706 0.999357 -0.0222025 -0.221009 -0.00444468 0.0220859 0.999746 -0.734791
225 235 172 0.999956 0.00930207 0.0014075 0.723325 -0.00925826 0.999552 -0.0284568 -0.0942269 -0.00167157 0.0284425 0.999594 -0.684048
225 236 320 0.999583 0.0247568 -0.0148368 0.84915 -0.0250545 0.999481 -0.0202301 -0.358186 0.0143283 0.0205934 0.999685 -0.388132
225 237 398 0.999139 0.0165082 -0.0380547 0.953437 -0.0175116 0.999504 -0.026185 -0.181745 0.0376036 0.0268288 0.998933 -0.240681
225 238 202 0.999269 0.0379291 -0.00485465 0.800893 -0.0380569 0.998835 -0.0296859 -0.298861 0.00372303 0.029849 0.999547 -0.518895
225 239 379 0.998474 0.0308567 -0.0458039 0.967976 -0.0320139 0.999181 -0.0247485 -0.184556 0.0450027 0.0261771 0.998644 -0.170181
240 241 0 1 0 0 0 0 1 0 0 0 0 1 0
240 242 162 0.999929 0.00378763 -0.0113353 0.679789 -0.0038354 0.999984 -0.00419512 -0.207657 0.0113192 0.00423829 0.999927 0.703395
240 243 648 0.999547 0.0179367 0.0241731 -0.774108 -0.0173373 0.999542 -0.0247846 0.446686 -0.0246066 0.0243543 0.999401 0.448585
240 244 270 0.999749 0.00933045 -0.0203892 0.930158 -0.0096057 0.999863 -0.0134437 -0.0421028 0.020261 0.0136362 0.999702 0.364738
240 245 361 0.999688 0.0110713 -0.0224005 0.88432 -0.0114924 0.999758 -0.0187582 -0.0343631 0.0221874 0.0190098 0.999573 0.465615
240 246 385 0.999673 0.0158636 -0.0200317 0.918536 -0.016239 0.999693 -0.018717 -0.124319 0.0197286 0.0190362 0.999624 0.375281
240 247 233 0.99986 0.00171861 -0.0166648 0.914731 -0.00206693 0.999779 -0.0209068 0.0438131 0.0166252 0.0209383 0.999643 0.401682
240 248 427 0.999675 0.0135625 -0.0215834 0.922406 -0.013818 0.999836 -0.0117331 -0.0239717 0.0214207 0.0120275 0.999698 0.385477
240 249 322 0.999848 0.00957692 -0.0145526 0.875427 -0.00971915 0.999905 -0.00973436 -0.00559386 0.014458 0.00987432 0.999847 0.483318
240 250 304 0.999568 0.0148948 -0.0253381 0.926449 -0.0151012 0.999854 -0.00797432 0.0485928 0.0252156 0.00835351 0.999647 0.373269
240 251 304 0.999784 0.0196086 -0.00690811 0.926389 -0.0196039 0.999808 0.000741884 -0.0318272 0.00692133 -0.000606298 0.999976 0.375221
240 252 373 0.999707 0.0181507 -0.0160098 0.913965 -0.0181899 0.999832 -0.00230764 0.0512423 0.0159652 0.00259818 0.999869 0.402545
240 253 303 0.999965 0.0041491 -0.00719834 0.931 -0.00415307 0.999991 -0.000537529 0.0233015 0.00719604 0.000567405 0.999974 0.364274
240 254 321 0.999972 -0.00114867 -0.0074334 0.904836 0.0011346 0.999998 -0.00189659 0.050063 0.00743556 0.0018881 0.999971 0.422807
255 256 0 1 0 0 0 0 1 0 0 0 0 1 0
255 257 0 1 0 0 0 0 1 0 0 0 0 1 0
255 258 598 0.999693 -0.0202218 -0.0143426 0.902858 0.0202193 0.999796 -0.000316472 0.189439 0.014346 2.63781e-05 0.999897 0.385953
255 259 601 0.999428 -0.0218074 -0.025832 0.880738 0.0214375 0.999665 -0.0145112 0.331976 0.0261398 0.0139491 0.999561 0.337775
255 260 485 0.999744 -0.0203963 -0.00976613 0.889544 0.0203889 0.999792 -0.000850613 0.114546 0.00978144 0.000651275 0.999952 0.442256
255 261 577 0.999732 -0.018181 -0.0143343 0.872465 0.0181203 0.999826 -0.00435859 0.134645 0.0144111 0.00409768 0.999888 0.469762
255 262 488 0.999535 -0.018198 -0.0244724 0.950676 0.0180209 0.99981 -0.00743611 0.194377 0.024603 0.00699164 0.999673 0.241729
255 263 404 0.999089 -0.0335972 -0.0263066 0.857522 0.0333847 0.999407 -0.00847369 0.29367 0.0265757 0.00758773 0.999618 0.422391
255 264 509 0.999421 -0.0267196 -0.0210808 0.779727 0.0267956 0.999635 0.0033292 0.0874355 0.0209842 -0.00389215 0.999772 0.619984
255 265 452 0.999746 -0.0182013 -0.013327 0.714911 0.018347 0.999772 0.0108926 -0.0585646 0.0131257 -0.0111343 0.999852 0.696758
255 266 440 0.999334 -0.0290727 -0.0220478 0.741968 0.0292051 0.999557 0.00570337 0.0182005 0.0218722 -0.00634348 0.999741 0.670188
255 267 482 0.998228 -0.0359628 -0.0474049 0.8145 0.0354694 0.999308 -0.0112092 0.163853 0.0477752 0.00950786 0.998813 0.556545
255 268 436 0.99898 -0.0282825 -0.0351953 0.781199 0.0283412 0.999598 0.00117063 0.00676135 0.035148 -0.00216691 0.99938 0.624246
255 269 439 0.9986 -0.0262179 -0.0459518 0.802978 0.0261013 0.999654 -0.00313662 0.0331695 0.0460181 0.00193283 0.998939 0.595085
270 271 41 0.99994 0.00289617 -0.0105194 0.799292 -0.00281891 0.999969 0.00735263 -0.319409 0.0105403 -0.00732254 0.999918 0.509028
270 272 185 0.999975 0.0064866 -0.00287637 0.614837 -0.0064733 0.999968 0.00461016 -0.216678 0.00290618 -0.00459142 0.999985 0.758305
270 273 549 0.999851 0.0145705 -0.00925737 0.837467 -0.0144805 0.999848 0.00970928 -0.284717 0.00939743 -0.00957379 0.99991 0.46646
270 274 549 0.999888 0.0143245 -0.00435677 0.671183 -0.0142844 0.999857 0.00909535 -0.217627 0.00448644 -0.0090321 0.999949 0.708627
270 275 509 0.999892 0.0129725 -0.00688188 0.697756 -0.0129178 0.999885 0.00793529 -0.162311 0.00698403 -0.00784554 0.999945 0.697704
270 276 451 0.99992 0.00841671 -0.00942838 0.754673 -0.00835702 0.999945 0.00635265 -0.0860973 0.00948133 -0.00627335 0.999935 0.650428
270 277 472 0.999889 0.0117073 -0.00918469 0.709654 -0.011608 0.999874 0.010793 -0.135139 0.0093099 -0.0106852 0.9999 0.691469
270 278 433 0.999759 0.0181014 -0.0124008 0.752701 -0.0179471 0.999761 0.0124453 -0.152376 0.0126231 -0.0122198 0.999846 0.640486
270 279 351 0.999822 0.0162577 -0.0095775 0.707955 -0.0161239 0.999774 0.0138767 -0.122603 0.00980094 -0.0137198 0.999858 0.695534
270 280 361 0.999572 0.0262639 -0.0128942 0.779556 -0.0260338 0.999504 0.0177015 -0.118258 0.0133527 -0.0173582 0.99976 0.615067
270 281 395 0.999592 0.0271822 -0.00882557 0.740653 -0.0270311 0.999493 0.0168091 -0.136032 0.00927801 -0.0165637 0.99982 0.657973
270 282 294 0.999792 0.0203794 -0.000422436 0.714097 -0.0203727 0.999717 0.0123111 -0.0931645 0.000673209 -0.0122999 0.999924 0.69382
270 283 360 0.999678 0.0250091 -0.00418166 0.763195 -0.024921 0.99949 0.0199582 -0.142371 0.00467867 -0.0198476 0.999792 0.630289
270 284 341 0.999671 0.0256489 8.45109e-05 0.728363 -0.0256473 0.999558 0.0150472 -0.123045 0.000301472 -0.0150445 0.999887 0.674053
285 286 63 0.999969 -0.00249527 0.00751083 0.0964139 0.0024992 0.999997 -0.000514137 -0.202153 -0.00750952 0.000532892 0.999972 0.974597
285 287 49 0.999981 0.00531754 0.00321463 0.62774 -0.00529305 0.999957 -0.00757958 -0.155517 -0.0032548 0.00756242 0.999966 0.76273
285 288 189 0.999989 0.00443849 0.00169785 0.822078 -0.00442667 0.999966 -0.00689934 -0.183491 -0.00172842 0.00689174 0.999975 0.538999
285 289 440 0.999989 0.00458694 -0.000455881 0.74486 -0.00458906 0.999978 -0.00475734 -0.258402 0.000434049 0.00475938 0.999989 0.615151
285 290 403 0.999958 0.00861581 -0.00326832 0.73239 -0.00865417 0.999892 -0.0119094 -0.184482 0.00316536 0.0119371 0.999924 0.655417
285 291 484 0.999875 0.0157281 -0.00182999 0.797073 -0.0157484 0.999808 -0.0116374 -0.287682 0.0016466 0.0116648 0.999931 0.530956
285 292 450 0.999891 0.0143959 -0.00332272 0.772116 -0.0144408 0.999799 -0.0138894 -0.224914 0.0031221 0.0139359 0.999898 0.594349
285 293 335 0.999896 0.014297 0.00200915 0.649757 -0.0142605 0.999751 -0.0171397 -0.237639 -0.00225369 0.0171093 0.999851 0.722041
285 294 419 0.999771 0.0166496 -0.0134311 0.798369 -0.0169025 0.999678 -0.018938 -0.23436 0.0131115 0.0191607 0.99973 0.554692
285 295 405 0.999476 0.0320945 -0.00410692 0.701536 -0.032153 0.999369 -0.0150706 -0.29533 0.00362064 0.0151948 0.999878 0.648558
285 296 291 0.998653 0.0390444 -0.0341802 0.844838 -0.0395991 0.999092 -0.0157048 -0.250022 0.033536 0.0170371 0.999292 0.47301
285 297 386 0.999056 0.0413971 -0.0131559 0.806828 -0.0416907 0.998868 -0.0228871 -0.249681 0.0121936 0.023414 0.999651 0.535432
285 298 362 0.998816 0.0462606 -0.0150365 0.756057 -0.0465161 0.998771 -0.0171125 -0.274497 0.0142264 0.0177917 0.99974 0.594162
285 299 376 0.998286 0.0474436 -0.0342518 0.853617 -0.0480887 0.998676 -0.0182612 -0.23362 0.0333401 0.019877 0.999246 0.465575
300 301 0 1 0 0 0 0 1 0 0 0 0 1 0
300 302 20 0.999982 -0.00220198 0.00566316 -0.98993 0.00221408 0.999995 -0.00213146 0.0798772 -0.00565844 0.00214396 0.999982 0.116867
300 303 0 1 0 0 0 0 1 0 0 0 0 1 0
300 304 727 0.99943 -0.0017458 -0.0337265 0.992666 0.00160645 0.99999 -0.00415854 0.109036 0.0337334 0.00410199 0.999422 0.0522002
300 305 215 0.999854 0.000777748 -0.0170459 0.831552 -0.000746811 0.999998 0.00182123 -0.1356 0.0170473 -0.00180823 0.999853 0.53864
300 306 225 0.99981 0.00762915 -0.0179104 0.855431 -0.00759814 0.99997 0.00179844 -0.0975912 0.0179235 -0.00166201 0.999838 0.508639
300 307 618 0.999407 0.0104509 -0.0328215 0.971461 -0.0104106 0.999945 0.00139807 0.0369522 0.0328343 -0.00105555 0.99946 0.234303
300 308 598 0.999339 0.0128563 -0.0339899 0.958374 -0.0127648 0.999914 0.00290938 -0.00940606 0.0340244 -0.00247358 0.999418 0.28536
300 309 686 0.99688 0.010078 -0.078286 0.977099 -0.0111536 0.999849 -0.0133143 0.185947 0.07814 0.0141459 0.996842 0.103442
300 310 540 0.998721 0.0159007 -0.0479913 0.991313 -0.0156935 0.999866 0.0046899 0.0514936 0.0480594 -0.00393075 0.998837 0.121022
300 311 616 0.998025 0.0156025 -0.0608523 0.978051 -0.0152037 0.99986 0.00701111 0.00930779 0.0609532 -0.00607208 0.998122 0.208156
300 312 577 0.996897 0.0183418 -0.0765522 0.980771 -0.0181269 0.99983 0.00350061 0.0520505 0.0766034 -0.00210209 0.997059 0.188092
300 313 471 0.996912 0.0234939 -0.0749257 0.99494 -0.0226355 0.999668 0.0122853 0.00136585 0.0751895 -0.0105513 0.997113 0.100458
300 314 279 0.997444 0.0372925 -0.0609484 0.944407 -0.0363046 0.999192 0.0172366 -0.0847629 0.061542 -0.0149798 0.997992 0.317663
315 316 360 0.999789 0.00531058 -0.0198507 0.584213 -0.00478352 0.999637 0.0265051 -0.808004 0.0199843 -0.0264045 0.999452 0.0763195
315 317 131 0.99988 0.00478168 0.0147564 -0.933367 -0.00457757 0.999894 -0.0138348 0.277646 -0.014821 0.0137656 0.999795 -0.227461
315 318 325 0.999129 0.00194787 -0.0416823 0.967876 -0.00282995 0.999773 -0.0211135 0.19821 0.0416317 0.0212131 0.998908 -0.154691
315 319 144 0.999791 0.0104247 -0.0175881 0.90291 -0.0106702 0.999846 -0.0139222 -0.0573204 0.0174403 0.014107 0.999748 -0.425991
315 320 206 0.999511 0.0169043 -0.0262922 0.994054 -0.0173143 0.999731 -0.0154449 0.0108477 0.0260241 0.0158926 0.999535 -0.108349
315 321 237 0.99915 0.0261429 -0.0318669 0.989881 -0.0266408 0.999528 -0.0153019 -0.121744 0.0314518 0.0161379 0.999375 0.0728987
315 322 269 0.998478 0.0364462 -0.0413972 0.998268 -0.0372704 0.999118 -0.0193169 -0.012408 0.0406567 0.0208304 0.998956 -0.0575043
315 323 188 0.99836 0.0435569 -0.0371418 0.965619 -0.044196 0.998886 -0.0165604 0.00375892 0.0363791 0.0181748 0.999173 -0.259935
315 324 183 0.99746 0.0525355 -0.0480963 0.998442 -0.0532374 0.998492 -0.0134302 0.00400301 0.0473182 0.0159566 0.998752 0.0556531
315 325 240 0.996575 0.0496638 -0.0661209 0.993768 -0.0505393 0.998654 -0.0116331 0.0238325 0.0654542 0.014935 0.997744 -0.108888
315 326 170 0.996668 0.0592664 -0.0560376 0.981567 -0.0599265 0.998151 -0.0101716 -0.0180564 0.0553311 0.0134958 0.998377 0.190261
315 327 165 0.995945 0.0676503 -0.0593092 0.956452 -0.0684274 0.997594 -0.0111689 -0.062809 0.0584109 0.015182 0.998177 0.285053
315 328 127 0.996444 0.0645662 -0.0541266 0.992071 -0.0652957 0.997796 -0.0118168 0.0821236 0.0532444 0.015309 0.998464 -0.0951334
315 329 217 0.994035 0.0629185 -0.0890843 0.999277 -0.0637703 0.997942 -0.00674531 0.0364618 0.0884766 0.012386 0.996001 0.0107319
330 331 18 0.999922 0.00539081 -0.0112632 0.937948 -0.00543348 0.999978 -0.00376111 0.344412 0.0112427 0.00382202 0.999929 0.0404173
330 332 16 0.999962 0.00392975 0.00777121 -0.940949 -0.00396501 0.999982 0.00452743 -0.221709 -0.00775328 -0.00455807 0.99996 0.255853
330 333 13 0.999943 0.00117693 -0.0105864 0.99061 -0.00113584 0.999992 0.00388591 0.127011 0.0105908 -0.00387366 0.999936 0.0505939
330 334 21 0.99986 0.000267602 -0.016739 0.980139 -0.000189998 0.999989 0.00463754 0.138449 0.01674 -0.00463371 0.999849 -0.141985
330 335 81 0.999883 0.00330194 -0.0149647 0.729525 -0.0031737 0.999958 0.00858463 -0.132704 0.0149924 -0.00853613 0.999851 0.670957
330 336 567 0.999139 -0.00152092 -0.0414677 0.975342 0.00147563 0.999998 -0.00112286 0.159938 0.0414694 0.0010607 0.999139 0.152079
330 337 423 0.999506 -0.000424327 -0.0314333 0.977005 0.000565951 0.99999 0.0044968 0.0621268 0.0314311 -0.00451237 0.999496 0.203965
330 338 386 0.999515 -0.00109154 -0.0311115 0.928476 0.00128822 0.999979 0.00630256 0.0687588 0.031104 -0.00633959 0.999496 0.364971
330 339 502 0.998997 0.00454798 -0.0445509 0.971888 -0.00422539 0.999964 0.00733247 -0.0262545 0.0445827 -0.00713687 0.99898 0.233974
330 340 480 0.998907 0.00217821 -0.0466981 0.964203 -0.00196375 0.999987 0.00463775 0.0348208 0.0467076 -0.00454098 0.998898 0.26287
330 341 461 0.998146 0.00679865 -0.0604871 0.976749 -0.00638573 0.999955 0.00701739 0.024988 0.0605321 -0.00661813 0.998144 0.212923
330 342 412 0.998523 0.0089889 -0.0535844 0.973022 -0.00837251 0.999896 0.0117165 -0.0429359 0.0536842 -0.0112506 0.998495 0.226682
330 343 441 0.997994 0.0118368 -0.062196 0.957016 -0.01102 0.999849 0.0134584 -0.0279847 0.0623458 -0.012746 0.997973 0.288681
330 344 504 0.996121 0.0149603 -0.0867125 0.975222 -0.014032 0.999838 0.0113051 -0.00840133 0.0868675 -0.0100445 0.996169 0.221069
345 346 48 0.999858 0.00742133 -0.0151299 0.954048 -0.00734804 0.999961 0.00489432 -0.272727 0.0151656 -0.00478245 0.999874 0.124144
