0 1 20 0.999999 -0.00114087 0.000685757 -0.428324 0.00113938 0.999997 0.00217536 -0.103008 -0.000688237 -0.00217458 0.999997 0.897735
0 2 21 0.999997 -0.00243993 -0.000498174 -0.294331 0.00244079 0.999996 0.00174132 -0.404177 0.000493923 -0.00174253 0.999998 -0.866032
0 3 32 0.999995 -0.0029215 -0.000863673 0.472276 0.00292381 0.999992 0.00268454 -0.283073 0.000855823 -0.00268705 0.999996 0.834761
0 4 22 0.999993 -0.00356495 -0.00132996 0.709751 0.00356996 0.999986 0.00378483 -0.291273 0.00131645 -0.00378955 0.999992 0.641415
0 5 23 0.999991 -0.00305891 -0.00292855 -0.659335 0.00305978 0.999995 0.000292958 -0.492388 0.00292764 -0.000301916 0.999996 -0.568182
0 6 16 0.999987 -0.00442961 -0.00241958 0.733445 0.00443525 0.999987 0.0023303 -0.115972 0.00240923 -0.00234101 0.999994 0.669783
0 7 21 0.999963 -0.00327149 -0.00791188 0.931277 0.00329743 0.999989 0.00326767 -0.0529119 0.0079011 -0.00329363 0.999963 0.36045
0 8 24 0.999983 -0.00453605 -0.0037503 0.692852 0.00454893 0.999984 0.0034332 -0.236586 0.00373467 -0.0034502 0.999987 0.681163
0 9 15 0.999978 -0.00406545 -0.00524535 0.861568 0.00408651 0.999984 0.00401035 -0.249711 0.00522896 -0.0040317 0.999978 0.441979
0 10 22 0.999921 -0.0022165 -0.0123412 0.903446 0.00223928 0.999996 0.00183212 0.107853 0.0123371 -0.00185961 0.999922 0.414913
0 11 21 0.999974 -0.00238967 -0.00684264 0.693368 0.00241977 0.999987 0.00439494 -0.238342 0.00683205 -0.00441138 0.999967 0.680025
0 12 28 0.99992 0.00198355 -0.0125219 0.934401 -0.00194111 0.999992 0.00340064 -0.112821 0.0125285 -0.00337606 0.999916 0.337884
0 13 35 0.999905 0.00503797 -0.0128456 0.950324 -0.00499876 0.999983 0.00308246 0.0346841 0.012861 -0.00301795 0.999913 0.309324
0 14 27 0.999957 0.00671458 -0.00644198 0.823699 -0.0066828 0.999965 0.00494255 -0.14333 0.00647495 -0.00489928 0.999967 0.548613
15 16 29 0.999998 -0.000170141 -0.00219641 -0.371694 0.000171488 1 0.000613094 -0.107633 0.00219631 -0.000613469 0.999997 -0.922095
15 17 20 0.999991 0.000550643 -0.00423447 0.854558 -0.000542829 0.999998 0.00184615 -0.292097 0.00423548 -0.00184383 0.999989 0.429429
15 18 24 0.999987 0.00185447 -0.00479826 -0.964444 -0.00184448 0.999996 0.00208625 0.234482 0.00480211 -0.00207737 0.999986 -0.12193
15 19 24 0.999994 0.00337994 3.62781e-05 0.862656 -0.00338003 0.99999 0.00283705 -0.145737 -2.66887e-05 -0.00283716 0.999996 0.48434
15 20 26 0.999985 0.00542001 -0.00113087 -0.77198 -0.00541627 0.99998 0.00329142 0.155919 0.00114868 -0.00328525 0.999994 -0.616227
15 21 19 0.999949 0.00627608 -0.00796802 0.937234 -0.00625651 0.999977 0.00247915 -0.0475251 0.0079834 -0.00242917 0.999965 0.345448
15 22 36 0.999959 0.00569252 -0.00702808 0.901129 -0.00565873 0.999972 0.00481835 -0.136973 0.00705531 -0.00477839 0.999964 0.411346
15 23 42 0.999936 0.00441279 -0.0104399 0.914682 -0.00436933 0.999982 0.00418226 -0.114779 0.0104582 -0.00413638 0.999937 0.387534
15 24 339 0.999866 0.00321349 -0.01605 0.963122 -0.00314908 0.999987 0.00403656 -0.0251795 0.0160628 -0.00398548 0.999863 0.267886
15 25 649 0.999734 0.0048861 -0.0225256 0.955863 -0.00467977 0.999947 0.00920331 -0.135607 0.0225694 -0.00909545 0.999704 0.260648
15 26 74 0.99997 0.00286454 -0.00726296 0.73487 -0.00281866 0.999976 0.00631921 -0.247746 0.00728089 -0.00629854 0.999954 0.631339
15 27 644 0.999802 0.00281694 -0.0197039 0.93548 -0.00268408 0.999974 0.00676608 -0.166172 0.0197225 -0.00671185 0.999783 0.311872
15 28 636 0.999791 0.00466719 -0.0199178 0.898291 -0.00451611 0.999961 0.00762318 -0.235752 0.0199526 -0.00753163 0.999773 0.370803
15 29 626 0.999841 0.00302902 -0.0175718 0.896038 -0.00294123 0.999983 0.00501936 -0.248342 0.0175867 -0.00496687 0.999833 0.368023
30 31 18 1 -0.000515883 0.000745312 0.0559667 0.000518897 0.999992 -0.00404926 0.11791 -0.000743217 0.00404965 0.999992 -0.991446
30 32 24 0.999978 -0.00269728 -0.00613465 0.941134 0.00265769 0.999976 -0.0064512 0.233862 0.0061519 0.00643475 0.99996 -0.244079
30 33 28 0.999997 -0.0023502 -0.00118403 0.903085 0.00234654 0.999993 -0.00307746 -0.280876 0.00119125 0.00307467 0.999995 0.324879
30 34 21 0.999998 -0.000352429 -0.0021874 -0.918155 0.000338091 0.999978 -0.00655194 0.385635 0.00218966 0.00655118 0.999976 -0.0909768
30 35 24 0.99999 0.000828251 0.00431539 0.895739 -0.000784694 0.999949 -0.0100853 -0.377759 -0.00432352 0.0100819 0.99994 -0.234412
30 36 28 0.999965 -0.0032537 0.00773208 0.957464 0.00335172 0.999914 -0.0126984 -0.0792355 -0.0076901 0.0127238 0.999889 -0.277459
30 37 27 0.999903 -0.00671491 0.0121716 -0.820347 0.00685648 0.999909 -0.0116274 0.00495183 -0.0120924 0.0117097 0.999858 0.571845
30 38 32 0.999969 -0.00513273 0.00589371 0.930519 0.00516854 0.999968 -0.00607565 -0.142461 -0.00586234 0.00610592 0.999964 -0.3374
30 39 262 0.999957 -0.0091247 0.00149385 0.995134 0.00913269 0.999944 -0.00543108 -0.0936384 -0.00144421 0.00544449 0.999984 -0.0306588
30 40 32 0.999792 -0.0152542 0.0135634 0.971719 0.01533 0.999867 -0.0054993 0.110391 -0.0134777 0.00570608 0.999893 -0.208747
30 41 109 0.999892 -0.00935149 0.01136 0.996259 0.00931267 0.999951 0.00346542 -0.0852248 -0.0113918 -0.00335925 0.999929 0.0143238
30 42 189 0.999903 -0.00645314 0.012322 0.946258 0.00644122 0.999979 0.00100703 -0.11162 -0.0123282 -0.000927563 0.999924 0.303541
30 43 138 0.999938 -0.00603108 0.00935308 0.99727 0.00605677 0.999978 -0.00272071 -0.0409633 -0.00933647 0.00277719 0.999953 0.0614371
30 44 94 0.999927 -0.00946052 0.00750338 0.998078 0.00946963 0.999954 -0.0011802 0.0318946 -0.00749187 0.00125117 0.999971 -0.0531379
45 46 25 0.999965 0.00795967 -0.0026224 0.323052 -0.00794074 0.999943 0.00715465 -0.826425 0.00267919 -0.00713357 0.999971 -0.46115
45 47 33 0.999922 0.0105243 -0.00669342 0.941226 -0.0104797 0.999923 0.0066533 0.313833 0.00676292 -0.00658264 0.999955 0.124913
45 48 24 0.999899 0.0140844 -0.00182043 0.902311 -0.0140646 0.999846 0.0104743 0.307626 0.00196767 -0.0104477 0.999943 0.301995
45 49 26 0.999829 0.0182634 -0.00287033 0.908087 -0.0182301 0.999771 0.0112212 0.404136 0.00307461 -0.011167 0.999933 0.109784
45 50 18 0.999788 0.0199622 -0.00513368 -0.921809 -0.0198853 0.999695 0.0146257 -0.379481 0.00542407 -0.0145205 0.99988 -0.0791376
45 51 29 0.999623 0.0219859 -0.0164274 0.946798 -0.0217298 0.999642 0.0156119 0.0899213 0.0167648 -0.0152491 0.999743 0.309011
45 52 41 0.999599 0.0204185 -0.0196059 0.953237 -0.0202063 0.999736 0.010964 0.191238 0.0198245 -0.0105635 0.999748 0.234023
45 53 490 0.999353 0.0240467 -0.0267531 0.901327 -0.0239235 0.999702 0.00491717 0.264839 0.0268634 -0.00427396 0.99963 0.342738
45 54 24 0.999481 0.0255301 -0.0196482 0.824366 -0.0254967 0.999673 0.00194843 0.327629 0.0196915 -0.00144646 0.999805 0.461606
45 55 89 0.999156 0.0265876 -0.0313196 0.980014 -0.026495 0.999643 0.00336764 0.0476449 0.031398 -0.00253499 0.999504 0.193138
45 56 596 0.998635 0.0285377 -0.0437449 0.985122 -0.0286119 0.99959 -0.00107041 0.1065 0.0436965 0.00232058 0.999042 0.134879
45 57 556 0.998479 0.028426 -0.0472298 0.984662 -0.0286381 0.999583 -0.00382074 0.120525 0.0471015 0.0051675 0.998877 0.126149
45 58 588 0.99808 0.0281634 -0.0551589 0.998365 -0.0283922 0.999591 -0.00336868 0.0441514 0.0550415 0.0049283 0.998472 -0.0363147
45 59 606 0.997654 0.0283281 -0.0623252 0.982359 -0.0288422 0.999557 -0.0073645 0.184644 0.0620889 0.00914482 0.998029 0.0296329
60 61 30 0.999972 -0.000607297 -0.0074153 0.869426 0.000591063 0.999997 -0.00219128 0.491213 0.00741661 0.00218684 0.99997 0.0529852
60 62 48 0.999939 0.00165119 -0.0109569 0.892384 -0.00164229 0.999998 0.000820993 0.449664 0.0109582 -0.000802948 0.99994 0.038121
60 63 124 0.999931 0.00514114 -0.0105472 0.996177 -0.00504535 0.999946 0.00908879 0.0724176 0.0105934 -0.00903495 0.999903 0.0488504
60 64 126 0.999969 0.00764042 -0.00203084 0.965235 -0.00762122 0.999928 0.00930049 -0.0936834 0.00210175 -0.00928472 0.999955 0.244018
60 65 274 0.999943 0.0105279 0.00155802 0.983703 -0.0105368 0.999928 0.00579595 -0.0600849 -0.00149689 -0.00581203 0.999982 0.169465
60 66 205 0.999966 0.00768724 0.00289818 0.971847 -0.00769811 0.999963 0.00375915 -0.0554376 -0.00286918 -0.00378133 0.999989 0.228997
60 67 634 0.999958 0.00742933 -0.00535783 0.991549 -0.00741739 0.99997 0.00224515 -0.0842962 0.00537435 -0.00220531 0.999983 0.0986125
60 68 552 0.999875 0.00937648 -0.0127363 0.988731 -0.00941219 0.999952 -0.00274656 -0.00611518 0.01271 0.00286609 0.999915 0.149576
60 69 637 0.999933 0.0103673 -0.00519674 0.995316 -0.0103945 0.999932 -0.00524611 0.00482193 0.005142 0.00529978 0.999973 0.0965554
60 70 577 0.999911 0.0120179 -0.00575535 0.998866 -0.0120461 0.999915 -0.00489396 0.0305444 0.00569605 0.00496286 0.999971 0.0365212
60 71 522 0.999812 0.0164599 -0.0102675 0.998754 -0.0164564 0.999864 0.000424313 -0.0290855 0.010273 -0.000255268 0.999947 -0.0405604
60 72 529 0.999818 0.0180958 -0.00601157 0.996802 -0.0181016 0.999836 -0.000913645 -0.0160812 0.00599405 0.0010223 0.999982 0.0782789
60 73 574 0.999851 0.0165575 0.00494631 0.991018 -0.0165477 0.999861 -0.00202498 -0.0515732 -0.00497915 0.00194283 0.999986 0.123384
60 74 520 0.999677 0.0192753 -0.0165394 0.993256 -0.0193833 0.999792 -0.00639868 -0.0317752 0.0164126 0.0067172 0.999843 0.111507
75 76 25 0.999984 0.000106591 -0.00565655 0.797875 -0.000109683 1 -0.000546386 -0.233986 0.00565649 0.000546997 0.999984 -0.555559
75 77 245 0.999797 -0.00325509 -0.0199072 0.845407 0.00312289 0.999973 -0.00666835 0.33747 0.0199284 0.00660483 0.99978 -0.414006
75 78 138 0.999876 0.000545109 -0.0157428 0.936271 -0.000507351 0.999997 0.00240236 -0.0327206 0.015744 -0.00239408 0.999873 -0.349753
75 79 345 0.999887 0.0044318 -0.0143982 0.994276 -0.00449357 0.999981 -0.00426064 0.0972391 0.0143791 0.00432485 0.999887 0.0442769
75 80 25 0.999989 0.000747264 0.00463333 0.788102 -0.000729987 0.999993 -0.00372962 0.135803 -0.00463608 0.0037262 0.999982 -0.600377
75 81 40 0.999997 -0.000717989 -0.00249661 0.938062 0.000722564 0.999998 0.00183223 -0.0262036 0.00249529 -0.00183403 0.999995 -0.345474
75 82 569 0.999753 -0.00462514 -0.0217335 0.99916 0.00465212 0.999988 0.001191 0.0298006 0.0217277 -0.00129182 0.999763 -0.028127
75 83 639 0.999402 -0.00354787 -0.0343969 0.996507 0.00348069 0.999992 -0.00201263 0.0742362 0.0344038 0.0018917 0.999406 0.0382414
75 84 611 0.999368 -0.00373187 -0.035337 0.99317 0.00367764 0.999992 -0.00159968 0.116332 0.0353427 0.00146871 0.999374 0.0089481
75 85 621 0.999306 -0.00120716 -0.0372268 0.996767 0.00131321 0.999995 0.00282442 0.0702522 0.0372232 -0.00287134 0.999303 0.0389846
75 86 562 0.99889 -0.00116998 -0.0470956 0.996295 0.0014277 0.999984 0.00543891 0.084746 0.0470885 -0.00550011 0.998876 0.0146176
75 87 566 0.998581 0.00355191 -0.0531273 0.996454 -0.00284425 0.999906 0.0133898 0.0283265 0.0531699 -0.0132197 0.998498 0.0792301
75 88 528 0.998923 0.00898908 -0.045524 0.98982 -0.00809329 0.999771 0.0198235 -0.0491243 0.0456917 -0.0194337 0.998767 0.133576
75 89 569 0.999167 0.00923265 -0.0397424 0.993908 -0.0085116 0.999797 0.0182743 0.00118789 0.0399031 -0.0179208 0.999043 0.110211
90 91 29 1 0.00020795 -0.000586838 0.759777 -0.000203748 0.999974 0.00715146 -0.0174936 0.00058831 -0.00715134 0.999974 0.649948
90 92 320 0.99996 0.00433419 -0.0077834 0.882799 -0.00424551 0.999926 0.0113736 -0.180404 0.00783212 -0.0113401 0.999905 0.433728
90 93 363 0.999953 0.00967346 -0.000834354 0.922811 -0.00966393 0.999895 0.0107567 -0.146309 0.000938321 -0.0107481 0.999942 0.35639
90 94 541 0.999912 0.0128729 0.00325494 0.868152 -0.0129047 0.999867 0.0099718 -0.132345 -0.00312614 -0.0100129 0.999945 0.478326
90 95 515 0.999944 0.0101033 0.00323208 0.852543 -0.0101312 0.99991 0.008745 -0.194711 -0.00314344 -0.00877725 0.999957 0.485035
90 96 513 0.999928 0.00896156 -0.00801515 0.897651 -0.00888458 0.999915 0.00958804 -0.218253 0.00810039 -0.00951614 0.999922 0.382868
90 97 533 0.999871 0.00815499 -0.0138425 0.904657 -0.00808479 0.999954 0.00511934 -0.176788 0.0138836 -0.00500677 0.999891 0.387739
90 98 456 0.999951 0.00451285 -0.00878083 0.833788 -0.00452223 0.999989 -0.00104789 -0.18815 0.008776 0.00108754 0.999961 0.519036
90 99 489 0.999952 0.00187372 -0.00962328 0.881782 -0.00194814 0.999968 -0.00772978 -0.241819 0.00960849 0.00774816 0.999924 0.40495
90 100 454 0.999685 0.000920158 -0.0250669 0.940608 -0.0010392 0.999988 -0.00473636 -0.250661 0.0250623 0.00476092 0.999675 0.228967
90 101 343 0.999888 -0.00768782 -0.0128392 0.849703 0.00746859 0.999827 -0.0170363 -0.173319 0.0129679 0.0169385 0.999772 0.497962
90 102 437 0.999276 -0.00851375 -0.0370875 0.947608 0.00790645 0.999833 -0.0164909 -0.241022 0.0372217 0.0161857 0.999176 0.209635
90 103 341 0.999475 -0.00764647 -0.0314974 0.953019 0.00684678 0.999653 -0.0254191 -0.160575 0.0316808 0.0251901 0.999181 0.256849
90 104 392 0.999123 -0.00323576 -0.041744 0.964889 0.00234329 0.999768 -0.0214108 -0.214437 0.0418036 0.0212942 0.998899 0.151677
105 106 14 0.999997 0.00249094 -0.00018559 0.66319 -0.00249081 0.999997 0.000676837 -0.506593 0.000187276 -0.000676373 1 -0.550947
105 107 25 0.999996 0.00252326 0.000884761 -0.893122 -0.0025193 0.999987 -0.00445221 0.257421 -0.000895984 0.00444997 0.99999 0.368874
105 108 479 0.999984 0.00567537 -0.000363843 0.971187 -0.00567954 0.999903 -0.012731 -0.0213113 0.000291554 0.0127328 0.999919 -0.237364
105 109 215 0.999916 0.00816926 0.0101063 0.764242 -0.00800307 0.999834 -0.0163767 0.0500585 -0.0102384 0.0162944 0.999815 -0.642984
105 110 500 0.99994 0.00737421 0.00811406 0.810821 -0.00726949 0.999891 -0.01286 -0.0787011 -0.00820801 0.0128003 0.999884 -0.579978
105 111 495 0.999965 0.00547674 0.00639841 0.822697 -0.00536646 0.999839 -0.0171273 0.0419509 -0.00649118 0.0170924 0.999833 -0.56693
105 112 494 0.999964 0.00724224 0.00443253 0.817643 -0.007159 0.999803 -0.0185156 0.082264 -0.00456575 0.0184832 0.999819 -0.569818
105 113 511 0.999955 0.00871083 -0.00367392 0.840515 -0.00878166 0.999767 -0.0197264 0.0307456 0.00350123 0.0197578 0.999799 -0.540915
105 114 342 0.999835 0.00796009 0.0163537 0.415065 -0.00769947 0.999843 -0.0159376 0.0561514 -0.016478 0.0158091 0.999739 -0.908057
105 115 455 0.999949 0.00938718 -0.00381174 0.788767 -0.00942834 0.999896 -0.0109254 0.032678 0.00370878 0.0109608 0.999933 -0.613822
105 116 454 0.999925 0.012022 -0.00238069 0.811494 -0.0120513 0.999847 -0.0126855 0.0841585 0.00222782 0.0127133 0.999917 -0.578268
105 117 330 0.999941 0.010568 -0.00263387 0.736604 -0.0105942 0.999893 -0.0101183 0.0984185 0.00252666 0.0101456 0.999945 -0.669125
105 118 437 0.999929 0.0113374 -0.0036104 0.781937 -0.0113564 0.999922 -0.00527317 0.112074 0.00355033 0.0053138 0.99998 -0.613199
105 119 440 0.999889 0.0141143 -0.00467818 0.800633 -0.014135 0.99989 -0.00441764 0.125185 0.00461531 0.00448328 0.999979 -0.585931
120 121 20 0.999994 0.00294911 0.00204669 0.275552 -0.00296213 0.999975 0.0063904 0.205395 -0.00202779 -0.00639642 0.999977 -0.939087
120 122 45 0.999938 0.00894438 -0.0066464 0.8122 -0.008899 0.999937 0.00682632 0.372689 0.00670704 -0.00676675 0.999955 -0.448814
120 123 507 0.999736 0.0173733 -0.0150212 0.901473 -0.0172791 0.99983 0.00637672 0.268484 0.0151294 -0.00611548 0.999867 -0.339504
120 124 423 0.999807 0.0196667 -0.000120316 0.79003 -0.0196652 0.999776 0.00786255 0.176303 0.00027492 -0.00785866 0.999969 -0.587171
120 125 486 0.999641 0.0267292 -0.00168973 0.834074 -0.0267256 0.999641 0.00214303 0.265509 0.00174641 -0.0020971 0.999996 -0.483556
120 126 508 0.999569 0.0289595 0.00473865 0.714207 -0.0289639 0.99958 0.000857893 0.220991 -0.00471182 -0.000994773 0.999988 -0.664132
120 127 508 0.999499 0.0315874 -0.00175444 0.646306 -0.0315946 0.999492 -0.00423339 0.248816 0.00161983 0.00428671 0.99999 -0.721373
120 128 507 0.999445 0.0299625 -0.0145558 0.676576 -0.0301132 0.999494 -0.0102477 0.325804 0.0142414 0.0106803 0.999842 -0.660376
120 129 522 0.999429 0.0311401 -0.0131183 0.621589 -0.0312994 0.999437 -0.0121188 0.354952 0.0127336 0.0125225 0.999841 -0.69831
120 130 514 0.99904 0.035248 -0.0260135 0.644388 -0.0356203 0.999267 -0.0139893 0.337918 0.0255014 0.0149025 0.999564 -0.685985
120 131 517 0.998645 0.0384979 -0.035002 0.650285 -0.039045 0.999124 -0.0150814 0.347244 0.0343908 0.0164276 0.999273 -0.675686
120 132 505 0.998359 0.0388194 -0.0421089 0.631191 -0.0394126 0.999134 -0.0133482 0.352225 0.0415543 0.0149859 0.999024 -0.69104
120 133 505 0.998357 0.0405736 -0.0404543 0.625609 -0.0408642 0.999144 -0.006382 0.319108 0.0401608 0.00802464 0.999161 -0.711887
120 134 497 0.99767 0.0425157 -0.0533498 0.646873 -0.0431296 0.999015 -0.0104068 0.348263 0.0528548 0.0126835 0.998522 -0.678431
135 136 14 0.99996 0.00626065 -0.0064 0.572035 -0.00629763 0.999963 -0.0057751 0.809774 0.00636361 0.00581518 0.999963 0.130542
135 137 17 1 0.00095537 0.000259957 -0.232402 -0.000956147 0.999995 0.00300659 0.0341987 -0.000257083 -0.00300683 0.999995 -0.972018
135 138 16 0.999952 0.00187062 -0.00962976 0.567108 -0.00186947 0.999998 0.00012805 0.361372 0.00962999 -0.000110041 0.999954 -0.740134
135 139 129 0.999922 0.00167469 -0.0123938 0.423491 -0.0016222 0.99999 0.00424435 0.293378 0.0124008 -0.00422391 0.999914 -0.857079
135 140 338 0.999811 0.00434636 -0.0189529 0.64672 -0.00425769 0.99998 0.00471628 0.290453 0.018973 -0.00463469 0.999809 -0.705259
135 141 498 0.999704 0.00578538 -0.0236484 0.639862 -0.00575356 0.999982 0.00141344 0.34961 0.0236561 -0.00127695 0.999719 -0.684361
135 142 504 0.999489 0.0100926 -0.0303197 0.622269 -0.0100287 0.999947 0.00225661 0.315073 0.0303409 -0.00195139 0.999538 -0.716597
135 143 559 0.999185 0.0100061 -0.0391153 0.61026 -0.00994591 0.999949 0.00173235 0.332099 0.0391306 -0.0013419 0.999233 -0.719231
135 144 500 0.998405 0.0142595 -0.0546353 0.716726 -0.0145755 0.999879 -0.00538944 0.432747 0.0545519 0.00617718 0.998492 -0.546839
135 145 550 0.998138 0.0176507 -0.0583823 0.693822 -0.0178345 0.999837 -0.00262841 0.438656 0.0583264 0.00366473 0.998291 -0.571132
135 146 482 0.998535 0.0226978 -0.0491175 0.591569 -0.0220202 0.999655 0.0142921 0.312265 0.049425 -0.0131895 0.998691 -0.743328
135 147 443 0.998083 0.0275053 -0.0554435 0.633901 -0.026673 0.999521 0.0156955 0.358744 0.0558487 -0.0141866 0.998338 -0.685181
135 148 489 0.996955 0.0374278 -0.0684035 0.706108 -0.0360481 0.999123 0.021295 0.334132 0.0691405 -0.0187644 0.99743 -0.624314
135 149 415 0.997395 0.0374828 -0.0616257 0.634829 -0.035882 0.998994 0.0268807 0.358479 0.0625713 -0.0245994 0.997737 -0.68446
150 151 0 1 0 0 0 0 1 0 0 0 0 1 0
150 152 0 1 0 0 0 0 1 0 0 0 0 1 0
150 153 0 1 0 0 0 0 1 0 0 0 0 1 0
150 154 0 1 0 0 0 0 1 0 0 0 0 1 0
150 155 0 1 0 0 0 0 1 0 0 0 0 1 0
150 156 166 0.998441 0.026488 -0.0491297 0.91629 -0.026285 0.999643 0.00477381 0.304823 0.0492386 -0.00347499 0.998781 -0.2598
150 157 156 0.998024 0.0381319 -0.0499388 0.879783 -0.0381486 0.999272 0.000617459 0.409152 0.049926 0.00128886 0.998752 -0.242026
150 158 147 0.998191 0.0354029 -0.0485897 0.831438 -0.035504 0.999369 -0.00121774 0.446881 0.0485159 0.00294067 0.998818 -0.330164
150 159 146 0.997351 0.0358875 -0.0632745 0.828184 -0.0363635 0.999318 -0.00638774 0.436296 0.0630021 0.0086717 0.997976 -0.351791
150 160 59 0.999221 0.0318912 -0.0232483 0.400428 -0.0315933 0.999415 0.0130722 0.257964 0.0236516 -0.0123276 0.999644 -0.879268
150 161 107 0.999033 0.0307949 -0.0313812 0.265685 -0.0303678 0.999441 0.013996 0.193539 0.0317947 -0.0130295 0.999409 -0.944433
150 162 153 0.99585 0.0415545 -0.080973 0.759235 -0.0420966 0.999101 -0.00499873 0.444919 0.0806925 0.00838668 0.996704 -0.474983
150 163 136 0.995913 0.0422272 -0.079834 0.756015 -0.0421912 0.999107 0.00213738 0.401323 0.079853 0.00123965 0.996806 -0.517089
150 164 154 0.992992 0.0488183 -0.107625 0.791615 -0.0497658 0.998742 -0.00613362 0.427109 0.10719 0.0114467 0.994173 -0.436947
165 166 13 0.999953 0.00686666 -0.00681854 -0.649979 -0.00685434 0.999975 0.00182903 -0.724328 0.00683093 -0.0017822 0.999975 0.22995
165 167 16 0.999828 0.010825 -0.0150893 0.825132 -0.0107624 0.999933 0.00422827 0.370384 0.015134 -0.00406515 0.999877 -0.426583
165 168 506 0.999615 0.0139162 -0.0240208 0.713601 -0.0139393 0.999903 -0.000797878 0.510891 0.0240073 0.0011324 0.999711 -0.479337
165 169 461 0.999473 0.0172529 -0.0274959 0.672308 -0.0171886 0.999849 0.00257342 0.404177 0.0275362 -0.00209945 0.999619 -0.620195
165 170 491 0.99937 0.0169644 -0.031167 0.585375 -0.0168341 0.999848 0.00443695 0.269158 0.0312376 -0.00390948 0.999504 -0.764781
165 171 489 0.998684 0.0226502 -0.0460116 0.712933 -0.0226042 0.999743 0.00152011 0.339414 0.0460343 -0.000478049 0.99894 -0.613616
165 172 464 0.999223 0.0205065 -0.0336582 0.535445 -0.0203609 0.999782 0.00466079 0.321404 0.0337464 -0.00397186 0.999423 -0.781023
165 173 463 0.998651 0.0213926 -0.0473181 0.576626 -0.0213368 0.999771 0.00168517 0.296074 0.0473433 -0.000673282 0.998878 -0.761474
165 174 529 0.997945 0.0216953 -0.0602865 0.631043 -0.0216654 0.999765 0.00114891 0.327732 0.0602973 0.000159578 0.99818 -0.703119
165 175 445 0.997703 0.0285733 -0.0614172 0.627609 -0.0283212 0.999587 0.00497149 0.313855 0.0615339 -0.00322066 0.9981 -0.712462
165 176 430 0.996428 0.0387056 -0.0750527 0.726584 -0.0387763 0.999248 0.00051635 0.325859 0.0750162 0.00239576 0.997179 -0.60489
165 177 442 0.993976 0.0485257 -0.098266 0.784085 -0.050003 0.998669 -0.0126265 0.372478 0.0975225 0.017464 0.99508 -0.496458
165 178 446 0.997389 0.0511692 -0.050958 0.558073 -0.0509512 0.998686 0.00556761 0.265806 0.051176 -0.0029567 0.998685 -0.786067
165 179 392 0.996678 0.0565263 -0.0586341 0.611358 -0.0569094 0.998367 -0.00488462 0.323351 0.0582622 0.00820522 0.998268 -0.722278
180 181 32 0.999918 0.00437832 -0.0120671 0.884836 -0.00445288 0.999971 -0.00615872 0.429256 0.0120397 0.00621195 0.999908 -0.181121
180 182 621 0.999829 0.00976839 -0.0156851 0.869653 -0.00997189 0.999866 -0.0129484 0.437866 0.0155565 0.0131026 0.999793 -0.227985
180 183 506 0.999815 0.0157874 -0.0109421 0.803227 -0.0159357 0.99978 -0.0136037 0.318494 0.010725 0.0137756 0.999848 -0.503376
180 184 641 0.999801 0.0170015 -0.0104504 0.624005 -0.0171611 0.999734 -0.0153818 0.269883 0.0101862 0.015558 0.999827 -0.733335
180 185 692 0.999697 0.0181306 -0.0166445 0.621507 -0.0184132 0.999686 -0.0169895 0.228032 0.0163313 0.0172908 0.999717 -0.749487
180 186 679 0.999559 0.0222783 -0.0196497 0.655657 -0.0226486 0.999566 -0.0188253 0.272927 0.0192218 0.019262 0.99963 -0.704006
180 187 614 0.998881 0.0279403 -0.0381466 0.783474 -0.0289756 0.999219 -0.0268647 0.284046 0.0373662 0.02794 0.998911 -0.552708
180 188 649 0.999001 0.0293268 -0.0337124 0.713718 -0.0303195 0.99911 -0.0293224 0.272675 0.0328225 0.0303152 0.999001 -0.645178
180 189 578 0.998902 0.0280614 -0.0375135 0.652552 -0.0292355 0.999088 -0.0311258 0.290811 0.0366059 0.0321884 0.998811 -0.699717
180 190 492 0.998708 0.0272583 -0.0428869 0.630309 -0.0284129 0.999244 -0.026548 0.23065 0.0421308 0.0277323 0.998727 -0.74129
180 191 565 0.998198 0.0228378 -0.0554903 0.654049 -0.0245237 0.999252 -0.029893 0.232756 0.0547661 0.0311999 0.998012 -0.719753
180 192 601 0.997792 0.0225538 -0.0624715 0.668543 -0.0247496 0.999095 -0.0346019 0.258164 0.0616345 0.0360716 0.997447 -0.697425
180 193 584 0.996061 0.0281895 -0.0840746 0.746388 -0.0315961 0.998721 -0.0394667 0.259201 0.0828546 0.0419677 0.995678 -0.61296
180 194 446 0.996665 0.0307712 -0.0755803 0.643225 -0.0332128 0.998959 -0.0312632 0.204132 0.0745396 0.0336692 0.99665 -0.737965
195 196 56 0.999942 0.00430677 -0.00988963 0.451835 -0.00415624 0.999876 0.0151908 -0.779633 0.00995383 -0.0151489 0.999836 -0.433609
195 197 410 0.999185 -0.00611859 -0.0398938 0.922817 0.00654018 0.999924 0.010446 0.20739 0.0398269 -0.0106984 0.999149 -0.324652
195 198 405 0.999134 -0.00528725 -0.0412618 0.858358 0.00625538 0.999707 0.0233695 0.0365428 0.0411262 -0.0236074 0.998875 -0.511749
195 199 408 0.997938 -0.00311611 -0.0641049 0.908005 0.00502347 0.999549 0.0296141 0.0402238 0.0639836 -0.0298751 0.997504 -0.417023
195 200 230 0.998945 -0.000454904 -0.0459231 0.753594 0.00231869 0.999175 0.0405399 0.000612309 0.0458667 -0.0406036 0.998122 -0.65734
195 201 357 0.995586 0.00712957 -0.0935801 0.987264 -0.00308996 0.99906 0.0432415 -0.0559717 0.0938004 -0.0427615 0.994672 -0.14892
195 202 421 0.997699 0.0166415 -0.0657289 0.81393 -0.0137022 0.998897 0.0449188 -0.116523 0.0664039 -0.0439148 0.996826 -0.569158
195 203 393 0.994104 0.0206069 -0.106452 0.947339 -0.0148846 0.998415 0.0542728 -0.0916308 0.107401 -0.0523683 0.992836 -0.306844
195 204 367 0.996531 0.0248821 -0.0794146 0.8803 -0.0205459 0.998277 0.0549597 -0.164387 0.0806453 -0.0531374 0.995325 -0.445026
195 205 361 0.994366 0.0344156 -0.100259 0.906103 -0.0287863 0.997955 0.057063 -0.178803 0.102018 -0.0538554 0.993324 -0.383414
195 206 392 0.992451 0.0364874 -0.11709 0.937922 -0.0300127 0.997946 0.0565921 -0.155272 0.118914 -0.0526507 0.991508 -0.310149
195 207 369 0.99677 0.0381354 -0.0706725 0.777669 -0.0346746 0.998169 0.049566 -0.151794 0.0724333 -0.0469553 0.996267 -0.610074
195 208 380 0.994275 0.0452521 -0.096794 0.881079 -0.0402609 0.997787 0.0529126 -0.159781 0.0989742 -0.0487126 0.993897 -0.445162
195 209 404 0.991188 0.0502552 -0.122561 0.936639 -0.0443572 0.997744 0.050388 -0.123073 0.124817 -0.0445075 0.991181 -0.327964
210 211 17 0.999976 0.00444718 0.00528073 0.566377 -0.00443507 0.999988 -0.00230295 -0.0434177 -0.00529091 0.00227948 0.999983 -0.823002
210 212 181 0.999948 0.00983906 -0.00285863 0.889245 -0.00983451 0.99995 0.00160277 -0.184692 0.00287425 -0.00157457 0.999995 -0.418488
210 213 448 0.999961 0.00576469 -0.00669636 0.954902 -0.00579317 0.999974 -0.00424116 0.117261 0.00667174 0.00427979 0.999969 -0.272785
210 214 497 0.999471 0.00821532 -0.0314695 0.980088 -0.00817882 0.999966 0.00128841 0.0454394 0.031479 -0.00103035 0.999504 -0.193294
210 215 528 0.999977 0.00656927 0.00178827 0.883151 -0.00658891 0.999915 0.0112088 -0.0879079 -0.00171449 -0.0112203 0.999936 -0.460778
210 216 426 0.999852 0.000136089 -0.0172323 0.922076 0.000134105 0.999877 0.0156774 -0.0388518 0.0172323 -0.0156774 0.999729 -0.385054
210 217 259 0.999863 -0.0139611 0.00885269 0.853046 0.0138064 0.999755 0.0173071 0.0625322 -0.00909214 -0.0171825 0.999811 -0.518076
210 218 429 0.999812 -0.0117947 -0.0153942 0.918031 0.0122438 0.999492 0.0294112 -0.0121802 0.0150395 -0.0295942 0.999449 -0.396322
210 219 461 0.999732 -0.018702 -0.0136238 0.908537 0.0191438 0.99927 0.033058 0.00157847 0.0129956 -0.03331 0.999361 -0.417802
210 220 532 0.999862 -0.0158359 -0.00509367 0.893154 0.0160389 0.998961 0.0426547 -0.0976611 0.0044129 -0.0427304 0.999077 -0.439019
210 221 343 0.999943 -0.00807411 -0.00696885 0.923392 0.00836015 0.999081 0.0420419 -0.145383 0.006623 -0.0420978 0.999092 -0.355262
210 222 465 0.99983 -0.00636947 -0.0173203 0.935002 0.00695923 0.999391 0.0342059 -0.114553 0.0170918 -0.0343206 0.999265 -0.335633
210 223 445 0.999857 -0.0102044 0.0134994 0.812257 0.00981892 0.999551 0.0283185 -0.0528605 -0.0137823 -0.0281819 0.999508 -0.5809
210 224 358 0.999706 -0.000833729 0.0242269 0.741476 7.36015e-05 0.999508 0.0313593 -0.13028 -0.0242411 -0.0313483 0.999215 -0.65821
225 226 28 0.999947 0.00904203 -0.00482326 0.541273 -0.00900989 0.999937 0.00664433 -0.793331 0.00488304 -0.00660052 0.999966 -0.278657
225 227 423 0.999815 0.00898892 -0.0170248 0.931266 -0.00907948 0.999945 -0.00524921 -0.00919095 0.0169767 0.00540281 0.999841 -0.364224
225 228 277 0.999526 0.0306415 -0.00292352 0.582983 -0.0306151 0.999493 0.00869703 -0.747296 0.00318853 -0.0086034 0.999958 -0.318872
225 229 195 0.999318 0.0369216 3.79399e-05 0.619845 -0.0369212 0.999302 0.00569823 -0.586552 0.000172474 -0.00569574 0.999984 -0.521296
225 230 192 0.999733 0.0223744 -0.00574607 0.730801 -0.022372 0.99975 0.00048189 -0.30022 0.00575542 -0.00035321 0.999983 -0.613023
225 231 501 0.999399 0.0241534 -0.0248733 0.900359 -0.0242015 0.999706 -0.00163414 -0.248925 0.0248265 0.00223512 0.999689 -0.356917
225 232 155 0.999535 0.0302774 0.00354047 0.66934 -0.0302253 0.999446 -0.0139455 -0.207952 -0.00396074 0.013832 0.999896 -0.71326
225 233 432 0.999322 0.0304595 -0.0206847 0.878367 -0.0306208 0.999503 -0.00752591 -0.344931 0.0204452 0.00815419 0.999758 -0.330899
225 234 435 0.999389 0.0235534 -0.0258277 0.902222 -0.0238878 0.999634 -0.0127163 -0.317061 0.0255187 0.0133255 0.999586 -0.292348
225 235 394 0.999478 0.0270038 -0.0177571 0.830196 -0.0272215 0.999556 -0.0121364 -0.423616 0.0174215 0.0126134 0.999769 -0.362388
225 236 316 0.999597 0.0254273 -0.0126567 0.822878 -0.025695 0.999439 -0.0214592 -0.343124 0.0121039 0.0217757 0.99969 -0.452921
225 237 204 0.999582 0.0287137 -0.00323136 0.79327 -0.0287931 0.999193 -0.0280101 -0.303303 0.00242448 0.0280914 0.999602 -0.527948
225 238 407 0.998894 0.0313461 -0.0350377 0.92799 -0.0321068 0.999256 -0.0213633 -0.272501 0.034342 0.0224647 0.999158 -0.254123
225 239 241 0.999057 0.0423548 -0.00959031 0.871339 -0.0426024 0.99872 -0.0272835 -0.299105 0.00842244 0.0276663 0.999582 -0.388978
240 241 12 0.999997 -0.00227985 -0.00119631 0.885272 0.00227601 0.999992 -0.00320502 0.195019 0.00120361 0.00320229 0.999994 -0.422209
240 242 259 0.999819 0.00410404 -0.0185939 0.959188 -0.00420313 0.999977 -0.00529297 -0.0597558 0.0185718 0.00537016 0.999813 0.276382
240 243 564 0.999667 0.00489433 -0.0253259 0.91859 -0.00521097 0.999909 -0.0124517 0.0272524 0.0252626 0.0125795 0.999602 0.394272
240 244 414 0.99962 0.0115152 -0.0250606 0.939433 -0.0118264 0.999854 -0.0123059 -0.0581648 0.0249153 0.0125976 0.99961 0.337762
240 245 463 0.999522 0.0124395 -0.0283102 0.920948 -0.0129497 0.999756 -0.0179101 -0.0429508 0.0280805 0.0182682 0.999439 0.387312
240 246 481 0.999644 0.0100303 -0.0247312 0.924079 -0.0105814 0.999696 -0.0222544 -0.033135 0.0245005 0.0225082 0.999446 0.380763
240 247 229 0.999775 0.00839077 -0.0194721 0.969348 -0.00873403 0.999807 -0.0176107 -0.0434418 0.0193206 0.0177768 0.999655 0.241821
240 248 416 0.999649 0.0121776 -0.0235495 0.94179 -0.0124786 0.999842 -0.0126757 -0.00811966 0.0233914 0.0129651 0.999642 0.336104
240 249 415 0.99963 0.0156106 -0.0222942 0.945535 -0.015818 0.999833 -0.00915533 0.0106354 0.0221476 0.00950458 0.99971 0.325346
240 250 298 0.999675 0.0192052 -0.0167905 0.942496 -0.0192557 0.999811 -0.00285217 -0.0135903 0.0167325 0.00317455 0.999855 0.333942
240 251 313 0.999692 0.0224302 -0.010598 0.913809 -0.0224338 0.999748 -0.000225895 -0.00988576 0.0105903 0.000463579 0.999944 0.406023
240 252 333 0.999806 0.0171713 -0.00963927 0.920254 -0.0171701 0.999853 0.000206234 0.00945947 0.00964139 -4.06867e-05 0.999954 0.391208
240 253 322 0.999943 0.00561641 -0.00905004 0.894802 -0.00563336 0.999982 -0.00184914 0.0507891 0.00903949 0.00190001 0.999957 0.443565
240 254 341 0.999992 0.00159458 -0.00358245 0.902676 -0.00158998 0.999998 0.00128485 0.0152103 0.00358449 -0.00127915 0.999993 0.430051
255 256 16 0.999929 -0.0118546 -0.00084624 -0.921169 0.0118543 0.99993 -0.000391386 -0.134692 0.000850821 0.000381326 1 -0.365111
255 257 39 0.999792 -0.020209 -0.00288101 0.912759 0.020217 0.999792 0.00278287 0.183177 0.00282417 -0.00284054 0.999992 0.365126
255 258 537 0.999775 -0.0192998 -0.00878599 0.857489 0.0193131 0.999812 0.00143584 0.163786 0.00875663 -0.0016052 0.99996 0.487736
255 259 384 0.999711 -0.0229905 -0.00700121 0.836545 0.0229882 0.999736 -0.000398848 0.0855999 0.00700853 0.000237787 0.999975 0.54117
255 260 525 0.999704 -0.0206228 -0.0129405 0.898387 0.0205803 0.999782 -0.00340625 0.168927 0.0130079 0.00313892 0.99991 0.405418
255 261 564 0.999766 -0.0175067 -0.0127455 0.846504 0.0174545 0.999839 -0.00420184 0.13743 0.012817 0.00397839 0.99991 0.514339
255 262 317 0.999741 -0.022053 -0.00563316 0.850347 0.0220425 0.999755 -0.00192271 0.0940598 0.00567418 0.00179804 0.999982 0.517748
255 263 388 0.999595 -0.0236486 -0.0158247 0.852248 0.0237262 0.999707 0.00473084 0.094822 0.0157082 -0.00510439 0.999864 0.514472
255 264 544 0.999255 -0.0276986 -0.0268924 0.817752 0.0277134 0.999616 0.000177724 0.136307 0.0268772 -0.000922873 0.999638 0.559197
255 265 547 0.9992 -0.0277613 -0.0287862 0.821446 0.0277366 0.999614 -0.00125771 0.103868 0.02881 0.000458274 0.999585 0.560748
255 266 523 0.998826 -0.0322614 -0.0361277 0.82798 0.0321479 0.999476 -0.00371636 0.14295 0.0362287 0.00255057 0.99934 0.542231
255 267 535 0.998698 -0.0307658 -0.0406818 0.81449 0.0307034 0.999526 -0.00215709 0.0830143 0.0407289 0.000905208 0.99917 0.574208
255 268 521 0.998312 -0.0320352 -0.0484488 0.825211 0.0316726 0.999464 -0.0082339 0.102642 0.0486866 0.0066855 0.998792 0.55542
255 269 496 0.998663 -0.0259452 -0.0447033 0.821596 0.0258847 0.999663 -0.00193175 0.0136048 0.0447383 0.000772041 0.998998 0.569907
270 271 47 0.99998 0.000942685 -0.0062668 0.647729 -0.000925513 0.999996 0.00274241 -0.036959 0.00626936 -0.00273656 0.999977 0.760974
270 272 468 0.999893 0.00754116 -0.0124977 0.76202 -0.00752802 0.999971 0.0010984 -0.0487079 0.0125056 -0.0010042 0.999921 0.645719
270 273 486 0.999932 0.0106458 -0.00473718 0.741777 -0.0106374 0.999942 0.00179604 -0.0451797 0.00475602 -0.00174553 0.999987 0.669123
270 274 544 0.999912 0.0127721 -0.00362864 0.670049 -0.0127499 0.9999 0.0060833 -0.129932 0.00370597 -0.0060365 0.999975 0.730857
270 275 498 0.99989 0.00891959 -0.0118235 0.767976 -0.00887123 0.999952 0.00413661 -0.0709413 0.0118598 -0.00403127 0.999922 0.636538
270 276 477 0.999858 0.0112607 -0.0124988 0.778984 -0.0111287 0.999882 0.0105792 -0.152105 0.0126164 -0.0104387 0.999866 0.608316
270 277 493 0.999898 0.00939662 -0.0107235 0.7165 -0.00930169 0.999917 0.00886807 -0.107473 0.0108059 -0.00876742 0.999903 0.689259
270 278 504 0.999764 0.00962501 -0.0194906 0.770287 -0.00954748 0.999946 0.00406658 -0.0365825 0.0195287 -0.00387953 0.999802 0.636647
270 279 384 0.999841 0.0140795 -0.0109857 0.74716 -0.0139547 0.999838 0.0113587 -0.0913078 0.0111439 -0.0112036 0.999875 0.658342
270 280 395 0.99972 0.0214216 -0.010058 0.755794 -0.0212532 0.999637 0.0165605 -0.114759 0.0104091 -0.0163421 0.999812 0.644675
270 281 467 0.999685 0.0243127 -0.0062744 0.733546 -0.0242088 0.999577 0.016146 -0.138968 0.0066643 -0.015989 0.99985 0.66528
270 282 399 0.99972 0.0230004 -0.00549087 0.742963 -0.0229161 0.999626 0.0149405 -0.113198 0.00583246 -0.0148105 0.999873 0.659691
270 283 414 0.999709 0.0237983 -0.00387811 0.739345 -0.0237288 0.999572 0.0170819 -0.113423 0.00428297 -0.0169849 0.999847 0.663705
270 284 447 0.999665 0.0257134 -0.00278416 0.736257 -0.0256649 0.999539 0.0162442 -0.128484 0.00320057 -0.0161673 0.999864 0.664392
285 286 24 0.999997 -0.00066624 0.00235367 0.518949 0.000665094 1 0.000487694 -0.255103 -0.00235399 -0.000486127 0.999997 0.815852
285 287 155 0.999996 0.00276573 -0.00086246 0.694194 -0.00277113 0.999976 -0.00632527 -0.207291 0.000844945 0.00632763 0.99998 0.689293
285 288 136 0.999987 0.00404136 0.00307391 0.816668 -0.00402181 0.999972 -0.00634092 -0.278361 -0.00309945 0.00632848 0.999975 0.505538
285 289 448 0.999991 0.0039792 -0.00137533 0.772437 -0.00398596 0.99998 -0.00494721 -0.259335 0.00135562 0.00495265 0.999987 0.57973
285 290 424 0.999944 0.00807011 -0.00683344 0.777944 -0.00813536 0.999921 -0.00957437 -0.252139 0.00675564 0.00962943 0.999931 0.575525
285 291 552 0.999882 0.0131355 -0.0079621 0.848395 -0.0132411 0.999823 -0.0133635 -0.206649 0.00778516 0.0134674 0.999879 0.487362
285 292 444 0.999905 0.0132641 -0.00379986 0.772416 -0.0133171 0.999809 -0.0142928 -0.225628 0.00360955 0.014342 0.999891 0.593688
285 293 476 0.999845 0.0125538 -0.0123641 0.80068 -0.0127706 0.999763 -0.0176186 -0.20813 0.01214 0.0177738 0.999768 0.561778
285 294 434 0.999692 0.0225955 -0.0102681 0.746268 -0.0227487 0.999628 -0.0150492 -0.284444 0.0099242 0.0152782 0.999834 0.601811
285 295 478 0.999462 0.0265536 -0.0192386 0.828333 -0.0268688 0.999506 -0.0163183 -0.236426 0.0187958 0.0168264 0.999682 0.507905
285 296 308 0.999158 0.0362092 -0.0192934 0.785138 -0.0365409 0.999185 -0.0171271 -0.26642 0.0186575 0.0178177 0.999667 0.559087
285 297 413 0.999003 0.0415723 -0.0162458 0.820931 -0.0419336 0.998865 -0.0225701 -0.257514 0.015289 0.0232289 0.999613 0.509666
285 298 379 0.99875 0.0470017 -0.0170269 0.778504 -0.0472751 0.998753 -0.0160218 -0.284943 0.0162526 0.0168068 0.999727 0.559231
285 299 399 0.998547 0.0477147 -0.0250324 0.785156 -0.0481889 0.998663 -0.0186956 -0.247095 0.0241069 0.0198748 0.999512 0.567868
300 301 24 0.99999 0.000909378 -0.00438288 0.982804 -0.000907635 1 0.000399772 -0.0750271 0.00438324 -0.00039579 0.99999 0.168724
300 302 36 0.999897 0.000984876 -0.0143234 0.95982 -0.00100724 0.999998 -0.00155427 -0.0101837 0.0143218 0.00156853 0.999896 0.280432
300 303 28 0.9999 -0.000720602 -0.0140922 0.971735 0.00068076 0.999996 -0.00283188 -0.0536866 0.0140941 0.00282201 0.999897 0.229891
300 304 35 0.999896 -0.000577065 -0.0143931 0.976529 0.000583527 1 0.000444706 -0.0617408 0.0143929 -0.000453059 0.999896 0.206347
300 305 726 0.999278 0.00140248 -0.0379689 0.961987 -0.00162611 0.999982 -0.00585957 0.145246 0.03796 0.00591708 0.999262 0.231269
300 306 651 0.999278 0.00743376 -0.0372714 0.983061 -0.00745454 0.999972 -0.000418774 0.00668791 0.0372672 0.000696312 0.999305 0.183158
300 307 582 0.999379 0.0120497 -0.0330974 0.968921 -0.0119617 0.999924 0.0028577 -0.00945541 0.0331294 -0.00246003 0.999448 0.247188
300 308 644 0.999057 0.0123531 -0.0416223 0.959633 -0.0123632 0.999924 1.53078e-05 0.0630397 0.0416193 0.000499292 0.999133 0.274101
300 309 638 0.999052 0.0147394 -0.040966 0.966362 -0.0146573 0.99989 0.0023027 0.0073525 0.0409954 -0.00170007 0.999158 0.257081
300 310 523 0.998818 0.0170989 -0.0455029 0.976501 -0.0168178 0.999837 0.00655428 -0.00796584 0.0456075 -0.00578127 0.998943 0.215367
300 311 626 0.998307 0.0158991 -0.0559488 0.977181 -0.0155252 0.999854 0.00711022 -0.00125015 0.0560537 -0.00622957 0.998408 0.212406
300 312 552 0.998375 0.0203159 -0.0532479 0.973493 -0.0198223 0.999756 0.00978159 -0.0223896 0.0534337 -0.00871019 0.998533 0.22762
300 313 535 0.997601 0.02555 -0.0643355 0.976045 -0.0247097 0.999599 0.0138235 -0.0304554 0.0646629 -0.0122006 0.997833 0.215425
300 314 263 0.998256 0.0333825 -0.0486858 0.95041 -0.032542 0.999309 0.0179555 -0.0945963 0.0492516 -0.0163399 0.998653 0.296264
315 316 0 1 0 0 0 0 1 0 0 0 0 1 0
315 317 20 0.999991 0.00358627 -0.00241322 0.819606 -0.00360928 0.999947 -0.00960303 0.119605 0.00237865 0.00961165 0.999951 -0.560305
315 318 18 0.999956 0.00534595 -0.00769546 0.929137 -0.00544016 0.99991 -0.0122744 0.0302215 0.00762915 0.0123157 0.999895 -0.368498
315 319 102 0.999804 0.0081662 -0.0180233 0.97286 -0.00841686 0.999868 -0.0138758 -0.0247015 0.0179076 0.0140248 0.999741 -0.230072
315 320 254 0.999371 0.0145689 -0.0323389 0.99613 -0.0150489 0.999779 -0.0146476 -0.034336 0.0321183 0.0151251 0.99937 -0.0809047
315 321 278 0.999053 0.0261794 -0.0347397 0.996937 -0.0267469 0.999515 -0.0159751 -0.075591 0.0343047 0.0168891 0.999269 0.020083
315 322 278 0.99844 0.0360365 -0.0426393 0.988595 -0.0366263 0.999243 -0.0131336 -0.146342 0.0421337 0.0146749 0.999004 0.0355606
315 323 241 0.997657 0.04633 -0.0503413 0.991781 -0.0472854 0.99872 -0.0179557 0.0136077 0.049445 0.0202941 0.998571 -0.127225
315 324 256 0.996824 0.050144 -0.0618732 0.999621 -0.0510419 0.998612 -0.0130157 -0.0266669 0.0611346 0.0161325 0.997999 -0.00678841
315 325 227 0.997028 0.0533362 -0.0555847 0.999315 -0.0541168 0.998455 -0.0126335 0.0349435 0.054825 0.015604 0.998374 -0.0121645
315 326 257 0.995525 0.0597404 -0.0732129 0.99557 -0.060869 0.998057 -0.0132803 0.0450201 0.0722773 0.0176773 0.997228 0.0825469
315 327 228 0.995556 0.063467 -0.0695654 0.998467 -0.0645725 0.997818 -0.0137564 0.0377533 0.0685405 0.0181872 0.997483 0.0404844
315 328 275 0.994573 0.064575 -0.0815703 0.992694 -0.065993 0.99771 -0.0148061 0.0874494 0.0804274 0.0201088 0.996558 0.0831392
315 329 281 0.992937 0.0626417 -0.10076 0.990181 -0.0637133 0.99794 -0.00744963 0.0443134 0.100086 0.0138168 0.994883 0.13258
