0 1 23 0.999998 -0.00194525 0.000292563 0.000722745 0.00194467 0.999996 0.00196308 0.0754055 -0.000296381 -0.0019625 0.999998 -0.997153
0 2 24 0.999995 -0.00310172 -0.000714859 0.23692 0.00310276 0.999994 0.00144835 -0.265935 0.000710363 -0.00145057 0.999999 -0.934423
0 3 24 0.999995 -0.00327294 -4.45557e-05 -0.0428364 0.00327303 0.999992 0.00239423 0.125258 3.67191e-05 -0.00239437 0.999997 -0.991199
0 4 21 0.999994 -0.0032503 0.000722306 0.360191 0.00324781 0.999989 0.00343009 0.0989648 -0.000733447 -0.00342772 0.999994 -0.927614
0 5 22 0.999989 -0.00476594 -1.75158e-05 0.491281 0.00476597 0.999986 0.00232025 -0.00647858 6.45737e-06 -0.00232031 0.999997 -0.870977
0 6 15 0.999982 -0.00441191 -0.00399746 -0.767744 0.00442848 0.999982 0.00414737 0.432606 0.00397909 -0.004165 0.999983 -0.472674
0 7 29 0.999989 -0.00402643 -0.00222356 -0.558685 0.00403379 0.999986 0.00331566 0.0936055 0.00221018 -0.00332459 0.999992 -0.82408
0 8 26 0.999991 -0.00408576 0.000575173 -0.116487 0.00408443 0.999989 0.00229305 -0.0617928 -0.000584536 -0.00229068 0.999997 0.991268
0 9 23 0.999987 -0.00517701 -0.000144506 0.376188 0.0051775 0.99998 0.0036351 0.149251 0.000125684 -0.0036358 0.999993 -0.914443
0 10 16 0.999994 -0.00341767 -0.000859127 0.191509 0.00342038 0.999989 0.00317266 -0.0178694 0.000848274 -0.00317558 0.999995 -0.981328
0 11 23 0.999938 -0.00116499 -0.0110863 0.983352 0.0011917 0.999996 0.00240321 -0.0469266 0.0110835 -0.00241627 0.999936 0.175549
0 12 98 0.999887 0.00214163 -0.0148834 0.882736 -0.00210103 0.999994 0.00274316 -0.0574351 0.0148892 -0.00271158 0.999885 0.466346
0 13 32 0.999929 0.00567041 -0.0105056 0.898701 -0.00561691 0.999971 0.00511524 -0.0447521 0.0105343 -0.00505587 0.999932 0.436272
0 14 27 0.999934 0.00723912 -0.00888721 0.997043 -0.00720989 0.999969 0.0033165 -0.0250112 0.00891094 -0.00325221 0.999955 0.0726678
15 16 26 0.999997 -0.000107395 -0.00241648 -0.379089 0.000108786 1 0.000575288 -0.0306343 0.00241642 -0.000575549 0.999997 -0.924853
15 17 21 0.99999 0.00139822 -0.00427577 0.600972 -0.00138674 0.999995 0.00268487 -0.176425 0.00427951 -0.00267892 0.999987 0.779556
15 18 29 0.999994 0.00283025 -0.00178612 -0.268729 -0.00282897 0.999996 0.000719816 -0.353379 0.00178815 -0.000714759 0.999998 0.896051
15 19 24 0.999974 0.00466385 -0.00541163 0.924559 -0.00466285 0.999989 0.000197611 0.149585 0.00541249 -0.000172372 0.999985 -0.35045
15 20 38 0.999953 0.00759482 -0.0061072 0.714584 -0.00757296 0.999965 0.00359563 0.00387261 0.00613429 -0.00354921 0.999975 0.699539
15 21 30 0.999974 0.0071959 -0.000655262 0.485465 -0.00719375 0.999969 0.00321992 -0.0520203 0.000678411 -0.00321512 0.999995 0.872707
15 22 41 0.999966 0.00551998 -0.00613635 0.784094 -0.00548148 0.999965 0.00627413 -0.158981 0.00617077 -0.00624028 0.999961 0.599935
15 23 27 0.999966 0.00404882 -0.00724523 0.847687 -0.00400919 0.999977 0.00547557 -0.193518 0.00726723 -0.00544634 0.999959 0.49394
15 24 76 0.999915 0.00411496 -0.0123701 0.867821 -0.00404677 0.999977 0.00553238 -0.236352 0.0123926 -0.00548185 0.999908 0.437065
15 25 31 0.99996 0.00260193 -0.00858741 -0.933516 -0.00257756 0.999993 0.00284761 0.27561 0.00859475 -0.00282536 0.999959 -0.229319
15 26 482 0.99991 0.00526043 -0.0123297 0.802185 -0.00513852 0.999938 0.00989847 -0.214268 0.012381 -0.00983423 0.999875 0.557305
15 27 641 0.999785 0.00213316 -0.020632 0.973953 -0.00205098 0.99999 0.00400375 -0.16968 0.0206404 -0.00396057 0.999779 0.150414
15 28 637 0.999697 0.0044873 -0.0242213 0.957102 -0.00432972 0.999969 0.00655449 -0.05964 0.02425 -0.00644763 0.999685 0.283548
15 29 630 0.999599 0.00348251 -0.0281139 0.983418 -0.00340339 0.99999 0.00286132 -0.13605 0.0281236 -0.00276448 0.999601 0.119912
30 31 20 0.999999 -0.000182062 -0.0012651 0.60277 0.00017829 0.999996 -0.00298079 -0.305383 0.00126563 0.00298056 0.999995 0.737163
30 32 21 0.999993 -0.00205166 0.00303962 0.463352 0.00206852 0.999982 -0.00555368 0.134666 -0.00302817 0.00555993 0.99998 -0.875882
30 33 22 0.999972 -0.000327958 0.00742338 -0.02881 0.000367868 0.999985 -0.00537543 -0.050602 -0.00742151 0.00537801 0.999958 0.998303
30 34 23 0.999986 -0.00170834 0.00494714 -0.708854 0.0017554 0.999953 -0.00952235 0.247284 -0.00493064 0.0095309 0.999942 -0.660588
30 35 545 0.999992 0.00185652 -0.00342044 0.781214 -0.00187385 0.999985 -0.00506926 -0.423307 0.00341098 0.00507564 0.999981 0.45882
30 36 28 0.999989 0.0022409 0.00412794 0.835471 -0.0022121 0.999973 -0.00696763 -0.327634 -0.00414344 0.00695842 0.999967 0.441184
30 37 91 0.999998 -0.00220449 0.000228782 0.960211 0.0022069 0.999936 -0.0111112 -0.170937 -0.000204272 0.0111117 0.999938 -0.220852
30 38 95 0.999982 -0.00570071 0.00170912 0.958024 0.00570823 0.999974 -0.00442464 -0.167051 -0.00168385 0.00443432 0.999989 0.232988
30 39 21 0.999877 -0.0108345 0.0113768 0.92651 0.0108771 0.999934 -0.00369136 -0.0913621 -0.011336 0.00381465 0.999928 -0.365011
30 40 315 0.999941 -0.0105372 0.00245716 0.992702 0.0105303 0.999941 0.00279156 -0.11367 -0.00248643 -0.00276553 0.999993 -0.0402726
30 41 25 0.999835 -0.00801403 0.0163319 0.97035 0.00801007 0.999968 0.000307769 -0.217273 -0.0163339 -0.000176898 0.999867 0.105893
30 42 565 0.999969 -0.00539083 0.00570412 0.95071 0.00536399 0.999975 0.0047097 -0.116369 -0.00572937 -0.00467896 0.999973 0.287416
30 43 548 0.999982 -0.00291605 0.00532605 0.842971 0.00290169 0.999992 0.00270201 -0.123439 -0.00533388 -0.00268651 0.999982 0.523605
30 44 48 0.999742 -0.00572257 0.0219691 -0.85689 0.00589628 0.999952 -0.00785054 -0.0770766 -0.0219231 0.00797805 0.999728 0.509704
45 46 27 0.999976 0.00676296 -0.0011772 0.304234 -0.00675775 0.999968 0.00437087 -0.23615 0.00120672 -0.00436281 0.99999 -0.922862
45 47 29 0.999906 0.0137213 -0.000305533 0.266367 -0.013719 0.999883 0.00671807 0.569473 0.000397678 -0.00671325 0.999977 -0.777656
45 48 27 0.999789 0.0194347 0.00666116 -0.191129 -0.0195165 0.999732 0.0124531 -0.277998 -0.00641736 -0.0125805 0.9999 0.941375
45 49 33 0.999822 0.018781 0.00185152 0.609641 -0.0188093 0.999684 0.0166551 -0.120964 -0.00153814 -0.016687 0.99986 0.783393
45 50 20 0.999791 0.0204021 0.0010931 0.476748 -0.0204179 0.999643 0.0172513 0.189183 -0.000740749 -0.0172701 0.999851 -0.858441
45 51 27 0.999771 0.0206023 -0.00580919 0.658596 -0.0205039 0.999653 0.0165114 0.151179 0.00614735 -0.0163885 0.999847 -0.737154
45 52 105 0.99965 0.022237 -0.0143616 0.709514 -0.0221074 0.999714 0.00912199 0.355128 0.0145603 -0.00880129 0.999855 -0.608666
45 53 160 0.999514 0.0250519 -0.0185338 0.73368 -0.0248155 0.999609 0.0128753 -0.0185314 0.0188491 -0.0124092 0.999745 0.679243
45 54 93 0.999305 0.0267448 -0.0259839 0.865665 -0.0268082 0.999638 -0.00209284 0.45682 0.0259185 0.00278796 0.99966 0.204794
45 55 27 0.999269 0.0276267 -0.0264081 0.967974 -0.0276665 0.999617 -0.00114585 0.150528 0.0263663 0.00187564 0.999651 -0.200919
45 56 353 0.998887 0.0291899 -0.0370611 0.958992 -0.0293414 0.999563 -0.00355186 0.104902 0.0369413 0.00463534 0.999307 -0.263304
45 57 486 0.998594 0.028636 -0.0446178 0.955258 -0.0288484 0.999575 -0.00412314 0.109674 0.0444807 0.00540449 0.998996 -0.274688
45 58 588 0.998017 0.0277966 -0.0564807 0.993964 -0.0281086 0.999594 -0.00473777 0.101925 0.056326 0.00631597 0.998392 -0.0405791
45 59 605 0.997374 0.0296141 -0.0660944 0.991103 -0.0298667 0.99955 -0.00283642 0.0842911 0.0659806 0.00480299 0.997809 -0.103006
60 61 29 0.999996 0.00221456 -0.00173966 0.609885 -0.00220823 0.999991 0.00363145 -0.18552 0.00174769 -0.00362759 0.999992 0.770469
60 62 37 0.999985 0.00446491 -0.00325227 0.817093 -0.0044569 0.999987 0.00246694 0.231957 0.00326325 -0.0024524 0.999992 -0.527783
60 63 32 0.99998 0.00423652 -0.00461922 0.992636 -0.00419665 0.999954 0.00860882 0.0407685 0.00465548 -0.00858927 0.999952 0.114068
60 64 458 0.999913 0.0107252 -0.007652 0.95954 -0.0106168 0.999845 0.014067 -0.102273 0.00780168 -0.0139846 0.999872 0.262341
60 65 154 0.999943 0.0100752 0.00352736 0.979298 -0.0100889 0.999941 0.00390842 0.0954355 -0.00348778 -0.00394378 0.999986 -0.178512
60 66 74 0.999807 0.00833904 0.017784 -0.960674 -0.00830193 0.999963 -0.00215968 0.00340928 -0.0178013 0.00201163 0.99984 0.277658
60 67 637 0.999922 0.00787204 -0.00969807 0.976918 -0.00783828 0.999963 0.00351438 -0.0368851 0.00972538 -0.00343809 0.999947 0.210406
60 68 550 0.999945 0.00788523 -0.00686122 0.982525 -0.00790773 0.999963 -0.00325802 0.0254996 0.00683527 0.0033121 0.999971 -0.184374
60 69 699 0.999733 0.0136934 -0.0186071 0.986796 -0.0137089 0.999906 -0.000709055 -0.00909517 0.0185956 0.000963949 0.999827 0.161713
60 70 582 0.99987 0.0143242 -0.00746199 0.925887 -0.0143217 0.999897 0.000392021 -0.0698361 0.00746684 -0.000285102 0.999972 0.37129
60 71 512 0.999883 0.0152192 -0.00172684 0.976057 -0.0152237 0.999881 -0.00259828 0.0589801 0.00168709 0.00262426 0.999995 -0.209367
60 72 526 0.999857 0.0168857 -0.000601631 0.998849 -0.0168859 0.999857 -0.000306313 -0.0359596 0.000596373 0.000316428 1 0.0317377
60 73 617 0.999753 0.0206219 -0.00825232 0.963054 -0.0206417 0.999784 -0.00232633 -0.0991372 0.00820257 0.00249609 0.999963 0.250396
60 74 520 0.99965 0.0206787 -0.0165224 0.992979 -0.0208846 0.999705 -0.01239 -0.0325301 0.0162614 0.0127307 0.999787 0.113728
75 76 22 0.999995 -0.0015521 -0.00269348 0.469657 0.00154706 0.999997 -0.00187057 0.0658884 0.00269638 0.00186639 0.999995 -0.880387
75 77 26 0.999992 -0.0016451 -0.00366838 0.848151 0.00162849 0.999988 -0.00452462 0.000763345 0.00367578 0.00451861 0.999983 -0.529754
75 78 193 0.999938 0.00236165 -0.0108532 0.725603 -0.00244336 0.999969 -0.00752134 0.266908 0.0108351 0.00754739 0.999913 -0.63424
75 79 44 0.999973 0.00713386 0.00201603 0.596536 -0.0071246 0.999964 -0.00456498 0.0114098 -0.00204853 0.00455049 0.999988 -0.802505
75 80 23 0.999997 0.00195033 0.00150409 0.911011 -0.00194645 0.999995 -0.00258008 0.0279372 -0.00150912 0.00257715 0.999996 -0.411434
75 81 231 0.999963 -0.000837994 -0.00852949 0.898915 0.000805209 0.999992 -0.00384644 0.154367 0.00853265 0.00383943 0.999956 -0.410028
75 82 605 0.999705 -0.0018857 -0.0242346 0.998944 0.00186872 0.999998 -0.000723311 -0.0458197 0.0242359 0.000677809 0.999706 -0.00344583
75 83 609 0.999709 -0.00474652 -0.0236467 0.997247 0.00472729 0.999988 -0.000869043 0.0356332 0.0236505 0.000757005 0.99972 -0.0650316
75 84 611 0.999418 -0.00273917 -0.0340071 0.984345 0.00262703 0.999991 -0.00334205 0.0905451 0.0340159 0.00325077 0.999416 -0.151217
75 85 632 0.999099 -0.000999686 -0.0424287 0.979995 0.00115203 0.999993 0.00356628 0.0250816 0.0424248 -0.00361194 0.999093 0.197434
75 86 561 0.999016 -0.000294538 -0.0443422 0.950435 0.00072908 0.999952 0.00978387 -0.0222259 0.0443372 -0.00980657 0.998968 0.310129
75 87 554 0.999213 0.00183565 -0.0396242 0.983181 -0.00109977 0.999827 0.0185854 0.0117924 0.0396515 -0.0185272 0.999042 0.182251
75 88 309 0.999972 0.00621598 -0.00423248 0.910112 -0.00619395 0.999967 0.00519822 0.0804505 0.00426465 -0.00517185 0.999978 -0.406477
75 89 570 0.99932 0.00799611 -0.0360075 0.843072 -0.00736615 0.999818 0.017594 -0.0342001 0.0361416 -0.0173168 0.999197 0.536713
90 91 29 0.999986 -0.00190678 -0.00491414 0.877842 0.00193472 0.999982 0.00568727 -0.051078 0.00490321 -0.0056967 0.999972 0.476219
90 92 37 0.999992 0.00363568 0.00161062 0.773979 -0.00365517 0.999918 0.0122641 -0.313111 -0.0015659 -0.0122698 0.999923 0.550381
90 93 265 0.999873 0.015914 0.000589661 0.847774 -0.0159142 0.999873 0.000259012 0.141591 -0.000585464 -0.000268363 1 -0.511109
90 94 45 0.99968 0.0177439 0.0180248 0.881271 -0.0177082 0.999841 -0.00213853 0.070866 -0.0180599 0.00181866 0.999835 -0.467268
90 95 313 0.999913 0.00824445 0.0102907 0.825391 -0.0083132 0.999943 0.00665582 -0.216468 -0.0102352 -0.00674079 0.999925 0.521413
90 96 507 0.999961 0.00851181 -0.0025201 0.989397 -0.00852277 0.999954 -0.00436936 -0.145137 0.00248279 0.00439066 0.999987 0.00536783
90 97 521 0.999936 0.00895446 -0.00697543 0.983244 -0.00894615 0.999959 0.00122153 -0.181979 0.00698608 -0.00115905 0.999975 -0.0107313
90 98 89 0.999768 0.0108926 0.0185997 0.644165 -0.0106638 0.999867 -0.0123578 0.0243893 -0.0187319 0.0121566 0.999751 -0.764498
90 99 172 0.999908 0.00113319 0.013509 0.576841 -0.000935696 0.999893 -0.014617 -0.0469282 -0.0135242 0.014603 0.999802 -0.815507
90 100 451 0.999926 -0.0023412 -0.0119467 0.887423 0.00215869 0.999881 -0.015267 -0.208461 0.011981 0.01524 0.999812 0.411126
90 101 341 0.999995 -0.00310271 0.000168073 0.779123 0.00310423 0.999946 -0.00996201 -0.227526 -0.000137155 0.00996249 0.99995 0.584123
90 102 422 0.999816 -0.0078513 -0.0174793 0.819252 0.00748211 0.99975 -0.0210877 -0.202158 0.0176405 0.0209531 0.999625 0.536618
90 103 326 0.999845 -0.00194613 -0.0174874 0.937287 0.00148284 0.999649 -0.0264671 -0.24108 0.0175327 0.026437 0.999497 -0.251743
90 104 382 0.999838 -0.00598751 -0.0169934 0.947873 0.00552522 0.999617 -0.0271218 -0.242857 0.0171492 0.0270235 0.999488 0.206292
105 106 13 0.999985 0.00189528 0.00505618 0.251019 -0.00187704 0.999992 -0.00361047 -0.123465 -0.00506298 0.00360092 0.999981 -0.960076
105 107 31 0.999934 0.00371131 0.0108591 0.318204 -0.00362406 0.999961 -0.00804405 -0.0181682 -0.0108886 0.00800416 0.999909 -0.947848
105 108 31 0.999869 0.00759905 0.0142841 0.527037 -0.00742771 0.9999 -0.0120107 -0.147963 -0.0143739 0.011903 0.999826 -0.836862
105 109 95 0.999858 0.00850243 0.0145768 0.682146 -0.00828651 0.999856 -0.0148094 -0.0169321 -0.0147006 0.0146865 0.999784 -0.73102
105 110 549 0.999958 0.00663177 -0.00640236 0.957401 -0.00669106 0.999935 -0.0092849 -0.0782219 0.00634036 0.00932734 0.999936 -0.277966
105 111 488 0.999939 0.00584336 0.00939628 0.770382 -0.00570713 0.999879 -0.0144603 -0.0410069 -0.00947965 0.0144058 0.999851 -0.636263
105 112 502 0.999904 0.0102205 -0.00933524 0.890417 -0.010363 0.999828 -0.0153492 -0.0328781 0.00917677 0.0154445 0.999839 -0.453957
105 113 518 0.999901 0.00530531 -0.0130041 0.981262 -0.0054361 0.999935 -0.0100423 -0.0143133 0.01295 0.010112 0.999865 -0.192145
105 114 372 0.999898 0.00560853 -0.0131633 0.922134 -0.00575383 0.999923 -0.0110266 -0.0374867 0.0131004 0.0111012 0.999853 -0.385051
105 115 453 0.999956 0.00915653 -0.00220254 0.793947 -0.00918142 0.999891 -0.0115682 0.0476896 0.00209637 0.0115879 0.999931 -0.606114
105 116 452 0.999913 0.0125195 0.00420553 0.71678 -0.0124697 0.999854 -0.0116732 0.0773116 -0.00435106 0.0116197 0.999923 -0.693
105 117 325 0.999856 0.0100585 0.0136432 0.679135 -0.00988258 0.999868 -0.0128995 0.115841 -0.0137711 0.0127628 0.999824 -0.724815
105 118 435 0.999916 0.0129257 -0.000349533 0.822594 -0.0129264 0.999914 -0.00206693 0.042424 0.000322786 0.00207127 0.999998 -0.567044
105 119 440 0.99988 0.0141261 -0.00634263 0.783647 -0.0141469 0.999895 -0.00324336 0.100561 0.00629615 0.0033327 0.999975 -0.613013
120 121 15 0.999989 0.00260233 0.00381898 -0.0183788 -0.00262229 0.999983 0.00523297 0.33658 -0.00380529 -0.00524293 0.999979 -0.941475
120 122 116 0.999939 0.0109355 -0.00176098 0.556854 -0.0109235 0.999918 0.00665759 0.343663 0.00183364 -0.00663794 0.999976 -0.75618
120 123 275 0.999918 0.0127501 0.000948286 0.449565 -0.012759 0.999868 0.010068 0.257106 -0.000819793 -0.0100793 0.999949 -0.855446
120 124 145 0.999683 0.021336 0.0133547 0.271496 -0.0214377 0.999742 0.00751611 0.22195 -0.0131909 -0.00780002 0.999883 -0.936498
120 125 330 0.999583 0.0237891 0.0163642 0.303153 -0.0239118 0.999687 0.00734108 0.186069 -0.0161845 -0.00772932 0.999839 -0.9346
120 126 401 0.999553 0.0254655 0.0156726 0.434674 -0.0255043 0.999672 0.00228513 0.286379 -0.0156093 -0.00268382 0.999875 -0.853842
120 127 508 0.999599 0.0271734 -0.00791185 0.70505 -0.0272196 0.999613 -0.0057869 0.352445 0.00775154 0.00599994 0.999952 -0.615376
120 128 491 0.999495 0.0296343 0.0114725 0.279852 -0.0295589 0.999541 -0.00668986 0.310849 -0.0116655 0.00634737 0.999912 -0.908326
120 129 522 0.999489 0.0279571 -0.0155217 0.680796 -0.0280448 0.999592 -0.00545973 0.287696 0.0153627 0.00589224 0.999865 -0.673608
120 130 514 0.999122 0.0325471 -0.0263638 0.631794 -0.0329351 0.999353 -0.0144203 0.373231 0.0258774 0.015276 0.999548 -0.679364
120 131 517 0.998642 0.0390572 -0.034479 0.659088 -0.0395769 0.999111 -0.0145232 0.337079 0.0338811 0.015868 0.9993 -0.672295
120 132 505 0.998942 0.0350174 -0.0297976 0.586443 -0.0352368 0.999355 -0.00687061 0.314074 0.0295378 0.00791331 0.999532 -0.74662
120 133 505 0.99819 0.0386263 -0.0460908 0.699646 -0.0393932 0.999098 -0.0158459 0.42128 0.0454372 0.0176329 0.998812 -0.577078
120 134 496 0.998143 0.0432056 -0.0429289 0.61335 -0.0439787 0.998884 -0.0172304 0.400072 0.0421365 0.0190863 0.99893 -0.680987
135 136 22 0.999999 0.00123022 -0.00101235 0.0466621 -0.00122666 0.999993 0.00350837 0.38868 0.00101666 -0.00350712 0.999993 -0.920191
135 137 18 0.999998 0.00183397 -0.000197882 0.0966087 -0.00183348 0.999995 0.00248053 0.333272 0.00020243 -0.00248017 0.999997 -0.937868
135 138 18 0.999956 -0.000145598 -0.0093797 0.44979 0.000159665 0.999999 0.00149899 0.345556 0.00937948 -0.00150042 0.999955 -0.823577
135 139 485 0.99972 0.00296814 -0.0234607 0.915369 -0.00303264 0.999992 -0.00271447 0.393528 0.0234524 0.00278486 0.999721 -0.0850579
135 140 139 0.999961 0.00112 -0.0087901 0.232122 -0.00106377 0.999979 0.00639981 0.291539 0.00879708 -0.0063902 0.999941 -0.927968
135 141 505 0.999551 0.00213614 -0.0298716 0.618283 -0.0022085 0.999995 -0.00238959 0.511791 0.0298664 0.00245449 0.999551 -0.596486
135 142 507 0.999221 0.00867367 -0.0385012 0.769461 -0.00873621 0.999961 -0.00145646 0.42334 0.0384871 0.00179168 0.999257 -0.47824
135 143 559 0.999295 0.00550846 -0.0371358 0.5425 -0.00545899 0.999984 0.00143322 0.375577 0.0371431 -0.00122948 0.999309 -0.751422
135 144 500 0.999057 0.0106806 -0.0420808 0.56474 -0.0106091 0.999942 0.00192256 0.417179 0.0420989 -0.00147431 0.999112 -0.712061
135 145 551 0.998719 0.0126105 -0.0489992 0.593627 -0.0125108 0.999919 0.0023421 0.447097 0.0490247 -0.00172608 0.998796 -0.669112
135 146 480 0.999146 0.013987 -0.0388815 0.406074 -0.0135435 0.99984 0.0116478 0.386223 0.0390382 -0.0111113 0.999176 -0.828212
135 147 441 0.998888 0.0228527 -0.0412481 0.419288 -0.0221484 0.999602 0.0174514 0.36417 0.0416305 -0.0165184 0.998997 -0.831612
135 148 489 0.997709 0.0354484 -0.057616 0.625638 -0.0339876 0.99908 0.0261395 0.318477 0.0584897 -0.0241213 0.997997 -0.712145
135 149 416 0.99682 0.0443533 -0.0662093 0.634464 -0.0425904 0.998706 0.0278049 0.313501 0.0673568 -0.0248966 0.997418 -0.706521
150 151 13 0.999909 0.0127258 0.00438207 0.13597 -0.0127781 0.999845 0.0121294 0.230614 -0.00422703 -0.0121843 0.999917 0.963499
150 152 11 0.999716 0.0234837 0.00404508 0.136623 -0.023508 0.999705 0.00606895 0.629198 -0.00390137 -0.00616232 0.999973 0.765143
150 153 168 0.999913 0.00690393 0.0112353 -0.537837 -0.00732827 0.999244 0.038176 -0.624784 -0.0109633 -0.038255 0.999208 0.566018
150 154 14 0.999809 0.0193816 -0.0026931 -0.124782 -0.0193451 0.999729 0.0129768 -0.0253546 0.00294388 -0.0129222 0.999912 -0.99186
150 155 31 0.999728 0.0227094 -0.00533583 -0.0146052 -0.0226155 0.999599 0.0170364 0.11149 0.00572057 -0.0169111 0.999841 -0.993658
150 156 115 0.999476 0.0214645 -0.0242378 0.428037 -0.0210563 0.999634 0.0169701 0.245085 0.0245932 -0.0164509 0.999562 -0.869895
150 157 151 0.998908 0.0335054 -0.0325665 0.633824 -0.0330619 0.999354 0.0140613 0.172402 0.0330166 -0.0129692 0.999371 -0.754019
150 158 75 0.998977 0.0417396 -0.0173829 0.375337 -0.0414585 0.999008 0.0162292 0.21954 0.018043 -0.0154919 0.999717 -0.900513
150 159 129 0.998699 0.0357355 -0.03637 0.840344 -0.0355531 0.999352 0.0056514 0.38407 0.0365483 -0.00435099 0.999322 0.382509
150 160 78 0.999376 0.0204753 -0.0287812 0.328851 -0.0201136 0.999716 0.012801 0.341602 0.0290351 -0.0122141 0.999504 -0.880435
150 161 110 0.999105 0.0261924 -0.0332149 0.314417 -0.0256857 0.999549 0.0155891 0.193931 0.0336083 -0.014722 0.999327 -0.929265
150 162 73 0.998806 0.0437085 -0.0218348 0.0999886 -0.043188 0.998784 0.0237661 0.120867 0.022847 -0.0227947 0.999479 -0.98762
150 163 136 0.996332 0.039957 -0.0756762 0.596514 -0.0396293 0.999197 0.00582765 0.273998 0.0758483 -0.00280728 0.997115 -0.754385
150 164 76 0.998492 0.0501755 -0.0222919 0.0792956 -0.0495833 0.998422 0.0263701 0.21133 0.0235798 -0.025225 0.999404 -0.974193
165 166 15 0.999984 0.00482508 -0.00289187 0.113374 -0.00480836 0.999972 0.005761 0.328622 0.00291958 -0.005747 0.999979 -0.937632
165 167 16 0.999941 0.00743214 -0.007915 0.332676 -0.00737709 0.999949 0.00696128 0.38213 0.00796633 -0.00690248 0.999944 -0.862151
165 168 126 0.999828 0.0105263 -0.0152428 0.406769 -0.010447 0.999932 0.00527557 0.360726 0.0152973 -0.00511542 0.99987 -0.839295
165 169 501 0.999234 0.0126921 -0.0370171 0.795688 -0.0126835 0.999919 0.000468413 0.536198 0.0370201 1.45153e-06 0.999315 -0.28173
165 170 489 0.999436 0.0190982 -0.027631 0.48802 -0.0190763 0.999817 0.00105446 0.334593 0.0276461 -0.000526766 0.999618 -0.806154
165 171 308 0.999573 0.0226311 -0.0184639 0.248047 -0.0225276 0.999729 0.0057955 0.296892 0.0185901 -0.00537708 0.999813 -0.922132
165 172 466 0.999172 0.0165183 -0.0371807 0.523621 -0.0164079 0.99986 0.00327252 0.384002 0.0372296 -0.00265975 0.999303 -0.760502
165 173 468 0.998416 0.0173233 -0.0535236 0.65645 -0.0173374 0.99985 0.000201305 0.359278 0.053519 0.000726973 0.998567 -0.663319
165 174 510 0.998356 0.0144608 -0.0554678 0.563092 -0.0143123 0.999893 0.00307442 0.348823 0.0555063 -0.0022755 0.998456 -0.749167
165 175 447 0.998058 0.0244547 -0.0572881 0.531053 -0.024277 0.999698 0.00379703 0.337844 0.0573636 -0.00239887 0.99835 -0.777074
165 176 423 0.997142 0.0379512 -0.0653257 0.61479 -0.0377975 0.999279 0.00358862 0.297526 0.0654148 -0.00110922 0.997858 -0.730419
165 177 423 0.997021 0.0453993 -0.0623477 0.583656 -0.0453528 0.998969 0.00216143 0.301774 0.0623815 0.000672651 0.998052 -0.753842
165 178 464 0.996293 0.054602 -0.0664764 0.581411 -0.0548396 0.998494 -0.00175251 0.295013 0.0662805 0.00539155 0.997786 -0.758241
165 179 405 0.994566 0.0625997 -0.0831865 0.629359 -0.0639394 0.997862 -0.0135373 0.341521 0.0821612 0.0187826 0.996442 -0.698048
180 181 53 0.999922 0.00433445 -0.0117237 0.943148 -0.0043854 0.999981 -0.0043233 0.301798 0.0117048 0.00437437 0.999922 0.13925
180 182 51 0.99995 0.00999929 0.000747178 0.320167 -0.00999791 0.999948 -0.00182841 -0.0809217 -0.000765422 0.00182084 0.999998 -0.943899
180 183 291 0.999852 0.0167989 -0.00366785 0.478676 -0.0168346 0.999809 -0.00993573 0.128966 0.00350024 0.00999601 0.999944 -0.868468
180 184 469 0.999789 0.0203951 -0.00261448 0.391067 -0.0204362 0.99965 -0.0167794 0.282068 0.00227135 0.0168293 0.999856 -0.876073
180 185 692 0.999713 0.0183375 -0.0154077 0.592694 -0.018618 0.99966 -0.0182663 0.260244 0.0150675 0.0185479 0.999714 -0.762225
180 186 674 0.999612 0.0244108 -0.0134073 0.483995 -0.0246299 0.999562 -0.0164295 0.195905 0.0130004 0.0167534 0.999775 -0.85286
180 187 606 0.999282 0.0296382 -0.023586 0.613941 -0.0301735 0.999287 -0.0226763 0.216624 0.0228971 0.0233717 0.999465 -0.759045
180 188 646 0.99919 0.0316342 -0.0248529 0.602613 -0.0323689 0.999033 -0.0297412 0.270344 0.0238881 0.0305215 0.999249 -0.750847
180 189 576 0.999417 0.0279648 -0.0195772 0.502516 -0.0285688 0.999102 -0.0312806 0.303398 0.0186849 0.0318217 0.999319 -0.809585
180 190 493 0.998474 0.0245883 -0.0494406 0.672218 -0.0259576 0.999292 -0.0272478 0.258921 0.0487356 0.0284896 0.998405 -0.693602
180 191 565 0.998216 0.0250934 -0.0541725 0.635909 -0.0268675 0.999118 -0.0322724 0.258027 0.0533149 0.0336703 0.99801 -0.727353
180 192 603 0.997295 0.026736 -0.0684615 0.649814 -0.0294099 0.998831 -0.0383513 0.259385 0.0673562 0.040261 0.996916 -0.714465
180 193 583 0.997343 0.0257849 -0.0681304 0.671837 -0.0281764 0.999012 -0.0343763 0.241066 0.0671767 0.0362046 0.997084 -0.700373
180 194 446 0.995252 0.0201698 -0.0952181 0.834478 -0.0230453 0.999308 -0.0291956 0.242826 0.0945633 0.0312513 0.995028 -0.494654
195 196 57 0.999965 -0.000377186 -0.00839407 0.473637 0.000447272 0.999965 0.00834919 -0.034886 0.00839063 -0.00835265 0.99993 0.880029
195 197 104 0.999758 -0.00291558 -0.0218 0.669007 0.00331249 0.999829 0.0181927 0.0572619 0.0217433 -0.0182605 0.999597 0.741047
195 198 135 0.999548 0.000628862 -0.0300467 0.689347 -0.000131472 0.999863 0.016553 0.130906 0.030053 -0.0165416 0.999411 -0.712505
195 199 252 0.999153 -0.00416883 -0.0409479 0.653145 0.00510466 0.999728 0.0227763 0.177968 0.0408418 -0.022966 0.998902 -0.736022
195 200 308 0.998723 0.00833201 -0.0498226 0.774376 -0.00579255 0.998687 0.050899 -0.0452895 0.0501813 -0.0505454 0.99746 0.631103
195 201 353 0.997283 0.0154232 -0.0720366 0.888888 -0.0120339 0.998811 0.0472489 -0.187167 0.0726796 -0.0462536 0.996282 -0.418146
195 202 423 0.996728 0.0126415 -0.0798379 0.897214 -0.00919016 0.999013 0.0434494 -0.0473479 0.0803084 -0.0425735 0.99586 -0.439051
195 203 302 0.997905 0.0295049 -0.0575749 0.714606 -0.0268997 0.998602 0.0455099 -0.122598 0.0588372 -0.0438658 0.997303 -0.688701
195 204 366 0.997085 0.0262803 -0.0716329 0.775076 -0.0234193 0.998905 0.0404915 -0.0090133 0.0726186 -0.0386959 0.996609 -0.631804
195 205 361 0.992489 0.0328567 -0.117841 0.955404 -0.0264134 0.998091 0.0558291 -0.123478 0.119451 -0.0522971 0.991462 -0.268246
195 206 391 0.994784 0.0352548 -0.0957136 0.86576 -0.0305886 0.998291 0.0497889 -0.13793 0.0973053 -0.0466015 0.994163 -0.481077
195 207 369 0.995315 0.0440598 -0.0860626 0.809587 -0.0400994 0.998079 0.0472166 -0.151211 0.0879776 -0.0435443 0.99517 -0.56719
195 208 303 0.997366 0.0524344 -0.0501113 0.647023 -0.050418 0.997899 0.0406883 -0.137862 0.0521395 -0.0380546 0.997914 -0.749903
195 209 404 0.992508 0.0548156 -0.109194 0.881694 -0.0489552 0.99725 0.0556471 -0.172488 0.111944 -0.0498845 0.992462 -0.439163
210 211 33 0.999987 0.00493573 0.00116461 0.631108 -0.00493474 0.999987 -0.000852481 -0.15712 -0.0011688 0.000846723 0.999999 -0.759616
210 212 665 0.999887 0.00981875 -0.0113739 0.970804 -0.00977537 0.999945 0.00386322 -0.19674 0.0114112 -0.0037516 0.999928 0.137235
210 213 65 0.999663 0.0171364 0.0194777 0.645827 -0.0171814 0.99985 0.00214137 -0.265146 -0.0194381 -0.0024753 0.999808 -0.715964
210 214 454 0.999982 0.00534558 -0.00282325 0.952521 -0.00532144 0.99995 0.00849172 -0.0491069 0.00286851 -0.00847654 0.99996 -0.300488
210 215 535 0.999944 0.00991427 -0.00378152 0.960207 -0.00987402 0.999896 0.0105186 -0.184085 0.00388541 -0.0104806 0.999938 -0.210035
210 216 245 0.999898 -0.000349269 0.0142586 0.872222 6.66105e-05 0.999804 0.0198194 -0.124873 -0.0142627 -0.0198165 0.999702 -0.472901
210 217 328 0.999916 -0.00834026 -0.00991551 0.984427 0.00860049 0.999612 0.0264986 -0.0557309 0.00969066 -0.0265817 0.9996 -0.166727
210 218 427 0.999534 -0.0020205 -0.0304705 0.98537 0.00335875 0.999029 0.0439323 -0.156767 0.0303521 -0.0440142 0.99857 -0.0668621
210 219 431 0.999924 -0.0120283 -0.0025189 0.904718 0.0121298 0.998906 0.0451583 -0.133634 0.00197297 -0.0451854 0.998977 -0.40451
210 220 532 0.99989 -0.0138062 -0.00543268 0.915709 0.0140412 0.998847 0.0459084 -0.132022 0.00479259 -0.0459796 0.998931 -0.379535
210 221 355 0.999755 -0.0159036 -0.0154065 0.930206 0.0165437 0.998966 0.0423477 -0.0785082 0.0147171 -0.0425922 0.998984 -0.358543
210 222 410 0.999804 -0.00422713 0.0193555 0.825039 0.00369252 0.999613 0.0275733 -0.110833 -0.0194646 -0.0274964 0.999432 -0.554099
210 223 507 0.999902 -0.0102919 -0.00951382 0.928876 0.0106167 0.99934 0.0347449 -0.093615 0.00914995 -0.0348424 0.999351 -0.358365
210 224 511 0.999866 -0.00116135 -0.016322 0.916954 0.00183635 0.999141 0.0414013 -0.172238 0.0162599 -0.0414257 0.999009 -0.359901
225 226 29 0.999981 0.00610731 -0.000260898 0.35834 -0.00610619 0.999973 0.00411738 -0.51149 0.000286037 -0.00411571 0.999991 -0.781006
225 227 34 0.99987 0.0147347 0.00655544 0.328508 -0.0147064 0.999882 -0.0043438 -0.27951 -0.00661868 0.00424683 0.999969 -0.902196
225 228 87 0.999698 0.0221166 0.0106981 0.377512 -0.0220482 0.999736 -0.00646511 -0.243534 -0.0108383 0.00622728 0.999922 -0.893407
225 229 504 0.999715 0.0201528 -0.0128217 0.879979 -0.020194 0.999791 -0.00309794 -0.221267 0.0127566 0.00335598 0.999913 0.420331
225 230 132 0.999701 0.0243725 -0.00183001 0.72316 -0.0243753 0.999702 -0.00149679 -0.315705 0.00179298 0.00154095 0.999997 -0.614304
225 231 105 0.999478 0.0319823 0.00464437 0.599319 -0.0319123 0.999387 -0.0144228 -0.233224 -0.0051028 0.014267 0.999885 -0.765783
225 232 229 0.999434 0.0333291 -0.0046139 0.779794 -0.0333982 0.999317 -0.0158036 -0.302688 0.00408403 0.0159487 0.999864 -0.547998
225 233 344 0.999353 0.0337052 -0.0125835 0.868125 -0.0338999 0.999304 -0.0155948 -0.389821 0.0120491 0.0160113 0.999799 -0.307242
225 234 450 0.999108 0.0273821 -0.032153 0.906543 -0.0279711 0.999446 -0.0180127 -0.388822 0.031642 0.018896 0.999321 0.164311
225 235 327 0.999652 0.0197873 -0.0174471 0.883914 -0.0202266 0.999473 -0.0253745 -0.215817 0.0169359 0.0257185 0.999526 -0.414873
225 236 452 0.999313 0.0240457 -0.0281977 0.902882 -0.0245682 0.99953 -0.0183321 -0.330907 0.0277436 0.0190123 0.999434 -0.274417
225 237 413 0.999183 0.0281902 -0.0289729 0.912402 -0.0288592 0.99932 -0.0229373 -0.366245 0.0283066 0.0237546 0.999317 -0.18272
225 238 406 0.998827 0.0342587 -0.0342077 0.941668 -0.0353906 0.998827 -0.0330505 -0.258597 0.0330353 0.0342223 0.998868 -0.21538
225 239 365 0.998859 0.0389382 -0.0276496 0.937844 -0.039775 0.998746 -0.0303876 -0.26694 0.0264317 0.0314527 0.999156 -0.221793
240 241 16 0.999988 0.00120735 -0.00481896 0.395832 -0.00122031 0.999996 -0.00268668 -0.118394 0.0048157 0.00269253 0.999985 0.910659
240 242 740 0.999742 0.00452679 -0.0222398 0.772887 -0.00463367 0.999978 -0.00475649 -0.00637722 0.0222178 0.00485831 0.999741 0.634512
240 243 251 0.999838 0.00240633 -0.017865 0.991213 -0.00269542 0.999866 -0.0161756 0.108657 0.0178237 0.0162211 0.99971 0.0754385
240 244 466 0.999617 0.00962075 -0.02593 0.893807 -0.00995282 0.99987 -0.0127077 -0.0676204 0.0258044 0.0129609 0.999583 0.443325
240 245 463 0.999456 0.0128665 -0.0303762 0.945152 -0.0134404 0.999734 -0.018765 -0.033088 0.0301267 0.019163 0.999362 0.32495
240 246 354 0.999762 0.011502 -0.0185621 0.939222 -0.0119402 0.999649 -0.0236686 -0.0784503 0.0182833 0.0238845 0.999548 0.334227
240 247 199 0.999866 0.00470256 -0.0156524 0.982769 -0.00504044 0.999754 -0.0216175 0.0171229 0.0155469 0.0216935 0.999644 0.184043
240 248 412 0.999711 0.0110556 -0.0213435 0.900737 -0.0112179 0.999909 -0.00749924 -0.0329317 0.0212586 0.0077365 0.999744 0.433114
240 249 304 0.999839 0.00967928 -0.0151229 0.959566 -0.00991042 0.999834 -0.0152848 0.0405334 0.0149725 0.0154322 0.999769 0.27855
240 250 131 0.999815 0.016233 0.0103655 0.997025 -0.0160551 0.999726 -0.017022 0.0592618 -0.0106389 0.0168525 0.999801 -0.0492826
240 251 377 0.999383 0.0258429 -0.0237932 0.830144 -0.0256985 0.99965 0.00635355 -0.0486365 0.023949 -0.00573818 0.999697 0.555423
240 252 332 0.999865 0.014256 -0.00819554 0.937861 -0.0142742 0.999896 -0.00216041 0.00283181 0.00816389 0.0022771 0.999964 0.347
240 253 383 0.999697 0.0113846 -0.0218223 0.834204 -0.0113625 0.999935 0.00113721 0.0224169 0.0218338 -0.000888908 0.999761 0.551001
240 254 406 0.999952 0.00621427 -0.00756632 0.844781 -0.0061632 0.999958 0.00675406 0.0176798 0.00760797 -0.0067071 0.999949 0.53482
255 256 17 0.999964 -0.00812807 -0.00239466 -0.803732 0.00813156 0.999966 0.00144978 0.180444 0.0023828 -0.0014692 0.999996 -0.56697
255 257 213 0.999762 -0.019992 -0.00868574 0.812861 0.020011 0.999798 0.00210545 0.302079 0.00864189 -0.00227876 0.99996 0.498002
255 258 317 0.999774 -0.0197173 -0.00793045 0.93149 0.01973 0.999804 0.0015227 0.0458585 0.00789888 -0.00167882 0.999967 0.360865
255 259 526 0.999734 -0.0214366 -0.00848819 0.807124 0.0214382 0.99977 0.000102004 0.0425561 0.00848405 -0.000283948 0.999964 0.588846
255 260 546 0.999707 -0.0208797 -0.0122458 0.795973 0.0208619 0.999781 -0.00157759 0.0992294 0.012276 0.00132166 0.999924 0.597143
255 261 456 0.999833 -0.0181098 -0.00231508 0.81458 0.0181121 0.999835 0.000999175 0.114026 0.0022966 -0.00104094 0.999997 0.568734
255 262 442 0.999743 -0.0195947 -0.0113672 0.798789 0.019567 0.999805 -0.00254224 0.0655541 0.0114148 0.00231916 0.999932 0.598029
255 263 408 0.999397 -0.0244963 -0.0246015 0.75862 0.0245056 0.9997 7.92441e-05 0.107125 0.0245921 -0.000682071 0.999697 0.642666
255 264 544 0.999102 -0.0326884 -0.0269582 0.875739 0.032497 0.999444 -0.00751025 0.173135 0.0271887 0.00662745 0.999608 0.450673
255 265 549 0.999207 -0.0223085 -0.0329914 0.741955 0.0224366 0.999742 0.00351689 0.0385379 0.0329044 -0.00425431 0.999449 0.669341
255 266 523 0.998956 -0.0276653 -0.0363406 0.774333 0.0277341 0.999614 0.00138964 0.0737092 0.0362881 -0.00239607 0.999338 0.62847
255 267 535 0.998744 -0.0304338 -0.039805 0.801976 0.0303377 0.999535 -0.00301436 0.0699589 0.0398783 0.00180298 0.999203 0.593245
255 268 520 0.99857 -0.0303837 -0.0439808 0.76272 0.0303359 0.999538 -0.00175409 0.0376408 0.0440137 0.000417391 0.999031 0.645633
255 269 496 0.998588 -0.0275878 -0.0453942 0.839383 0.0273182 0.999605 -0.00654941 0.012827 0.045557 0.00530008 0.998948 0.543388
270 271 191 0.999929 0.00267634 0.0115746 -0.530662 -0.00265616 0.999995 -0.00175839 0.0713365 -0.0115793 0.00172752 0.999931 0.844577
270 272 388 0.999924 0.00705583 -0.0100905 0.755175 -0.0070247 0.99997 0.00311753 -0.0791746 0.0101122 -0.00304642 0.999944 0.650724
270 273 139 0.999909 0.0125562 0.00488111 0.907932 -0.01257 0.999917 0.002789 -0.131249 -0.00484569 -0.0028501 0.999984 0.398035
270 274 549 0.99987 0.0155917 -0.0040093 0.642703 -0.0155573 0.999843 0.00847622 -0.134001 0.00414083 -0.00841275 0.999956 0.754305
270 275 484 0.999887 0.0115203 -0.00965962 0.821733 -0.0114509 0.999908 0.00720328 -0.135497 0.00974172 -0.00709185 0.999927 0.55353
270 276 442 0.999896 0.0112348 -0.00908896 0.828956 -0.0111499 0.999894 0.00933765 -0.156524 0.00919291 -0.00923533 0.999915 0.536966
270 277 531 0.999851 0.0112534 -0.013058 0.707746 -0.0111226 0.999888 0.0100484 -0.0881442 0.0131696 -0.00990163 0.999864 0.700947
270 278 504 0.99976 0.0172488 -0.0135359 0.665838 -0.0170705 0.999767 0.0131815 -0.104261 0.0137601 -0.0129473 0.999821 0.738776
270 279 402 0.999777 0.0185336 -0.0101376 0.606543 -0.0183638 0.999694 0.0165979 -0.0818408 0.0104421 -0.016408 0.999811 0.790827
270 280 181 0.999263 0.0150126 0.0353268 -0.959108 -0.0152005 0.999872 0.00505777 0.127782 -0.0352464 -0.00559103 0.999363 -0.252556
270 281 414 0.999731 0.0231793 -0.000153324 0.752828 -0.023175 0.999636 0.0138329 -0.119314 0.000473906 -0.0138256 0.999904 0.647313
270 282 397 0.999576 0.0276127 -0.00928416 0.801418 -0.0274112 0.9994 0.0211684 -0.0785093 0.00986311 -0.020905 0.999733 0.592929
270 283 414 0.999764 0.0216535 -0.00173142 0.7445 -0.0216203 0.999616 0.017324 -0.0974613 0.00210588 -0.0172825 0.999848 0.66047
270 284 447 0.999694 0.0245906 -0.00259443 0.727537 -0.024544 0.99956 0.0166828 -0.122199 0.00300352 -0.016614 0.999857 0.675098
285 286 19 0.999998 -0.00168567 0.0013368 -0.767825 0.00168866 0.999996 -0.00224368 0.175729 -0.00133301 0.00224593 0.999997 -0.616087
285 287 85 0.999994 0.0033866 -0.00102885 0.769058 -0.00339021 0.999988 -0.00351908 -0.322458 0.00101692 0.00352255 0.999993 0.55188
285 288 22 0.999951 0.00239716 0.00960227 0.983515 -0.00231454 0.99996 -0.00860573 -0.177783 -0.00962252 0.00858309 0.999917 0.0330499
285 289 268 0.999995 0.00066173 0.00302955 0.748877 -0.000637693 0.999968 -0.0079285 -0.216792 -0.0030347 0.00792653 0.999964 0.626246
285 290 400 0.999959 0.00849244 -0.00313485 0.696174 -0.00851941 0.999926 -0.00869322 -0.269665 0.00306079 0.00871957 0.999957 0.665299
285 291 574 0.999891 0.0120219 -0.00860188 0.816078 -0.0121383 0.999834 -0.013609 -0.200643 0.00843685 0.013712 0.99987 0.541995
285 292 321 0.999869 0.0161392 0.0011132 0.839602 -0.0161222 0.999773 -0.0139127 -0.258216 -0.00133749 0.0138929 0.999903 0.477905
285 293 328 0.999875 0.0152825 -0.00412893 0.837431 -0.0153627 0.999679 -0.0201435 -0.28443 0.00381977 0.0202044 0.999789 0.466701
285 294 501 0.999595 0.0219905 -0.0180505 0.810151 -0.022224 0.999671 -0.0128381 -0.252762 0.0177622 0.013234 0.999755 0.52893
285 295 422 0.999536 0.0266455 -0.0147518 0.866959 -0.026939 0.999436 -0.0200698 -0.255395 0.0142087 0.0204579 0.99969 0.427966
285 296 309 0.999183 0.0351562 -0.0199301 0.721992 -0.0355312 0.999192 -0.0187815 -0.230871 0.0192537 0.0194743 0.999625 0.652247
285 297 436 0.998618 0.0460701 -0.0252779 0.75496 -0.0465055 0.998775 -0.0169171 -0.250177 0.0244676 0.0180693 0.999537 0.606173
285 298 406 0.99889 0.0410703 -0.0230568 0.796835 -0.0415762 0.998895 -0.0219091 -0.250039 0.0221315 0.0228434 0.999494 0.550032
285 299 400 0.998561 0.0482698 -0.0233734 0.79844 -0.0486712 0.998671 -0.0169239 -0.241545 0.0225254 0.0180371 0.999584 0.551498
300 301 24 0.999995 -0.000960769 0.00288904 0.905763 0.000955201 0.999998 0.00192818 0.0286664 -0.00289088 -0.00192541 0.999994 -0.422813
300 302 45 0.999959 -0.00100481 -0.00903493 0.787908 0.000963385 0.999989 -0.00458833 0.356908 0.00903944 0.00457944 0.999949 -0.501815
300 303 27 0.999908 -0.000393122 -0.0135612 0.991301 0.000381574 1 -0.000854149 -0.0792402 0.0135615 0.000848896 0.999908 0.10509
300 304 438 0.999724 -0.00133164 -0.0234514 0.908287 0.00126812 0.999995 -0.00272325 -0.0601698 0.023455 0.00269276 0.999721 0.413998
300 305 416 0.999716 0.00347634 -0.023559 0.918991 -0.00337809 0.999985 0.00420914 -0.0867396 0.0235733 -0.00412836 0.999714 0.384618
300 306 665 0.999328 0.00594028 -0.0361819 0.907731 -0.00590706 0.999982 0.001025 -0.0118033 0.0361874 -0.000810581 0.999345 0.419387
300 307 651 0.999296 0.0112816 -0.0357914 0.955101 -0.0112092 0.999935 0.0022238 0.00623496 0.0358141 -0.00182104 0.999357 0.296214
300 308 640 0.999188 0.0131406 -0.0380756 0.946758 -0.0130381 0.999911 0.00293998 0.000264456 0.0381109 -0.00244116 0.999271 0.321945
300 309 527 0.999253 0.0152408 -0.035522 0.990285 -0.0150298 0.999868 0.00620114 0.0210765 0.0356118 -0.00566262 0.99935 0.137444
300 310 575 0.998552 0.0163307 -0.0512515 0.949212 -0.0160312 0.999852 0.00624883 0.0198265 0.051346 -0.00541816 0.998666 0.314011
300 311 626 0.998277 0.0175377 -0.0559953 0.980163 -0.0172684 0.999837 0.00529 0.00574077 0.056079 -0.00431394 0.998417 0.19811
300 312 616 0.998038 0.0192871 -0.0595635 0.932906 -0.0186216 0.999758 0.0117085 -0.0466806 0.0597749 -0.0105764 0.998156 0.357081
300 313 533 0.99788 0.0239155 -0.0605277 0.958688 -0.0230233 0.999616 0.0153953 -0.0482675 0.0608727 -0.0139691 0.998048 0.280334
300 314 305 0.997269 0.0388824 -0.0627867 0.910789 -0.0371761 0.998913 0.0281199 -0.067007 0.0638118 -0.0257089 0.997631 0.407399
315 316 0 1 0 0 0 0 1 0 0 0 0 1 0
315 317 18 0.999982 0.0042712 -0.00422799 0.989873 -0.00429821 0.99997 -0.00639937 -0.0502806 0.00420053 0.00641743 0.999971 -0.132752
315 318 25 0.999913 0.00711371 -0.0111241 0.980571 -0.00724604 0.999903 -0.0119009 -0.0853449 0.0110384 0.0119805 0.999867 -0.176628
315 319 24 0.999891 0.00964487 -0.0112086 0.970771 -0.00979622 0.999861 -0.0135277 -0.165624 0.0110766 0.013636 0.999846 0.173703
315 320 163 0.999628 0.0171003 -0.0212446 0.929062 -0.0173726 0.999768 -0.0127012 -0.15451 0.0210224 0.0130656 0.999694 0.33611
315 321 249 0.999189 0.0259505 -0.0307904 0.966877 -0.026472 0.999511 -0.0166514 -0.109929 0.0303432 0.017453 0.999387 0.230355
315 322 274 0.99866 0.0356839 -0.0374727 0.918505 -0.0363223 0.999204 -0.0164961 -0.0844356 0.0368543 0.0178351 0.999161 0.386289
315 323 162 0.998331 0.0489944 -0.0305716 0.86778 -0.049375 0.99871 -0.0118204 -0.193707 0.029953 0.0133102 0.999463 0.457642
315 324 244 0.997217 0.0515841 -0.0538245 0.957059 -0.052284 0.998564 -0.0116769 -0.0319997 0.0531448 0.0144586 0.998482 0.288122
315 325 238 0.996922 0.0534586 -0.0573439 0.97817 -0.0543906 0.99841 -0.0148161 -0.0671421 0.0564607 0.0178895 0.998245 0.196661
315 326 254 0.996017 0.0593715 -0.0665152 0.878687 -0.0601375 0.998144 -0.00957177 -0.0606565 0.0658235 0.0135337 0.997739 0.473528
