0 1 0 1 0 0 0 0 1 0 0 0 0 1 0
0 2 0 1 0 0 0 0 1 0 0 0 0 1 0
0 3 18 0.999995 -0.0030931 -0.000301795 0.349294 0.00309376 0.999993 0.00223752 -0.232923 0.000294872 -0.00223844 0.999997 0.907602
0 4 0 1 0 0 0 0 1 0 0 0 0 1 0
0 5 22 0.99998 -0.00623268 -0.00113759 0.284199 0.00623394 0.99998 0.00110256 0.136715 0.00113069 -0.00110963 0.999999 0.948968
0 6 0 1 0 0 0 0 1 0 0 0 0 1 0
0 7 16 0.999992 -0.00398771 -0.000263808 -0.0282532 0.00398872 0.999984 0.00392427 -0.299683 0.000248155 -0.00392529 0.999992 0.95362
0 8 23 0.999992 -0.00396666 0.000312627 0.10721 0.00396567 0.999987 0.00309536 -0.0300935 -0.000324901 -0.00309409 0.999995 0.993781
0 9 21 0.999978 -0.00647557 -0.00158242 0.246913 0.00648021 0.999975 0.00294813 -0.0182031 0.00156329 -0.00295832 0.999994 0.968867
0 10 21 0.999992 -0.00282362 -0.00276777 0.293671 0.00283273 0.999991 0.00329228 0.089784 0.00275845 -0.00330009 0.999991 0.951681
0 11 68 0.999996 -0.00275577 -0.000167483 0.190153 0.00275626 0.999992 0.003037 -0.115978 0.000159112 -0.00303745 0.999995 0.97488
0 12 22 0.999996 0.00208061 -0.00197494 0.229269 -0.00207598 0.999995 0.00234253 -0.0517327 0.0019798 -0.00233842 0.999995 0.971987
0 13 32 0.999979 0.0061477 0.00214835 0.300774 -0.00615668 0.999972 0.00419664 0.0846932 -0.00212249 -0.00420978 0.999989 -0.949927
0 14 31 0.999872 0.00996641 -0.0125405 0.947236 -0.00987369 0.999924 0.00743443 -0.212263 0.0126136 -0.00730966 0.999894 0.240182
15 16 23 0.999999 -3.64818e-05 -0.00115443 0.113544 3.65337e-05 1 4.49584e-05 -0.0394089 0.00115443 -4.50006e-05 0.999999 0.992751
15 17 24 0.999998 0.00151527 -0.00161475 0.167093 -0.00151303 0.999998 0.00138264 -0.0436728 0.00161684 -0.0013802 0.999998 0.984973
15 18 24 0.999974 0.00710978 -0.000685406 0.226526 -0.00710846 0.999973 0.00190349 -0.274982 0.000698921 -0.00189857 0.999998 -0.934383
15 19 11 0.999966 0.00818265 0.000936565 0.0807705 -0.00818338 0.999966 0.000779711 0.287719 -0.000930154 -0.000787349 0.999999 0.954303
15 20 0 1 0 0 0 0 1 0 0 0 0 1 0
15 21 19 0.999971 0.00640093 0.00414118 -0.490862 -0.00641045 0.999977 0.00228842 -0.0776794 -0.00412644 -0.0023149 0.999989 0.867767
15 22 565 0.99982 0.00570824 -0.0180948 0.895279 -0.00582625 0.999962 -0.00647588 0.395798 0.0180572 0.00658014 0.999815 0.2045
15 23 0 1 0 0 0 0 1 0 0 0 0 1 0
15 24 35 0.999983 0.00297316 0.00506152 -0.262128 -0.00299675 0.999985 0.0046614 -0.111711 -0.00504758 -0.00467648 0.999976 0.958546
15 25 505 0.999812 0.00272246 -0.0191989 0.93509 -0.00261445 0.999981 0.00564837 0.00498399 0.0192139 -0.00559711 0.9998 0.354375
15 26 41 0.99997 0.00465928 0.00618976 -0.20957 -0.00467664 0.999985 0.0027937 0.0150491 -0.00617665 -0.00282256 0.999977 0.977678
15 27 43 0.999975 0.00349944 0.00607796 0.324467 -0.00351341 0.999991 0.00228982 0.012615 -0.00606989 -0.00231112 0.999979 -0.945813
15 28 528 0.999743 6.96321e-06 -0.0226604 0.920523 6.3236e-05 0.999995 0.00309717 -0.0828365 0.0226603 -0.00309781 0.999738 0.381805
15 29 202 0.999904 0.00880686 0.0106727 -0.163849 -0.00876512 0.999954 -0.00395164 0.154054 -0.010707 0.00385772 0.999935 0.974382
30 31 16 0.999999 -0.000246372 0.00100849 0.223929 0.000250679 0.999991 -0.00427293 0.0899945 -0.00100743 0.00427318 0.99999 -0.970442
30 32 0 1 0 0 0 0 1 0 0 0 0 1 0
30 33 23 0.999962 -0.00174243 0.00855837 -0.108464 0.00178833 0.999984 -0.00535769 -0.0229502 -0.0085489 0.00537279 0.999949 0.993835
30 34 31 0.999941 -0.00194722 0.0107194 -0.0573153 0.00207382 0.999928 -0.0118112 -0.0783367 -0.0106956 0.0118328 0.999873 0.995278
30 35 43 0.999916 -0.0019376 0.0128321 -0.00146973 0.00211087 0.999907 -0.0135032 -0.160738 -0.0128048 0.0135292 0.999826 0.986996
30 36 15 0.999999 -0.00119361 -0.000244442 0.992704 0.00119053 0.999924 -0.0122355 -0.0911979 0.000259028 0.0122352 0.999925 -0.078872
30 37 65 0.999836 -0.00654001 0.0169053 0.00734686 0.00672885 0.999915 -0.0111373 -0.165415 -0.0168311 0.0112493 0.999795 0.986197
30 38 26 0.999815 -0.00898211 0.0170316 0.446364 0.00913166 0.99992 -0.00872383 0.00214672 -0.0169519 0.00887774 0.999817 -0.894849
30 39 0 1 0 0 0 0 1 0 0 0 0 1 0
30 40 84 0.999752 -0.00976483 0.0200018 0.413601 0.00982115 0.999948 -0.00271982 0.00861201 -0.0199742 0.00291559 0.999796 -0.910417
30 41 0 1 0 0 0 0 1 0 0 0 0 1 0
30 42 312 0.999937 -0.00483602 0.0101306 0.970378 0.00483828 0.999988 -0.000197774 -0.0283943 -0.0101295 0.000246776 0.999949 0.239915
30 43 11 0.999865 -0.0058755 0.0153238 0.955917 0.0059146 0.999979 -0.00250709 -0.117523 -0.0153087 0.00259739 0.999879 0.269092
30 44 0 1 0 0 0 0 1 0 0 0 0 1 0
45 46 18 0.999982 0.00587707 -0.000716839 0.0414491 -0.0058738 0.999973 0.0044894 0.0283551 0.000743204 -0.00448511 0.99999 -0.998738
45 47 53 0.999873 0.0091727 -0.0130259 0.958304 -0.00909529 0.999941 0.00598936 0.250939 0.0130801 -0.00587013 0.999897 -0.136686
45 48 0 1 0 0 0 0 1 0 0 0 0 1 0
45 49 36 0.999813 0.0173911 0.0084731 0.0887141 -0.0175269 0.999715 0.0162345 -0.113941 -0.00818835 -0.01638 0.999832 0.989519
45 50 19 0.999702 0.0217283 -0.0111522 0.948293 -0.0215595 0.999654 0.0150366 0.178331 0.0114751 -0.0147916 0.999825 0.262561
45 51 34 0.999762 0.0216962 -0.00245254 0.100242 -0.0216493 0.999608 0.0177373 -0.122588 0.00283641 -0.01768 0.99984 0.987382
45 52 41 0.99976 0.0215062 -0.00420568 0.0902066 -0.0214461 0.999674 0.0138496 -0.0167013 0.00450217 -0.0137561 0.999895 0.995783
45 53 466 0.999144 0.0255108 -0.0325698 0.963042 -0.0253732 0.999667 0.00463212 0.237923 0.0326771 -0.00380175 0.999459 0.126269
45 54 0 1 0 0 0 0 1 0 0 0 0 1 0
45 55 500 0.998336 0.0290888 -0.0497947 0.898445 -0.0297705 0.999472 -0.0130054 0.433442 0.0493901 0.0144662 0.998675 0.0701716
45 56 161 0.998942 0.0288123 -0.0358504 0.980508 -0.0287321 0.999583 0.00274993 -0.0280864 0.0359147 -0.00171696 0.999353 0.19446
45 57 33 0.999358 0.0288828 -0.0212215 -0.0634947 -0.0288933 0.999582 -0.00018654 -0.142367 0.0212072 0.000799578 0.999775 0.987775
45 58 43 0.998781 0.0261602 -0.0418682 0.952061 -0.0262344 0.999655 -0.00122494 -0.0868623 0.0418217 0.00232183 0.999122 -0.293316
45 59 202 0.998374 0.0288518 -0.0491678 0.992282 -0.0290164 0.999575 -0.00263718 0.0866972 0.0490709 0.00405956 0.998787 0.0886566
60 61 0 1 0 0 0 0 1 0 0 0 0 1 0
60 62 45 0.999968 0.00792675 0.00123664 0.473063 -0.00793741 0.999929 0.00886735 -0.0666291 -0.00116626 -0.00887688 0.99996 -0.878506
60 63 38 0.99985 0.0148567 0.00894184 0.287601 -0.0149645 0.999815 0.0121143 -0.253209 -0.0087602 -0.0122463 0.999887 -0.923673
60 64 23 0.999961 0.00787074 0.00405961 0.93674 -0.00791259 0.999915 0.0103963 -0.27117 -0.00397744 -0.010428 0.999938 0.221328
60 65 58 0.999737 0.00894398 0.0211078 -0.0169126 -0.00905064 0.999947 0.0049629 -0.116637 -0.0210623 -0.00515263 0.999765 0.993031
60 66 499 0.999949 0.00808181 -0.00599373 0.970614 -0.00807888 0.999967 0.000511582 0.0716264 0.00599767 -0.000463134 0.999982 0.229735
60 67 486 0.99995 0.00829056 -0.0056306 0.986449 -0.00826334 0.999954 0.00484005 -0.163469 0.00567047 -0.00479328 0.999972 0.0140192
60 68 461 0.999882 0.00912677 -0.0123924 0.992102 -0.00914964 0.999957 -0.00178966 -0.0243533 0.0123755 0.00190283 0.999922 0.123049
60 69 473 0.999785 0.012354 -0.0166549 0.997147 -0.0124388 0.99991 -0.00499678 0.0122941 0.0165917 0.00520287 0.999849 0.0744698
60 70 439 0.999897 0.0141319 -0.00263816 0.997537 -0.0141404 0.999895 -0.00322757 -0.0139359 0.00259227 0.00326454 0.999991 0.0687431
60 71 422 0.999917 0.0128352 0.00137474 0.991031 -0.0128271 0.999901 -0.00578704 0.0907839 -0.00144888 0.00576892 0.999982 0.0980571
60 72 425 0.999813 0.013063 0.0142285 0.995647 -0.0130572 0.999915 -0.000501729 -0.0582992 -0.0142339 0.00031585 0.999899 0.0727178
60 73 429 0.999788 0.0204518 -0.00239315 0.986917 -0.0204588 0.999786 -0.00291543 -0.0211006 0.00233302 0.00296377 0.999993 0.159845
60 74 401 0.999802 0.0195806 0.00342408 0.935381 -0.0195257 0.999691 -0.0153881 0.116791 -0.00372433 0.0153182 0.999876 0.333799
75 76 10 0.999999 0.000340936 -0.00105398 0.236256 -0.000342453 0.999999 -0.00143932 -0.0954998 0.00105349 0.00143968 0.999998 -0.966987
75 77 15 0.99999 -0.00220902 -0.00392286 0.194318 0.00220296 0.999996 -0.00155011 0.207774 0.00392627 0.00154145 0.999991 -0.958681
75 78 11 0.999977 0.00667426 0.00143785 0.203734 -0.00667639 0.999977 0.00148169 -0.275243 -0.00142793 -0.00149126 0.999998 -0.939539
75 79 0 1 0 0 0 0 1 0 0 0 0 1 0
75 80 139 0.999967 0.00285146 -0.00765349 0.984119 -0.00288779 0.999985 -0.00473895 0.104466 0.00763986 0.0047609 0.999959 -0.143513
75 81 21 0.999941 -0.0050227 0.00963167 -0.612282 0.00501334 0.999987 0.000995499 -0.0557077 -0.00963655 -0.000947154 0.999953 0.788674
75 82 20 0.999974 -0.0054682 0.00480527 -0.436517 0.00546376 0.999985 0.000936267 -0.062589 -0.00481032 -0.000909988 0.999988 0.897516
75 83 468 0.999212 -0.00573061 -0.0392766 0.922581 0.00513629 0.999871 -0.0152161 0.315917 0.0393588 0.0150023 0.999113 0.221451
75 84 463 0.999583 -0.00775729 -0.027813 0.969568 0.00760543 0.999956 -0.0055618 0.222749 0.027855 0.00534795 0.999598 0.10159
75 85 448 0.999167 -0.000855143 -0.0408049 0.997837 0.00120329 0.999963 0.00850818 -0.0646607 0.0407961 -0.00855019 0.999131 0.0118159
75 86 113 0.999914 0.00167797 0.0130118 -0.353019 -0.00181689 0.999941 0.010672 0.0126259 -0.0129932 -0.0106947 0.999858 0.935531
75 87 425 0.999316 0.00378855 -0.0367772 0.996138 -0.00316403 0.99985 0.0170245 -0.033532 0.0368362 -0.0168965 0.999178 0.0811444
75 88 190 0.999767 0.00550627 0.0208525 -0.102468 -0.00583687 0.999858 0.0158271 -0.0294217 -0.0207623 -0.0159452 0.999657 0.994301
75 89 407 0.999072 0.0124378 -0.0412362 0.994603 -0.0114029 0.999616 0.0252364 -0.0983379 0.0415343 -0.0247427 0.998831 0.0330783
90 91 17 0.999987 0.00217193 0.00452836 0.0598567 -0.00220623 0.999969 0.00758398 -0.0681071 -0.00451175 -0.00759388 0.999961 -0.995881
90 92 21 0.999956 0.00896378 0.00266123 0.758421 -0.00900524 0.999831 0.0159982 -0.634428 -0.00251738 -0.0160214 0.999868 0.149326
90 93 123 0.999932 0.00788132 0.00864399 0.734849 -0.00795097 0.999936 0.00805326 -0.0128772 -0.00857997 -0.00812144 0.99993 0.678108
90 94 229 0.999844 0.0122676 0.0127227 0.709779 -0.012452 0.999817 0.0145218 -0.418578 -0.0125422 -0.0146779 0.999814 0.566574
90 95 219 0.999521 0.0109566 0.0289289 0.116276 -0.0110679 0.999932 0.00369039 -0.057713 -0.0288865 -0.0040088 0.999575 0.991539
90 96 368 0.99992 0.00623064 0.0110394 0.670346 -0.00628159 0.99997 0.00458658 -0.145835 -0.0110104 -0.00465555 0.999929 0.727577
90 97 408 0.999943 0.00991639 -0.00388042 0.908343 -0.00991853 0.999951 -0.00053282 -0.04706 0.00387495 0.000571278 0.999992 0.41557
90 98 370 0.999746 0.00625338 -0.0216317 0.882869 -0.00603368 0.99993 0.010207 -0.327615 0.021694 -0.0100739 0.999714 0.336469
90 99 358 0.999482 0.0011545 -0.0321527 0.908404 -0.00130295 0.999989 -0.00459646 -0.204711 0.0321471 0.00463598 0.999472 0.364548
90 100 361 0.999823 0.0031424 -0.0185647 0.918381 -0.00322471 0.999985 -0.00440549 -0.292237 0.0185506 0.00446457 0.999818 0.266784
90 101 314 0.998984 -0.0053267 -0.0447614 0.914724 0.00533259 0.999986 1.21985e-05 -0.300318 0.0447607 -0.00025088 0.998998 0.27035
90 102 329 0.999161 -0.00705817 -0.0403464 0.942799 0.00649607 0.99988 -0.0140459 -0.252646 0.0404407 0.0137721 0.999087 0.217484
90 103 306 0.99782 -0.00655592 -0.0656703 0.974254 0.00535324 0.999815 -0.0184732 -0.162339 0.0657793 0.0180814 0.99767 0.156444
90 104 314 0.999642 0.00261954 -0.0266359 0.897073 -0.00278808 0.999976 -0.00629252 -0.413366 0.0266188 0.00636453 0.999625 0.15617
105 106 20 0.999987 2.70099e-05 0.00505532 0.0998232 -3.27397e-06 0.999989 -0.00469519 0.155549 -0.00505539 0.00469512 0.999976 -0.982772
105 107 11 0.99984 0.00979235 0.01495 -0.0357421 -0.00968977 0.999929 -0.00691812 -0.24182 -0.0150167 0.00677215 0.999864 -0.969663
105 108 445 0.999965 0.00442867 -0.00716259 0.939511 -0.00458454 0.99975 -0.0218931 0.278495 0.00706385 0.0219252 0.999735 -0.199396
105 109 89 0.99983 0.00764576 0.0167661 0.547291 -0.00737902 0.999846 -0.015914 0.031646 -0.0168852 0.0157876 0.999733 -0.836344
105 110 151 0.999705 0.00584112 0.0235937 0.268681 -0.00547075 0.999861 -0.015732 0.0700388 -0.0236824 0.0155983 0.999598 -0.96068
105 111 419 0.99987 0.0120174 -0.0107533 0.860228 -0.0120134 0.999928 0.00042927 -0.313706 0.0107576 -0.00030003 0.999942 -0.401989
105 112 396 0.99995 0.00998735 -0.000727554 0.832391 -0.00999469 0.999891 -0.0109029 -0.124418 0.000618584 0.0109096 0.99994 -0.540042
105 113 395 0.999958 0.00703432 0.00593972 0.757068 -0.00692006 0.999795 -0.019044 0.00227924 -0.00607246 0.0190021 0.999801 -0.653332
105 114 240 0.999703 0.00356662 0.024112 0.286541 -0.00311155 0.999817 -0.0188844 0.112526 -0.0241749 0.0188037 0.999531 -0.951437
105 115 354 0.9998 0.0104998 0.0170281 0.534134 -0.0103226 0.999892 -0.0104621 0.0557587 -0.0171361 0.0102843 0.9998 -0.843559
105 116 362 0.999896 0.0137028 -0.00445483 0.839562 -0.0137755 0.999765 -0.0167297 0.158645 0.00422454 0.0167893 0.99985 -0.519584
105 117 248 0.999229 0.0187399 0.0345108 0.383546 -0.0186717 0.999823 -0.00229761 -0.00175727 -0.0345478 0.00165146 0.999402 -0.92352
105 118 306 0.999917 0.0128381 0.00122585 0.7298 -0.0128342 0.999913 -0.00315065 0.0892047 -0.00126619 0.00313466 0.999994 -0.677816
105 119 319 0.999648 0.0146524 0.0221103 0.538546 -0.0147557 0.999881 0.0045132 0.0333104 -0.0220416 -0.00483786 0.999745 -0.841938
120 121 37 0.999998 0.00145599 0.00163324 0.325962 -0.001465 0.999984 0.00553019 0.251121 -0.00162516 -0.00553257 0.999983 -0.91142
120 122 76 0.999955 0.00623614 0.00708078 0.0977459 -0.00631247 0.999922 0.0108094 0.144323 -0.00701282 -0.0108537 0.999917 -0.984691
120 123 370 0.999859 0.0155959 -0.00621539 0.775357 -0.0155766 0.999874 0.0031369 0.463136 0.00626352 -0.00303964 0.999976 -0.429332
120 124 311 0.99982 0.0189073 0.00152872 0.691799 -0.0189221 0.999768 0.0102776 0.112397 -0.00133404 -0.0103047 0.999946 -0.713289
120 125 382 0.999627 0.0272672 -0.00173687 0.74731 -0.0272811 0.999591 -0.00855267 0.537039 0.00150295 0.00859686 0.999962 -0.391301
120 126 320 0.999564 0.027352 0.0110979 0.605002 -0.0273966 0.999617 0.00388747 0.150084 -0.0109873 -0.00418982 0.999931 -0.781951
120 127 351 0.999671 0.0255513 0.00209347 0.551604 -0.0255439 0.999668 -0.00346563 0.21427 -0.00218133 0.00341101 0.999992 -0.806115
120 128 310 0.999381 0.0349792 0.00371022 0.362451 -0.0350055 0.999361 0.0072735 0.0484932 -0.00345342 -0.00739888 0.999967 -0.930741
120 129 368 0.998118 0.0383098 -0.0478847 0.859252 -0.0394865 0.998935 -0.023872 0.364318 0.0469192 0.0257179 0.998568 -0.359108
120 130 339 0.999189 0.0355361 -0.0189494 0.572697 -0.0357952 0.999268 -0.0135162 0.366963 0.0184553 0.0141835 0.999729 -0.733046
120 131 313 0.998911 0.0358517 -0.0298495 0.611517 -0.0364644 0.99913 -0.0202424 0.441592 0.0290978 0.0213088 0.999349 -0.656539
120 132 318 0.999094 0.034916 -0.0243127 0.512819 -0.0349756 0.999386 -0.00202993 0.253838 0.0242269 0.00287845 0.999702 -0.820111
120 133 305 0.996267 0.0459644 -0.0730723 0.761007 -0.0485622 0.998235 -0.0341798 0.473809 0.0713723 0.0376008 0.996741 -0.44314
120 134 321 0.997677 0.0401729 -0.0550115 0.637883 -0.0407623 0.999122 -0.0096332 0.3207 0.0545762 0.0118532 0.998439 -0.700183
135 136 0 1 0 0 0 0 1 0 0 0 0 1 0
135 137 21 1 0.000589905 0.000224271 -0.264984 -0.000590437 0.999997 0.00238121 0.13135 -0.000222866 -0.00238134 0.999997 -0.955265
135 138 107 0.999942 0.00686868 -0.008238 0.352689 -0.00681291 0.999954 0.00677994 0.0211164 0.00828419 -0.00672342 0.999943 -0.935502
135 139 92 0.99987 0.00216151 -0.0160052 0.649529 -0.00206404 0.999979 0.00610404 0.172133 0.016018 -0.00607021 0.999853 -0.740596
135 140 406 0.999732 0.00259068 -0.023023 0.670885 -0.00261441 0.999996 -0.00100066 0.452441 0.0230203 0.00106059 0.999734 -0.587546
135 141 341 0.999869 0.00513 -0.0153766 0.298568 -0.00507722 0.999981 0.00346962 0.306944 0.0153941 -0.00339109 0.999876 -0.903683
135 142 404 0.99885 0.0101819 -0.0468537 0.75595 -0.0108384 0.999846 -0.0137793 0.502081 0.0467062 0.0142712 0.998807 -0.420065
135 143 401 0.998801 0.0109594 -0.0477045 0.686059 -0.0114828 0.999877 -0.0107118 0.49849 0.0475812 0.0112467 0.998804 -0.529935
135 144 335 0.999466 0.0161738 -0.0283977 0.381585 -0.0157525 0.999763 0.0149963 0.170484 0.0286335 -0.0145409 0.999484 -0.908476
135 145 367 0.999072 0.0159604 -0.0399968 0.546869 -0.015425 0.999788 0.0136599 0.271374 0.0402063 -0.0130303 0.999106 -0.792017
135 146 365 0.998524 0.0207829 -0.0501826 0.596918 -0.0201817 0.999719 0.0124563 0.339179 0.0504274 -0.0114251 0.998662 -0.727081
135 147 321 0.998728 0.0329298 -0.0381719 0.463563 -0.0317056 0.998977 0.032244 0.175265 0.0391946 -0.0309928 0.998751 -0.868557
135 148 320 0.998655 0.0375697 -0.035744 0.406326 -0.0361707 0.998584 0.0390112 0.184298 0.037159 -0.0376658 0.998599 -0.894949
135 149 283 0.998377 0.0432429 -0.0370551 0.400757 -0.041501 0.998053 0.0465533 0.178463 0.0389961 -0.0449399 0.998228 -0.898635
150 151 0 1 0 0 0 0 1 0 0 0 0 1 0
150 152 0 1 0 0 0 0 1 0 0 0 0 1 0
150 153 181 0.999471 0.0306285 -0.0109187 0.676104 -0.0306856 0.999516 -0.00510803 0.728708 0.010757 0.00544038 0.999927 0.108941
150 154 24 0.999837 0.0180352 -0.00109977 0.292121 -0.0180216 0.999773 0.0113936 -0.130672 0.00130501 -0.0113719 0.999934 0.947412
150 155 208 0.999507 0.0190367 -0.0249662 0.634271 -0.0189375 0.999812 0.00420313 0.529344 0.0250415 -0.00372826 0.999679 -0.563467
150 156 221 0.998824 0.0275408 -0.0399018 0.948319 -0.0270571 0.999554 0.0126132 0.215264 0.0402314 -0.0115188 0.999124 -0.233137
150 157 223 0.9986 0.0357401 -0.0389931 0.821271 -0.0356921 0.999361 0.00192561 0.466457 0.0390371 -0.000531168 0.999238 -0.32853
150 158 176 0.998952 0.0391821 -0.0236392 0.483024 -0.038805 0.999115 0.0162051 0.267486 0.0242532 -0.0152708 0.999589 -0.83375
150 159 202 0.998608 0.032735 -0.0413648 0.764975 -0.0323673 0.999431 0.00952926 0.325798 0.0416532 -0.00817712 0.999099 -0.55558
150 160 182 0.99491 0.0405703 -0.0922379 0.812603 -0.0437053 0.998525 -0.0322253 0.542559 0.0907944 0.0360926 0.995215 -0.212852
150 161 197 0.994053 0.044511 -0.0993852 0.839954 -0.0474505 0.998497 -0.0274105 0.502935 0.0980158 0.0319634 0.994671 -0.203798
150 162 173 0.997618 0.0460025 -0.0514031 0.631442 -0.0449235 0.998749 0.0219542 0.193584 0.0523488 -0.0195927 0.998437 -0.75087
150 163 182 0.996455 0.0416806 -0.0730792 0.733114 -0.0410558 0.999106 0.0100316 0.315815 0.073432 -0.00699572 0.997276 -0.602332
150 164 187 0.988436 0.0584168 -0.139937 0.829458 -0.064391 0.99718 -0.0385486 0.533397 0.13729 0.0471135 0.98941 -0.165795
165 166 20 0.999985 0.00529673 -0.00161348 -0.322859 -0.00528684 0.999968 0.00607455 0.124948 0.00164561 -0.00606593 0.99998 -0.938163
165 167 24 0.999899 0.0118235 -0.00784564 -0.495081 -0.0117471 0.999884 0.00972545 0.00451517 0.00795972 -0.00963231 0.999922 0.868835
165 168 106 0.999881 0.00916804 -0.0123969 0.338074 -0.00905376 0.999916 0.00924294 0.0737373 0.0124806 -0.0091296 0.99988 -0.938226
165 169 201 0.99958 0.0182808 -0.0224931 0.560609 -0.0180891 0.999799 0.00869338 0.165461 0.0226475 -0.00828285 0.999709 -0.811382
165 170 381 0.999483 0.0177362 -0.0268333 0.444877 -0.0175578 0.999822 0.00686878 0.211174 0.0269504 -0.00639409 0.999616 -0.870339
165 171 372 0.998715 0.0226875 -0.0453243 0.726431 -0.0227044 0.999742 0.000141248 0.382472 0.0453158 0.000887997 0.998972 -0.570976
165 172 372 0.998691 0.0233186 -0.0455267 0.700578 -0.0232314 0.999727 0.00244497 0.322066 0.0455713 -0.00138412 0.99896 -0.63676
165 173 385 0.998263 0.0259977 -0.0528655 0.658801 -0.0261374 0.999656 -0.00195204 0.364748 0.0527966 0.00333042 0.9986 -0.657982
165 174 390 0.997789 0.0223354 -0.062602 0.66381 -0.0222605 0.99975 0.00189239 0.320634 0.0626286 -0.000494651 0.998037 -0.675685
165 175 351 0.998408 0.0297129 -0.0479409 0.440509 -0.0289903 0.999456 0.0156978 0.168548 0.0483813 -0.014283 0.998727 -0.881784
165 176 347 0.996686 0.0416615 -0.0698677 0.699618 -0.0417089 0.99913 0.000780078 0.366787 0.0698394 0.00213661 0.997556 -0.613191
165 177 330 0.997211 0.0545435 -0.0509481 0.519993 -0.0536516 0.998384 0.0187144 0.14444 0.0518866 -0.0159288 0.998526 -0.84187
165 178 333 0.996856 0.0586246 -0.0533124 0.50887 -0.058125 0.99825 0.0108761 0.202116 0.0538567 -0.00774308 0.998519 -0.83678
165 179 305 0.994528 0.0591402 -0.0861223 0.702406 -0.0606556 0.998045 -0.0150851 0.351226 0.0850618 0.0202263 0.99617 -0.619086
180 181 0 1 0 0 0 0 1 0 0 0 0 1 0
180 182 23 0.999955 0.00946575 -0.000402931 0.4484 -0.00946754 0.999944 -0.00470232 0.167625 0.000358398 0.00470592 0.999989 -0.877974
180 183 180 0.99986 0.0157658 -0.00558056 0.631489 -0.0158231 0.999821 -0.0103824 0.219636 0.00541587 0.0104692 0.999931 -0.743627
180 184 215 0.999871 0.0155286 -0.00404331 0.529597 -0.0155779 0.999801 -0.0124454 0.199061 0.00384925 0.0125068 0.999914 -0.824562
180 185 506 0.999641 0.0160661 -0.0214596 0.69537 -0.0164589 0.999698 -0.0182568 0.257812 0.0211598 0.0186034 0.999603 -0.670816
180 186 458 0.999498 0.0282323 -0.014394 0.524388 -0.0284154 0.999516 -0.012682 0.138906 0.014029 0.0130846 0.999816 -0.840073
180 187 419 0.999315 0.034397 -0.0136633 0.520665 -0.0345553 0.999336 -0.0115265 0.0357418 0.0132577 0.0119907 0.99984 -0.853013
180 188 447 0.999221 0.0336808 -0.0205457 0.558082 -0.0341815 0.999115 -0.0245289 0.236104 0.0197013 0.0252121 0.999488 -0.795487
180 189 405 0.99945 0.0296659 -0.0147912 0.423566 -0.0299866 0.999309 -0.0219538 0.186119 0.0141297 0.0223852 0.99965 -0.886539
180 190 377 0.998476 0.0220359 -0.0505882 0.694218 -0.0235441 0.99929 -0.029413 0.259146 0.0499041 0.0305592 0.998286 -0.671495
180 191 394 0.997718 0.0206913 -0.06427 0.713945 -0.0230649 0.999071 -0.0364114 0.297457 0.0634569 0.0378107 0.997268 -0.633878
180 192 396 0.998178 0.0287781 -0.0530258 0.558777 -0.0300338 0.999283 -0.0230376 0.127402 0.0523249 0.0245882 0.998327 -0.819474
180 193 368 0.997591 0.0271328 -0.0638487 0.610854 -0.0293248 0.999003 -0.0336478 0.228353 0.0628721 0.0354391 0.997392 -0.758098
180 194 331 0.992242 0.0237584 -0.122033 0.821786 -0.030952 0.997872 -0.0573941 0.343346 0.12041 0.0607259 0.990865 -0.454732
195 196 49 0.999924 -0.00877225 -0.00860748 0.375809 0.00880937 0.999952 0.00428364 0.0548945 0.00856949 -0.00435915 0.999954 -0.92507
195 197 271 0.999481 -0.0050349 -0.0318054 0.864191 0.0054963 0.999881 0.0144363 0.087557 0.0317289 -0.0146036 0.99939 -0.495488
195 198 395 0.99784 -0.00578095 -0.0654348 0.946024 0.0078916 0.999455 0.0320433 -0.175439 0.0652139 -0.0324905 0.997342 -0.272505
195 199 365 0.998645 -0.00260101 -0.0519835 0.77274 0.00447409 0.999344 0.0359484 -0.152972 0.0518559 -0.0361323 0.998001 -0.616013
195 200 348 0.997715 -0.000757752 -0.0675659 0.891974 0.00362214 0.999099 0.0422816 -0.0534287 0.067473 -0.0424297 0.996818 -0.448919
195 201 316 0.995911 0.00538191 -0.0901793 0.99373 -0.00199323 0.99929 0.0376251 0.0316942 0.0903178 -0.0372915 0.995215 -0.107216
195 202 198 0.998805 0.0166397 -0.0459623 0.701705 -0.01472 0.999018 0.0417949 -0.0633519 0.0466126 -0.0410684 0.998068 -0.709645
195 203 336 0.993161 0.0199618 -0.115037 0.952566 -0.0137054 0.998397 0.0549226 -0.0869073 0.115949 -0.0529703 0.991842 -0.29166
195 204 237 0.997878 0.0350041 -0.0548933 0.688778 -0.0320499 0.998037 0.0538038 -0.194445 0.0566689 -0.0519303 0.997042 -0.698409
195 205 278 0.99015 0.0280071 -0.13718 0.988035 -0.0225188 0.998889 0.0413982 0.010446 0.138187 -0.0379014 0.989681 -0.153874
195 206 288 0.994318 0.0320912 -0.101494 0.919032 -0.0271837 0.99841 0.049372 -0.100411 0.102917 -0.0463325 0.99361 -0.38118
195 207 269 0.992306 0.0360605 -0.118443 0.93602 -0.030477 0.998352 0.0486196 -0.0762296 0.120001 -0.0446357 0.99177 -0.343592
195 208 270 0.993583 0.0463579 -0.103166 0.915511 -0.0412286 0.997831 0.0513084 -0.132635 0.105321 -0.0467258 0.99334 -0.379799
195 209 248 0.992616 0.0536709 -0.108782 0.896295 -0.0479764 0.997371 0.0543075 -0.170163 0.11141 -0.0486876 0.992581 -0.409512
210 211 28 0.999963 0.00139727 0.00848965 0.0438317 -0.00138072 0.999997 -0.0019553 0.228728 -0.00849236 0.00194351 0.999962 -0.972503
210 212 16 0.9999 0.0111187 0.0087925 0.608224 -0.0111142 0.999938 -0.000560526 -0.222471 -0.00879818 0.000462748 0.999961 -0.761952
210 213 189 0.999706 0.0225836 0.00877844 0.607955 -0.022674 0.999689 0.0103404 -0.423011 -0.00854219 -0.0105365 0.999908 -0.671902
210 214 322 0.999986 -0.00530943 0.000836876 0.90198 0.00531289 0.999977 -0.00418597 0.254878 -0.000814632 0.00419035 0.999991 -0.348526
210 215 452 0.999867 0.00689615 -0.0147494 0.910663 -0.00666128 0.999851 0.0159143 -0.130612 0.0148569 -0.0158139 0.999765 -0.391962
210 216 377 0.999917 0.00331435 -0.0124259 0.914846 -0.00310577 0.999855 0.0167681 -0.0790147 0.0124797 -0.0167281 0.999782 -0.395997
210 217 300 0.999938 -0.0100983 0.00466321 0.850705 0.0100125 0.999786 0.0180796 0.0524165 -0.00484479 -0.0180318 0.999826 -0.523024
210 218 351 0.999352 -0.0174399 -0.0314937 0.972694 0.0180411 0.999658 0.0189067 0.101465 0.0311532 -0.0194626 0.999325 -0.208738
210 219 395 0.996892 -0.017763 -0.0767567 0.983926 0.0199252 0.999423 0.0274968 0.0469269 0.076224 -0.0289407 0.996671 -0.172303
210 220 389 0.99968 -0.0192974 -0.0163344 0.926879 0.0199653 0.998928 0.0417648 -0.0860776 0.015511 -0.0420776 0.998994 -0.365357
210 221 302 0.999845 -0.0157513 -0.00786883 0.961235 0.0160122 0.999284 0.0342695 -0.0274281 0.00732341 -0.0343902 0.999382 -0.274363
210 222 350 0.999812 -0.006961 -0.0181072 0.921002 0.00752894 0.999476 0.0314885 -0.0709263 0.0178785 -0.0316189 0.99934 -0.383047
210 223 349 0.999469 9.08801e-05 -0.03257 0.922786 0.00108975 0.999343 0.0362296 -0.0923693 0.0325519 -0.0362458 0.998813 -0.374077
210 224 356 0.999203 0.000841021 -0.0399191 0.913482 0.00104802 0.998881 0.0472773 -0.204485 0.0399142 -0.0472814 0.998084 -0.351761
225 226 0 1 0 0 0 0 1 0 0 0 0 1 0
225 227 398 0.999788 0.0199211 -0.00514861 0.407278 -0.0198308 0.999658 0.0170307 -0.852049 0.00548612 -0.016925 0.999842 -0.328843
225 228 406 0.999746 0.0176407 -0.0140427 0.877718 -0.0177222 0.999827 -0.00570543 -0.144808 0.0139396 0.00595285 0.999885 -0.456773
225 229 439 0.999306 0.0319534 -0.0191413 0.680755 -0.0315326 0.999263 0.021897 -0.644096 0.0198268 -0.0212783 0.999577 -0.348873
225 230 297 0.999497 0.0307707 -0.00769086 0.580659 -0.0306659 0.99944 0.013398 -0.700387 0.00809882 -0.0131555 0.999881 -0.415082
225 231 409 0.999345 0.0309259 -0.0187791 0.824802 -0.0308832 0.99952 0.00255647 -0.398873 0.0188492 -0.00197483 0.99982 -0.400751
225 232 121 0.9994 0.0332325 0.00972893 0.479725 -0.0331021 0.999364 -0.0132628 -0.351059 -0.0101635 0.0129328 0.999865 -0.804128
225 233 123 0.999225 0.0379313 0.010484 0.611916 -0.0377321 0.999115 -0.0185881 -0.329522 -0.0111798 0.0181781 0.999772 -0.719009
225 234 99 0.998834 0.0423958 0.0230758 -0.675159 -0.04193 0.998914 -0.0203084 0.245341 -0.0239118 0.0193172 0.999527 0.695678
225 235 157 0.999964 0.00767335 -0.003564 0.841658 -0.00777677 0.99952 -0.029973 -0.0880275 0.0033323 0.0299996 0.999544 -0.532787
225 236 361 0.999489 0.0195295 -0.025288 0.975328 -0.0201007 0.999544 -0.0225342 -0.219671 0.0248364 0.023031 0.999426 -0.0218831
225 237 167 0.999438 0.0332544 -0.00411395 0.819425 -0.0333528 0.999086 -0.0267475 -0.315865 0.00322072 0.0268697 0.999634 -0.478301
225 238 330 0.999052 0.0350296 -0.0258522 0.900894 -0.0355942 0.99913 -0.0217129 -0.30106 0.0250691 0.0226125 0.99943 -0.312656
225 239 330 0.99854 0.0454265 -0.0292342 0.876448 -0.045822 0.998865 -0.013005 -0.395893 0.0286102 0.0143256 0.999488 -0.274059
240 241 0 1 0 0 0 0 1 0 0 0 0 1 0
240 242 20 0.999858 0.0153509 -0.0069256 0.765865 -0.0153628 0.999881 -0.00167155 -0.523546 0.00689911 0.00177771 0.999975 0.373296
240 243 201 0.999731 0.0136953 -0.0187325 0.916622 -0.0137932 0.999892 -0.00510757 -0.266089 0.0186605 0.00536457 0.999811 0.29833
240 244 189 0.999686 0.0222099 0.0116372 -0.755572 -0.0220158 0.999621 -0.016549 0.280747 -0.0120003 0.0162876 0.999795 0.591855
240 245 399 0.999444 0.0139797 -0.030259 0.942274 -0.0145159 0.99974 -0.0175728 -0.046565 0.0300055 0.0180023 0.999388 0.33159
240 246 140 0.999816 0.0181732 -0.00616981 0.880273 -0.0182889 0.999648 -0.0192418 -0.176086 0.00581795 0.0193511 0.999796 0.440582
240 247 297 0.999677 0.0081429 -0.0240838 0.905654 -0.00862831 0.99976 -0.0201205 0.0395445 0.0239142 0.0203218 0.999507 0.422169
240 248 168 0.999753 0.0215442 -0.00547239 0.940949 -0.0215893 0.999732 -0.00831878 -0.126307 0.00529171 0.00843487 0.99995 0.314104
240 249 337 0.999414 0.0249136 -0.023454 0.964299 -0.0250428 0.999673 -0.00523278 -0.0407993 0.0233159 0.00581707 0.999711 0.261653
240 250 271 0.999684 0.0189192 -0.0165452 0.909843 -0.0189896 0.999811 -0.00411158 0.00894242 0.0164643 0.00442447 0.999855 0.414856
240 251 274 0.999846 0.0113211 -0.0134091 0.904141 -0.0114119 0.999912 -0.00671615 0.0583362 0.0133319 0.00686814 0.999888 0.423232
240 252 262 0.999721 0.0212683 -0.0102912 0.899138 -0.0212585 0.999773 0.00105606 0.0100107 0.0103113 -0.000836986 0.999946 0.437551
240 253 248 0.999983 0.000106315 -0.00590293 0.889312 -0.000131965 0.999991 -0.00434509 0.0694305 0.00590241 0.00434579 0.999973 0.451999
240 254 297 0.999558 0.000134663 -0.0297135 0.898458 -0.000464442 0.999938 -0.011092 0.104829 0.0297102 0.0111009 0.999497 0.426362
255 256 0 1 0 0 0 0 1 0 0 0 0 1 0
255 257 386 0.999628 -0.0176573 -0.020773 0.87745 0.0174832 0.999811 -0.00853326 0.411522 0.0209198 0.00816691 0.999748 0.246437
255 258 405 0.999757 -0.0205224 -0.00803492 0.837346 0.0205665 0.999774 0.00544568 -0.00891792 0.00792135 -0.0056096 0.999953 0.546601
255 259 431 0.999489 -0.018733 -0.0259008 0.976917 0.0188216 0.999818 0.00318057 -0.020742 0.0258365 -0.00366644 0.999659 0.212611
255 260 379 0.999736 -0.0191734 -0.0126558 0.914392 0.0192211 0.999809 0.00366389 -0.00758655 0.0125831 -0.00390618 0.999913 0.404759
255 261 405 0.999721 -0.0200413 -0.0124872 0.853994 0.0199568 0.999777 -0.00685729 0.175756 0.0126218 0.00660617 0.999899 0.489697
255 262 357 0.999627 -0.0224637 -0.0155216 0.877895 0.0223108 0.999702 -0.00995657 0.25938 0.0157406 0.00960656 0.99983 0.40252
255 263 343 0.999063 -0.028373 -0.0326755 0.902361 0.0281501 0.999577 -0.00726103 0.241125 0.0328677 0.00633441 0.99944 0.357216
255 264 373 0.999472 -0.0253572 -0.0203135 0.815299 0.0255197 0.999644 0.00778321 0.00234395 0.0201089 -0.0082975 0.999763 0.579035
255 265 351 0.999351 -0.026637 -0.0242492 0.803971 0.0266849 0.999643 0.00165407 0.0668285 0.0241964 -0.00230008 0.999705 0.590902
255 266 347 0.998696 -0.0276772 -0.0429043 0.884208 0.0276986 0.999616 -9.58428e-05 0.0856153 0.0428905 -0.00109267 0.999079 0.459179
255 267 343 0.998393 -0.0334196 -0.0457663 0.824416 0.0330844 0.99942 -0.00806225 0.134871 0.0460092 0.00653514 0.99892 0.54968
255 268 308 0.999233 -0.0263888 -0.0289295 0.757357 0.0264779 0.999646 0.00270241 -0.0133161 0.028848 -0.00346633 0.999578 0.652865
255 269 307 0.997613 -0.0257955 -0.0640598 0.861592 0.0251647 0.999627 -0.0106344 0.0821473 0.0643102 0.00899694 0.997889 0.50091
270 271 86 0.999989 0.00203801 0.00412964 -0.0141638 -0.00204393 0.999997 0.00142932 -0.00195273 -0.00412671 -0.00143775 0.99999 0.999898
270 272 244 0.999978 0.00540137 -0.00373074 0.595315 -0.00539072 0.999981 0.00285884 -0.131811 0.00374611 -0.00283867 0.999989 0.792607
270 273 337 0.99991 0.0127789 -0.0040318 0.767256 -0.0127644 0.999912 0.00361841 -0.0921836 0.00407768 -0.00356662 0.999985 0.634681
270 274 338 0.999917 0.0128296 -0.000655389 0.600314 -0.0128244 0.999891 0.00736576 -0.183708 0.000749817 -0.00735674 0.999973 0.778379
270 275 378 0.999891 0.0103627 -0.0105495 0.690141 -0.0102832 0.999919 0.0075596 -0.139278 0.010627 -0.00745029 0.999916 0.710146
270 276 357 0.999833 0.0102757 -0.0151074 0.793927 -0.0101416 0.999909 0.00892386 -0.124485 0.0151978 -0.00876916 0.999846 0.595133
270 277 355 0.999809 0.0108481 -0.016235 0.751966 -0.0107293 0.999915 0.00738732 -0.0818026 0.0163137 -0.00721172 0.999841 0.654107
270 278 296 0.999922 0.00998053 -0.00746433 0.667849 -0.00992003 0.999918 0.00809843 -0.0888684 0.00754454 -0.00802375 0.999939 0.738972
270 279 275 0.99983 0.0126736 -0.0133956 0.730578 -0.0125179 0.999854 0.0116482 -0.0871902 0.0135413 -0.0114785 0.999842 0.677239
270 280 267 0.999689 0.0142769 -0.0204439 0.760561 -0.0141346 0.999875 0.00709062 -0.0169989 0.0205425 -0.00679945 0.999766 0.649044
270 281 308 0.999719 0.0223099 -0.0080043 0.764262 -0.0221975 0.999657 0.0138676 -0.13113 0.00831094 -0.013686 0.999872 0.631434
270 282 249 0.999705 0.0242471 0.00119177 0.762214 -0.0242612 0.999611 0.0137794 -0.113213 -0.000857201 -0.0138042 0.999904 0.637348
270 283 278 0.999719 0.022287 -0.0080404 0.742854 -0.0221815 0.99967 0.012978 -0.0769601 0.00832699 -0.012796 0.999883 0.665015
270 284 286 0.999712 0.0201776 -0.0130008 0.781214 -0.0200181 0.999724 0.012285 -0.105218 0.0132451 -0.0120212 0.99984 0.615332
285 286 266 0.999962 0.00335678 -0.00805839 0.841727 -0.00340531 0.999976 -0.0060161 0.188059 0.008038 0.00604332 0.999949 0.506092
285 287 88 0.999995 0.00142392 0.00284119 0.53765 -0.00141244 0.999991 -0.00403646 -0.383092 -0.00284692 0.00403243 0.999988 0.751114
285 288 421 0.999964 0.00253913 -0.00812636 0.933708 -0.00261847 0.999949 -0.00976779 -0.0339177 0.00810114 0.00978872 0.999919 0.356425
285 289 333 0.999992 0.00171326 0.00373476 0.630941 -0.00168194 0.999964 -0.00837465 -0.164289 -0.00374897 0.0083683 0.999958 0.758236
285 290 379 0.99993 0.00956999 -0.00699158 0.775189 -0.00962402 0.999924 -0.00773621 -0.302256 0.00691701 0.00780295 0.999946 0.554729
285 291 410 0.999452 0.0110106 -0.0312121 0.922505 -0.0118505 0.999569 -0.026852 0.0645182 0.030903 0.0272072 0.999152 0.380554
285 292 302 0.999836 0.0174888 0.0047114 0.688012 -0.0174225 0.999753 -0.0137792 -0.258923 -0.00495122 0.0136948 0.999894 0.677937
285 293 353 0.999804 0.0185397 -0.00691061 0.713911 -0.0186073 0.999778 -0.00984912 -0.338727 0.00672648 0.00997578 0.999928 0.612858
285 294 375 0.999486 0.0172853 -0.0269998 0.83687 -0.0178796 0.9996 -0.0219294 -0.1185 0.0266099 0.0224009 0.999395 0.534422
285 295 269 0.999465 0.0326972 -0.000528525 0.673075 -0.0327014 0.999323 -0.0168855 -0.299532 -2.39413e-05 0.0168938 0.999857 0.676203
285 296 233 0.999112 0.0420132 -0.00311863 0.681563 -0.0420632 0.998949 -0.0182284 -0.325841 0.00234952 0.0183434 0.999829 0.655209
285 297 312 0.998598 0.0439445 -0.0295037 0.864275 -0.0445084 0.998833 -0.018734 -0.258938 0.028646 0.0200209 0.999389 0.431254
285 298 270 0.998827 0.0430411 -0.0221739 0.820772 -0.0435389 0.998799 -0.0224791 -0.190052 0.0211797 0.0234182 0.999501 0.538715
285 299 279 0.998548 0.0422865 -0.0333807 0.809604 -0.0431184 0.998767 -0.0246089 -0.145905 0.0322989 0.0260125 0.99914 0.568553
300 301 14 0.999995 0.00297217 0.000851316 -0.240092 -0.00297155 0.999995 -0.000720766 0.283935 -0.000853454 0.000718233 0.999999 0.928298
300 302 469 0.999689 0.000899543 -0.0249135 0.974197 -0.00100359 0.999991 -0.00416399 0.0706446 0.0249095 0.0041877 0.999681 0.214359
300 303 0 1 0 0 0 0 1 0 0 0 0 1 0
300 304 84 0.999832 0.00256379 -0.0181325 0.956235 -0.00252522 0.999995 0.00214957 -0.162132 0.0181379 -0.00210342 0.999833 0.243572
300 305 153 0.999802 0.00340282 -0.0195937 0.921778 -0.00334249 0.99999 0.0031108 -0.245405 0.0196041 -0.00304469 0.999803 0.300168
300 306 447 0.997946 0.00592501 -0.0637856 0.984649 -0.00651352 0.999938 -0.00902238 0.130967 0.0637282 0.00941931 0.997923 0.115384
300 307 374 0.999429 0.0109212 -0.0319791 0.971566 -0.0108483 0.999938 0.00245007 -0.0145084 0.0320038 -0.00210175 0.999486 0.236325
300 308 420 0.99897 0.0131702 -0.0434266 0.962492 -0.0132072 0.999913 -0.000564026 0.0616304 0.0434154 0.00113699 0.999056 0.264217
300 309 323 0.99926 0.0155601 -0.0351886 0.989517 -0.0153987 0.99987 0.0048515 -0.0345577 0.0352595 -0.00430605 0.999369 0.140221
300 310 334 0.999094 0.0178308 -0.0386371 0.979852 -0.0175324 0.999814 0.00804837 -0.0600341 0.0387734 -0.00736368 0.999221 0.190488
300 311 303 0.999282 0.018052 -0.0333032 0.95495 -0.0176739 0.999776 0.0116147 -0.118413 0.0335054 -0.0110177 0.999378 0.27212
300 312 353 0.997707 0.019395 -0.0648402 0.991989 -0.0187732 0.999772 0.0101856 -0.0351949 0.0650229 -0.00894504 0.997844 0.121326
300 313 312 0.997467 0.0236396 -0.0670874 0.970597 -0.0228103 0.999654 0.0131009 -0.0296541 0.0673739 -0.0115374 0.997661 0.238878
300 314 223 0.998098 0.0352765 -0.0505646 0.945046 -0.0344841 0.99927 0.0164582 -0.0761406 0.0511082 -0.0146832 0.998585 0.317947
315 316 0 1 0 0 0 0 1 0 0 0 0 1 0
315 317 360 0.999569 0.00101262 -0.0293297 0.905768 -0.0016613 0.999754 -0.0221007 0.363404 0.0293001 0.02214 0.999325 -0.217995
315 318 332 0.998735 0.00261137 -0.0502086 0.922477 -0.00434104 0.9994 -0.0343717 0.384355 0.0500887 0.0345462 0.998147 0.0361474
315 319 235 0.999633 0.00448582 -0.0267151 0.982682 -0.00496881 0.999825 -0.0180405 0.131295 0.0266295 0.0181667 0.99948 -0.130761
315 320 323 0.998743 0.0126178 -0.0485123 0.979311 -0.0138617 0.999581 -0.0253911 0.195615 0.0481716 0.0260317 0.9985 -0.0518047
315 321 217 0.999212 0.0273159 -0.0288079 0.966241 -0.0277765 0.999491 -0.0157107 -0.108642 0.028364 0.0164985 0.999461 -0.233614
315 322 36 0.999109 0.0402477 -0.0126823 0.967172 -0.0404724 0.999019 -0.0179878 -0.139227 0.0119459 0.0184851 0.999758 -0.212588
315 323 270 0.997049 0.0460268 -0.0614369 0.998478 -0.0470645 0.998771 -0.0155503 -0.0268789 0.0606456 0.0183959 0.99799 0.0481549
315 324 234 0.99725 0.0504822 -0.0542521 0.996291 -0.0512748 0.998596 -0.0133177 -0.0226324 0.0535036 0.0160628 0.998438 -0.0830227
315 325 257 0.994561 0.0542794 -0.0888983 0.996467 -0.0559408 0.998301 -0.0163043 0.0651791 0.0878623 0.0211887 0.995907 0.0529625
315 326 236 0.995528 0.0587117 -0.074004 0.99207 -0.0599584 0.998092 -0.0147362 0.0771526 0.0729976 0.0191074 0.997149 0.0992149
315 327 203 0.995562 0.0624813 -0.0703689 0.994554 -0.063767 0.997834 -0.0161726 0.103186 0.0692059 0.0205881 0.99739 0.0146576
315 328 228 0.993546 0.0673797 -0.0912455 0.998373 -0.0688955 0.997532 -0.0135621 0.0313284 0.0901065 0.0197609 0.995736 -0.0476339
315 329 199 0.994334 0.0642058 -0.084718 0.998552 -0.0650189 0.99786 -0.0068712 0.040815 0.0840956 0.0123405 0.996381 -0.0350393
330 331 0 1 0 0 0 0 1 0 0 0 0 1 0
330 332 0 1 0 0 0 0 1 0 0 0 0 1 0
330 333 51 0.999989 1.66765e-05 -0.00469513 0.538253 -6.93765e-06 0.999998 0.00207425 0.231182 0.00469516 -0.00207419 0.999987 -0.810456
330 334 398 0.999412 -0.000421624 -0.0342887 0.943516 0.000299045 0.999994 -0.00357996 0.331088 0.03429 0.0035676 0.999406 0.0125671
330 335 44 0.999989 0.00307107 -0.00353787 -0.898742 -0.00304905 0.999976 0.00621171 0.0190697 0.00355686 -0.00620085 0.999974 0.438063
330 336 456 0.998763 -0.00165416 -0.0496973 0.983315 0.00149652 0.999994 -0.00320896 0.181063 0.0497023 0.00313062 0.998759 0.0175497
330 337 445 0.998493 -0.000595734 -0.0548789 0.948726 0.000258109 0.999981 -0.00615906 0.220469 0.0548816 0.00613562 0.998474 0.226524
330 338 254 0.999586 0.00312719 -0.0285928 0.986447 -0.00289262 0.999962 0.00824159 -0.0199974 0.0286175 -0.00815547 0.999557 0.162856
330 339 332 0.998757 0.00169209 -0.0498252 0.962913 -0.0016111 0.999997 0.00166553 0.104649 0.0498279 -0.00158319 0.998757 0.248691
330 340 354 0.998882 0.00454149 -0.0470579 0.990924 -0.00429056 0.999976 0.00543205 0.0356797 0.0470814 -0.00522407 0.998877 0.129599
330 341 226 0.999571 0.00691266 -0.0284541 0.956486 -0.00661051 0.999921 0.0106993 -0.0821948 0.0285258 -0.0105066 0.999538 0.27996
330 342 315 0.997623 0.00532565 -0.0687031 0.97997 -0.00482242 0.99996 0.00748845 0.0281538 0.0687402 -0.00713934 0.997609 0.197147
330 343 291 0.998002 0.00945887 -0.0624658 0.98965 -0.00864634 0.999875 0.013265 -0.0193376 0.0625834 -0.0126984 0.997959 0.142193
330 344 328 0.996596 0.0125316 -0.0814876 0.973575 -0.0117394 0.999879 0.0101926 0.0185867 0.0816055 -0.00920128 0.996622 0.227608
345 346 39 0.999874 0.00854483 -0.0134035 0.876189 -0.00860724 0.999952 -0.00460571 0.365931 0.0133635 0.00472049 0.9999 0.313669
