0 1 22 0.999997 -0.000477726 -0.00247548 -0.624386 0.000480336 0.999999 0.00105366 -0.0275741 0.00247497 -0.00105485 0.999996 -0.780629
0 2 25 0.999994 -0.00330745 -0.00115057 0.468999 0.00331009 0.999992 0.00230189 -0.301334 0.00114295 -0.00230568 0.999997 0.830204
0 3 24 0.999978 -0.00517831 0.00407407 0.860763 0.00514749 0.999958 0.00753783 0.2564 -0.00411293 -0.0075167 0.999963 -0.439711
0 4 50 0.999997 -0.00229571 0.000443041 0.406647 0.00229456 0.999994 0.0025976 -0.225783 -0.000449001 -0.00259658 0.999997 0.885246
0 5 46 0.999971 -0.00709583 -0.00284437 0.262662 0.00709114 0.999973 -0.00165661 0.274038 0.00285605 0.00163639 0.999995 0.925155
0 6 22 0.999974 -0.00712624 -0.000642443 0.0439733 0.00712748 0.999973 0.00194634 0.391843 0.000628555 -0.00195087 0.999998 -0.91898
0 7 39 0.999993 -0.00357687 -0.000678787 -0.289889 0.00357973 0.999984 0.00426467 0.106022 0.000663522 -0.00426707 0.999991 -0.95117
0 8 29 0.999985 -0.00548634 -0.000265485 0.284469 0.00548708 0.999981 0.0028851 -0.274816 0.000249652 -0.00288651 0.999996 0.918452
0 9 29 0.999983 -0.00570254 -0.00156766 0.0781809 0.00570834 0.999977 0.00372105 0.0409483 0.0015464 -0.00372994 0.999992 -0.996098
0 10 22 0.999991 -0.00324325 -0.00267729 -0.251115 0.00325391 0.999987 0.00398718 0.163931 0.00266433 -0.00399585 0.999988 -0.953975
0 11 22 0.999967 0.00158378 -0.00799323 0.831585 -0.00157322 0.999998 0.0013271 0.24193 0.00799532 -0.00131448 0.999967 0.499936
0 12 755 0.999635 0.00276189 -0.0268828 0.993446 -0.00292219 0.999978 -0.00592551 0.114281 0.0268658 0.0060019 0.999621 -0.00221016
0 13 35 0.999904 0.00648243 -0.0122785 0.959727 -0.00640867 0.999961 0.00603648 -0.0926892 0.0123172 -0.00595721 0.999906 0.265205
0 14 59 0.999965 0.00836011 0.00036399 0.393195 -0.00836236 0.999943 0.00669526 -0.215464 -0.000307995 -0.00669807 0.999978 0.893853
15 16 25 0.999998 0.00194146 -4.0302e-05 -0.758642 -0.00194133 0.999993 0.00313495 -0.0178667 4.63881e-05 -0.00313487 0.999995 -0.651262
15 17 43 0.999994 0.00155716 -0.00292981 0.0546431 -0.00154823 0.999994 0.00305032 0.290695 0.00293455 -0.00304577 0.999991 -0.955254
15 18 23 0.999989 0.0047863 -1.32332e-05 -0.280171 -0.0047863 0.999989 8.22468e-05 -0.00436008 1.36267e-05 -8.21825e-05 1 0.95994
15 19 24 0.999974 0.00466385 -0.00541163 0.924559 -0.00466285 0.999989 0.000197611 0.149585 0.00541249 -0.000172372 0.999985 -0.35045
15 20 98 0.99994 0.0107723 0.00179219 0.305659 -0.0107797 0.999933 0.00414434 -0.0913908 -0.00174743 -0.00416341 0.99999 0.947745
15 21 26 0.999932 0.0115913 0.00140278 -0.485096 -0.011597 0.999924 0.00408892 -0.183779 -0.00135528 -0.00410491 0.999991 -0.854931
15 22 91 0.999973 0.00509145 0.00526634 -0.483228 -0.00516214 0.999896 0.0134982 -0.626241 -0.00519707 -0.013525 0.999895 0.611811
15 23 80 0.99991 0.0048678 -0.0125017 0.950617 -0.00482203 0.999982 0.00368877 -0.0430705 0.0125194 -0.00362815 0.999915 0.307362
15 24 94 0.999964 0.00831504 0.00160508 -0.0469092 -0.00832291 0.999953 0.00495614 -0.290877 -0.0015638 -0.00496932 0.999986 0.95561
15 25 95 0.999984 0.00405613 0.00392684 -0.0541709 -0.00407818 0.999976 0.00562221 -0.0417306 -0.00390394 -0.00563813 0.999976 0.997659
15 26 69 0.999995 0.00305387 0.000855364 0.0934683 -0.00305821 0.999982 0.00511578 -0.395325 -0.000839726 -0.00511837 0.999987 0.913773
15 27 441 0.999857 0.0021295 -0.016799 0.961526 -0.00206963 0.999991 0.00358055 -0.086572 0.0168065 -0.00354527 0.999852 0.260717
15 28 682 0.999685 0.00916842 -0.0233611 0.63212 -0.00892989 0.999907 0.0102945 -0.187175 0.0234533 -0.0100827 0.999674 0.751924
15 29 332 0.999941 0.00595021 0.00903951 -0.014829 -0.00591962 0.999977 -0.00340752 -0.00171653 -0.00905957 0.00335381 0.999953 0.999889
30 31 24 0.999998 0.00183028 0.000735239 0.0341433 -0.00182749 0.999991 -0.00377879 0.252995 -0.000742149 0.00377744 0.999993 -0.966865
30 32 22 0.999998 -0.000226826 0.00173476 0.346485 0.000232142 0.999995 -0.00306487 -0.0230137 -0.00173405 0.00306527 0.999994 0.937773
30 33 187 0.999998 0.00175115 0.00110778 0.432875 -0.00175134 0.999998 0.000167832 -0.31014 -0.00110749 -0.000169772 0.999999 0.846423
30 34 65 0.999938 0.00167089 0.0110181 0.0507128 -0.00152794 0.999915 -0.01297 -0.00580368 -0.0110389 0.0129524 0.999855 0.998696
30 35 51 0.999949 0.00376549 0.00932359 0.357462 -0.00366271 0.999933 -0.0110159 -0.0491723 -0.00936445 0.0109812 0.999896 0.932632
30 36 140 0.999955 0.00183545 0.00928355 0.412768 -0.00173725 0.999943 -0.0105745 -0.168952 -0.00930242 0.0105579 0.999901 0.895029
30 37 97 0.999919 -0.00300713 0.0123788 0.0799796 0.00315641 0.999922 -0.0120581 -0.351151 -0.0123415 0.0120962 0.999851 0.932897
30 38 23 0.999809 -0.000949226 0.0194993 -0.366821 0.00108673 0.999975 -0.00704237 0.205191 -0.0194922 0.00706222 0.999785 0.907381
30 39 172 0.999777 -0.00506005 0.0205176 0.190449 0.0051877 0.999967 -0.0061731 -0.0943245 -0.0204857 0.00627816 0.99977 0.977155
30 40 356 0.999952 -0.00482962 0.00857163 0.548477 0.00482799 0.999988 0.000210637 -0.272847 -0.00857255 -0.000169243 0.999963 0.790397
30 41 289 0.999925 -0.00649545 0.01042 0.870877 0.00654582 0.999967 -0.00480687 0.113417 -0.0103884 0.00487471 0.999934 -0.478237
30 42 571 0.999988 -0.00478533 0.000779402 0.990426 0.00478133 0.999976 0.0050452 0.00766843 -0.000803526 -0.00504142 0.999987 0.137833
30 43 69 0.999552 -0.00605037 0.0293109 -0.892494 0.00627422 0.999952 -0.00755093 0.213658 -0.0292638 0.00773145 0.999542 -0.397246
30 44 64 0.999754 -0.0131405 0.0178458 0.334494 0.0131554 0.999913 -0.000719935 -0.326283 -0.0178348 0.000954528 0.99984 0.884112
45 46 24 0.999999 -0.000278981 -0.00162915 -0.175207 0.000281726 0.999999 0.00168509 0.327946 0.00162868 -0.00168555 0.999997 -0.928307
45 47 206 0.999834 0.0139044 -0.011758 0.740051 -0.0138927 0.999903 0.00107086 0.254966 0.0117718 -0.000907333 0.99993 -0.622348
45 48 32 0.999857 0.0157038 0.00620969 0.303843 -0.0157917 0.999772 0.0143764 -0.134524 -0.00598251 -0.0144724 0.999877 0.943177
45 49 27 0.999812 0.0180939 0.00697008 0.0633688 -0.018202 0.99971 0.0157737 0.311307 -0.00668265 -0.0158976 0.999851 -0.948194
45 50 72 0.99979 0.0204599 -0.00121709 0.404712 -0.0204374 0.999658 0.016296 -0.0564452 0.00155009 -0.0162677 0.999866 0.9127
45 51 23 0.99976 0.0215337 -0.00392552 -0.831535 -0.0214508 0.999569 0.0200587 0.189849 0.00435576 -0.0199697 0.999791 -0.522022
45 52 82 0.999656 0.0252753 -0.00693424 0.24921 -0.0251674 0.999567 0.0152235 -0.152514 0.00731602 -0.0150438 0.99986 0.956365
45 53 72 0.999801 0.0190539 -0.00589955 -0.141215 -0.0189837 0.999751 0.0117349 -0.380729 0.00612167 -0.0116205 0.999914 0.91384
45 54 32 0.99961 0.0249276 -0.0126181 0.428816 -0.0248607 0.999676 0.00543206 0.264721 0.0127494 -0.00511625 0.999906 -0.863736
45 55 67 0.999302 0.0359739 -0.010068 -0.15124 -0.0359219 0.999341 0.00529966 0.181569 0.010252 -0.0049343 0.999935 0.971678
45 56 353 0.998887 0.0291899 -0.0370611 0.958992 -0.0293414 0.999563 -0.00355186 0.104902 0.0369413 0.00463534 0.999307 -0.263304
45 57 71 0.999499 0.0204812 -0.0241297 0.326319 -0.020532 0.999787 -0.00185845 0.190002 0.0240865 0.00235294 0.999707 -0.925967
45 58 551 0.998453 0.0289682 -0.0474599 0.653468 -0.0290765 0.999576 -0.00159187 -0.0422538 0.0473937 0.00296938 0.998872 0.755774
45 59 593 0.997999 0.0288088 -0.0562882 0.939195 -0.0287062 0.999584 0.00263009 -0.0603468 0.0563406 -0.001009 0.998411 0.338039
60 61 29 0.999998 0.00176468 -0.00107435 0.316841 -0.00176113 0.999993 0.00329085 -0.109044 0.00108015 -0.00328895 0.999994 0.942189
60 62 101 0.999947 0.0102342 -0.0011068 -0.166314 -0.0102262 0.999923 0.00700804 0.286362 0.00117844 -0.00699635 0.999975 -0.943577
60 63 105 0.999973 0.00736617 -0.000401026 0.575817 -0.00735949 0.999865 0.0146769 -0.235022 0.000509084 -0.0146736 0.999892 0.78307
60 64 160 0.999927 0.0113961 0.00396734 0.683817 -0.0114045 0.999933 0.00208158 0.257148 -0.00394335 -0.00212667 0.99999 -0.682839
60 65 27 0.999736 0.0186726 0.0134075 0.845431 -0.0189345 0.999627 0.0196819 -0.0803934 -0.013035 -0.0199305 0.999716 0.527999
60 66 251 0.999599 0.0136818 0.0248024 -0.00987896 -0.0137618 0.999901 0.00305935 -0.179821 -0.0247581 -0.00339945 0.999688 0.98365
60 67 89 0.99985 0.00455618 0.0167371 -0.570438 -0.00449118 0.999982 -0.00391928 -0.374441 -0.0167547 0.00384352 0.999852 0.731023
60 68 80 0.999863 0.00063968 0.016519 -0.916044 -0.000619136 0.999999 -0.00124874 -0.218941 -0.0165198 0.00123835 0.999863 0.336049
60 69 62 0.999673 0.0187369 0.0173995 -0.880347 -0.0185372 0.999761 -0.011567 0.29893 -0.0176121 0.0112406 0.999782 0.36828
60 70 577 0.999872 0.0153418 -0.0044374 0.955624 -0.0153901 0.99982 -0.0110636 0.0656187 0.00426687 0.0111305 0.999929 -0.287188
60 71 513 0.999833 0.0177297 -0.00432918 0.993224 -0.0177672 0.999804 -0.00877647 0.00327212 0.00417273 0.00885192 0.999952 -0.116166
60 72 567 0.999534 0.0239799 -0.0188899 0.836272 -0.0238722 0.999698 0.00590727 -0.0489305 0.0190258 -0.00545357 0.999804 0.546127
60 73 619 0.99946 0.0293225 -0.0148106 0.901523 -0.029157 0.999511 0.0112707 -0.0597516 0.0151339 -0.0108327 0.999827 0.428587
60 74 520 0.99965 0.0206787 -0.0165224 0.992979 -0.0208846 0.999705 -0.01239 -0.0325301 0.0162614 0.0127307 0.999787 0.113728
75 76 18 0.999989 -0.00367823 -0.00303207 -0.161853 0.0036716 0.999991 -0.00218885 0.175175 0.00304009 0.00217769 0.999993 -0.971142
75 77 43 0.999987 -0.00241165 -0.00453923 0.355759 0.00241098 0.999997 -0.000153634 0.00938032 0.00453958 0.000142688 0.99999 -0.934531
75 78 43 0.999923 0.00658211 -0.0105468 0.762 -0.0065056 0.999952 0.00727223 -0.628117 0.0105942 -0.00720305 0.999918 0.157563
75 79 109 0.999886 0.0118616 0.00939058 -0.0480131 -0.0118339 0.999925 -0.00299663 -0.0663954 -0.00942542 0.00288515 0.999951 0.996638
75 80 48 0.999915 0.00668574 0.0112343 0.00490074 -0.00665249 0.999973 -0.00299457 -0.0835077 -0.011254 0.00291958 0.999932 0.996495
75 81 55 0.999913 0.00443216 0.0124607 -0.540995 -0.00441427 0.999989 -0.0014634 0.0898016 -0.012467 0.00140827 0.999921 0.836218
75 82 223 0.999984 -0.00381261 0.00417373 0.0579396 0.00380193 0.999989 0.00256355 -0.128725 -0.00418346 -0.00254764 0.999988 0.989986
75 83 286 0.999903 0.0060224 -0.0125228 0.685919 -0.00595224 0.999966 0.00563265 -0.26388 0.0125563 -0.00555757 0.999906 -0.678146
75 84 89 0.999972 -0.00735957 0.00109542 0.687237 0.00736391 0.999965 -0.00401575 0.266584 -0.00106583 0.00402371 0.999991 -0.67575
75 85 430 0.999866 -0.000838821 -0.0163407 0.966 0.000777151 0.999993 -0.00378 0.0418668 0.0163437 0.0037668 0.999859 -0.25513
75 86 551 0.999231 0.00240882 -0.039133 0.993511 -0.00203425 0.999952 0.00960876 -0.0985133 0.0391543 -0.00952176 0.999188 -0.0568454
75 87 566 0.997981 0.00552032 -0.0632689 0.883345 -0.00417345 0.999762 0.0214005 -0.0860384 0.063372 -0.0210932 0.997767 0.460759
75 88 309 0.999972 0.00621598 -0.00423248 0.910112 -0.00619395 0.999967 0.00519822 0.0804505 0.00426465 -0.00517185 0.999978 -0.406477
75 89 564 0.999717 0.0121645 -0.0204659 0.694084 -0.0116516 0.99962 0.0249985 -0.0456489 0.0207622 -0.0247529 0.999478 0.718445
90 91 39 0.99999 0.00371078 0.00262258 0.354992 -0.00373629 0.999945 0.00979266 -0.095916 -0.0025861 -0.00980236 0.999949 0.929936
90 92 107 0.999884 0.0134625 0.00710788 0.408327 -0.0135437 0.999842 0.0115121 -0.111653 -0.00695178 -0.011607 0.999908 0.905982
90 93 307 0.999851 0.0138423 0.0103431 0.532311 -0.0140166 0.999758 0.0169752 -0.283408 -0.0101056 -0.0171177 0.999802 0.7977
90 94 546 0.999929 0.0119266 -0.000323555 0.845071 -0.0119247 0.999914 0.00545852 0.327345 0.000388629 -0.00545427 0.999985 -0.422729
90 95 560 0.999828 0.0129757 -0.0132328 0.978007 -0.0130947 0.999874 -0.00894442 0.191657 0.0131151 0.00911617 0.999872 0.0822737
90 96 343 0.999422 0.0106775 0.0322742 -0.00997563 -0.0107567 0.99994 0.00228045 -0.105495 -0.0322479 -0.00262629 0.999476 0.99437
90 97 524 0.9999 0.0108649 -0.00901426 0.823845 -0.0107938 0.999911 0.0078926 -0.190086 0.00909921 -0.00779452 0.999928 0.533991
90 98 452 0.99999 0.00318825 0.00297765 0.556549 -0.00317402 0.999984 -0.00477399 -0.142902 -0.00299282 0.0047645 0.999984 0.818433
90 99 410 0.999866 0.0073593 0.014643 0.377743 -0.00718964 0.999907 -0.0116059 -0.110328 -0.0147271 0.0114991 0.999825 0.919314
90 100 455 0.999604 -0.0133993 -0.0247257 0.856307 0.0133101 0.999904 -0.00377005 0.00379866 0.0247738 0.00343946 0.999687 -0.516453
90 101 182 0.99986 -0.013384 0.0100387 0.814537 0.0136912 0.99942 -0.0311848 -0.204734 -0.00961545 0.0313179 0.999463 0.542783
90 102 421 0.999905 -0.00962027 -0.00982063 0.922793 0.00935387 0.999596 -0.026822 -0.210934 0.0100747 0.0267276 0.999592 -0.322429
90 103 342 0.998972 -0.00395528 -0.0451574 0.937842 0.0038586 0.99999 -0.00222801 -0.274934 0.0451657 0.00205147 0.998977 -0.211809
90 104 382 0.999838 -0.00598751 -0.0169934 0.947873 0.00552522 0.999617 -0.0271218 -0.242857 0.0171492 0.0270235 0.999488 0.206292
105 106 25 0.99999 0.0012365 0.00429418 0.446122 -0.00122219 0.999994 -0.00333288 -0.0733703 -0.00429827 0.00332759 0.999985 0.891959
105 107 255 0.999998 0.000916581 0.0018446 0.559102 -0.000914528 0.999999 -0.00111334 -0.440626 -0.00184562 0.00111165 0.999998 0.70232
105 108 39 0.999724 0.00944689 0.0215011 0.112175 -0.00914616 0.99986 -0.0140424 0.0446205 -0.0216308 0.0138418 0.99967 -0.992686
105 109 44 0.99968 -0.000457524 0.0252855 0.0698629 0.000948915 0.999811 -0.0194251 -0.391431 -0.0252719 0.0194429 0.999492 0.917552
105 110 129 0.999523 0.00941747 0.0294217 -0.180273 -0.00907163 0.999888 -0.0118657 0.00717896 -0.0295302 0.0115932 0.999497 -0.98359
105 111 36 0.999494 0.00438424 0.0315139 0.297973 -0.00386093 0.999854 -0.0166475 -0.0414695 -0.0315822 0.0165174 0.999365 0.953673
105 112 136 0.999519 0.00417554 0.0307169 0.202669 -0.00358051 0.999805 -0.0194009 0.136955 -0.0307919 0.0192816 0.99934 -0.969623
105 113 517 0.999839 0.0107799 -0.0143287 0.985049 -0.0110523 0.999757 -0.0190688 -0.0866128 0.0141197 0.0192241 0.999715 0.148919
105 114 371 0.999814 0.00350693 -0.018944 0.972165 -0.00390164 0.999775 -0.0208388 0.106287 0.0188667 0.0209089 0.999603 0.2088
105 115 462 0.999814 0.0111288 -0.0157692 0.979723 -0.0109089 0.999843 0.013962 -0.10529 0.0159221 -0.0137874 0.999778 0.170458
105 116 117 0.99926 0.00730503 0.0377589 0.591223 -0.00688066 0.999912 -0.0113566 -0.145666 -0.0378385 0.0110884 0.999222 0.793244
105 117 100 0.998652 0.0136765 0.0500789 -0.394354 -0.0133569 0.999888 -0.0067104 0.170926 -0.0501651 0.00603245 0.998723 -0.902923
105 118 436 0.999724 0.0231947 -0.00361556 0.868781 -0.0232438 0.999629 -0.0141874 0.0251853 0.00328515 0.0142675 0.999893 -0.494556
105 119 435 0.999552 0.0219996 0.0203123 0.538845 -0.0219929 0.999758 -0.000554298 0.0543318 -0.0203196 0.000107323 0.999794 -0.840651
120 121 12 1 -0.0006897 -0.000394214 0.0313956 0.000694684 0.999918 0.0127881 0.99496 0.000385362 -0.0127884 0.999918 0.0952314
120 122 57 0.999953 0.00493662 0.00832468 0.0235731 -0.00502647 0.999929 0.0108068 0.172202 -0.00827074 -0.0108481 0.999907 -0.98478
120 123 497 0.999809 0.0159992 -0.0112598 0.912399 -0.0159991 0.999872 9.50252e-05 0.405246 0.0112598 8.51394e-05 0.999937 0.0574821
120 124 266 0.999714 0.0213208 0.0108063 0.285406 -0.0213989 0.999745 0.0071667 0.226615 -0.0106508 -0.0073959 0.999916 -0.93123
120 125 493 0.999811 0.0194198 -0.000736811 0.42752 -0.0194251 0.999778 -0.00811326 0.587503 0.00057909 0.00812604 0.999967 -0.687071
120 126 96 0.999267 0.0239983 0.0298111 -0.367891 -0.0241506 0.999697 0.00475966 0.111279 -0.0296878 -0.00547613 0.999544 -0.923187
120 127 86 0.999625 0.0219417 0.0163951 0.920744 -0.0217785 0.999712 -0.0100641 0.130761 -0.0166112 0.00970329 0.999815 0.367603
120 128 496 0.999639 0.0244393 -0.0111222 0.880307 -0.0244503 0.999701 -0.000850849 0.294341 0.011098 0.00112248 0.999938 -0.372054
120 129 500 0.999128 0.0414689 -0.004894 0.550702 -0.041478 0.999138 -0.0017686 0.143057 0.00481643 0.00197005 0.999986 -0.822351
120 130 501 0.999709 0.0240494 0.00212165 0.20817 -0.0240275 0.999663 -0.00979359 0.351076 -0.00235647 0.00973976 0.99995 -0.912913
120 131 501 0.999325 0.0363801 0.0050954 0.118874 -0.0363527 0.999325 -0.00537077 0.292992 -0.00528735 0.00518191 0.999973 -0.948696
120 132 504 0.998452 0.0354367 -0.0428584 0.676691 -0.0364702 0.999057 -0.0235786 0.476999 0.0419825 0.0251051 0.998803 -0.560857
120 133 504 0.998484 0.0328021 -0.0441956 0.655362 -0.0329894 0.99945 -0.00351527 0.393763 0.044056 0.00496793 0.999017 -0.644555
120 134 480 0.998232 0.0514649 -0.0297328 0.462694 -0.051034 0.998583 0.0150756 0.106505 0.0304666 -0.0135315 0.999444 -0.880097
135 136 33 1 -0.000164981 0.000770369 0.293415 0.000161569 0.99999 0.00442725 -0.214795 -0.000771092 -0.00442712 0.99999 0.931542
135 137 46 0.999985 -0.00299128 -0.00458014 0.237854 0.00300966 0.999987 0.0040105 -0.0543527 0.00456808 -0.00402422 0.999981 -0.969779
135 138 45 0.999984 0.00557409 -0.00115132 -0.120143 -0.00556327 0.999942 0.00919032 -0.268715 0.00120248 -0.00918376 0.999957 -0.955698
135 139 408 0.999854 0.00830749 -0.0149153 0.414649 -0.00827252 0.999963 0.00240477 0.281518 0.0149347 -0.00228104 0.999886 -0.86534
135 140 105 0.999978 0.00591527 -0.0029043 -0.137374 -0.00588372 0.999925 0.0107529 -0.0138204 0.00296769 -0.0107356 0.999938 -0.990423
135 141 412 0.99985 0.00162037 -0.0172347 0.34234 -0.00154757 0.99999 0.00423601 0.40584 0.0172414 -0.0042087 0.999842 -0.847406
135 142 491 0.999616 0.0016439 -0.0276556 0.538175 -0.00141085 0.999963 0.00844442 0.277387 0.0276684 -0.00840216 0.999582 -0.795879
135 143 65 0.999828 0.015411 -0.0102907 0.611018 -0.0152058 0.99969 0.01973 0.0510219 0.0105915 -0.0195701 0.999752 0.789971
135 144 499 0.999619 0.00866913 -0.0261952 0.253281 -0.00871933 0.99996 -0.00180283 0.423181 0.0261785 0.00203054 0.999655 -0.869923
135 145 550 0.998792 0.0139003 -0.04714 0.561962 -0.0136474 0.999891 0.00568201 0.355059 0.0472138 -0.00503181 0.998872 -0.747082
135 146 478 0.999348 0.017814 -0.0314113 0.291122 -0.0174041 0.99976 0.0132767 0.346205 0.0316402 -0.0127213 0.999418 -0.891846
135 147 445 0.996989 0.0242173 -0.0736665 0.857821 -0.0230772 0.999601 0.0162879 0.506301 0.0740316 -0.0145388 0.99715 -0.0883382
135 148 488 0.997265 0.0406675 -0.061718 0.92134 -0.0385005 0.998613 0.0359033 0.318912 0.0630925 -0.0334289 0.997448 0.222324
135 149 118 0.999117 0.0408398 -0.00987887 0.558634 -0.0402531 0.997747 0.0536773 -0.05729 0.0120488 -0.0532323 0.998509 0.827434
150 151 13 0.99991 0.0123976 0.00508187 0.113592 -0.0124505 0.999867 0.0105155 -0.28675 -0.00495083 -0.0105778 0.999932 -0.951247
150 152 10 0.999994 0.00357721 0.000351986 0.173368 -0.00358216 0.999877 0.0152539 -0.56195 -0.000297376 -0.0152551 0.999884 0.808799
150 153 13 0.999881 0.0153933 -0.000666523 0.315712 -0.0153887 0.999861 0.00646114 0.397688 0.000765888 -0.00645011 0.999979 0.861493
150 154 26 0.999749 0.0224098 -0.000690414 0.0245463 -0.0223972 0.99964 0.0147464 0.102437 0.00102063 -0.0147273 0.999891 -0.994437
150 155 0 1 0 0 0 0 1 0 0 0 0 1 0
150 156 41 0.999685 0.0224465 -0.0112111 0.0829228 -0.0222312 0.999573 0.0189741 -0.0174822 0.0116322 -0.0187189 0.999757 -0.996403
150 157 49 0.999625 0.0265877 -0.00653701 0.0181666 -0.0264968 0.999556 0.0136168 0.202067 0.00689615 -0.0134384 0.999886 -0.979203
150 158 50 0.999333 0.0361767 -0.00500124 -0.00480682 -0.036045 0.999055 0.0243062 -0.0493306 0.00587583 -0.0241097 0.999692 -0.998771
150 159 137 0.998887 0.0321536 -0.0345119 0.472267 -0.0316032 0.999366 0.016377 0.208229 0.0350166 -0.0152681 0.99927 -0.856507
150 160 96 0.999167 0.0263381 -0.0311592 0.421116 -0.0259557 0.999584 0.0126141 0.3245 0.0314784 -0.0117948 0.999435 -0.846972
150 161 150 0.998533 0.033598 -0.0424561 0.524758 -0.0332299 0.999404 0.00934579 0.39364 0.0427448 -0.00792127 0.999055 -0.754769
150 162 151 0.997384 0.0333424 -0.0641288 0.50143 -0.0333657 0.999443 0.000706701 0.353252 0.0641166 0.00143485 0.997941 -0.789798
150 163 135 0.997933 0.0318483 -0.0558199 0.425404 -0.0313679 0.999463 0.00946231 0.372801 0.0560913 -0.0076918 0.998396 -0.824652
150 164 150 0.997817 0.037772 -0.0541706 0.357389 -0.0373167 0.999259 0.00939135 0.394641 0.0544852 -0.00734938 0.998488 -0.846482
165 166 15 0.999992 0.00269404 -0.00308256 0.035965 -0.00267866 0.999984 0.00498308 0.142144 0.00309593 -0.00497478 0.999983 -0.989192
165 167 81 0.999901 0.011792 -0.00766464 -0.0652679 -0.01173 0.999898 0.00809334 -0.0342776 0.0077593 -0.00800263 0.999938 -0.997279
165 168 517 0.999535 0.0155188 -0.0262426 0.794206 -0.0156455 0.999867 -0.00463133 0.569323 0.0261672 0.00503976 0.999645 -0.212389
165 169 126 0.999774 0.0189943 -0.00959686 -0.0849937 -0.0188991 0.999772 0.00992059 0.0630421 0.00978311 -0.00973697 0.999905 -0.994385
165 170 327 0.999672 0.0182591 -0.0179315 0.0874013 -0.0182098 0.99983 0.00290829 0.394156 0.0179815 -0.00258081 0.999835 -0.914878
165 171 467 0.99926 0.0157706 -0.0350878 0.546269 -0.0155285 0.999854 0.00716086 0.214685 0.0351956 -0.0066107 0.999359 -0.80963
165 172 260 0.998711 0.0328779 -0.0386692 0.891638 -0.0315679 0.998923 0.0340143 0.349284 0.0397458 -0.0327498 0.998673 0.288066
165 173 461 0.998857 0.0132245 -0.0459302 0.557634 -0.0131532 0.999912 0.00185576 0.41466 0.0459507 -0.00124951 0.998943 -0.719098
165 174 546 0.997377 0.0185776 -0.0699547 0.792113 -0.0183449 0.999824 0.00396662 0.312423 0.0700161 -0.0026729 0.997542 -0.524356
165 175 448 0.998331 0.0284109 -0.0502721 0.458735 -0.0285401 0.999591 -0.00185508 0.385897 0.0501988 0.00328675 0.998734 -0.800403
165 176 433 0.991748 0.0465703 -0.119441 0.914324 -0.048367 0.998755 -0.012186 0.287203 0.118725 0.0178624 0.992767 -0.285526
165 177 421 0.997737 0.0396487 -0.054304 0.500382 -0.0395346 0.999213 0.00317534 0.323669 0.0543872 -0.00102127 0.998519 -0.803029
165 178 447 0.998128 0.0385359 -0.0474991 0.409812 -0.0385268 0.999257 0.00110774 0.353731 0.0475065 0.000724325 0.998871 -0.84079
165 179 407 0.988055 0.0553176 -0.14383 0.925546 -0.0527071 0.99837 0.0218998 0.282618 0.144807 -0.0140573 0.98936 -0.251977
180 181 276 0.999917 0.00684173 -0.0109307 0.618229 -0.00673736 0.999932 0.00955722 -0.413273 0.0109954 -0.00948278 0.999895 -0.668579
180 182 18 0.999946 0.0103619 -0.000648101 -0.178231 -0.0103624 0.999946 -0.000903944 -0.664866 0.000638699 0.000910612 0.999999 0.725388
180 183 67 0.999844 0.0156471 -0.00817844 0.978545 -0.0157254 0.99983 -0.00959313 -0.142735 0.00802695 0.00972025 0.999921 0.14858
180 184 75 0.999906 0.0124367 0.00575537 -0.408492 -0.0123762 0.999869 -0.0104358 -0.009384 -0.0058844 0.0103636 0.999929 -0.912714
180 185 56 0.999915 0.0101011 -0.00823388 0.291504 -0.0101965 0.99988 -0.0116364 0.701094 0.00811536 0.0117194 0.999898 -0.650763
180 186 685 0.999444 0.0200436 -0.0266553 0.599789 -0.020824 0.999353 -0.0293312 0.420441 0.0260501 0.0298699 0.999214 -0.680796
180 187 609 0.998964 0.0332286 -0.0310963 0.983568 -0.0342245 0.9989 -0.0320592 0.153379 0.0299968 0.0330903 0.999002 -0.0952264
180 188 647 0.999231 0.0287279 -0.0266744 0.666501 -0.0294676 0.99918 -0.0277639 0.299695 0.0258549 0.0285286 0.999259 -0.682612
180 189 399 0.999481 0.0320599 -0.00326587 0.214875 -0.0321236 0.999246 -0.021804 0.15421 0.00256437 0.0218976 0.999757 -0.96439
180 190 487 0.999175 0.031598 -0.0255307 0.46066 -0.0322258 0.999179 -0.024564 0.218574 0.0247336 0.0253664 0.999372 -0.860243
180 191 566 0.997332 0.0137412 -0.0716883 0.62289 -0.015699 0.999517 -0.0268171 0.237131 0.0712852 0.027871 0.997067 -0.745505
180 192 603 0.997295 0.026736 -0.0684615 0.649814 -0.0294099 0.998831 -0.0383513 0.259385 0.0673562 0.040261 0.996916 -0.714465
180 193 572 0.998848 0.0285116 -0.0386012 0.432034 -0.0296112 0.999163 -0.0282209 0.187691 0.0377642 0.0293314 0.998856 -0.88211
180 194 239 0.999188 0.0371574 -0.0155638 0.0924196 -0.0375183 0.999018 -0.023577 0.164578 0.0146724 0.0241418 0.999601 -0.982025
195 196 75 0.999945 -0.0023243 -0.0102152 0.462334 0.00241118 0.999961 0.00850157 -0.033024 0.0101951 -0.00852573 0.999912 0.886091
195 197 64 0.999763 -0.00353227 -0.0214692 0.727506 0.00377979 0.999927 0.0114993 0.141154 0.021427 -0.0115778 0.999703 -0.671424
195 198 247 0.999687 0.00168235 -0.0249797 0.2827 -0.00079533 0.99937 0.035477 -0.367125 0.0250236 -0.035446 0.999058 -0.886171
195 199 405 0.998557 -0.00640559 -0.0533154 0.914471 0.00808077 0.999478 0.0312642 -0.0282363 0.0530874 -0.0316499 0.998088 0.403664
195 200 152 0.999008 0.0216175 -0.0389413 0.645444 -0.0195325 0.998395 0.0531515 0.178146 0.0400279 -0.0523381 0.997827 0.742742
195 201 334 0.998604 0.00379053 -0.0526816 0.792103 -0.0014743 0.999033 0.043936 -0.0224605 0.0527972 -0.043797 0.997644 -0.609974
195 202 426 0.994852 0.0281142 -0.0973556 0.90582 -0.0239151 0.998744 0.0440328 -0.178322 0.0984712 -0.0414779 0.994275 -0.384307
195 203 392 0.993501 0.0527632 -0.100854 0.751517 -0.0416451 0.993133 0.10933 -0.306751 0.10593 -0.10442 0.988876 0.58406
195 204 206 0.997592 0.052252 -0.045606 0.427725 -0.0493195 0.99678 0.0632173 -0.0176366 0.0487624 -0.0608158 0.996957 0.903737
195 205 360 0.992748 0.0464193 -0.110892 0.829356 -0.0378907 0.996247 0.0778166 -0.154137 0.114088 -0.0730505 0.990781 0.537038
195 206 391 0.994526 0.0415832 -0.0958585 0.878018 -0.0374217 0.998294 0.0448105 -0.143748 0.0975583 -0.040978 0.994386 -0.456532
195 207 371 0.993112 0.0323441 -0.112615 0.959222 -0.0261186 0.998071 0.0563244 -0.108334 0.11422 -0.0529951 0.992041 -0.261068
195 208 379 0.996209 0.0454149 -0.0741937 0.758033 -0.0422265 0.998139 0.0439925 -0.121817 0.0760536 -0.0406928 0.996273 -0.640739
195 209 404 0.992443 0.0499262 -0.112087 0.916894 -0.0418762 0.996448 0.0730599 -0.214201 0.115336 -0.067814 0.991009 -0.336783
210 211 20 0.999981 0.00597403 -0.00124434 0.934703 -0.00596693 0.999966 0.00564049 -0.348023 0.00127799 -0.00563296 0.999983 -0.0721865
210 212 43 0.999897 0.00976756 0.0105483 0.246853 -0.0097003 0.999932 -0.00640864 0.354251 -0.0106102 0.00630565 0.999924 -0.901981
210 213 67 0.99959 0.0199783 0.0204916 0.537271 -0.019979 0.9998 -0.000168789 -0.172183 -0.0204909 -0.000240683 0.99979 -0.825647
210 214 500 0.999587 0.0269903 -0.00982081 0.885534 -0.026666 0.999139 0.0317761 -0.454543 0.01067 -0.0315011 0.999447 0.0960194
210 215 587 0.999748 0.0209491 0.0080963 0.635294 -0.0211563 0.999427 0.0264081 -0.205487 -0.00753844 -0.0265728 0.999618 0.74443
210 216 123 0.999675 -0.00201015 0.0253968 0.834582 0.00168214 0.999915 0.0129303 -0.0619145 -0.0254206 -0.0128834 0.999594 -0.547394
210 217 92 0.999332 -0.0163293 0.0326961 0.765578 0.0159846 0.999814 0.0107771 0.206994 -0.032866 -0.0102473 0.999407 -0.609133
210 218 423 0.99995 -0.00531822 -0.00852639 0.723153 0.00566563 0.999133 0.0412535 -0.0971378 0.00829959 -0.0412997 0.999112 0.683823
210 219 466 0.998631 -0.0229051 -0.0470167 0.968397 0.0244635 0.999161 0.0328431 0.0455743 0.0462249 -0.0339483 0.998354 -0.245214
210 220 598 0.999404 -0.0175866 -0.0297192 0.975975 0.0188394 0.998922 0.0424154 -0.070086 0.0289412 -0.04295 0.998658 -0.206301
210 221 332 0.999996 -0.00280484 -0.00100734 0.822792 0.00285312 0.998661 0.0516444 -0.195591 0.000861137 -0.051647 0.998665 -0.533627
210 222 466 0.997835 0.00656836 -0.0654339 0.95725 -0.00179228 0.997346 0.0727838 -0.0766271 0.0657383 -0.072509 0.995199 0.278929
210 223 511 0.99958 0.0239719 -0.0162669 0.808078 -0.022567 0.996406 0.0816477 -0.209226 0.0181657 -0.0812463 0.996528 0.550668
210 224 453 0.999832 -0.0152259 -0.0102244 0.827422 0.0153432 0.999816 0.0114897 0.127962 0.0100475 -0.0116447 0.999882 -0.546808
225 226 18 0.999957 0.00855651 -0.00354183 0.609571 -0.00857105 0.999955 -0.00411076 -0.54482 0.0035065 0.00414094 0.999985 0.575843
225 227 95 0.999943 0.00935233 0.00523239 0.186184 -0.00931644 0.999933 -0.00684136 -0.173097 -0.00529602 0.00679222 0.999963 0.967147
225 228 105 0.999716 0.0238238 0.000780015 0.676506 -0.023813 0.999647 -0.0117554 -0.0267778 -0.0010598 0.0117335 0.999931 -0.73595
225 229 156 0.999824 0.0187263 -0.00112908 0.726124 -0.0187299 0.999819 -0.00330339 -0.172379 0.00106702 0.00332396 0.999994 -0.665605
225 230 297 0.99987 0.00676302 -0.0146648 0.957856 -0.00668029 0.999962 0.00568248 0.0381187 0.0147026 -0.00558378 0.999876 -0.284709
225 231 529 0.998948 0.01001 -0.044742 0.937493 -0.0108759 0.999757 -0.0191521 0.213998 0.0445395 0.0196186 0.998815 0.274429
225 232 158 0.999604 0.028139 0.000912719 0.785294 -0.0281202 0.99947 -0.016398 -0.202955 -0.00137366 0.0163659 0.999865 -0.584913
225 233 179 0.999368 0.0355237 -0.00104398 0.82333 -0.035537 0.999193 -0.0187261 -0.47406 0.000377915 0.0187514 0.999824 -0.312083
225 234 152 0.99953 0.0277941 0.0128996 0.468086 -0.0275494 0.999444 -0.0187754 -0.370298 -0.0134142 0.0184113 0.999741 -0.802356
225 235 420 0.998823 0.0175588 -0.0452246 0.957759 -0.0183588 0.999681 -0.0173366 -0.281833 0.0449058 0.0181465 0.998826 0.0571589
225 236 169 0.99962 0.0275416 0.000609244 0.833321 -0.0275081 0.99911 -0.0319638 -0.380953 -0.00148904 0.031935 0.999489 -0.400564
225 237 117 0.999494 0.0309764 0.00727642 0.730422 -0.0306705 0.998771 -0.0389392 -0.266919 -0.00847367 0.0386963 0.999215 -0.62868
225 238 431 0.997042 0.0328484 -0.0694911 0.911424 -0.0328907 0.999459 0.000535426 -0.2486 0.0694711 0.00175177 0.997582 0.327879
225 239 142 0.998662 0.0466512 0.0222929 -0.753209 -0.0457795 0.998223 -0.0381331 0.328727 -0.0240322 0.0370615 0.999024 0.56975
240 241 49 0.999994 -0.00343993 0.00029868 -0.0590522 0.00344087 0.999989 -0.00320527 -0.254395 -0.000287651 0.00320628 0.999995 0.965296
240 242 740 0.999742 0.00452679 -0.0222398 0.772887 -0.00463367 0.999978 -0.00475649 -0.00637722 0.0222178 0.00485831 0.999741 0.634512
240 243 622 0.999808 0.0111709 -0.0160937 0.509428 -0.0112648 0.99992 -0.00575489 -0.169408 0.0160282 0.00593508 0.999854 0.843673
240 244 395 0.999811 0.0182399 -0.00676165 0.261932 -0.0183213 0.999758 -0.012168 0.0144998 0.00653807 0.0122896 0.999903 0.964977
240 245 464 0.999552 0.0120573 -0.0273897 0.860741 -0.0124829 0.999803 -0.0154232 0.0316192 0.0271984 0.0157582 0.999506 0.50806
240 246 572 0.999533 0.0235073 -0.0195453 0.462324 -0.0237682 0.99963 -0.013223 -0.117656 0.0192272 0.0136813 0.999722 0.878871
240 247 451 0.999301 0.016909 -0.033344 0.850533 -0.0173665 0.999758 -0.0134814 -0.123847 0.033108 0.0140511 0.999353 0.511132
240 248 417 0.999541 0.0203687 -0.0224188 0.593723 -0.0204116 0.99979 -0.00168715 -0.0940734 0.0223797 0.00214398 0.999747 0.799152
240 249 478 0.999261 0.0198483 -0.0329117 0.821668 -0.0200822 0.999775 -0.00678995 -0.0489695 0.0327695 0.00744587 0.999435 0.567859
240 250 170 0.999956 0.00934151 0.000672554 0.953751 -0.0093272 0.999779 -0.0188177 0.0342664 -0.000848191 0.0188106 0.999823 0.298639
240 251 378 0.999297 0.0117713 -0.0356042 0.85207 -0.0122281 0.999845 -0.0126403 0.0697023 0.0354499 0.0130668 0.999286 0.518765
240 252 399 0.999732 0.0158211 -0.0169209 0.943395 -0.0160418 0.999787 -0.0129866 0.148572 0.0167119 0.0132545 0.999772 0.296533
240 253 383 0.999697 0.0113846 -0.0218223 0.834204 -0.0113625 0.999935 0.00113721 0.0224169 0.0218338 -0.000888908 0.999761 0.551001
240 254 226 0.999646 -0.000412688 0.0265941 0.961428 0.000341966 0.999996 0.0026638 0.0488744 -0.0265951 -0.00265377 0.999643 0.270681
255 256 20 0.999924 -0.012346 0.000299811 -0.316318 0.0123459 0.999924 0.000180913 -0.316639 -0.000302021 -0.000177198 1 -0.89425
255 257 101 0.999919 -0.0126609 0.00117692 0.472171 0.0126521 0.999894 0.00722211 0.00535203 -0.00126824 -0.00720664 0.999973 0.881491
255 258 299 0.999732 -0.022351 -0.00598051 0.861341 0.0223415 0.999749 -0.00166525 0.275556 0.00601623 0.00153119 0.999981 0.426803
255 259 257 0.999849 -0.0170766 0.00317133 0.506045 0.0170576 0.999837 0.00592108 -0.190594 -0.00327193 -0.00586609 0.999977 0.841185
255 260 541 0.999707 -0.0216579 -0.0108379 0.795196 0.0216142 0.999758 -0.00413424 0.100517 0.0109249 0.00389877 0.999933 0.597963
255 261 421 0.999763 -0.0214672 -0.00365912 0.865581 0.0214612 0.999768 -0.0016749 0.169239 0.00369423 0.00159597 0.999992 0.471305
255 262 353 0.998646 -0.0162265 0.0494327 -0.846872 0.0155315 0.999776 0.0144125 0.322852 -0.0496554 -0.0136253 0.998673 0.422581
255 263 387 0.999299 -0.0341657 -0.0153343 0.588836 0.03417 0.999416 2.0058e-05 0.122663 0.0153247 -0.000544017 0.999882 0.798891
255 264 190 0.999683 -0.0220752 0.0121474 -0.936064 0.0219751 0.999724 0.0083176 0.056658 -0.0123277 -0.00804802 0.999892 -0.347238
255 265 493 0.999345 -0.0280643 -0.0228397 0.816852 0.0280737 0.999606 8.84703e-05 0.0926088 0.0228282 -0.000729608 0.999739 0.569366
255 266 524 0.998588 -0.03565 -0.0393749 0.763596 0.0355758 0.999364 -0.00258392 0.113965 0.039442 0.00117948 0.999221 0.635557
255 267 506 0.999255 -0.023698 -0.030476 0.551154 0.0239675 0.999677 0.00850874 -0.00435007 0.0302645 -0.00923283 0.999499 0.834392
255 268 520 0.998741 -0.0282565 -0.0414567 0.766448 0.0282011 0.9996 -0.00191999 0.0219161 0.0414944 0.000748444 0.999138 0.641932
255 269 496 0.998588 -0.0275878 -0.0453942 0.839383 0.0273182 0.999605 -0.00654941 0.012827 0.045557 0.00530008 0.998948 0.543388
270 271 26 0.999971 0.00731801 0.00189161 0.513441 -0.00732195 0.999971 0.00208308 0.262033 -0.00187631 -0.00209687 0.999996 -0.81714
270 272 240 0.999929 0.0118393 0.00152119 0.335591 -0.0118459 0.99992 0.0044174 -0.072451 -0.00146877 -0.00443511 0.999989 0.939218
270 273 388 0.999838 0.0165548 0.00707672 0.348413 -0.0165829 0.999855 0.00394006 -0.115496 -0.00701047 -0.00405677 0.999967 0.930198
270 274 564 0.999872 0.0159727 -0.000184376 0.486133 -0.0159722 0.999869 0.00251061 0.0763469 0.000224453 -0.00250734 0.999997 0.870543
270 275 260 0.999765 0.0214172 -0.00331629 0.97716 -0.0213642 0.999655 0.0152683 -0.198665 0.00364216 -0.0151939 0.999878 0.0754396
270 276 492 0.999905 0.00741443 -0.0115972 0.616986 -0.00731824 0.999939 0.00831428 -0.10613 0.0116581 -0.00822862 0.999898 0.779785
270 277 479 0.999834 0.0180982 -0.00231241 0.604708 -0.0180678 0.999758 0.0125412 -0.171587 0.00253882 -0.0124973 0.999919 0.777744
270 278 504 0.999667 0.0181083 -0.0183803 0.726994 -0.0178009 0.999701 0.0167571 -0.130199 0.0186782 -0.0164243 0.999691 0.674187
270 279 353 0.99909 0.0424903 0.00383426 0.67876 -0.0425904 0.998593 0.0315865 -0.305215 -0.00248675 -0.031721 0.999494 0.667929
270 280 344 0.99952 0.0304192 0.00585989 0.586157 -0.0305502 0.999251 0.0237534 -0.176279 -0.00513294 -0.023921 0.999701 0.790788
270 281 467 0.999684 0.0245858 -0.00529893 0.628714 -0.0245002 0.999577 0.0156525 -0.0564079 0.00568152 -0.0155177 0.999863 0.775588
270 282 397 0.999022 0.0442091 -0.000738729 0.621672 -0.0441629 0.998513 0.0319728 -0.180334 0.00215112 -0.0319089 0.999488 0.762236
270 283 414 0.999764 0.0216535 -0.00173142 0.7445 -0.0216203 0.999616 0.017324 -0.0974613 0.00210588 -0.0172825 0.999848 0.66047
270 284 446 0.999632 0.0270475 -0.00206239 0.693926 -0.027009 0.999494 0.0168286 -0.128386 0.00251651 -0.0167667 0.999856 0.708509
285 286 61 0.999993 -0.00203008 0.00312399 0.387661 0.00203239 0.999998 -0.00073715 -0.179979 -0.00312249 0.000743494 0.999995 0.904061
285 287 315 0.999916 0.00062117 0.0129403 0.19427 -0.000485209 0.999945 -0.0105074 -0.0666506 -0.0129461 0.0105002 0.999861 0.978681
285 288 598 0.999955 0.000369408 -0.00949505 0.877057 -0.000457859 0.999957 -0.00931494 0.0402001 0.0094912 0.00931887 0.999912 0.478702
285 289 261 0.999991 0.00328374 -0.00264299 0.913597 -0.00329365 0.999988 -0.00375395 -0.390778 0.00263063 0.00376263 0.999989 0.112399
285 290 374 0.999978 0.00581182 -0.00309549 0.752498 -0.00584428 0.999927 -0.0105826 -0.187529 0.00303376 0.0106005 0.999939 0.631332
285 291 173 0.999878 0.0150574 0.00419738 0.978477 -0.0149055 0.999306 -0.0341334 -0.200892 -0.00470843 0.0340667 0.999408 -0.0471651
285 292 524 0.99977 0.0139476 -0.0162918 0.701918 -0.0142857 0.999681 -0.0208238 -0.0539719 0.0159961 0.0210518 0.99965 0.71021
285 293 465 0.999866 0.01575 -0.00441216 0.54345 -0.0158245 0.999724 -0.0173797 -0.223624 0.00413721 0.0174472 0.999839 0.809107
285 294 249 0.999782 0.0179786 -0.0106036 0.982929 -0.0184047 0.998967 -0.0415549 -0.132654 0.0098455 0.041741 0.99908 -0.127487
285 295 482 0.999118 0.0352839 -0.0227592 0.906317 -0.0352182 0.999374 0.00328207 -0.254355 0.0228607 -0.00247764 0.999736 0.337481
285 296 307 0.999071 0.041242 -0.0124674 0.679547 -0.0414082 0.999053 -0.0133822 -0.234028 0.0119037 0.013886 0.999833 0.695303
285 297 436 0.998512 0.0489744 -0.0239803 0.732285 -0.049347 0.998666 -0.0151997 -0.283083 0.0232039 0.0163604 0.999597 0.619373
285 298 408 0.998124 0.0495304 -0.0359866 0.884011 -0.0500033 0.998673 -0.0123641 -0.278395 0.0353264 0.0141404 0.999276 0.375528
285 299 334 0.999098 0.0381991 -0.0185577 0.913163 -0.0387123 0.998854 -0.0281298 -0.190288 0.0174619 0.0288228 0.999432 0.360448
300 301 63 0.999994 0.0016543 -0.00316821 0.420002 -0.00164423 0.999994 0.00317928 -0.304299 0.00317344 -0.00317405 0.99999 0.854985
300 302 289 0.999829 0.00140269 -0.018453 0.859385 -0.00159875 0.999942 -0.010614 0.357556 0.0184371 0.0106417 0.999773 -0.365529
300 303 93 0.999898 -0.00470519 -0.0135217 0.678177 0.00464913 0.99998 -0.00417438 -0.16868 0.0135411 0.00411109 0.9999 0.715278
300 304 62 0.999975 -0.00306841 -0.00642625 0.589795 0.00306331 0.999995 -0.00080423 0.189365 0.00642868 0.000784524 0.999979 -0.785037
300 305 734 0.999124 0.0056973 -0.0414613 0.94141 -0.00567107 0.999984 0.000750159 0.0226006 0.0414649 -0.000514372 0.99914 0.336505
300 306 67 0.999908 -0.00862306 -0.0104301 -0.767611 0.00871449 0.999924 0.00875274 -0.242492 0.0103539 -0.00884284 0.999907 0.593272
300 307 651 0.999296 0.0112816 -0.0357914 0.955101 -0.0112092 0.999935 0.0022238 0.00623496 0.0358141 -0.00182104 0.999357 0.296214
300 308 629 0.999148 0.0150562 -0.0384241 0.973632 -0.0152726 0.999869 -0.00534473 0.0868528 0.0383386 0.00592701 0.999247 -0.210943
300 309 707 0.995816 0.0101602 -0.090818 0.855634 -0.0124058 0.99963 -0.0241961 0.206347 0.0905386 0.0252215 0.995574 0.47467
300 310 262 0.999648 0.0157323 -0.0213815 0.998916 -0.0156572 0.999871 0.00367783 -0.0117136 0.0214366 -0.00334176 0.999765 -0.0450605
300 311 546 0.999022 0.0131627 -0.0422044 0.963451 -0.0132764 0.999909 -0.00241651 -0.0694581 0.0421687 0.00297447 0.999106 0.258725
300 312 617 0.997899 0.0204834 -0.061471 0.885022 -0.0198895 0.99975 0.0102583 -0.024497 0.0616657 -0.00901414 0.998056 0.464905
300 313 463 0.998382 0.0260865 -0.0505264 0.987971 -0.0249551 0.999426 0.0228947 -0.0235013 0.0510947 -0.0215967 0.99846 0.152843
300 314 302 0.99721 0.0292463 -0.0686804 0.758916 -0.0283599 0.999502 0.0138458 -0.125901 0.0690512 -0.0118594 0.997543 0.638902
315 316 13 0.999993 0.00253534 0.00276575 -0.610096 -0.00252415 0.999989 -0.00404164 -0.0693193 -0.00277597 0.00403463 0.999988 0.789289
315 317 18 0.999991 0.00423676 0.000390211 0.852823 -0.0042344 0.999974 -0.00585842 -0.27771 -0.000415022 0.00585672 0.999983 -0.442232
315 318 50 0.999972 0.00103726 0.00739459 -0.889789 -0.000991676 0.999981 -0.00616518 -0.0200839 -0.00740084 0.00615767 0.999954 0.455929
315 319 24 0.999891 0.00964487 -0.0112086 0.970771 -0.00979622 0.999861 -0.0135277 -0.165624 0.0110766 0.013636 0.999846 0.173703
315 320 104 0.999807 0.0150329 -0.0126364 0.910299 -0.0150079 0.999885 0.00207084 -0.24765 0.0126661 -0.0018808 0.999918 -0.331702
315 321 282 0.999189 0.0241194 -0.0322477 0.849537 -0.0247178 0.999527 -0.0182876 -0.148123 0.0317914 0.0190698 0.999313 0.506306
315 322 287 0.998359 0.0418565 -0.0390862 0.861599 -0.0421843 0.999081 -0.00760154 -0.0526913 0.0387321 0.00923789 0.999207 0.504847
315 323 191 0.998237 0.0465715 -0.0368097 0.971988 -0.0468436 0.998881 -0.00656343 -0.104826 0.0364628 0.00827616 0.999301 -0.21036
315 324 112 0.998109 0.0486236 -0.0375944 0.982628 -0.0496532 0.998403 -0.0269541 -0.126827 0.0362237 0.0287698 0.998929 0.135492
315 325 302 0.99447 0.0535867 -0.0903243 0.974502 -0.0562137 0.998059 -0.0267932 -0.0280014 0.0887132 0.0317225 0.995552 0.222624
315 326 258 0.995389 0.0569355 -0.0771926 0.97129 -0.057856 0.998277 -0.00974042 0.141932 0.076505 0.0141616 0.996969 -0.19092
