0 1 22 0.999991 -0.00424336 -4.303e-05 -0.398186 0.00424345 0.999988 0.00242627 0.0101085 3.2734e-05 -0.00242643 0.999997 -0.917249
0 2 11 0.999996 -0.00279711 -0.00011161 0.217002 0.0027974 0.999992 0.00268701 0.341898 0.000104093 -0.00268731 0.999996 -0.914339
0 3 0 1 0 0 0 0 1 0 0 0 0 1 0
0 4 11 0.999993 -0.00382909 -0.00051803 -0.280586 0.00383069 0.999988 0.00312563 0.00380453 0.000506055 -0.00312759 0.999995 -0.959821
0 5 13 0.999965 -0.0083599 -0.000150161 0.0502713 0.00836032 0.99996 0.00304983 0.758765 0.000124659 -0.00305098 0.999995 -0.649421
0 6 15 0.999986 -0.00519359 -0.000963941 0.183215 0.00519643 0.999982 0.00296334 -0.0569916 0.000948533 -0.00296831 0.999995 0.981419
0 7 11 0.999984 -0.00569269 -0.000137956 -0.0316456 0.00569305 0.99998 0.00274931 0.0872177 0.000122302 -0.00275005 0.999996 -0.995687
0 8 11 0.999998 -0.00161659 -0.00104299 0.141372 0.0016113 0.999986 -0.00505006 0.972768 0.00105114 0.00504837 0.999987 0.183675
0 9 12 0.999994 -0.00326828 -0.00079698 0.10441 0.00327065 0.99999 0.00298858 0.11423 0.000787204 -0.00299117 0.999995 0.987952
0 10 13 0.999989 -0.00423006 -0.00194163 0.400486 0.00423731 0.999984 0.00374348 0.131631 0.00192576 -0.00375167 0.999991 -0.906799
0 11 34 0.999998 -0.00041981 -0.00171696 0.263732 0.000422871 0.999998 0.00178257 -0.0317023 0.00171621 -0.0017833 0.999997 0.964075
0 12 13 0.999922 0.00082192 -0.0124396 0.881595 -0.000797506 0.999998 0.00196749 -0.0158715 0.0124412 -0.00195742 0.999921 0.47174
0 13 12 0.999984 0.00534503 -0.0018016 0.406049 -0.00533905 0.99998 0.00330848 0.064814 0.00181925 -0.0032988 0.999993 0.91155
0 14 14 0.999981 0.00600374 -0.00167259 -0.458964 -0.00599536 0.99997 0.00497187 0.110845 0.00170239 -0.00496175 0.999986 -0.881513
15 16 17 0.999999 1.28218e-05 -0.00162513 -0.379226 -1.30069e-05 1 -0.000113923 0.161652 0.00162513 0.000113944 0.999999 -0.911074
15 17 12 0.999999 -0.000281484 -0.00169282 -0.588051 0.000284455 0.999998 0.00175518 0.129944 0.00169232 -0.00175566 0.999997 -0.798317
15 18 11 0.999979 0.00642061 -0.000643027 0.21115 -0.00641961 0.999978 0.00154401 -0.523138 0.000652926 -0.00153985 0.999999 -0.825677
15 19 16 0.999987 0.00448824 0.00225362 -0.0299548 -0.00449421 0.999986 0.00265223 -0.037964 -0.00224169 -0.00266233 0.999994 0.99883
15 20 0 1 0 0 0 0 1 0 0 0 0 1 0
15 21 25 0.999964 0.00804249 0.00252954 0.213066 -0.00804805 0.999965 0.00219566 -0.0846168 -0.0025118 -0.00221594 0.999994 0.973367
15 22 16 0.999976 0.00672429 0.00186383 -0.22257 -0.00673176 0.999969 0.00403031 0.18659 -0.00183667 -0.00404276 0.99999 -0.956894
15 23 10 0.999982 0.00391772 0.00449288 -0.0929286 -0.00393024 0.999988 0.00278179 -0.0658064 -0.00448193 -0.00279939 0.999986 0.993496
15 24 16 0.999987 0.000633988 0.00511059 0.245578 -0.000654853 0.999991 0.00408214 0.131624 -0.00510796 -0.00408543 0.999979 -0.960399
15 25 0 1 0 0 0 0 1 0 0 0 0 1 0
15 26 171 0.99963 0.00368721 -0.0269508 0.948507 -0.00362554 0.999991 0.00233665 -0.000936857 0.0269592 -0.00223807 0.999634 0.316754
15 27 58 0.999904 0.00507821 -0.0128588 0.919277 -0.00495136 0.999939 0.00987702 -0.391115 0.0129082 -0.00981241 0.999869 0.0442652
15 28 158 0.99951 0.00520731 -0.0308504 0.879528 -0.00459556 0.999792 0.0198673 -0.452795 0.0309474 -0.0197158 0.999327 0.146316
15 29 155 0.999699 0.00145219 -0.024497 0.958744 -0.00142714 0.999998 0.0010399 -0.0857675 0.0244985 -0.00100463 0.999699 0.271025
30 31 12 0.999995 0.00304647 0.000982556 -0.34813 -0.00304318 0.99999 -0.00333564 0.289814 -0.000992708 0.00333264 0.999994 0.891523
30 32 17 0.999993 0.00032885 0.00364673 0.395885 -0.000315482 0.999993 -0.00366555 0.0202905 -0.00364791 0.00366437 0.999987 -0.918076
30 33 11 0.999972 -0.0001416 0.00753769 0.021558 0.000183796 0.999984 -0.00559758 0.00926494 -0.00753678 0.0055988 0.999956 -0.999725
30 34 15 1 8.02945e-05 0.00037227 0.701003 -7.95511e-05 0.999998 -0.0019967 -0.713137 -0.000372429 0.00199668 0.999998 -0.00546078
30 35 122 0.999971 -0.00129626 -0.00755888 0.963822 0.00122634 0.999956 -0.00924721 -0.228068 0.00757054 0.00923767 0.999929 0.137956
30 36 13 0.999879 0.00450041 0.0148603 0.225106 -0.00430257 0.999902 -0.013318 -0.277458 -0.0149188 0.0132525 0.999801 -0.933994
30 37 10 0.999675 -0.00783107 0.0242704 -0.978636 0.00809629 0.999908 -0.0108488 0.00888076 -0.0241832 0.0110417 0.999647 -0.20541
30 38 30 0.99996 -0.00881121 0.00123001 0.98856 0.00882311 0.999911 -0.010031 0.12985 -0.00114152 0.0100414 0.999949 -0.0767395
30 39 11 0.99974 -0.00813555 0.0213211 0.297493 0.00828273 0.999942 -0.0068239 -0.084231 -0.0212644 0.00699872 0.999749 -0.951001
30 40 14 0.999609 -0.0154205 0.0233116 0.684564 0.0155427 0.999866 -0.00507103 0.0837825 -0.0232303 0.00543137 0.999715 -0.724122
30 41 12 0.999779 -0.00779004 0.01955 0.992326 0.00774287 0.999967 0.0024873 -0.0188972 -0.0195688 -0.00233537 0.999806 0.122195
30 42 63 0.999455 -0.00888435 0.0318045 -0.00249522 0.00892272 0.99996 -0.001065 -0.10118 -0.0317937 0.00134821 0.999494 0.994865
30 43 151 0.999959 -0.00593989 -0.00682067 0.962768 0.00585227 0.999901 -0.0127946 0.269819 0.00689599 0.0127542 0.999895 -0.0165845
30 44 14 0.999703 -0.0114268 0.0215471 -0.650309 0.0114491 0.999934 -0.000909285 0.144229 -0.0215353 0.00115571 0.999767 -0.745852
45 46 12 0.99994 0.0102105 -0.00390433 0.49283 -0.0101816 0.999921 0.00736507 -0.359617 0.00397923 -0.00732488 0.999965 -0.792335
45 47 17 0.999916 0.012764 0.00222014 0.273135 -0.0127845 0.999873 0.00947406 -0.040302 -0.00209893 -0.00950165 0.999953 -0.961131
45 48 0 1 0 0 0 0 1 0 0 0 0 1 0
45 49 10 0.999824 0.0170317 0.00784139 -0.0382024 -0.0171554 0.999725 0.0159985 0.0211622 -0.00756675 -0.0161303 0.999841 0.999046
45 50 14 0.999818 0.0190767 -0.000398323 0.331185 -0.0190671 0.999673 0.0170646 0.107566 0.000723728 -0.0170539 0.999854 0.937415
45 51 0 1 0 0 0 0 1 0 0 0 0 1 0
45 52 12 0.999788 0.0201586 -0.00413261 -0.0192728 -0.0200998 0.999703 0.0138041 0.00273524 0.00440966 -0.0137181 0.999896 -0.999811
45 53 16 0.999753 0.0216989 -0.00473005 0.0104361 -0.021644 0.999701 0.0113672 -0.124863 0.00497529 -0.011262 0.999924 0.992119
45 54 10 0.999568 0.0273902 -0.0106564 -0.0223548 -0.0273365 0.999613 0.005152 -0.0576889 0.0107934 -0.00485847 0.99993 -0.998084
45 55 13 0.999506 0.0277185 -0.0148359 0.055754 -0.0276525 0.999607 0.00463216 0.0259518 0.0149585 -0.00421962 0.999879 0.998107
45 56 15 0.999439 0.0274727 -0.0191759 -0.137218 -0.0274474 0.999622 0.00157629 0.0895035 0.019212 -0.00104908 0.999815 -0.986489
45 57 17 0.99936 0.0278721 -0.0224196 -0.0153377 -0.0278754 0.999611 0.000165803 -0.0370318 0.0224155 0.000459258 0.999749 0.999196
45 58 62 0.998541 0.0280636 -0.0461442 0.961131 -0.0282012 0.9996 -0.00233158 0.024612 0.0460603 0.0036295 0.998932 -0.274994
45 59 51 0.999255 0.0268455 -0.0277115 0.00387791 -0.0269115 0.999636 -0.00201255 -0.093038 0.0276473 0.00275681 0.999614 0.995655
60 61 12 1 0.000974002 -1.98165e-05 -0.0217729 -0.000973956 0.999997 0.00223808 -0.00820794 2.19963e-05 -0.00223806 0.999997 0.999729
60 62 17 0.999994 0.00254778 0.00254694 0.340992 -0.00256742 0.999967 0.00773576 -0.00139415 -0.00252714 -0.00774225 0.999967 -0.940065
60 63 22 0.999953 0.00637002 0.00724951 0.0999898 -0.00644212 0.99993 0.00996528 -0.0605827 -0.00718552 -0.0100115 0.999924 0.993142
60 64 13 0.999821 0.00821191 0.0170522 -0.446117 -0.00832732 0.999943 0.00670838 0.10773 -0.0169961 -0.00684918 0.999832 0.888467
60 65 19 0.999915 0.0116476 0.00591717 0.900861 -0.0117031 0.999887 0.00941785 -0.304646 -0.00580681 -0.0094863 0.999938 0.309258
60 66 152 0.999865 0.0118137 -0.0114376 0.983424 -0.0117634 0.999921 0.00445464 -0.0519735 0.0114894 -0.00431949 0.999925 0.17371
60 67 156 0.999838 0.0100236 -0.0149298 0.99085 -0.00996801 0.999943 0.00379657 -0.0846104 0.014967 -0.00364714 0.999881 0.105154
60 68 30 0.999556 0.0116817 0.0273989 -0.177794 -0.0116284 0.99993 -0.0021037 -0.0490994 -0.0274215 0.00178416 0.999622 0.982842
60 69 149 0.999867 0.0113104 -0.0117803 0.994159 -0.0113883 0.999914 -0.00656969 0.0294323 0.0117049 0.00670297 0.999909 0.103833
60 70 141 0.999885 0.0144808 0.0045789 0.990273 -0.0144802 0.999895 -0.000174676 -0.100741 -0.00458095 0.000108352 0.99999 -0.0959765
60 71 127 0.999832 0.0149082 0.0106505 0.989523 -0.0148954 0.999888 -0.00128156 -0.00240699 -0.0106684 0.0011227 0.999942 0.144354
60 72 71 0.998536 0.0159248 0.0516861 -0.241658 -0.0158344 0.999872 -0.00215894 -0.0134365 -0.0517139 0.00133736 0.998661 0.970268
60 73 142 0.999785 0.0199718 0.00559248 0.992215 -0.019986 0.999797 0.00249145 -0.124479 -0.00554159 -0.00260268 0.999981 0.00386385
60 74 115 0.999543 0.0248622 -0.0172152 0.979613 -0.0248847 0.99969 -0.00109398 -0.100231 0.0171827 0.00152188 0.999851 0.174104
75 76 12 0.999991 -0.00356469 -0.00237672 0.754308 0.00356052 0.999992 -0.00175837 0.0510642 0.00238297 0.00174989 0.999996 -0.654532
75 77 10 0.999978 0.00426545 -0.00508338 0.390897 -0.00424694 0.999984 0.00364688 -0.520287 0.00509885 -0.00362521 0.99998 -0.759277
75 78 17 0.999995 0.00319646 0.000477442 -0.487416 -0.00319705 0.999994 0.00124476 0.385136 -0.000473461 -0.00124628 0.999999 0.783643
75 79 10 0.999938 0.00840638 0.00732616 0.0264374 -0.00838795 0.999962 -0.00254303 -0.00390988 -0.00734725 0.00248142 0.99997 0.999643
75 80 119 0.999918 0.00596478 -0.0113427 0.955415 -0.00596109 0.999982 0.000358987 -0.10956 0.0113446 -0.000291343 0.999936 -0.274189
75 81 0 1 0 0 0 0 1 0 0 0 0 1 0
75 82 22 0.999962 -0.00543179 0.00680014 -0.258378 0.00541847 0.999983 0.00197503 -0.0994801 -0.00681076 -0.0019381 0.999975 0.960908
75 83 156 0.997964 0.000477991 -0.0637786 0.994521 -0.00082779 0.999985 -0.00545826 0.104176 0.0637751 0.00549994 0.997949 0.00869442
75 84 160 0.99973 -0.00641094 -0.0223345 0.985332 0.00644925 0.999978 0.00164376 0.0131587 0.0223235 -0.00178736 0.999749 0.170138
75 85 32 0.99995 -0.00209778 0.00979472 0.334477 0.00203896 0.99998 0.00601134 0.0293831 -0.00980714 -0.00599107 0.999934 -0.941946
75 86 41 0.999935 -0.00272639 0.0110403 -0.369144 0.00260945 0.99994 0.0105921 -0.0835955 -0.0110685 -0.0105627 0.999883 0.925605
75 87 136 0.997168 0.00467741 -0.0750615 0.999674 -0.00368712 0.999904 0.0133262 0.0178312 0.0751166 -0.0130117 0.99709 -0.0182549
75 88 136 0.997464 0.0103398 -0.0704192 0.99484 -0.00864872 0.999668 0.0242767 -0.0907945 0.0706468 -0.0236061 0.997222 0.0452819
75 89 135 0.998461 0.01102 -0.0543614 0.997705 -0.00997525 0.999761 0.0194531 -0.0102705 0.0545628 -0.0188809 0.998332 0.066928
90 91 16 0.999994 0.000849309 0.00320718 0.245304 -0.000872944 0.999972 0.00737525 -0.073427 -0.00320083 -0.00737801 0.999968 0.966661
90 92 27 0.999971 0.00178092 0.00746402 0.451363 -0.00185381 0.999951 0.00976902 -0.167873 -0.00744625 -0.00978257 0.999924 0.876407
90 93 46 0.999687 0.0131658 0.0212737 0.0282834 -0.0132992 0.999893 0.00613811 0.0428763 -0.0211906 -0.00641911 0.999755 0.99868
90 94 149 0.99995 0.00979842 0.00201909 0.746212 -0.00984774 0.999612 0.0260707 -0.56596 -0.00176285 -0.0260893 0.999658 0.350511
90 95 141 0.999938 0.00829908 0.00739675 0.792482 -0.0083839 0.999899 0.0115108 -0.326352 -0.00730047 -0.0115721 0.999906 0.515235
90 96 147 0.999941 0.00879101 0.006428 0.77468 -0.00888655 0.999848 0.0149891 -0.480114 -0.00629526 -0.0150453 0.999867 0.411536
90 97 166 0.999764 0.00863432 -0.0199438 0.890269 -0.00855962 0.999956 0.003828 -0.131141 0.019976 -0.00365638 0.999794 0.436146
90 98 144 0.999602 0.00399256 -0.0279233 0.88291 -0.00380175 0.999969 0.00688314 -0.256715 0.0279499 -0.00677424 0.999586 0.393152
90 99 134 0.999938 0.00259883 -0.0108224 0.840208 -0.00262349 0.999994 -0.00226526 -0.347345 0.0108164 0.00229351 0.999939 0.416415
90 100 146 0.998297 0.00657004 -0.0579604 0.969763 -0.00662249 0.999978 -0.00071287 -0.19308 0.0579544 0.0010955 0.998319 0.149262
90 101 119 0.99998 -0.00619605 -0.00143526 0.743159 0.00616392 0.999752 -0.0213999 -0.0861056 0.0015675 0.0213907 0.99977 0.663552
90 102 130 0.998968 -0.00768447 -0.0447757 0.952391 0.00691705 0.999827 -0.0172691 -0.20558 0.0449006 0.0169415 0.998848 0.225142
90 103 105 0.999868 -0.01146 -0.0115489 0.927042 0.011133 0.999546 -0.0279906 -0.153582 0.0118645 0.0278583 0.999541 0.342061
90 104 99 0.99985 -0.00915822 -0.0146739 0.93085 0.00860672 0.99927 -0.0372161 -0.0943898 0.015004 0.0370842 0.999199 0.352999
105 106 11 0.999985 0.000987502 0.00539339 -0.0909565 -0.000969866 0.999994 -0.00327169 -0.0414427 -0.00539659 0.00326641 0.99998 0.994992
105 107 10 0.999893 0.00341407 0.0142403 0.12839 -0.00329905 0.999962 -0.00809274 -0.0301501 -0.0142674 0.00804489 0.999866 -0.991265
105 108 15 0.99968 0.0140343 0.0210259 0.214373 -0.0138144 0.999849 -0.0105659 -0.287961 -0.021171 0.0102721 0.999723 -0.933339
105 109 32 0.9997 0.0110275 0.0218824 0.295082 -0.0106979 0.999828 -0.0151192 -0.0455294 -0.0220454 0.0148805 0.999646 -0.954386
105 110 115 0.999745 0.0130838 -0.0184098 0.894933 -0.0131319 0.999911 -0.00249494 -0.220946 0.0183755 0.00273606 0.999827 -0.387656
105 111 80 0.999892 0.00305069 0.014368 0.73598 -0.00281146 0.999858 -0.0166411 0.00518272 -0.0144167 0.0165989 0.999758 -0.676984
105 112 56 0.999709 0.00990343 0.0219954 0.425985 -0.00956024 0.999832 -0.0156534 0.00805756 -0.0221467 0.0154385 0.999636 -0.904694
105 113 48 0.999679 0.0110369 0.0228119 0.262896 -0.0105915 0.999753 -0.0195533 0.0496645 -0.0230221 0.0193054 0.999549 -0.963545
105 114 56 0.99964 0.0132428 0.0233236 0.305216 -0.0128905 0.999802 -0.015191 0.0369955 -0.0235202 0.0148849 0.999613 -0.951564
105 115 98 0.99969 0.0121869 0.0216924 0.512992 -0.0120061 0.999892 -0.00844452 0.00915642 -0.021793 0.00818147 0.999729 -0.858345
105 116 113 0.99992 0.0122834 -0.00317604 0.776812 -0.0123146 0.999874 -0.0100059 0.0449571 0.00305274 0.0100442 0.999945 -0.628125
105 117 80 0.999257 0.0191593 0.0334336 0.358586 -0.0191235 0.999816 -0.00138928 -0.000734386 -0.0334541 0.000748876 0.99944 -0.933496
105 118 97 0.999641 0.0108274 0.024521 0.535056 -0.0108724 0.999939 0.0016997 0.03436 -0.0245012 -0.00196569 0.999698 -0.844117
105 119 85 0.999156 0.0202694 0.0357134 0.38776 -0.0205124 0.999769 0.00644991 0.0190318 -0.0355744 -0.00717704 0.999341 -0.921564
120 121 20 0.999992 3.58356e-05 0.0039288 0.211603 -5.77965e-05 0.999984 0.00558975 0.0982616 -0.00392854 -0.00558993 0.999977 -0.972404
120 122 22 0.999957 0.00889842 0.0025614 0.279358 -0.00893236 0.999868 0.013558 -0.0157133 -0.00244041 -0.0135803 0.999905 -0.960058
120 123 24 0.999858 0.014623 0.00838864 0.280041 -0.0147494 0.999776 0.0152077 -0.056595 -0.00816438 -0.0153293 0.999849 -0.958318
120 124 97 0.999582 0.0212726 -0.0195572 0.914959 -0.0211701 0.999761 0.00543681 0.162299 0.0196682 -0.00502051 0.999794 -0.369471
120 125 107 0.999406 0.0283218 -0.0196495 0.846849 -0.0285899 0.9995 -0.0135021 0.442721 0.0192573 0.0140559 0.999716 -0.294694
120 126 83 0.999252 0.0333801 0.0195106 0.279939 -0.0335992 0.999375 0.0110122 -0.0292741 -0.0191308 -0.0116595 0.999749 -0.959571
120 127 110 0.99953 0.0298931 0.00681789 0.388048 -0.0298763 0.99955 -0.00254708 0.228501 -0.00689097 0.00234219 0.999974 -0.892864
120 128 90 0.999319 0.0349546 0.0118419 0.210566 -0.0350439 0.999358 0.00741545 0.041129 -0.0115751 -0.00782538 0.999902 -0.976714
120 129 101 0.999352 0.035984 0.000179771 0.320158 -0.0359843 0.999351 0.00168542 0.129487 -0.000119005 -0.0016908 0.999999 -0.938473
120 130 111 0.999613 0.0268139 -0.00743501 0.33517 -0.0268914 0.999583 -0.0105242 0.296655 0.00714972 0.01072 0.999917 -0.894235
120 131 99 0.998796 0.0385283 -0.0303599 0.605824 -0.0388308 0.999201 -0.00943768 0.285594 0.029972 0.0106052 0.999494 -0.742572
120 132 92 0.998879 0.0318824 -0.0349998 0.567644 -0.0321765 0.999451 -0.00786971 0.289657 0.0347297 0.00898706 0.999356 -0.770635
120 133 94 0.998853 0.0415147 -0.0238505 0.429174 -0.0413937 0.999128 0.00554367 0.197827 0.0240598 -0.00455005 0.9997 -0.881291
120 134 88 0.999044 0.0388356 -0.0200537 0.311078 -0.0387277 0.999233 0.00574305 0.211792 0.0202614 -0.00496093 0.999782 -0.926485
135 136 0 1 0 0 0 0 1 0 0 0 0 1 0
135 137 14 1 0.000905559 0.000414237 -0.363983 -0.000906355 0.999998 0.00192616 0.185818 -0.000412492 -0.00192653 0.999998 -0.912682
135 138 14 0.999976 0.00698441 -5.43714e-05 -0.407725 -0.00698392 0.999955 0.00640546 -0.319032 9.91073e-05 -0.00640492 0.999979 -0.855558
135 139 130 0.999673 0.000945987 -0.0255452 0.666023 -0.00115541 0.999966 -0.00818469 0.544249 0.0255366 0.00821153 0.99964 -0.510105
135 140 51 0.999982 0.000905526 -0.00588664 -0.0143396 -0.000862892 0.999973 0.00724085 0.148239 0.00589304 -0.00723565 0.999956 -0.988848
135 141 81 0.999915 0.00496233 -0.0120941 0.210342 -0.00487309 0.999961 0.007397 0.147617 0.0121304 -0.00733743 0.9999 -0.966419
135 142 109 0.999729 0.0110039 -0.0205028 0.330993 -0.0108642 0.999917 0.00691548 0.222876 0.0205772 -0.00669086 0.999766 -0.916935
135 143 100 0.99984 0.00322407 -0.0175941 0.18606 -0.00305133 0.999947 0.00983571 0.133805 0.0176249 -0.00978046 0.999797 -0.973385
135 144 117 0.999325 0.012883 -0.0343998 0.532547 -0.0124663 0.999847 0.012302 0.211412 0.034553 -0.0118649 0.999332 -0.819572
135 145 123 0.999026 0.0176243 -0.0404615 0.531449 -0.0168617 0.999675 0.0191123 0.15965 0.0407852 -0.0184114 0.998998 -0.83191
135 146 123 0.998509 0.0215037 -0.0501694 0.633951 -0.0207142 0.999654 0.0162037 0.273809 0.0505005 -0.0151403 0.998609 -0.72328
135 147 112 0.994733 0.0376688 -0.0953248 0.786717 -0.0397039 0.99902 -0.0195427 0.537268 0.0944953 0.0232246 0.995254 -0.304006
135 148 120 0.999148 0.0305953 -0.0276938 0.342931 -0.0295405 0.998851 0.0377272 0.190337 0.0288163 -0.036877 0.998904 -0.919875
135 149 107 0.99862 0.0356888 -0.0385179 0.415858 -0.0341705 0.99864 0.0393808 0.25536 0.0398709 -0.0380103 0.998482 -0.872842
150 151 19 0.999789 0.0203684 0.0025782 0.0603469 -0.0204418 0.999258 0.0326499 -0.967655 -0.00191126 -0.0326957 0.999464 -0.244953
150 152 31 0.999701 0.0244471 -0.000822601 0.522421 -0.0244448 0.999697 0.0027349 0.6434 0.000889212 -0.00271397 0.999996 0.559564
150 153 0 1 0 0 0 0 1 0 0 0 0 1 0
150 154 0 1 0 0 0 0 1 0 0 0 0 1 0
150 155 12 0.999745 0.021778 -0.00599915 0.135616 -0.0216826 0.999644 0.0155359 0.0847062 0.00633536 -0.0154019 0.999861 -0.987134
150 156 13 0.999759 0.0206516 -0.00738989 0.108457 -0.0205208 0.999639 0.0173623 0.135059 0.00774578 -0.0172065 0.999822 -0.984884
150 157 10 0.99957 0.0285393 -0.0067943 0.131053 -0.0284254 0.999463 0.0163146 0.210426 0.00725626 -0.0161144 0.999844 -0.968786
150 158 27 0.999621 0.0220695 -0.0164523 0.306867 -0.0218705 0.999687 0.0121744 0.245798 0.0167159 -0.0118099 0.999791 -0.919465
150 159 28 0.999321 0.0309089 -0.0200729 0.193038 -0.0305025 0.99933 0.0202455 0.00685215 0.0206852 -0.0196195 0.999594 -0.981167
150 160 44 0.998579 0.0412888 -0.0336964 0.38971 -0.0403571 0.998796 0.0278772 -0.145609 0.0348069 -0.0264777 0.999043 -0.909354
150 161 38 0.999159 0.0203991 -0.0355705 0.321972 -0.0200984 0.999759 0.0087889 0.197799 0.0357412 -0.0080666 0.999329 -0.925856
150 162 46 0.998652 0.0290484 -0.0430135 0.248332 -0.0282614 0.999424 0.018795 0.11679 0.0435347 -0.0175541 0.998898 -0.961609
150 163 24 0.998886 0.0360023 -0.0305021 0.101829 -0.0352538 0.999072 0.0247312 0.0952187 0.0313641 -0.0236283 0.999229 -0.990234
150 164 19 0.997694 0.0639667 -0.0226775 0.049619 -0.06313 0.99736 0.0358701 0.242278 0.0249121 -0.0343557 0.999099 -0.968937
165 166 14 0.999952 0.00955562 -0.00235031 -0.101039 -0.00953709 0.999924 0.00777297 -0.312441 0.00242441 -0.00775018 0.999967 -0.944548
165 167 11 0.999948 0.00938921 -0.00392996 -0.0152803 -0.00935659 0.999922 0.00823877 0.0760758 0.00400701 -0.00820157 0.999958 -0.996985
165 168 25 0.999949 0.00720057 -0.00701932 0.0880076 -0.00714945 0.999948 0.00728076 0.231677 0.00707138 -0.0072302 0.999949 -0.968804
165 169 17 0.999682 0.0195528 -0.0159536 0.359749 -0.0194097 0.99977 0.00907462 0.263845 0.0161274 -0.00876207 0.999832 -0.894967
165 170 53 0.999593 0.0170937 -0.0228238 0.535331 -0.0169667 0.99984 0.00574538 0.327982 0.0229183 -0.0053558 0.999723 -0.778363
165 171 117 0.999356 0.0210729 -0.0290286 0.424843 -0.0206754 0.999689 0.0139252 0.0659303 0.029313 -0.013316 0.999482 -0.902863
165 172 103 0.993156 0.0235644 -0.114392 0.88418 -0.02593 0.999479 -0.0192363 0.31322 0.113879 0.0220709 0.993249 -0.34658
165 173 120 0.99912 0.0234293 -0.0347765 0.414891 -0.02306 0.999674 0.0109825 0.123032 0.0350225 -0.0101709 0.999335 -0.901515
165 174 131 0.999023 0.0178339 -0.0404399 0.38372 -0.0175118 0.999812 0.00830506 0.254752 0.0405804 -0.00758877 0.999147 -0.887615
165 175 113 0.98946 0.0402729 -0.139096 0.836152 -0.0463197 0.998105 -0.0405106 0.471841 0.137201 0.0465265 0.98945 -0.279672
165 176 107 0.989188 0.0387449 -0.141442 0.830035 -0.0440051 0.998444 -0.0342523 0.406713 0.139894 0.0401061 0.989354 -0.381611
165 177 75 0.999163 0.0337735 -0.0230632 0.181 -0.0335345 0.999381 0.0106725 0.262642 0.0234094 -0.00989013 0.999677 -0.947765
165 178 62 0.999 0.0395559 -0.0208567 0.187737 -0.0393765 0.999184 0.00894068 0.233181 0.0211933 -0.00811047 0.999742 -0.954139
165 179 102 0.997975 0.057986 -0.026145 0.171212 -0.0577975 0.998297 0.00790701 0.20447 0.026559 -0.00637988 0.999627 -0.963784
180 181 14 0.99998 0.00624821 0.000465397 0.463635 -0.00624827 0.99998 0.00012058 0.153195 -0.000464635 -0.000123486 1 -0.872682
180 182 19 0.999931 0.0105745 0.00520382 0.156005 -0.0105578 0.999939 -0.00320904 0.0833767 -0.00523743 0.00315388 0.999981 -0.984231
180 183 0 1 0 0 0 0 1 0 0 0 0 1 0
180 184 160 0.999538 0.0151922 -0.026339 0.807613 -0.0158768 0.999536 -0.0259816 0.418307 0.0259321 0.0263877 0.999315 -0.415669
180 185 38 0.999874 0.0157955 0.00154774 0.366261 -0.0157673 0.999734 -0.0168229 0.47488 -0.00181306 0.0167964 0.999857 -0.800214
180 186 149 0.99968 0.0216441 -0.0130934 0.548747 -0.0218799 0.999596 -0.0181436 0.287478 0.0126955 0.0184243 0.99975 -0.785005
180 187 136 0.999623 0.0231608 -0.0147702 0.578566 -0.0234858 0.999477 -0.0222203 0.286661 0.0142478 0.0225588 0.999644 -0.763601
180 188 146 0.998322 0.0283401 -0.050503 0.793471 -0.0303563 0.998754 -0.039614 0.359039 0.0493174 0.0410806 0.997938 -0.491421
180 189 135 0.999234 0.0259858 -0.0292479 0.459563 -0.0266994 0.999349 -0.0242784 0.151353 0.0285979 0.0250407 0.999277 -0.875154
180 190 137 0.997627 0.0160496 -0.0669592 0.73812 -0.0191438 0.998766 -0.0458274 0.367166 0.066141 0.0470005 0.996703 -0.56601
180 191 131 0.999083 0.0207869 -0.0374186 0.515621 -0.021776 0.999419 -0.0262223 0.223923 0.0368518 0.0270131 0.998956 -0.827039
180 192 159 0.990088 0.0243957 -0.138313 0.881815 -0.0314926 0.998285 -0.0493562 0.237703 0.136871 0.0532229 0.989158 -0.407308
180 193 125 0.999189 0.0192512 -0.0353767 0.379767 -0.0203489 0.999314 -0.0309337 0.213434 0.0347569 0.0316285 0.998895 -0.900124
180 194 115 0.9904 0.0272974 -0.13551 0.863456 -0.0345937 0.998059 -0.0517836 0.273313 0.133834 0.0559742 0.989422 -0.423963
195 196 124 0.999624 0.00535701 -0.0268793 0.674159 -0.00458902 0.999582 0.0285523 -0.663761 0.027021 -0.0284183 0.999231 -0.32393
195 197 22 0.99991 -0.000983319 -0.013351 -0.0741439 0.00122217 0.999839 0.0178935 -0.138306 0.0133312 -0.0179082 0.999751 -0.98761
195 198 156 0.997827 0.00424977 -0.0657561 0.823404 -0.000772944 0.998604 0.05281 -0.493944 0.0658887 -0.0526444 0.996437 -0.27933
195 199 128 0.997165 -0.00435902 -0.0751141 0.93139 0.00535511 0.9999 0.0130648 0.327365 0.0750497 -0.01343 0.997089 -0.159197
195 200 31 0.99955 0.001286 -0.0299788 0.510275 -7.67255e-05 0.999187 0.0403041 0.0617468 0.0300062 -0.0402836 0.998738 -0.857792
195 201 25 0.999607 0.0133397 -0.0246758 0.34869 -0.0123509 0.999131 0.0398005 -0.180696 0.0251853 -0.0394801 0.998903 -0.919654
195 202 120 0.988867 0.0118868 -0.148326 0.990776 -0.0062207 0.999235 0.038606 0.00190163 0.148672 -0.0372535 0.988185 -0.135498
195 203 112 0.995237 0.0284285 -0.0932429 0.885282 -0.0224721 0.997676 0.0643198 -0.246056 0.0948548 -0.0619181 0.993564 -0.394629
195 204 115 0.992804 0.0236341 -0.117393 0.987603 -0.0187981 0.998935 0.0421325 0.0460168 0.118264 -0.0396225 0.992191 -0.150079
195 205 108 0.98816 0.0300908 -0.150447 0.960888 -0.0218084 0.99817 0.0564025 -0.111025 0.151869 -0.0524537 0.987008 -0.253708
195 206 110 0.985447 0.0436548 -0.164284 0.939655 -0.0315256 0.99663 0.075728 -0.236939 0.167036 -0.0694467 0.983502 -0.246796
195 207 99 0.997524 0.0377565 -0.0593381 0.680196 -0.0349416 0.998246 0.0477814 -0.155297 0.0610381 -0.0455897 0.997094 -0.716392
195 208 104 0.990687 0.0466325 -0.127926 0.942848 -0.0394559 0.997532 0.0580729 -0.159331 0.130318 -0.0524847 0.990082 -0.292662
195 209 111 0.99624 0.0523554 -0.0690256 0.793353 -0.0492171 0.997709 0.0464086 -0.151848 0.0712972 -0.0428368 0.996535 -0.58952
210 211 12 0.999938 0.00331229 0.0106688 -0.753874 -0.00330421 0.999994 -0.00077484 -0.356094 -0.0106713 0.00073954 0.999943 0.552151
210 212 180 0.999523 0.00365155 -0.03067 0.985868 -0.00373985 0.999989 -0.00282194 0.000409343 0.0306594 0.0029353 0.999526 -0.167523
210 213 25 0.999925 0.00790525 0.00933071 0.882822 -0.00789933 0.999969 -0.000670862 -0.0442044 -0.00933572 0.000597105 0.999956 -0.467624
210 214 40 0.999361 0.0316297 0.0166512 0.55999 -0.0319106 0.999348 0.0168877 -0.501711 -0.0161061 -0.0174082 0.999719 -0.659316
210 215 41 0.999593 0.014653 0.0244776 0.626559 -0.0149224 0.99983 0.0108567 -0.173125 -0.0243144 -0.0112175 0.999641 -0.759902
210 216 62 0.999647 0.0178732 0.0196486 0.26838 -0.0183474 0.999538 0.0242266 -0.287876 -0.0192066 -0.0245786 0.999513 -0.919293
210 217 104 0.999709 -0.00704076 -0.0230572 0.898372 0.00774642 0.9995 0.0306599 -0.146222 0.0228298 -0.0308296 0.999264 -0.414183
210 218 126 0.99942 -0.017467 -0.0292328 0.948385 0.0182154 0.999508 0.0255328 0.0219317 0.0287725 -0.0260504 0.999246 -0.316361
210 219 131 0.997607 -0.0103414 -0.0683549 0.961129 0.0137994 0.998638 0.050311 -0.145887 0.0677415 -0.0511339 0.996392 -0.234411
210 220 136 0.998869 -0.0131632 -0.0456804 0.970319 0.015326 0.998762 0.0473237 -0.109224 0.0450009 -0.0479703 0.997835 -0.215756
210 221 95 0.999007 -0.0173564 -0.041022 0.966051 0.0190359 0.998981 0.0409103 -0.108728 0.0402702 -0.0416506 0.99832 -0.234357
210 222 95 0.9998 0.00141672 0.019965 0.767822 -0.00209156 0.999426 0.0338208 -0.147787 -0.0199056 -0.0338558 0.999228 -0.623384
210 223 89 0.999651 -5.8024e-05 0.0264252 0.605111 -0.000878804 0.999371 0.0354391 -0.184158 -0.0264106 -0.03545 0.999022 -0.774549
210 224 115 0.997396 -0.00754534 -0.0717202 0.962196 0.0105024 0.999106 0.0409438 -0.125063 0.0713472 -0.0415905 0.996584 -0.241947
225 226 10 0.999958 0.00902761 -0.00142532 0.591623 -0.00902891 0.999959 -0.000908265 -0.295133 0.00141706 0.000921096 0.999999 -0.750253
225 227 10 0.999959 0.00880058 0.00213045 -0.967413 -0.00878966 0.999948 -0.00508461 0.222174 -0.00217509 0.00506568 0.999985 -0.12145
225 228 18 0.999671 0.0244938 0.00756019 0.364338 -0.0244458 0.999681 -0.00638414 -0.343776 -0.00771415 0.00619722 0.999951 -0.865492
225 229 147 0.999018 0.0111973 -0.0428705 0.894662 -0.0126215 0.999372 -0.0330968 0.439754 0.042473 0.0336054 0.998532 -0.0787129
225 230 134 0.999314 0.0295357 -0.0223287 0.803258 -0.0292395 0.999482 0.0134776 -0.473027 0.0227152 -0.0128155 0.99966 -0.36197
225 231 46 0.999666 0.0252548 -0.00546615 0.731546 -0.0252782 0.999671 -0.00426657 -0.329942 0.0053566 0.00440332 0.999976 -0.59664
225 232 145 0.998662 0.0356548 -0.0374649 0.841131 -0.0351899 0.999296 0.0129964 -0.480868 0.0379019 -0.0116606 0.999213 -0.247515
225 233 47 0.999649 0.02626 0.00354129 0.686507 -0.0261903 0.999486 -0.0184865 -0.210905 -0.00402493 0.0183872 0.999823 -0.695865
225 234 43 0.999777 0.0211134 -0.000965882 0.752729 -0.0211292 0.999548 -0.0213727 -0.282907 0.000514197 0.0213883 0.999771 -0.594443
225 235 70 0.999851 0.0139681 -0.0101288 0.822537 -0.0142206 0.999579 -0.0253045 -0.203476 0.00977105 0.0254448 0.999628 -0.531065
225 236 152 0.999163 0.0248115 -0.0325303 0.874957 -0.0252229 0.999606 -0.0122963 -0.373329 0.0322124 0.0131065 0.999395 -0.308345
225 237 128 0.999398 0.0211294 -0.0275173 0.916167 -0.0217421 0.999518 -0.0221623 -0.296971 0.0270358 0.0227472 0.999376 -0.269158
225 238 79 0.999411 0.0127403 0.0318718 -0.756709 -0.0114541 0.999125 -0.0402196 -0.0224524 -0.0323563 0.0398308 0.998682 0.653366
225 239 63 0.999426 0.0338727 -0.000835608 0.852086 -0.0338819 0.998887 -0.0327995 -0.216447 -0.000276331 0.032809 0.999462 -0.476551
240 241 0 1 0 0 0 0 1 0 0 0 0 1 0
240 242 185 0.9995 0.000815637 0.0315945 -0.918689 -0.000503989 0.999951 -0.00987069 0.0734797 -0.031601 0.00984983 0.999452 0.388086
240 243 61 0.99987 0.00299344 -0.0158463 0.77967 -0.00316701 0.999935 -0.0109396 -0.0404732 0.0158125 0.0109883 0.999815 0.624881
240 244 59 0.999819 0.0064361 -0.0179061 0.893987 -0.00668035 0.999885 -0.0136142 -0.0529605 0.0178164 0.0137313 0.999747 0.444952
240 245 161 0.999201 0.0104916 -0.0385676 0.882598 -0.0115517 0.999559 -0.0273674 0.143792 0.0382634 0.027791 0.998881 0.447599
240 246 77 0.999697 0.0162915 -0.0184456 0.981017 -0.0166277 0.999696 -0.0182251 -0.165238 0.0181431 0.0185262 0.999664 0.101499
240 247 65 0.99986 0.0143851 -0.00859223 0.979234 -0.0145187 0.999772 -0.0156877 -0.0632292 0.0083646 0.0158102 0.99984 0.192619
240 248 74 0.999801 0.0152993 -0.0127861 0.954676 -0.0154332 0.999826 -0.0104341 -0.0754142 0.0126243 0.0106293 0.999864 0.287934
240 249 84 0.999663 0.0246468 -0.00815984 0.899437 -0.0246756 0.99969 -0.00343907 -0.106342 0.00807254 0.00363926 0.999961 0.423916
240 250 130 0.998723 0.010921 -0.0493273 0.916755 -0.0119243 0.999727 -0.0200905 0.139518 0.0490944 0.020653 0.998581 0.374293
240 251 87 0.999687 0.0248808 0.00264612 0.916234 -0.0248912 0.999682 0.00397433 -0.0878179 -0.00254639 -0.00403895 0.999989 0.390901
240 252 115 0.999788 0.0201822 0.0040975 0.915643 -0.0201946 0.999792 0.00301548 -0.010286 -0.00403579 -0.00309759 0.999987 0.40186
240 253 114 0.999788 -0.00321813 -0.0203347 0.910087 0.00297646 0.999925 -0.0119038 0.119808 0.0203715 0.0118408 0.999722 0.396721
240 254 115 0.99951 0.000771842 -0.0312863 0.992513 -0.000440205 0.999944 0.0106056 -0.0976894 0.0312927 -0.0105866 0.999454 0.0733167
255 256 14 0.999897 -0.0136038 -0.00456131 0.941077 0.0135924 0.999904 -0.00251814 0.337418 0.00459513 0.00245588 0.999986 0.0228741
255 257 20 0.999776 -0.0210886 -0.00187984 0.759063 0.0210922 0.999776 0.00193225 0.245852 0.00183867 -0.00197146 0.999996 0.602811
255 258 146 0.999091 -0.025856 -0.0338993 0.85758 0.0251042 0.999433 -0.0224186 0.4556 0.0344597 0.0215472 0.999174 0.238715
255 259 157 0.991718 -0.0386542 0.12248 -0.852392 0.0356747 0.999014 0.0264274 -0.233963 -0.123381 -0.0218391 0.992119 0.467642
255 260 45 0.999989 -0.0012661 0.00451731 0.746192 0.00120849 0.999918 0.0127327 -0.311985 -0.00453306 -0.0127271 0.999909 0.588101
255 261 64 0.999863 -0.0141617 0.00853762 0.616602 0.0141364 0.999896 0.00301781 0.00620031 -0.00857947 -0.0028967 0.999959 0.787251
255 262 126 0.999016 -0.0216233 -0.0387137 0.940881 0.0210856 0.999676 -0.0142455 0.236274 0.0390092 0.0134152 0.999149 0.242731
255 263 81 0.999827 -0.0160469 -0.00940976 0.866226 0.0161475 0.999812 0.0107118 0.00531152 0.0092361 -0.0108619 0.999898 0.499623
255 264 138 0.998354 -0.029986 -0.0488918 0.851984 0.0293297 0.999471 -0.0140865 0.248117 0.0492883 0.0126293 0.998705 0.461043
255 265 127 0.999295 -0.0248466 -0.0281277 0.857299 0.0249174 0.999687 0.00216726 0.0547206 0.028065 -0.00286661 0.999602 0.511903
255 266 142 0.998649 -0.0266461 -0.0446215 0.889275 0.026849 0.999632 0.00395237 0.0391347 0.0444997 -0.00514507 0.998996 0.455695
255 267 121 0.998626 -0.0291553 -0.0435524 0.832554 0.0290515 0.999573 -0.00301372 0.0920445 0.0436216 0.00174431 0.999047 0.546243
255 268 126 0.989208 -0.0157703 0.145669 -0.796879 0.0188947 0.99962 -0.0200899 0.139589 -0.145297 0.0226255 0.989129 0.587791
255 269 138 0.996733 -0.0378987 -0.071325 0.815061 0.0359068 0.998934 -0.0290044 0.214867 0.0723482 0.0263485 0.997031 0.538059
270 271 147 0.999755 0.0023179 -0.0220218 0.872014 -0.0025045 0.999961 -0.00844998 0.361003 0.0220014 0.00850306 0.999722 0.330556
270 272 82 0.999877 0.00311721 0.0153512 -0.329093 -0.00303491 0.999981 -0.00538169 0.167548 -0.0153677 0.00533444 0.999868 0.929315
270 273 93 0.999937 0.0109961 0.00229062 0.578629 -0.0110065 0.999929 0.00457408 -0.147143 -0.00224016 -0.00459901 0.999987 0.802208
270 274 133 0.999894 0.0127566 -0.00694769 0.645677 -0.0127575 0.999919 -8.31675e-05 0.0375132 0.00694607 0.000171794 0.999976 0.762689
270 275 134 0.99986 0.0146102 -0.00816717 0.753028 -0.0145258 0.999841 0.0102979 -0.228258 0.00831633 -0.0101778 0.999914 0.617128
270 276 103 0.999947 0.00952262 -0.00392853 0.682805 -0.00948642 0.999913 0.00913443 -0.128414 0.00401517 -0.00909668 0.999951 0.719227
270 277 129 0.999707 0.00946978 -0.0222712 0.783658 -0.00931694 0.999932 0.00695637 -0.0729466 0.0223356 -0.00674684 0.999728 0.616894
270 278 115 0.99985 0.00717083 -0.0157511 0.755762 -0.00713349 0.999972 0.00242551 -0.0091325 0.0157681 -0.00231279 0.999873 0.654783
270 279 101 0.999486 0.0238864 -0.0214035 0.825398 -0.0235152 0.999572 0.0174275 -0.147857 0.0218106 -0.0169152 0.999619 0.544845
270 280 96 0.999427 0.0164505 -0.0295651 0.812991 -0.0162535 0.999844 0.00688796 -0.0193944 0.0296738 -0.00640348 0.999539 0.581954
270 281 109 0.99954 0.0209842 -0.0218808 0.775118 -0.0207994 0.999746 0.00864065 -0.0568336 0.0220566 -0.00818157 0.999723 0.629256
270 282 88 0.999734 0.0199202 -0.0115996 0.805236 -0.0197784 0.99973 0.012216 -0.0876231 0.0118398 -0.0119833 0.999858 0.586445
270 283 90 0.99964 0.0232474 -0.0133988 0.771825 -0.0230719 0.999648 0.0131087 -0.0769481 0.0136988 -0.0127949 0.999824 0.631162
270 284 96 0.999761 0.0192562 -0.0103155 0.764048 -0.0191487 0.999762 0.0104233 -0.0944436 0.0105137 -0.0102233 0.999892 0.63821
285 286 28 0.999981 -0.00222961 0.00580281 0.236299 0.00224005 0.999996 -0.00179242 -0.0787305 -0.00579879 0.00180538 0.999982 0.968485
285 287 137 0.999939 0.00386369 -0.0103569 0.859968 -0.00395806 0.999951 -0.00910588 -0.0505438 0.0103212 0.00914631 0.999905 0.507839
285 288 96 0.99971 -0.00365086 0.0238162 -0.203022 0.00388312 0.999945 -0.00971349 -0.162286 -0.0237795 0.00980315 0.999669 0.965632
285 289 107 0.999948 0.00453383 -0.0090939 0.819133 -0.00454318 0.999989 -0.00100747 -0.284662 0.00908923 0.00104873 0.999958 0.497985
285 290 97 0.999947 0.00729557 -0.00725182 0.822797 -0.00735775 0.999936 -0.00858519 -0.314518 0.00718873 0.00863809 0.999937 0.473374
285 291 137 0.999834 0.0138859 -0.0118284 0.918043 -0.014049 0.999806 -0.0138199 -0.191625 0.0116342 0.0139838 0.999835 0.347098
285 292 107 0.999829 0.0160805 -0.00910624 0.782674 -0.0161485 0.999842 -0.00743943 -0.309934 0.00898517 0.00758521 0.999931 0.539781
285 293 96 0.99985 0.0137505 -0.0105625 0.828958 -0.013941 0.999737 -0.0181837 -0.192425 0.0103097 0.0183282 0.999779 0.525168
285 294 119 0.999143 0.0191588 -0.0366772 0.855913 -0.0196732 0.999712 -0.0137138 -0.226694 0.0364039 0.0144236 0.999233 0.464782
285 295 95 0.99956 0.0292572 -0.00485186 0.713436 -0.0293451 0.999386 -0.0191615 -0.233231 0.00428827 0.0192955 0.999805 0.660766
285 296 83 0.998993 0.0399041 -0.0204967 0.790873 -0.0400724 0.999166 -0.00786346 -0.384115 0.0201658 0.00867689 0.999759 0.47642
285 297 90 0.999119 0.0412018 -0.00800911 0.723338 -0.0413551 0.998944 -0.020031 -0.317216 0.00717534 0.0203446 0.999767 0.613316
285 298 101 0.998938 0.041026 -0.0209872 0.770571 -0.0414796 0.998905 -0.0216538 -0.202058 0.0200759 0.0225013 0.999545 0.604477
285 299 79 0.998332 0.0469579 -0.033589 0.821283 -0.047597 0.998696 -0.0184866 -0.235156 0.0326771 0.0200545 0.999265 0.519804
300 301 10 0.999999 -0.000326296 0.0014904 0.331575 0.000324745 0.999999 0.00104139 0.301782 -0.00149074 -0.00104091 0.999998 -0.89386
300 302 19 0.999989 -0.0011386 -0.00448121 0.217894 0.00113196 0.999998 -0.00148223 -0.115735 0.00448289 0.00147714 0.999989 0.969086
300 303 13 0.999994 -0.000313826 -0.00339028 0.392526 0.000302673 0.999995 -0.00328981 0.0255189 0.00339129 0.00328876 0.999989 -0.919387
300 304 11 0.999914 0.000584862 -0.0131154 0.945951 -0.00056262 0.999998 0.00169956 -0.271839 0.0131164 -0.00169203 0.999913 0.176864
300 305 55 0.999797 0.000635143 -0.0201281 0.958409 -0.000584524 0.999997 0.00252065 -0.121116 0.0201296 -0.00250837 0.999794 0.258422
300 306 68 0.999601 0.00679499 -0.0274279 0.986945 -0.0067452 0.999975 0.00190745 -0.069205 0.0274402 -0.00172168 0.999622 0.145434
300 307 82 0.999549 0.0127797 -0.0271874 0.938555 -0.0126687 0.999911 0.00424857 -0.05171 0.0272393 -0.00390222 0.999621 0.341234
300 308 116 0.996476 0.0114387 -0.0830906 0.964469 -0.0129004 0.999771 -0.017077 0.221202 0.0828762 0.0180887 0.996396 0.144459
300 309 109 0.997866 0.0128486 -0.0640174 0.983899 -0.013095 0.999908 -0.00343094 0.0799895 0.0639675 0.00426193 0.997943 0.159824
300 310 125 0.997638 0.0106394 -0.0678639 0.978282 -0.0110984 0.999918 -0.0063907 0.170576 0.0677903 0.00712878 0.997674 0.117763
300 311 65 0.999511 0.0204433 -0.0236451 0.944568 -0.0201458 0.999716 0.012754 -0.189941 0.0238991 -0.0122714 0.999639 0.267794
300 312 72 0.99935 0.0274152 -0.0234117 0.972127 -0.0271054 0.999542 0.0134459 -0.174117 0.0237696 -0.0128026 0.999635 0.157012
300 313 59 0.999246 0.0245359 -0.0300957 0.989191 -0.0240606 0.999582 0.016053 -0.109151 0.0304769 -0.0153168 0.999418 0.0979183
300 314 85 0.995631 0.0311871 -0.0880101 0.980131 -0.0307949 0.999509 0.0058107 0.0329838 0.0881481 -0.00307505 0.996103 0.195587
315 316 0 1 0 0 0 0 1 0 0 0 0 1 0
315 317 11 0.999999 0.000224642 0.00113616 0.0969317 -0.000216495 0.999974 -0.00716573 -0.373703 -0.00113774 0.00716548 0.999974 0.92247
315 318 14 0.999996 0.00266692 0.00123827 0.182213 -0.00265175 0.999923 -0.0120928 0.142291 -0.00127043 0.0120894 0.999926 -0.972909
315 319 15 0.999946 0.00876786 -0.00550471 0.620638 -0.00883803 0.999878 -0.012855 -0.085734 0.00539132 0.012903 0.999902 -0.779396
315 320 82 0.997742 0.0129934 -0.065899 0.992784 -0.0145839 0.999612 -0.0237117 0.119496 0.0655654 0.0246192 0.997545 0.0100158
315 321 21 0.999767 0.0215053 -0.00184736 0.577554 -0.0215354 0.999601 -0.0182599 0.0665588 0.00145394 0.0182954 0.999832 -0.813635
315 322 64 0.997967 0.0349051 -0.0533284 0.999731 -0.0360299 0.999145 -0.0202778 0.00657611 0.052575 0.022158 0.998371 0.0222572
315 323 50 0.998339 0.0462906 -0.0342986 0.994018 -0.0468154 0.998796 -0.014659 -0.0959942 0.0335787 0.0162404 0.999304 -0.0520952
315 324 23 0.998251 0.0543447 -0.0232522 0.743734 -0.0546841 0.998402 -0.0142207 -0.0404664 0.0224422 0.0154674 0.999628 -0.66725
315 325 32 0.99813 0.0603693 -0.00958053 -0.955476 -0.0604763 0.998106 -0.0112985 0.0951998 0.0088803 0.0118568 0.99989 0.27929
315 326 61 0.997058 0.0602682 -0.0473693 0.994045 -0.0608742 0.99808 -0.0114555 0.0220086 0.0465879 0.0143054 0.998812 -0.106721
315 327 34 0.998155 0.0583507 -0.0167605 -0.701733 -0.0585336 0.998229 -0.0106382 -0.137314 0.01611 0.0115996 0.999803 0.699082
315 328 77 0.993474 0.0513549 -0.101845 0.977318 -0.0541926 0.99821 -0.0252925 0.193561 0.100364 0.0306467 0.994479 -0.0859311
315 329 73 0.994096 0.0648583 -0.0869875 0.998119 -0.0656712 0.99782 -0.00651373 0.02878 0.0863754 0.0121878 0.996188 -0.0541272
330 331 18 0.999989 0.00440999 0.00133214 -0.568803 -0.00441228 0.999989 0.00172089 -0.00325183 -0.00132454 -0.00172675 0.999998 -0.822467
330 332 13 0.999999 0.000462428 0.00135698 -0.760179 -0.000469005 0.999988 0.00485012 -0.64596 -0.00135472 -0.00485075 0.999987 -0.0697384
330 333 36 0.999837 0.00414472 -0.0175923 0.978836 -0.00413125 0.999991 0.000801875 0.203455 0.0175954 -0.000729066 0.999845 -0.0220653
330 334 0 1 0 0 0 0 1 0 0 0 0 1 0
330 335 154 0.998711 4.78719e-05 -0.0507614 0.989257 1.37132e-05 0.999999 0.00121288 0.113035 0.0507614 -0.00121201 0.99871 0.0927018
330 336 20 0.999887 0.00269912 -0.0147779 0.914945 -0.00260954 0.999978 0.00607786 6.54348e-05 0.014794 -0.00603861 0.999872 0.403579
