0 1 13 0.999993 -0.00370049 -0.00044104 0.197239 0.00369991 0.999992 -0.00130693 0.97922 0.000445872 0.00130529 0.999999 0.0471777
0 2 38 0.999989 -0.00473225 2.0188e-05 0.252498 0.00473219 0.999986 0.00220732 0.428111 -3.06333e-05 -0.0022072 0.999998 -0.867736
0 3 34 1 -0.000674623 -0.000404582 0.339604 0.000675386 0.999998 0.00188808 -0.030174 0.000403307 -0.00188835 0.999998 0.940084
0 4 59 0.999991 -0.00410334 0.000549827 0.408408 0.00410176 0.999988 0.00283855 0.00787308 -0.000561468 -0.00283627 0.999996 -0.912766
0 5 37 0.999984 -0.00568054 -0.000447788 0.0448654 0.00568158 0.999981 0.00235096 -0.0294778 0.000434425 -0.00235346 0.999997 0.998558
0 6 38 0.999988 -0.00498363 -8.03062e-05 -0.204825 0.00498373 0.999987 0.00139325 0.161433 7.33616e-05 -0.00139363 0.999999 0.965394
0 7 25 0.999966 -0.00319818 -0.00755256 0.796789 0.00318546 0.999993 -0.00169584 0.4113 0.00755793 0.00167172 0.99997 0.442672
0 8 42 0.999988 -0.00480295 0.000577148 0.307525 0.00480178 0.999986 0.00200304 -0.0615089 -0.00058676 -0.00200024 0.999998 -0.94955
0 9 30 0.999989 -0.00467068 -0.000354621 -0.195446 0.00467147 0.999987 0.00224342 0.0377194 0.000344138 -0.00224505 0.999997 0.979989
0 10 22 0.999971 -0.00271225 -0.00708187 0.731578 0.00273144 0.999993 0.00270119 0.0901049 0.00707449 -0.00272046 0.999971 0.675777
0 11 42 0.999995 -0.00296884 -0.000942266 0.340461 0.00297056 0.999994 0.00183014 -0.339056 0.000936827 -0.00183293 0.999998 -0.876999
0 12 46 0.999998 0.0016955 -0.000748964 0.396524 -0.00169412 0.999997 0.00184521 -0.148675 0.000752091 -0.00184394 0.999998 -0.905905
0 13 42 0.999989 0.00473338 3.89458e-05 0.258459 -0.00473346 0.999986 0.00228151 -0.220727 -2.8146e-05 -0.00228167 0.999997 -0.940467
0 14 26 0.999968 0.00686355 -0.0042234 0.746086 -0.00683888 0.99996 0.00582845 -0.20483 0.00426323 -0.00579938 0.999974 0.633562
15 16 47 0.999997 -0.000183068 -0.00236538 0.319164 0.000184943 1 0.000792465 -0.045831 0.00236523 -0.000792901 0.999997 -0.946591
15 17 25 0.999987 -4.70081e-05 -0.00517664 0.671594 5.25186e-05 0.999999 0.00106438 -0.0637838 0.00517658 -0.00106464 0.999986 0.738169
15 18 36 0.999992 0.00400544 8.70432e-05 -0.0554347 -0.00400554 0.999991 0.00118641 -0.129736 -8.22904e-05 -0.00118675 0.999999 -0.989998
15 19 37 0.999981 0.0061002 0.00100683 0.180843 -0.00610251 0.999979 0.00230804 -0.24149 -0.000992725 -0.00231414 0.999997 -0.953404
15 20 16 0.999984 0.00500003 -0.00255962 0.776067 -0.00498823 0.999977 0.00459661 -0.34905 0.00258255 -0.00458377 0.999986 0.525246
15 21 46 0.999938 0.0102881 0.00427083 0.289353 -0.0102971 0.999945 0.00209717 -0.230129 -0.00424902 -0.00214102 0.999989 -0.929148
15 22 73 0.999969 0.00669561 0.00423843 0.0409609 -0.00670921 0.999972 0.00320301 -0.00584253 -0.00421687 -0.00323135 0.999986 0.999144
15 23 100 0.99997 0.00665123 0.003872 -0.0379216 -0.00666058 0.999975 0.00240687 -0.0389439 -0.00385589 -0.00243259 0.99999 0.998522
15 24 537 0.999855 0.0038098 -0.0165951 0.991892 -0.00373943 0.999984 0.0042691 -0.0267578 0.0166111 -0.00420642 0.999853 0.124235
15 25 37 0.999979 0.0012138 -0.00643549 0.847182 -0.00117627 0.999982 0.00583215 0.023067 0.00644245 -0.00582446 0.999962 0.530802
15 26 35 0.999975 0.00464549 -0.00537155 0.764258 -0.00460458 0.999961 0.00760232 -0.392899 0.00540666 -0.0075774 0.999957 0.51141
15 27 838 0.999847 0.00135433 -0.0174599 0.923055 -0.00120909 0.999965 0.00832607 -0.249806 0.0174706 -0.00830368 0.999813 0.292518
15 28 598 0.999886 0.00395498 -0.0145762 0.937481 -0.00386162 0.999972 0.00642729 -0.232858 0.0146012 -0.00637027 0.999873 0.258663
15 29 910 0.999509 0.00526642 -0.0308791 0.929613 -0.00492555 0.999926 0.0111046 -0.305625 0.0309353 -0.010947 0.999461 0.205945
30 31 20 0.999995 0.00282752 0.00161753 -0.0234267 -0.00283024 0.999995 0.00168473 -0.988008 -0.00161276 -0.0016893 0.999997 -0.152617
30 32 18 0.999991 0.00228443 0.0035974 0.230556 -0.0022692 0.999988 -0.00422966 -0.429041 -0.00360702 0.00422146 0.999985 -0.873366
30 33 33 0.999972 0.000602917 0.00742302 -0.00343681 -0.000560125 0.999983 -0.00576547 -0.100129 -0.00742637 0.00576115 0.999956 -0.994969
30 34 45 0.999942 -0.00144812 0.0106716 -0.185803 0.00156755 0.999936 -0.0111909 -0.0624953 -0.0106547 0.011207 0.99988 0.980598
30 35 67 0.999903 -0.00503285 0.0130148 -0.475556 0.00521101 0.999893 -0.0136918 -0.240039 -0.0129445 0.0137583 0.999822 0.846302
30 36 27 0.999927 -0.000792422 0.0120569 0.632168 0.000944201 0.99992 -0.0125881 -0.196341 -0.012046 0.0125986 0.999848 -0.749542
30 37 460 0.999991 -0.00320411 -0.00262536 0.964948 0.00317947 0.999951 -0.00933645 -0.0704394 0.00265515 0.00932802 0.999953 -0.25281
30 38 95 0.99983 -0.00754974 0.0168003 0.347311 0.00769546 0.999933 -0.00862592 0.0858226 -0.0167341 0.00875374 0.999822 -0.933815
30 39 128 0.999945 -0.00848672 0.00616741 0.95 0.00850549 0.999959 -0.00302253 -0.275895 -0.00614151 0.00307482 0.999976 -0.146223
30 40 88 0.999789 -0.0122992 0.0164634 0.750401 0.0123653 0.999916 -0.0039217 0.055708 -0.0164138 0.00412445 0.999857 -0.658631
30 41 852 0.999986 -0.00518793 0.000898052 0.987132 0.00518175 0.999964 0.00675174 -0.15262 -0.000933047 -0.00674699 0.999977 -0.0477172
30 42 865 0.999977 -0.00588836 0.00339003 0.987138 0.00588774 0.999983 0.000191116 -0.039542 -0.00339109 -0.000171152 0.999994 0.154904
30 43 28 0.999705 -0.00523843 0.0237278 -0.984304 0.00530908 0.999982 -0.00291574 0.175401 -0.0237121 0.00304085 0.999714 -0.0194686
30 44 206 0.999949 -0.00741522 0.00691802 0.992923 0.00741456 0.999973 0.000121041 -0.0717264 -0.00691873 -6.97407e-05 0.999976 -0.0946485
45 46 18 0.99995 0.00995997 -0.00082482 -0.0476532 -0.00995728 0.999945 0.00320119 0.863114 0.000856658 -0.00319281 0.999995 0.502755
45 47 46 0.999892 0.0133712 -0.00608443 0.624077 -0.0133746 0.99991 -0.00052342 0.728172 0.00607688 0.00060474 0.999981 0.283361
45 48 18 0.999894 0.0131003 0.00638392 -0.813082 -0.0131846 0.999824 0.0133363 -0.154895 -0.00620809 -0.0134191 0.999891 0.561165
45 49 51 0.999752 0.020793 0.00798137 0.367336 -0.0209222 0.999646 0.0164615 -0.0191974 -0.00763625 -0.0166244 0.999833 -0.92989
45 50 30 0.999856 0.0167877 0.00230817 -0.494695 -0.0168271 0.999692 0.0182364 -0.509776 -0.00200131 -0.0182726 0.999831 0.70385
45 51 65 0.999767 0.0210692 -0.00468718 0.358207 -0.0209956 0.999664 0.015231 0.189647 0.00500651 -0.015129 0.999873 0.914178
45 52 70 0.999764 0.0214049 -0.00380118 0.179077 -0.0213493 0.999673 0.014105 0.00971546 0.00410185 -0.0140205 0.999893 0.983787
45 53 229 0.999483 0.023697 -0.021737 0.852494 -0.0235967 0.99971 0.00485803 0.327792 0.0218458 -0.0043426 0.999752 0.407192
45 54 18 0.999538 0.0254722 -0.0165584 0.887085 -0.0253507 0.99965 0.00750755 -0.295891 0.0167438 -0.00708432 0.999835 0.3543
45 55 167 0.99926 0.0232206 -0.0306507 0.964077 -0.0232375 0.99973 -0.000194579 0.2568 0.0306379 0.000906681 0.99953 0.0678968
45 56 83 0.999454 0.0279423 -0.0176451 0.276661 -0.0279119 0.999608 0.00196399 0.056139 0.0176931 -0.0014704 0.999842 -0.959327
45 57 838 0.997715 0.0298507 -0.0606135 0.961798 -0.0305171 0.999483 -0.0100993 0.22812 0.0602807 0.011926 0.99811 0.151346
45 58 854 0.997472 0.0304989 -0.0641805 0.993688 -0.0309266 0.999506 -0.0056822 0.0905115 0.0639755 0.00765272 0.997922 0.0662674
45 59 859 0.996704 0.0357241 -0.0728318 0.978932 -0.0352627 0.999349 0.00761204 -0.175084 0.0730563 -0.0050187 0.997315 -0.10506
60 61 35 1 0.000901667 0.000178157 -0.492232 -0.000901965 0.999998 0.00168182 0.103199 -0.00017664 -0.00168198 0.999999 0.864325
60 62 33 0.999978 0.0017757 -0.00637508 0.970549 -0.00174089 0.999984 0.00546282 0.212115 0.00638468 -0.0054516 0.999965 -0.114198
60 63 254 0.99993 0.00688235 -0.00964033 0.969127 -0.00674155 0.999871 0.0145623 -0.208835 0.00973931 -0.0144963 0.999847 -0.131077
60 64 828 0.99987 0.00811855 -0.0139526 0.98216 -0.00801202 0.999938 0.00767449 0.0187443 0.014014 -0.00756171 0.999873 0.187111
60 65 111 0.999928 0.0106343 0.00549695 0.968648 -0.0106687 0.999923 0.00627565 -0.0965494 -0.00542979 -0.00633385 0.999965 0.228908
60 66 930 0.999886 0.00894742 -0.0121545 0.941388 -0.0089676 0.999958 -0.00160736 0.0915461 0.0121396 0.00171618 0.999925 0.324667
60 67 880 0.999757 0.0118268 -0.0185791 0.999117 -0.0118219 0.99993 0.000372976 0.00966127 0.0185823 -0.000153244 0.999827 0.0408992
60 68 677 0.999954 0.00927409 0.0023581 0.989063 -0.00927285 0.999957 -0.000539595 -0.0864674 -0.002363 0.000517704 0.999997 0.119491
60 69 797 0.999895 0.0136132 0.00504189 0.922045 -0.0136389 0.999894 0.00510971 -0.359021 -0.0049718 -0.00517794 0.999974 -0.144694
60 70 772 0.999864 0.0152348 -0.00626232 0.990883 -0.0152282 0.999883 0.00110541 -0.111799 0.00627843 -0.0010099 0.99998 -0.0751844
60 71 743 0.99982 0.0177824 -0.00663027 0.982471 -0.0177357 0.999818 0.00703514 -0.174321 0.00675416 -0.00691628 0.999953 -0.0660538
60 72 748 0.999641 0.0216577 -0.0157961 0.992894 -0.0216541 0.999765 0.000401208 -0.0387462 0.0158011 -5.9014e-05 0.999875 0.112513
60 73 716 0.99982 0.0181318 0.00550649 0.99087 -0.0181117 0.999829 -0.00368278 -0.00775337 -0.00557233 0.00358239 0.999978 0.134594
60 74 713 0.999756 0.0194391 -0.0104907 0.983075 -0.0195512 0.999752 -0.0106859 0.0291458 0.0102804 0.0108884 0.999888 0.180871
75 76 41 0.999992 -0.00348113 -0.00196836 0.320276 0.0034765 0.999991 -0.00234812 0.35695 0.00197651 0.00234126 0.999995 -0.877502
75 77 24 0.999928 -0.00320492 -0.0115312 0.8724 0.00319965 0.999995 -0.000475868 0.0283514 0.0115327 0.000438938 0.999933 -0.48797
75 78 694 0.999782 -0.000347909 -0.0208928 0.99027 0.000307379 0.999998 -0.00194306 0.137486 0.0208935 0.00193621 0.99978 0.0214959
75 79 237 0.999937 0.00718186 -0.00857607 0.811734 -0.00711638 0.999945 0.00764109 -0.526913 0.00863048 -0.00757958 0.999934 -0.251894
75 80 145 0.999917 0.00782083 0.0102172 0.345028 -0.00780965 0.999969 -0.00113385 -0.0342853 -0.0102257 0.00105396 0.999947 -0.937966
75 81 818 0.999716 0.00186633 -0.0237392 0.998389 -0.00188262 0.999998 -0.000663584 0.0460703 0.0237379 0.000708088 0.999718 -0.0331248
75 82 848 0.99911 -0.0041699 -0.041977 0.965895 0.00375204 0.999943 -0.0100284 0.248157 0.0420165 0.00986193 0.999068 0.0739265
75 83 803 0.9996 -0.00484261 -0.02788 0.991836 0.00479208 0.999987 -0.00187886 0.0649099 0.0278887 0.00174451 0.99961 0.109762
75 84 777 0.999269 -0.00510791 -0.0378734 0.999215 0.00520219 0.999984 0.00239131 0.0155361 0.0378605 -0.00258659 0.99928 0.0364347
75 85 779 0.999221 -0.000491808 -0.039469 0.989991 0.000493163 1 2.45866e-05 0.136845 0.039469 -4.40321e-05 0.999221 0.0345052
75 86 676 0.999698 -0.00437927 -0.0241682 0.999812 0.00460975 0.999944 0.00948905 0.0103289 0.0241253 -0.0095976 0.999663 -0.016435
75 87 717 0.998671 0.00252141 -0.0514769 0.99034 -0.00209138 0.999962 0.00840599 0.0994619 0.0514962 -0.00828716 0.998639 0.0966178
75 88 679 0.998707 0.00981658 -0.0498859 0.99019 -0.00871293 0.999714 0.0222929 -0.0894234 0.0500905 -0.0218294 0.998506 0.107367
75 89 695 0.997729 0.0127828 -0.06613 0.98865 -0.0119181 0.999838 0.0134525 0.0519452 0.0662913 -0.0126338 0.99772 0.14097
90 91 25 1 0.000991537 0.000102311 0.707937 -0.000992327 0.999967 0.00803843 -0.100502 -9.43368e-05 -0.00803853 0.999968 0.699088
90 92 834 0.999718 0.00894586 -0.0219782 0.900972 -0.00895896 0.99996 -0.000497558 0.22276 0.0219728 0.000694319 0.999758 0.372326
90 93 29 0.999837 0.0123083 0.0132204 0.847482 -0.0124567 0.99986 0.0111972 -0.444989 -0.0130807 -0.0113601 0.99985 0.289411
90 94 822 0.999907 0.0136546 0.000709161 0.905006 -0.013661 0.999857 0.00994566 -0.11217 -0.000573256 -0.00995442 0.99995 0.410343
90 95 824 0.999951 0.00902332 -0.00396218 0.88262 -0.00897741 0.999894 0.0114537 -0.227453 0.00406511 -0.0114176 0.999927 0.411397
90 96 783 0.999948 0.00996562 -0.00212941 0.883021 -0.00995649 0.999941 0.00425916 -0.101377 0.00217173 -0.00423774 0.999989 0.458254
90 97 747 0.999959 0.00771712 0.0046986 0.790604 -0.00773813 0.99996 0.00447061 -0.231575 -0.00466391 -0.00450679 0.999979 0.56685
90 98 721 0.999764 0.00593498 -0.0208981 0.905523 -0.00595093 0.999982 -0.000701107 -0.149065 0.0208935 0.000825304 0.999781 0.397251
90 99 674 0.999987 0.00112656 -0.00488792 0.800678 -0.00116273 0.999972 -0.00740307 -0.253568 0.00487944 0.00740866 0.999961 0.542787
90 100 704 0.999203 0.00127284 -0.0398956 0.972306 -0.00156757 0.999972 -0.00735714 -0.163478 0.0398851 0.00741382 0.999177 0.16702
90 101 544 0.999955 -0.00816002 0.00475033 0.748895 0.00824119 0.999816 -0.0173273 -0.233528 -0.00460807 0.0173657 0.999839 0.620178
90 102 601 0.999867 -0.00910481 -0.0135615 0.897991 0.00878903 0.999693 -0.0231655 -0.228236 0.0137682 0.0230432 0.99964 0.376191
90 103 544 0.999664 -0.00749761 -0.0248295 0.945589 0.0069611 0.999742 -0.0216244 -0.226172 0.0249852 0.0214443 0.999458 0.233896
90 104 589 0.998255 -0.00473043 -0.0588612 0.977924 0.00243569 0.999236 -0.0389965 -0.0329932 0.0590007 0.0387851 0.997504 0.206339
105 106 27 0.999977 0.00234706 0.00630232 -0.0716146 -0.00232831 0.999993 -0.00298033 0.26736 -0.00630927 0.00296559 0.999976 0.960932
105 107 78 0.999997 0.00149226 -0.00213014 0.963355 -0.00150184 0.999989 -0.00450261 -0.169046 0.0021234 0.0045058 0.999988 -0.208255
105 108 120 0.999964 0.00566764 0.0062477 0.902665 -0.00560106 0.999928 -0.0106244 -0.145555 -0.00630747 0.0105891 0.999924 -0.404981
105 109 144 0.999841 0.00524414 0.0170326 0.585047 -0.00493229 0.99982 -0.0183 0.175812 -0.0171255 0.0182131 0.999687 -0.791714
105 110 767 0.999968 0.00693253 0.00404241 0.88883 -0.00687702 0.999884 -0.0135886 -0.0407755 -0.00413615 0.0135603 0.999899 -0.456419
105 111 778 0.999961 0.00674258 -0.00571618 0.906862 -0.00683011 0.999858 -0.0154353 -0.0157926 0.00561129 0.0154737 0.999865 -0.421132
105 112 728 0.999985 0.00493583 -0.00238361 0.905469 -0.00497966 0.999812 -0.0187472 0.0649641 0.00229063 0.0187588 0.999821 -0.41941
105 113 357 0.999736 0.0125236 0.0192674 0.532684 -0.0121892 0.999775 -0.0173744 -0.0400116 -0.0194806 0.0171349 0.999663 -0.845368
105 114 627 0.999984 0.00324607 -0.00453372 0.743798 -0.00333071 0.999818 -0.0187891 0.0928763 0.0044719 0.0188039 0.999813 -0.66192
105 115 675 0.999971 0.00758096 0.000775671 0.784658 -0.00756664 0.999826 -0.0170472 0.147674 -0.00090477 0.0170408 0.999854 -0.602083
105 116 637 0.999863 0.0132283 -0.00994162 0.816125 -0.0133382 0.99985 -0.011077 0.0588288 0.00979359 0.0112081 0.999889 -0.574873
105 117 567 0.999866 0.0106169 0.0124681 0.666451 -0.0104764 0.999882 -0.011276 0.145464 -0.0125864 0.0111439 0.999859 -0.73122
105 118 595 0.99995 0.00944727 0.00317914 0.741445 -0.00941545 0.999907 -0.00987767 0.200788 -0.00327216 0.00984724 0.999946 -0.640268
105 119 622 0.999625 0.0151082 -0.0228224 0.851137 -0.0149423 0.999861 0.00742448 -0.0137374 0.0229314 -0.00708068 0.999712 -0.524764
120 121 44 0.999999 -0.000792268 0.00151765 0.330478 0.000786674 0.999993 0.00368346 0.505471 -0.00152055 -0.00368226 0.999992 -0.797047
120 122 95 0.999972 0.00638467 0.0038584 0.268003 -0.00643285 0.9999 0.0126054 0.0515808 -0.00377753 -0.0126299 0.999913 -0.962036
120 123 72 0.999813 0.012824 0.0144949 -0.2624 -0.0130006 0.999842 0.0121547 0.0859035 -0.0143368 -0.0123409 0.999821 -0.961128
120 124 748 0.999746 0.0206285 -0.00904793 0.874089 -0.0206296 0.999787 -3.07378e-05 0.379165 0.00904537 0.000217385 0.999959 -0.303649
120 125 771 0.999458 0.0298928 -0.0137917 0.865311 -0.0299694 0.999536 -0.00538774 0.359845 0.0136243 0.00579815 0.99989 -0.348924
120 126 755 0.999542 0.0301885 0.00185962 0.759711 -0.03019 0.999544 0.000778446 0.230695 -0.00183528 -0.000834232 0.999998 -0.607962
120 127 708 0.999576 0.0288556 -0.00397674 0.633382 -0.0288917 0.999539 -0.00934847 0.359862 0.00370515 0.00945939 0.999948 -0.685074
120 128 637 0.999495 0.0317444 0.00163323 0.540532 -0.0317527 0.999481 0.00533949 0.0280916 -0.00146289 -0.00538865 0.999984 -0.840854
120 129 698 0.9992 0.0352213 -0.0189652 0.644093 -0.0354485 0.999302 -0.0117817 0.340978 0.018537 0.0124445 0.999751 -0.684747
120 130 687 0.998751 0.0389605 -0.0312664 0.652909 -0.0393801 0.999141 -0.0129195 0.309339 0.0307362 0.0141347 0.999428 -0.69139
120 131 609 0.99894 0.0348521 -0.0300593 0.595998 -0.0353862 0.999222 -0.0174228 0.394357 0.0294287 0.018468 0.999396 -0.699478
120 132 634 0.999276 0.033935 -0.0172295 0.371447 -0.0340661 0.999392 -0.00737513 0.347223 0.0169688 0.00795673 0.999824 -0.861083
120 133 607 0.998737 0.0395945 -0.030915 0.521206 -0.0397206 0.999205 -0.00347563 0.311736 0.0307528 0.00469921 0.999516 -0.794459
120 134 606 0.997897 0.0375632 -0.0528305 0.623268 -0.0383964 0.999152 -0.0148445 0.385068 0.0522281 0.0168418 0.998493 -0.680632
135 136 47 0.999998 0.00208704 -0.000604965 0.0673761 -0.00208452 0.999989 0.00413646 -0.0656838 0.000613592 -0.00413519 0.999991 -0.995563
135 137 18 0.999996 0.00246485 0.0013507 0.712895 -0.00246969 0.999991 0.00359096 0.532737 -0.00134183 -0.00359428 0.999993 0.456039
135 138 189 0.999982 0.00485223 -0.00350526 0.118522 -0.00483107 0.99997 0.00601823 -0.14246 0.00353436 -0.00600119 0.999976 -0.982679
135 139 142 0.999915 0.00387023 -0.0124455 0.478194 -0.00381022 0.999981 0.0048423 0.308955 0.012464 -0.00479446 0.999911 -0.822117
135 140 340 0.999882 0.00392831 -0.0148437 0.507191 -0.00385379 0.99998 0.0050459 0.30527 0.0148632 -0.0049881 0.999877 -0.805957
135 141 787 0.999332 0.00860315 -0.0355151 0.768725 -0.00891565 0.999923 -0.00865027 0.498983 0.0354379 0.00896113 0.999332 -0.400097
135 142 780 0.999393 0.00789948 -0.0339371 0.637217 -0.00809727 0.999951 -0.00569461 0.449738 0.0338905 0.00596595 0.999408 -0.625851
135 143 766 0.999284 0.00746976 -0.0371021 0.575362 -0.00758945 0.999966 -0.00308606 0.42094 0.0370778 0.00336543 0.999307 -0.701262
135 144 670 0.999445 0.0100881 -0.0317546 0.47388 -0.00977955 0.999904 0.00985799 0.276629 0.031851 -0.00954197 0.999447 -0.836011
135 145 701 0.998682 0.0164812 -0.0486006 0.60281 -0.0167221 0.99985 -0.00455439 0.522696 0.0485182 0.00536109 0.998808 -0.602835
135 146 657 0.99901 0.027314 -0.0351084 0.387407 -0.0264036 0.99931 0.026137 0.158225 0.0357981 -0.0251842 0.999042 -0.908229
135 147 579 0.99876 0.0345714 -0.0358283 0.417247 -0.0333353 0.998847 0.0345433 0.150712 0.0369812 -0.0333061 0.998761 -0.896209
135 148 656 0.997703 0.0379436 -0.0561092 0.625492 -0.0364553 0.998962 0.0273162 0.300584 0.0570874 -0.025208 0.998051 -0.720006
135 149 595 0.996632 0.0393414 -0.0719467 0.701694 -0.0377352 0.99901 0.0235496 0.364062 0.072802 -0.0207554 0.99713 -0.612441
150 151 50 0.999963 0.00846159 0.00150288 0.259513 -0.00848301 0.999854 0.0148622 -0.609642 -0.0013769 -0.0148744 0.999888 -0.748992
150 152 78 0.999831 0.0177336 0.00479005 0.00326629 -0.0178194 0.99967 0.0185182 -0.646387 -0.00446008 -0.0186004 0.999817 -0.763002
150 153 30 0.999718 0.0236802 -0.00192504 0.850003 -0.0236659 0.999694 0.00715895 0.283157 0.00209398 -0.00711138 0.999973 0.444204
150 154 94 0.999572 0.0279986 -0.00852295 0.410401 -0.0278882 0.999529 0.0128114 0.20308 0.00887763 -0.0125682 0.999882 -0.889005
150 155 38 0.999533 0.0258616 -0.016297 0.690504 -0.0256019 0.999545 0.0159474 0.167705 0.016702 -0.0155227 0.99974 -0.703619
150 156 160 0.999404 0.0337808 -0.0071686 0.00162675 -0.0336233 0.999213 0.0210542 -0.120795 0.00787419 -0.0208006 0.999753 -0.992676
150 157 383 0.998836 0.0336427 -0.0345765 0.892417 -0.033211 0.999364 0.0129836 0.218196 0.0349913 -0.0118202 0.999318 -0.394946
150 158 175 0.999598 0.0277124 -0.00593936 0.119593 -0.0276104 0.999481 0.0166129 0.274046 0.00639665 -0.0164422 0.999844 -0.954252
150 159 385 0.99784 0.0378792 -0.0536711 0.804804 -0.0381579 0.999263 -0.00417782 0.471682 0.0534733 0.00621678 0.99855 -0.360288
150 160 378 0.996681 0.0388832 -0.0715163 0.859137 -0.0392366 0.999224 -0.00354385 0.353262 0.071323 0.00633815 0.997433 -0.370255
150 161 398 0.99764 0.0400193 -0.0557849 0.629682 -0.0396782 0.999186 0.00721017 0.279063 0.056028 -0.00497972 0.998417 -0.725
150 162 411 0.997886 0.0360382 -0.0540749 0.608222 -0.0352252 0.999253 0.0159133 0.218426 0.0546079 -0.0139749 0.99841 -0.763123
150 163 360 0.996652 0.042836 -0.0696389 0.686696 -0.0419251 0.999016 0.0144915 0.270773 0.0701911 -0.0115234 0.997467 -0.674633
150 164 375 0.993222 0.042836 -0.108049 0.792599 -0.0446602 0.998897 -0.0145188 0.488647 0.107308 0.0192459 0.99404 -0.364706
165 166 28 0.999967 0.00724175 -0.00379193 0.393339 -0.00722208 0.999961 0.00517656 0.424379 0.00382926 -0.00514901 0.999979 -0.81559
165 167 51 0.999873 0.010864 -0.011636 0.581234 -0.0107679 0.999908 0.0082849 0.0862273 0.0117249 -0.00815856 0.999898 -0.809155
165 168 215 0.99988 0.00984238 -0.0119829 0.324795 -0.00974379 0.999918 0.00825907 0.217539 0.0120632 -0.00814132 0.999894 -0.920427
165 169 769 0.999418 0.0167944 -0.0296846 0.646588 -0.0168429 0.999857 -0.00138504 0.466234 0.0296571 0.00188421 0.999558 -0.603779
165 170 765 0.999322 0.01719 -0.0325608 0.604356 -0.017091 0.999848 0.00331715 0.286586 0.0326128 -0.00275841 0.999464 -0.743386
165 171 747 0.998876 0.0208369 -0.0425804 0.719233 -0.0206568 0.999776 0.00466357 0.289411 0.0426681 -0.00377875 0.999082 -0.631621
165 172 745 0.998082 0.0223716 -0.057728 0.741743 -0.0230507 0.999672 -0.0111248 0.464704 0.0574602 0.0124341 0.99827 -0.483599
165 173 762 0.996906 0.0206188 -0.075853 0.741726 -0.0224501 0.999475 -0.0233694 0.504985 0.0753313 0.025 0.996845 -0.441398
165 174 752 0.998012 0.0233431 -0.0585452 0.585489 -0.0233655 0.999727 0.000302944 0.341061 0.0585363 0.00106559 0.998285 -0.735446
165 175 670 0.997646 0.0316815 -0.0608178 0.608747 -0.0311544 0.999469 0.00959532 0.241724 0.0610895 -0.00767799 0.998103 -0.755644
165 176 638 0.998322 0.0327204 -0.0477746 0.527468 -0.032484 0.999456 0.00571751 0.327081 0.0479357 -0.00415601 0.998842 -0.784089
165 177 642 0.993531 0.0484014 -0.10273 0.789009 -0.0509506 0.998451 -0.0223355 0.442479 0.10149 0.0274252 0.994458 -0.426236
165 178 611 0.995326 0.05811 -0.0771275 0.699807 -0.0583907 0.998293 -0.00138805 0.293541 0.0769152 0.0058851 0.99702 -0.651233
165 179 594 0.993969 0.062148 -0.0903527 0.73231 -0.0641807 0.997743 -0.0197664 0.386806 0.0889203 0.0254461 0.995714 -0.560449
180 181 32 0.999992 0.000846522 0.00382411 -0.748403 -0.000843852 0.999999 -0.000699646 0.14581 -0.0038247 0.000696414 0.999992 -0.647018
180 182 182 0.999905 0.00955673 -0.00994897 0.864395 -0.00963603 0.999922 -0.00795303 0.273133 0.00987219 0.00804814 0.999919 -0.422162
180 183 690 0.999834 0.013458 -0.0122792 0.91198 -0.0135736 0.999864 -0.00938419 -0.00116636 0.0121512 0.00954931 0.999881 -0.410233
180 184 979 0.999839 0.0156525 -0.00877518 0.572774 -0.0157919 0.999746 -0.0160522 0.323858 0.00852169 0.0161882 0.999833 -0.753024
180 185 1050 0.999745 0.018331 -0.0132012 0.58168 -0.0185126 0.999734 -0.0137627 0.180069 0.0129454 0.0140036 0.999818 -0.793236
180 186 1028 0.999636 0.0236906 -0.0129208 0.491479 -0.0238918 0.999592 -0.0156492 0.213449 0.0125448 0.0159522 0.999794 -0.844327
180 187 990 0.999548 0.0247013 -0.0171102 0.561027 -0.0250899 0.999423 -0.0228812 0.27477 0.0165351 0.0233002 0.999592 -0.780865
180 188 933 0.999446 0.0317206 -0.0100443 0.400735 -0.0319067 0.999311 -0.0189501 0.144161 0.00943622 0.0192601 0.99977 -0.904781
180 189 866 0.999169 0.031169 -0.0262705 0.525213 -0.0318151 0.999192 -0.0245457 0.213147 0.0254843 0.0253611 0.999353 -0.823844
180 190 779 0.999632 0.0156764 -0.022151 0.417636 -0.0163038 0.999463 -0.0284315 0.325842 0.0216934 0.0287822 0.99935 -0.848179
180 191 867 0.996518 0.027805 -0.0786014 0.769033 -0.0306955 0.998887 -0.0358086 0.26126 0.0775183 0.0380966 0.996263 -0.583379
180 192 836 0.99778 0.0225506 -0.0626634 0.665424 -0.024633 0.999163 -0.0326601 0.228055 0.0618745 0.0341312 0.9975 -0.710776
180 193 802 0.998333 0.0270162 -0.0510036 0.51294 -0.0285308 0.999166 -0.0292048 0.19903 0.0501721 0.0306113 0.998271 -0.835033
180 194 742 0.997057 0.0179665 -0.0745324 0.658615 -0.0212296 0.99884 -0.0432223 0.336822 0.0736693 0.0446774 0.996281 -0.672887
195 196 96 0.999926 -0.00783217 -0.00932124 0.41438 0.0078869 0.999952 0.00585004 0.0889663 0.00927497 -0.00592312 0.999939 -0.905745
195 197 191 0.999773 -0.00755548 -0.0199389 0.62324 0.00784414 0.999865 0.0144391 0.142276 0.0198271 -0.0145922 0.999697 -0.76898
195 198 935 0.998592 -0.00267628 -0.0529826 0.93586 0.00418329 0.999589 0.0283531 -0.0908262 0.052885 -0.0285348 0.998193 -0.340465
195 199 745 0.99844 -0.00732812 -0.0553599 0.925077 0.0088883 0.999569 0.027989 0.0730795 0.0551309 -0.0284373 0.998074 -0.372682
195 200 584 0.998659 0.00120725 -0.0517652 0.82103 0.000966824 0.999119 0.0419531 -0.0335992 0.0517703 -0.0419468 0.997778 -0.569895
195 201 529 0.998654 0.00971131 -0.0509425 0.849548 -0.00741389 0.998955 0.045095 -0.200998 0.0513273 -0.0446566 0.997683 -0.487717
195 202 780 0.996087 0.0216408 -0.0856827 0.876871 -0.0174527 0.99863 0.0493305 -0.119351 0.0866329 -0.0476421 0.9951 -0.465675
195 203 699 0.996941 0.0140474 -0.0768904 0.859101 -0.0102712 0.998732 0.0492889 -0.0469834 0.0774853 -0.0483483 0.995821 -0.509645
195 204 678 0.991738 0.0362063 -0.123068 0.950563 -0.0281082 0.997363 0.066913 -0.202788 0.125166 -0.0629009 0.99014 -0.235174
195 205 662 0.996829 0.0308727 -0.0733428 0.834825 -0.0271797 0.998338 0.0508278 -0.155056 0.0747901 -0.0486732 0.996011 -0.528228
195 206 675 0.995683 0.0306524 -0.0876102 0.885073 -0.0266501 0.998563 0.0464933 -0.0871073 0.0889095 -0.0439578 0.995069 -0.457229
195 207 681 0.989475 0.0379334 -0.139645 0.962306 -0.0307869 0.998121 0.0529862 -0.0974053 0.141392 -0.0481293 0.988783 -0.253927
195 208 608 0.99011 0.045377 -0.132752 0.962336 -0.0389874 0.997971 0.0503426 -0.09271 0.134767 -0.0446691 0.98987 -0.255568
195 209 626 0.99043 0.0482818 -0.129292 0.956577 -0.0429951 0.998133 0.0433752 -0.0611672 0.131145 -0.0374011 0.990657 -0.284988
210 211 50 0.999984 0.00558946 -0.000284751 0.846465 -0.00558955 0.999984 -0.00031556 -0.223236 0.000282983 0.000317147 1 -0.483387
210 212 54 0.999958 0.00661401 0.0063891 0.767016 -0.00659712 0.999975 -0.00266235 0.00321506 -0.00640655 0.00262009 0.999976 -0.64162
210 213 844 0.999932 0.0108994 -0.00411935 0.896854 -0.0108889 0.999937 0.00256457 -0.120792 0.00414704 -0.00251954 0.999988 -0.425515
210 214 563 0.999951 0.00802048 0.00571971 0.839493 -0.00805079 0.999954 0.00529689 -0.0328042 -0.00567696 -0.00534268 0.99997 -0.54238
210 215 863 0.999983 0.00530717 0.0025965 0.844976 -0.00533403 0.999931 0.0104523 -0.0635924 -0.00254085 -0.010466 0.999942 -0.53101
210 216 696 0.999972 -0.00225305 -0.00707795 0.92704 0.00233608 0.999928 0.0117449 -0.000820173 0.00705098 -0.0117611 0.999906 -0.374963
210 217 475 0.999689 -0.01946 0.0155969 0.802697 0.0191945 0.999671 0.0169941 0.0884174 -0.0159225 -0.0166894 0.999734 -0.589797
210 218 763 0.999718 -0.014489 -0.0188165 0.940985 0.0150533 0.999431 0.0302005 -0.0355185 0.0183682 -0.0304752 0.999367 -0.33658
210 219 789 0.999357 -0.0214727 -0.0287071 0.965706 0.0223598 0.999271 0.0309437 0.0164864 0.0280217 -0.0315657 0.999109 -0.259114
210 220 828 0.999695 -0.0201243 -0.0143177 0.928284 0.0206978 0.99894 0.0411053 -0.0700189 0.0134753 -0.0413891 0.999052 -0.365222
210 221 667 0.999842 -0.0114139 -0.0135941 0.932928 0.0119685 0.99907 0.041435 -0.135 0.0131085 -0.0415912 0.999049 -0.333798
210 222 695 0.999501 -0.0144749 -0.0280739 0.947911 0.0152385 0.999514 0.0271777 -0.0180736 0.0276668 -0.0275919 0.999236 -0.318021
210 223 663 0.999906 -0.00467012 0.0128724 0.809912 0.00426227 0.999494 0.0315313 -0.0952377 -0.0130131 -0.0314735 0.99942 -0.578767
210 224 648 0.999987 -0.00410333 -0.00295421 0.881219 0.00419525 0.999485 0.0318118 -0.105736 0.00282215 -0.0318238 0.99949 -0.46073
225 226 124 0.999998 -0.000339408 0.00171209 0.393866 0.000349496 0.999983 -0.00589569 0.176128 -0.00171006 0.00589628 0.999981 -0.902136
225 227 703 0.999842 0.00893046 -0.0153728 0.936519 -0.00897888 0.999955 -0.0030836 -0.0862882 0.0153446 0.00322115 0.999877 -0.339832
225 228 324 0.999428 0.0336648 0.00315822 0.535892 -0.0336743 0.999428 0.00301618 -0.662453 -0.00305487 -0.00312081 0.99999 -0.523428
225 229 927 0.999439 0.0303683 -0.0141405 0.757342 -0.0301917 0.999465 0.0125405 -0.550851 0.0145138 -0.0121065 0.999821 -0.350709
225 230 618 0.99965 0.0237249 -0.0116827 0.766773 -0.0236684 0.999708 0.00494789 -0.39644 0.0117966 -0.00466965 0.99992 -0.50487
225 231 976 0.998991 0.0212701 -0.0395667 0.970955 -0.0213849 0.999768 -0.00248036 -0.175491 0.0395048 0.00332399 0.999214 -0.162632
225 232 935 0.999056 0.0280125 -0.0332164 0.931657 -0.0281547 0.999596 -0.00382133 -0.273595 0.0330959 0.00475291 0.999441 -0.239083
225 233 815 0.999473 0.0219698 -0.0238906 0.942889 -0.0222951 0.999661 -0.0134365 -0.222456 0.0235873 0.0139621 0.999624 -0.247941
225 234 834 0.999494 0.0173394 -0.0266583 0.897852 -0.0179623 0.999567 -0.0233071 -0.065089 0.0262426 0.0237742 0.999373 -0.435459
225 235 557 0.999622 0.0260898 -0.00861714 0.813298 -0.0262586 0.999453 -0.0200871 -0.32969 0.00808836 0.0203058 0.999761 -0.479427
225 236 844 0.998425 0.00436583 -0.0559295 0.98828 -0.00608831 0.999511 -0.0306641 -0.0478021 0.0557683 0.0309563 0.997964 -0.144977
225 237 755 0.998832 0.0216322 -0.0431984 0.939635 -0.0225444 0.999531 -0.0207407 -0.242225 0.0427295 0.0216904 0.998851 -0.241689
225 238 703 0.998814 0.0346382 -0.0342247 0.902634 -0.0353543 0.999164 -0.0205455 -0.287856 0.0334844 0.0217311 0.999203 -0.319985
225 239 484 0.999245 0.0386897 -0.00349505 0.807766 -0.0387783 0.998784 -0.0304315 -0.200579 0.00231341 0.030544 0.999531 -0.55433
240 241 73 1 -0.000794764 8.71292e-06 -0.170203 0.000794667 0.999966 0.00816277 -0.95176 -1.52001e-05 -0.00816276 0.999967 0.255313
240 242 584 0.999855 0.00862382 0.0146587 -0.839601 -0.00844718 0.999891 -0.0120694 0.316043 -0.0147612 0.0119438 0.99982 0.441801
240 243 890 0.999759 0.00780216 0.0205293 -0.824808 -0.00745027 0.999825 -0.0171621 0.174782 -0.0206596 0.017005 0.999642 0.53772
240 244 692 0.999713 0.00979102 -0.0218614 0.930012 -0.0100523 0.999879 -0.0118736 -0.0803514 0.0217425 0.01209 0.999691 0.358638
240 245 921 0.99936 0.0160715 -0.0319444 0.933229 -0.0166229 0.999716 -0.0170701 -0.0531806 0.031661 0.0175902 0.999344 0.355325
240 246 855 0.999586 0.00962666 -0.0271051 0.922781 -0.0102563 0.999678 -0.0231887 -0.00202432 0.0268731 0.0234571 0.999364 0.385321
240 247 647 0.999507 0.00402254 -0.031137 0.9512 -0.00473692 0.999726 -0.0229032 0.0895111 0.0310364 0.0230394 0.999253 0.295307
240 248 710 0.999547 0.00314922 -0.0299398 0.934838 -0.00372328 0.99981 -0.0191375 0.0852843 0.0298738 0.0192403 0.999368 0.344681
240 249 628 0.999513 0.0132083 -0.0282694 0.919507 -0.0136011 0.999813 -0.0137479 0.0601137 0.0280825 0.0141257 0.999506 0.388449
240 250 499 0.99972 0.0195673 -0.0132725 0.94186 -0.0195898 0.999807 -0.00156828 -0.0448132 0.0132392 0.00182784 0.999911 0.333004
240 251 554 0.999624 0.0264552 -0.00719149 0.91922 -0.0264314 0.999645 0.00338463 -0.064522 0.00727848 -0.00319327 0.999968 0.388421
240 252 597 0.999777 0.0179202 -0.0111278 0.907559 -0.0179297 0.999839 -0.000752499 0.0242076 0.0111125 0.000951849 0.999938 0.419226
240 253 559 0.999948 0.0099277 -0.00251667 0.89826 -0.00992115 0.999947 0.00260189 0.0104206 0.00254237 -0.00257679 0.999993 0.439342
240 254 604 0.999952 -1.79926e-05 -0.00979129 0.906509 -7.05918e-06 0.999997 -0.00255853 0.058943 0.00979131 0.00255848 0.999949 0.418052
255 256 32 0.999988 -0.0048078 0.00019303 -0.642408 0.00480756 0.999988 0.00119101 0.378326 -0.000198754 -0.00119007 0.999999 -0.66647
255 257 838 0.999521 -0.0224181 -0.0213333 0.889547 0.02221 0.999704 -0.00994199 0.412947 0.0215499 0.00946342 0.999723 0.195401
255 258 971 0.999612 -0.0243928 -0.0134369 0.858874 0.0243676 0.999701 -0.00203233 0.196079 0.0134824 0.00170411 0.999908 0.473169
255 259 679 0.999658 -0.0252923 -0.00660373 0.803009 0.0252763 0.999677 -0.00248499 0.146009 0.00666445 0.00231722 0.999975 0.577804
255 260 582 0.999846 -0.0175033 -0.00142932 0.856116 0.0175086 0.99984 0.00372916 0.00453274 0.00136382 -0.00375361 0.999992 0.516765
255 261 889 0.999618 -0.0176248 -0.0213116 0.870369 0.017373 0.999778 -0.0119417 0.229212 0.0215174 0.0115669 0.999702 0.435797
255 262 718 0.999822 -0.0165681 -0.00902363 0.902141 0.0165747 0.999862 0.000656752 0.0197609 0.00901151 -0.000806198 0.999959 0.430989
255 263 640 0.999541 -0.0268138 -0.0140971 0.833159 0.0268455 0.999637 0.00206293 0.15093 0.0140366 -0.00244042 0.999899 0.53204
255 264 773 0.999537 -0.0214036 -0.0216042 0.811936 0.0215963 0.999729 0.00872778 -0.00239782 0.0214116 -0.00919032 0.999729 0.583742
255 265 802 0.998831 -0.0266023 -0.0403592 0.856296 0.0262884 0.99962 -0.00828824 0.171678 0.0405643 0.00721758 0.999151 0.487119
255 266 721 0.99878 -0.0341075 -0.0357203 0.813225 0.0339372 0.99941 -0.00536265 0.148307 0.0358821 0.00414386 0.999347 0.562735
255 267 763 0.998625 -0.0312211 -0.0421129 0.789479 0.031062 0.999508 -0.0044265 0.0872505 0.0422303 0.0031123 0.999103 0.607544
255 268 688 0.999107 -0.0226443 -0.0356779 0.775924 0.0227247 0.99974 0.00184894 -0.00327853 0.0356267 -0.00265805 0.999362 0.630817
255 269 685 0.998279 -0.032327 -0.048934 0.827294 0.0319801 0.999458 -0.00785714 0.0675547 0.0491614 0.00627871 0.998771 0.557692
270 271 62 0.999994 0.000586018 0.00353039 0.131816 -0.000581663 0.999999 -0.00123439 -0.238809 -0.00353111 0.00123233 0.999993 -0.962079
270 272 702 0.999906 0.00607286 -0.0122685 0.817194 -0.00603512 0.999977 0.00311066 -0.113056 0.0122872 -0.00303633 0.99992 0.565166
270 273 510 0.999877 0.0155598 0.00177041 0.716831 -0.0155694 0.999863 0.00553795 -0.214239 -0.001684 -0.00556484 0.999983 0.663518
270 274 846 0.999942 0.00888641 -0.00616462 0.759144 -0.00887981 0.99996 0.00109707 0.00903735 0.00617412 -0.00104227 0.99998 0.65086
270 275 843 0.99985 0.00827485 -0.015194 0.781519 -0.00823026 0.999962 0.00299492 -0.021293 0.0152182 -0.00286942 0.99988 0.623517
270 276 807 0.999818 0.0105079 -0.0158971 0.781086 -0.01037 0.999908 0.00873371 -0.107529 0.0159874 -0.00856727 0.999835 0.615095
270 277 822 0.999868 0.0104644 -0.0124275 0.723448 -0.0103409 0.999897 0.00995816 -0.123441 0.0125305 -0.00982834 0.999873 0.679253
270 278 772 0.999767 0.013723 -0.0166854 0.766394 -0.0135683 0.999864 0.00935023 -0.104782 0.0168115 -0.00912166 0.999817 0.633768
270 279 561 0.999785 0.0194683 -0.00712872 0.732191 -0.019358 0.999697 0.0152303 -0.134097 0.00742306 -0.0150891 0.999859 0.667768
270 280 626 0.999693 0.0171804 -0.0178749 0.798785 -0.0169335 0.99976 0.0138731 -0.0860067 0.0181089 -0.0135662 0.999744 0.595437
270 281 655 0.99984 0.0178241 -0.00143861 0.697387 -0.0178071 0.99978 0.0110586 -0.092927 0.0016354 -0.0110312 0.999938 0.710645
270 282 598 0.999658 0.0230264 -0.0123991 0.789272 -0.0228537 0.999642 0.0138894 -0.100848 0.0127145 -0.0136013 0.999827 0.605706
270 283 592 0.99976 0.0217274 0.00263473 0.69709 -0.0217728 0.999589 0.0186503 -0.139831 -0.00222842 -0.0187032 0.999823 0.703216
270 284 613 0.999715 0.0238658 -0.000906635 0.740406 -0.0238465 0.999566 0.0173169 -0.145394 0.00131952 -0.0172903 0.99985 0.656247
285 286 111 0.99999 -0.000269172 0.00446671 0.316497 0.000269663 1 -0.000109339 -0.215007 -0.00446668 0.000110542 0.99999 0.923906
285 287 148 0.999996 0.00231985 0.0015863 0.70009 -0.00230622 0.999961 -0.00854051 -0.0500721 -0.00160605 0.00853681 0.999962 0.712297
285 288 474 0.999999 0.000230652 0.00136458 0.848443 -0.000217756 0.999955 -0.00944297 -0.113808 -0.0013667 0.00944267 0.999954 0.516907
285 289 605 0.999972 0.00321957 0.00669488 0.560078 -0.00317705 0.999975 -0.00635313 -0.288428 -0.00671516 0.00633168 0.999957 0.776609
285 290 783 0.999967 0.00649524 -0.00496084 0.797312 -0.00656209 0.999886 -0.0135816 -0.181873 0.00487206 0.0136137 0.999895 0.575514
285 291 908 0.999881 0.0143258 -0.00572014 0.783553 -0.0143972 0.999816 -0.0126405 -0.240388 0.005538 0.0127214 0.999904 0.572938
285 292 749 0.999813 0.0192981 -0.00111056 0.753754 -0.0193084 0.999761 -0.0102454 -0.299699 0.000912582 0.0102649 0.999947 0.584838
285 293 783 0.999729 0.0167427 -0.0161833 0.830093 -0.0170216 0.999706 -0.017254 -0.183639 0.0158896 0.0175248 0.99972 0.526519
285 294 784 0.999624 0.0220101 -0.0163476 0.80825 -0.0222619 0.999634 -0.0153815 -0.243227 0.0160031 0.0157396 0.999748 0.536258
285 295 768 0.999147 0.0260744 -0.0320116 0.88179 -0.0267497 0.999425 -0.0208521 -0.14903 0.0314495 0.0216906 0.99927 0.447478
285 296 653 0.999406 0.0315604 -0.0138456 0.717197 -0.0318714 0.999231 -0.0228504 -0.197548 0.0131138 0.0232781 0.999643 0.668284
285 297 720 0.998985 0.0417921 -0.0168001 0.820677 -0.0421792 0.998836 -0.0233885 -0.243434 0.0158031 0.0240734 0.999585 0.516942
285 298 661 0.998535 0.0483718 -0.0242641 0.801493 -0.0486951 0.99873 -0.012917 -0.301428 0.0236085 0.0140796 0.999622 0.516479
285 299 662 0.998671 0.0469925 -0.0211565 0.7442 -0.0473861 0.998705 -0.0185046 -0.245225 0.0202595 0.0194825 0.999605 0.621314
300 301 111 0.999989 -0.00464688 0.000637054 0.331012 0.00464727 0.999989 -0.000616813 0.271039 -0.00063418 0.000619767 1 -0.903864
300 302 734 0.999795 -0.000548116 -0.0202361 0.935807 0.000414295 0.999978 -0.00661657 0.207672 0.0202393 0.00660683 0.999773 0.284848
300 303 30 0.999943 -0.00120463 -0.0106233 0.903638 0.00118327 0.999997 -0.0020171 -0.124101 0.0106257 0.00200442 0.999942 0.409923
300 304 38 0.999997 -0.00213861 -0.00123562 -0.777833 0.00213858 0.999998 -2.43894e-05 -0.0940184 0.00123567 2.17469e-05 0.999999 0.621399
300 305 801 0.999688 0.000953058 -0.0249629 0.980704 -0.000948093 1 0.000210728 -0.0331426 0.0249631 -0.000186996 0.999688 0.192667
300 306 1095 0.997823 0.00476047 -0.0657842 0.936794 -0.00627028 0.999721 -0.0227635 0.31104 0.0656575 0.0231264 0.997574 0.160221
300 307 975 0.999168 0.0121274 -0.0389397 0.973411 -0.0120692 0.999926 0.00173154 0.00150467 0.0389578 -0.00126013 0.99924 0.229062
300 308 951 0.999076 0.0126321 -0.0410877 0.953925 -0.0125582 0.999919 0.00205507 0.00869357 0.0411103 -0.00153719 0.999153 0.299918
300 309 914 0.999042 0.0136107 -0.0415882 0.981345 -0.0134909 0.999904 0.00315907 -0.00433045 0.0416272 -0.00259498 0.99913 0.192205
300 310 450 0.999745 0.0168299 -0.0150403 0.928698 -0.016706 0.999826 0.00833102 -0.131211 0.0151779 -0.00807764 0.999852 0.346849
300 311 903 0.997676 0.0157802 -0.0662796 0.986645 -0.0155751 0.999872 0.0036096 0.0622117 0.0663281 -0.0025689 0.997795 0.150539
300 312 786 0.998644 0.0203866 -0.0478969 0.969154 -0.0199277 0.999751 0.0100402 -0.0399442 0.0480896 -0.00907213 0.998802 0.243196
300 313 689 0.996621 0.0221104 -0.0791072 0.991938 -0.0213803 0.999721 0.010064 0.0155346 0.0793076 -0.00833869 0.996815 0.125769
300 314 538 0.996832 0.0381879 -0.069768 0.978492 -0.0372117 0.999191 0.0152391 -0.0552343 0.0702935 -0.0125947 0.997447 0.198751
315 316 60 0.999978 -0.000557013 -0.00656226 0.740548 0.000468062 0.999908 -0.0135487 0.58314 0.0065692 0.0135454 0.999887 -0.333971
315 317 15 0.999988 0.00481193 0.000625315 0.930173 -0.00480629 0.99995 -0.00871761 -0.0926815 -0.000667232 0.0087145 0.999962 0.35523
315 318 16 0.999935 0.0088801 -0.00714663 0.9581 -0.00895255 0.999908 -0.0101699 -0.273365 0.00705566 0.0102332 0.999923 -0.0855278
315 319 95 0.999893 0.00658007 -0.0130711 0.976446 -0.00675757 0.999885 -0.0135818 -0.0882325 0.0129802 0.0136687 0.999822 -0.196895
315 320 649 0.999387 0.0147271 -0.0317615 0.986774 -0.0151277 0.999809 -0.012409 -0.105158 0.0315727 0.0128819 0.999418 -0.123362
315 321 695 0.998688 0.0240009 -0.0452276 0.997999 -0.0247683 0.999557 -0.0164833 -0.0465088 0.044812 0.0175819 0.998841 0.042831
315 322 671 0.998088 0.0349677 -0.0509608 0.990627 -0.0356663 0.999281 -0.0128648 -0.134449 0.0504743 0.0146578 0.998618 0.0241085
315 323 589 0.997815 0.0450665 -0.0483163 0.991834 -0.0459479 0.998794 -0.0172895 0.00899116 0.0474788 0.0194718 0.998682 -0.12722
315 324 603 0.996181 0.054707 -0.0680414 0.999677 -0.0558172 0.998335 -0.014523 -0.00905865 0.0671336 0.0182654 0.997577 -0.0237598
315 325 629 0.995859 0.0512191 -0.0751072 0.992759 -0.0527003 0.99845 -0.0178718 0.112817 0.0740754 0.021756 0.997015 -0.0412606
