0 1 0 1 0 0 0 0 1 0 0 0 0 1 0
0 2 0 1 0 0 0 0 1 0 0 0 0 1 0
0 3 12 0.999997 -0.00238539 -0.00105699 0.58163 0.00238834 0.999993 0.0028031 -0.1537 0.0010503 -0.00280561 0.999996 0.798801
0 4 0 1 0 0 0 0 1 0 0 0 0 1 0
0 5 0 1 0 0 0 0 1 0 0 0 0 1 0
0 6 0 1 0 0 0 0 1 0 0 0 0 1 0
0 7 0 1 0 0 0 0 1 0 0 0 0 1 0
0 8 18 0.999991 -0.00378685 -0.00166871 0.464087 0.00379253 0.999987 0.00341764 -0.190433 0.00165574 -0.00342394 0.999993 0.865077
0 9 0 1 0 0 0 0 1 0 0 0 0 1 0
0 10 0 1 0 0 0 0 1 0 0 0 0 1 0
0 11 0 1 0 0 0 0 1 0 0 0 0 1 0
0 12 13 0.999996 0.00258187 -0.00109083 0.163278 -0.00257939 0.999994 0.00227357 -0.0629928 0.00109669 -0.00227075 0.999997 0.984567
0 13 13 0.999963 0.00599024 -0.00616361 0.691242 -0.00596012 0.99997 0.00489261 0.0190728 0.00619273 -0.0048557 0.999969 0.722372
0 14 31 0.999948 0.010105 -0.00100701 0.410045 -0.0101003 0.999938 0.00461893 0.00277908 0.00105362 -0.00460852 0.999989 0.912061
15 16 0 1 0 0 0 0 1 0 0 0 0 1 0
15 17 15 0.999992 0.00114491 -0.00388091 0.421497 -0.00113606 0.999997 0.00228225 -0.233454 0.00388351 -0.00227782 0.99999 0.876265
15 18 22 0.999986 0.00399016 -0.00340459 0.428967 -0.00398068 0.999988 0.00278606 -0.226365 0.00341567 -0.00277247 0.99999 0.874498
15 19 0 1 0 0 0 0 1 0 0 0 0 1 0
15 20 30 0.99996 0.00886894 0.000710606 0.309222 -0.00887138 0.999954 0.00350712 -0.0418762 -0.000679469 -0.00351328 0.999994 0.950067
15 21 15 0.999944 0.00849238 -0.00637693 0.735598 -0.00844957 0.999942 0.00671088 -0.260992 0.00643355 -0.00665662 0.999957 0.625123
15 22 11 0.999954 0.00472597 -0.00839225 0.999835 -0.00467616 0.999971 0.00594529 -0.00139716 0.00842011 -0.00590577 0.999947 0.0180886
15 23 376 0.999918 0.00751181 -0.0104045 0.744979 -0.00741501 0.999929 0.00931208 -0.252646 0.0104737 -0.00923416 0.999903 0.617394
15 24 541 0.999888 0.00703525 -0.013192 0.768791 -0.00689972 0.999923 0.0102912 -0.17266 0.0132634 -0.010199 0.99986 0.615751
15 25 464 0.999836 0.00327504 -0.0178212 0.964393 -0.00317772 0.99998 0.00548672 -0.0821767 0.0178388 -0.00542918 0.999826 0.251381
15 26 608 0.999709 0.00766842 -0.0228813 0.854021 -0.00734015 0.999869 0.0143962 -0.189846 0.0229887 -0.014224 0.999635 0.484362
15 27 573 0.999905 0.00319804 -0.0134343 0.752083 -0.00309559 0.999966 0.0076397 -0.221229 0.0134583 -0.00759739 0.999881 0.620829
15 28 611 0.999775 0.00348775 -0.0209458 0.900962 -0.00335193 0.999973 0.00651626 -0.158535 0.020968 -0.00644458 0.999759 0.403899
15 29 594 0.999809 0.00317081 -0.0193077 0.95499 -0.00311594 0.999991 0.00287125 -0.175494 0.0193166 -0.00281054 0.999809 0.239157
30 31 19 1 0.000697384 -0.000152607 0.422387 -0.000697873 0.999995 -0.00322679 -0.243709 0.000150356 0.0032269 0.999995 0.873038
30 32 0 1 0 0 0 0 1 0 0 0 0 1 0
30 33 11 0.999993 -0.00235861 -0.00306786 0.997048 0.00235143 0.999994 -0.00234249 -0.00676427 0.00307337 0.00233526 0.999993 0.0764826
30 34 54 0.99996 0.00121757 0.00888151 0.248415 -0.00112403 0.999944 -0.0105291 -0.132652 -0.00889383 0.0105187 0.999905 0.959528
30 35 31 0.999993 0.00236547 0.00296728 0.702805 -0.00233574 0.999947 -0.00998224 -0.0113923 -0.00299074 0.00997524 0.999946 0.711291
30 36 71 0.999993 -0.00222995 -0.00301864 0.993203 0.00220927 0.999974 -0.00683636 -0.0605826 0.00303381 0.00682964 0.999972 -0.0993843
30 37 470 0.999995 -0.00183182 -0.00263958 0.941305 0.00182372 0.999994 -0.00306654 -0.109628 0.00264518 0.00306171 0.999992 0.319261
30 38 557 0.999972 -0.00584416 -0.0046039 0.988769 0.00583654 0.999982 -0.00166714 -0.00940379 0.00461356 0.00164022 0.999988 0.149158
30 39 571 0.999955 -0.00882707 -0.00333697 0.995322 0.0088269 0.999961 -6.80982e-05 0.0537485 0.00333744 3.86401e-05 0.999994 0.0802768
30 40 371 0.99994 -0.010737 -0.0020565 0.983447 0.0107474 0.999929 0.00508534 0.0924039 0.00200176 -0.00510713 0.999985 0.155863
30 41 520 0.99995 -0.00914599 0.00414495 0.997999 0.00914406 0.999958 0.000483564 -0.00027842 -0.00414919 -0.000445638 0.999991 0.0632216
30 42 532 0.99996 -0.00627504 0.0063075 0.991103 0.00626574 0.999979 0.00149415 -0.0292431 -0.00631675 -0.00145457 0.999979 0.129845
30 43 316 0.999963 -0.00566236 0.00645559 0.99412 0.00565912 0.999984 0.000519945 -0.00404549 -0.00645843 -0.000483393 0.999979 0.108213
30 44 534 0.999973 -0.00727981 0.000495539 0.99296 0.00728053 0.999972 -0.00147602 -0.00526914 -0.00048478 0.00147959 0.999999 0.118336
45 46 11 0.999983 0.0052287 -0.00244322 -0.377356 -0.00521861 0.999978 0.00411783 0.235421 0.00246469 -0.00410501 0.999989 -0.895645
45 47 0 1 0 0 0 0 1 0 0 0 0 1 0
45 48 0 1 0 0 0 0 1 0 0 0 0 1 0
45 49 0 1 0 0 0 0 1 0 0 0 0 1 0
45 50 0 1 0 0 0 0 1 0 0 0 0 1 0
45 51 13 0.999659 0.0213386 -0.0150229 0.929011 -0.0210543 0.999601 0.0188335 -0.126969 0.0154188 -0.0185108 0.99971 0.347588
45 52 50 0.99955 0.021893 -0.0205157 0.96719 -0.0215289 0.99961 0.0178049 -0.0808161 0.0208975 -0.0173552 0.999631 0.240857
45 53 201 0.999381 0.0241522 -0.0255782 0.999603 -0.023822 0.99963 0.0131359 0.0132254 0.025886 -0.0125185 0.999587 -0.0248833
45 54 203 0.999206 0.0270268 -0.02926 0.989405 -0.0267763 0.999602 0.00891891 -0.043587 0.0294894 -0.00812836 0.999532 0.138483
45 55 28 0.99952 0.023709 -0.0199598 0.549842 -0.0236594 0.999716 0.0027202 0.336535 0.0200186 -0.00224666 0.999797 -0.764473
45 56 31 0.999425 0.0253775 -0.0225 0.477872 -0.0253838 0.999678 2.75175e-06 0.359052 0.0224928 0.000568386 0.999747 -0.801698
45 57 528 0.99855 0.0283741 -0.0457412 0.996155 -0.0285503 0.999587 -0.00320356 -0.0122534 0.0456315 0.00450485 0.998948 0.0867433
45 58 513 0.998373 0.0263645 -0.0505591 0.927486 -0.0267557 0.999617 -0.00707529 0.250924 0.0503532 0.00841652 0.998696 -0.27714
45 59 571 0.997986 0.0290724 -0.0563849 0.956106 -0.0294144 0.999554 -0.00524523 0.110027 0.0562073 0.00689319 0.998395 -0.271578
60 61 16 0.999997 0.00244518 0.000289929 -0.10053 -0.00244589 0.999994 0.00247273 0.0711659 -0.000283881 -0.00247343 0.999997 -0.992386
60 62 0 1 0 0 0 0 1 0 0 0 0 1 0
60 63 12 0.999968 0.00443469 -0.00659715 0.978503 -0.00437761 0.999953 0.0086427 -0.0189189 0.00663517 -0.00861354 0.999941 0.205361
60 64 236 0.999946 0.00875203 -0.00551629 0.998978 -0.00871804 0.999943 0.00615742 0.00633167 0.00556987 -0.006109 0.999966 0.0447484
60 65 520 0.999938 0.0110811 0.00102995 0.88426 -0.0110888 0.999908 0.00779726 -0.133189 -0.000943457 -0.0078082 0.999969 0.4476
60 66 580 0.999961 0.00863802 -0.00184812 0.989767 -0.00863453 0.999961 0.00188509 -0.0360431 0.00186433 -0.00186906 0.999997 0.138063
60 67 597 0.999946 0.00913388 -0.00493455 0.829369 -0.0091053 0.999942 0.00578359 -0.185797 0.00498709 -0.00573834 0.999971 0.526902
60 68 504 0.999938 0.0110051 0.00163266 0.732925 -0.0110137 0.999925 0.00538015 -0.242741 -0.00157333 -0.0053978 0.999984 0.635529
60 69 587 0.999895 0.0139909 -0.00379403 0.803239 -0.0139781 0.999897 0.00337935 -0.19672 0.00384092 -0.00332596 0.999987 0.562235
60 70 543 0.999844 0.0133333 -0.0115702 0.994402 -0.0133635 0.999907 -0.00253464 -0.028064 0.0115354 0.00268887 0.99993 0.101864
60 71 463 0.999852 0.0148555 -0.00870468 0.995998 -0.0148977 0.999877 -0.00480328 0.0463747 0.00863226 0.00493225 0.999951 -0.0764074
60 72 489 0.999815 0.0180422 -0.00673717 0.998951 -0.0180602 0.999833 -0.00262801 -0.0293827 0.00668863 0.00274919 0.999974 0.0351199
60 73 535 0.9998 0.0199848 -0.000167209 0.978658 -0.0199842 0.999796 0.00305362 -0.0796555 0.0002282 -0.00304967 0.999995 0.189431
60 74 444 0.999829 0.0184363 -0.00160544 0.998396 -0.0184484 0.999799 -0.00789656 -0.031347 0.00145953 0.00792483 0.999968 0.0471429
75 76 0 1 0 0 0 0 1 0 0 0 0 1 0
75 77 0 1 0 0 0 0 1 0 0 0 0 1 0
75 78 102 0.999908 0.000972393 -0.013517 0.833551 -0.000914669 0.99999 0.00427605 -0.00337294 0.013521 -0.00426329 0.999899 0.552432
75 79 313 0.999917 0.00577086 -0.0115143 0.884028 -0.00573901 0.99998 0.00279809 -0.115092 0.0115302 -0.00273177 0.99993 0.453044
75 80 201 0.999964 0.0049712 -0.00683266 0.908108 -0.0049746 0.999988 -0.00047993 -0.113981 0.00683019 0.000513903 0.999977 0.402926
75 81 403 0.999963 -0.00047619 -0.008539 0.723572 0.000495931 0.999997 0.00230991 -0.299508 0.00853787 -0.00231406 0.999961 0.621883
75 82 591 0.999751 -0.00404772 -0.0219569 0.842843 0.00410116 0.999989 0.0023893 -0.0849086 0.021947 -0.00247876 0.999756 0.531419
75 83 587 0.999514 -0.00472661 -0.0308285 0.990981 0.00462933 0.999984 -0.00322605 0.0950284 0.0308432 0.00308176 0.999519 -0.0944766
75 84 573 0.999411 -0.00318871 -0.0341709 0.977161 0.00324238 0.999994 0.00151534 -0.0242015 0.0341658 -0.00162525 0.999415 0.21112
75 85 586 0.999626 -0.0014793 -0.0272933 0.848155 0.00171232 0.999962 0.00851611 -0.174384 0.0272797 -0.00855966 0.999591 0.500224
75 86 503 0.99925 -0.00152131 -0.0386818 0.998461 0.00171257 0.999986 0.00491185 0.0445965 0.0386739 -0.00497442 0.99924 -0.0329527
75 87 514 0.999123 0.00210161 -0.0418132 0.999312 -0.00174369 0.999962 0.00859469 0.0144019 0.0418297 -0.00851424 0.999088 0.0341867
75 88 482 0.999135 0.00618664 -0.0411277 0.995722 -0.00562292 0.999889 0.0138081 -0.0128367 0.0412086 -0.0135649 0.999058 0.0914988
75 89 537 0.999138 0.00922709 -0.0404767 0.985823 -0.00857182 0.99983 0.0163327 -0.0230259 0.0406205 -0.0159716 0.999047 0.166204
90 91 14 0.999999 0.00107493 0.000587813 0.50586 -0.00107976 0.999965 0.00828232 -0.0494778 -0.00057889 -0.00828295 0.999966 0.861195
90 92 277 0.999936 0.00515046 -0.010113 0.997417 -0.0050354 0.999923 0.0113701 -0.0166551 0.0101708 -0.0113184 0.999884 0.0698665
90 93 351 0.999928 0.0107389 -0.00536983 0.980815 -0.0106876 0.999898 0.00949723 -0.0602994 0.00547127 -0.00943915 0.99994 0.185379
90 94 515 0.999918 0.0125776 0.00253533 0.975181 -0.0125975 0.999889 0.00798665 -0.12088 -0.0024346 -0.00801793 0.999965 0.185498
90 95 497 0.999938 0.0110453 0.00146135 0.928594 -0.011057 0.999905 0.00826507 -0.159172 -0.00136992 -0.00828071 0.999965 0.335228
90 96 483 0.999924 0.00947486 -0.00790581 0.953227 -0.00942316 0.999934 0.0065514 -0.123877 0.00796736 -0.0064764 0.999947 0.275703
90 97 495 0.999932 0.00857472 -0.00787016 0.905035 -0.00854094 0.999954 0.00431619 -0.176922 0.00790681 -0.00424868 0.99996 0.386796
90 98 424 0.999881 0.00401072 -0.0149186 0.981599 -0.00408999 0.999978 -0.00528669 -0.128073 0.0148971 0.00534707 0.999875 0.141636
90 99 463 0.999735 0.00371093 -0.022727 0.907934 -0.00383744 0.999977 -0.00552559 -0.154243 0.022706 0.00561134 0.999726 0.389699
90 100 420 0.999901 -0.000941574 -0.0140377 0.846092 0.000797865 0.999947 -0.0102395 -0.224568 0.0140466 0.0102273 0.999849 0.483423
90 101 308 0.999805 -0.005595 -0.0189482 0.968083 0.00528045 0.999848 -0.0166097 -0.233911 0.0190382 0.0165064 0.999682 0.0900034
90 102 386 0.999516 -0.00184159 -0.0310658 0.812787 0.00133245 0.999865 -0.0164019 -0.137285 0.0310918 0.0163526 0.999383 0.566154
90 103 301 0.999471 -0.00696858 -0.0317773 0.977418 0.00619827 0.999686 -0.0242751 -0.209643 0.0319365 0.0240652 0.9992 0.0265145
90 104 349 0.999598 -0.00553988 -0.0277956 0.977866 0.00479868 0.999633 -0.0266623 -0.202812 0.0279331 0.0265182 0.999258 0.0514313
105 106 0 1 0 0 0 0 1 0 0 0 0 1 0
105 107 28 0.999988 0.00423562 0.00245537 0.849996 -0.00422442 0.999981 -0.00455024 -0.00698661 -0.00247459 0.00453981 0.999987 0.526743
105 108 23 0.999792 0.00659279 0.0192764 0.358961 -0.00635552 0.999904 -0.0123445 -0.215254 -0.0193559 0.0122194 0.999738 0.908192
105 109 255 0.999852 0.0108756 0.0133519 0.730173 -0.0107078 0.999864 -0.0125726 -0.0513917 -0.0134869 0.0124278 0.999832 0.681327
105 110 334 0.999907 0.0082015 0.0108875 0.788564 -0.00803273 0.999848 -0.0154555 -0.0203379 -0.0110126 0.0153666 0.999821 -0.614616
105 111 434 0.999913 0.00969298 0.00899949 0.824902 -0.00959354 0.999893 -0.0110278 -0.0671653 -0.00910542 0.0109405 0.999899 0.561272
105 112 95 0.999469 0.00373247 0.0323816 0.00863195 -0.00313846 0.999826 -0.0183756 0.126732 -0.0324446 0.0182642 0.999307 -0.991899
105 113 488 0.999939 0.009634 -0.00531267 0.930953 -0.00970755 0.999855 -0.0139963 -0.0828156 0.00517706 0.014047 0.999888 0.355623
105 114 336 0.999964 0.00566734 -0.00634451 0.841117 -0.00578574 0.999807 -0.0188005 0.0591868 0.00623674 0.0188366 0.999803 -0.537605
105 115 425 0.999757 0.00943668 -0.0199073 0.915364 -0.00965146 0.999896 -0.0107209 0.0508879 0.019804 0.0109104 0.999744 -0.399398
105 116 434 0.999745 0.0110853 -0.0196781 0.987152 -0.0113076 0.999873 -0.0112225 0.0873599 0.0195512 0.0114421 0.999743 -0.133787
105 117 298 0.999934 0.0113325 -0.00174789 0.82361 -0.0113473 0.999898 -0.00868259 0.0740849 0.00164932 0.00870186 0.999961 -0.562298
105 118 409 0.999883 0.0128938 -0.00826846 0.891041 -0.0129114 0.999914 -0.00207445 0.0655699 0.00824101 0.00218096 0.999964 -0.449162
105 119 419 0.999859 0.014308 -0.00881103 0.836326 -0.0142934 0.999896 0.00171561 0.0634955 0.00883466 -0.00158943 0.99996 -0.544544
120 121 0 1 0 0 0 0 1 0 0 0 0 1 0
120 122 15 0.999966 0.00722306 0.00408787 0.27486 -0.00727341 0.999896 0.0124389 0.0752063 -0.0039976 -0.0124682 0.999914 -0.958538
120 123 82 0.99992 0.0110032 0.00620696 0.280676 -0.0110656 0.999888 0.0101041 0.288651 -0.00609509 -0.0101719 0.99993 -0.91537
120 124 433 0.999823 0.017725 -0.00631059 0.782002 -0.0176842 0.999823 0.00646176 0.338952 0.00642401 -0.00634902 0.999959 -0.523053
120 125 478 0.999715 0.0232388 -0.00542867 0.829968 -0.0232076 0.999714 0.00574876 0.32357 0.00556071 -0.00562113 0.999969 -0.454375
120 126 445 0.999604 0.0228993 0.0163636 0.320261 -0.022978 0.999725 0.00463998 0.171414 -0.0162529 -0.00501414 0.999855 -0.931692
120 127 489 0.99968 0.0242145 -0.00730488 0.660827 -0.0242615 0.999685 -0.00640766 0.402188 0.00714742 0.00658283 0.999953 -0.633682
120 128 484 0.999396 0.0252317 -0.0238876 0.858355 -0.0253536 0.999667 -0.00481598 0.375725 0.0237581 0.00541871 0.999703 -0.349366
120 129 495 0.999765 0.021353 -0.0036837 0.394437 -0.0213727 0.999757 -0.00541484 0.29881 0.00356718 0.0054923 0.999979 -0.868983
120 130 392 0.999597 0.0251544 -0.0131489 0.904658 -0.0250972 0.999675 0.00449801 0.327074 0.0132578 -0.0041662 0.999903 -0.273161
120 131 484 0.999433 0.0244248 -0.0231775 0.512531 -0.0247012 0.999626 -0.0117145 0.409508 0.0228827 0.0122804 0.999663 -0.754729
120 132 469 0.997683 0.0376182 -0.0566926 0.802659 -0.0392493 0.998839 -0.0279369 0.473254 0.0555759 0.0300973 0.998001 -0.363001
120 133 463 0.997907 0.0471273 -0.0442782 0.632397 -0.0479248 0.998704 -0.0171256 0.36082 0.0434138 0.0192117 0.998872 -0.68548
120 134 464 0.998616 0.0332994 -0.0407142 0.525492 -0.0337643 0.999372 -0.0107831 0.396453 0.0403295 0.0121428 0.999113 -0.752784
135 136 0 1 0 0 0 0 1 0 0 0 0 1 0
135 137 11 0.999999 0.0011411 -0.000772085 0.062987 -0.00113903 0.999996 0.00268669 0.093016 0.000775148 -0.00268581 0.999996 -0.99367
135 138 55 0.999825 0.00193339 -0.018622 0.919348 -0.0018805 0.999994 0.0028576 0.244583 0.0186275 -0.00282208 0.999823 -0.308186
135 139 92 0.999982 0.00376042 -0.00467869 0.0401713 -0.00371569 0.999948 0.00953264 -0.0360364 0.00471429 -0.00951508 0.999944 -0.998543
135 140 156 0.999945 0.00350401 -0.0098593 0.240194 -0.00342774 0.999964 0.00774145 0.158132 0.00988607 -0.00770723 0.999921 -0.957758
135 141 479 0.999437 0.0044138 -0.0332649 0.77075 -0.00438456 0.99999 0.000951828 0.501267 0.0332688 -0.000805439 0.999446 -0.393288
135 142 482 0.999328 0.0019521 -0.0365927 0.67485 -0.00197599 0.999998 -0.000616597 0.598445 0.0365914 0.00068849 0.99933 -0.431788
135 143 536 0.999531 0.00729686 -0.0297349 0.444532 -0.00722066 0.99997 0.00266928 0.328578 0.0297535 -0.00245332 0.999554 -0.833323
135 144 469 0.99937 0.00593951 -0.0350008 0.467223 -0.00571958 0.999963 0.0063803 0.360074 0.0350374 -0.00617609 0.999367 -0.807496
135 145 507 0.997971 0.0201222 -0.0604062 0.839635 -0.0199545 0.999795 0.00337841 0.355144 0.0604618 -0.00216618 0.998168 -0.410956
135 146 457 0.998898 0.0145809 -0.0446038 0.480055 -0.0142271 0.999865 0.00823954 0.427565 0.0447179 -0.00759588 0.998971 -0.765987
135 147 401 0.997672 0.0293804 -0.0615456 0.823477 -0.0279916 0.999336 0.023308 0.266248 0.0621895 -0.021531 0.997832 -0.500997
135 148 459 0.997903 0.0270796 -0.0587903 0.647552 -0.0254847 0.999291 0.0277119 0.360798 0.059499 -0.0261555 0.997886 -0.671194
135 149 379 0.997008 0.0427207 -0.0644135 0.684523 -0.0408767 0.998723 0.0296798 0.299093 0.0655992 -0.026958 0.997482 -0.664809
150 151 0 1 0 0 0 0 1 0 0 0 0 1 0
150 152 0 1 0 0 0 0 1 0 0 0 0 1 0
150 153 14 0.999803 0.018886 -0.00607383 0.472323 -0.0188329 0.999785 0.00867835 0.417411 0.00623642 -0.00856226 0.999944 -0.776324
150 154 13 0.999829 0.017885 -0.00460646 0.0429657 -0.0178223 0.999753 0.013313 -0.0933351 0.00484342 -0.0132286 0.999901 -0.994707
150 155 37 0.999745 0.0157646 -0.0161683 0.354073 -0.0155046 0.99975 0.0160838 0.220888 0.0164178 -0.0158291 0.99974 -0.908758
150 156 80 0.999478 0.0228019 -0.0229085 0.435697 -0.0224452 0.999625 0.015706 0.248436 0.0232581 -0.0151836 0.999614 -0.865129
150 157 85 0.999394 0.0276718 -0.0210992 0.376617 -0.0273735 0.999523 0.0142948 0.237363 0.0214847 -0.0137086 0.999675 -0.895443
150 158 133 0.999201 0.0277757 -0.0287404 0.461412 -0.0275076 0.999575 0.00968289 0.380027 0.0289971 -0.00888457 0.99954 -0.801672
150 159 40 0.9992 0.0380829 -0.0122384 0.165599 -0.0378406 0.999094 0.019456 0.0829039 0.0129683 -0.0189773 0.999736 -0.982702
150 160 119 0.998267 0.032815 -0.0488564 0.640397 -0.0323581 0.999425 0.0101134 0.317299 0.0491602 -0.00851496 0.998755 -0.699437
150 161 140 0.998312 0.0309117 -0.0491641 0.518179 -0.0304029 0.999476 0.0110631 0.25964 0.0494803 -0.00954973 0.998729 -0.81491
150 162 130 0.998501 0.0281086 -0.046955 0.419613 -0.0273744 0.999494 0.0162079 0.258187 0.0473868 -0.0148983 0.998766 -0.870209
150 163 118 0.998136 0.030333 -0.0529601 0.43258 -0.0295588 0.999445 0.0153414 0.339353 0.0533961 -0.0137474 0.998479 -0.835293
150 164 131 0.996444 0.0420963 -0.0729873 0.591059 -0.041179 0.999053 0.0140276 0.331629 0.0735087 -0.0109722 0.997234 -0.735303
165 166 0 1 0 0 0 0 1 0 0 0 0 1 0
165 167 0 1 0 0 0 0 1 0 0 0 0 1 0
165 168 137 0.999785 0.0124194 -0.0166245 0.486948 -0.012318 0.999905 0.00619046 0.270102 0.0166998 -0.00598434 0.999843 -0.830618
165 169 331 0.999638 0.0116362 -0.0242516 0.499532 -0.0115339 0.999924 0.00435145 0.379108 0.0243004 -0.00407016 0.999696 -0.778938
165 170 477 0.999448 0.014552 -0.0298527 0.522742 -0.0144361 0.999887 0.0040926 0.304866 0.0299089 -0.00365938 0.999546 -0.796114
165 171 458 0.999235 0.0170814 -0.035177 0.50971 -0.0170053 0.999852 0.00246246 0.361647 0.0352139 -0.00186238 0.999378 -0.780645
165 172 447 0.999167 0.0175793 -0.0368331 0.498871 -0.0174505 0.99984 0.00381468 0.33301 0.0368943 -0.00316875 0.999314 -0.800145
165 173 46 0.999555 0.0008697 -0.0298323 0.708768 -0.000303833 0.99982 0.0189676 0.436043 0.0298434 -0.0189501 0.999375 -0.55454
165 174 467 0.998435 0.0102948 -0.0549641 0.687398 -0.00978895 0.999907 0.00946492 0.364368 0.0550564 -0.00891207 0.998443 -0.628268
165 175 425 0.998027 0.0232282 -0.058326 0.520416 -0.0232189 0.99973 0.000837085 0.366867 0.0583297 0.000518832 0.998297 -0.771088
165 176 396 0.997402 0.0356026 -0.0626214 0.550878 -0.0355982 0.999365 0.00118587 0.316295 0.0626239 0.00104642 0.998037 -0.772328
165 177 403 0.997061 0.044194 -0.0625722 0.543555 -0.0443299 0.999017 -0.000783151 0.33416 0.062476 0.00355466 0.99804 -0.769991
165 178 443 0.996291 0.0537116 -0.0672207 0.59568 -0.0538882 0.998547 -0.000814793 0.300931 0.0670792 0.00443417 0.997738 -0.744719
165 179 362 0.996766 0.0509985 -0.0620999 0.526614 -0.0514021 0.998666 -0.00491893 0.319328 0.0617662 0.00809509 0.998058 -0.78785
180 181 0 1 0 0 0 0 1 0 0 0 0 1 0
180 182 18 0.999944 0.00935888 -0.00500085 0.822228 -0.00936217 0.999956 -0.000636346 -0.246886 0.00499467 0.000683129 0.999987 0.512824
180 183 241 0.999825 0.0177176 -0.00594481 0.812905 -0.0177343 0.999839 -0.00276539 -0.236689 0.00589486 0.00287034 0.999979 0.532132
180 184 424 0.999778 0.0199249 -0.00688232 0.568739 -0.0199733 0.999776 -0.0070344 -0.0540827 0.00674062 0.0071703 0.999952 -0.820738
180 185 644 0.999725 0.0196079 -0.0128752 0.571941 -0.019776 0.999719 -0.0130571 0.135824 0.0126155 0.0133081 0.999832 -0.808971
180 186 289 0.999592 0.021589 -0.0187076 0.888168 -0.0217478 0.999729 -0.00832848 0.444147 0.0185227 0.00873192 0.99979 0.117861
180 187 127 0.999325 0.0367491 2.28828e-05 0.549535 -0.0367481 0.999301 -0.00681833 0.0403189 -0.000273434 0.00681288 0.999977 0.834497
180 188 593 0.99928 0.0300711 -0.0231206 0.574911 -0.0306763 0.999184 -0.0262846 0.239142 0.0223113 0.026975 0.999387 -0.782489
180 189 529 0.998848 0.0287538 -0.0384044 0.715409 -0.0298308 0.999169 -0.0277714 0.252228 0.037574 0.0288851 0.998876 -0.651591
180 190 447 0.998675 0.0256355 -0.0446312 0.664847 -0.026864 0.99927 -0.0271452 0.242054 0.0439027 0.0283081 0.998635 -0.706674
180 191 502 0.997971 0.0230155 -0.0593655 0.689732 -0.0249139 0.999195 -0.0314394 0.252025 0.0585942 0.0328546 0.997741 -0.678788
180 192 295 0.999218 0.0373338 -0.0130576 0.097409 -0.0377095 0.998844 -0.0298145 0.22234 0.0119294 0.0302836 0.99947 -0.970091
180 193 529 0.997163 0.0281368 -0.0698228 0.667307 -0.0306227 0.998925 -0.0347922 0.228058 0.0687688 0.0368317 0.996952 -0.709007
180 194 385 0.996376 0.0264118 -0.0808548 0.692562 -0.0291196 0.999048 -0.032495 0.217921 0.0799195 0.0347317 0.996196 -0.687654
195 196 30 0.999932 -0.000529137 -0.0116593 0.795154 0.000622413 0.999968 0.00799793 -0.287213 0.0116547 -0.00800465 0.9999 0.534078
195 197 30 0.999885 -0.00101327 -0.0151292 0.454034 0.00129136 0.99983 0.0183826 -0.0177067 0.015108 -0.0184 0.999717 0.890808
195 198 316 0.999396 -0.000215257 -0.0347607 0.771394 0.00122665 0.999576 0.0290771 -0.253602 0.0347397 -0.0291021 0.998973 0.583642
195 199 72 0.999745 0.000385674 -0.0225772 0.193718 0.00029226 0.999549 0.0300164 -0.0321956 0.0225786 -0.0300154 0.999294 -0.980529
195 200 285 0.997821 0.0118585 -0.0649002 0.833771 -0.00824785 0.998418 0.0556221 -0.355638 0.0654571 -0.0549656 0.99634 0.422313
195 201 309 0.998163 0.0151945 -0.0586489 0.773743 -0.0119322 0.998383 0.0555789 -0.278799 0.0593986 -0.054777 0.99673 0.568852
195 202 394 0.996848 0.0142587 -0.0780481 0.886271 -0.0106089 0.99884 0.0469795 -0.100225 0.0786274 -0.0460034 0.995842 -0.452193
195 203 354 0.996257 0.0236791 -0.0831359 0.864019 -0.0195666 0.998561 0.0499377 -0.124673 0.0841987 -0.0481241 0.995286 -0.487778
195 204 334 0.996889 0.0310087 -0.072462 0.818506 -0.027403 0.998361 0.0502358 -0.153152 0.073901 -0.0480939 0.996105 -0.553709
195 205 326 0.995698 0.0335233 -0.0863844 0.841788 -0.0293171 0.998343 0.0495086 -0.126768 0.0879009 -0.046763 0.995031 -0.524712
195 206 354 0.996342 0.0388662 -0.0761078 0.77217 -0.0354162 0.998306 0.0461679 -0.142008 0.0777732 -0.0433035 0.99603 -0.619344
195 207 347 0.994828 0.0416604 -0.0926375 0.839393 -0.0373283 0.998149 0.0480157 -0.13892 0.0944664 -0.0443094 0.994541 -0.525473
195 208 341 0.994341 0.0519648 -0.0926625 0.835148 -0.0476834 0.997716 0.0478357 -0.15412 0.0949367 -0.0431465 0.994548 -0.52799
195 209 358 0.994189 0.0590316 -0.0900148 0.817276 -0.0548677 0.997337 0.0480536 -0.168711 0.0926118 -0.0428355 0.99478 -0.550996
210 211 10 0.999961 0.00678812 0.00559314 0.369559 -0.00679869 0.999975 0.00187183 -0.508315 -0.00558029 -0.00190978 0.999983 -0.777844
210 212 103 0.999914 0.0117214 0.00595488 0.48999 -0.0117287 0.99993 0.00120373 -0.065269 -0.00594035 -0.00127347 0.999982 0.869281
210 213 69 0.999638 0.0178912 0.0201084 0.254792 -0.0179647 0.999833 0.00348091 0.144054 -0.0200428 -0.00384089 0.999792 0.956206
210 214 461 0.999901 0.0118396 -0.00760301 0.931373 -0.0117159 0.999801 0.0161152 -0.0986028 0.0077923 -0.0160245 0.999841 0.35046
210 215 552 0.999872 0.0153831 0.0043426 0.674829 -0.0154688 0.999671 0.0204555 -0.249446 -0.0040265 -0.0205201 0.999781 0.694538
210 216 200 0.999835 0.00353152 0.0178078 0.82716 -0.00387647 0.999805 0.0193736 -0.162685 -0.0177359 -0.0194394 0.999654 -0.537903
210 217 77 0.998931 -0.00793962 0.0455361 -0.543638 0.00728765 0.999869 0.0144658 -0.0170125 -0.045645 -0.0141185 0.998858 0.839147
210 218 381 0.999765 -0.0114917 -0.0183799 0.987045 0.0121629 0.999248 0.0368301 -0.0714098 0.0179428 -0.037045 0.999153 -0.143675
210 219 429 0.999244 -0.0185099 -0.0341735 0.999098 0.0200767 0.998736 0.0460897 -0.0393799 0.0332772 -0.046741 0.998353 -0.0158752
210 220 538 0.999708 -0.0173042 -0.0168816 0.941221 0.0180084 0.998934 0.0424961 -0.0814125 0.0161283 -0.0427877 0.998954 -0.327833
210 221 297 0.999718 -0.0136709 -0.0194153 0.935179 0.014442 0.999089 0.0401505 -0.0839901 0.0188487 -0.0404196 0.999005 -0.344071
210 222 361 0.99998 -0.00482541 0.00399236 0.859659 0.00466781 0.999244 0.0385848 -0.141536 -0.00417553 -0.0385654 0.999247 -0.490871
210 223 480 0.999482 -0.00694181 -0.0314379 0.957976 0.00820658 0.999155 0.0402822 -0.0967024 0.0311317 -0.0405193 0.998694 -0.270056
210 224 464 0.999863 -0.00408601 -0.0160264 0.903154 0.00468094 0.999295 0.0372622 -0.126473 0.0158628 -0.0373321 0.999177 -0.410264
225 226 10 0.999965 0.00834198 -0.000142235 0.412556 -0.00834158 0.999962 0.00261599 -0.616701 0.000164052 -0.00261471 0.999997 -0.670431
225 227 14 0.999819 0.0175495 0.00740611 -0.0246037 -0.0175365 0.999845 -0.00182405 -0.39198 -0.00743697 0.00169384 0.999971 -0.919645
225 228 119 0.999596 0.0255532 0.0124204 -0.0398711 -0.0255273 0.999672 -0.00223774 -0.387488 -0.0124735 0.00191978 0.99992 -0.921012
225 229 295 0.999743 0.0225313 -0.0023391 0.576581 -0.022536 0.999744 -0.00202569 -0.134953 0.00229286 0.00207788 0.999995 0.805817
225 230 419 0.999638 0.0223541 -0.0149427 0.728631 -0.0223088 0.999746 0.00319464 -0.289378 0.0150103 -0.00286013 0.999883 0.620772
225 231 472 0.999432 0.0270095 -0.0201436 0.832041 -0.0268539 0.999608 0.00795934 -0.419412 0.0203507 -0.00741389 0.999765 -0.363045
225 232 394 0.999553 0.0296721 -0.00366876 0.655112 -0.0296393 0.999523 0.00870312 -0.468618 0.00392525 -0.00859049 0.999955 -0.592643
225 233 223 0.999468 0.0325077 -0.0027522 0.828723 -0.0325484 0.999337 -0.0163194 -0.33652 0.00221986 0.0164003 0.999863 -0.447183
225 234 223 0.999755 0.0220928 0.0014866 0.551255 -0.022084 0.99974 -0.0057172 -0.377254 -0.00161252 0.00568297 0.999983 -0.744176
225 235 381 0.999443 0.0229316 -0.0242284 0.919201 -0.0233885 0.999551 -0.0187494 -0.330372 0.0237875 0.0193056 0.999531 -0.214297
225 236 305 0.999617 0.0229589 -0.0154205 0.871847 -0.0233412 0.999413 -0.0250924 -0.311819 0.0148353 0.0254427 0.999566 -0.377693
225 237 266 0.999469 0.027608 -0.0172873 0.871479 -0.0280738 0.999233 -0.027307 -0.308615 0.0165201 0.0277779 0.999478 -0.381156
225 238 363 0.999091 0.0350005 -0.0243462 0.904248 -0.0356347 0.999023 -0.0261236 -0.311453 0.0234081 0.0269674 0.999362 -0.292118
225 239 252 0.998943 0.0424788 -0.0175477 0.906359 -0.0429784 0.998651 -0.0291459 -0.30414 0.016286 0.0298693 0.999421 -0.293278
240 241 0 1 0 0 0 0 1 0 0 0 0 1 0
240 242 438 0.999879 0.00954577 -0.0122795 0.481362 -0.00957989 0.99995 -0.00272245 -0.0808734 0.0122529 0.00283976 0.999921 0.872783
240 243 338 0.99974 0.00934148 -0.0208213 0.914949 -0.0094921 0.999929 -0.00714683 -0.146799 0.0207531 0.00734261 0.999758 0.375923
240 244 265 0.9997 0.0154884 -0.018993 0.873644 -0.0156134 0.999857 -0.00645313 -0.173845 0.0188903 0.00674774 0.999799 0.454449
240 245 325 0.999675 0.0163987 -0.0194997 0.82543 -0.01659 0.999815 -0.00968975 -0.0579457 0.0193372 0.0100101 0.999763 0.561522
240 246 168 0.999805 0.0180367 -0.00808307 0.965528 -0.0181362 0.999758 -0.0124144 -0.149376 0.00785721 0.0125586 0.99989 0.213174
240 247 261 0.999685 0.0095059 -0.0232364 0.944091 -0.00996171 0.999759 -0.0195794 -0.0602896 0.0230447 0.0198047 0.999538 0.324126
240 248 380 0.999438 0.014351 -0.0303065 0.915018 -0.0147166 0.999821 -0.0118749 -0.0510073 0.0301307 0.0123142 0.99947 0.400175
240 249 384 0.99962 0.0153764 -0.0228581 0.932993 -0.0156089 0.999828 -0.0100292 -0.0109657 0.0226999 0.0103822 0.999688 0.359728
240 250 241 0.999838 0.0133377 -0.0121188 0.942472 -0.0133943 0.9999 -0.00459712 0.0373762 0.0120562 0.00475869 0.999916 0.332189
240 251 324 0.999429 0.0269004 -0.0204374 0.844841 -0.0267466 0.999612 0.00776348 -0.0271156 0.0206384 -0.00721242 0.999761 0.53433
240 252 280 0.999827 0.0174349 -0.00646443 0.888004 -0.017409 0.99984 0.00404873 0.00360238 0.00653398 -0.00393549 0.999971 0.459822
240 253 273 0.999978 0.00601683 0.00291611 0.932967 -0.0060138 0.999981 -0.00104617 0.0316711 -0.00292235 0.00102861 0.999995 0.358567
240 254 289 0.99999 -0.00156792 0.00429222 0.9148 0.00156488 0.999999 0.000712224 0.0361746 -0.00429333 -0.0007055 0.999991 0.402285
255 256 0 1 0 0 0 0 1 0 0 0 0 1 0
255 257 92 0.999897 -0.0143088 -0.000687801 0.474325 0.0143137 0.999868 0.00771817 -0.193096 0.000577272 -0.00772722 0.99997 0.858912
255 258 315 0.999821 -0.0188044 -0.00207412 0.700414 0.0188167 0.999805 0.00604663 0.0210907 0.00196001 -0.00608457 0.99998 0.713425
255 259 504 0.999689 -0.02205 -0.0116319 0.924954 0.0220018 0.999749 -0.00425398 0.132486 0.0117227 0.00399673 0.999923 0.35624
255 260 442 0.999691 -0.0213652 -0.0126968 0.958579 0.0212485 0.999731 -0.00925985 0.237284 0.0128912 0.00898721 0.999877 0.157552
255 261 315 0.999858 -0.0168437 0.000978596 0.779928 0.0168402 0.999852 0.00340707 0.0658499 -0.00103584 -0.0033901 0.999994 0.622395
255 262 388 0.999775 -0.0191635 -0.00912081 0.792802 0.0191555 0.999816 -0.00095688 0.023438 0.00913747 0.000781951 0.999958 0.609028
255 263 138 0.999847 -0.0173544 0.00209157 0.799188 0.0173289 0.999782 0.0116475 -0.0756811 -0.00229325 -0.0116095 0.99993 0.596297
255 264 498 0.99924 -0.0283076 -0.0268028 0.813173 0.0283181 0.999599 1.5533e-05 0.0989735 0.0267916 -0.000774528 0.999641 0.573545
255 265 500 0.999167 -0.0274425 -0.0302029 0.776583 0.0274486 0.999623 -0.000212862 0.0874204 0.0301974 -0.000616342 0.999544 0.623921
255 266 339 0.998876 -0.0215624 0.0422185 -0.93046 0.0209507 0.99967 0.0148776 0.0790087 -0.0425254 -0.0139764 0.998998 -0.357774
255 267 474 0.998962 -0.0282571 -0.0357272 0.792468 0.0284159 0.999588 0.00394345 0.0608273 0.0356011 -0.00495458 0.999354 0.606873
255 268 468 0.998607 -0.0299564 -0.0434313 0.760461 0.029902 0.999551 -0.00190163 0.0251168 0.0434688 0.000600299 0.999055 0.648898
255 269 455 0.998399 -0.0298697 -0.0480374 0.804521 0.0296043 0.999542 -0.0062282 0.0419212 0.0482015 0.00479612 0.998826 0.592444
270 271 0 1 0 0 0 0 1 0 0 0 0 1 0
270 272 428 0.99988 0.0119309 -0.00990976 0.803806 -0.0117711 0.999802 0.0160296 -0.426883 0.0100991 -0.015911 0.999822 0.414327
270 273 479 0.999827 0.0185973 5.21891e-06 0.529312 -0.018597 0.999805 0.00668541 -0.0934802 0.000119113 -0.00668435 0.999978 0.843261
270 274 521 0.9998 0.016689 -0.0110428 0.892866 -0.0165629 0.999798 0.0114149 0.0214248 0.0112311 -0.0112298 0.999874 0.449812
270 275 470 0.999885 0.0122269 -0.00899858 0.635006 -0.0121688 0.999905 0.00648435 -0.0592646 0.00907701 -0.0063741 0.999938 0.770231
270 276 336 0.999924 0.011282 -0.0050446 0.778411 -0.0112343 0.999893 0.00938037 -0.149139 0.00514988 -0.00932298 0.999943 0.609782
270 277 500 0.999858 0.0111697 -0.01265 0.722432 -0.0110376 0.999884 0.0104681 -0.11817 0.0127654 -0.010327 0.999865 0.681269
270 278 437 0.999835 0.0142141 -0.0113161 0.69224 -0.0140792 0.99983 0.0119132 -0.118619 0.0114835 -0.011752 0.999865 0.711852
270 279 139 0.999666 0.0226034 0.0125583 0.835433 -0.0228103 0.999602 0.0165814 -0.204401 -0.0121785 -0.0168623 0.999784 0.510169
270 280 331 0.999776 0.0198612 -0.00734416 0.716317 -0.0197335 0.99966 0.0170668 -0.098518 0.00768062 -0.016918 0.999827 0.690785
270 281 412 0.999711 0.0236024 -0.00463786 0.727454 -0.0235283 0.999604 0.0154349 -0.105723 0.00500033 -0.0153213 0.99987 0.677963
270 282 327 0.999653 0.0259222 -0.00459216 0.709058 -0.0258361 0.999506 0.0179066 -0.100771 0.00505407 -0.0177818 0.999829 0.697913
270 283 368 0.999736 0.0229326 -0.00134299 0.73657 -0.0229057 0.999585 0.0174553 -0.100325 0.00174273 -0.0174199 0.999847 0.668879
270 284 393 0.999725 0.0234468 -0.000525718 0.730326 -0.0234356 0.999602 0.0157068 -0.112562 0.000893783 -0.0156902 0.999877 0.673761
285 286 21 0.999994 0.000306708 0.00333386 0.444621 -0.000303274 0.999999 -0.00103047 -0.122057 -0.00333418 0.00102945 0.999994 0.887364
285 287 0 1 0 0 0 0 1 0 0 0 0 1 0
285 288 569 0.999911 0.004637 -0.0125276 0.980998 -0.004615 0.999988 0.0017846 -0.0734588 0.0125357 -0.00172662 0.99992 0.179571
285 289 458 0.999979 0.00378679 0.00519587 0.445877 -0.00376941 0.999987 -0.00334962 -0.281443 -0.00520849 0.00332996 0.999981 0.849696
285 290 397 0.999805 0.0129311 -0.0149147 0.707801 -0.0129167 0.999916 0.0010622 -0.310978 0.0149272 -0.000869341 0.999888 0.634279
285 291 399 0.999821 0.0187244 0.00263414 0.716052 -0.0187011 0.999788 -0.00861748 -0.283167 -0.00279494 0.00856667 0.999959 0.638033
285 292 482 0.999825 0.0158651 -0.00993038 0.742077 -0.0159878 0.999795 -0.0124066 -0.22138 0.00973151 0.0125632 0.999874 0.632702
285 293 325 0.999774 0.0208378 -0.00422848 0.909345 -0.0208642 0.999762 -0.00630015 -0.203259 0.0040962 0.00638695 0.999971 0.363012
285 294 463 0.999197 0.0233733 -0.0325403 0.906605 -0.0236422 0.999689 -0.00790382 -0.204295 0.0323455 0.0086668 0.999439 0.369229
285 295 435 0.999481 0.0263129 -0.0185609 0.81254 -0.0266441 0.999486 -0.0178327 -0.230821 0.0180821 0.018318 0.999669 0.535257
285 296 264 0.998806 0.0423549 -0.0243268 0.753552 -0.0425542 0.999064 -0.00773518 -0.292098 0.0239764 0.00876116 0.999674 0.58893
285 297 402 0.998919 0.0428553 -0.0180283 0.7883 -0.0432402 0.998833 -0.0215281 -0.259652 0.0170846 0.0222843 0.999606 0.557821
285 298 361 0.998837 0.0438625 -0.0200186 0.794743 -0.0442714 0.99881 -0.0204603 -0.257833 0.0190974 0.0213228 0.99959 0.54946
285 299 349 0.998168 0.04489 -0.0405573 0.832169 -0.0458478 0.998684 -0.023002 -0.203348 0.0394713 0.0248193 0.998912 0.515891
300 301 0 1 0 0 0 0 1 0 0 0 0 1 0
300 302 14 0.99993 -0.00468146 -0.0108563 0.845453 0.00469842 0.999988 0.00153751 0.36672 0.010849 -0.00158841 0.99994 -0.388234
300 303 24 0.999923 -0.00828052 -0.00929401 0.704108 0.00828157 0.999966 7.39436e-05 0.141613 0.00929308 -0.000150907 0.999957 -0.695829
300 304 41 0.999904 -0.0108834 -0.00860167 0.653955 0.0109005 0.999939 0.00194467 0.229245 0.00857998 -0.00203824 0.999961 -0.720965
300 305 611 0.999506 0.00202196 -0.0313554 0.963145 -0.00207196 0.999997 -0.00156201 0.0625908 0.0313521 0.00162621 0.999507 0.261597
300 306 581 0.999468 0.0066554 -0.031913 0.922995 -0.00661567 0.999977 0.0013503 -0.0453749 0.0319213 -0.00113846 0.99949 0.382127
300 307 597 0.999319 0.0111927 -0.0351662 0.981456 -0.0111753 0.999937 0.000692439 0.0128513 0.0351717 -0.000298976 0.999381 0.191258
300 308 586 0.999218 0.0128646 -0.0373874 0.968256 -0.0127919 0.999916 0.00218213 0.0130803 0.0374124 -0.00170217 0.999298 0.249619
300 309 579 0.998918 0.0154962 -0.0438593 0.958194 -0.015307 0.999872 0.00464548 -0.00723794 0.0439257 -0.0039691 0.999027 0.286027
300 310 469 0.998837 0.0163338 -0.0453713 0.972033 -0.0161023 0.999855 0.00546305 -0.00978439 0.045454 -0.00472612 0.998955 0.234638
300 311 499 0.998537 0.016702 -0.0514246 0.966178 -0.0163015 0.999834 0.00819861 -0.0145085 0.0515529 -0.00734832 0.998643 0.257468
300 312 517 0.994932 0.0167646 -0.0991417 0.981992 -0.0190923 0.999563 -0.0225758 0.187658 0.0987198 0.0243543 0.994817 0.021843
300 313 463 0.99741 0.0243176 -0.0676955 0.964092 -0.0234524 0.999633 0.0135456 -0.0403917 0.0680001 -0.0119229 0.997614 0.26248
300 314 240 0.997224 0.0347153 -0.0658746 0.959576 -0.0336336 0.999282 0.0174598 -0.0550957 0.0664334 -0.0151957 0.997675 0.276006
315 316 14 0.999984 0.00570851 -0.000239125 0.4028 -0.00570993 0.999963 -0.00642795 -0.318509 0.000202422 0.00642921 0.999979 0.858082
315 317 0 1 0 0 0 0 1 0 0 0 0 1 0
315 318 134 0.999862 -0.00288691 -0.0163669 0.850135 0.00283372 0.999991 -0.00327256 0.0901034 0.0163762 0.00322573 0.999861 -0.518798
315 319 30 0.999847 0.00895061 -0.0150143 0.908787 -0.00913615 0.999882 -0.0123345 -0.205797 0.0149021 0.0124698 0.999811 0.362979
315 320 189 0.999566 0.0155082 -0.0250615 0.935856 -0.0158715 0.999771 -0.0143629 -0.160159 0.024833 0.0147544 0.999583 0.313885
315 321 242 0.999152 0.0262668 -0.031704 0.961162 -0.026764 0.999524 -0.0153643 -0.122095 0.0312853 0.0161998 0.999379 0.247507
315 322 242 0.997426 0.0402409 -0.0593516 0.80639 -0.0414114 0.998969 -0.018624 0.295471 0.058541 0.0210339 0.998063 0.512281
315 323 208 0.998117 0.045811 -0.0407983 0.925572 -0.0464748 0.9988 -0.0154738 -0.149458 0.0400404 0.0173408 0.999048 0.347821
315 324 189 0.997641 0.0505261 -0.0464605 0.916082 -0.0512078 0.998595 -0.0136012 -0.134272 0.0457081 0.0159483 0.998828 0.377843
315 325 229 0.99665 0.0532313 -0.0620869 0.976564 -0.0540905 0.998461 -0.0122403 -0.0208919 0.0613397 0.0155576 0.997996 0.214213
315 326 223 0.995739 0.0598115 -0.0701853 0.957387 -0.0607681 0.998085 -0.0115725 -0.0257635 0.0693587 0.0157883 0.997467 0.287655
315 327 228 0.995076 0.064894 -0.0749154 0.973196 -0.0661143 0.997715 -0.0139228 0.00892546 0.0738407 0.0188073 0.997093 0.229805
315 328 228 0.994817 0.0654204 -0.0778425 0.953735 -0.0665435 0.997712 -0.0119205 -0.00203587 0.0768845 0.0170386 0.996894 0.300643
315 329 243 0.994022 0.0614862 -0.0902254 0.957287 -0.0627964 0.997957 -0.0117534 0.0375692 0.0893184 0.017349 0.995852 0.286688
330 331 10 0.999979 0.00320052 -0.00562528 0.95241 -0.00319165 0.999994 0.00158405 0.296889 0.00563032 -0.00156606 0.999983 0.069084
330 332 0 1 0 0 0 0 1 0 0 0 0 1 0
330 333 0 1 0 0 0 0 1 0 0 0 0 1 0
330 334 10 0.999897 -0.00543398 -0.0132499 -0.91932 0.00565458 0.999845 0.016669 -0.316091 0.0131573 -0.0167422 0.999773 0.234385
330 335 93 0.999879 -0.0111153 -0.010869 -0.729097 0.0112734 0.99983 0.0145966 -0.409311 0.0107049 -0.0147174 0.999834 0.548527
330 336 483 0.999189 0.000212631 -0.0402646 0.933173 5.22082e-05 0.999978 0.00657631 0.155031 0.0402651 -0.00657308 0.999167 0.324275
330 337 458 0.999277 -0.00170211 -0.0379867 0.981517 0.00180038 0.999995 0.00255298 0.13851 0.0379821 -0.00261952 0.999275 0.132057
330 338 480 0.998958 -0.001931 -0.0455966 0.986194 0.00197638 0.999998 0.000949981 0.164573 0.0455947 -0.00103911 0.998959 0.0183726
330 339 457 0.998715 0.000792864 -0.0506632 0.97785 -0.000604206 0.999993 0.00373898 0.0825993 0.0506658 -0.00370357 0.998709 0.192321
330 340 454 0.998628 0.00369961 -0.0522275 0.989557 -0.00344692 0.999982 0.00492756 0.0863948 0.0522448 -0.00474077 0.998623 0.115383
330 341 429 0.998282 0.005033 -0.0583681 0.976048 -0.00471809 0.999974 0.00553178 0.0458888 0.0583944 -0.00524689 0.99828 0.212661
330 342 539 0.997375 0.0064896 -0.0721205 0.963043 -0.00592432 0.99995 0.00804916 0.0223779 0.0721691 -0.00760076 0.997363 0.268418
330 343 520 0.996736 0.00991187 -0.0801195 0.963221 -0.00915038 0.999909 0.00986602 0.0137351 0.08021 -0.00910069 0.996736 0.26836
330 344 539 0.996229 0.0146353 -0.0855165 0.959538 -0.013661 0.999835 0.0119675 0.00146188 0.0856775 -0.0107541 0.996265 0.281577
345 346 0 1 0 0 0 0 1 0 0 0 0 1 0
345 347 0 1 0 0 0 0 1 0 0 0 0 1 0
345 348 294 0.999649 0.0195945 -0.0178062 0.961573 -0.0196048 0.999808 -0.000402954 -0.067961 0.0177949 0.0007519 0.999841 0.266006
345 349 285 0.99958 0.0233392 -0.0171928 0.939354 -0.0233499 0.999727 -0.000419948 -0.0979869 0.0171783 0.000821222 0.999852 0.328653
345 350 399 0.999446 0.0251631 -0.0217799 0.883435 -0.025152 0.999683 0.000783778 -0.129075 0.0217927 -0.000235536 0.999762 0.450424
345 351 365 0.999313 0.0272498 -0.0251367 0.886433 -0.0272341 0.999629 0.00096774 -0.136757 0.0251538 -0.000282499 0.999684 0.442193
345 352 449 0.999109 0.0284821 -0.0311472 0.901665 -0.0285701 0.999589 -0.00238319 -0.144106 0.0310665 0.00327094 0.999512 0.407718
345 353 396 0.998911 0.030744 -0.0350969 0.923663 -0.0309427 0.999508 -0.00513051 -0.14072 0.0349219 0.00621092 0.999371 0.356433
345 354 402 0.998845 0.0327369 -0.0351588 0.871652 -0.0328846 0.999453 -0.00363042 -0.17905 0.0350207 0.00478241 0.999375 0.456251
345 355 397 0.99867 0.031391 -0.040891 0.916684 -0.0316165 0.999488 -0.00487963 -0.150638 0.0407169 0.00616597 0.999152 0.370133
