0 1 1085 0.999991 0.00230213 0.00353191 0.000929744 -0.00231034 0.999995 0.00232257 5.25038e-05 -0.00352655 -0.00233071 0.999991 -1
0 2 848 0.999972 0.00107601 0.00743345 0.00193456 -0.00110585 0.999991 0.00401106 -0.00222254 -0.00742907 -0.00401917 0.999964 -0.999996
0 3 678 0.999939 0.000713868 0.0110488 0.00416355 -0.000773852 0.999985 0.00542573 -0.00462907 -0.0110448 -0.00543394 0.999924 -0.999981
0 4 557 0.999878 -0.000917724 0.01557 0.00104015 0.00081678 0.999979 0.00648838 -0.0049497 -0.0155757 -0.00647487 0.999858 -0.999987
5 6 1177 0.999987 -0.00196577 0.00480267 0.00576543 0.00195891 0.999997 0.00143095 0.00098892 -0.00480547 -0.00142152 0.999987 -0.999983
5 7 920 0.999945 -0.00380905 0.00974179 0.00433752 0.00379055 0.999991 0.00191647 0.000277128 -0.00974901 -0.00187944 0.999951 -0.999991
5 8 711 0.999889 -0.00463663 0.0141437 0.00267173 0.00462755 0.999989 0.000675231 0.00281429 -0.0141467 -0.000609705 0.9999 -0.999992
5 9 562 0.999843 -0.00273478 0.0175168 0.00213313 0.00276861 0.999994 -0.00190775 0.00406994 -0.0175115 0.00195595 0.999845 -0.999989
10 11 1129 0.999995 -0.00124718 0.00277283 0.00325901 0.00124844 0.999999 -0.000452793 0.027216 -0.00277227 0.000456253 0.999996 -0.999624
10 12 846 0.999992 -0.0017117 0.00374088 0.0104679 0.00170704 0.999998 0.00124705 0.00504264 -0.00374301 -0.00124066 0.999992 -0.999932
10 13 662 0.999958 0.00314753 0.00866016 -0.0143708 -0.00315256 0.999995 0.000566871 0.0150905 -0.00865833 -0.000594149 0.999962 -0.999783
10 14 493 0.999967 0.00199829 0.00781192 0.0082703 -0.00200567 0.999998 0.000936664 0.00793185 -0.00781003 -0.000952302 0.999969 -0.999934
15 16 974 0.999996 -0.00294405 -0.000241411 0.0333185 0.00294484 0.99999 0.00335615 -0.0117575 0.000231528 -0.00335685 0.999994 -0.999376
15 17 777 0.999996 -0.00231704 0.00130957 0.0265007 0.00231004 0.999983 0.00532738 -0.0015416 -0.00132189 -0.00532434 0.999985 -0.999648
15 18 629 0.999961 -0.00682287 0.00569128 0.00263229 0.00679004 0.99996 0.00576804 0.00715541 -0.00573041 -0.00572917 0.999967 -0.999971
15 19 476 0.999942 -0.00803508 0.00710891 -0.0071338 0.00798652 0.999945 0.0068338 -0.00088814 -0.00716343 -0.00677664 0.999951 -0.999974
20 21 1067 0.999999 -0.000651667 0.0013795 0.00177086 0.000654111 0.999998 -0.00177181 0.01441 -0.00137835 0.00177272 0.999997 -0.999895
20 22 745 0.999998 -0.000848285 0.00157802 0.00928972 0.000850502 0.999999 -0.0014051 0.0104681 -0.00157682 0.00140644 0.999998 -0.999902
20 23 594 0.999984 -7.90657e-06 0.00561202 -0.0109053 1.40064e-05 0.999999 -0.00108688 0.0107853 -0.00561201 0.00108694 0.999984 -0.999882
20 24 427 0.999988 0.000671998 0.00491265 -0.000843398 -0.000671915 1 -1.84886e-05 0.00998539 -0.00491266 1.51875e-05 0.999988 -0.99995
25 26 919 0.999999 -0.00107986 -0.00097198 0.0197465 0.00107625 0.999993 -0.00370447 0.0167551 0.000975973 0.00370342 0.999993 -0.999665
25 27 711 0.999998 -0.00150625 -0.000892104 0.00518529 0.00149988 0.999974 -0.00709754 0.0138532 0.000902771 0.00709619 0.999974 -0.999891
25 28 528 0.999999 0.000872991 -0.00138202 0.000594519 -0.000885139 0.999961 -0.00881369 0.00891915 0.00137427 0.0088149 0.99996 -0.99996
25 29 396 0.999992 0.00177572 -0.00344832 0.00482699 -0.00181751 0.999925 -0.0121517 0.0160531 0.00342648 0.0121578 0.99992 -0.999859
30 31 738 0.999999 -0.00015695 -0.00121339 0.0107573 0.000162596 0.999989 0.00465449 0.00151201 0.00121265 -0.00465469 0.999988 -0.999941
30 32 579 0.999986 -0.00358689 -0.00397604 0.0149383 0.00361763 0.999963 0.00775006 0.0151452 0.0039481 -0.00776433 0.999962 -0.999774
30 33 481 0.99999 0.00441203 -0.000173231 -0.0102621 -0.00441056 0.999961 0.00770512 -0.00781554 0.00020722 -0.00770428 0.99997 -0.999917
30 34 395 0.999988 0.00345566 -0.00334308 0.00756791 -0.0034476 0.999991 0.00241203 0.00892166 0.00335138 -0.00240047 0.999992 -0.999932
35 36 807 0.999972 0.00738584 0.00139325 -0.0116281 -0.00738653 0.999973 0.000485292 0.0123378 -0.00138963 -0.00049557 0.999999 -0.999856
35 37 663 0.99996 0.00879293 0.00158381 0.00189387 -0.00879914 0.999953 0.00395812 0.0177132 -0.00154894 -0.0039719 0.999991 -0.999841
35 38 547 0.999946 0.00891279 0.00525694 -0.0121604 -0.00895279 0.999931 0.00763458 0.0137157 -0.00518853 -0.00768124 0.999957 -0.999832
35 39 458 0.999952 0.00774067 0.00598849 -0.00378316 -0.00779463 0.999929 0.00903911 0.00473516 -0.00591809 -0.00908535 0.999941 -0.999982
40 41 913 0.999997 -0.00187108 0.00186027 -0.0114705 0.00188022 0.999986 -0.00492349 0.0450423 -0.00185103 0.00492697 0.999986 -0.998919
40 42 782 0.999991 -0.00109502 0.00408525 -0.0132893 0.00110999 0.999993 -0.00366479 0.00450744 -0.00408121 0.00366929 0.999985 -0.999902
40 43 558 0.999982 -0.00470384 0.00369659 0.000997018 0.00472804 0.999967 -0.00656569 0.0145154 -0.00366558 0.00658305 0.999972 -0.999894
40 44 464 0.99999 -0.00287791 0.00355186 0.000155531 0.00291171 0.99995 -0.009548 0.0137922 -0.00352421 0.00955824 0.999948 -0.999905
45 46 809 1 -0.00027573 4.00101e-05 0.00700837 0.000275747 1 -0.000413813 0.0353228 -3.9896e-05 0.000413824 1 -0.999351
45 47 721 0.999999 -0.000117788 0.00111818 -0.00241379 0.000114606 0.999996 0.00284529 0.00413584 -0.00111851 -0.00284516 0.999995 -0.999989
45 48 535 0.999992 -0.0039124 -2.69451e-05 -0.00424837 0.00391248 0.999983 0.00426727 0.0149058 1.02494e-05 -0.00426735 0.999991 -0.99988
45 49 443 0.999998 -0.0012223 0.00132269 0.00654718 0.00121647 0.99999 0.0043959 0.0117704 -0.00132805 -0.00439428 0.999989 -0.999909
50 51 790 0.999999 0.00101888 -0.000878533 0.0598651 -0.00101942 0.999999 -0.00060909 -0.0111144 0.000877912 0.000609986 0.999999 -0.998145
50 52 716 0.999993 -0.0031878 0.00203981 -0.000264209 0.00318244 0.999991 0.00262818 0.0122773 -0.00204817 -0.00262167 0.999994 -0.999925
50 53 571 0.99997 -0.00775212 0.000830915 0.0060306 0.00774572 0.999942 0.00744231 0.0134465 -0.00088856 -0.00743565 0.999972 -0.999891
50 54 460 0.99998 -0.00565589 0.00284843 -0.000424345 0.00563371 0.999954 0.00773519 0.0107379 -0.00289205 -0.00771899 0.999966 -0.999942
55 56 849 1 0.000285265 -0.000375374 0.00213266 -0.000286287 0.999996 -0.00272575 0.0212712 0.000374595 0.00272585 0.999996 -0.999771
55 57 768 0.999999 0.00154181 0.000702003 0.000773776 -0.00153858 0.999988 -0.00457915 0.0377502 -0.000709055 0.00457807 0.999989 -0.999287
55 58 592 0.999973 0.00728862 -0.00015903 0.00647637 -0.00728907 0.999969 -0.00305995 0.01802 0.000136723 0.00306102 0.999995 -0.999817
55 59 475 0.999949 0.00995209 0.00146042 -0.00666418 -0.00995003 0.999949 -0.00141529 0.0140761 -0.00147443 0.00140068 0.999998 -0.999879
60 61 884 0.999993 0.00355484 0.00135067 0.000106548 -0.00354929 0.999985 -0.00409259 0.0126843 -0.0013652 0.00408776 0.999991 -0.99992
60 62 772 0.999987 0.00445106 0.00230155 -0.0073221 -0.00442999 0.999949 -0.00908139 0.0152464 -0.00234186 0.00907108 0.999956 -0.999857
60 63 594 0.99999 0.00386912 0.0022976 -0.000241432 -0.00384351 0.999932 -0.0110472 0.0167776 -0.00234019 0.0110382 0.999936 -0.999859
60 64 450 0.999992 0.00121289 0.0037471 -0.00185511 -0.00118475 0.999971 -0.00750236 0.0229023 -0.0037561 0.00749786 0.999965 -0.999736
65 66 766 0.999995 -0.00309952 0.000102304 0.0274514 0.00309892 0.999981 0.00541435 -0.0105801 -0.000119084 -0.00541401 0.999985 -0.999567
65 67 708 0.999974 -0.00683605 0.00209502 0.00730167 0.00682777 0.999969 0.00393472 0.00941856 -0.00212185 -0.00392032 0.99999 -0.999929
65 68 533 0.999944 -0.0103177 0.00215995 0.00989932 0.010314 0.999945 0.00171096 0.0157107 -0.00217749 -0.00168859 0.999996 -0.999828
65 69 440 0.999919 -0.012094 0.00398175 0.00477213 0.0120925 0.999927 0.000397532 0.013661 -0.00398627 -0.00034935 0.999992 -0.999895
70 71 838 0.999998 -0.00147104 0.00155826 0.0125557 0.00147315 0.999998 -0.00135687 0.0214421 -0.00155626 0.00135917 0.999998 -0.999691
70 72 838 0.999991 -0.0031031 0.00304924 -0.00161025 0.00310852 0.999994 -0.00177611 0.0259515 -0.00304371 0.00178557 0.999994 -0.999662
70 73 649 0.999982 -0.00393577 0.00456451 -0.000343703 0.00394312 0.999991 -0.00160194 0.0238192 -0.00455816 0.00161991 0.999988 -0.999716
70 74 527 0.999983 -0.00349551 0.00475515 0.0121223 0.00350888 0.99999 -0.00280567 0.0147785 -0.00474529 0.00282231 0.999985 -0.999817
75 76 884 0.999998 -0.00143656 0.00137467 -0.00771485 0.00144271 0.999989 -0.00448582 0.054546 -0.00136821 0.00448779 0.999989 -0.998481
75 77 856 0.999988 -0.00429201 0.0025121 0.017645 0.00430562 0.999976 -0.00543812 0.0147934 -0.0024887 0.00544887 0.999982 -0.999735
75 78 754 0.999961 -0.0070514 0.00540247 -0.0129993 0.00706818 0.99997 -0.00309318 0.0355083 -0.00538049 0.00313125 0.999981 -0.999285
75 79 616 0.999966 -0.00791858 0.00211269 0.0339579 0.00790759 0.999955 0.00515935 0.0164127 -0.00215345 -0.00514247 0.999984 -0.999288
80 81 981 0.999997 -0.0016725 -0.00161393 0.0421675 0.00167527 0.999997 0.00171488 -0.0146607 0.00161106 -0.00171758 0.999997 -0.999003
80 82 1024 0.999993 -0.00354941 0.0011037 0.0226893 0.00355225 0.99999 -0.0025797 0.0239683 -0.00109454 0.0025836 0.999996 -0.999455
80 83 853 0.999984 -0.00230867 0.00518973 -0.0280318 0.0023331 0.999986 -0.00470601 0.0214535 -0.00517879 0.00471804 0.999975 -0.999377
80 84 709 0.999996 -0.00050718 0.00284822 0.00938033 0.000512105 0.999998 -0.0017287 0.0191565 -0.00284734 0.00173015 0.999994 -0.999772
85 86 932 0.999992 0.0038156 -0.00124507 -0.0144271 -0.00380931 0.99998 0.00501703 0.000297576 0.00126419 -0.00501225 0.999987 -0.999896
85 87 1008 0.999987 0.000800839 -0.00508951 0.0172367 -0.000780878 0.999992 0.00392277 0.032583 0.00509261 -0.00391874 0.999979 -0.99932
85 88 862 0.999961 -0.00363571 -0.00802446 0.0045466 0.0036497 0.999992 0.00172949 0.0143148 0.00801811 -0.00175871 0.999966 -0.999887
85 89 770 0.999936 -0.00126179 -0.0112728 0.0006101 0.00125271 0.999999 -0.00081205 0.0132642 0.0112738 0.000797877 0.999936 -0.999912
90 91 981 0.999927 0.00498741 -0.0110291 0.114971 -0.00500958 0.999985 -0.00198329 -0.0316518 0.0110191 0.0020384 0.999937 -0.992864
90 92 925 0.999823 0.00139062 -0.0187536 -0.00846323 -0.00145359 0.999993 -0.00334455 0.0218291 0.0187488 0.00337122 0.999819 -0.999726
90 93 839 0.999377 -0.00420116 -0.0350284 0.0165619 0.00405744 0.999983 -0.00417298 0.0305006 0.0350453 0.00402826 0.999378 -0.999398
90 94 721 0.99862 -0.00810189 -0.0518854 0.016095 0.00786268 0.999958 -0.00481282 0.0216458 0.0519222 0.00439822 0.998641 -0.999636
95 96 917 0.999675 0.00415689 -0.0251637 -0.0596992 -0.00419894 0.99999 -0.00161836 0.0265766 0.0251567 0.0017235 0.999682 -0.997863
95 97 795 0.998275 0.00466498 -0.0585229 0.0126781 -0.00489044 0.999981 -0.00370994 0.032126 0.0585045 0.00398975 0.998279 -0.999403
95 98 724 0.99592 0.00461858 -0.0901204 0.0127292 -0.00504884 0.999977 -0.00454694 0.0189798 0.0900973 0.0049834 0.995921 -0.999739
95 99 621 0.991991 0.00404078 -0.126244 0.0139567 -0.00477599 0.999973 -0.00552156 0.0205273 0.126218 0.00608027 0.991984 -0.999692
100 101 871 0.99898 0.000112818 -0.0451532 -0.0773936 -0.000138445 1 -0.000564443 0.0229113 0.0451531 0.000570119 0.99898 -0.996737
100 102 845 0.995391 -0.00187284 -0.0958814 -0.0350474 0.0019049 0.999998 0.000242851 0.0320792 0.0958807 -0.000424376 0.995393 -0.998871
100 103 716 0.988858 -0.00118128 -0.148859 -0.0298915 0.00166252 0.999994 0.00310843 0.021439 0.148854 -0.00332127 0.988854 -0.999323
100 104 566 0.977685 -0.000531726 -0.210076 0.0243823 0.00140654 0.999991 0.00401487 0.0227208 0.210072 -0.00422076 0.977677 -0.999444
105 106 771 0.997988 0.000573188 -0.0634019 -0.103761 -0.000502445 0.999999 0.00113173 0.0072884 0.0634025 -0.00109759 0.997987 -0.994576
105 107 698 0.990953 0.00188054 -0.134197 -0.0181491 -0.00138184 0.999992 0.00380923 -0.00191439 0.134203 -0.00358932 0.990947 -0.999833
105 108 556 0.980394 0.00334263 -0.19702 -0.0206198 -0.00215141 0.999978 0.00625993 -0.0213309 0.197036 -0.00571333 0.98038 -0.99956
105 109 456 0.966774 0.00463182 -0.255591 -0.0293807 -0.00489809 0.999988 -0.000405252 0.0328583 0.255586 0.0016437 0.966785 -0.999028
110 111 949 0.998029 0.00191925 -0.0627262 -0.130479 -0.00191866 0.999998 6.95413e-05 -0.0104787 0.0627262 5.09461e-05 0.998031 -0.991396
110 112 748 0.991953 0.00538942 -0.126492 -0.0510247 -0.00520092 0.999985 0.00182038 -0.0137839 0.1265 -0.00114786 0.991966 -0.998602
110 113 595 0.983134 0.00949748 -0.18264 -0.0614536 -0.00892794 0.999952 0.00394035 -0.0103392 0.182669 -0.00224329 0.983172 -0.998056
110 114 439 0.9714 0.00756016 -0.23733 -0.0347556 -0.0071086 0.999971 0.00275842 0.0117751 0.237344 -0.000992445 0.971425 -0.999326
115 116 868 0.998675 -0.00426732 -0.0512849 -0.071388 0.00426443 0.999991 -0.000165883 0.0834398 0.0512851 -5.30374e-05 0.998684 -0.993952
115 117 643 0.995171 0.00560664 -0.098 -0.0641967 -0.00540488 0.999983 0.00232414 0.0190277 0.0980113 -0.00178324 0.995184 -0.997756
115 118 522 0.989908 0.0189598 -0.140438 -0.0685419 -0.0189797 0.999819 0.00119779 0.0222196 0.140435 0.00147975 0.990089 -0.997401
115 119 387 0.984043 0.0237341 -0.176343 -0.0619186 -0.0241668 0.999708 -0.000306098 0.0178195 0.176284 0.00456285 0.984329 -0.997922
120 121 823 0.999433 -0.00929415 -0.0323507 -0.0113796 0.00942192 0.999948 0.0037995 0.0207215 0.0323137 -0.00410215 0.999469 -0.999721
120 122 617 0.998001 -0.0150605 -0.061383 -0.00675414 0.0155733 0.999848 0.00788388 0.0182073 0.0612549 -0.00882405 0.998083 -0.999811
120 123 505 0.995991 -0.0144141 -0.0882837 0.00904376 0.0153525 0.999833 0.00995924 0.0154032 0.0881254 -0.0112747 0.996046 -0.99984
120 124 426 0.993793 -0.00769697 -0.110982 -0.00256086 0.00919206 0.999874 0.0129662 0.013758 0.110868 -0.0139058 0.993738 -0.999902
125 126 628 0.999796 0.00190809 -0.0201201 -0.0322602 -0.00175999 0.999971 0.0073757 -0.0315161 0.0201335 -0.00733878 0.99977 -0.998982
125 127 440 0.999289 -0.000723162 -0.0377042 -0.0129014 0.00101386 0.99997 0.00769152 -0.0249156 0.0376975 -0.00772428 0.999259 -0.999606
125 128 398 0.998573 -0.00337067 -0.0532923 0.0150362 0.00352505 0.99999 0.00280314 0.00406833 0.0532823 -0.002987 0.998575 -0.999879
125 129 383 0.997665 -0.00480794 -0.0681274 0.0070659 0.00472296 0.999988 -0.00140835 0.0117881 0.0681333 0.00108329 0.997676 -0.999906
130 131 625 0.999923 0.00349094 -0.0118802 -0.0178096 -0.00350012 0.999994 -0.000751824 0.0123661 0.0118775 0.000793348 0.999929 -0.999765
130 132 568 0.999711 0.00623655 -0.0232255 0.00341054 -0.00621986 0.99998 0.000791116 0.000850822 0.0232299 -0.000646428 0.99973 -0.999994
130 133 546 0.999518 0.0110049 -0.0290263 -0.0167348 -0.0109509 0.999938 0.00201775 0.00379693 0.0290467 -0.00169892 0.999577 -0.999853
130 134 500 0.999327 0.0105306 -0.0351474 -0.0084078 -0.010473 0.999943 0.00182429 0.00404679 0.0351646 -0.00145497 0.99938 -0.999956
135 136 547 0.99998 -0.000197682 -0.00629362 -0.0176471 0.000202196 1 0.000716596 0.0122783 0.00629347 -0.000717854 0.99998 -0.999769
135 137 633 0.999944 0.00291247 -0.0101802 0.000981873 -0.00289935 0.999995 0.00130281 -0.00191717 0.0101839 -0.00127322 0.999947 -0.999998
135 138 496 0.999903 0.0064826 -0.0123526 -0.0101276 -0.00647355 0.999979 0.000772456 0.00647178 0.0123574 -0.000692416 0.999923 -0.999928
135 139 429 0.999873 0.00534193 -0.0150182 -0.0113721 -0.00533758 0.999986 0.000329644 0.00791329 0.0150198 -0.000249441 0.999887 -0.999904
140 141 596 0.999994 0.00302519 -0.00189581 0.0335484 -0.00302433 0.999995 0.000457631 -0.0107845 0.00189718 -0.000451894 0.999998 -0.999379
140 142 584 0.999957 0.00896298 0.0023443 -0.033823 -0.00895976 0.999959 -0.0013822 0.0199797 -0.00235659 0.00136114 0.999996 -0.999228
140 143 564 0.999939 0.0105195 0.00340402 -0.0183186 -0.0105179 0.999945 -0.000484728 -0.0001376 -0.00340893 0.000448895 0.999994 -0.999832
140 144 463 0.999868 0.0140657 0.00817284 -0.0188548 -0.0140575 0.999901 -0.00105827 0.00785386 -0.00818691 0.000943238 0.999966 -0.999791
145 146 696 0.999991 0.00168521 0.00397536 0.00306287 -0.00168023 0.999998 -0.00125677 0.00136575 -0.00397747 0.00125008 0.999991 -0.999994
145 147 774 0.999982 0.00145951 0.00588568 0.0464635 -0.00144255 0.999995 -0.00288511 0.000758754 -0.00588986 0.00287657 0.999979 -0.99892
145 148 628 0.999925 -0.00096726 0.0121733 0.00459471 0.00103221 0.999985 -0.0053303 0.00745433 -0.0121679 0.00534246 0.999912 -0.999962
145 149 478 0.999823 -0.00138189 0.0187518 -0.0132739 0.00151536 0.999974 -0.00710549 0.0121039 -0.0187415 0.00713265 0.999799 -0.999839
150 151 616 0.999984 -0.00374019 0.00428393 -0.0225997 0.00372448 0.999986 0.00366957 0.0371684 -0.0042976 -0.00365355 0.999984 -0.999053
150 152 657 0.99994 -0.00981902 0.00493836 0.000964206 0.00977893 0.99992 0.00807747 0.0209557 -0.00501727 -0.00802869 0.999955 -0.99978
150 153 552 0.999928 -0.0104171 0.005877 -0.00411993 0.0103472 0.999877 0.0117891 0.00196182 -0.00599908 -0.0117275 0.999913 -0.99999
150 154 451 0.999913 -0.0124219 0.00443084 0.0162998 0.012372 0.999862 0.01111 0.00555186 -0.00456823 -0.0110543 0.999928 -0.999852
155 156 917 0.999999 0.00114956 0.000831132 -0.0209702 -0.00114794 0.999997 -0.00195366 0.0282839 -0.000833376 0.00195271 0.999998 -0.99938
155 157 913 0.999996 -0.00242687 -0.00172332 0.0271138 0.00242229 0.999994 -0.00265604 0.0209741 0.00172976 0.00265185 0.999995 -0.999412
155 158 645 0.999992 -0.0031712 0.00226532 -0.00574481 0.00317382 0.999994 -0.00115188 0.0107798 -0.00226166 0.00115906 0.999997 -0.999925
155 159 548 0.999981 -0.00599514 0.00155924 -0.00157591 0.00599657 0.999982 -0.000917554 0.0114654 -0.00155371 0.000926887 0.999998 -0.999933
160 161 1187 0.999988 -0.00385249 -0.00307155 0.0153249 0.00385072 0.999992 -0.000580102 0.0135667 0.00307376 0.000568267 0.999995 -0.999791
160 162 898 0.999968 -0.00463903 -0.00646363 0.00538324 0.00462451 0.999987 -0.00225899 0.0136719 0.00647402 0.00222903 0.999977 -0.999892
160 163 598 0.999876 -0.00953307 -0.0125417 0.0217828 0.00947213 0.999943 -0.00490997 0.0168865 0.0125878 0.00479057 0.999909 -0.99962
160 164 418 0.999727 -0.0130681 -0.0193643 0.0227905 0.0129199 0.999886 -0.00775802 0.0275068 0.0194635 0.00750571 0.999782 -0.999362
165 166 925 0.999961 0.000365282 -0.00887363 0.0127838 -0.000355561 0.999999 0.00109709 0.00519683 0.00887403 -0.00109389 0.99996 -0.999905
165 167 646 0.99984 -0.000608321 -0.0178497 -0.00978694 0.00063585 0.999999 0.00153666 0.00741366 0.0178488 -0.00154777 0.999839 -0.999925
165 168 503 0.999555 0.000168495 -0.0298445 0.0247344 -0.000160977 1 0.000254331 0.0143104 0.0298445 -0.000249414 0.999555 -0.999592
165 169 381 0.999225 -0.00257333 -0.039286 0.0162404 0.00254101 0.999996 -0.000872595 0.013597 0.0392881 0.000772093 0.999228 -0.999776
170 171 774 0.999948 0.000414689 -0.0101749 -0.0197246 -0.000408307 1 0.000629267 0.00864352 0.0101752 -0.00062508 0.999948 -0.999768
170 172 527 0.999767 -2.27217e-05 -0.0215836 -0.00232685 3.18167e-05 1 0.000421046 0.0234996 0.0215836 -0.000421634 0.999767 -0.999721
170 173 423 0.999465 -0.00237509 -0.0326089 0.00101067 0.00242387 0.999996 0.00145636 0.0168849 0.0326053 -0.00153462 0.999467 -0.999857
170 174 348 0.999107 0.00102854 -0.0422397 0.00681434 -0.000931097 0.999997 0.00232659 0.0234544 0.0422419 -0.00228518 0.999105 -0.999702
175 176 573 0.999945 0.00190166 -0.0103084 0.0281609 -0.00188323 0.999997 0.00179705 -0.0189303 0.0103118 -0.00177754 0.999945 -0.999424
175 177 573 0.999772 0.00272482 -0.0211692 0.0425085 -0.00268211 0.999994 0.0020459 -0.00935749 0.0211746 -0.00198865 0.999774 -0.999052
175 178 460 0.999536 0.00251005 -0.0303483 0.0414604 -0.00245762 0.999995 0.00176479 0.00155101 0.0303526 -0.00168939 0.999538 -0.999139
175 179 372 0.999374 2.80545e-05 -0.0353807 0.0232193 -5.25039e-05 1 -0.000690107 0.0199884 0.0353806 0.000691533 0.999374 -0.999531
180 181 728 0.999992 0.00374494 -0.00144989 -0.0663967 -0.00374852 0.99999 -0.0024716 0.0254986 0.00144062 0.00247702 0.999996 -0.997467
180 182 613 0.999963 0.00408568 -0.00756124 0.00294504 -0.00410241 0.999989 -0.0021981 0.0136682 0.00755218 0.00222904 0.999969 -0.999902
180 183 469 0.999963 0.00401377 -0.00760829 -0.00838856 -0.00404527 0.999983 -0.00412953 0.0209631 0.00759158 0.00416015 0.999963 -0.999745
180 184 362 0.999942 0.00564196 -0.00920811 -0.00435232 -0.005672 0.999979 -0.00324028 0.0149211 0.00918963 0.00329232 0.999952 -0.999879
185 186 537 0.999997 0.000497459 0.00258732 0.0288281 -0.000503827 0.999997 0.00246112 0.0049117 -0.00258609 -0.00246241 0.999994 -0.999572
185 187 542 0.999966 0.00185308 0.00807338 0.00385059 -0.00187013 0.999996 0.00210516 0.0179673 -0.00806944 -0.00212019 0.999965 -0.999831
185 188 496 0.999872 -0.00391476 0.0155115 0.00778182 0.00389226 0.999991 0.00147992 0.0448202 -0.0155172 -0.00141936 0.999879 -0.998965
185 189 448 0.999629 -0.000768427 0.0272225 -0.00805028 0.00069171 0.999996 0.00282745 0.0170793 -0.0272245 -0.00280758 0.999625 -0.999822
190 191 690 0.999858 9.08038e-05 0.0168548 0.0415843 -0.000117888 0.999999 0.00160594 0.00365106 -0.0168546 -0.00160769 0.999857 -0.999128
190 192 714 0.999299 -0.00461275 0.0371545 0.0330255 0.00445339 0.999981 0.00437064 0.0233779 -0.0371739 -0.00420211 0.9993 -0.999181
190 193 462 0.997798 -0.00299597 0.0662533 -0.028019 0.00256371 0.999975 0.00660849 0.0181253 -0.0662715 -0.00642408 0.997781 -0.999443
190 194 468 0.995891 -0.00653578 0.090328 0.00157073 0.00573415 0.999942 0.00913136 0.00908489 -0.0903824 -0.00857588 0.99587 -0.999957
195 196 613 0.999191 -0.00175395 0.0401889 0.00463242 0.0019076 0.999991 -0.00378535 0.04753 -0.0401819 0.00385895 0.999185 -0.998859
195 197 634 0.996945 -0.00167803 0.0780831 0.050951 0.0022678 0.99997 -0.00746501 0.0381981 -0.0780682 0.00761929 0.996919 -0.99797
195 198 510 0.99202 -0.00417164 0.126013 0.00156335 0.00571252 0.999913 -0.011869 0.0300177 -0.125953 0.0124942 0.991958 -0.999548
195 199 336 0.984635 -0.00504882 0.174553 -0.0207198 0.00764652 0.99987 -0.0142127 0.0263477 -0.174459 0.015329 0.984545 -0.999438
200 201 619 0.99815 0.00133743 0.0607808 0.0118574 -0.00138915 0.999999 0.000808667 -0.00445744 -0.0607796 -0.000891604 0.998151 -0.99992
200 202 419 0.992775 0.00381755 0.119934 0.0181636 -0.00403702 0.999991 0.00158699 0.006024 -0.119927 -0.0020597 0.992781 -0.999817
200 203 160 0.982951 0.00412481 0.18382 0.0017822 -0.00581963 0.999945 0.00868147 -0.0156354 -0.183774 -0.00960322 0.982922 -0.999876
200 204 85 0.968032 0.00878028 0.250672 -0.0397908 -0.0109552 0.999913 0.00728245 0.021533 -0.250586 -0.00979581 0.968045 -0.998976
205 206 407 0.997648 -0.00136002 0.0685376 0.102568 0.00122781 0.999997 0.00197119 0.0100836 -0.0685401 -0.0018824 0.997647 -0.994675
205 207 295 0.990428 -0.00293157 0.138001 0.0602228 0.00214253 0.999981 0.00586589 -0.00738101 -0.138015 -0.00551407 0.990415 -0.998158
205 208 168 0.979289 0.00521608 0.202399 0.0281192 -0.00525892 0.999986 -0.000326114 0.0286381 -0.202398 -0.000745041 0.979303 -0.999194
205 209 162 0.962355 0.00583133 0.271733 -0.0233869 -0.00473641 0.999978 -0.00468507 0.0229258 -0.271754 0.00322166 0.962361 -0.999464
210 211 438 0.997887 -0.000668233 0.0649697 0.0989901 0.00102377 0.999985 -0.00543916 -0.00201762 -0.0649651 0.00549418 0.997872 -0.995086
210 212 354 0.99208 -0.000912976 0.125604 0.0857749 0.00254296 0.999915 -0.0128175 0.030287 -0.125581 0.0130354 0.991998 -0.995854
210 213 300 0.983301 -0.00265071 0.181967 0.0340709 0.00587579 0.999835 -0.0171866 0.028414 -0.181891 0.0179688 0.983155 -0.999015
210 214 276 0.972555 -0.000132935 0.232673 -0.00435115 0.00513369 0.999769 -0.0208872 0.0328857 -0.232617 0.0215084 0.972331 -0.99945
215 216 486 0.999382 -0.00334285 0.0349941 0.154702 0.00327547 0.999993 0.00198255 0.00152855 -0.0350005 -0.00186671 0.999386 -0.98796
215 217 464 0.997559 -0.00555592 0.0696043 0.0399828 0.00543082 0.999983 0.00198634 0.0130253 -0.0696142 -0.00160349 0.997573 -0.999115
215 218 467 0.995796 4.58857e-05 0.0916009 0.0149276 -0.000305793 0.999996 0.00282336 0.0103703 -0.0916004 -0.0028395 0.995792 -0.999835
215 219 434 0.994193 0.00369807 0.107545 0.00564222 -0.00404092 0.999987 0.00297019 0.00269736 -0.107533 -0.00338752 0.994196 -0.99998
220 221 422 0.999942 -0.00538276 0.00931044 0.0729598 0.0053823 0.999986 7.48173e-05 -0.00438554 -0.00931071 -2.47015e-05 0.999957 -0.997325
220 222 569 0.999778 -0.0137126 0.0159739 0.00800484 0.0136894 0.999905 0.00156065 -0.0039141 -0.0159937 -0.00134163 0.999871 -0.99996
220 223 682 0.999649 -0.0186769 0.0188154 0.0290868 0.018568 0.99981 0.00594629 -0.00273809 -0.0189229 -0.00559483 0.999805 -0.999573
220 224 601 0.999644 -0.01881 0.0189459 0.0235246 0.0186585 0.999793 0.00814122 0.00160063 -0.0190951 -0.00778482 0.999787 -0.999722
225 226 498 0.999988 0.00329273 -0.00369097 -0.0128003 -0.0032679 0.999972 0.00671444 -0.0109897 0.00371297 -0.0067023 0.999971 -0.999858
225 227 610 0.999958 0.00210292 -0.00890133 0.0111332 -0.00200431 0.999937 0.0110728 -0.0147358 0.00892406 -0.0110545 0.999899 -0.999829
225 228 571 0.999892 -0.00162329 -0.0145887 0.0189936 0.00176589 0.999951 0.0097671 -0.000764572 0.0145721 -0.00979181 0.999846 -0.999819
225 229 545 0.999826 -0.00413005 -0.0182031 -0.000145928 0.00425285 0.999968 0.00671254 -0.00532832 0.0181748 -0.00678879 0.999812 -0.999986
230 231 454 0.999988 0.00354722 -0.00341991 -0.0281375 -0.0035667 0.999977 -0.00570543 0.00540895 0.00339959 0.00571756 0.999978 -0.999589
230 232 549 0.999964 0.00437993 -0.00727294 -0.0122299 -0.00446013 0.999929 -0.0110472 0.0195922 0.00722404 0.0110792 0.999913 -0.999733
230 233 616 0.999908 0.00932947 -0.00982973 -0.0119662 -0.00943798 0.999894 -0.0110511 0.0125278 0.00972559 0.0111429 0.999891 -0.99985
230 234 576 0.999861 0.0132888 -0.0101049 -0.018369 -0.0133656 0.999882 -0.00756931 0.00850939 0.0100031 0.00770331 0.99992 -0.999795
235 236 441 1 0.000263001 0.000664013 -0.00462166 -0.000267255 0.999979 0.006415 0.00884603 -0.000662312 -0.00641518 0.999979 -0.99995
235 237 521 0.999986 -0.0049149 0.00182529 0.0180572 0.00489597 0.999936 0.0102321 -0.00987968 -0.00187547 -0.010223 0.999946 -0.999788
235 238 544 0.999979 -0.00258861 0.0059714 -0.00326429 0.00254934 0.999975 0.0065747 -0.0079729 -0.00598827 -0.00655934 0.999961 -0.999963
235 239 460 0.999965 -0.000557696 0.00834999 0.00360882 0.000579467 0.999996 -0.00260509 0.0143676 -0.00834851 0.00260984 0.999962 -0.99989
240 241 368 0.999989 -0.00434525 0.00172597 0.00559753 0.00434395 0.99999 0.00075583 0.0111131 -0.00172924 -0.000748325 0.999998 -0.999923
240 242 566 0.999961 -0.00870063 0.00181363 0.0322339 0.00868986 0.999945 0.00586499 0.00521806 -0.00186456 -0.005849 0.999981 -0.999467
240 243 489 0.999929 -0.00926264 0.00745079 0.00248369 0.00918354 0.999902 0.0105819 0.00461649 -0.00754808 -0.0105127 0.999916 -0.999986
240 244 502 0.9999 -0.00911746 0.0107766 0.00528183 0.00895878 0.999852 0.0146819 -0.0102241 -0.0109089 -0.0145839 0.999834 -0.999934
245 246 428 0.999992 0.00160135 0.00354412 -0.0406468 -0.00159411 0.999997 -0.00204485 -0.0062747 -0.00354739 0.00203918 0.999992 -0.999154
245 247 604 0.999976 0.00415291 0.00553401 -0.00251737 -0.00412876 0.999982 -0.00436826 0.00653634 -0.00555205 0.00434531 0.999975 -0.999975
245 248 536 0.999956 0.00630898 0.00698593 -0.0168155 -0.00625626 0.999952 -0.00754288 0.0154043 -0.00703318 0.00749884 0.999947 -0.99974
245 249 480 0.999893 0.011884 0.00847962 -0.0187045 -0.0118088 0.999891 -0.00887045 0.0199313 -0.00858411 0.00876937 0.999925 -0.999626
250 251 456 0.999986 -0.00532041 -0.000584714 0.0216659 0.00532145 0.999984 0.00178204 0.0120577 0.000575223 -0.00178512 0.999998 -0.999693
250 252 574 0.999951 -0.0098459 -0.00128658 0.0144258 0.00985249 0.999938 0.00522805 0.00835649 0.00123502 -0.00524047 0.999986 -0.999861
250 253 510 0.999817 -0.0190402 -0.00201755 0.0127326 0.0190537 0.999795 0.00690052 0.00400471 0.00188575 -0.0069377 0.999974 -0.999911
250 254 452 0.999659 -0.0254336 -0.00592406 0.0222538 0.0254673 0.99966 0.00567753 0.00928931 0.00577764 -0.00582647 0.999966 -0.999709
255 256 446 0.99999 -0.00324267 -0.00322298 0.0169463 0.00324098 0.999995 -0.000530002 0.0467998 0.00322468 0.000519551 0.999995 -0.998761
255 257 527 0.999991 0.00208677 -0.00376978 -0.0182239 -0.00207363 0.999992 0.00348502 0.00831721 0.00377702 -0.00347717 0.999987 -0.999799
255 258 480 0.999947 0.00819369 -0.00629788 0.017514 -0.0081827 0.999965 0.00176908 0.0113492 0.00631216 -0.00171745 0.999979 -0.999782
255 259 445 0.999865 0.0148072 -0.00716493 0.00461657 -0.0147774 0.999882 0.00419133 0.00647027 0.00722615 -0.00408488 0.999966 -0.999968
260 261 365 0.999996 -0.00274895 -0.000468086 -0.00780803 0.00274739 0.999991 -0.00329006 0.0171604 0.000477126 0.00328876 0.999994 -0.999822
260 262 487 0.999983 -0.00540468 -0.00225018 0.0160201 0.00538473 0.999947 -0.00878238 0.0222258 0.00229752 0.00877011 0.999959 -0.999625
260 263 420 0.999935 -0.0107716 -0.00360241 0.0126001 0.0107243 0.999859 -0.0129003 0.0216522 0.00374086 0.0128608 0.99991 -0.999686
260 264 393 0.999942 -0.0093524 -0.00533033 0.0175619 0.00931879 0.999937 -0.00629584 0.0112981 0.00538888 0.00624581 0.999966 -0.999782
265 266 483 0.999988 0.00492733 0.000776355 -0.0140751 -0.0049342 0.999946 0.00910838 -0.00431056 -0.000731433 -0.0091121 0.999958 -0.999892
265 267 446 0.999989 0.00466579 -0.000505564 0.0225433 -0.00466613 0.999989 -0.000683633 0.0131006 0.000502368 0.000685985 1 -0.99966
265 268 337 0.999981 0.0057157 0.00218236 -0.00412024 -0.00566752 0.999753 -0.0214789 0.0348571 -0.00230459 0.0214662 0.999767 -0.999384
265 269 288 0.999947 0.00914061 0.00477993 -0.00400442 -0.00896131 0.999302 -0.0362756 0.0398222 -0.00510817 0.0362308 0.99933 -0.999199
270 271 396 0.999987 -0.00471433 0.00170958 -0.00307004 0.00468576 0.999855 0.016348 -0.00467457 -0.00178641 -0.0163398 0.999865 -0.999984
270 272 416 0.999993 -0.00307855 0.00233813 0.0130706 0.00302149 0.999707 0.0240251 -0.00623873 -0.00241141 -0.0240179 0.999709 -0.999895
270 273 367 0.999991 -2.41392e-05 0.0042653 0.00948577 -8.16568e-05 0.999692 0.024802 0.00133515 -0.00426458 -0.0248021 0.999683 -0.999954
270 274 314 0.999972 -0.00129055 0.00733319 0.00202891 0.0011326 0.999768 0.0215025 0.0144637 -0.00735924 -0.0214936 0.999742 -0.999893
275 276 413 0.99999 -1.00922e-05 0.00451273 0.0234758 1.19345e-06 0.999998 0.00197193 0.00809676 -0.00451274 -0.0019719 0.999988 -0.999692
275 277 423 0.999951 -0.00610154 0.00774319 0.00915343 0.00608791 0.99998 0.00178292 0.0141252 -0.00775392 -0.00173569 0.999968 -0.999858
275 278 403 0.999866 -0.0127065 0.0102869 0.0047039 0.012681 0.999916 0.00254358 0.00856823 -0.0103183 -0.00241279 0.999944 -0.999952
275 279 362 0.999825 -0.014514 0.0118054 0.00986573 0.0145056 0.999894 0.000792341 0.0107793 -0.0118157 -0.000620957 0.99993 -0.999893
280 281 595 0.999998 0.00107186 0.00193264 -0.0287766 -0.00107216 0.999999 0.000155949 0.00958658 -0.00193248 -0.000158021 0.999998 -0.99954
280 282 636 0.999974 0.00526904 0.00489231 -0.00592582 -0.00528778 0.999979 0.00382611 0.00855828 -0.00487205 -0.00385188 0.999981 -0.999946
280 283 529 0.999939 0.00880773 0.00664841 0.0110184 -0.00885443 0.999936 0.00702704 0.0105898 -0.00658609 -0.00708548 0.999953 -0.999883
280 284 457 0.999833 0.0105971 0.0149042 -0.00481935 -0.0107174 0.99991 0.00801696 0.00899406 -0.014818 -0.00817535 0.999857 -0.999948
285 286 651 0.999966 0.00113731 0.00822809 -0.0281092 -0.00107013 0.999966 -0.00816518 0.0144441 -0.0082371 0.00815609 0.999933 -0.9995
285 287 627 0.999939 0.00349588 0.0105128 -0.00153437 -0.00330692 0.999834 -0.0179378 0.0329235 -0.0105737 0.017902 0.999784 -0.999457
285 288 530 0.999868 -0.00482942 0.0155154 -0.00587469 0.00513401 0.999794 -0.0196518 0.0197907 -0.0154173 0.0197288 0.999686 -0.999787
285 289 448 0.9998 -0.00570748 0.0191676 0.0100502 0.00600255 0.999864 -0.0153719 0.0205184 -0.0190772 0.0154839 0.999698 -0.999739
290 291 616 0.999968 0.00511856 0.00608827 0.0301026 -0.0051524 0.999971 0.00555516 -0.00574539 -0.00605966 -0.00558635 0.999966 -0.99953
290 292 587 0.999888 0.00621675 0.013619 0.00953386 -0.00630267 0.99996 0.00627484 -0.0125031 -0.0135794 -0.00635997 0.999888 -0.999876
290 293 458 0.999772 -0.00235526 0.0212004 -0.00709533 0.00232134 0.999996 0.00162464 0.0134829 -0.0212041 -0.00157506 0.999774 -0.999884
290 294 376 0.999527 -0.00663105 0.0300203 -0.0133136 0.00653539 0.999973 0.00328355 0.0113404 -0.0300412 -0.00308581 0.999544 -0.999847
295 296 591 0.999966 0.000859606 0.0082074 0.0157701 -0.0008809 0.999996 0.00259122 0.00572265 -0.00820514 -0.00259836 0.999963 -0.999859
295 297 546 0.99985 0.00112964 0.0172607 -0.0114803 -0.00113332 0.999999 0.000203624 0.00689435 -0.0172605 -0.000223156 0.999851 -0.99991
295 298 439 0.999709 -0.00190981 0.0240491 0.0158524 0.00207466 0.999975 -0.00683161 0.0191259 -0.0240355 0.00687952 0.999687 -0.999691
295 299 365 0.999412 -0.0050918 0.0339063 -0.0139445 0.00550937 0.99991 -0.0122334 0.0179379 -0.033841 0.0124131 0.99935 -0.999742
300 301 494 0.999981 -0.000994566 0.00607786 0.0123446 0.00100554 0.999998 -0.00180345 0.0137842 -0.00607605 0.00180953 0.99998 -0.999829
300 302 501 0.999941 -0.000890851 0.0107848 -0.017651 0.000886578 1 0.000400978 0.0127523 -0.0107852 -0.000391393 0.999942 -0.999763
300 303 424 0.999884 -0.00583211 0.0140476 0.0120439 0.00573475 0.999959 0.00696112 0.00209874 -0.0140876 -0.00687975 0.999877 -0.999925
300 304 371 0.999727 -0.0126224 0.019644 -0.021867 0.0123647 0.999837 0.0131874 0.00126863 -0.0198072 -0.0129409 0.99972 -0.99976
305 306 488 0.999993 -0.00245931 0.00294958 0.0267748 0.00247671 0.999979 -0.0059092 0.0151802 -0.00293499 0.00591646 0.999978 -0.999526
305 307 479 0.999968 -0.00484366 0.00635439 -0.000741588 0.00494933 0.999848 -0.01672 0.0230079 -0.00627244 0.016751 0.99984 -0.999735
305 308 420 0.999935 -0.00377963 0.0107182 -0.00176183 0.00402429 0.99973 -0.0228979 0.0203659 -0.0106287 0.0229395 0.99968 -0.999791
305 309 397 0.999866 -0.00427058 0.0158348 -0.0311342 0.00456937 0.999811 -0.0188814 0.0183335 -0.0157512 0.0189512 0.999696 -0.999347
310 311 535 0.999974 0.0017641 0.00706262 -0.0121146 -0.00179627 0.999988 0.00455249 0.0132261 -0.00705451 -0.00456505 0.999965 -0.999839
310 312 519 0.99991 -0.00345315 0.0129298 0.0157675 0.00340495 0.999987 0.00374766 0.00679769 -0.0129426 -0.0037033 0.999909 -0.999853
310 313 411 0.999789 -0.000101384 0.0205442 0.0110964 0.00013797 0.999998 -0.00177942 0.0107142 -0.020544 0.00178188 0.999787 -0.999881
310 314 344 0.99957 0.0063892 0.028621 -0.00261054 -0.00623593 0.999966 -0.00544106 0.0121225 -0.0286548 0.00526024 0.999576 -0.999923
315 316 635 0.999968 0.00497597 0.00626332 0.00813677 -0.00498471 0.999987 0.00138177 0.00431216 -0.00625636 -0.00141295 0.999979 -0.999958
315 317 584 0.999886 0.00863107 0.0123713 0.00732128 -0.00871614 0.999939 0.00683851 0.0160273 -0.0123115 -0.00694556 0.9999 -0.999845
315 318 499 0.999651 0.0177506 0.0195498 -0.0124239 -0.0180917 0.999685 0.0174127 -0.00151778 -0.0192346 -0.0177603 0.999657 -0.999922
315 319 455 0.999229 0.0289967 0.0264634 -0.0178411 -0.0295451 0.999352 0.0205709 -0.00214978 -0.0258498 -0.0213369 0.999438 -0.999839
320 321 702 0.999933 -0.0100636 0.00570433 0.0151306 0.0101369 0.999864 -0.0129708 0.0174376 -0.00557303 0.0130277 0.9999 -0.999733
320 322 612 0.999862 -0.0126551 0.0107465 0.0136 0.0128759 0.999702 -0.0207333 0.0240197 -0.0104809 0.0208688 0.999727 -0.999619
320 323 474 0.999832 -0.0126012 0.0133213 0.0220915 0.0128344 0.999763 -0.0175671 0.0179217 -0.0130968 0.0177351 0.999757 -0.999595
320 324 444 0.999771 -0.0157953 0.0144361 0.0211723 0.0158898 0.999853 -0.00646065 0.00637993 -0.0143319 0.00668855 0.999875 -0.999755
325 326 646 0.999996 0.0022762 0.00169968 0.0139776 -0.00228294 0.99999 0.00397284 -0.00578851 -0.00169062 -0.0039767 0.999991 -0.999886
325 327 566 0.999962 0.00725666 0.00485611 -0.0054658 -0.00725109 0.999973 -0.0011625 0.00995694 -0.00486441 0.00112725 0.999988 -0.999935
325 328 477 0.999956 0.00783424 0.00508946 -0.0027261 -0.00778111 0.999916 -0.0103768 0.0195342 -0.00517032 0.0103367 0.999933 -0.999805
325 329 387 0.999969 0.00677286 0.00393604 0.00720743 -0.00671099 0.999857 -0.0155245 0.0213591 -0.00404062 0.0154976 0.999872 -0.999746
330 331 640 0.999994 0.00280151 0.00221198 -0.00196904 -0.00282174 0.999954 0.00919675 0.0118749 -0.00218611 -0.00920293 0.999955 -0.999928
330 332 634 0.999905 0.0130217 0.00452443 -0.00179894 -0.0131159 0.999684 0.0214397 -0.00814789 -0.00424382 -0.021497 0.99976 -0.999965
330 333 516 0.999715 0.0227276 0.00727404 -0.013916 -0.0229062 0.999413 0.0254902 -0.00639789 -0.00669044 -0.0256496 0.999649 -0.999883
330 334 388 0.999757 0.0207454 0.00740429 -0.00571446 -0.0208893 0.999583 0.0199175 0.00293699 -0.00698801 -0.0200673 0.999774 -0.999979
335 336 687 0.999999 -0.00104283 0.00134066 0.0101824 0.00104756 0.999993 -0.00352891 0.0250805 -0.00133697 0.00353031 0.999993 -0.999634
335 337 562 0.999998 -0.000970974 0.00196856 0.0065218 0.000971476 0.999999 -0.000253959 0.0223828 -0.00196831 0.000255871 0.999998 -0.999728
335 338 425 0.999996 -0.00250308 0.0011944 0.0209608 0.00249574 0.999978 0.00610305 0.0097349 -0.00120965 -0.00610004 0.999981 -0.999733
335 339 334 0.999965 -0.00815714 0.00201619 0.00852049 0.00814185 0.999939 0.00747684 0.00503366 -0.00207705 -0.00746017 0.99997 -0.999951
340 341 487 0.999994 -0.00318333 0.00105686 0.00467739 0.00318681 0.999989 -0.00331561 0.0198218 -0.00104629 0.00331896 0.999994 -0.999793
340 342 366 0.999975 -0.00696874 0.000823999 0.00677453 0.00697352 0.999958 -0.00594447 0.0181113 -0.000782539 0.00595007 0.999982 -0.999813
340 343 290 0.999953 -0.00915317 0.00309119 -0.00135529 0.00917134 0.99994 -0.0059159 0.0227375 -0.00303686 0.00594397 0.999978 -0.999741
340 344 264 0.999975 -0.00692648 0.00116045 0.0122307 0.00692913 0.999973 -0.00229459 0.0161776 -0.00114453 0.00230257 0.999997 -0.999794
345 346 415 0.999998 -0.00050771 0.00169799 -0.00570344 0.000510573 0.999998 -0.00168569 0.014472 -0.00169713 0.00168655 0.999997 -0.999879
345 347 404 0.999996 1.6925e-07 0.00273649 0.0108847 2.64478e-05 0.999953 -0.00972667 0.0117018 -0.00273637 0.00972671 0.999949 -0.999872
345 348 331 0.999984 0.00151068 0.00540502 0.00102809 -0.00140829 0.99982 -0.0188965 0.0254705 -0.00543259 0.0188886 0.999807 -0.999675
345 349 244 0.999953 0.00828942 0.00494086 0.00556496 -0.00818595 0.999754 -0.0206063 0.026166 -0.00511046 0.0205649 0.999775 -0.999642
350 351 550 0.999999 -0.00122633 -0.000758937 -0.00284858 0.00122998 0.999988 0.00483186 0.00687483 0.000753002 -0.00483279 0.999988 -0.999972
350 352 482 0.999998 0.00016924 -0.00221626 0.0191788 -0.000141329 0.999921 0.0125878 -0.00977228 0.00221821 -0.0125875 0.999918 -0.999768
350 353 318 0.999998 0.00180234 -0.00110106 -0.00955378 -0.00178659 0.999898 0.0141403 0.0122218 0.00112644 -0.0141383 0.999899 -0.99988
350 354 284 0.999979 0.00524968 -0.00379815 -0.0012005 -0.00517571 0.999802 0.01923 0.001979 0.00389835 -0.01921 0.999808 -0.999997
355 356 379 0.999988 -0.00118888 -0.00478067 -0.00718598 0.0011666 0.999988 -0.00465892 0.00415972 0.00478615 0.00465328 0.999978 -0.999966
355 357 411 0.999907 -0.0073622 -0.0115183 0.0129786 0.00719802 0.999873 -0.0142306 0.0279593 0.0116216 0.0141463 0.999832 -0.999525
355 358 391 0.999796 -0.011606 -0.01656 0.00973137 0.0113079 0.999774 -0.0179833 0.0168125 0.016765 0.0177923 0.999701 -0.999811
355 359 358 0.999665 -0.0116646 -0.0230942 0.0219656 0.0112626 0.999784 -0.0174586 0.0223843 0.0232929 0.0171926 0.999581 -0.999508
360 361 461 0.999981 0.000357135 -0.00612159 -0.0553476 -0.000297872 0.999953 0.00967911 -0.0243793 0.00612476 -0.00967711 0.999934 -0.998169
360 362 478 0.999887 -0.00366226 -0.014579 0.00421891 0.00386354 0.999897 0.0138025 0.000895887 0.0145269 -0.0138572 0.999798 -0.999991
360 363 428 0.999729 -0.00442542 -0.0228488 0.0238602 0.00471691 0.999908 0.0127191 -0.00101177 0.0227904 -0.0128235 0.999658 -0.999715
360 364 361 0.999593 0.00115738 -0.0285158 0.0137924 -0.000944712 0.999972 0.00747032 0.00395649 0.0285237 -0.00744034 0.999565 -0.999897
365 366 496 0.99997 0.00621295 -0.00453109 -0.0405767 -0.00621891 0.99998 -0.0013033 0.0216917 0.0045229 0.00133144 0.999989 -0.998941
