0 1 1261 0.999989 0.00327244 0.00347324 -0.000787951 -0.00327971 0.999992 0.00209181 0.00176407 -0.00346637 -0.00210318 0.999992 -0.999998
0 2 1065 0.999982 0.000874757 0.00599107 0.0177573 -0.000893641 0.999995 0.00315013 0.00846537 -0.00598829 -0.00315543 0.999977 -0.999806
0 3 943 0.999899 0.00111552 0.0141818 -0.0249417 -0.00120599 0.999979 0.0063721 -0.011116 -0.0141744 -0.00638855 0.999879 -0.999627
0 4 754 0.999835 0.00147211 0.0181193 -0.0171441 -0.00159089 0.999977 0.0065424 -0.00836288 -0.0181093 -0.00657014 0.999814 -0.999818
5 6 1281 0.999985 -0.00202123 0.00515206 -0.0234474 0.00201774 0.999998 0.000683045 0.0290168 -0.00515343 -0.000672639 0.999986 -0.999304
5 7 1083 0.999953 -0.00469787 0.00851236 0.0111877 0.0046842 0.999988 0.00162507 0.00875246 -0.00851989 -0.00158512 0.999962 -0.999899
5 8 917 0.999861 -0.00687958 0.0151782 -0.0053664 0.00685509 0.999975 0.0016649 -0.00109483 -0.0151893 -0.00156063 0.999883 -0.999985
5 9 628 0.999842 -0.00547123 0.0169417 0.000224323 0.00549208 0.999984 -0.00118403 0.00107804 -0.016935 0.00127689 0.999856 -0.999999
10 11 1212 0.999991 -0.00150748 0.00401608 -0.0185611 0.00150384 0.999998 0.000910201 -0.000145536 -0.00401745 -0.000904153 0.999992 -0.999828
10 12 1006 0.999989 -0.000439507 0.00467467 0.00809341 0.00044131 1 -0.000384757 0.0220309 -0.0046745 0.000386815 0.999989 -0.999725
10 13 759 0.999985 0.00266273 0.00487634 0.0238697 -0.00266678 0.999996 0.000823565 0.0101501 -0.00487413 -0.000836557 0.999988 -0.999664
10 14 580 0.999939 0.002921 0.0106911 -0.010361 -0.00291415 0.999996 -0.000656553 0.0141745 -0.0106929 0.000625357 0.999943 -0.999846
15 16 1008 0.999992 -0.00408542 -0.000220344 0.0340324 0.00408596 0.999989 0.00251068 -0.00145906 0.000210084 -0.00251156 0.999997 -0.99942
15 17 906 0.999991 -0.00355591 0.00226025 0.017165 0.00354508 0.999982 0.00477513 0.00890711 -0.00227719 -0.00476708 0.999986 -0.999813
15 18 740 0.999919 -0.0117262 0.00490341 0.00106987 0.0116912 0.999906 0.00710663 0.0140381 -0.00498629 -0.00704873 0.999963 -0.999901
15 19 559 0.999961 -0.00686046 0.00553759 0.0128285 0.00682934 0.999961 0.00561992 0.00609017 -0.00557593 -0.00558188 0.999969 -0.999899
20 21 1210 0.999999 -0.000172626 0.00108429 0.0135869 0.00017426 0.999999 -0.00150665 0.0066784 -0.00108403 0.00150684 0.999998 -0.999885
20 22 964 0.999996 -0.000558134 0.00289348 -4.40069e-05 0.000562725 0.999999 -0.00158583 0.0127452 -0.00289259 0.00158745 0.999995 -0.999919
20 23 668 0.999984 -0.000687372 0.00564392 -0.0078785 0.00069388 0.999999 -0.0011512 0.0136557 -0.00564312 0.00115509 0.999983 -0.999876
20 24 441 0.999995 -0.00136925 0.00301254 0.0041419 0.00136776 0.999999 0.000494872 0.0116399 -0.00301322 -0.000490749 0.999995 -0.999924
25 26 1134 0.999999 0.000683627 0.00136025 -0.00047214 -0.000678652 0.999993 -0.00365452 0.00305743 -0.00136274 0.0036536 0.999992 -0.999995
25 27 795 0.999999 -0.000117496 -0.00154298 0.0136609 0.000105784 0.999971 -0.00758803 0.0188314 0.00154382 0.00758786 0.99997 -0.999729
25 28 614 0.999991 -0.00317981 -0.00285062 0.00856383 0.00315287 0.999951 -0.00940438 0.0165558 0.00288038 0.0093953 0.999952 -0.999826
25 29 490 0.999992 0.000598804 -0.00383524 0.00106026 -0.000635252 0.999955 -0.00950941 0.00799119 0.00382937 0.00951177 0.999947 -0.999968
30 31 950 1 1.03807e-05 -0.000404765 0.0198211 -8.52931e-06 0.99999 0.00457366 -0.00486914 0.000404808 -0.00457366 0.999989 -0.999792
30 32 722 0.999996 0.00115545 -0.00256252 0.0165272 -0.00113553 0.999969 0.00776327 -0.00262314 0.00257141 -0.00776033 0.999967 -0.99986
30 33 655 0.999992 0.00301805 -0.00254998 0.00123704 -0.00300056 0.999972 0.00683491 0.00479084 0.00257054 -0.0068272 0.999973 -0.999988
30 34 529 0.999981 0.00549928 -0.00271691 0.00757026 -0.005495 0.999984 0.00157998 0.0104622 0.00272556 -0.00156502 0.999995 -0.999917
35 36 899 0.999975 0.00701406 0.00112069 -0.0198292 -0.00701442 0.999975 0.000316486 0.0220195 -0.00111844 -0.000324339 0.999999 -0.999561
35 37 833 0.99995 0.00976011 0.0022951 -0.00925561 -0.00976932 0.999944 0.00403744 0.00839174 -0.00225556 -0.00405966 0.999989 -0.999922
35 38 691 0.999957 0.00846737 0.00382005 -0.00468818 -0.00849843 0.99993 0.00818857 0.00437121 -0.00375045 -0.00822068 0.999959 -0.999979
35 39 543 0.999954 0.00636198 0.00716774 -0.0196328 -0.00642438 0.999941 0.00871686 0.0114456 -0.00711186 -0.00876251 0.999936 -0.999742
40 41 975 0.999997 -0.0021215 0.00110797 0.00471696 0.00212473 0.999993 -0.00291806 0.0115816 -0.00110177 0.00292041 0.999995 -0.999922
40 42 790 0.999989 -0.00401392 0.00235607 0.000394482 0.0040239 0.999983 -0.00424688 0.0283059 -0.00233898 0.00425631 0.999988 -0.999599
40 43 591 0.999983 -0.00556194 0.00189251 0.0111335 0.00557356 0.999965 -0.00619085 0.0112287 -0.00185801 0.00620129 0.999979 -0.999875
40 44 518 0.999987 -0.00407861 0.00306105 0.00216753 0.00410812 0.999945 -0.00969779 0.0174591 -0.00302133 0.00971023 0.999948 -0.999845
45 46 911 1 0.000337596 0.000616775 0.00156704 -0.000338124 1 0.000856441 0.00989532 -0.000616486 -0.000856649 0.999999 -0.99995
45 47 764 0.999995 -0.00225072 0.00225181 -0.0404216 0.00224999 0.999997 0.000322642 0.0406006 -0.00225253 -0.000317574 0.999997 -0.998357
45 48 604 0.999995 -0.00235353 -0.00194799 0.0303332 0.00235996 0.999992 0.00330117 0.0191802 0.0019402 -0.00330575 0.999993 -0.999356
45 49 551 0.999988 -0.00473888 0.000770063 -0.000286026 0.00473625 0.999983 0.00337803 0.0178902 -0.000786058 -0.00337435 0.999994 -0.99984
50 51 825 0.999998 -0.00220712 0.00011561 0.0206237 0.00220739 0.999995 -0.00241463 0.0504244 -0.00011028 0.00241488 0.999997 -0.998515
50 52 807 0.999994 -0.00322582 0.000856702 0.00592509 0.00322398 0.999993 0.00214258 0.014473 -0.000863607 -0.00213981 0.999997 -0.999878
50 53 701 0.999968 -0.00755143 0.00245739 -0.000988188 0.00753777 0.999956 0.00552424 0.0234755 -0.002499 -0.00550554 0.999982 -0.999724
50 54 576 0.999994 -0.00303336 0.00181029 0.01659 0.00301889 0.999964 0.0079429 0.006551 -0.00183432 -0.00793738 0.999967 -0.999841
55 56 941 1 0.000921702 0.000268121 0.000151752 -0.000920887 0.999995 -0.00302279 0.0230889 -0.000270906 0.00302254 0.999995 -0.999733
55 57 863 0.999999 0.00156993 -0.000242233 0.00588562 -0.00157082 0.999992 -0.00370611 0.02452 0.000236413 0.00370649 0.999993 -0.999682
55 58 688 0.99997 0.00766076 0.00106028 -0.00211022 -0.00765738 0.999966 -0.00316274 0.0161905 -0.00108447 0.00315452 0.999994 -0.999867
55 59 564 0.999941 0.0108338 0.000561381 -0.00216282 -0.0108333 0.999941 -0.000913628 0.0102079 -0.000571246 0.000907492 0.999999 -0.999946
60 61 1039 0.999991 0.00378342 0.00203588 -0.00722154 -0.00377408 0.999982 -0.00457412 0.0173378 -0.00205315 0.0045664 0.999987 -0.999824
60 62 786 0.999989 0.0046242 0.000810861 0.00219662 -0.00461651 0.999947 -0.00924176 0.0199514 -0.000853553 0.00923791 0.999957 -0.999799
60 63 641 0.999991 0.0032504 0.00289844 0.00299972 -0.00321887 0.999936 -0.0108157 0.0193857 -0.00293341 0.0108063 0.999937 -0.999808
60 64 510 0.999992 0.00211366 0.00351943 -0.000677419 -0.00209397 0.999982 -0.00558715 0.00571781 -0.00353118 0.00557974 0.999978 -0.999983
65 66 770 0.999999 -0.00163189 5.70766e-05 0.0235565 0.0016316 0.999988 0.00471503 0.00304029 -6.47702e-05 -0.00471493 0.999989 -0.999718
65 67 709 0.99996 -0.00886602 0.00080552 0.021724 0.00886256 0.999952 0.0041934 0.0125183 -0.00084266 -0.00418609 0.999991 -0.999686
65 68 609 0.999958 -0.00878516 0.0024283 0.00875352 0.00878117 0.99996 0.00164957 0.012393 -0.00244269 -0.00162818 0.999996 -0.999885
65 69 513 0.999885 -0.0150843 0.00137102 0.0318527 0.0150832 0.999886 0.00076229 0.0148038 -0.00138236 -0.000741523 0.999999 -0.999383
70 71 835 0.999998 -0.00165975 0.00126378 0.00187126 0.00166071 0.999998 -0.00075927 0.00837881 -0.00126252 0.000761367 0.999999 -0.999963
70 72 886 0.999994 -0.0019383 0.00280993 0.00888312 0.00194141 0.999998 -0.0011048 0.0142693 -0.00280778 0.00111025 0.999995 -0.999859
70 73 822 0.99998 -0.000831154 0.00621903 -0.000701428 0.000842583 0.999998 -0.00183532 0.013598 -0.00621749 0.00184052 0.999979 -0.999907
70 74 671 0.999985 0.000248925 0.00548678 0.00601154 -0.000232354 0.999995 -0.00302054 0.015323 -0.00548751 0.00301922 0.99998 -0.999865
75 76 992 0.999998 -0.00136076 0.00163699 0.00364656 0.0013682 0.999989 -0.00454859 0.026584 -0.00163079 0.00455082 0.999988 -0.99964
75 77 976 0.999989 -0.00359429 0.00295757 0.0161516 0.00361163 0.999976 -0.00587749 0.0233198 -0.00293637 0.00588811 0.999978 -0.999598
75 78 862 0.999954 -0.00749249 0.00598254 -0.000739265 0.00751518 0.999965 -0.00378 0.0459049 -0.005954 0.00382478 0.999975 -0.998946
75 79 786 0.999955 -0.00764056 0.00569345 0.00607104 0.00761216 0.999959 0.0049936 0.0171632 -0.00573137 -0.00495003 0.999971 -0.999834
80 81 1142 0.999998 -0.00114532 0.00169271 -0.028663 0.00114463 0.999999 0.000406978 0.0326621 -0.00169318 -0.00040504 0.999998 -0.999055
80 82 1120 0.999996 -0.0028039 0.000998808 -0.00708102 0.00280607 0.999994 -0.00217891 0.0030115 -0.000992692 0.0021817 0.999997 -0.99997
80 83 938 0.999991 -0.00347305 0.00234549 0.0126356 0.00348331 0.999984 -0.00438088 0.0166357 -0.00233024 0.00438901 0.999988 -0.999782
80 84 795 0.999994 -5.77226e-05 0.00335541 -0.00209247 6.34192e-05 0.999999 -0.00169764 0.019563 -0.00335531 0.00169784 0.999993 -0.999806
85 86 903 0.999988 0.00361013 -0.0031826 0.0206063 -0.00359624 0.999984 0.00436071 0.0194589 0.0031983 -0.00434922 0.999985 -0.999598
85 87 1107 0.999991 0.00117096 -0.00415325 0.000517576 -0.00115078 0.999988 0.00485627 0.00973743 0.00415889 -0.00485145 0.99998 -0.999952
85 88 1006 0.999959 -0.00388369 -0.00817198 0.00634782 0.00389748 0.999991 0.00167305 0.0157348 0.00816541 -0.00170483 0.999965 -0.999856
85 89 909 0.999922 -0.00174644 -0.012369 -0.0057114 0.00172986 0.999998 -0.00135095 0.017413 0.0123713 0.00132945 0.999923 -0.999832
90 91 990 0.999953 0.00585772 -0.00776152 -0.0161028 -0.00588463 0.999977 -0.00344895 0.0233438 0.00774113 0.00349446 0.999964 -0.999598
90 92 1055 0.999832 0.00128941 -0.0182971 -0.01076 -0.00134381 0.999995 -0.00296148 0.0159863 0.0182932 0.00298557 0.999828 -0.999814
90 93 1016 0.999553 -0.00413157 -0.0296007 -0.063549 0.00401338 0.999984 -0.00405113 0.0374278 0.029617 0.00393052 0.999554 -0.997277
90 94 858 0.99854 -0.0100093 -0.0530842 0.0270691 0.00982759 0.999945 -0.0036823 0.0157207 0.0531182 0.00315523 0.998583 -0.99951
95 96 1005 0.999707 0.00382358 -0.0238943 -0.108292 -0.00379814 0.999992 0.00110984 -0.0541067 0.0238984 -0.00101877 0.999714 -0.992646
95 97 1016 0.998532 0.00532405 -0.053911 -0.0502303 -0.00551263 0.999979 -0.00334979 0.0340237 0.0538921 0.00364206 0.99854 -0.998158
95 98 859 0.996081 0.00617142 -0.0882332 -0.0153427 -0.00666177 0.999964 -0.005264 0.0315504 0.0881975 0.00583116 0.996086 -0.999384
95 99 728 0.992451 0.00262612 -0.122615 -0.0245391 -0.00330558 0.99998 -0.00533835 0.00948744 0.122599 0.00570336 0.99244 -0.999654
100 101 915 0.999036 -4.55041e-05 -0.0439019 -0.148823 2.87688e-05 1 -0.000381828 0.02708 0.0439019 0.000380197 0.999036 -0.988493
100 102 989 0.995587 -0.00221595 -0.0938213 -0.0642316 0.00237394 0.999996 0.00157235 0.00449818 0.0938174 -0.00178813 0.995588 -0.997925
100 103 756 0.988636 -0.00299154 -0.150297 -0.013029 0.00329014 0.999993 0.00173811 0.0297885 0.150291 -0.00221286 0.988639 -0.999471
100 104 600 0.978702 0.000436423 -0.205286 -0.0202111 -9.56148e-05 0.999999 0.00167008 0.0479083 0.205286 -0.00161488 0.978701 -0.998647
105 106 739 0.998134 -0.000477062 -0.0610627 -0.178148 0.000531319 0.999999 0.000872311 0.0254072 0.0610622 -0.000903127 0.998134 -0.983676
105 107 755 0.991473 0.00302926 -0.130278 -0.0815305 -0.00261722 0.999991 0.00333386 -0.00302196 0.130287 -0.00296446 0.991472 -0.996666
105 108 604 0.980642 0.00412288 -0.195765 -0.0278242 -0.00371205 0.99999 0.00246542 0.0267297 0.195773 -0.00169101 0.980648 -0.999255
105 109 430 0.967587 0.00507234 -0.252489 -0.0504397 -0.00504384 0.999987 0.000760143 0.0270136 0.252489 0.000538008 0.9676 -0.998362
110 111 985 0.997935 0.000769787 -0.0642269 -0.103041 -0.00080155 1 -0.000468777 -0.00308561 0.0642265 0.000519291 0.997935 -0.994672
110 112 840 0.992663 0.00606031 -0.120766 -0.161903 -0.00601741 0.999982 0.000719929 0.00945948 0.120768 1.20527e-05 0.992681 -0.986761
110 113 734 0.982288 0.00945742 -0.18714 -0.0224529 -0.00904044 0.999954 0.00308154 0.00346557 0.18716 -0.00133514 0.982329 -0.999742
110 114 505 0.971301 0.00699888 -0.23775 -0.0320374 -0.00641395 0.999974 0.00323373 0.007411 0.237767 -0.00161601 0.971321 -0.999459
115 116 1076 0.998756 -0.0035674 -0.0497287 -0.140298 0.00359531 0.999993 0.000471794 0.0423716 0.0497267 -0.000649998 0.998763 -0.989202
115 117 839 0.995078 0.00757002 -0.0988004 -0.0529336 -0.00715649 0.999964 0.00453923 -0.0244944 0.0988312 -0.00380982 0.995097 -0.998298
115 118 650 0.989905 0.0238418 -0.139716 -0.0687541 -0.0235451 0.999716 0.00377627 -0.00920079 0.139766 -0.000448521 0.990184 -0.997591
115 119 426 0.983724 0.0233421 -0.178165 -0.0407574 -0.0237811 0.999717 -0.000329027 0.0173989 0.178106 0.00456063 0.984001 -0.999018
120 121 1065 0.999344 -0.0122361 -0.0340729 0.0316702 0.012379 0.999915 0.00398536 0.0449224 0.0340213 -0.00440453 0.999411 -0.998488
120 122 948 0.997802 -0.0166452 -0.0641432 0.0353596 0.0171386 0.999828 0.00715005 0.0319704 0.0640131 -0.00823366 0.997915 -0.998863
120 123 624 0.996058 -0.0139186 -0.08761 0.00916935 0.0147876 0.999848 0.00927805 0.0170691 0.0874675 -0.010537 0.996112 -0.999812
120 124 487 0.993761 -0.00838925 -0.111216 -0.000583405 0.00983541 0.999874 0.0124609 0.0190437 0.111097 -0.013477 0.993718 -0.999818
125 126 888 0.999805 0.00152239 -0.0196651 -0.0236991 -0.00138686 0.999975 0.00690386 -0.0114431 0.0196752 -0.00687524 0.999783 -0.999654
125 127 734 0.999291 -0.000161268 -0.0376487 0.00688817 0.000448907 0.999971 0.00763176 -0.0162915 0.0376464 -0.00764325 0.999262 -0.999844
125 128 542 0.998575 -0.00218148 -0.053328 0.00206451 0.00234302 0.999993 0.00296677 -0.0102811 0.0533212 -0.00308749 0.998573 -0.999945
125 129 439 0.997635 -0.00547467 -0.0685129 0.00947101 0.00542878 0.999985 -0.000856011 0.0119242 0.0685166 0.000482045 0.99765 -0.999884
130 131 1007 0.999932 0.00252073 -0.0113452 -0.0457997 -0.00252953 0.999997 -0.00076157 0.0327827 0.0113433 0.000790217 0.999935 -0.998413
130 132 895 0.999676 0.00479468 -0.0249991 0.0259977 -0.00477216 0.999988 0.000960333 0.00119524 0.0250034 -0.000840722 0.999687 -0.999661
130 133 664 0.999542 0.00841651 -0.0290582 -0.0158815 -0.00836864 0.999963 0.0017686 -0.000574344 0.029072 -0.00152461 0.999576 -0.999874
130 134 514 0.999315 0.0118131 -0.0350746 -0.00216822 -0.0117929 0.99993 0.000784399 0.00401522 0.0350814 -0.000370231 0.999384 -0.99999
135 136 824 0.999978 -0.000603507 -0.00664281 0.0324846 0.000608835 0.999999 0.000800063 0.00804261 0.00664232 -0.00080409 0.999978 -0.99944
135 137 727 0.999947 0.00323914 -0.00973845 -0.0163615 -0.00323046 0.999994 0.000907028 -0.00239375 0.00974133 -0.000875521 0.999952 -0.999863
135 138 565 0.999913 0.00470391 -0.0123402 -0.0110423 -0.00469621 0.999989 0.000652561 0.00365296 0.0123431 -0.000594552 0.999924 -0.999932
135 139 502 0.999842 0.00449193 -0.0172195 0.0169037 -0.00448091 0.99999 0.000678206 -0.00590907 0.0172224 -0.000600939 0.999852 -0.99984
140 141 672 0.999991 0.0041004 -0.000652408 -0.000987727 -0.00410038 0.999992 3.9991e-05 0.00418333 0.000652566 -3.73155e-05 1 -0.999991
140 142 634 0.999935 0.0112682 0.00168875 -0.0285138 -0.0112656 0.999935 -0.00150501 0.0163249 -0.0017056 0.00148588 0.999997 -0.99946
140 143 591 0.999933 0.0110414 0.0035888 -0.022492 -0.0110389 0.999939 -0.000729119 0.00481684 -0.00359663 0.000689454 0.999993 -0.999735
140 144 521 0.999899 0.0125644 0.00661423 -0.00946827 -0.0125729 0.99992 0.00123679 -0.0125379 -0.00659816 -0.00131983 0.999977 -0.999877
145 146 633 0.999988 0.00179559 0.00464115 -0.0110126 -0.0017867 0.999997 -0.00191852 0.0164351 -0.00464458 0.0019102 0.999987 -0.999804
145 147 689 0.999953 0.00422066 0.00877215 -0.00411238 -0.00419822 0.999988 -0.00257534 -0.0152335 -0.00878291 0.00253839 0.999958 -0.999876
145 148 619 0.999932 -0.00198648 0.0115285 0.00880473 0.00204755 0.999984 -0.0052881 0.0100275 -0.0115178 0.00531134 0.99992 -0.999911
145 149 562 0.999854 -0.0028711 0.0168565 0.00564577 0.0029818 0.999974 -0.00654537 0.0113732 -0.0168373 0.00659468 0.999836 -0.999919
150 151 622 0.999991 -0.00200149 0.00385508 -0.0244334 0.00198754 0.999991 0.00362035 0.0150079 -0.00386229 -0.00361266 0.999986 -0.999589
150 152 568 0.999957 -0.0071907 0.00579575 0.00271685 0.00714509 0.999944 0.00785258 0.0196192 -0.00585189 -0.00781083 0.999952 -0.999804
150 153 544 0.999903 -0.0135954 0.00308837 0.0280391 0.0135595 0.999843 0.0113641 0.00616351 -0.00324239 -0.0113212 0.999931 -0.999588
150 154 400 0.999876 -0.0157008 0.0014736 0.0293973 0.0156833 0.999814 0.0112009 0.0102359 -0.00164919 -0.0111764 0.999936 -0.999515
155 156 1013 0.999999 0.00129158 -0.00112639 0.0480018 -0.00129234 0.999999 -0.000670487 -0.00916931 0.00112552 0.000671942 0.999999 -0.998805
155 157 961 1 0.000101259 0.000281361 0.00653854 -0.000100844 0.999999 -0.00147701 0.00506721 -0.00028151 0.00147698 0.999999 -0.999966
155 158 756 0.999991 -0.00428719 0.000742075 0.00640454 0.00428902 0.999988 -0.00247676 0.01748 -0.000731447 0.00247992 0.999997 -0.999827
155 159 625 0.99998 -0.00610909 -0.00135834 0.0230821 0.00610692 0.99998 -0.00159571 0.0176728 0.00136806 0.00158738 0.999998 -0.999577
160 161 1312 0.999979 -0.00467442 -0.00443749 0.046278 0.00467302 0.999989 -0.000325933 0.0118706 0.00443897 0.000305189 0.99999 -0.998858
160 162 1037 0.999953 -0.00680939 -0.0068609 0.0160012 0.00679474 0.999975 -0.00215551 0.0171991 0.0068754 0.00210879 0.999974 -0.999724
160 163 693 0.999885 -0.0079692 -0.0128831 0.0255689 0.00791157 0.999958 -0.00451767 0.0150659 0.0129186 0.00441522 0.999907 -0.99956
160 164 511 0.999754 -0.0127348 -0.0181382 0.0210675 0.0126015 0.999893 -0.00744169 0.0219484 0.018231 0.0072113 0.999808 -0.999537
165 166 998 0.999966 -0.000969468 -0.00816261 -0.0236557 0.000976212 0.999999 0.000822297 0.0160332 0.00816181 -0.000830238 0.999966 -0.999592
165 167 732 0.999825 0.00101775 -0.018706 0.00438366 -0.000975823 0.999997 0.00225057 0.0038945 0.0187083 -0.00223192 0.999822 -0.999983
165 168 511 0.999528 0.00119765 -0.0307133 0.0181234 -0.00115701 0.999998 0.00134092 0.0117114 0.0307148 -0.00130475 0.999527 -0.999767
165 169 409 0.999196 -0.000791662 -0.0400797 0.0192461 0.000756903 0.999999 -0.000882405 0.0198068 0.0400804 0.00085136 0.999196 -0.999619
170 171 808 0.999943 -0.00129163 -0.0106244 -0.00903541 0.00129373 0.999999 0.00019044 0.0215497 0.0106241 -0.000204174 0.999944 -0.999727
170 172 641 0.999725 -0.00106584 -0.0234433 0.0209835 0.00107801 0.999999 0.000506425 0.0225641 0.0234428 -0.000531558 0.999725 -0.999525
170 173 491 0.999501 -0.00112527 -0.0315706 0.00708593 0.00116936 0.999998 0.00137827 0.0159741 0.031569 -0.0014145 0.999501 -0.999847
170 174 389 0.999099 0.0015765 -0.0424069 0.0104215 -0.00145321 0.999995 0.00293813 0.0168384 0.0424113 -0.00287385 0.999096 -0.999804
175 176 573 0.999956 0.000914652 -0.00935674 0.00341761 -0.000911916 1 0.000296617 0.00782589 0.00935701 -0.000288072 0.999956 -0.999964
175 177 585 0.999799 0.00146176 -0.0199736 0.0215727 -0.00145148 0.999999 0.000529402 0.0191103 0.0199743 -0.000500305 0.9998 -0.999585
175 178 485 0.999645 0.00116791 -0.0266049 -0.00331327 -0.00114994 0.999999 0.000690807 0.013789 0.0266057 -0.000659968 0.999646 -0.999899
175 179 412 0.999375 0.00419662 -0.0351027 0.0116245 -0.0042612 0.999989 -0.00176524 0.019616 0.0350949 0.00191372 0.999382 -0.99974
180 181 801 0.999974 0.00348124 -0.00632134 0.0680099 -0.00348673 0.999994 -0.000857581 -0.0128226 0.00631832 0.0008796 0.99998 -0.997602
180 182 634 0.999966 0.00515378 -0.0064016 -0.00175209 -0.00517353 0.999982 -0.00307276 0.0176584 0.00638564 0.00310577 0.999975 -0.999843
180 183 540 0.999953 0.00544352 -0.00800985 -0.00280164 -0.00547289 0.999978 -0.00364964 0.0116917 0.00798981 0.00369331 0.999961 -0.999928
180 184 477 0.999933 0.00610367 -0.00984144 0.00919578 -0.00614664 0.999972 -0.0043418 0.025671 0.00981466 0.004402 0.999942 -0.999628
185 186 608 0.999994 0.0018586 0.00295071 -0.004156 -0.00186262 0.999997 0.00135779 0.0179234 -0.00294818 -0.00136327 0.999995 -0.999831
185 187 666 0.999965 0.00175563 0.00819428 0.00458316 -0.00177987 0.999994 0.00295198 0.00212117 -0.00818905 -0.00296646 0.999962 -0.999987
185 188 626 0.999848 0.00322125 0.017128 -0.0134955 -0.00326066 0.999992 0.00227344 0.0232651 -0.0171206 -0.00232894 0.999851 -0.999638
185 189 562 0.99963 -0.00227135 0.0271101 -0.0092834 0.00221441 0.999995 0.00213012 0.0220372 -0.0271148 -0.00206929 0.99963 -0.999714
190 191 754 0.999857 0.000901171 0.0169165 0.0154262 -0.00092572 0.999999 0.00144345 0.0205978 -0.0169151 -0.0014589 0.999856 -0.999669
190 192 760 0.999227 -0.00126935 0.0392787 0.000617156 0.0010992 0.99999 0.00435319 0.00272031 -0.0392839 -0.00430666 0.999219 -0.999996
190 193 723 0.997868 -0.00276268 0.0652093 -0.0310924 0.00235489 0.999977 0.0063296 0.0187905 -0.0652253 -0.00616255 0.997852 -0.99934
190 194 651 0.996117 -0.00514083 0.0878851 0.0288551 0.00436967 0.99995 0.00896476 0.0143668 -0.0879268 -0.00854593 0.99609 -0.99948
195 196 703 0.999262 0.000564676 0.0384161 0.0380507 -0.000473754 0.999997 -0.00237584 0.0117308 -0.0384174 0.00235589 0.999259 -0.999207
195 197 571 0.996414 -0.000170448 0.0846109 -0.0202985 0.00069718 0.999981 -0.00619583 -0.00178463 -0.0846082 0.0062326 0.996395 -0.999792
195 198 668 0.992255 -0.00160696 0.124204 0.0196355 0.00291557 0.999942 -0.0103549 0.0165493 -0.12418 0.0106369 0.992203 -0.99967
195 199 445 0.984858 -0.00489259 0.173297 -0.0144162 0.00742011 0.999875 -0.0139401 0.0166187 -0.173207 0.0150149 0.984771 -0.999758
200 201 802 0.998382 0.000296954 0.0568637 0.077513 -0.00029543 1 -3.52089e-05 0.0126303 -0.0568637 1.83527e-05 0.998382 -0.996911
200 202 466 0.993143 0.003426 0.11686 0.0603589 -0.00367073 0.999991 0.00187901 0.00539069 -0.116852 -0.00229509 0.993147 -0.998162
200 203 159 0.984526 0.00121869 0.175233 0.0680229 -0.00172441 0.999995 0.00273377 0.0185596 -0.175228 -0.00299364 0.984523 -0.997511
200 204 68 0.98506 0.0620935 0.16063 0.294663 -0.0620562 0.998059 -0.00525344 0.123121 -0.160645 -0.00479316 0.987001 -0.947636
205 206 625 0.997193 -0.00175014 0.0748497 -0.0304532 0.00151358 0.999994 0.00321707 -0.0134093 -0.0748548 -0.00309475 0.99719 -0.999446
205 207 330 0.99049 -0.00113408 0.137583 0.0802657 0.000464644 0.999988 0.00489769 -0.00433807 -0.137587 -0.00478718 0.990478 -0.996764
205 208 141 0.977877 0.000739325 0.209177 -0.022949 -0.00164518 0.99999 0.0041566 -0.0098219 -0.209172 -0.00440878 0.977869 -0.999688
205 209 118 0.962577 0.00389567 0.27098 -0.0195784 -0.00297276 0.999988 -0.00381618 0.0183719 -0.270991 0.00286781 0.962578 -0.99964
210 211 434 0.997946 0.000962214 0.0640525 0.0934681 -0.000501633 0.999974 -0.00720637 0.0364708 -0.0640578 0.00715944 0.997921 -0.994954
210 212 344 0.992098 -9.79833e-05 0.125469 0.0769577 0.00173355 0.999915 -0.0129265 0.0286259 -0.125457 0.0130419 0.992013 -0.996623
210 213 327 0.983737 -0.00438881 0.179562 0.0589728 0.00730154 0.999852 -0.0155637 0.0233386 -0.179467 0.0166216 0.983624 -0.997987
210 214 285 0.972666 -0.00314628 0.232186 -0.0156682 0.00798627 0.99977 -0.0199083 0.0352981 -0.23207 0.0212184 0.972468 -0.999254
215 216 458 0.999345 -0.00442795 0.0359121 0.0993172 0.00436149 0.999989 0.00192887 0.018218 -0.0359202 -0.00177098 0.999353 -0.994889
215 217 478 0.997611 -0.00543558 0.068867 0.0388942 0.00524067 0.999982 0.00301056 0.00455846 -0.0688821 -0.00264246 0.997621 -0.999233
215 218 455 0.995821 0.0011686 0.0913225 0.0193322 -0.00148112 0.999993 0.00335436 -0.00681867 -0.091318 -0.0034756 0.995816 -0.99979
215 219 417 0.994177 0.00646483 0.107563 0.0125339 -0.00670132 0.999976 0.00183726 0.00914479 -0.107549 -0.00254738 0.994197 -0.99988
220 221 455 0.999936 -0.00511517 0.0100967 0.0292597 0.00511373 0.999987 0.000169168 -0.00964359 -0.0100974 -0.000117525 0.999949 -0.999525
220 222 549 0.999788 -0.0131021 0.0159096 0.0313301 0.0130801 0.999913 0.00148261 0.000723669 -0.0159277 -0.0012742 0.999872 -0.999509
220 223 634 0.999663 -0.0180797 0.0186365 0.0317743 0.0179721 0.999821 0.00592122 -0.00499368 -0.0187402 -0.00558429 0.999809 -0.999483
220 224 569 0.999638 -0.0188536 0.0192048 0.0308981 0.0187121 0.999797 0.00751797 0.00974734 -0.0193427 -0.00715589 0.999787 -0.999475
225 226 484 0.999988 0.00278587 -0.00405124 -0.0209943 -0.00276114 0.999978 0.00609595 9.08663e-05 0.00406813 -0.00608469 0.999973 -0.99978
225 227 585 0.999955 0.0035716 -0.00884373 0.026119 -0.00347778 0.999938 0.0106012 -0.00269552 0.00888104 -0.0105699 0.999905 -0.999655
225 228 543 0.999914 -0.00140208 -0.0130041 0.00174039 0.00153777 0.999944 0.0104301 -0.00540012 0.0129888 -0.0104492 0.999861 -0.999984
225 229 535 0.999808 -0.00517835 -0.0189206 0.0237756 0.00528498 0.99997 0.00559035 0.00845017 0.0188911 -0.00568927 0.999805 -0.999682
230 231 445 0.999985 0.00347966 -0.00411709 0.0280776 -0.00350292 0.999978 -0.00565492 0.0131868 0.00409733 0.00566925 0.999976 -0.999519
230 232 577 0.999956 0.00480084 -0.00799862 0.012096 -0.00488738 0.999929 -0.0108349 0.0230913 0.00794603 0.0108736 0.999909 -0.99966
230 233 535 0.99989 0.00928963 -0.0115857 0.0194622 -0.0094211 0.999891 -0.0113448 0.0181724 0.0114791 0.0114527 0.999869 -0.999645
230 234 509 0.999834 0.0132991 -0.0124219 -0.000573247 -0.013391 0.999883 -0.00734911 0.00698331 0.0123227 0.00751423 0.999896 -0.999975
235 236 461 0.999998 -0.00216528 -0.000295145 0.0722153 0.00216711 0.999978 0.006346 -0.00820046 0.000281397 -0.00634663 0.99998 -0.997355
235 237 529 0.999997 -0.00190719 0.0016851 0.0301678 0.00189225 0.999959 0.00882282 0.0180915 -0.00170186 -0.0088196 0.99996 -0.999381
235 238 469 0.999986 -0.00141771 0.00503904 0.018973 0.00139102 0.999985 0.00529647 0.0110517 -0.00504648 -0.00528939 0.999973 -0.999759
235 239 437 0.999969 -0.00016964 0.00784439 -0.00135162 0.00018242 0.999999 -0.00162854 0.00863583 -0.0078441 0.00162992 0.999968 -0.999962
240 241 402 0.99999 -0.0038782 0.00215969 0.0203149 0.00387864 0.999992 -0.000198817 0.0323963 -0.0021589 0.000207192 0.999998 -0.999269
240 242 491 0.999962 -0.00778863 0.00379277 0.015154 0.00777068 0.999959 0.00472304 0.014041 -0.0038294 -0.00469339 0.999982 -0.999787
240 243 490 0.999935 -0.00842069 0.00769936 0.00347054 0.00833625 0.999905 0.0109334 -0.0022775 -0.0077907 -0.0108685 0.999911 -0.999991
240 244 493 0.999906 -0.0067159 0.0119803 -0.00757677 0.00654657 0.999879 0.0141177 -0.00898856 -0.0120736 -0.014038 0.999829 -0.999931
245 246 467 0.999987 0.00360067 0.00364288 -0.010068 -0.00359368 0.999992 -0.00192315 0.00674282 -0.00364977 0.00191004 0.999992 -0.999927
245 247 542 0.99999 0.00280545 0.00340736 0.0402148 -0.00278735 0.999982 -0.00530358 0.022684 -0.00342218 0.00529403 0.99998 -0.998934
245 248 511 0.999962 0.00605183 0.00622716 0.00272748 -0.00600848 0.999958 -0.00695708 0.01255 -0.006269 0.00691941 0.999956 -0.999918
245 249 459 0.999908 0.0116677 0.00691388 -0.00282701 -0.0116111 0.999899 -0.00816807 0.00955584 -0.00700849 0.00808704 0.999943 -0.99995
250 251 462 0.999979 -0.00640693 -0.000701344 0.0158301 0.00640818 0.999978 0.00179504 0.0190367 0.000689827 -0.00179949 0.999998 -0.999693
250 252 580 0.999953 -0.00969843 -0.000888547 0.0106969 0.00970314 0.999938 0.00545371 0.00588518 0.000835599 -0.00546207 0.999985 -0.999925
250 253 501 0.999801 -0.0198336 -0.00209289 0.0132854 0.0198464 0.999783 0.00630228 0.0101486 0.00196744 -0.00634256 0.999978 -0.99986
250 254 426 0.999667 -0.0253221 -0.00491571 0.0101599 0.0253511 0.999661 0.00593392 0.00745373 0.00476379 -0.00605657 0.99997 -0.999921
255 256 491 0.999997 0.000471413 -0.00238268 -0.0265427 -0.000468485 0.999999 0.00122935 -0.000774045 0.00238326 -0.00122823 0.999996 -0.999647
255 257 473 0.999988 0.000259517 -0.00489936 7.16054e-05 -0.000243479 0.999995 0.00327386 0.0176662 0.00490018 -0.00327262 0.999983 -0.999844
255 258 479 0.999939 0.00953092 -0.00562543 0.00555633 -0.00951768 0.999952 0.00237423 0.00738723 0.00564778 -0.00232055 0.999981 -0.999957
255 259 408 0.999862 0.0156432 -0.005523 -0.0192007 -0.0156238 0.999872 0.0035481 0.00910129 0.0055778 -0.00346132 0.999978 -0.999774
260 261 347 0.999995 -0.00295964 -0.000808482 -0.00527093 0.00295716 0.999991 -0.00304541 0.0128865 0.000817488 0.00304301 0.999995 -0.999903
260 262 458 0.999977 -0.00636155 -0.0022576 -0.00383733 0.00634154 0.999942 -0.00876088 0.0166796 0.0023132 0.00874636 0.999959 -0.999854
260 263 406 0.999952 -0.00931754 -0.00287296 -0.00249731 0.00928502 0.999895 -0.0111315 0.00343677 0.00297637 0.0111043 0.999934 -0.999991
260 264 366 0.999962 -0.0070812 -0.00514305 0.0205748 0.00705277 0.99996 -0.0055256 0.0014817 0.00518197 0.00548911 0.999972 -0.999787
265 266 424 0.999996 0.00280728 -0.000210237 0.0286373 -0.00280544 0.999962 0.00827801 0.00650052 0.000233467 -0.00827739 0.999966 -0.999569
265 267 433 0.999974 0.00706347 0.00137461 0.00910159 -0.00706366 0.999975 0.000135572 0.00115475 -0.00137362 -0.000145278 0.999999 -0.999958
265 268 371 0.99998 0.0057423 0.00262138 -0.00146279 -0.00568555 0.99976 -0.0211656 0.0290456 -0.00274229 0.0211502 0.999773 -0.999577
265 269 290 0.999974 0.0057333 0.00435682 -0.00276165 -0.00556395 0.999265 -0.0379346 0.0511209 -0.00457111 0.0379094 0.999271 -0.998689
270 271 379 0.999983 -0.00579954 0.00115872 0.0116589 0.00578091 0.999863 0.0154829 0.0155742 -0.00124836 -0.015476 0.999879 -0.999811
270 272 408 0.999997 -0.0011579 0.00211682 0.0263977 0.00110426 0.999683 0.0251676 -0.0210037 -0.00214529 -0.0251652 0.999681 -0.999431
270 273 346 0.999989 0.00145841 0.00453649 0.00591644 -0.0015702 0.999693 0.0247378 -0.000214708 -0.00449902 -0.0247447 0.999684 -0.999982
270 274 293 0.999965 0.000477088 0.00835831 -0.00984442 -0.000673867 0.999722 0.0235559 0.00419937 -0.00834475 -0.0235608 0.999688 -0.999943
275 276 433 0.99999 -0.0030608 0.00328986 0.0480105 0.00305698 0.999995 0.00116496 0.00620238 -0.00329341 -0.00115489 0.999994 -0.998828
275 277 391 0.999946 -0.00703569 0.00767327 0.00833764 0.00702241 0.999974 0.00175619 0.0147549 -0.00768543 -0.00170221 0.999969 -0.999856
275 278 372 0.999894 -0.0104956 0.0101149 0.0121937 0.0104762 0.999943 0.00196874 0.0185526 -0.010135 -0.00186256 0.999947 -0.999754
275 279 296 0.999891 -0.0123897 0.00797407 0.0476995 0.0123785 0.999922 0.00145177 0.00737973 -0.00799143 -0.00135291 0.999967 -0.998834
280 281 627 0.999998 0.00200041 0.000764228 0.00799301 -0.00200059 0.999998 0.000232497 0.0158928 -0.000763761 -0.000234025 1 -0.999842
280 282 641 0.999985 0.00368137 0.00405546 0.00287643 -0.00369418 0.999988 0.00315731 0.013406 -0.00404379 -0.00317225 0.999987 -0.999906
280 283 534 0.999909 0.00895987 0.0101043 -0.020107 -0.00903878 0.999929 0.00779054 -0.000333588 -0.0100338 -0.00788116 0.999919 -0.999798
280 284 461 0.999798 0.0118138 0.0162877 -0.0268864 -0.0119529 0.999893 0.00846838 0.00587793 -0.0161859 -0.00866135 0.999831 -0.999621
285 286 616 0.999985 0.000518638 0.00545846 0.0546815 -0.000468296 0.999957 -0.00921999 0.028711 -0.005463 0.00921729 0.999943 -0.998091
285 287 663 0.999939 0.00359274 0.010421 -0.0101833 -0.00341001 0.999841 -0.0175002 0.0269018 -0.0104822 0.0174636 0.999793 -0.999586
285 288 565 0.999899 -0.00408411 0.0136358 0.0192816 0.00433637 0.999819 -0.0185221 0.0120822 -0.0135576 0.0185794 0.999735 -0.999741
285 289 469 0.999788 -0.0069138 0.0194103 -0.00138961 0.00720723 0.99986 -0.0150886 0.0154382 -0.0193033 0.0152253 0.999698 -0.99988
290 291 635 0.999971 0.00365025 0.00668488 -0.0169267 -0.00368795 0.999977 0.00563626 0.00563022 -0.00666415 -0.00566075 0.999962 -0.999841
290 292 591 0.999908 0.00471581 0.012737 0.00391181 -0.00478014 0.999976 0.00502446 0.00106214 -0.012713 -0.00508488 0.999906 -0.999992
290 293 505 0.999762 -0.00138898 0.0217933 -0.0101755 0.00135849 0.999998 0.00141383 0.00832862 -0.0217952 -0.00138388 0.999761 -0.999914
290 294 368 0.999616 -0.00987512 0.0258785 0.0248933 0.0097768 0.999945 0.00392322 0.00661108 -0.0259158 -0.00366871 0.999657 -0.999668
295 296 548 0.999967 0.00117129 0.00800594 0.0293436 -0.00119174 0.999996 0.00254938 0.00937442 -0.00800292 -0.00255884 0.999965 -0.999525
295 297 569 0.999861 0.00163189 0.0166157 0.0078508 -0.00164044 0.999999 0.000501308 0.000469105 -0.0166149 -0.000528495 0.999862 -0.999969
295 298 394 0.999709 -0.00235104 0.0240051 0.0110101 0.0025228 0.999971 -0.00712768 0.0226588 -0.0239876 0.00718617 0.999686 -0.999683
295 299 353 0.999495 -0.00588555 0.0312237 0.0232482 0.00622641 0.999922 -0.0108307 0.015119 -0.0311576 0.0110197 0.999454 -0.999615
300 301 504 0.999971 -0.00160212 0.0073936 -0.0313835 0.00161132 0.999998 -0.00123758 0.00348861 -0.0073916 0.00124946 0.999972 -0.999501
300 302 475 0.999939 0.000634133 0.0109884 0.00474819 -0.000623878 0.999999 -0.000936684 0.0245975 -0.010989 0.000929772 0.999939 -0.999686
300 303 401 0.999876 -0.00565209 0.014723 0.0143019 0.00559082 0.999976 0.004199 0.0208131 -0.0147464 -0.00411617 0.999883 -0.999681
300 304 337 0.999777 -0.00991076 0.018631 -0.00160385 0.00964947 0.999855 0.0140626 -0.000451433 -0.0187676 -0.0138797 0.999728 -0.999999
305 306 480 0.999991 -0.00251576 0.00332516 0.00196437 0.00253487 0.99998 -0.00575541 0.0070899 -0.00331062 0.00576379 0.999978 -0.999973
305 307 438 0.999987 -0.00260156 0.00448459 0.0516117 0.00266985 0.99988 -0.0152907 -0.00216589 -0.00444427 0.0153024 0.999873 -0.998665
305 308 382 0.999934 -0.00784416 0.00839405 0.015211 0.00803156 0.999714 -0.0225297 0.0241166 -0.00821492 0.0225956 0.999711 -0.999593
305 309 359 0.999845 -0.00699834 0.0161423 -0.0361031 0.00733 0.999761 -0.0205792 0.0349457 -0.0159945 0.0206943 0.999658 -0.998737
310 311 576 0.999974 0.00102778 0.007199 -0.032435 -0.00106504 0.999986 0.00517395 -0.00191361 -0.00719359 -0.00518148 0.999961 -0.999472
310 312 466 0.999899 -0.00142228 0.014109 -0.00141036 0.00136615 0.999991 0.00398698 0.00158158 -0.0141145 -0.0039673 0.999893 -0.999998
310 313 401 0.999751 0.000992188 0.0223117 -0.0156596 -0.00097289 0.999999 -0.000875782 -0.00183119 -0.0223126 0.000853857 0.999751 -0.999876
310 314 309 0.999602 0.00483551 0.0277791 0.00287798 -0.00469503 0.999976 -0.00511997 0.0136455 -0.0278032 0.00498751 0.999601 -0.999903
315 316 561 0.999972 0.00386224 0.00640797 -0.00764589 -0.00386163 0.999993 -0.000107014 0.018937 -0.00640833 8.22656e-05 0.999979 -0.999791
315 317 585 0.999875 0.00910418 0.012928 -0.0034348 -0.00921585 0.999921 0.00860493 -0.000528691 -0.0128487 -0.00872299 0.999879 -0.999994
315 318 503 0.999647 0.0179223 0.0196094 -0.00115803 -0.0182758 0.999671 0.0179952 -0.0076016 -0.0192804 -0.0183472 0.999646 -0.99997
315 319 398 0.999259 0.0282424 0.0261529 -0.0162513 -0.0287912 0.999368 0.0208497 4.61183e-05 -0.0255475 -0.0215872 0.999441 -0.999868
320 321 638 0.999942 -0.00865149 0.00642528 0.00484126 0.0087375 0.999871 -0.0134817 0.0159743 -0.00630781 0.013537 0.999888 -0.999861
320 322 540 0.999853 -0.0130594 0.0110999 0.000430661 0.0132855 0.999701 -0.0205428 0.0241512 -0.0108283 0.0206873 0.999727 -0.999708
320 323 392 0.999812 -0.0126782 0.0146803 0.0040602 0.0129431 0.999753 -0.0180919 0.0261649 -0.0144473 0.0182785 0.999729 -0.999649
320 324 432 0.999709 -0.0175468 0.0165297 0.00267631 0.0176493 0.999826 -0.00607315 0.00578898 -0.0164203 0.00636312 0.999845 -0.99998
325 326 609 0.999997 0.00113637 0.00234276 0.00740527 -0.00114573 0.999991 0.00399647 -0.00156458 -0.0023382 -0.00399914 0.999989 -0.999971
325 327 544 0.999953 0.00883708 0.00387578 0.00949853 -0.00883346 0.999961 -0.000952012 0.0116804 -0.00388404 0.000917731 0.999992 -0.999887
325 328 438 0.999958 0.00784476 0.0046831 -0.0060047 -0.00779871 0.999922 -0.00977227 0.00973547 -0.0047594 0.00973534 0.999941 -0.999935
325 329 341 0.999982 0.0051137 0.00313574 0.013629 -0.0050666 0.999877 -0.0148475 0.0209329 -0.00321128 0.0148313 0.999885 -0.999688
330 331 609 0.999991 0.00342582 0.00265837 -0.00462561 -0.00345106 0.999948 0.00954955 0.00177232 -0.00262552 -0.00955863 0.999951 -0.999988
330 332 581 0.999903 0.0131916 0.00452446 -0.00988059 -0.0132836 0.999692 0.0209495 -0.00151362 -0.0042467 -0.0210076 0.99977 -0.99995
330 333 438 0.999698 0.0236546 0.00665325 -0.00907599 -0.0238111 0.999416 0.0245139 -0.00160216 -0.0060695 -0.0246649 0.999677 -0.999958
330 334 350 0.999742 0.0218744 0.00605816 0.0117345 -0.0219923 0.999555 0.0201418 0.00535853 -0.00561487 -0.0202699 0.999779 -0.999917
335 336 672 0.999997 -0.00147605 0.00219232 -0.0424827 0.00148382 0.999993 -0.00354886 0.034144 -0.00218707 0.0035521 0.999991 -0.998514
335 337 503 0.999994 0.000509701 0.00334528 -0.0087832 -0.000511627 1 0.000575106 0.0131378 -0.00334498 -0.000576814 0.999994 -0.999875
335 338 351 0.999997 -0.00169852 0.00148815 0.00242799 0.0016893 0.99998 0.00617512 0.0109172 -0.0014986 -0.00617259 0.99998 -0.999937
335 339 247 0.999964 -0.00802339 0.00273665 0.0020617 0.0080053 0.999946 0.00655761 0.0139058 -0.00278912 -0.00653546 0.999975 -0.999901
340 341 424 0.999994 -0.0028397 0.00182797 -0.000360035 0.00284601 0.99999 -0.00345483 0.0182161 -0.00181814 0.00346001 0.999992 -0.999834
340 342 358 0.999972 -0.00746579 0.000236442 0.00236741 0.00746706 0.999955 -0.00592439 0.0161856 -0.000192201 0.00592599 0.999982 -0.999866
340 343 264 0.999945 -0.0103774 0.00165856 0.0110168 0.010386 0.999932 -0.00526946 0.0106331 -0.00160377 0.0052864 0.999985 -0.999883
340 344 264 0.999983 -0.00580275 0.000955161 0.0144173 0.00580378 0.999983 -0.00107823 0.0117236 -0.000948887 0.00108376 0.999999 -0.999827
345 346 477 0.999999 -0.00104174 0.000467391 0.0301608 0.00104137 0.999999 0.00078678 -0.0044054 -0.00046821 -0.000786293 1 -0.999535
345 347 374 0.999994 -0.000589975 0.00343832 0.000704254 0.000624612 0.999949 -0.0100814 0.0173696 -0.00343219 0.0100835 0.999943 -0.999849
345 348 265 0.999983 0.00173152 0.0056156 -0.00127659 -0.00162917 0.999833 -0.0181796 0.0208498 -0.00564615 0.0181701 0.999819 -0.999782
345 349 183 0.999984 0.00233068 0.00511012 -0.0100706 -0.00222439 0.999783 -0.0207086 0.0358977 -0.00515727 0.0206969 0.999772 -0.999305
350 351 553 0.999989 -0.00442991 -0.00164946 0.0423436 0.00443857 0.999976 0.00528538 0.0187463 0.001626 -0.00529265 0.999985 -0.998927
350 352 414 0.999999 0.00123335 -0.00121467 0.00830092 -0.00122007 0.99994 0.0108701 -0.00188269 0.001228 -0.0108686 0.99994 -0.999964
350 353 265 0.999999 0.000210619 -0.00117188 -0.00588846 -0.000193148 0.999889 0.0148891 0.00221522 0.00117488 -0.0148888 0.999888 -0.99998
350 354 252 0.999977 0.00560803 -0.0037425 0.00563541 -0.00553622 0.999805 0.0189299 0.00231235 0.00384794 -0.0189088 0.999814 -0.999981
355 356 396 0.999986 -0.00101931 -0.00526465 -0.0110851 0.00099785 0.999991 -0.00407671 0.00746143 0.00526876 0.0040714 0.999978 -0.999911
355 357 391 0.999917 -0.00489057 -0.011913 0.0133605 0.00472524 0.999893 -0.0138668 0.0209607 0.0119796 0.0138094 0.999833 -0.999691
355 358 370 0.999773 -0.012678 -0.0171481 0.0159751 0.0123519 0.999743 -0.0189903 0.0262882 0.0173845 0.0187742 0.999673 -0.999527
355 359 341 0.999656 -0.0128102 -0.0228713 0.0125605 0.0124137 0.999772 -0.0173952 0.0222589 0.0230889 0.0171053 0.999587 -0.999673
360 361 414 0.999973 -0.00148081 -0.00723977 -0.00545013 0.00153631 0.999969 0.00766609 0.0448702 0.0072282 -0.007677 0.999944 -0.998978
360 362 448 0.999883 -0.00371256 -0.0148641 0.0159734 0.00392311 0.999892 0.0141612 -0.00761955 0.0148099 -0.0142179 0.999789 -0.999843
360 363 441 0.999775 -0.0016382 -0.021133 0.00177192 0.00190698 0.999917 0.0127045 -0.00273214 0.0211105 -0.0127419 0.999696 -0.999995
360 364 349 0.999579 -0.000238154 -0.0290129 0.0244278 0.000436373 0.999977 0.00682597 0.00908319 0.0290106 -0.00683576 0.999556 -0.99966
