0 1 1106 0.999991 0.00164778 0.00396336 -0.00271487 -0.00166089 0.999993 0.00330598 -0.0144688 -0.00395789 -0.00331253 0.999987 -0.999892
0 2 909 0.999938 0.00263249 0.0108013 -0.0297594 -0.00266296 0.999993 0.00280808 0.00391911 -0.0107938 -0.00283667 0.999938 -0.999549
0 3 629 0.999945 0.00121253 0.0104094 0.00612593 -0.00127592 0.999981 0.00608538 -0.00731805 -0.0104018 -0.00609833 0.999927 -0.999954
0 4 555 0.999847 0.00161542 0.0174288 -0.0112414 -0.00171086 0.999984 0.00546233 0.000206674 -0.0174197 -0.00549131 0.999833 -0.999937
5 6 1160 0.999982 -0.00119906 0.00591725 -0.0386241 0.00119308 0.999999 0.00101448 0.00627158 -0.00591846 -0.0010074 0.999982 -0.999234
5 7 849 0.999947 -0.00356841 0.00966557 0.00374519 0.00355211 0.999992 0.00170301 0.00640287 -0.00967157 -0.00166858 0.999952 -0.999972
5 8 634 0.9999 -0.00525529 0.013158 0.0101609 0.00525263 0.999986 0.000236716 0.00589523 -0.0131591 -0.000167578 0.999913 -0.999931
5 9 483 0.999804 -0.00314374 0.0195275 -0.0101978 0.00318247 0.999993 -0.0019529 0.00643983 -0.0195212 0.00201467 0.999807 -0.999927
10 11 1077 0.999997 -0.00104038 0.0022285 0.0269907 0.00104034 0.999999 1.842e-05 0.0263796 -0.00222852 -1.61016e-05 0.999998 -0.999288
10 12 871 0.999974 -0.000208756 0.00725316 -0.0353886 0.000201935 1 0.000941172 0.000149473 -0.00725335 -0.000939683 0.999973 -0.999374
10 13 537 0.999973 0.00373934 0.00631131 -0.00236244 -0.00374165 0.999993 0.000352863 0.00671826 -0.00630994 -0.000376469 0.99998 -0.999975
10 14 377 0.999979 0.001629 0.0062125 0.0168588 -0.0016256 0.999999 -0.000551121 0.0172877 -0.00621338 0.000541011 0.999981 -0.999708
15 16 910 0.999996 -0.00266368 -3.48857e-05 0.0274484 0.00266375 0.999994 0.00231877 0.0134478 2.87091e-05 -0.00231885 0.999997 -0.999533
15 17 758 0.99999 -0.0024047 0.00374889 -0.0019153 0.00238717 0.999986 0.00467376 0.00544079 -0.00376008 -0.00466476 0.999982 -0.999983
15 18 600 0.999975 -0.00412028 0.00566994 0.00229536 0.00408745 0.999975 0.00579078 0.00322923 -0.00569366 -0.00576746 0.999967 -0.999992
15 19 379 0.999963 -0.007757 0.0038077 0.0175933 0.00773171 0.999948 0.00661043 0.00297434 -0.00385878 -0.00658074 0.999971 -0.999841
20 21 1081 0.999993 0.00216551 0.00303553 -0.0123023 -0.00215973 0.999996 -0.00190314 -0.0034774 -0.00303964 0.00189658 0.999994 -0.999918
20 22 733 0.999995 -0.00150059 0.00263167 0.00124742 0.00150377 0.999998 -0.0012093 0.0129255 -0.00262985 0.00121325 0.999996 -0.999916
20 23 520 0.999988 0.000798381 0.00490106 0.000742789 -0.000792869 0.999999 -0.00112653 0.00844739 -0.00490195 0.00112263 0.999987 -0.999964
20 24 377 0.999978 0.000988145 0.00657951 -0.0086092 -0.0009981 0.999998 0.00150989 0.000481855 -0.006578 -0.00151643 0.999977 -0.999963
25 26 873 0.999995 -0.00238489 -0.0020297 0.0357604 0.00237985 0.999994 -0.002481 0.00284765 0.0020356 0.00247615 0.999995 -0.999356
25 27 649 0.999996 -0.00272907 -0.00107003 0.00609211 0.00272189 0.999974 -0.00665458 0.0144854 0.00108817 0.00665164 0.999977 -0.999877
25 28 482 0.999996 0.00175524 -0.00228623 0.00632155 -0.00177876 0.999945 -0.0103299 0.0123065 0.00226797 0.0103339 0.999944 -0.999904
25 29 350 0.999981 -0.00273118 -0.00556759 0.0151718 0.00267015 0.999937 -0.0109404 0.0179728 0.00559712 0.0109254 0.999925 -0.999723
30 31 763 0.999997 -0.00162453 -0.00158537 0.0111201 0.00163221 0.999987 0.0048556 0.00559281 0.00157746 -0.00485818 0.999987 -0.999923
30 32 528 0.999996 -0.000356007 -0.00288413 0.0126173 0.000375725 0.999977 0.00683897 0.0136369 0.00288163 -0.00684003 0.999972 -0.999827
30 33 459 0.999988 0.00488766 -0.000180696 -0.00941476 -0.00488635 0.999966 0.00665856 0.000414157 0.000213234 -0.0066576 0.999978 -0.999956
30 34 346 0.999969 0.00669831 -0.00408095 0.0185369 -0.00668497 0.999972 0.00327363 -0.000791509 0.00410277 -0.00324625 0.999986 -0.999828
35 36 793 0.999978 0.00642194 0.00152376 -0.0251275 -0.00642378 0.999979 0.00120382 0.0115905 -0.001516 -0.00121358 0.999998 -0.999617
35 37 658 0.999931 0.0115355 0.00242946 0.0121772 -0.0115467 0.999922 0.00467121 -0.00239079 -0.00237539 -0.00469894 0.999986 -0.999923
35 38 503 0.999956 0.00900048 0.00266367 0.0167109 -0.00902339 0.999921 0.00871725 0.00171453 -0.002585 -0.0087409 0.999958 -0.999859
35 39 408 0.999964 0.00731818 0.00435477 0.0133995 -0.00736059 0.999925 0.00980339 -0.000648136 -0.0042827 -0.00983509 0.999942 -0.99991
40 41 892 0.999998 -0.00199249 0.000419459 0.0179092 0.00199377 0.999993 -0.00308448 0.0162039 -0.00041331 0.00308531 0.999995 -0.999708
40 42 676 0.999994 -0.00267131 0.00224167 -0.0100922 0.00268129 0.999986 -0.00446284 0.00851178 -0.00222972 0.00446882 0.999988 -0.999913
40 43 546 0.999986 -0.00435071 0.00288856 0.0111972 0.00437009 0.999968 -0.00673953 0.0187636 -0.00285914 0.00675206 0.999973 -0.999761
40 44 437 0.999987 -0.00363228 0.00360888 0.00196915 0.00366592 0.99995 -0.00935712 0.0148514 -0.00357471 0.00937023 0.99995 -0.999888
45 46 781 0.999999 0.00122885 0.000166637 0.00845391 -0.00122881 0.999999 -0.000231112 0.0202098 -0.000166921 0.000230907 1 -0.99976
45 47 645 1 0.000502092 -0.000511419 0.01715 -0.000500766 0.999997 0.00258887 0.00252332 0.000512718 -0.00258861 0.999997 -0.99985
45 48 492 0.99999 -0.00423155 -0.0010735 0.0186539 0.00423571 0.999983 0.00390241 0.0197398 0.00105697 -0.00390692 0.999992 -0.999631
45 49 402 0.999999 -0.00115165 0.000754733 0.00380063 0.00114859 0.999991 0.00404527 0.0107355 -0.000759385 -0.0040444 0.999992 -0.999935
50 51 726 0.999998 -0.00170355 0.000508668 0.00775608 0.00170406 0.999998 -0.00099203 0.0238948 -0.000506977 0.000992895 0.999999 -0.999684
50 52 704 0.999989 -0.00465966 0.00102169 -0.000221375 0.00465688 0.999985 0.0027061 0.0193646 -0.00103429 -0.00270132 0.999996 -0.999812
50 53 539 0.999988 -0.00488927 -0.000323292 0.0233453 0.00489128 0.999967 0.00655399 0.0124156 0.000291237 -0.00655549 0.999978 -0.99965
50 54 425 0.999987 -0.00290461 0.00414451 -0.00482714 0.00287223 0.999965 0.00779745 0.00599243 -0.00416701 -0.00778545 0.999961 -0.99997
55 56 873 0.999986 0.00527644 0.000875341 0.00637914 -0.0052735 0.999981 -0.0033298 0.000777015 -0.000892893 0.00332513 0.999994 -0.999979
55 57 755 0.99999 0.00425223 0.00169775 -0.012326 -0.00424547 0.999983 -0.00396694 0.0182214 -0.00171459 0.00395969 0.999991 -0.999758
55 58 550 0.999977 0.00674395 0.00057653 0.00076651 -0.00674255 0.999974 -0.00239158 0.0142552 -0.000592644 0.00238763 0.999997 -0.999898
55 59 414 0.999924 0.012354 -0.000341909 0.0126836 -0.0123543 0.999923 -0.00103123 0.00719649 0.000329143 0.00103538 0.999999 -0.999894
60 61 877 0.999994 0.00305718 0.00162086 -0.027145 -0.00305148 0.999989 -0.00350962 0.00324496 -0.00163157 0.00350465 0.999993 -0.999626
60 62 724 0.999995 0.00311632 0.00106555 -0.00197043 -0.00310626 0.999952 -0.00931249 0.0279489 -0.00109452 0.00930913 0.999956 -0.999607
60 63 542 0.999991 0.00401892 0.00119536 0.00711135 -0.00400442 0.999921 -0.011891 0.0234525 -0.00124306 0.0118861 0.999929 -0.9997
60 64 419 0.999988 0.00310447 0.0037939 0.00223163 -0.00307683 0.999969 -0.0072711 0.0137799 -0.00381636 0.00725934 0.999966 -0.999903
65 66 749 0.999997 -0.00189617 0.00132511 -0.011879 0.00188987 0.999987 0.00473874 0.0180012 -0.00133408 -0.00473623 0.999988 -0.999767
65 67 685 0.999984 -0.00454813 0.00325248 0.000213738 0.0045341 0.99998 0.00430557 -0.000275154 -0.003272 -0.00429075 0.999985 -1
65 68 534 0.999947 -0.0101639 0.00185548 0.0193918 0.0101609 0.999947 0.00162553 0.0193468 -0.0018719 -0.00160659 0.999997 -0.999625
65 69 430 0.999927 -0.0116234 0.00322549 0.0169061 0.0116248 0.999932 -0.000430123 0.0200993 -0.00322027 0.000467588 0.999995 -0.999655
70 71 924 0.999994 -0.00207067 0.00280133 -0.00305563 0.00207285 0.999998 -0.000773779 0.0155023 -0.00279972 0.000779581 0.999996 -0.999875
70 72 810 0.999994 -0.00236281 0.0026708 0.0103834 0.00236525 0.999997 -0.000913053 0.0126017 -0.00266863 0.000919364 0.999996 -0.999867
70 73 633 0.999985 -0.00106224 0.00534334 -0.00229534 0.00107127 0.999998 -0.0016887 0.0206314 -0.00534154 0.0016944 0.999984 -0.999785
70 74 515 0.999989 -0.00137891 0.00448458 0.0193087 0.00138542 0.999998 -0.00145043 0.00388353 -0.00448258 0.00145662 0.999989 -0.999806
75 76 855 0.999999 -0.000847467 0.00095375 0.0312161 0.000851124 0.999992 -0.00383996 0.00936907 -0.000950488 0.00384077 0.999992 -0.999469
75 77 838 0.999986 -0.00413951 0.00321534 0.00328961 0.00415787 0.999975 -0.0057227 0.0200244 -0.00319157 0.00573599 0.999978 -0.999794
75 78 732 0.999961 -0.00657993 0.00589122 0.000902918 0.00659974 0.999973 -0.00334969 0.0470167 -0.00586901 0.00338844 0.999977 -0.998894
75 79 597 0.999954 -0.00768319 0.00568401 0.0150097 0.00764994 0.999954 0.00584823 0.00792914 -0.00572867 -0.00580448 0.999967 -0.999856
80 81 979 1 -0.000871683 -0.000321376 0.0278184 0.000872015 0.999999 0.00103539 0.0100191 0.000320473 -0.00103567 0.999999 -0.999563
80 82 1004 0.999996 -0.00252514 0.000876734 0.0154591 0.00252693 0.999995 -0.00205202 0.0109505 -0.000871547 0.00205423 0.999998 -0.999821
80 83 807 0.999989 -0.00306678 0.00366246 0.00104472 0.00308641 0.999981 -0.00536569 0.0276665 -0.00364593 0.00537693 0.999979 -0.999617
80 84 696 0.999997 -0.000381818 0.00223125 0.0140786 0.000385662 0.999998 -0.00172258 0.0233558 -0.00223059 0.00172344 0.999996 -0.999628
85 86 934 0.999991 0.00366561 -0.00195949 0.0228116 -0.0036558 0.999981 0.00498782 0.00748499 0.00197774 -0.00498062 0.999986 -0.999712
85 87 993 0.999964 0.00181475 -0.00822984 0.117808 -0.00177003 0.999984 0.00543685 -0.00975387 0.00823958 -0.00542209 0.999951 -0.992988
85 88 831 0.999959 -0.00380719 -0.00817999 0.0055927 0.00381772 0.999992 0.00127316 0.0204736 0.00817507 -0.00130433 0.999966 -0.999775
85 89 719 0.999903 -0.00207437 -0.0137683 0.00920973 0.00206637 0.999998 -0.000595226 0.0116254 0.0137695 0.000566718 0.999905 -0.99989
90 91 759 0.999952 0.00487792 -0.00844155 -0.0629595 -0.00491144 0.99998 -0.00395495 0.0445768 0.00842209 0.00399622 0.999957 -0.99702
90 92 957 0.999856 0.00145431 -0.0169288 -0.0338356 -0.00152321 0.999991 -0.00405797 0.0370761 0.0169227 0.00408317 0.999848 -0.998739
90 93 887 0.999489 -0.00240779 -0.0318849 -0.0337142 0.00230737 0.999992 -0.00318602 0.022031 0.0318923 0.00311082 0.999486 -0.999189
90 94 683 0.998602 -0.00849344 -0.052168 0.0151151 0.00828345 0.999957 -0.00424008 0.0271052 0.0522018 0.00380202 0.998629 -0.999518
95 96 778 0.99959 0.00338251 -0.0284421 0.030255 -0.00343007 0.999993 -0.00162356 0.0341888 0.0284364 0.00172045 0.999594 -0.998957
95 97 817 0.998406 0.00424123 -0.0562795 -0.0207721 -0.00442621 0.999985 -0.00316253 0.0221798 0.0562652 0.00340659 0.99841 -0.999538
95 98 741 0.996064 0.00518245 -0.0884819 -0.011635 -0.00563808 0.999972 -0.00490018 0.0205214 0.0884541 0.00537977 0.996066 -0.999722
95 99 577 0.992078 0.00510983 -0.125523 0.00902979 -0.00590365 0.999965 -0.00595288 0.0250817 0.125489 0.00664676 0.992073 -0.999645
100 101 807 0.99894 -1.74307e-05 -0.0460261 -0.0527598 -9.61984e-06 1 -0.000587501 0.0224394 0.0460261 0.000587321 0.99894 -0.998355
100 102 805 0.995226 -0.00193325 -0.0975797 -0.0193833 0.00216697 0.999995 0.00228919 0.00588091 0.0975748 -0.00248971 0.995225 -0.999795
100 103 661 0.988708 -0.0020171 -0.149838 -0.018741 0.00260656 0.99999 0.00373764 0.014382 0.149829 -0.004086 0.988703 -0.999721
100 104 558 0.978643 -0.000598035 -0.205568 -0.00758707 0.00160631 0.999987 0.00473796 0.016499 0.205563 -0.00496697 0.978631 -0.999835
105 106 818 0.997704 -0.000173589 -0.0677294 -0.00938247 0.000297116 0.999998 0.00181377 0.00120718 0.067729 -0.00182973 0.997702 -0.999955
105 107 704 0.99153 0.00261156 -0.129853 -0.0763537 -0.00249719 0.999996 0.00104356 0.0324714 0.129855 -0.000710451 0.991533 -0.996552
105 108 545 0.981316 0.00495987 -0.192338 -0.0648366 -0.00388539 0.999975 0.00596319 -0.0115419 0.192363 -0.00510447 0.981311 -0.997829
105 109 452 0.966051 0.00549934 -0.258293 -0.00336558 -0.0046375 0.999981 0.00394583 0.00138602 0.25831 -0.00261404 0.966058 -0.999993
110 111 928 0.997916 0.00086726 -0.0645274 -0.0629221 -0.00087111 1 -3.15292e-05 -0.0120605 0.0645274 8.7674e-05 0.997916 -0.997946
110 112 718 0.991991 0.00402493 -0.126242 -0.0612988 -0.00396022 0.999992 0.000763594 0.00627368 0.126244 -0.000257533 0.991999 -0.9981
110 113 553 0.983094 0.00940346 -0.182858 -0.0658323 -0.00902948 0.999955 0.0028777 0.00460036 0.182877 -0.00117794 0.983135 -0.99782
110 114 448 0.971296 0.00749726 -0.237756 -0.0369739 -0.00666985 0.999969 0.0042843 -0.000958143 0.237781 -0.00257552 0.971315 -0.999316
115 116 852 0.998675 -0.000705552 -0.0514656 -0.0769706 0.000850297 0.999996 0.00279063 -0.0118906 0.0514634 -0.00283069 0.998671 -0.996962
115 117 681 0.994893 0.00795215 -0.100625 -0.0402227 -0.00758965 0.999963 0.00398476 -0.0199805 0.100653 -0.0032007 0.994916 -0.998991
115 118 508 0.989867 0.0220415 -0.140276 -0.0750484 -0.0218263 0.999757 0.00307245 0.00343985 0.14031 2.03858e-05 0.990108 -0.997174
115 119 449 0.983633 0.0259766 -0.178303 -0.0365874 -0.0261714 0.999657 0.00125997 0.0010105 0.178274 0.00342707 0.983975 -0.99933
120 121 823 0.999422 -0.0124098 -0.0316566 -0.0336568 0.0125408 0.999914 0.00394175 0.0458829 0.031605 -0.00433647 0.999491 -0.99838
120 122 589 0.998032 -0.0158603 -0.0606642 -0.0133138 0.0163456 0.999838 0.00751243 0.0215066 0.0605353 -0.00848924 0.99813 -0.99968
120 123 418 0.996223 -0.0166683 -0.0852123 -0.032755 0.0174058 0.999817 0.00792025 0.040061 0.0850647 -0.00937353 0.996331 -0.99866
120 124 363 0.993763 -0.00848296 -0.111186 0.00283132 0.00985062 0.999882 0.0117571 0.0249414 0.111073 -0.012779 0.99373 -0.999685
125 126 643 0.999806 0.000494298 -0.0196958 -0.0349155 -0.000331611 0.999966 0.00826236 -0.0462667 0.0196992 -0.00825423 0.999772 -0.998319
125 127 384 0.999299 -0.00347317 -0.0372847 -0.0248205 0.00372208 0.999971 0.0066087 -0.00378483 0.0372607 -0.00674284 0.999283 -0.999685
125 128 354 0.998526 -0.00518538 -0.054026 0.00514545 0.00529634 0.999984 0.00191085 0.00621277 0.0540153 -0.00219417 0.998538 -0.999967
125 129 352 0.997699 -5.22754e-05 -0.0677999 0.0111701 5.2366e-05 1 -4.40706e-07 0.0019429 0.0677999 -3.11072e-06 0.997699 -0.999936
130 131 575 0.999925 0.00369202 -0.0116696 -0.0161704 -0.00369939 0.999993 -0.000609811 0.00761544 0.0116673 0.000652935 0.999932 -0.99984
130 132 595 0.999755 0.00759668 -0.0207836 -0.0137365 -0.00756677 0.99997 0.00151715 -0.00610813 0.0207945 -0.00135952 0.999783 -0.999887
130 133 533 0.99951 0.00627684 -0.0306767 0.011775 -0.00625367 0.99998 0.000851285 0.0137474 0.0306814 -0.000659026 0.999529 -0.999836
130 134 413 0.999338 0.00999044 -0.0349964 -0.00737912 -0.00995508 0.99995 0.00118471 0.00646912 0.0350065 -0.00083553 0.999387 -0.999952
135 136 517 0.99998 0.000188276 -0.00639443 0.00518756 -0.000186924 1 0.000211906 0.0112148 0.00639447 -0.000210706 0.99998 -0.999924
135 137 533 0.999952 0.00318091 -0.00929259 -0.00823928 -0.0031752 0.999995 0.000628337 0.0058295 0.00929454 -0.000598801 0.999957 -0.999949
135 138 491 0.9999 0.00473906 -0.0133586 0.00366652 -0.00472619 0.999988 0.000995014 0.00160015 0.0133632 -0.000931778 0.99991 -0.999992
135 139 445 0.99985 0.00492507 -0.0166319 0.00879791 -0.00491733 0.999988 0.000505978 0.00233031 0.0166342 -0.000424117 0.999862 -0.999959
140 141 609 0.999978 0.00663195 0.000104 -0.040372 -0.00663189 0.999978 -0.000528679 0.008798 -0.000107504 0.000527978 1 -0.999146
140 142 607 0.999965 0.0083279 0.000246253 -0.00452896 -0.00832785 0.999965 -0.000237408 0.00308626 -0.000248222 0.000235349 1 -0.999985
140 143 549 0.999941 0.0102822 0.00343409 -0.0127842 -0.0102795 0.999947 -0.000810806 0.00912298 -0.00344224 0.000775458 0.999994 -0.999877
140 144 492 0.999909 0.0119389 0.00623151 -0.00509716 -0.0119427 0.999929 0.000571975 -0.00294607 -0.00622423 -0.000646344 0.99998 -0.999983
145 146 653 0.999994 0.00127582 0.00316779 0.0471739 -0.00126835 0.999996 -0.00235834 0.0187962 -0.00317079 0.00235431 0.999992 -0.99871
145 147 696 0.999962 0.00185983 0.00848688 -0.00930686 -0.00183436 0.999994 -0.00300767 0.00416883 -0.00849243 0.00299199 0.999959 -0.999948
145 148 588 0.99995 -0.00160795 0.00985376 0.0223294 0.00165338 0.999988 -0.00460394 0.00309575 -0.00984624 0.00462 0.999941 -0.999746
145 149 471 0.999821 -0.00524882 0.0181632 -0.0437129 0.00540455 0.999949 -0.00853583 0.0387379 -0.0181174 0.00863246 0.999799 -0.998293
150 151 612 0.99999 -0.00224553 0.00378979 -0.0375142 0.00223278 0.999992 0.00336537 0.0372566 -0.00379731 -0.00335688 0.999987 -0.998601
150 152 668 0.999967 -0.00733212 0.00354408 0.0238257 0.00730426 0.999943 0.00781086 0.015276 -0.00360114 -0.00778472 0.999963 -0.999599
150 153 524 0.999935 -0.0109197 0.00323367 0.0198802 0.0108793 0.999865 0.0122785 0.000954363 -0.00336731 -0.0122425 0.999919 -0.999802
150 154 429 0.99987 -0.0153138 0.00500797 -0.00163987 0.0152617 0.999831 0.0102835 0.0160797 -0.00516461 -0.0102058 0.999935 -0.999869
155 156 917 0.999998 0.00198444 0.00017956 -0.00594349 -0.00198428 0.999998 -0.000866389 0.0012589 -0.000181279 0.000866031 1 -0.999982
155 157 873 0.999989 -0.00459179 -0.00137623 0.0234925 0.00458833 0.999986 -0.00250702 0.0258032 0.00138773 0.00250068 0.999996 -0.999391
155 158 633 0.999997 -0.0021161 0.00122985 -0.00964178 0.00211826 0.999996 -0.00176257 0.00855411 -0.00122612 0.00176517 0.999998 -0.999917
155 159 476 0.999979 -0.00621227 0.00201122 -0.00366761 0.00621768 0.999977 -0.00269119 0.0228881 -0.00199446 0.00270364 0.999994 -0.999731
160 161 1080 0.999995 -0.00303206 -0.000253469 -0.0718677 0.00303173 0.999995 -0.00128575 0.0314382 0.000257366 0.00128497 0.999999 -0.996919
160 162 761 0.999977 -0.00515833 -0.00450203 -0.00872645 0.00515646 0.999987 -0.000426995 0.00112285 0.00450417 0.00040377 0.99999 -0.999961
160 163 503 0.999907 -0.00840839 -0.0107259 0.00677919 0.00834956 0.99995 -0.00551718 0.0233119 0.0107717 0.00542712 0.999927 -0.999705
160 164 368 0.999801 -0.0100606 -0.0172044 0.00868064 0.00993882 0.999925 -0.00715075 0.021551 0.017275 0.00697834 0.999826 -0.99973
165 166 831 0.999964 -0.000411725 -0.00843965 -0.00466145 0.000416636 1 0.000580185 0.0163725 0.00843941 -0.000583681 0.999964 -0.999855
165 167 623 0.99982 0.000959413 -0.0189487 0.0156762 -0.000928721 0.999998 0.00162848 0.00310497 0.0189503 -0.00161059 0.999819 -0.999872
165 168 443 0.999569 0.0013 -0.0293303 0.0129573 -0.0012727 0.999999 0.000949655 0.00843449 0.0293314 -0.000911917 0.999569 -0.99988
165 169 326 0.999193 -0.00222965 -0.0401135 0.0202857 0.00221424 0.999997 -0.000428687 0.0160736 0.0401144 0.00033952 0.999195 -0.999665
170 171 709 0.999939 -0.000247447 -0.0110027 -0.00525258 0.000245126 1 -0.000212345 0.0212646 0.0110027 0.000209635 0.999939 -0.99976
170 172 552 0.999749 0.000530007 -0.0223922 0.00855376 -0.000518515 1 0.00051902 0.0163477 0.0223925 -0.000507279 0.999749 -0.99983
170 173 373 0.999529 -0.00199108 -0.0306263 -0.0173546 0.00203328 0.999997 0.00134703 0.022244 0.0306235 -0.00140867 0.99953 -0.999602
170 174 338 0.998994 0.00169984 -0.0448071 0.0338507 -0.00150994 0.99999 0.00427177 0.00160751 0.0448139 -0.00419982 0.998987 -0.999426
175 176 521 0.999952 0.000136426 -0.00981399 0.00720503 -0.000132695 1 0.000380844 0.0185818 0.00981404 -0.000379524 0.999952 -0.999801
175 177 549 0.999779 0.00268461 -0.0208724 0.0626264 -0.0026656 0.999996 0.000938426 0.00201008 0.0208748 -0.000882581 0.999782 -0.998035
175 178 424 0.999619 0.00134703 -0.0275628 0.00498727 -0.00135524 0.999999 -0.000279133 0.0204632 0.0275624 0.000316381 0.99962 -0.999778
175 179 357 0.999382 0.0068915 -0.0344756 0.000262563 -0.00688121 0.999976 0.000417202 0.00131965 0.0344776 -0.000179711 0.999405 -0.999999
180 181 700 0.999989 0.000377801 -0.00459206 0.00864666 -0.000387128 0.999998 -0.00203021 0.0375064 0.00459128 0.00203196 0.999987 -0.999259
180 182 568 0.999965 0.00521083 -0.00653013 -0.00121808 -0.00523088 0.999982 -0.00305744 0.0171215 0.00651408 0.00309149 0.999974 -0.999853
180 183 434 0.999953 0.0044039 -0.00861348 0.00399851 -0.00443419 0.999984 -0.00350005 0.010345 0.00859793 0.00353808 0.999957 -0.999938
180 184 374 0.999923 0.00597985 -0.0108389 0.0148545 -0.00601553 0.999977 -0.00326216 0.0115101 0.0108191 0.00332711 0.999936 -0.999823
185 186 572 1 -3.3229e-05 0.000230015 0.0687074 3.27454e-05 0.999998 0.00210231 -0.0125559 -0.000230084 -0.00210231 0.999998 -0.997558
185 187 559 0.999965 0.00200017 0.00815372 -0.00612755 -0.00201964 0.999995 0.00238048 0.0125012 -0.00814892 -0.00239687 0.999964 -0.999903
185 188 477 0.999875 0.000702038 0.0157744 0.0106223 -0.000732768 0.999998 0.00194242 0.0322801 -0.015773 -0.00195374 0.999874 -0.999422
185 189 429 0.999628 -0.000863655 0.0272771 -0.00566563 0.000792994 0.999996 0.00260119 0.0183477 -0.0272793 -0.00257859 0.999625 -0.999816
190 191 682 0.999846 -0.000513998 0.0175625 0.0265572 0.000481711 0.999998 0.00184259 -0.00140442 -0.0175634 -0.00183385 0.999844 -0.999646
190 192 714 0.999355 -0.0030197 0.0357912 0.0670505 0.00289019 0.999989 0.00366979 0.0228932 -0.0358019 -0.00356398 0.999353 -0.997487
190 193 535 0.997964 -0.00567363 0.0635274 -0.00490329 0.00528912 0.999967 0.00621909 0.0343185 -0.0635606 -0.00587042 0.997961 -0.999399
190 194 461 0.995815 -0.00449504 0.0912841 -0.00442271 0.00369924 0.999954 0.00888509 0.0119366 -0.0913198 -0.00851023 0.995785 -0.999919
195 196 627 0.999257 0.00162225 0.0385025 0.0325606 -0.00154823 0.999997 -0.00195228 -0.00863562 -0.0385055 0.00189122 0.999257 -0.999432
195 197 523 0.996657 -0.00121039 0.0816865 0.0211002 0.00177139 0.999975 -0.00679556 0.0269037 -0.0816763 0.00691755 0.996635 -0.999415
195 198 497 0.992237 -0.00247017 0.124336 0.0144133 0.00387406 0.999931 -0.0110506 0.0247479 -0.1243 0.0114465 0.992179 -0.99959
195 199 346 0.984578 -0.00472363 0.174883 -0.021128 0.00730884 0.999873 -0.0141414 0.0248616 -0.174794 0.0152015 0.984488 -0.999468
200 201 662 0.998439 0.00104348 0.0558444 0.0820932 -0.00108944 0.999999 0.000792604 -0.00390949 -0.0558435 -0.000852206 0.998439 -0.996617
200 202 400 0.992787 0.00322482 0.119852 0.0183562 -0.00333091 0.999994 0.000684853 0.0270809 -0.119849 -0.00107913 0.992792 -0.999465
200 203 158 0.98293 0.0036192 0.183942 -0.00410942 -0.00501867 0.999962 0.00714322 -0.00172507 -0.183909 -0.00794444 0.982911 -0.99999
200 204 90 0.968813 0.00802124 0.247661 -0.0188346 -0.0114708 0.999856 0.0124888 -0.0136144 -0.247525 -0.0149402 0.968766 -0.99973
205 206 407 0.997699 -0.00234616 0.0677641 0.136513 0.00221355 0.999995 0.00203205 0.0126186 -0.0677685 -0.00187738 0.997699 -0.990558
205 207 294 0.990195 -0.000595059 0.139689 0.0361659 5.94258e-06 0.999991 0.00421772 -0.00406209 -0.13969 -0.00417553 0.990186 -0.999338
205 208 170 0.978912 0.00241095 0.204267 0.0239795 -0.00275092 0.999995 0.0013804 0.0181355 -0.204262 -0.00191321 0.978914 -0.999548
205 209 176 0.961625 -0.000910702 0.274366 -0.0286609 0.000859891 1 0.000305463 -0.00533439 -0.274366 -5.78154e-05 0.961625 -0.999575
210 211 419 0.997833 0.002129 0.0657579 0.0744909 -0.00165296 0.999972 -0.00729293 0.0534843 -0.0657716 0.00716843 0.997809 -0.995786
210 212 339 0.991976 -0.000722672 0.126424 0.0466867 0.00230182 0.999921 -0.0123453 0.0269464 -0.126405 0.0125372 0.9919 -0.998546
210 213 297 0.983274 -0.00162193 0.182124 0.0327676 0.00464321 0.999859 -0.016164 0.019719 -0.182072 0.0167392 0.983143 -0.999268
210 214 269 0.972755 -0.00485034 0.231786 0.0084861 0.00965434 0.999761 -0.0195962 0.0261752 -0.231636 0.0213 0.972569 -0.999621
215 216 423 0.999301 -0.0017608 0.0373308 0.04834 0.00169009 0.999997 0.00192558 -0.00407045 -0.0373341 -0.00186114 0.999301 -0.998823
215 217 485 0.997552 -0.00369487 0.0698307 0.0178952 0.00347666 0.999989 0.00324611 -0.0100394 -0.0698419 -0.00299538 0.997554 -0.999789
215 218 469 0.995809 -0.00185256 0.0914431 0.0194408 0.0015678 0.999994 0.0031858 0.0176736 -0.0914484 -0.00302908 0.995805 -0.999655
215 219 426 0.994263 0.00498133 0.106851 0.0209461 -0.00533824 0.999981 0.00305442 -0.00595437 -0.106834 -0.0036073 0.99427 -0.999763
220 221 459 0.999913 -0.00566229 0.0118777 -0.0629118 0.0056526 0.999984 0.000849196 -0.0246497 -0.0118823 -0.000781983 0.999929 -0.997715
220 222 567 0.999797 -0.0123171 0.0159234 0.0382984 0.0122967 0.999923 0.0013815 0.00984267 -0.0159392 -0.00118541 0.999872 -0.999218
220 223 580 0.99966 -0.0180277 0.0188198 0.0256606 0.0179317 0.999825 0.00525811 0.00110942 -0.0189113 -0.00491886 0.999809 -0.99967
220 224 567 0.999604 -0.0202473 0.0195571 0.00542807 0.0201005 0.999769 0.00767198 0.0115076 -0.0197079 -0.00727584 0.999779 -0.999919
225 226 480 0.999989 0.00229022 -0.00410685 -0.0171313 -0.00226517 0.999979 0.00609525 -0.000918444 0.00412073 -0.00608588 0.999973 -0.999853
225 227 614 0.999951 0.00441154 -0.00887261 -0.0196446 -0.00431661 0.999934 0.0106903 -0.00488995 0.00891918 -0.0106515 0.999903 -0.999795
225 228 579 0.999921 -0.00179017 -0.0124729 -0.00127141 0.00192854 0.999937 0.0110903 -0.00980666 0.0124522 -0.0111135 0.999861 -0.999951
225 229 527 0.999792 -0.00658263 -0.019323 0.0290874 0.00669847 0.99996 0.00593638 0.00603544 0.0192831 -0.00606458 0.999796 -0.999559
230 231 446 0.999989 0.00410798 -0.00218891 -0.0819208 -0.00412266 0.999969 -0.00674123 0.0476201 0.00216114 0.00675018 0.999975 -0.995501
230 232 562 0.999967 0.00431293 -0.00693833 -0.0173727 -0.00438352 0.999938 -0.0101907 0.0094373 0.00689395 0.0102208 0.999924 -0.999805
230 233 601 0.999921 0.00935979 -0.00834135 -0.0360458 -0.00944866 0.999898 -0.0106789 0.00585937 0.00824055 0.0107569 0.999908 -0.999333
230 234 532 0.999877 0.0115794 -0.010575 -0.0206196 -0.0116646 0.9999 -0.00802968 0.00869885 0.010481 0.00815205 0.999912 -0.99975
235 236 421 0.999999 -0.000727676 0.000707719 0.00623369 0.000723032 0.999978 0.00653989 0.00165227 -0.000712462 -0.00653938 0.999978 -0.999979
235 237 549 0.999989 -0.00423507 0.00203172 0.0219233 0.00421222 0.999929 0.0111225 -0.0152628 -0.00207868 -0.0111138 0.999936 -0.999643
235 238 496 0.99998 -0.0030523 0.00559666 0.0075094 0.00301752 0.999976 0.0062122 -0.000860166 -0.00561549 -0.00619519 0.999965 -0.999971
235 239 464 0.999977 -0.00145571 0.00665027 0.00436604 0.00146348 0.999998 -0.00116405 0.00517376 -0.00664857 0.00117376 0.999977 -0.999977
240 241 412 0.999993 -0.0018019 0.00326584 -0.0245389 0.00179883 0.999998 0.000940731 0.00447111 -0.00326752 -0.00093485 0.999994 -0.999689
240 242 552 0.999952 -0.00887336 0.0042316 -0.0101527 0.00884681 0.999941 0.00625344 -0.00249847 -0.00428684 -0.0062157 0.999971 -0.999945
240 243 521 0.999946 -0.00735389 0.00729952 0.0151886 0.00727155 0.99991 0.0112435 -0.00178063 -0.00738155 -0.0111898 0.99991 -0.999883
240 244 486 0.999915 -0.00556974 0.0117562 0.00683227 0.00540663 0.999889 0.0138605 -0.00119352 -0.0118321 -0.0137957 0.999835 -0.999976
245 246 457 0.999974 0.00613912 0.00377461 -0.0143524 -0.0061311 0.999979 -0.00213125 0.0147086 -0.00378761 0.00210806 0.999991 -0.999789
245 247 535 0.999978 0.00407415 0.00530005 -0.00384063 -0.00404789 0.99998 -0.00495562 0.0153666 -0.00532013 0.00493405 0.999974 -0.999875
245 248 511 0.999954 0.00686761 0.00665028 -0.00326125 -0.00681955 0.999951 -0.0072224 0.0193742 -0.00669956 0.00717672 0.999952 -0.999807
245 249 434 0.999916 0.01038 0.00772968 -0.0229679 -0.0103164 0.999913 -0.00821772 0.0173429 -0.00781431 0.00813729 0.999936 -0.999586
250 251 426 0.99998 -0.00611857 -0.00128229 0.0364251 0.00612084 0.99998 0.00177326 0.0223286 0.00127142 -0.00178108 0.999998 -0.999087
250 252 500 0.999932 -0.0114718 -0.00209881 0.00896381 0.0114811 0.999924 0.00446279 0.0238232 0.00204745 -0.00448658 0.999988 -0.999676
250 253 486 0.999823 -0.0187542 -0.00175681 -0.00782084 0.0187658 0.9998 0.00684901 0.0103833 0.00162801 -0.00688076 0.999975 -0.999916
250 254 431 0.999648 -0.0259689 -0.00539575 0.0207811 0.026002 0.999643 0.00614717 0.00694051 0.00523419 -0.00628531 0.999967 -0.99976
255 256 461 0.999994 -0.000559223 -0.00343914 0.0104099 0.000560414 1 0.000345276 0.0184856 0.00343894 -0.000347201 0.999994 -0.999775
255 257 472 0.999987 0.00107456 -0.00506548 0.0120769 -0.00105724 0.999994 0.00342143 0.00766748 0.00506912 -0.00341602 0.999981 -0.999898
255 258 470 0.999968 0.00589733 -0.00533694 -0.0131915 -0.00588749 0.999981 0.00185768 0.00585238 0.00534779 -0.0018262 0.999984 -0.999896
255 259 412 0.999866 0.0152536 -0.00594795 -0.00344629 -0.0152311 0.999877 0.00380054 0.008546 0.00600518 -0.00370944 0.999975 -0.999958
260 261 412 0.999996 -0.00258614 -0.00133561 0.00555591 0.00258255 0.999993 -0.00267626 0.00561881 0.00134253 0.0026728 0.999996 -0.999969
260 262 456 0.999968 -0.00733058 -0.00330669 0.0240375 0.00730357 0.99994 -0.00810692 0.00546131 0.00336593 0.0080825 0.999962 -0.999696
260 263 415 0.999934 -0.0112298 -0.00245273 0.0067111 0.0111966 0.999851 -0.0131535 0.0230525 0.00260007 0.0131251 0.99991 -0.999712
260 264 368 0.999942 -0.00975146 -0.00450447 0.00422119 0.00972198 0.999931 -0.00652146 0.0135031 0.00456776 0.00647729 0.999969 -0.9999
265 266 462 0.999989 0.00459299 0.000152042 0.00434034 -0.00459415 0.999951 0.00874877 -7.44136e-05 -0.000111851 -0.00874938 0.999962 -0.999991
265 267 446 0.999979 0.00614157 0.00188266 -0.0102165 -0.00614138 0.999981 -0.000103432 0.00132693 -0.00188326 9.18681e-05 0.999998 -0.999947
265 268 327 0.999975 0.00654226 0.00258638 0.00344986 -0.00648659 0.999759 -0.0209762 0.0252077 -0.00272299 0.020959 0.999777 -0.999676
265 269 261 0.999958 0.00811658 0.0042904 -0.00248727 -0.00795911 0.999337 -0.0355284 0.0396164 -0.00457592 0.0354927 0.999359 -0.999212
270 271 374 0.999981 -0.00594218 0.00150795 -0.020925 0.00591783 0.99986 0.0156671 0.0207798 -0.00160083 -0.0156579 0.999876 -0.999565
270 272 374 0.999992 -0.00400091 0.000959265 0.0267022 0.00397656 0.9997 0.0241703 -0.00640267 -0.00105568 -0.0241663 0.999707 -0.999623
270 273 350 0.999986 0.000401909 0.00528496 -0.0108715 -0.000531653 0.999698 0.0245713 0.000821395 -0.00527348 -0.0245737 0.999684 -0.999941
270 274 306 0.999952 0.00404793 0.00887655 -0.0120536 -0.00424348 0.999746 0.022123 0.0101599 -0.00878475 -0.0221596 0.999716 -0.999876
275 276 409 0.99999 -0.000487852 0.004485 0.0154809 0.000482087 0.999999 0.00128619 0.020009 -0.00448562 -0.00128402 0.999989 -0.99968
275 277 399 0.999947 -0.00527664 0.00884572 0.00509996 0.00525952 0.999984 0.00195785 0.0146111 -0.00885591 -0.00191122 0.999959 -0.99988
275 278 368 0.999881 -0.0117747 0.00993596 0.0112854 0.0117549 0.999929 0.00205235 0.0123682 -0.00995942 -0.00193531 0.999949 -0.99986
275 279 334 0.999821 -0.0130251 0.0137102 -0.00783676 0.0129991 0.999914 0.00198281 0.00538906 -0.0137348 -0.00180423 0.999904 -0.999955
280 281 590 0.999996 0.00196401 0.00196892 -0.00302053 -0.00196455 0.999998 0.000272919 0.00346435 -0.00196838 -0.000276786 0.999998 -0.999989
280 282 589 0.999984 0.00446307 0.00335012 0.00535185 -0.00447357 0.999985 0.00313224 0.0140309 -0.00333609 -0.00314718 0.999989 -0.999887
280 283 509 0.999916 0.00991732 0.0082886 0.00494309 -0.00998309 0.999919 0.00793145 0.0022954 -0.00820927 -0.00801353 0.999934 -0.999985
280 284 435 0.999831 0.0108192 0.0148834 -0.00658057 -0.0109815 0.999881 0.0108671 -0.0158558 -0.014764 -0.0110287 0.99983 -0.999853
285 286 579 0.999978 0.00130917 0.00655007 -0.00460341 -0.00125207 0.999961 -0.00871451 0.0268234 -0.00656122 0.00870612 0.999941 -0.99963
285 287 619 0.999951 0.00245939 0.00962179 0.0141737 -0.00229628 0.999854 -0.0169266 0.0111879 -0.00966202 0.0169036 0.99981 -0.999837
285 288 484 0.999894 -0.00429271 0.0139474 0.015001 0.00457715 0.999781 -0.0204263 0.0271757 -0.0138567 0.0204879 0.999694 -0.999518
285 289 400 0.9998 -0.00619996 0.0190321 0.00336614 0.00650434 0.999851 -0.0159728 0.0229595 -0.0189302 0.0160934 0.999691 -0.999731
290 291 621 0.999977 0.0043818 0.00521819 0.0430962 -0.00441487 0.99997 0.00634382 -0.0121924 -0.00519023 -0.00636671 0.999966 -0.998997
290 292 531 0.999911 0.00465986 0.0125289 0.00911225 -0.00471838 0.999978 0.00464507 0.00279936 -0.012507 -0.00470377 0.999911 -0.999955
290 293 429 0.999773 -0.00113349 0.0212793 -0.00437735 0.00108662 0.999997 0.00221398 0.00555429 -0.0212817 -0.00219036 0.999771 -0.999975
290 294 335 0.999558 -0.00793517 0.0286455 0.00523231 0.00787313 0.999966 0.00227812 0.0136082 -0.0286626 -0.00205159 0.999587 -0.999894
295 296 640 0.999954 0.0022338 0.0093228 -0.0106981 -0.00226713 0.999991 0.00356685 -0.00562415 -0.00931475 -0.00358782 0.99995 -0.999927
295 297 517 0.999855 0.00141656 0.0169874 -0.00569954 -0.00141859 0.999999 0.00010727 0.00307932 -0.0169873 -0.000131352 0.999856 -0.999979
295 298 422 0.999703 -0.00242478 0.0242632 0.00526761 0.00258574 0.999975 -0.00660477 0.0161976 -0.0242466 0.00666554 0.999684 -0.999855
295 299 319 0.999431 -0.00140274 0.0336879 -0.01205 0.00182318 0.999921 -0.0124529 0.0174681 -0.0336677 0.0125072 0.999355 -0.999775
300 301 510 0.999981 -0.00200875 0.00581563 0.0176335 0.0020184 0.999997 -0.00165518 0.0188229 -0.00581229 0.00166689 0.999982 -0.999667
300 302 501 0.999939 0.000680596 0.0110383 -0.0039865 -0.000681062 1 3.8404e-05 0.0126299 -0.0110382 -4.59194e-05 0.999939 -0.999912
300 303 408 0.999867 -0.00377804 0.0158693 -0.0137389 0.00368471 0.999976 0.00590665 0.00562512 -0.0158913 -0.00584739 0.999857 -0.99989
300 304 340 0.99983 -0.00680188 0.017122 0.0285673 0.0065666 0.999884 0.0137604 -0.00742723 -0.0172136 -0.0136456 0.999759 -0.999564
305 306 574 0.999992 -0.00316453 0.00230921 0.0373938 0.00317469 0.999985 -0.00440875 -0.00839581 -0.00229522 0.00441604 0.999988 -0.999265
305 307 477 0.999968 -0.00449294 0.00667664 -0.00423529 0.00460019 0.999859 -0.0161365 0.0166397 -0.0066032 0.0161667 0.999848 -0.999853
305 308 366 0.999935 -0.00910012 0.00692834 0.0255703 0.00926248 0.999674 -0.0237741 0.0288934 -0.00670974 0.0238367 0.999693 -0.999255
305 309 348 0.999902 -0.00120795 0.0139441 0.00933575 0.0014777 0.999812 -0.0193511 0.0154287 -0.0139181 0.0193698 0.999716 -0.999837
310 311 498 0.999974 0.00171738 0.00705837 -0.00867664 -0.00175049 0.999987 0.00468685 0.00701113 -0.00705024 -0.00469908 0.999964 -0.999938
310 312 497 0.999914 -0.00217606 0.0129003 0.0163261 0.00212444 0.99999 0.00401359 0.00181482 -0.0129089 -0.00398584 0.999909 -0.999865
310 313 387 0.999757 -0.00251898 0.0218835 -0.016037 0.00256507 0.999995 -0.00207834 0.0179238 -0.0218782 0.00213397 0.999758 -0.999711
310 314 327 0.999552 0.00548216 0.0294222 -0.0122675 -0.00532183 0.999971 -0.00552485 0.0175364 -0.0294516 0.00536579 0.999552 -0.999771
315 316 545 0.999982 0.00271331 0.00532737 0.0367717 -0.00271344 0.999996 1.71358e-05 0.00875206 -0.00532731 -3.1591e-05 0.999986 -0.999285
315 317 576 0.999885 0.00886105 0.0122933 0.0163083 -0.00896424 0.999925 0.00836457 -0.00235603 -0.0122182 -0.00847381 0.999889 -0.999864
315 318 517 0.999604 0.0187563 0.0209537 -0.0156143 -0.0191201 0.999668 0.0172979 -0.00332031 -0.0206223 -0.0176917 0.999631 -0.999873
315 319 448 0.999303 0.0259471 0.026853 -0.0202013 -0.0265169 0.999426 0.0210867 -0.00122793 -0.0262904 -0.0217841 0.999417 -0.999795
320 321 668 0.99993 -0.0107804 0.00480554 0.03968 0.0108441 0.999851 -0.0134341 0.0231836 -0.00465999 0.0134853 0.999898 -0.998943
320 322 572 0.999843 -0.0147293 0.0098998 0.0191854 0.0149349 0.999667 -0.0210247 0.0312917 -0.00958682 0.0211693 0.99973 -0.999326
320 323 437 0.999839 -0.0143137 0.0108454 0.0396129 0.0145051 0.999737 -0.0177839 0.0222601 -0.0105879 0.0179384 0.999783 -0.998967
320 324 393 0.999774 -0.0138549 0.0161069 0.00821303 0.0139679 0.999878 -0.00692687 0.00795887 -0.016009 0.00715029 0.999846 -0.999935
325 326 619 0.999998 0.000785629 0.00186726 0.0134436 -0.000792404 0.999993 0.00363029 0.00668069 -0.0018644 -0.00363176 0.999992 -0.999887
325 327 579 0.999884 0.012454 0.00881564 -0.0625901 -0.0124627 0.999922 0.000931886 -0.0245089 -0.00880334 -0.00104164 0.999961 -0.997738
325 328 459 0.999947 0.00884772 0.0053305 -0.0111175 -0.00879648 0.999916 -0.00956157 0.012062 -0.00541465 0.00951417 0.99994 -0.999865
325 329 353 0.999975 0.00613099 0.00349868 0.0109383 -0.00607378 0.999851 -0.0161347 0.0246987 -0.00359708 0.0161131 0.999864 -0.999635
330 331 628 0.999988 0.0042413 0.00258658 -0.000730994 -0.0042658 0.999945 0.00954353 -0.00316989 -0.00254596 -0.00955445 0.999951 -0.999995
330 332 588 0.999895 0.0138438 0.00438484 -0.00252456 -0.0139334 0.99968 0.0211178 -0.00413208 -0.00409108 -0.0211766 0.999767 -0.999988
330 333 463 0.999741 0.0219184 0.00611244 -0.00903086 -0.0220617 0.999458 0.0244494 0.00182506 -0.00557323 -0.0245779 0.999682 -0.999958
330 334 353 0.999772 0.0199388 0.0076602 -0.00394035 -0.0200865 0.999604 0.0197166 0.00511632 -0.00726404 -0.019866 0.999776 -0.999979
335 336 730 0.999996 -0.000296815 0.00283105 -0.0451107 0.000303139 0.999997 -0.0022335 0.00620785 -0.00283038 0.00223435 0.999993 -0.998963
335 337 520 0.999997 0.00101584 0.00238179 0.0018384 -0.00101578 0.999999 -2.77698e-05 0.0173231 -0.00238182 2.53504e-05 0.999997 -0.999848
335 338 394 0.999997 -0.000274499 0.00227678 0.0149439 0.000258191 0.999974 0.0071597 0.00542421 -0.00227869 -0.00715909 0.999972 -0.999874
335 339 259 0.999974 -0.00654522 0.00301237 0.000229878 0.00652386 0.999954 0.00704811 0.00800058 -0.00305837 -0.00702828 0.999971 -0.999968
340 341 479 0.999995 -0.00278882 0.00120735 0.000321414 0.00279227 0.999992 -0.00286868 0.0164799 -0.00119934 0.00287204 0.999995 -0.999864
340 342 383 0.999959 -0.00902672 -0.000869314 0.0315635 0.00902183 0.999944 -0.00546716 0.0155158 0.000918616 0.00545909 0.999985 -0.999381
340 343 273 0.99995 -0.00964974 0.00252833 0.0028955 0.00966357 0.999938 -0.00551883 0.0151021 -0.00247491 0.00554299 0.999982 -0.999882
340 344 234 0.999946 -0.0101299 0.00211996 -0.00526691 0.0101352 0.999946 -0.00249807 0.0195921 -0.00209453 0.00251942 0.999995 -0.999794
345 346 407 0.999999 -6.14563e-05 0.00171351 -0.00551826 6.13778e-05 1 4.58757e-05 0.00298412 -0.00171351 -4.57704e-05 0.999999 -0.99998
345 347 360 0.999992 -0.000453706 0.00386328 0.00108565 0.000492645 0.999949 -0.0100844 0.017056 -0.00385851 0.0100862 0.999942 -0.999854
345 348 299 0.999988 0.000623131 0.00487231 -0.00302286 -0.000531249 0.999822 -0.0188367 0.0290471 -0.00488318 0.0188339 0.999811 -0.999573
345 349 220 0.999951 0.00831028 0.00536828 0.00303813 -0.00819718 0.999751 -0.0207569 0.0269326 -0.00553944 0.0207119 0.99977 -0.999633
350 351 545 0.999998 -0.00189873 -0.000992037 0.00945485 0.00190391 0.999984 0.00524882 0.00420141 0.000982056 -0.00525069 0.999986 -0.999946
350 352 382 0.999996 -0.00140103 -0.00239482 0.00608312 0.00142513 0.999948 0.0100944 0.0107235 0.00238055 -0.0100978 0.999946 -0.999924
350 353 288 0.999998 0.00124382 -0.00182887 0.00617384 -0.00121777 0.999899 0.0141806 0.00919441 0.00184632 -0.0141783 0.999898 -0.999939
350 354 261 0.999979 0.00484387 -0.00434982 0.00388743 -0.00476095 0.999811 0.0188753 0.00675424 0.00444043 -0.0188542 0.999812 -0.99997
355 356 393 0.999986 -0.00177559 -0.00498211 -0.00105424 0.00175329 0.999988 -0.00447774 -0.00484713 0.00499 0.00446895 0.999978 -0.999988
355 357 428 0.999931 -0.00525956 -0.0104764 0.00246561 0.00511343 0.99989 -0.0139274 0.0179907 0.0105485 0.0138729 0.999848 -0.999835
355 358 372 0.999796 -0.0116808 -0.0164886 0.00291339 0.0113751 0.999764 -0.0185087 0.0239212 0.0167009 0.0183173 0.999693 -0.99971
355 359 329 0.99967 -0.0120193 -0.0227119 0.0133766 0.0116245 0.99978 -0.0174349 0.0208443 0.0229165 0.0171651 0.99959 -0.999693
360 361 421 0.999975 -0.000732915 -0.00707118 -0.0101514 0.000794987 0.999961 0.00877932 0.0102348 0.00706447 -0.00878472 0.999936 -0.999896
360 362 459 0.999897 -0.00312201 -0.0140241 -0.0135918 0.00332094 0.999894 0.0141842 -0.00642557 0.0139783 -0.0142293 0.999801 -0.999887
360 363 422 0.999766 -0.00243195 -0.0215064 -0.00215012 0.00270777 0.999914 0.0128052 -0.00232892 0.0214735 -0.0128604 0.999687 -0.999995
360 364 357 0.999604 0.00108355 -0.0281256 0.0176679 -0.00089502 0.999977 0.00671489 0.0137619 0.0281323 -0.00668706 0.999582 -0.999749
365 366 466 0.999972 0.00560041 -0.0050279 -0.0348825 -0.00560981 0.999983 -0.001858 0.0328275 0.0050174 0.00188615 0.999986 -0.998852
