0 1 746 0.99999 0.00335305 0.00302583 0.0169511 -0.00335932 0.999992 0.0020695 0.0180432 -0.00301886 -0.00207965 0.999993 -0.999694
0 2 578 0.999978 0.00114519 0.00657423 0.0121185 -0.00117197 0.999991 0.00407189 -0.00357328 -0.00656951 -0.00407951 0.99997 -0.99992
0 3 435 0.999921 0.00149615 0.0124701 -0.00669588 -0.00156259 0.999985 0.00531918 -0.00194614 -0.0124619 -0.00533825 0.999908 -0.999976
0 4 309 0.999874 0.0010612 0.015863 0.00480201 -0.00113807 0.999988 0.00483783 0.0046612 -0.0158576 -0.00485527 0.999862 -0.999978
5 6 827 0.999978 -0.00129123 0.00652098 -0.0579916 0.00128069 0.999998 0.00162049 -0.0129548 -0.00652306 -0.0016121 0.999977 -0.998233
5 7 605 0.999928 -0.00430385 0.0111971 -0.00545265 0.00428247 0.999989 0.00193282 0.00280767 -0.0112053 -0.00188473 0.999935 -0.999981
5 8 392 0.999906 -0.0028797 0.0134114 0.00734242 0.0028743 0.999996 0.000421636 -0.00152301 -0.0134126 -0.000383048 0.99991 -0.999972
5 9 320 0.999794 -0.003052 0.020065 -0.0138682 0.00311916 0.99999 -0.00331657 0.0132606 -0.0200546 0.00337847 0.999793 -0.999816
10 11 737 0.999993 -0.000434977 0.00377476 -0.012513 0.000433009 1 0.000522329 0.0133189 -0.00377498 -0.00052069 0.999993 -0.999833
10 12 538 0.999993 -0.00192481 0.00313631 0.0283052 0.00192172 0.999998 0.000987907 0.008488 -0.00313821 -0.000981873 0.999995 -0.999563
10 13 317 0.99998 0.00217287 0.00592338 0.00368022 -0.00217374 0.999998 0.000140948 0.0151696 -0.00592306 -0.000153821 0.999982 -0.999878
10 14 253 0.999967 -0.00214862 0.00786005 0.00491302 0.00213923 0.999997 0.00120221 0.0170815 -0.00786261 -0.00118536 0.999968 -0.999842
15 16 683 0.999995 -0.00321913 0.000216673 0.0350015 0.00321849 0.999991 0.00286201 0.00409089 -0.000225884 -0.0028613 0.999996 -0.999379
15 17 503 0.999987 -0.00303825 0.00402086 -0.0104293 0.00301535 0.999979 0.00568937 -0.00305597 -0.00403807 -0.00567718 0.999976 -0.999941
15 18 333 0.999974 -0.00619112 0.00367467 0.0138759 0.00616969 0.999964 0.00581594 0.00576767 -0.00371055 -0.00579312 0.999976 -0.999887
15 19 246 0.999946 -0.00894657 0.00532011 0.00466193 0.00891337 0.999941 0.00623186 0.00761151 -0.00537555 -0.0061841 0.999966 -0.99996
20 21 742 0.999998 -0.00170042 0.00126349 0.00787301 0.00170195 0.999998 -0.00120852 0.013329 -0.00126144 0.00121067 0.999998 -0.99988
20 22 495 0.999989 -0.00171011 0.00447993 -0.0257847 0.00171767 0.999997 -0.00168309 0.0201698 -0.00447704 0.00169077 0.999989 -0.999464
20 23 272 0.999997 0.000258853 0.00252904 0.0161512 -0.000258364 1 -0.000193652 0.00312569 -0.00252909 0.000192998 0.999997 -0.999865
20 24 196 0.999993 0.00162463 0.00345276 0.00572348 -0.00162162 0.999998 -0.000874078 0.0151743 -0.00345418 0.000868472 0.999994 -0.999868
25 26 616 0.999999 -0.0011403 -0.000134062 0.0137983 0.00113983 0.999994 -0.0034037 0.00951638 0.000137943 0.00340355 0.999994 -0.99986
25 27 377 0.999995 -0.00291446 -0.0008321 -0.00751469 0.00290825 0.999969 -0.00737121 0.0233987 0.000853557 0.00736875 0.999972 -0.999698
25 28 292 0.999995 -1.11571e-05 -0.00316423 0.0207434 -1.86559e-05 0.999956 -0.0094217 0.00860476 0.00316419 0.00942171 0.999951 -0.999748
25 29 238 0.999987 -0.00188282 -0.00481467 0.0167271 0.00183417 0.999947 -0.0100887 0.0104737 0.00483341 0.0100797 0.999938 -0.999805
30 31 597 1 -0.000592464 0.000612889 -0.0439899 0.000588864 0.999983 0.00585743 -0.0264868 -0.000616349 -0.00585707 0.999983 -0.998681
30 32 366 0.999997 -0.000168142 -0.00250179 0.0107071 0.000188257 0.999968 0.00804228 -0.00106813 0.00250036 -0.00804272 0.999965 -0.999942
30 33 284 0.999998 0.000567019 -0.00188635 -0.0237116 -0.000555047 0.99998 0.00634149 0.0158908 0.00188991 -0.00634044 0.999978 -0.999593
30 34 223 0.999983 0.00505012 -0.00305379 0.0155948 -0.00504533 0.999986 0.00157443 0.0123553 0.0030617 -0.001559 0.999994 -0.999802
35 36 567 0.999965 0.0082765 0.00128377 -0.0152355 -0.00827702 0.999966 0.000396816 0.0189526 -0.00128044 -0.000407428 0.999999 -0.999704
35 37 453 0.999961 0.00863069 0.00210306 0.000933106 -0.00863998 0.999953 0.00444841 0.0115702 -0.00206457 -0.0044664 0.999988 -0.999933
35 38 349 0.999915 0.0121977 0.00456487 0.00208625 -0.0122349 0.999892 0.00820098 -0.00249268 -0.00446434 -0.00825613 0.999956 -0.999995
35 39 286 0.999964 0.00670862 0.00512857 0.00682753 -0.00675625 0.999934 0.00932814 0.00230524 -0.00506565 -0.00936245 0.999943 -0.999974
40 41 612 0.999997 -0.00231576 0.000881385 0.0193604 0.00231841 0.999993 -0.00301669 0.0210859 -0.000874393 0.00301872 0.999995 -0.99959
40 42 502 0.999993 -0.00197996 0.00329283 -0.0154237 0.00199251 0.999991 -0.00381238 0.0117651 -0.00328525 0.00381891 0.999987 -0.999812
40 43 345 0.999984 -0.00529588 0.00217668 0.00640753 0.00531216 0.999957 -0.00754257 0.0269528 -0.00213664 0.00755401 0.999969 -0.999616
40 44 262 0.999985 -0.00511831 0.00190345 0.0067435 0.00513813 0.999931 -0.0105548 0.0307746 -0.0018493 0.0105644 0.999942 -0.999504
45 46 548 1 -0.000413879 0.000829886 -0.00969544 0.000413445 1 0.000523918 0.0100291 -0.000830103 -0.000523575 1 -0.999903
45 47 400 1 -2.40039e-05 5.34374e-05 0.000362286 2.38953e-05 0.999998 0.00203032 0.0161264 -5.3486e-05 -0.00203032 0.999998 -0.99987
45 48 330 0.999999 -0.00109627 0.00019192 -0.00144241 0.00109542 0.99999 0.00436648 0.00686896 -0.000196705 -0.00436627 0.99999 -0.999975
45 49 273 0.999996 -0.00245226 0.00159461 -0.0043436 0.00244472 0.999986 0.00471869 0.0111261 -0.00160616 -0.00471477 0.999988 -0.999929
50 51 516 0.999999 -0.000130475 0.00105357 0.0124908 0.000131669 0.999999 -0.00113376 0.0166013 -0.00105342 0.0011339 0.999999 -0.999784
50 52 458 0.999997 -0.00197495 0.00125563 0.00653983 0.00197207 0.999995 0.00228975 0.0112508 -0.00126015 -0.00228727 0.999997 -0.999915
50 53 375 0.999981 -0.00517997 0.00330785 -0.0109006 0.00515402 0.999956 0.00780346 0.00623754 -0.00334813 -0.00778627 0.999964 -0.999921
50 54 283 0.999988 -0.00147462 0.00468965 -0.00825322 0.0014382 0.999969 0.00775988 0.00622081 -0.00470095 -0.00775304 0.999959 -0.999947
55 56 684 0.999997 0.00208102 0.00149039 -0.0236506 -0.00207604 0.999992 -0.00333178 0.0229111 -0.00149731 0.00332867 0.999993 -0.999458
55 57 511 0.99999 0.00448169 0.000723604 0.0100783 -0.00447916 0.999984 -0.00346524 0.0142124 -0.000739123 0.00346196 0.999994 -0.999848
55 58 352 0.999976 0.00685155 -0.000351887 0.00749584 -0.00685246 0.999973 -0.00266963 0.015691 0.000333587 0.00267198 0.999996 -0.999849
55 59 291 0.999956 0.00935417 0.000237807 0.0138981 -0.00935383 0.999955 -0.00140695 0.015581 -0.000250957 0.00140467 0.999999 -0.999782
60 61 567 0.999992 0.0037534 0.00110461 -0.0069285 -0.00374857 0.999984 -0.00433758 0.0162251 -0.00112087 0.00433341 0.99999 -0.999844
60 62 513 0.999982 0.00550755 0.00233449 -0.00698244 -0.00548699 0.999947 -0.00872514 0.0109566 -0.00238242 0.00871217 0.999959 -0.999916
60 63 326 0.999976 0.00626208 0.00282592 -0.00815457 -0.00622841 0.999911 -0.0117705 0.00982889 -0.00289937 0.0117526 0.999927 -0.999918
60 64 275 0.999992 0.00166295 0.00352957 -0.00307243 -0.00163713 0.999972 -0.00730604 0.0162605 -0.00354162 0.00730021 0.999967 -0.999863
65 66 445 0.99999 -0.00441444 -0.0011487 0.0277226 0.00442064 0.999975 0.00544895 0.0195217 0.00112462 -0.00545398 0.999984 -0.999425
65 67 445 0.999967 -0.00799358 0.00121304 0.017162 0.00798886 0.999961 0.00385249 0.00906987 -0.00124379 -0.00384267 0.999992 -0.999812
65 68 355 0.999957 -0.00901278 0.00214367 0.0225644 0.00900808 0.999957 0.00219385 0.00661869 -0.00216335 -0.00217444 0.999995 -0.999723
65 69 292 0.999915 -0.0126484 0.00301925 0.0189594 0.0126479 0.99992 0.000197402 0.0157043 -0.00302151 -0.000159198 0.999995 -0.999697
70 71 526 0.999999 -0.00113385 0.000774886 0.0126079 0.00113508 0.999998 -0.00158375 0.0205203 -0.000773089 0.00158463 0.999998 -0.99971
70 72 566 0.999996 -0.00240873 0.00138096 0.0528182 0.0024091 0.999997 -0.00026385 -0.00584648 -0.00138032 0.000267176 0.999999 -0.998587
70 73 465 0.999991 -0.00110481 0.00412958 0.000491196 0.0011186 0.999994 -0.00333909 0.0306131 -0.00412587 0.00334368 0.999986 -0.999531
70 74 382 0.999984 0.000688585 0.00560217 0.00986807 -0.000675946 0.999997 -0.00225767 0.00677059 -0.00560371 0.00225385 0.999982 -0.999928
75 76 582 1 -0.000396688 -0.000706806 0.0231396 0.000393166 0.999988 -0.00497653 0.0233867 0.000708771 0.00497625 0.999987 -0.999459
75 77 633 0.999984 -0.00369266 0.0042276 -0.011809 0.00371814 0.999975 -0.00603342 0.0254758 -0.00420521 0.00604904 0.999973 -0.999606
75 78 524 0.999967 -0.0057379 0.00578196 -0.0144471 0.00574391 0.999983 -0.00102486 0.00328924 -0.00577598 0.00105804 0.999983 -0.99989
75 79 422 0.999953 -0.00691324 0.00674166 0.000684952 0.00687724 0.999962 0.00534982 0.0180563 -0.00677839 -0.0053032 0.999963 -0.999837
80 81 769 0.999999 -0.00120957 0.00117262 -0.0323874 0.00120929 0.999999 0.000241092 0.0538309 -0.00117291 -0.000239673 0.999999 -0.998025
80 82 715 0.999987 -0.00510186 -0.000686467 0.0598999 0.00509956 0.999982 -0.00330807 0.0368975 0.000703332 0.00330452 0.999994 -0.997522
80 83 590 0.999996 -0.00253236 0.00128902 0.0516041 0.00253866 0.999985 -0.00490906 0.0286933 -0.00127657 0.00491231 0.999987 -0.998255
80 84 487 0.999991 -0.00111056 0.00403414 -0.0189342 0.00111569 0.999999 -0.00126871 0.0126675 -0.00403273 0.0012732 0.999991 -0.99974
85 86 889 0.999991 0.00426148 0.000353478 -0.0261076 -0.00426353 0.999973 0.00602924 -0.0192037 -0.000327775 -0.0060307 0.999982 -0.999475
85 87 777 0.999994 -0.00107846 -0.00328529 -0.056683 0.00110325 0.999971 0.00755104 -0.0447235 0.00327705 -0.00755462 0.999966 -0.99739
85 88 606 0.999947 -0.00268156 -0.00992717 0.0625802 0.00269132 0.999996 0.000970054 0.0253432 0.00992453 -0.00099672 0.99995 -0.997718
85 89 504 0.999916 -0.00182983 -0.0128187 0.00151328 0.00181076 0.999997 -0.00149963 0.0191502 0.0128214 0.00147629 0.999917 -0.999815
90 91 552 0.999955 0.00526653 -0.00786297 -0.0640876 -0.00529679 0.999979 -0.00383162 0.0404364 0.00784262 0.00387309 0.999962 -0.997125
90 92 653 0.999806 0.000883007 -0.0197019 0.00366873 -0.000914034 0.999998 -0.0015659 -0.00660512 0.0197005 0.0015836 0.999805 -0.999971
90 93 612 0.999409 -0.00598745 -0.0338387 0.0105384 0.00587684 0.999977 -0.00336739 0.0253021 0.0338581 0.00316654 0.999422 -0.999624
90 94 474 0.998605 -0.00895254 -0.0520292 0.017148 0.00874189 0.999953 -0.00427484 0.0220824 0.052065 0.00381404 0.998636 -0.999609
95 96 566 0.999602 0.00356152 -0.0279715 -0.000847093 -0.00359098 0.999993 -0.00100319 0.0140689 0.0279677 0.00110323 0.999608 -0.999901
95 97 573 0.998316 0.00364437 -0.057895 0.0126392 -0.00379697 0.99999 -0.00252601 0.0160521 0.0578852 0.00274158 0.998319 -0.999791
95 98 493 0.996133 0.0053108 -0.0877001 -0.0228846 -0.00585923 0.999965 -0.00599722 0.0380336 0.0876652 0.00648788 0.996129 -0.999014
95 99 412 0.991986 0.00417553 -0.126278 0.0181861 -0.00495406 0.999971 -0.00585185 0.0221798 0.126249 0.00643054 0.991978 -0.999589
100 101 607 0.998944 -0.000213914 -0.045944 -0.0539187 0.000192021 1 -0.000480925 0.0203068 0.0459441 0.000471595 0.998944 -0.998339
100 102 600 0.995292 -0.00192627 -0.0968996 -0.0117482 0.00204681 0.999997 0.00114454 0.0184872 0.0968972 -0.00133749 0.995293 -0.99976
100 103 481 0.988706 -0.00217093 -0.149856 -0.0283647 0.0027295 0.99999 0.0035218 0.0140662 0.149846 -0.00389105 0.988702 -0.999499
100 104 386 0.977811 0.000328455 -0.209487 0.0242179 0.000379978 0.999994 0.0033415 0.0342373 0.209487 -0.00334695 0.977806 -0.99912
105 106 526 0.998063 -0.000826394 -0.0622088 -0.136805 0.000889751 0.999999 0.000990752 0.0132218 0.062208 -0.00104418 0.998063 -0.99051
105 107 528 0.991812 0.00428401 -0.127638 -0.115223 -0.00392972 0.999988 0.00302745 0.0146344 0.127649 -0.00250108 0.991816 -0.993232
105 108 387 0.980248 0.00373241 -0.197737 -0.0145454 -0.00371187 0.999993 0.00047451 0.0393608 0.197737 0.000268837 0.980255 -0.999119
105 109 315 0.967573 0.00599774 -0.252521 -0.0559818 -0.00574769 0.999982 0.00172789 0.023846 0.252527 -0.000220444 0.96759 -0.998147
110 111 698 0.99772 0.00145585 -0.0674761 0.0151851 -0.00148211 0.999999 -0.000339001 0.000522154 0.0674755 0.000438235 0.997721 -0.999885
110 112 528 0.992108 0.00121422 -0.125377 -0.0761747 -0.00143478 0.999998 -0.00166889 0.0423245 0.125374 0.0018356 0.992108 -0.996196
110 113 372 0.983107 0.00926414 -0.182796 -0.0594497 -0.00929224 0.999957 0.000702789 0.0246099 0.182795 0.00100767 0.983151 -0.997928
110 114 269 0.971383 0.00635673 -0.237432 -0.034896 -0.00618284 0.99998 0.00147702 0.0245692 0.237436 3.32529e-05 0.971403 -0.999089
115 116 693 0.998662 0.000700702 -0.0517006 -0.0842565 -0.000562333 0.999996 0.00269085 -0.0166514 0.0517023 -0.00265818 0.998659 -0.996305
115 117 450 0.995194 0.00561053 -0.0977605 -0.0785442 -0.00545904 0.999983 0.00181699 0.0247633 0.0977691 -0.00127458 0.995208 -0.996603
115 118 333 0.990072 0.020847 -0.13901 -0.0760596 -0.0206943 0.999783 0.00254389 0.00491101 0.139032 0.000358078 0.990288 -0.997091
115 119 265 0.983544 0.0270489 -0.178631 -0.0387218 -0.0270293 0.999631 0.00254389 -0.00516215 0.178634 0.00232624 0.983913 -0.999237
120 121 572 0.99942 -0.01173 -0.0319844 -0.0325166 0.0118695 0.999921 0.0041746 0.0264919 0.0319329 -0.00455181 0.99948 -0.99912
120 122 444 0.997962 -0.0153077 -0.0619503 0.0176393 0.0158666 0.999838 0.00854088 0.00944472 0.0618095 -0.00950642 0.998043 -0.9998
120 123 311 0.996014 -0.0146129 -0.0879866 0.0194422 0.0155649 0.999827 0.0101444 0.0131971 0.0878232 -0.0114734 0.99607 -0.999724
120 124 288 0.993576 -0.00894293 -0.112814 0.0112025 0.0104515 0.999864 0.0127879 0.0144011 0.112684 -0.0138848 0.993534 -0.999834
125 126 414 0.999805 0.000415925 -0.0197631 -0.0542112 -0.000284587 0.999978 0.00664792 -0.0243217 0.0197654 -0.00664099 0.999783 -0.998233
125 127 307 0.99931 0.00168291 -0.0371066 -0.0221415 -0.00139756 0.999969 0.00771455 -0.0212994 0.0371185 -0.00765737 0.999282 -0.999528
125 128 292 0.998525 -0.00500814 -0.0540699 0.0115802 0.00516235 0.999983 0.0027128 -0.00654653 0.0540554 -0.00298793 0.998533 -0.999912
125 129 259 0.997621 -0.00493047 -0.0687559 0.0151178 0.00488278 0.999988 -0.000861642 0.00636008 0.0687593 0.000523873 0.997633 -0.999865
130 131 518 0.999928 0.00602363 -0.0103501 -0.0468476 -0.00602457 0.999982 -5.88235e-05 0.0020073 0.0103496 0.000121174 0.999946 -0.9989
130 132 420 0.999735 0.00666861 -0.0220268 -0.0154572 -0.00665297 0.999978 0.000783143 0.00402558 0.0220315 -0.000636392 0.999757 -0.999872
130 133 355 0.999498 0.00646407 -0.0310177 0.0218961 -0.00642332 0.999978 0.00141318 0.00702973 0.0310262 -0.00121324 0.999518 -0.999736
130 134 310 0.999327 0.0101433 -0.0352383 -0.00853776 -0.010086 0.999948 0.00180485 -0.00077721 0.0352548 -0.00144823 0.999377 -0.999963
135 136 390 0.999984 0.000513527 -0.00560038 -0.00765702 -0.000509571 1 0.000707705 0.00309964 0.00560074 -0.000704841 0.999984 -0.999966
135 137 366 0.999944 0.003495 -0.010001 -0.00552974 -0.00348591 0.999993 0.000926721 0.00278075 0.0100042 -0.000891807 0.99995 -0.999981
135 138 361 0.999887 0.00388437 -0.0145396 0.0159657 -0.00385086 0.99999 0.00233198 -0.00697356 0.0145485 -0.00227573 0.999892 -0.999848
135 139 307 0.999845 0.00374046 -0.017178 0.0109567 -0.00372914 0.999993 0.000690848 -0.0022508 0.0171805 -0.000626682 0.999852 -0.999937
140 141 438 0.99999 0.00453116 -0.000177628 -0.0221301 -0.00453109 0.99999 0.000341733 -0.0171687 0.000179174 -0.000340925 1 -0.999608
140 142 365 0.999947 0.0102489 0.000603328 0.0109133 -0.0102476 0.999945 -0.00218283 0.0323725 -0.000625666 0.00217653 0.999997 -0.999416
140 143 415 0.99996 0.00854494 0.00251118 -0.013848 -0.00854534 0.999963 0.000150064 -0.00199845 -0.00250981 -0.000171517 0.999997 -0.999902
140 144 321 0.99988 0.0141612 0.00626433 0.0112351 -0.01416 0.9999 -0.000242147 0.00125368 -0.00626713 0.000153415 0.99998 -0.999936
145 146 464 0.999984 0.000919735 0.00554874 -0.0475628 -0.000914123 0.999999 -0.00101388 -0.000478937 -0.00554967 0.00100879 0.999984 -0.998868
145 147 477 0.999968 0.0012952 0.00785851 0.000351253 -0.00127156 0.999995 -0.00301162 0.00574679 -0.00786237 0.00300153 0.999965 -0.999983
145 148 358 0.999912 -0.000268048 0.0132779 -0.0109136 0.000342842 0.999984 -0.00563104 0.00629346 -0.0132761 0.00563509 0.999896 -0.999921
145 149 296 0.999805 -0.00120561 0.0197184 -0.0562488 0.00136045 0.999968 -0.00784092 0.0241305 -0.0197083 0.00786621 0.999775 -0.998125
150 151 421 0.99999 0.000164515 0.00441452 -0.0174913 -0.000180641 0.999993 0.00365288 0.00307856 -0.00441389 -0.00365364 0.999984 -0.999842
150 152 443 0.999955 -0.00870571 0.00379112 0.0191476 0.00866261 0.999899 0.0112407 -0.0196638 -0.00388859 -0.0112073 0.99993 -0.999623
150 153 322 0.999933 -0.0108254 0.00406985 0.0197827 0.0107743 0.999866 0.0123594 -0.00256102 -0.0042031 -0.0123147 0.999915 -0.999801
150 154 263 0.999895 -0.013363 0.00553305 -0.00205004 0.0132926 0.999833 0.0125658 -0.00584085 -0.00570004 -0.0124909 0.999906 -0.999981
155 156 651 0.999999 0.0012233 -0.000581838 0.0270796 -0.00122377 0.999999 -0.000802032 0.00564006 0.000580856 0.000802743 1 -0.999617
155 157 555 0.999997 -0.00243107 -0.00066899 0.0267249 0.00242996 0.999996 -0.00165366 0.009153 0.000673007 0.00165203 0.999998 -0.999601
155 158 364 0.999984 -0.00451029 0.00329573 -0.0155977 0.0045192 0.999986 -0.00269927 0.0223253 -0.00328351 0.00271412 0.999991 -0.999629
155 159 264 0.999987 -0.00476044 0.00157888 -0.00836139 0.00476009 0.999989 0.000220728 0.0055084 -0.00157992 -0.00021321 0.999999 -0.99995
160 161 822 0.999988 -0.00267937 -0.00409249 0.0387491 0.00267483 0.999996 -0.0011144 0.0218414 0.00409546 0.00110344 0.999991 -0.99901
160 162 484 0.999973 -0.00379594 -0.00635441 0.00520209 0.00378696 0.999992 -0.00142573 0.00166726 0.00635977 0.00140162 0.999979 -0.999985
160 163 300 0.999905 -0.00840126 -0.0109361 0.00364121 0.00834334 0.999951 -0.00533128 0.0246012 0.0109804 0.00523953 0.999926 -0.999691
160 164 241 0.999791 -0.0087347 -0.0184737 0.0189404 0.00863651 0.999948 -0.00538818 0.00656385 0.0185198 0.00522751 0.999815 -0.999799
165 166 624 0.999951 -0.00166659 -0.00980178 0.0184252 0.00166884 0.999999 0.000221376 0.0319286 0.00980139 -0.000237723 0.999952 -0.99932
165 167 405 0.999824 0.000235011 -0.0187518 0.0060313 -0.000207084 0.999999 0.00149121 0.0109586 0.0187522 -0.00148707 0.999823 -0.999922
165 168 270 0.999602 0.00104587 -0.0281792 0.00630862 -0.00101626 0.999999 0.00106499 0.00941346 0.0281803 -0.00103593 0.999602 -0.999936
165 169 230 0.999154 0.000634005 -0.0411176 0.0337619 -0.000558431 0.999998 0.00184948 -0.00536172 0.0411187 -0.00182495 0.999153 -0.999416
170 171 465 0.99994 0.000381773 -0.0109138 -0.00634423 -0.000383514 1 -0.000157427 0.0234506 0.0109138 0.000161603 0.99994 -0.999705
170 172 344 0.999759 -0.000462813 -0.0219607 0.00140741 0.000475791 1 0.000585738 0.0225811 0.0219605 -0.000596045 0.999759 -0.999744
170 173 313 0.999466 0.000149965 -0.032662 0.0096393 -9.35979e-05 0.999999 0.0017273 0.0212944 0.0326622 -0.00172332 0.999465 -0.999727
170 174 244 0.999048 -0.00110689 -0.0436171 0.0165873 0.00126507 0.999993 0.00359906 0.00628433 0.0436128 -0.00365081 0.999042 -0.999843
175 176 384 0.999961 0.00152172 -0.00875287 -0.0428009 -0.00152071 0.999999 0.000122372 0.0213356 0.00875304 -0.000109057 0.999962 -0.998856
175 177 338 0.999824 0.000542499 -0.0187793 -0.00538332 -0.000533668 1 0.000475257 0.0207352 0.0187796 -0.000465152 0.999824 -0.999771
175 178 309 0.999594 -0.000625383 -0.028491 0.0124512 0.000601807 0.999999 -0.000836071 0.028124 0.0284915 0.000818585 0.999594 -0.999527
175 179 251 0.999408 0.00532483 -0.0339851 0.00436368 -0.00535036 0.999985 -0.000660553 0.0183187 0.0339811 0.000841995 0.999422 -0.999823
180 181 492 0.999987 0.00426177 -0.00278016 -0.0246211 -0.00426627 0.99999 -0.00161571 0.00365187 0.00277325 0.00162755 0.999995 -0.99969
180 182 378 0.99997 0.00460966 -0.00627009 -0.00535992 -0.00463013 0.999984 -0.0032556 0.0187546 0.00625498 0.00328453 0.999975 -0.99981
180 183 327 0.999962 0.00177796 -0.00853445 0.00471355 -0.0018112 0.999991 -0.0038894 0.0160922 0.00852745 0.00390471 0.999956 -0.999859
180 184 262 0.999953 0.00612967 -0.00746028 -0.0167041 -0.00616133 0.999972 -0.00422884 0.0230281 0.00743415 0.00427461 0.999963 -0.999595
185 186 368 0.999996 0.000916137 0.00272163 0.0129116 -0.000920417 0.999998 0.00157147 0.0145715 -0.00272018 -0.00157396 0.999995 -0.99981
185 187 345 0.999963 -0.00110476 0.00856395 -0.00619306 0.00109369 0.999999 0.00129624 0.0325841 -0.00856537 -0.00128682 0.999962 -0.99945
185 188 376 0.999874 -0.000417572 0.0158491 0.000371317 0.000374719 0.999996 0.00270668 0.0184282 -0.0158502 -0.0027004 0.999871 -0.99983
185 189 306 0.99964 -0.00494588 0.0263812 0.0101873 0.00492252 0.999987 0.000950317 0.0433663 -0.0263856 -0.000820112 0.999652 -0.999007
190 191 513 0.999839 0.000516411 0.0179174 0.0119859 -0.000543077 0.999999 0.00148342 0.0131285 -0.0179166 -0.00149292 0.999838 -0.999842
190 192 435 0.999254 -0.0027184 0.0385159 0.0117144 0.00257178 0.999989 0.00385591 0.0268321 -0.038526 -0.00375398 0.999251 -0.999571
190 193 382 0.9979 -0.00394864 0.0646494 -0.014834 0.00354306 0.999973 0.00638688 0.0266756 -0.0646729 -0.00614441 0.997888 -0.999534
190 194 303 0.995686 -0.0041278 0.092693 -0.0239787 0.00330756 0.999954 0.00900096 0.0103932 -0.0927259 -0.00865555 0.995654 -0.999658
195 196 451 0.999259 0.000951877 0.0384828 0.0289801 -0.000893341 0.999998 -0.00153827 -0.0194443 -0.0384842 0.00150275 0.999258 -0.999391
195 197 378 0.996661 0.00140189 0.0816362 0.00790998 -0.000970015 0.999985 -0.00532964 0.000897042 -0.0816424 0.00523265 0.996648 -0.999968
195 198 325 0.991965 -0.00299214 0.126475 -0.0127334 0.00450736 0.999921 -0.011696 0.0342617 -0.12643 0.0121721 0.991901 -0.999332
195 199 214 0.98474 -0.00567826 0.17394 -0.0170522 0.00826358 0.999866 -0.0141427 0.0224541 -0.173836 0.0153643 0.984655 -0.999602
200 201 446 0.998264 0.000910018 0.0588841 0.0265037 -0.000925429 1 0.000234455 0.00280867 -0.0588838 -0.000288541 0.998265 -0.999645
200 202 265 0.992856 0.003065 0.119279 0.0260051 -0.00346018 0.999989 0.00310614 -0.00865641 -0.119268 -0.00349668 0.992856 -0.999624
200 203 110 0.983411 0.00608922 0.18129 0.0207753 -0.00704504 0.999964 0.00462882 0.0207652 -0.181256 -0.00582923 0.983419 -0.999569
200 204 65 0.968309 0.00761651 0.249638 -0.0342762 -0.0102213 0.999906 0.00913959 0.0139892 -0.249545 -0.0114016 0.968296 -0.999314
205 206 284 0.997608 -0.00143763 0.0691145 0.0959582 0.00125948 0.999996 0.00262111 -0.00581733 -0.069118 -0.00252779 0.997605 -0.995368
205 207 189 0.990638 0.000701817 0.136513 0.0582372 -0.00120388 0.999993 0.00359524 -0.0016908 -0.136509 -0.00372593 0.990632 -0.998301
205 208 94 0.978268 0.00551737 0.207272 -0.0176201 -0.00581931 0.999983 0.000847023 0.0119526 -0.207264 -0.0020348 0.978283 -0.999773
205 209 93 0.962721 0.00335552 0.270474 -0.018497 -0.0023439 0.999989 -0.0040631 0.0202941 -0.270485 0.00327767 0.962719 -0.999623
210 211 279 0.997978 -7.13286e-05 0.0635631 0.0931696 0.000521155 0.999975 -0.0070603 0.0482238 -0.063561 0.00707915 0.997953 -0.994482
210 212 254 0.991965 -0.00140609 0.126503 0.0579984 0.00291271 0.999927 -0.0117256 0.00617873 -0.126478 0.0119998 0.991897 -0.998298
210 213 207 0.983226 -0.00192354 0.182382 0.0359244 0.00512986 0.99984 -0.0171102 0.027068 -0.18232 0.0177588 0.983079 -0.998988
210 214 193 0.972798 -0.00269135 0.231641 0.00386278 0.0073733 0.999786 -0.0193487 0.0215431 -0.231539 0.0205303 0.972609 -0.99976
215 216 288 0.999314 -0.00465518 0.036754 0.104642 0.00459634 0.999988 0.00168525 0.0206642 -0.0367614 -0.00151516 0.999323 -0.994295
215 217 317 0.997511 -0.00638939 0.0702249 0.0173771 0.00627923 0.999979 0.00178939 0.0207762 -0.0702348 -0.00134397 0.99753 -0.999633
215 218 307 0.995666 0.00248763 0.0929683 0.00633274 -0.00280147 0.999991 0.00324547 -0.00381915 -0.0929594 -0.00349186 0.995664 -0.999973
215 219 286 0.994106 0.00478232 0.10831 0.00207947 -0.00502955 0.999985 0.00200962 0.00678603 -0.108298 -0.00254253 0.994115 -0.999975
220 221 329 0.999935 -0.00460082 0.0104389 0.00590563 0.00460555 0.999989 -0.000429205 0.0195948 -0.0104368 0.000477254 0.999945 -0.999791
220 222 399 0.999807 -0.011734 0.0157259 0.0336996 0.0117047 0.99993 0.0019556 -0.00505035 -0.0157478 -0.00177116 0.999874 -0.999419
220 223 399 0.999623 -0.0202643 0.0185427 0.0216151 0.02017 0.999783 0.00526324 0.00614417 -0.0186453 -0.00488725 0.999814 -0.999747
220 224 358 0.99965 -0.0190557 0.0183384 0.0383483 0.0189227 0.999794 0.0073974 0.00656219 -0.0184756 -0.0070478 0.999804 -0.999243
225 226 346 0.999992 0.00268838 -0.00286875 -0.0977477 -0.00266802 0.999971 0.00707909 -0.0299944 0.0028877 -0.00707138 0.999971 -0.994759
225 227 433 0.999947 0.00361679 -0.00964186 0.00760806 -0.00351138 0.999934 0.0109275 -0.00756968 0.00968074 -0.010893 0.999894 -0.999942
225 228 363 0.999897 -0.00105145 -0.014299 0.0312168 0.00119985 0.999945 0.0103732 -0.00287807 0.0142873 -0.0103893 0.999844 -0.999508
225 229 355 0.999839 -0.00370532 -0.0175653 -0.0127668 0.00381313 0.999974 0.00610826 -0.00566128 0.0175422 -0.00617425 0.999827 -0.999902
230 231 320 0.999991 0.00250728 -0.00348127 -0.0387989 -0.00252617 0.999982 -0.00543186 -0.00165711 0.00346759 0.0054406 0.999979 -0.999246
230 232 362 0.999951 0.00631924 -0.0076448 0.0304334 -0.00639718 0.999927 -0.0102136 0.0188846 0.0075797 0.010262 0.999919 -0.999358
230 233 342 0.999905 0.00915336 -0.0103056 -0.00705104 -0.00927016 0.999893 -0.0113434 0.0147984 0.0102007 0.0114379 0.999883 -0.999866
230 234 356 0.999829 0.0149794 -0.0108229 -0.01385 -0.0150659 0.999855 -0.00795129 0.010361 0.0107022 0.00811299 0.99991 -0.99985
235 236 270 0.999998 -0.00180691 0.000454053 0.0100911 0.00180391 0.999977 0.00651789 0.000806458 -0.00046582 -0.00651706 0.999979 -0.999949
235 237 321 0.999994 -0.00180146 0.00293928 0.0369507 0.00177049 0.999943 0.0105051 0.00283758 -0.00295804 -0.0104998 0.99994 -0.999313
235 238 351 0.999981 -0.00162375 0.0060139 -0.00215244 0.00158329 0.999976 0.0067259 -0.0109759 -0.00602467 -0.00671625 0.999959 -0.999937
235 239 304 0.999976 -0.000278131 0.0069661 0.00953897 0.00028883 0.999999 -0.00153499 0.0113119 -0.00696566 0.00153696 0.999975 -0.999891
240 241 294 0.999991 -0.00422637 0.00102677 0.0180339 0.00422543 0.999991 0.000911739 0.0203404 -0.00103061 -0.000907392 0.999999 -0.99963
240 242 347 0.999958 -0.00805643 0.00438681 0.0118002 0.00803182 0.999952 0.00559892 0.00364675 -0.0044317 -0.00556345 0.999975 -0.999924
240 243 315 0.999953 -0.00623615 0.00746994 0.0237489 0.00615886 0.999928 0.0103255 0.0134341 -0.00753379 -0.010279 0.999919 -0.999628
240 244 339 0.999917 -0.00466648 0.0119691 -0.00390668 0.00449954 0.999893 0.013937 -0.00352746 -0.0120329 -0.013882 0.999831 -0.999986
245 246 317 0.999988 0.00345305 0.00337437 -0.0231346 -0.00344847 0.999993 -0.00136275 -0.014805 -0.00337905 0.0013511 0.999993 -0.999623
245 247 316 0.999971 0.00536777 0.00533083 0.0130249 -0.00534092 0.999973 -0.00503854 0.0222735 -0.00535774 0.00500992 0.999973 -0.999667
245 248 332 0.999949 0.00645244 0.00773534 -0.0166483 -0.00638898 0.999946 -0.00820038 0.033995 -0.00778784 0.00815054 0.999936 -0.999283
245 249 279 0.999928 0.0100597 0.00656971 0.00334727 -0.0100033 0.999913 -0.0085617 0.0167295 -0.00665527 0.00849536 0.999942 -0.999854
250 251 313 0.999984 -0.00557334 -0.00123994 0.0286859 0.00557594 0.999982 0.00210664 0.0110357 0.00122818 -0.00211352 0.999997 -0.999528
250 252 355 0.999941 -0.0108217 0.000300585 -0.0169283 0.0108203 0.999932 0.00438468 0.0204662 -0.000348015 -0.00438117 0.99999 -0.999647
250 253 342 0.999818 -0.0189997 -0.00191573 0.0107914 0.0190124 0.999796 0.00688885 0.003926 0.00178446 -0.00692401 0.999974 -0.999934
250 254 275 0.999741 -0.0221837 -0.00505731 0.0269563 0.0222168 0.999731 0.00658638 0.00616625 0.00490984 -0.00669703 0.999966 -0.999618
255 256 246 0.999996 -3.31368e-05 -0.00298712 0.0406738 3.43069e-05 1 0.00039165 0.00916691 0.00298711 -0.00039175 0.999995 -0.99913
255 257 362 0.999979 0.00398332 -0.00504829 0.017786 -0.00396065 0.999982 0.00449273 -0.00591221 0.0050661 -0.00447264 0.999977 -0.999824
255 258 299 0.999953 0.00738185 -0.00626178 0.00863312 -0.00737295 0.999972 0.00144398 0.0187024 0.00627226 -0.00139775 0.999979 -0.999788
255 259 279 0.999858 0.0156074 -0.00640144 0.00212726 -0.0155867 0.999873 0.00327103 0.0143283 0.00645168 -0.00317079 0.999974 -0.999895
260 261 291 0.999993 -0.00357146 -0.00126032 -0.0160314 0.0035677 0.999989 -0.00297823 0.0188441 0.00127095 0.00297372 0.999995 -0.999694
260 262 286 0.999967 -0.00767979 -0.00263262 0.000876886 0.00765691 0.999934 -0.00859431 0.0117501 0.00269845 0.00857387 0.99996 -0.999931
260 263 243 0.999939 -0.0107046 -0.00273926 -0.00110031 0.0106674 0.999855 -0.0132499 0.0237316 0.0028807 0.0132199 0.999908 -0.999718
260 264 223 0.999965 -0.00773119 -0.0033146 -0.00836693 0.00771275 0.999955 -0.0055383 0.00857739 0.00335727 0.00551254 0.999979 -0.999928
265 266 230 0.999983 0.00541708 0.00234041 -0.042607 -0.00543697 0.999948 0.00857895 -0.00287208 -0.00229382 -0.00859153 0.99996 -0.999088
265 267 268 0.999982 0.00576772 0.00162487 -0.0233012 -0.00576921 0.999983 0.000918402 -0.00548179 -0.00161955 -0.00092776 0.999998 -0.999713
265 268 213 0.999964 0.00826448 0.00188596 0.00828886 -0.00822506 0.999765 -0.0200339 0.017535 -0.00205109 0.0200176 0.999798 -0.999812
265 269 177 0.999966 0.00708056 0.00416067 -0.00872623 -0.00692602 0.999326 -0.0360508 0.0412528 -0.00441313 0.0360208 0.999341 -0.999111
270 271 267 0.999991 -0.00393249 0.00127939 0.0145704 0.0039105 0.999852 0.0167595 -0.0045127 -0.00134511 -0.0167544 0.999859 -0.999884
270 272 254 0.999984 -0.00478828 0.00286177 -0.0112867 0.00472046 0.999718 0.023255 0.00690917 -0.00297232 -0.0232411 0.999725 -0.999912
270 273 225 0.999989 0.000823109 0.00465578 0.00286064 -0.000938184 0.999693 0.0247687 -0.000313197 -0.00463397 -0.0247728 0.999682 -0.999996
270 274 175 0.999962 0.0018709 0.00854441 -0.0121506 -0.00207407 0.999714 0.0238316 0.00442029 -0.00849738 -0.0238484 0.999679 -0.999916
275 276 300 0.999992 -0.00105342 0.00393093 0.0131334 0.00104631 0.999998 0.00181014 0.0127728 -0.00393283 -0.00180601 0.999991 -0.999832
275 277 277 0.999943 -0.00622636 0.00866326 -0.00899547 0.00620523 0.999978 0.0024632 0.00144165 -0.00867841 -0.0024093 0.999959 -0.999959
275 278 267 0.999866 -0.0122303 0.0108421 -0.00150175 0.0121925 0.999919 0.00354943 -0.00386891 -0.0108846 -0.00341676 0.999935 -0.999991
275 279 220 0.999833 -0.0142255 0.0114722 0.0111211 0.0142203 0.999899 0.000537125 0.0140972 -0.0114787 -0.000373897 0.999934 -0.999839
280 281 398 0.999998 0.00135538 0.00158781 0.0108664 -0.00135445 0.999999 -0.000587387 0.0208026 -0.0015886 0.000585235 0.999999 -0.999725
280 282 411 0.999982 0.00367869 0.00483342 -0.00600757 -0.00369484 0.999988 0.00333562 0.0130725 -0.00482109 -0.00335342 0.999983 -0.999897
280 283 327 0.999897 0.011077 0.00908165 -0.0103008 -0.0111425 0.999912 0.00719945 0.0027346 -0.0090011 -0.0072999 0.999933 -0.999943
280 284 250 0.999793 0.0136419 0.0150969 0.00168357 -0.0137713 0.999869 0.00850216 0.00613443 -0.0149789 -0.0087083 0.99985 -0.99998
285 286 456 0.999963 0.00254162 0.00822506 -0.0368454 -0.00247753 0.999967 -0.00779317 0.0165679 -0.00824459 0.0077725 0.999936 -0.999184
285 287 404 0.999954 0.00269589 0.00917057 0.0227111 -0.00253632 0.999846 -0.0173667 0.0200485 -0.00921598 0.0173426 0.999807 -0.999541
285 288 326 0.99985 -0.00613802 0.0162151 -0.0155965 0.00642333 0.999824 -0.0176018 0.00332721 -0.0161042 0.0177033 0.999714 -0.999873
285 289 243 0.999765 -0.00664745 0.0206502 -0.0191008 0.00695598 0.999865 -0.014905 0.0201492 -0.0205483 0.0150452 0.999676 -0.999615
290 291 380 0.999971 0.00346295 0.0067137 -0.0363192 -0.00350146 0.999977 0.00573275 0.0101155 -0.00669369 -0.00575609 0.999961 -0.999289
290 292 343 0.999916 0.00350018 0.0124468 0.0123204 -0.00355295 0.999985 0.00422059 0.010153 -0.0124318 -0.00426446 0.999914 -0.999873
290 293 244 0.999773 -0.00136101 0.0212711 -0.00715591 0.00132959 0.999998 0.00149155 0.0111673 -0.0212731 -0.00146293 0.999773 -0.999912
290 294 176 0.999569 -0.00963629 0.0277221 0.0101411 0.00954676 0.999949 0.00336029 0.0110455 -0.0277531 -0.00309418 0.99961 -0.999888
295 296 414 0.99997 0.00156604 0.00760896 0.00952312 -0.00159613 0.999991 0.00394988 -0.00819403 -0.0076027 -0.00396191 0.999963 -0.999921
295 297 307 0.999854 0.00242254 0.0169176 -0.0113968 -0.00241919 0.999997 -0.000218341 0.00749662 -0.016918 0.000177383 0.999857 -0.999907
295 298 223 0.999727 -0.00174769 0.0232958 0.0168966 0.00188118 0.999982 -0.00570944 0.00724952 -0.0232854 0.00575171 0.999712 -0.999831
295 299 169 0.999511 -0.0088985 0.0299788 0.0318692 0.00926139 0.999885 -0.0119878 0.0210614 -0.0298687 0.0122596 0.999479 -0.99927
300 301 318 0.999987 -0.0010336 0.00501483 0.0341821 0.00104199 0.999998 -0.00167145 0.0121687 -0.00501309 0.00167665 0.999986 -0.999342
300 302 289 0.999923 0.00278527 0.0120992 -0.0484173 -0.00278541 0.999996 -5.06217e-06 0.00702591 -0.0120991 -2.86394e-05 0.999927 -0.998802
300 303 259 0.999878 -0.00581441 0.0145189 0.00518956 0.00571059 0.999958 0.00718218 0.000681421 -0.01456 -0.00709839 0.999869 -0.999986
300 304 203 0.999796 -0.00710091 0.0189345 0.00702594 0.00685556 0.999892 0.0129914 -0.00297723 -0.0190248 -0.0128589 0.999736 -0.999971
305 306 316 0.999992 -0.00182918 0.00354932 0.00403898 0.00185051 0.99998 -0.00601634 0.0122469 -0.00353825 0.00602286 0.999976 -0.999917
305 307 285 0.999976 -0.00395532 0.00573281 0.0144246 0.00404699 0.999863 -0.016068 0.0196059 -0.00566847 0.0160909 0.999854 -0.999704
305 308 234 0.999943 -0.00363346 0.0100227 0.00630584 0.00386271 0.999729 -0.0229498 0.0173415 -0.00993655 0.0229872 0.999686 -0.99983
305 309 188 0.999866 -0.00412115 0.0158588 -0.0235401 0.00443229 0.999797 -0.0196341 0.0285722 -0.0157747 0.0197018 0.999681 -0.999315
310 311 361 0.999978 0.0020022 0.00635538 0.0169691 -0.00203479 0.999985 0.00512555 -0.00166724 -0.00634502 -0.00513836 0.999967 -0.999855
310 312 277 0.999906 -0.00263009 0.0134398 0.00297623 0.00258354 0.999991 0.00347963 0.00553608 -0.0134488 -0.00344458 0.999904 -0.99998
310 313 233 0.999773 0.0002162 0.0213171 -0.00525293 -0.00017064 0.999998 -0.00213908 0.015193 -0.0213175 0.00213496 0.99977 -0.999871
310 314 185 0.999579 0.00587077 0.0284092 0.00137474 -0.00572584 0.99997 -0.00518009 0.0122041 -0.0284387 0.00501524 0.999583 -0.999925
315 316 420 0.999974 0.00397389 0.0059771 0.00694039 -0.00397794 0.999992 0.000666638 0.0117855 -0.00597441 -0.000690398 0.999982 -0.999906
315 317 328 0.999906 0.00556774 0.0125345 -0.0142537 -0.00565552 0.99996 0.00697797 0.0154196 -0.0124951 -0.0070482 0.999897 -0.99978
315 318 271 0.999672 0.0169407 0.0192227 0.0116352 -0.0172646 0.99971 0.0168078 0.00370247 -0.0189324 -0.0171342 0.999674 -0.999925
315 319 194 0.99937 0.0240833 0.0260569 -0.0103996 -0.0246371 0.999473 0.0211438 0.00211014 -0.0255339 -0.0217724 0.999437 -0.999944
320 321 426 0.999939 -0.00972828 0.00514705 0.0191028 0.00979377 0.999869 -0.0128567 0.0049773 -0.00502131 0.0129063 0.999904 -0.999805
320 322 359 0.999846 -0.0140652 0.0104672 0.00631722 0.0142767 0.99969 -0.0204107 0.0251524 -0.0101768 0.020557 0.999737 -0.999664
320 323 257 0.999828 -0.0133162 0.012945 0.0223706 0.013549 0.999745 -0.0180679 0.0267827 -0.0127011 0.0182402 0.999753 -0.999391
320 324 236 0.999739 -0.01611 0.0162074 0.00369182 0.016225 0.999844 -0.00698909 0.00921485 -0.0160923 0.00725023 0.999844 -0.999951
325 326 436 0.999989 0.00213213 0.00411298 -0.0382743 -0.00214163 0.999995 0.00230769 0.0268507 -0.00410804 -0.00231647 0.999989 -0.998906
325 327 369 0.999932 0.00972491 0.00640671 -0.019409 -0.00972793 0.999953 0.000439542 -0.0118016 -0.00640213 -0.000501836 0.999979 -0.999742
325 328 242 0.999967 0.00702813 0.00403676 0.00757244 -0.00698773 0.999926 -0.00993668 0.0158011 -0.0041063 0.00990814 0.999942 -0.999846
325 329 195 0.999977 0.00577654 0.00357212 0.00754045 -0.00572176 0.999869 -0.0151592 0.0210532 -0.00365922 0.0151384 0.999879 -0.99975
330 331 415 0.999992 0.00403159 0.00049915 0.0400359 -0.00403564 0.999956 0.00841318 0.0134759 -0.000465209 -0.00841513 0.999964 -0.999107
330 332 350 0.999906 0.0128493 0.00483786 -0.026965 -0.012948 0.999696 0.0209645 -0.000423753 -0.00456701 -0.0210252 0.999769 -0.999636
330 333 240 0.999692 0.0238606 0.00683427 -0.0149863 -0.0240241 0.9994 0.0249444 -0.00356322 -0.00623499 -0.0251009 0.999665 -0.999881
330 334 179 0.999826 0.0168692 0.00801909 -0.0103004 -0.017028 0.999652 0.0201681 0.00668632 -0.00767608 -0.0203012 0.999764 -0.999925
335 336 464 0.999999 -0.00130629 0.00112942 0.0185673 0.00131096 0.999991 -0.00414365 0.0301224 -0.00112399 0.00414513 0.999991 -0.999374
335 337 289 0.999997 -0.000897482 0.00226667 -0.000950259 0.000896581 1 0.000398486 0.0179657 -0.00226703 -0.000396452 0.999997 -0.999838
335 338 196 0.999995 -0.00254525 0.00194657 -0.00482 0.00253327 0.999978 0.00613079 0.0141015 -0.00196213 -0.00612583 0.999979 -0.999889
335 339 144 0.999975 -0.00665591 0.00234472 0.0115157 0.00663947 0.999954 0.00694969 0.00595157 -0.00239087 -0.00693395 0.999973 -0.999916
340 341 240 0.999989 -0.00452013 0.00102995 -0.00722407 0.00452395 0.999983 -0.00374138 0.0253322 -0.00101302 0.003746 0.999992 -0.999653
340 342 219 0.999979 -0.00603616 0.00253382 -0.0114314 0.00604951 0.999968 -0.00529444 0.0131715 -0.00250178 0.00530965 0.999983 -0.999848
340 343 182 0.999947 -0.0102639 -5.3687e-06 0.0261304 0.0102637 0.99993 -0.00594469 0.0271731 6.6384e-05 0.00594432 0.999982 -0.999289
340 344 168 0.999968 -0.00745125 0.00276411 -0.00394647 0.00745711 0.99997 -0.0021174 0.0174589 -0.00274825 0.00213794 0.999994 -0.99984
345 346 271 0.999998 -0.00174321 0.00111496 0.0172789 0.00174352 0.999998 -0.000279185 0.0139274 -0.00111448 0.000281129 0.999999 -0.999754
345 347 233 0.999989 0.000839272 0.00462497 -0.0077331 -0.00079019 0.999943 -0.010604 0.0200087 -0.00463361 0.0106002 0.999933 -0.99977
345 348 174 0.999986 -0.000307479 0.0052128 0.0250998 0.000410728 0.999804 -0.0198173 0.0307183 -0.00520569 0.0198192 0.99979 -0.999213
345 349 142 0.999984 0.00301262 0.00477163 0.00580454 -0.00291361 0.999783 -0.0206228 0.0322552 -0.00483272 0.0206086 0.999776 -0.999463
350 351 364 0.999995 -0.0029317 -0.000726829 0.00566898 0.00293516 0.999984 0.0048104 0.0205776 0.000712715 -0.00481251 0.999988 -0.999772
350 352 253 0.999992 -0.00389724 -0.000769659 0.002976 0.00390519 0.999936 0.0106145 0.0156857 0.000728243 -0.0106174 0.999943 -0.999873
350 353 200 0.999999 0.00104409 -0.00117667 -0.0104243 -0.00102723 0.999898 0.0142404 0.00954379 0.00119142 -0.0142392 0.999898 -0.9999
350 354 178 0.999978 0.00478994 -0.00449911 0.0117257 -0.00470395 0.99981 0.0189308 0.00415368 0.00458893 -0.0189092 0.999811 -0.999923
355 356 267 0.999988 -0.000984303 -0.00483931 0.00135205 0.000962645 0.99999 -0.00447585 0.00296618 0.00484367 0.00447113 0.999978 -0.999995
355 357 289 0.999913 -0.00651763 -0.0114478 0.00979196 0.00635284 0.999877 -0.0143731 0.0234365 0.0115401 0.0142992 0.999831 -0.999677
355 358 241 0.999772 -0.0118248 -0.0177774 0.0339901 0.0114789 0.999745 -0.0194375 0.0346473 0.0180027 0.019229 0.999653 -0.998821
355 359 224 0.999635 -0.0140552 -0.0230851 0.018115 0.0136587 0.999758 -0.0172453 0.0215976 0.0233219 0.0169237 0.999585 -0.999603
360 361 305 0.99997 -0.000964385 -0.00764426 0.0131481 0.001033 0.999959 0.00897715 -0.00329014 0.00763529 -0.00898478 0.99993 -0.999908
360 362 293 0.999887 -0.00426008 -0.0143838 0.00031433 0.00445969 0.999894 0.0138742 0.00256214 0.0143232 -0.0139367 0.9998 -0.999997
360 363 268 0.999759 -0.00198331 -0.0218659 0.00718746 0.0022679 0.999913 0.0129977 -0.00476992 0.0218382 -0.0130442 0.999676 -0.999963
360 364 211 0.999575 -0.000553425 -0.0291325 0.0240861 0.000766216 0.999973 0.0072936 0.010218 0.0291277 -0.00731283 0.999549 -0.999658
365 366 328 0.999974 0.00543854 -0.00465986 -0.0412703 -0.00544804 0.999983 -0.00202642 0.0359719 0.00464876 0.00205175 0.999987 -0.9985
