0 1 15622 0.999995 0.00318797 0.00078861 0.046262 -0.00319023 0.999991 0.00287855 -0.0195789 -0.000779426 -0.00288105 0.999996 -0.998737
0 2 14279 0.999982 -0.00166066 0.00578053 0.00340111 0.00163577 0.999989 0.00430811 -0.0012435 -0.00578762 -0.00429858 0.999974 -0.999993
0 3 11667 0.999936 0.0027918 0.0110043 -0.00470285 -0.0028403 0.999986 0.0043942 -0.00154854 -0.0109919 -0.00442517 0.99993 -0.999988
0 4 9554 0.999858 -2.60988e-05 0.0168585 -0.0129834 -9.93647e-05 0.999972 0.00744125 -0.0154974 -0.0168583 -0.00744186 0.99983 -0.999796
5 6 17591 0.999977 -0.00337237 0.00586147 -0.0184995 0.00336689 0.999994 0.000943104 -0.00078252 -0.00586462 -0.000923347 0.999982 -0.999829
5 7 13842 0.999942 -0.00415106 0.00989422 0.010515 0.00413961 0.999991 0.00117731 0.00297912 -0.00989901 -0.00113628 0.99995 -0.99994
5 8 11315 0.999825 -0.00608924 0.0176895 -0.0132447 0.00607155 0.999981 0.00105383 0.00208957 -0.0176955 -0.000946245 0.999843 -0.99991
5 9 8754 0.999817 -0.00494483 0.018459 0.00888249 0.00500337 0.999983 -0.00312645 0.0112209 -0.0184432 0.00321823 0.999825 -0.999898
10 11 17220 0.99999 -0.00195789 0.00406989 0.0028878 0.00195545 0.999998 0.000603384 -0.00127053 -0.00407106 -0.000595419 0.999992 -0.999995
10 12 14234 0.999972 -0.000150674 0.00754233 -0.0217014 0.000145533 1 0.000682281 0.00469121 -0.00754244 -0.000681163 0.999971 -0.999753
10 13 10438 0.99998 0.00125373 0.00618396 0.0232571 -0.00125456 0.999999 0.000129495 0.0151013 -0.00618379 -0.000137251 0.999981 -0.999615
10 14 7985 0.999969 0.000356549 0.00789683 -0.000576348 -0.000353406 1 -0.000399466 0.015962 -0.00789698 0.000396663 0.999969 -0.999872
15 16 13963 0.999994 -0.00347838 -0.000509668 0.0361717 0.00347932 0.999992 0.00185846 0.00258191 0.0005032 -0.00186023 0.999998 -0.999342
15 17 12872 0.99998 -0.0031945 0.00541376 -0.0166321 0.00316644 0.999982 0.00518341 0.00547437 -0.00543022 -0.00516616 0.999972 -0.999847
15 18 9380 0.99994 -0.0103079 0.00374059 0.0111691 0.0102737 0.999906 0.00904161 -0.00771396 -0.00383344 -0.00900264 0.999952 -0.999908
15 19 7221 0.999945 -0.00832462 0.00634902 0.00297403 0.00828171 0.999943 0.00675576 -0.000802572 -0.0064049 -0.0067028 0.999957 -0.999995
20 21 15439 0.999998 -0.00103502 0.00170926 0.00855376 0.00103775 0.999998 -0.0015963 0.00848144 -0.00170761 0.00159807 0.999997 -0.999927
20 22 11242 0.999995 -0.00280848 0.00119822 0.0125499 0.00281154 0.999993 -0.00256071 0.0295836 -0.00119101 0.00256407 0.999996 -0.999484
20 23 7927 0.99999 0.000236171 0.00449935 0.000475993 -0.000235704 1 -0.000104413 0.00696677 -0.00449938 0.000103351 0.99999 -0.999976
20 24 6136 0.999926 0.0101747 0.00663279 0.00135158 -0.0101745 0.999948 -6.14722e-05 -0.00672453 -0.00663307 -6.01741e-06 0.999978 -0.999976
25 26 12136 0.999997 0.00175359 -0.00181302 0.0143143 -0.00176064 0.999991 -0.00389386 0.0170027 0.00180618 0.00389704 0.999991 -0.999753
25 27 9778 0.999994 -0.00272139 -0.00229925 0.0270045 0.00270486 0.999971 -0.00716444 0.0204705 0.00231868 0.00715818 0.999972 -0.999426
25 28 7688 0.999979 -0.00493994 -0.00411402 0.0240188 0.00490017 0.999942 -0.00962054 0.0150511 0.00416131 0.00960018 0.999945 -0.999598
25 29 6624 0.99999 -0.00144058 -0.00418302 0.00962557 0.00139752 0.999946 -0.0102782 0.0123568 0.0041976 0.0102722 0.999938 -0.999877
30 31 12724 0.999993 -0.0031046 -0.00211275 0.024231 0.00311486 0.999983 0.00486821 0.00913601 0.0020976 -0.00487476 0.999986 -0.999665
30 32 10556 0.999989 -0.00343645 -0.00328115 0.0147135 0.00346354 0.99996 0.00828839 0.0128721 0.00325254 -0.00829966 0.99996 -0.999809
30 33 8935 0.999992 0.00288977 -0.00267677 0.00521129 -0.00286854 0.999965 0.00790109 -0.00596484 0.00269951 -0.00789335 0.999965 -0.999969
30 34 6777 0.999958 0.00870402 -0.00275907 -0.00184465 -0.0087018 0.999962 0.000813217 0.00727448 0.00276604 -0.000789174 0.999996 -0.999972
35 36 12867 0.999993 0.00344186 0.0010795 -0.000216342 -0.00344349 0.999993 0.00150445 0.00199808 -0.00107431 -0.00150816 0.999998 -0.999998
35 37 10844 0.999974 0.00616839 0.00366636 -0.0406704 -0.0061785 0.999977 0.00275369 0.0502209 -0.00364929 -0.00277627 0.999989 -0.99791
35 38 8265 0.999959 0.00875356 0.00220185 0.0110886 -0.00876964 0.999934 0.00740082 0.0112654 -0.00213692 -0.00741982 0.99997 -0.999875
35 39 6540 0.999925 0.0103414 0.00648978 -0.00523523 -0.0103916 0.999916 0.00773614 0.00771441 -0.00640923 -0.00780301 0.999949 -0.999957
40 41 13075 0.999997 -0.00104453 0.00214865 0.00393895 0.00104991 0.999996 -0.00250445 0.000908244 -0.00214602 0.0025067 0.999995 -0.999992
40 42 10995 0.999983 -0.00555801 0.00193486 -0.00364639 0.00556365 0.99998 -0.00292171 0.00880708 -0.00191859 0.00293242 0.999994 -0.999955
40 43 9127 0.999997 0.000600152 0.00228066 0.0348903 -0.000585804 0.99998 -0.00628698 -0.0101418 -0.00228439 0.00628562 0.999978 -0.99934
40 44 7331 0.999982 -0.00576443 0.00188508 0.00566235 0.00578085 0.999944 -0.00882812 0.0235575 -0.00183408 0.00883885 0.999959 -0.999706
45 46 14222 0.999997 0.000151109 0.00236503 -0.0557725 -0.00015316 1 0.000867077 0.000360422 -0.0023649 -0.000867437 0.999997 -0.998443
45 47 11406 0.999999 0.000325692 0.00100346 -0.0130682 -0.000327849 0.999998 0.00214968 0.00293491 -0.00100275 -0.00215001 0.999997 -0.99991
45 48 9011 0.999996 -0.00264547 8.71196e-05 0.00214613 0.00264504 0.999986 0.00463841 0.0057409 -9.93891e-05 -0.00463817 0.999989 -0.999981
45 49 7367 0.999999 0.000216966 0.00106015 0.0111323 -0.000220548 0.999994 0.00337995 0.0107514 -0.00105941 -0.00338019 0.999994 -0.99988
50 51 13097 0.999997 0.00108337 0.00198123 -0.0359605 -0.0010805 0.999998 -0.00145033 0.0143632 -0.0019828 0.00144818 0.999997 -0.99925
50 52 10843 0.99999 -0.00451925 -0.000242259 0.0223695 0.00451965 0.999988 0.00166516 0.023208 0.000234731 -0.00166623 0.999999 -0.99948
50 53 8961 0.999982 -0.00391597 0.00448854 -0.011594 0.00388651 0.999971 0.00655431 0.0116659 -0.00451408 -0.00653675 0.999968 -0.999865
50 54 7157 0.99996 -0.00856422 0.00254157 -0.00428865 0.00854069 0.999922 0.00913034 0.00638282 -0.00261956 -0.00910827 0.999955 -0.99997
55 56 12028 0.999997 0.00255789 -0.000218063 -0.0180044 -0.00255855 0.999992 -0.00304 0.0103562 0.000210285 0.00304055 0.999995 -0.999784
55 57 10739 0.999995 0.00316779 -0.000567679 0.0228574 -0.00317074 0.999981 -0.00526665 0.0286948 0.000550985 0.00526842 0.999986 -0.999327
55 58 8635 0.999967 0.00798101 0.00147344 -0.0138777 -0.00797605 0.999963 -0.00334274 0.0209168 -0.00150006 0.00333088 0.999993 -0.999685
55 59 7369 0.999871 0.015886 0.00255535 -0.0196507 -0.0158804 0.999871 -0.00219578 0.0152009 -0.0025899 0.00215491 0.999994 -0.999691
60 61 13729 0.999997 0.00204514 0.00118928 0.00942721 -0.00204026 0.99999 -0.00408214 0.0173026 -0.00119762 0.0040797 0.999991 -0.999806
60 62 11280 0.999984 0.00554712 0.00102888 -0.00397263 -0.00553658 0.999935 -0.00997752 0.0224425 -0.00108416 0.00997167 0.99995 -0.99974
60 63 9210 0.999997 0.000356435 0.00249436 0.000464895 -0.00032906 0.99994 -0.0109664 0.0246449 -0.00249812 0.0109655 0.999937 -0.999696
60 64 7528 0.999974 0.00553243 0.00465515 0.0058093 -0.00550218 0.999964 -0.00648629 0.00287507 -0.00469086 0.00646051 0.999968 -0.999979
65 66 12434 0.999997 -0.00215018 0.00136296 0.0050313 0.00214314 0.999984 0.0051429 -0.00768683 -0.001374 -0.00513997 0.999986 -0.999958
65 67 10792 0.999976 -0.00654447 0.00229735 0.00668104 0.00653605 0.999972 0.00365193 0.0069336 -0.00232118 -0.00363683 0.999991 -0.999954
65 68 9095 0.999969 -0.00761179 0.00221006 0.00976811 0.00761122 0.999971 0.000263704 0.0152699 -0.002212 -0.000246874 0.999998 -0.999836
65 69 7879 0.999971 -0.00714123 0.00282303 0.0210144 0.00714043 0.999974 0.000294749 0.00817897 -0.00282506 -0.000274583 0.999996 -0.999746
70 71 13605 0.999995 0.00102228 0.00311546 -0.0346065 -0.00102024 0.999999 -0.000657686 -0.00177441 -0.00311613 0.000654504 0.999995 -0.999399
70 72 12609 0.999981 -0.00529835 0.00300871 0.0128988 0.00529994 0.999986 -0.000521504 0.000612432 -0.0030059 0.00053744 0.999995 -0.999917
70 73 10922 0.999985 -0.00363048 0.00413014 0.0119443 0.00365002 0.999982 -0.00473204 0.0631996 -0.00411289 0.00474704 0.99998 -0.997929
70 74 9494 0.999983 -0.00214143 0.0053741 0.00987478 0.00215049 0.999996 -0.001681 0.0134055 -0.00537048 0.00169253 0.999984 -0.999861
75 76 13509 0.999999 -0.000696769 0.00083633 0.00609816 0.000700559 0.999989 -0.0045404 0.0314503 -0.000833158 0.00454098 0.999989 -0.999487
75 77 14039 0.999985 -0.00540371 -0.000631154 0.0474859 0.00540073 0.999975 -0.00464436 0.00941917 0.000656234 0.00464089 0.999989 -0.998827
75 78 12659 0.999977 -0.00580434 0.00336538 0.00495998 0.00580299 0.999983 0.000409848 -0.00218206 -0.0033677 -0.00039031 0.999994 -0.999985
75 79 11299 0.999946 -0.00836219 0.00611457 0.00862113 0.00832793 0.99995 0.00560675 0.00529399 -0.00616115 -0.00555553 0.999966 -0.999949
80 81 17869 0.999998 -0.00179605 0.000954623 0.0256437 0.00179356 0.999995 0.00259969 -0.0323424 -0.000959288 -0.00259797 0.999996 -0.999148
80 82 18352 0.999997 -0.0017905 0.00179163 0.00575037 0.00178977 0.999998 0.000407597 -0.0252783 -0.00179235 -0.000404389 0.999998 -0.999664
80 83 15927 0.999988 -0.00422225 -0.00253495 0.0557144 0.00421277 0.999984 -0.00373297 0.00523884 0.00255067 0.00372225 0.99999 -0.998433
80 84 14899 0.999977 0.000180888 0.00678456 -0.0433677 -0.000167651 0.999998 -0.0019515 0.0204693 -0.0067849 0.00195032 0.999975 -0.998849
85 86 18284 0.999992 0.00375543 -0.00111881 0.0177389 -0.00374958 0.99998 0.00518112 -0.0306369 0.00113824 -0.00517688 0.999986 -0.999373
85 87 19647 0.999994 0.00116076 -0.00324751 -0.0224768 -0.00114751 0.999991 0.00408046 0.0248059 0.00325222 -0.00407671 0.999986 -0.99944
85 88 18498 0.999938 -0.00535724 -0.00980025 0.0323386 0.00539928 0.999976 0.0042675 -0.0158906 0.00977716 -0.00432015 0.999943 -0.999351
85 89 15966 0.999897 -0.00226983 -0.0141884 0.0217772 0.00226086 0.999997 -0.00064856 0.0106127 0.0141899 0.000616415 0.999899 -0.999707
90 91 17440 0.999958 0.00377161 -0.00839125 -0.00260546 -0.00379705 0.999988 -0.00301822 0.00834539 0.00837977 0.00304996 0.99996 -0.999962
90 92 18217 0.999845 0.000785387 -0.0175764 -0.0788544 -0.000859439 0.999991 -0.00420599 0.0271147 0.0175729 0.00422044 0.999837 -0.996517
90 93 16321 0.999327 -0.00475051 -0.0363772 0.0336796 0.00459636 0.99998 -0.00432007 0.0309643 0.036397 0.00414996 0.999329 -0.998953
90 94 14171 0.99843 -0.0112881 -0.0548708 0.0497737 0.0110441 0.999928 -0.00474679 0.0230791 0.0549204 0.00413334 0.998482 -0.998494
95 96 15454 0.999636 0.00408584 -0.0266853 -0.0513389 -0.0041078 0.999991 -0.000767983 0.00864128 0.0266819 0.000877321 0.999644 -0.998644
95 97 15623 0.998151 0.0040394 -0.0606535 0.0582006 -0.00427035 0.999984 -0.00367869 0.0345061 0.0606377 0.0039309 0.998152 -0.997708
95 98 16543 0.996648 0.00425948 -0.0816984 -0.0995064 -0.00468086 0.999977 -0.00496687 0.026436 0.0816753 0.00533264 0.996645 -0.994686
95 99 12842 0.991853 0.00391571 -0.127331 0.0205073 -0.00484452 0.999964 -0.00698556 0.0310879 0.127299 0.0075455 0.991836 -0.999306
100 101 15934 0.998864 -0.000144769 -0.0476539 -0.0132457 0.000121547 1 -0.000490205 0.0123296 0.047654 0.000483856 0.998864 -0.999836
100 102 16225 0.995221 -0.00255206 -0.0976106 -0.0169419 0.00261869 0.999996 0.000554541 0.0181099 0.0976089 -0.000807503 0.995225 -0.999692
100 103 15978 0.989031 -0.00195616 -0.147695 -0.0355825 0.00242919 0.999992 0.00302238 0.00898183 0.147688 -0.00334801 0.989028 -0.999326
100 104 12469 0.976701 -0.00159619 -0.2146 0.0569684 0.00274262 0.999984 0.00504451 0.0132349 0.214589 -0.00551554 0.976689 -0.998288
105 106 16403 0.998107 0.000891655 -0.0615029 -0.208285 -0.000884727 1 0.00013987 0.0363699 0.061503 -8.51922e-05 0.998107 -0.977392
105 107 16526 0.990808 0.00244543 -0.135255 -0.00407256 -0.00224201 0.999996 0.0016563 0.0257948 0.135259 -0.00133783 0.990809 -0.999659
105 108 14504 0.980603 0.00148088 -0.195998 -0.0224653 -0.00110776 0.999997 0.00201334 0.019142 0.196 -0.00175716 0.980602 -0.999564
105 109 12408 0.964189 0.0053454 -0.265161 0.0536497 -0.00447295 0.999982 0.00389401 0.00377556 0.265177 -0.00256851 0.964196 -0.998553
110 111 18142 0.997973 0.00150546 -0.0636142 -0.0928311 -0.00144413 0.999998 0.00101007 -0.0312303 0.0636156 -0.000916154 0.997974 -0.995192
110 112 17939 0.99224 0.00608307 -0.124187 -0.0901415 -0.005668 0.999977 0.00369536 -0.0471747 0.124207 -0.00296279 0.992252 -0.994811
110 113 16163 0.982883 0.00850406 -0.184037 -0.0473704 -0.00843937 0.999964 0.0011348 0.0150757 0.18404 0.000437779 0.982919 -0.998764
110 114 13932 0.971375 0.00791106 -0.237419 -0.0349406 -0.00707422 0.999965 0.00437654 -0.000935982 0.237445 -0.00257171 0.971398 -0.999389
115 116 17596 0.99873 -8.03567e-05 -0.0503922 -0.107325 0.000232061 0.999995 0.00300462 -0.0389996 0.0503917 -0.0030125 0.998725 -0.993459
115 117 16389 0.995161 0.00736628 -0.0979797 -0.0701262 -0.0071925 0.999972 0.00212674 0.0120567 0.0979926 -0.00141173 0.995186 -0.997465
115 118 14400 0.989887 0.0199472 -0.140449 -0.0620257 -0.0199315 0.9998 0.00151838 0.0188359 0.140451 0.00129634 0.990087 -0.997897
115 119 12479 0.983613 0.0248299 -0.178576 -0.0453162 -0.0250443 0.999686 0.00105412 0.00285124 0.178546 0.00343546 0.983926 -0.998969
120 121 17174 0.999463 -0.0111847 -0.0308049 -0.0472983 0.0112944 0.99993 0.00338812 0.0497588 0.0307648 -0.00373423 0.99952 -0.997641
120 122 14101 0.99815 -0.0151271 -0.0588876 -0.0510188 0.0156478 0.999842 0.00839099 0.0119285 0.0587514 -0.00929693 0.998229 -0.998626
120 123 11718 0.99587 -0.0171831 -0.0891511 0.016178 0.017965 0.999807 0.00797545 0.0342097 0.0889968 -0.00954411 0.995986 -0.999284
120 124 8896 0.993911 -0.00601316 -0.110021 -0.00792912 0.00757515 0.999876 0.0137846 0.0101993 0.109925 -0.0145341 0.993834 -0.999917
125 126 14356 0.999822 0.00209278 -0.0187481 -0.097995 -0.0019879 0.999982 0.00561075 0.0114088 0.0187595 -0.00557248 0.999808 -0.995122
125 127 10847 0.999298 -0.000566558 -0.0374712 -0.0103667 0.000845982 0.999972 0.00744159 -0.0209501 0.037466 -0.00746806 0.99927 -0.999727
125 128 9153 0.998598 -0.0042564 -0.0527606 0.000736542 0.00439324 0.999987 0.00247787 -0.00231943 0.0527494 -0.00270619 0.998604 -0.999997
125 129 7694 0.99781 -0.00258975 -0.0660938 -0.0110001 0.00252381 0.999996 -0.00108124 0.00282266 0.0660963 0.000912069 0.997813 -0.999936
130 131 15370 0.999937 0.00314236 -0.0108181 -0.0336754 -0.00315917 0.999994 -0.00153731 0.0258453 0.0108132 0.00157139 0.99994 -0.999099
130 132 12989 0.999699 0.00901494 -0.0228044 -0.00660654 -0.00898595 0.999959 0.00137326 -0.00780819 0.0228159 -0.00116793 0.999739 -0.999948
130 133 10616 0.999531 0.00651592 -0.0299274 -0.0151736 -0.00649598 0.999979 0.000763432 0.0169404 0.0299317 -0.000568666 0.999552 -0.999741
130 134 9038 0.999341 0.0104759 -0.0347448 -0.00973276 -0.0103779 0.999942 0.00299984 -0.00385147 0.0347742 -0.00263728 0.999392 -0.999945
135 136 12789 0.999985 -0.000412345 -0.0054724 -0.026023 0.000411869 1 -8.80334e-05 0.011959 0.00547244 8.57781e-05 0.999985 -0.99959
135 137 11994 0.999948 0.00307739 -0.00973154 0.00366189 -0.0030501 0.999991 0.0028186 -0.0132464 0.00974013 -0.00278877 0.999949 -0.999906
135 138 9843 0.999905 0.00251223 -0.0135671 0.00990963 -0.00249886 0.999996 0.00100218 -0.00586996 0.0135695 -0.000968179 0.999907 -0.999934
135 139 8240 0.999845 0.00650879 -0.0163535 0.00458684 -0.00647885 0.999977 0.00188303 -0.00913169 0.0163653 -0.00177678 0.999865 -0.999948
140 141 10745 0.999982 0.00589676 -0.000742813 0.0057487 -0.00589737 0.999982 -0.000816689 0.0148819 0.000737984 0.000821055 0.999999 -0.999873
140 142 10544 0.999965 0.0083458 -0.000733322 0.0212487 -0.00834651 0.999965 -0.000967728 0.0121294 0.00072522 0.000973815 0.999999 -0.999701
140 143 8928 0.999908 0.0127252 0.00475653 -0.0194444 -0.0127156 0.999917 -0.00203648 0.0178474 -0.00478205 0.00197581 0.999987 -0.999652
140 144 8671 0.999892 0.0132995 0.00617446 -0.00833034 -0.0133066 0.999911 0.00111412 -0.00539661 -0.00615909 -0.00119616 0.99998 -0.999951
145 146 11094 0.999984 0.00343742 0.004421 -0.022352 -0.00342724 0.999991 -0.00230981 0.0076969 -0.0044289 0.00229463 0.999988 -0.999721
145 147 10702 0.99996 0.00197116 0.00875064 0.00034669 -0.00194312 0.999993 -0.0032113 0.00778041 -0.0087569 0.00319416 0.999957 -0.99997
145 148 9851 0.999923 -0.0020691 0.012214 0.00837016 0.00213451 0.999983 -0.00534411 0.00814227 -0.0122028 0.00536977 0.999911 -0.999932
145 149 8622 0.999864 -0.00139614 0.0164469 -0.00552895 0.00148852 0.999983 -0.00560587 0.00484478 -0.0164388 0.00562958 0.999849 -0.999973
150 151 10653 0.999998 -0.0011034 0.0018983 0.0648585 0.00109378 0.999987 0.0050594 -0.0318242 -0.00190385 -0.00505731 0.999985 -0.997387
150 152 10057 0.99996 -0.00657973 0.00603174 -0.0201946 0.00653072 0.999946 0.00810916 0.000605746 -0.00608477 -0.00806944 0.999949 -0.999796
150 153 9423 0.999937 -0.010938 0.00254664 0.0319346 0.010905 0.999861 0.0126012 -0.00392454 -0.00268411 -0.0125726 0.999917 -0.999482
150 154 7657 0.99993 -0.0107951 0.00484224 0.00743783 0.0107458 0.999891 0.0100961 0.00867492 -0.0049507 -0.0100434 0.999937 -0.999935
155 156 14350 0.999996 0.00115798 0.00248289 -0.0390304 -0.00115201 0.999996 -0.00240253 0.0302981 -0.00248566 0.00239966 0.999994 -0.998779
155 157 13151 0.999999 -0.000756752 -0.00137172 0.0277753 0.00075256 0.999995 -0.0030535 0.021045 0.00137402 0.00305247 0.999994 -0.999393
155 158 10376 0.999995 -0.00311512 0.00105652 -0.0151058 0.00311865 0.999989 -0.00335893 0.0260062 -0.00104605 0.00336221 0.999994 -0.999548
155 159 8295 0.999957 -0.00917859 0.00158667 -0.000259435 0.00918258 0.999955 -0.00252633 0.0233861 -0.00156341 0.00254079 0.999996 -0.999726
160 161 16725 0.999994 -0.00353951 -0.000648767 -0.0266603 0.0035391 0.999994 -0.000638949 0.0161002 0.000651025 0.000636649 1 -0.999515
160 162 13013 0.999966 -0.00527989 -0.00626936 0.00842742 0.00525757 0.99998 -0.00357177 0.021217 0.00628809 0.00353869 0.999974 -0.999739
160 163 9202 0.999905 -0.00754147 -0.0115477 0.0262968 0.00748562 0.99996 -0.00487201 0.0121399 0.011584 0.0047851 0.999921 -0.99958
160 164 6446 0.999852 -0.00680754 -0.0157834 0.00374049 0.00671734 0.999961 -0.005761 0.00423678 0.015822 0.00565413 0.999859 -0.999984
165 166 13463 0.999973 0.00181934 -0.00706764 -0.0211367 -0.00181665 0.999998 0.000386065 0.00686687 0.00706833 -0.000373215 0.999975 -0.999753
165 167 10517 0.999835 0.00121643 -0.01811 -0.00394597 -0.00118275 0.999998 0.00187016 -0.000113042 0.0181123 -0.00184844 0.999834 -0.999992
165 168 8103 0.999531 -0.00447188 -0.0302922 0.0152202 0.0044745 0.99999 1.88993e-05 0.0215262 0.0302918 -0.000154433 0.999541 -0.999652
165 169 6121 0.999134 -0.00522161 -0.0412822 0.0233377 0.00517346 0.999986 -0.00127309 0.0252779 0.0412883 0.00105841 0.999147 -0.999408
170 171 10738 0.999942 -0.000266384 -0.0107879 0.00500514 0.000269016 1 0.000242547 0.0133689 0.0107879 -0.000245435 0.999942 -0.999898
170 172 9005 0.999675 -0.000658296 -0.0254975 0.0756954 0.000725424 0.999996 0.00262356 -0.0143843 0.0254957 -0.0026412 0.999671 -0.997027
170 173 6837 0.999509 0.00143487 -0.0313072 -0.00587754 -0.00135221 0.999996 0.00266107 0.0102232 0.0313109 -0.00261742 0.999506 -0.99993
170 174 5779 0.999132 0.000813012 -0.0416417 -0.00996133 -0.000736316 0.999998 0.00185712 0.0229974 0.0416432 -0.00182484 0.999131 -0.999686
175 176 10655 0.999948 0.000449271 -0.0101461 -0.0184389 -0.00043491 0.999999 0.0014176 -0.00540306 0.0101467 -0.00141312 0.999948 -0.999815
175 177 9222 0.999854 0.0021569 -0.016974 -0.0360413 -0.00216866 0.999997 -0.000674456 0.0223083 0.0169725 0.000711168 0.999856 -0.999101
175 178 8733 0.999606 0.00211907 -0.0280015 0.00411249 -0.00214661 0.999997 -0.00095337 0.0276492 0.0279994 0.0010131 0.999607 -0.999609
175 179 7139 0.999468 0.00379839 -0.0323829 -0.00636323 -0.00383194 0.999992 -0.000974264 0.0146726 0.0323789 0.00109784 0.999475 -0.999872
180 181 13374 0.999976 0.00461981 -0.00522557 0.00891082 -0.00462418 0.999989 -0.000824075 -0.00480795 0.0052217 0.000848219 0.999986 -0.999949
180 182 11548 0.999968 0.00454401 -0.00660846 0.00373803 -0.00456125 0.999986 -0.00259664 -0.000106528 0.00659657 0.0026267 0.999975 -0.999993
180 183 9410 0.999948 0.00665504 -0.00775677 -0.0119495 -0.00667736 0.999974 -0.00285424 0.00738489 0.00773758 0.00290589 0.999966 -0.999901
180 184 8134 0.99996 0.00294939 -0.00848456 -0.00756514 -0.00298057 0.999989 -0.00366511 0.0210389 0.00847366 0.00369025 0.999957 -0.99975
185 186 13546 0.999997 0.00117172 0.00203743 -0.00366343 -0.00117463 0.999998 0.00142825 0.015469 -0.00203575 -0.00143064 0.999997 -0.999874
185 187 12011 0.999962 0.00157988 0.00862259 -0.00585123 -0.00159543 0.999997 0.00179684 0.012362 -0.00861972 -0.00181053 0.999961 -0.999906
185 188 11318 0.999893 -0.00383015 0.0141104 0.0230122 0.00378511 0.999988 0.00321789 0.0239418 -0.0141225 -0.00316414 0.999895 -0.999448
185 189 9585 0.999686 -0.00291174 0.0248891 0.0173215 0.0028231 0.99999 0.00359556 0.0176906 -0.0248993 -0.00352417 0.999684 -0.999693
190 191 16071 0.999892 -0.00243526 0.0144685 0.0856988 0.00242625 0.999997 0.000640281 0.0511568 -0.01447 -0.000605108 0.999895 -0.995007
190 192 14639 0.999297 -0.000338953 0.0374812 0.0115329 0.000185163 0.999992 0.00410653 0.00739656 -0.0374822 -0.00409671 0.999289 -0.999906
190 193 11984 0.997856 -0.000567942 0.0654505 -0.0143932 8.54188e-05 0.999973 0.00737489 0.00794125 -0.0654529 -0.00735349 0.997829 -0.999865
190 194 10512 0.995755 -0.00471077 0.0919212 -0.0179668 0.00392923 0.999955 0.00868137 0.0191663 -0.0919579 -0.00828334 0.995728 -0.999655
195 196 14102 0.999255 0.00031906 0.0385935 0.0252685 -0.00022207 0.999997 -0.00251739 -0.00424737 -0.0385942 0.00250694 0.999252 -0.999672
195 197 14308 0.996836 -0.000922612 0.0794783 0.0278253 0.00139085 0.999982 -0.0058363 0.0210588 -0.0794715 0.00592838 0.99682 -0.999391
195 198 12017 0.992465 -0.00230684 0.122506 0.0358399 0.00373719 0.999927 -0.0114473 0.0305909 -0.12247 0.0118189 0.992402 -0.998889
195 199 8920 0.984657 -0.00380783 0.17446 -0.015471 0.00613957 0.999899 -0.0128277 0.00830289 -0.174393 0.013702 0.984581 -0.999846
200 201 14429 0.998715 -0.000493099 0.0506817 0.224387 0.000463129 1 0.000603076 -0.00394383 -0.050682 -0.000578828 0.998715 -0.974492
200 202 9019 0.992726 0.00259827 0.120367 0.0261198 -0.00301155 0.99999 0.00325174 -0.0122374 -0.120358 -0.00359058 0.992724 -0.999584
200 203 4997 0.983972 0.00769784 0.178158 0.0520213 -0.00789795 0.999969 0.000413984 0.0514219 -0.178149 -0.00181443 0.984002 -0.997321
200 204 2899 0.967672 0.00832885 0.252073 -0.0581645 -0.0111575 0.99989 0.00979411 0.00245436 -0.251964 -0.01229 0.967659 -0.998304
205 206 10876 0.997565 -0.000982853 0.06973 0.0579326 0.000806584 0.999996 0.00255598 -0.00480553 -0.0697322 -0.00249351 0.997563 -0.998309
205 207 8250 0.990478 0.00150304 0.137666 0.0311718 -0.00202394 0.999991 0.0036439 0.00517797 -0.13766 -0.00388783 0.990472 -0.999501
205 208 5911 0.979082 0.00529625 0.203396 0.0241452 -0.00543634 0.999985 0.00013005 0.0141306 -0.203393 -0.00123306 0.979096 -0.999609
205 209 5316 0.961904 0.00803496 0.273271 -0.0323018 -0.00607491 0.999949 -0.00801796 0.0397514 -0.273322 0.0060524 0.961904 -0.998687
210 211 10900 0.997808 -0.000111019 0.0661788 0.10575 0.000548932 0.999978 -0.00659897 0.0364304 -0.0661766 0.00662083 0.997786 -0.993725
210 212 8723 0.991984 2.78443e-05 0.126365 0.0709197 0.00175615 0.9999 -0.0140064 0.0365313 -0.126352 0.0141161 0.991885 -0.996813
210 213 7504 0.983126 -0.00556784 0.182844 0.0372319 0.00851263 0.999846 -0.0153246 0.0271131 -0.182731 0.0166225 0.983022 -0.998939
210 214 5703 0.973178 -0.00218933 0.230042 0.016773 0.00726731 0.999748 -0.0212292 0.0377034 -0.229938 0.0223316 0.972949 -0.999148
215 216 8290 0.999342 -0.00504625 0.0359108 0.159519 0.00494811 0.999984 0.00282142 -0.00110637 -0.0359245 -0.00264187 0.999351 -0.987194
215 217 9238 0.997369 -0.00343539 0.0724081 -0.0339913 0.0032008 0.999989 0.00335555 -0.0133505 -0.0724188 -0.00311496 0.997369 -0.999333
215 218 8380 0.995713 -0.00134932 0.0924847 0.0118756 0.00104096 0.999994 0.00338236 0.01404 -0.0924887 -0.00327159 0.995708 -0.999831
215 219 8125 0.993787 0.00835223 0.110989 -0.0315285 -0.00879205 0.999955 0.00347395 -0.0157009 -0.110955 -0.00442819 0.993816 -0.99938
220 221 8263 0.999935 -0.00459496 0.0103996 0.0239854 0.00461269 0.999988 -0.00168091 0.0208663 -0.0103918 0.00172877 0.999945 -0.999495
220 222 9478 0.999776 -0.012996 0.0167273 -0.037496 0.0129625 0.999914 0.00211088 -0.00330719 -0.0167533 -0.00189358 0.999858 -0.999291
220 223 8343 0.999647 -0.0190878 0.0185074 0.0319603 0.0190067 0.999809 0.00454909 0.00962339 -0.0185907 -0.00419572 0.999818 -0.999443
220 224 8443 0.999674 -0.0155353 0.0202395 0.0250284 0.0153611 0.999844 0.00873544 -0.00810325 -0.0203721 -0.00842169 0.999757 -0.999654
225 226 9551 0.999985 0.00341194 -0.00433733 -0.0556471 -0.00338065 0.999968 0.00720085 -0.0406075 0.00436177 -0.00718607 0.999965 -0.997624
225 227 10388 0.999945 0.00458784 -0.0094006 -0.00118715 -0.00447644 0.99992 0.0118371 -0.0162387 0.00945416 -0.0117943 0.999886 -0.999867
225 228 8646 0.999915 -0.00107177 -0.0129799 0.00803898 0.00121227 0.999941 0.0108217 -0.0200113 0.0129675 -0.0108365 0.999857 -0.999767
225 229 8142 0.999732 -0.00838958 -0.0215883 0.0495427 0.00850725 0.999949 0.00536428 0.00809571 0.0215422 -0.0055465 0.999753 -0.998739
230 231 9979 0.99999 0.00339498 -0.00292984 -0.0172865 -0.00341257 0.999976 -0.00602217 0.0200731 0.00290933 0.00603211 0.999978 -0.999649
230 232 9376 0.999974 0.00250738 -0.0068318 0.0106765 -0.00258485 0.999932 -0.0113544 0.0178508 0.00680286 0.0113717 0.999912 -0.999784
230 233 9818 0.999912 0.0103674 -0.00828511 -0.0270757 -0.0104534 0.999891 -0.0103999 0.0118873 0.00817639 0.0104856 0.999912 -0.999563
230 234 8531 0.999823 0.0162995 -0.00942882 -0.00711837 -0.0163771 0.999832 -0.00820614 0.0196514 0.00929348 0.0083591 0.999922 -0.999782
235 236 8888 0.999999 -0.000364746 0.00111886 -0.00814542 0.000356967 0.999976 0.00694557 -0.0248393 -0.00112137 -0.00694517 0.999975 -0.999658
235 237 7751 0.999989 -0.00106531 0.00457451 -0.00901427 0.00102261 0.999956 0.00932538 0.00844297 -0.00458425 -0.0093206 0.999946 -0.999924
235 238 7564 0.999977 0.00246106 0.0063318 -0.000117648 -0.00250036 0.999978 0.00620675 -0.00689171 -0.00631638 -0.00622244 0.999961 -0.999976
235 239 6363 0.999962 -0.00677736 0.00544226 0.017416 0.00678542 0.999976 -0.00146395 0.00137517 -0.00543221 0.00150082 0.999984 -0.999847
240 241 7189 0.999997 -0.00137706 0.00194692 0.0139951 0.0013757 0.999999 0.000700719 0.010128 -0.00194788 -0.000698038 0.999998 -0.999851
240 242 7556 0.999955 -0.00900532 0.00294386 0.0432143 0.00898724 0.999941 0.00609666 0.00784542 -0.00299859 -0.00606993 0.999977 -0.999035
240 243 6469 0.999946 -0.00690807 0.00777071 0.00626694 0.00682331 0.999918 0.0108817 -0.00223679 -0.00784524 -0.0108281 0.999911 -0.999978
240 244 5791 0.999923 -0.00730126 0.0100817 0.0114515 0.00716443 0.999883 0.0135422 0.00232074 -0.0101794 -0.0134689 0.999857 -0.999932
245 246 7537 0.999987 0.00337402 0.00371035 -0.0346841 -0.00336645 0.999992 -0.00204406 0.00341385 -0.00371722 0.00203154 0.999991 -0.999392
245 247 8246 0.999971 0.00369434 0.00668903 -0.029357 -0.00366228 0.999982 -0.0048002 0.0237239 -0.00670664 0.00477556 0.999966 -0.999287
245 248 7119 0.999923 0.00930255 0.00826335 -0.027041 -0.00924573 0.999934 -0.0068875 0.00451516 -0.00832687 0.00681056 0.999942 -0.999624
245 249 6284 0.999926 0.00930954 0.00776896 -0.0109591 -0.00925565 0.999933 -0.0069438 -0.0017137 -0.00783309 0.00687139 0.999946 -0.999938
250 251 8357 0.99998 -0.00558286 -0.00280379 0.0596735 0.00558878 0.999982 0.00211095 -0.00426441 0.00279195 -0.00212658 0.999994 -0.998209
250 252 8022 0.999955 -0.00952709 -8.13897e-05 0.00144296 0.00952739 0.999941 0.00522304 0.0122537 3.16246e-05 -0.00522358 0.999986 -0.999924
250 253 7599 0.999829 -0.0180701 -0.00385877 0.041423 0.0180992 0.999807 0.00764103 -0.0070609 0.00371995 -0.00770957 0.999963 -0.999117
250 254 6902 0.999728 -0.0230205 -0.00382764 0.00472553 0.023047 0.99971 0.00703708 -0.00287626 0.00366453 -0.00712338 0.999968 -0.999985
255 256 7847 0.999995 -0.00129511 -0.00295255 0.0101583 0.00129536 0.999999 8.1226e-05 0.0345247 0.00295244 -8.50502e-05 0.999996 -0.999352
255 257 7965 0.999985 -0.00062954 -0.0054299 0.00884391 0.000641505 0.999997 0.00220197 0.0248589 0.0054285 -0.00220542 0.999983 -0.999652
255 258 7381 0.999961 0.00571752 -0.00674136 0.0174776 -0.00570191 0.999981 0.00233258 -0.00255528 0.00675457 -0.00229405 0.999975 -0.999844
255 259 6450 0.999844 0.0176071 -0.00121373 -0.0491074 -0.0176013 0.999834 0.0046175 0.00168592 0.00129483 -0.00459542 0.999989 -0.998792
260 261 8059 0.999983 -0.00328271 -0.00478669 0.0708395 0.00326983 0.999991 -0.00269653 0.015958 0.0047955 0.00268083 0.999985 -0.99736
260 262 7761 0.999989 -0.00420876 -0.00224069 -0.00271967 0.00419142 0.999962 -0.00768615 0.000272715 0.00227295 0.00767667 0.999968 -0.999996
260 263 7217 0.999983 -0.00568007 0.00107142 -0.0383099 0.00569192 0.999919 -0.0114071 0.00830733 -0.00100654 0.0114131 0.999934 -0.999231
260 264 6219 0.999954 -0.00831584 -0.00483319 -0.00535748 0.00828333 0.999943 -0.00670863 0.0180662 0.00488871 0.00666828 0.999966 -0.999822
265 266 7356 0.999997 0.00237422 1.61819e-05 0.0132873 -0.00237427 0.999968 0.00761355 0.0123951 1.89485e-06 -0.00761357 0.999971 -0.999835
265 267 7634 0.999995 0.00301757 0.000790824 0.0168135 -0.00301769 0.999995 0.00014899 -0.000547509 -0.000790371 -0.000151376 1 -0.999858
265 268 6192 0.999955 0.0093427 0.00182378 0.0118499 -0.00930211 0.999734 -0.021121 0.0292429 -0.00202063 0.0211031 0.999775 -0.999502
265 269 5178 0.999944 0.00872611 0.0060373 -0.0180621 -0.00850774 0.999341 -0.0352966 0.0368365 -0.00634132 0.0352432 0.999359 -0.999158
270 271 6766 0.999989 -0.00361189 0.00307586 -0.0411598 0.00356183 0.999864 0.01613 0.00206055 -0.0031337 -0.0161189 0.999865 -0.99915
270 272 6700 0.999996 -0.00265919 0.00105595 0.0468168 0.00263238 0.999693 0.024628 -0.0171087 -0.00112111 -0.0246251 0.999696 -0.998757
270 273 6270 0.999995 0.000961769 0.00308377 0.0275962 -0.00104161 0.999662 0.0259952 -0.00729179 -0.00305773 -0.0259983 0.999657 -0.999593
270 274 5532 0.999957 0.0017788 0.00910958 -0.0199057 -0.00200124 0.999699 0.0244678 -0.00408058 -0.00906331 -0.0244849 0.999659 -0.999794
275 276 8318 0.999992 2.99384e-05 0.00391208 0.0488836 -4.40231e-05 0.999994 0.00360029 -0.0132998 -0.00391195 -0.00360043 0.999986 -0.998716
275 277 7284 0.999957 -0.00608738 0.00699025 0.0219455 0.00607035 0.999979 0.0024545 0.00979562 -0.00700504 -0.00241196 0.999973 -0.999711
275 278 6440 0.999876 -0.0131205 0.00867291 0.0252816 0.0131023 0.999912 0.00215501 0.00845254 -0.00870042 -0.00204111 0.99996 -0.999645
275 279 6001 0.999837 -0.0121612 0.0133331 0.0038317 0.012134 0.999924 0.00211794 0.00794684 -0.0133578 -0.00195582 0.999909 -0.999961
280 281 9895 0.999983 0.00438616 0.00379403 -0.0410592 -0.00438672 0.99999 0.000138169 0.0268705 -0.00379339 -0.00015481 0.999993 -0.998795
280 282 8198 0.999999 0.00064658 0.00151059 0.0412323 -0.000652427 0.999992 0.00387356 -0.00583933 -0.00150807 -0.00387454 0.999991 -0.999133
280 283 7280 0.999915 0.00598052 0.0115941 -0.0374409 -0.00610232 0.999926 0.0104986 -0.0357753 -0.0115304 -0.0105684 0.999878 -0.998658
280 284 6260 0.999812 0.0128211 0.0145154 0.00927564 -0.0129129 0.999897 0.00624658 0.0296026 -0.0144339 -0.00643284 0.999875 -0.999519
285 286 9259 0.999975 0.00212462 0.00680963 -0.012646 -0.00206571 0.99996 -0.0086464 0.0254921 -0.00682774 0.00863212 0.999939 -0.999595
285 287 9138 0.999948 0.00183088 0.00998351 0.0169903 -0.00166288 0.999857 -0.0168101 0.00658407 -0.0100129 0.0167927 0.999809 -0.999834
285 288 7988 0.999897 -0.00472087 0.01358 0.0143087 0.00497788 0.999808 -0.0189543 0.0176702 -0.0134879 0.0190199 0.999728 -0.999741
285 289 7182 0.999747 -0.00615504 0.0216517 -0.0171455 0.00646694 0.999876 -0.014365 0.00928157 -0.0215605 0.0145014 0.999662 -0.99981
290 291 12182 0.999947 0.00478635 0.00912493 -0.0917168 -0.00483581 0.999974 0.00540512 0.0118372 -0.00909882 -0.00544896 0.999944 -0.995715
290 292 10263 0.999886 0.00651679 0.0136128 -0.00503725 -0.00657418 0.99997 0.00417539 0.0182573 -0.0135852 -0.00426441 0.999899 -0.999821
290 293 8863 0.999785 -0.00353951 0.0204139 0.0124838 0.00351635 0.999993 0.00117022 0.0126649 -0.0204179 -0.00109818 0.999791 -0.999842
290 294 7151 0.999604 -0.00824228 0.0269165 0.00834904 0.00814996 0.999961 0.00353783 0.00390138 -0.0269446 -0.00331706 0.999631 -0.999958
295 296 10853 0.999963 0.000247587 0.00864641 0.0093413 -0.00027187 0.999996 0.00280737 -0.00758973 -0.00864568 -0.00280961 0.999959 -0.999928
295 297 9974 0.999827 0.000980676 0.0185943 -0.0295184 -0.000971262 0.999999 -0.000515287 0.0114683 -0.0185948 0.000497138 0.999827 -0.999498
295 298 7045 0.999712 -0.00160455 0.0239502 -0.00235067 0.0017396 0.999983 -0.00561907 0.00934761 -0.0239408 0.00565912 0.999697 -0.999954
295 299 5459 0.999397 -0.00334881 0.0345692 -0.00237174 0.00377963 0.999916 -0.0124045 0.0163917 -0.0345248 0.0125277 0.999325 -0.999863
300 301 7234 0.999979 -5.77793e-05 0.00644652 0.00612057 7.92956e-05 0.999994 -0.00333745 0.0352071 -0.00644629 0.00333789 0.999974 -0.999361
300 302 6882 0.999944 0.00062578 0.0105523 0.00501063 -0.000618509 1 -0.000692251 0.0129029 -0.0105527 0.000685686 0.999944 -0.999904
300 303 5970 0.999879 -0.0041174 0.0150216 0.0104964 0.00404855 0.999981 0.00461142 0.00622166 -0.0150403 -0.00455004 0.999877 -0.999926
300 304 5769 0.999733 -0.0087398 0.0214054 -0.0214605 0.00845425 0.999875 0.0133946 0.00338902 -0.0215197 -0.0132101 0.999681 -0.999764
305 306 8677 0.999985 0.000592267 0.0053596 -0.0288219 -0.000564771 0.999987 -0.00513036 -0.000937102 -0.00536256 0.00512726 0.999972 -0.999584
305 307 7278 0.999975 -0.00552878 0.00447618 0.0261915 0.00559805 0.999862 -0.015613 0.0151418 -0.00438925 0.0156376 0.999868 -0.999542
305 308 5773 0.99992 -0.0076053 0.0100801 0.0131548 0.00784701 0.999677 -0.0241608 0.0277617 -0.00989308 0.024238 0.999657 -0.999528
305 309 5025 0.999863 -0.000773921 0.0165322 -0.0128119 0.00112729 0.999771 -0.0213758 0.0301737 -0.0165119 0.0213915 0.999635 -0.999463
310 311 7095 0.999971 0.00302662 0.00703465 -0.00972462 -0.00306358 0.999982 0.00524833 -0.00999093 -0.00701864 -0.00526973 0.999961 -0.999903
310 312 6497 0.999908 -0.00211675 0.0133786 0.0146514 0.00206047 0.999989 0.00421943 -0.00641073 -0.0133874 -0.00419148 0.999902 -0.999872
310 313 6154 0.999705 0.000452363 0.0242699 -0.0379431 -0.000420498 0.999999 -0.00131802 0.00702944 -0.0242704 0.00130743 0.999705 -0.999255
310 314 5012 0.999588 0.00474084 0.0283106 0.0109232 -0.00461865 0.99998 -0.00437993 0.00776864 -0.0283308 0.00424737 0.99959 -0.99991
315 316 7860 0.999958 0.0058573 0.00700947 -0.0232778 -0.00585661 0.999983 -0.000118588 0.02004 -0.00701005 7.75308e-05 0.999975 -0.999528
315 317 7927 0.999909 0.00656812 0.0117649 -0.00426282 -0.00665881 0.999948 0.00768573 0.00680512 -0.0117138 -0.00776337 0.999901 -0.999968
315 318 6736 0.999757 0.0105121 0.0193708 -0.0162302 -0.0108445 0.999794 0.0171364 0.00820967 -0.0191867 -0.0173423 0.999666 -0.999835
315 319 5755 0.999371 0.0229185 0.0270667 -0.0199002 -0.023515 0.999483 0.0219274 -0.00866727 -0.0265502 -0.02255 0.999393 -0.999764
320 321 8624 0.999953 -0.00885137 0.00403575 -0.00362607 0.00890548 0.999868 -0.0135909 0.0186633 -0.00391492 0.0136262 0.999899 -0.999819
320 322 7708 0.999818 -0.0156868 0.0108481 -0.00300695 0.0159 0.999676 -0.0198523 0.0173974 -0.0105332 0.0200211 0.999744 -0.999844
320 323 6135 0.999827 -0.0127075 0.01359 0.0154035 0.0129462 0.999761 -0.0176207 0.0193931 -0.0133628 0.0177936 0.999752 -0.999693
320 324 5541 0.999801 -0.0126934 0.0154138 0.012408 0.0128039 0.999893 -0.00709392 0.0150434 -0.0153221 0.00728986 0.999856 -0.99981
325 326 10022 1 0.000431554 0.000188798 0.0335218 -0.000432518 0.999987 0.00513281 -0.018792 -0.00018658 -0.00513289 0.999987 -0.999261
325 327 8473 0.999976 0.00459656 0.0052618 -0.0182472 -0.00458867 0.999988 -0.00151079 0.0183058 -0.00526869 0.00148661 0.999985 -0.999666
325 328 6861 0.999971 0.00688533 0.00330304 0.0236606 -0.00684529 0.999905 -0.0119822 0.0340835 -0.00338523 0.0119592 0.999923 -0.999139
325 329 5513 0.999966 0.00706534 0.00418486 -0.000340896 -0.00699028 0.999819 -0.0176885 0.0347081 -0.00430908 0.0176586 0.999835 -0.999397
330 331 11322 0.999991 0.00221983 0.00373265 -0.0373826 -0.00225411 0.999955 0.00920285 0.00397855 -0.00371206 -0.00921117 0.999951 -0.999293
330 332 10312 0.999895 0.0131914 0.00596822 -0.0259513 -0.0133247 0.99965 0.0228687 -0.0186371 -0.00566446 -0.0229458 0.999721 -0.999489
330 333 7833 0.999711 0.0235251 0.00489655 -0.00331657 -0.0236401 0.999409 0.0249415 -0.00109709 -0.00430691 -0.02505 0.999677 -0.999994
330 334 6742 0.999762 0.021493 0.00365208 0.0133951 -0.0215688 0.999522 0.0221457 -0.00643543 -0.00317436 -0.0222192 0.999748 -0.99989
335 336 12782 0.999998 0.00203658 0.000756792 0.0411324 -0.00203523 0.999996 -0.00177271 -0.0147067 -0.000760399 0.00177116 0.999998 -0.999045
335 337 10229 0.999986 -0.000793193 0.00529472 -0.0401656 0.000785257 0.999999 0.00150088 0.0087552 -0.00529591 -0.0014967 0.999985 -0.999155
335 338 7738 0.999991 0.00097388 0.00405732 -0.00928153 -0.000997512 0.999983 0.00582667 0.0110763 -0.00405157 -0.00583066 0.999975 -0.999896
335 339 4936 0.999944 -0.0104881 0.00168515 -0.000961627 0.0104748 0.999915 0.00770762 0.00727624 -0.00176585 -0.00768953 0.999969 -0.999973
340 341 9088 0.99999 -0.00446164 0.000658032 0.0383353 0.0044636 0.999985 -0.00301588 0.0157144 -0.000644566 0.00301878 0.999995 -0.999141
340 342 7080 0.999982 -0.00529481 0.00271512 -0.0112429 0.00530982 0.99997 -0.00555265 0.0139894 -0.00268564 0.00556697 0.999981 -0.999839
340 343 5362 0.999926 -0.0118661 0.00251179 -0.0111939 0.0118797 0.999915 -0.00544087 0.0215679 -0.00244701 0.00547031 0.999982 -0.999705
340 344 4076 0.999972 -0.00707219 0.00249446 0.0126613 0.0070761 0.999974 -0.00156251 0.00722573 -0.00248334 0.00158012 0.999996 -0.999894
345 346 8137 0.999996 -0.00249985 0.0010264 0.0153528 0.00249959 0.999997 0.000255234 -0.00380779 -0.00102704 -0.000252668 0.999999 -0.999875
345 347 7287 0.999981 0.00278891 0.00548482 -0.0234261 -0.00273269 0.999944 -0.010231 0.0200241 -0.00551304 0.0102158 0.999933 -0.999525
345 348 5618 0.999985 -0.00082853 0.00549736 0.0102435 0.000936419 0.999806 -0.0196522 0.0362017 -0.00548002 0.019657 0.999792 -0.999292
345 349 4652 0.999955 0.00673281 0.00674724 -0.00842611 -0.00659285 0.999767 -0.020555 0.0219496 -0.00688406 0.0205095 0.999766 -0.999724
350 351 9340 0.999996 -0.00245144 -0.00155681 0.00607446 0.00246153 0.999976 0.00651337 -0.0123712 0.00154081 -0.00651717 0.999978 -0.999905
350 352 7241 0.999994 0.00349778 -0.000252164 -0.00555725 -0.00349436 0.999916 0.0124862 -0.0271091 0.000295817 -0.0124853 0.999922 -0.999617
350 353 5778 0.99999 0.00392359 -0.00219158 0.0269996 -0.00388968 0.999876 0.0152668 0.00276664 0.0022512 -0.0152581 0.999881 -0.999632
350 354 5230 0.999979 0.00152453 -0.00622375 0.0149451 -0.00140558 0.999817 0.0190721 0.0103109 0.00625169 -0.019063 0.999799 -0.999835
355 356 7158 0.999985 -0.000879583 -0.0054911 0.0465884 0.000850672 0.999986 -0.00526525 0.0210586 0.00549565 0.00526049 0.999971 -0.998692
355 357 7789 0.99993 -0.00532904 -0.0105715 0.020204 0.00516977 0.999874 -0.0150366 0.0268889 0.0106503 0.0149809 0.999831 -0.999434
355 358 7124 0.999834 -0.0114596 -0.014147 -0.0167472 0.0111922 0.99976 -0.0188374 0.0330086 0.0143594 0.018676 0.999722 -0.999315
355 359 6447 0.999663 -0.0126533 -0.0226458 0.0129686 0.012217 0.999739 -0.0193029 0.0360121 0.0228841 0.0190198 0.999557 -0.999267
360 361 10349 0.999968 -0.00202711 -0.00769491 0.0174565 0.00209248 0.999962 0.00849732 0.00471276 0.00767739 -0.00851316 0.999934 -0.999837
