0 1 493 0.999995 0.00141127 0.00299868 0.0127902 -0.00141538 0.999998 0.00137146 0.0491927 -0.00299674 -0.0013757 0.999995 -0.998707
0 2 462 0.999957 -4.44731e-05 0.00926814 -0.0396537 8.41867e-06 0.999992 0.00389015 0.00712152 -0.00926824 -0.00388991 0.999949 -0.999188
0 3 365 0.999943 0.00210018 0.0104531 0.00933616 -0.00215538 0.999984 0.00527185 0.00310938 -0.0104419 -0.00529408 0.999931 -0.999952
0 4 269 0.999931 -0.000242941 0.0117736 0.0440355 0.000176647 0.999984 0.00563149 0.0109285 -0.0117748 -0.00562902 0.999915 -0.99897
5 6 569 0.999972 -0.00249545 0.00702007 -0.0677889 0.00249833 0.999997 -0.000402524 0.0594296 -0.00701904 0.000420051 0.999975 -0.995928
5 7 419 0.999954 -0.00318556 0.00900344 0.00696479 0.00319096 0.999995 -0.000585092 0.0477492 -0.00900153 0.000613795 0.999959 -0.998835
5 8 337 0.999916 -0.00458589 0.0121264 0.0316612 0.00457556 0.999989 0.000879484 -0.00527054 -0.0121303 -0.000823925 0.999926 -0.999485
5 9 289 0.999878 -0.00317624 0.0152885 0.0438655 0.00317928 0.999995 -0.000174738 -0.0147787 -0.0152879 0.000223323 0.999883 -0.998928
10 11 546 0.999978 -0.00271012 0.00606456 -0.128869 0.00270756 0.999996 0.000430391 0.0113102 -0.0060657 -0.000413961 0.999982 -0.991597
10 12 463 0.999945 -0.00456319 0.00946456 -0.0769682 0.00457225 0.999989 -0.000936312 0.0534413 -0.00946018 0.000979534 0.999955 -0.9956
10 13 307 0.999967 0.00298877 0.0075148 -0.0104352 -0.0029972 0.999995 0.00111017 0.00890028 -0.00751144 -0.00113266 0.999971 -0.999906
10 14 226 0.999912 0.00533351 0.0121515 -0.0248141 -0.00534724 0.999985 0.0010976 -0.00443948 -0.0121455 -0.00116248 0.999926 -0.999682
15 16 515 0.999984 -0.0024494 0.00505967 -0.0328839 0.00243321 0.999992 0.00320316 0.00229013 -0.00506748 -0.00319079 0.999982 -0.999457
15 17 443 0.999959 -0.00527883 0.00732346 -0.0644228 0.00523346 0.999967 0.00620035 0.00354916 -0.00735595 -0.00616177 0.999954 -0.997916
15 18 307 0.999955 -0.00885905 0.0032798 0.0224619 0.00883861 0.999942 0.00619417 0.015567 -0.00333449 -0.00616491 0.999975 -0.999626
15 19 252 0.999936 -0.010627 0.00399862 0.0097027 0.0106026 0.999925 0.00607962 0.00962951 -0.00406293 -0.00603684 0.999974 -0.999907
20 21 546 0.999998 0.00197165 0.0010108 0.0330316 -0.0019706 0.999998 -0.00103997 -0.0180859 -0.00101285 0.00103798 0.999999 -0.999291
20 22 437 0.999998 0.00193378 -0.000894795 0.0527266 -0.00193433 0.999998 -0.000610705 -0.010841 0.000893612 0.000612434 0.999999 -0.99855
20 23 304 0.999999 0.000444857 0.00126196 0.0305022 -0.000442826 0.999999 -0.00160933 0.0129622 -0.00126267 0.00160877 0.999998 -0.999451
20 24 222 0.999959 0.00712814 0.00555952 0.00697016 -0.00712281 0.999974 -0.000976584 0.00142019 -0.00556633 0.000936945 0.999984 -0.999975
25 26 422 0.999983 -0.0054992 -0.00175245 0.0115413 0.00549438 0.999981 -0.00274008 0.034215 0.00176748 0.00273041 0.999995 -0.999348
25 27 397 0.99999 -0.00448802 0.000240605 0.0178121 0.00448925 0.999975 -0.00537335 0.0095722 -0.000216483 0.00537437 0.999986 -0.999796
25 28 301 0.999999 -0.000578202 -0.00150762 -0.00218311 0.000563274 0.999951 -0.00988357 0.0169297 0.00151326 0.00988271 0.99995 -0.999854
25 29 219 0.999992 -0.000812299 -0.00398764 -0.00496005 0.000766224 0.999933 -0.0115423 0.0256864 0.00399675 0.0115392 0.999925 -0.999658
30 31 410 0.999993 -0.00229351 -0.00288572 0.0420671 0.00230864 0.999984 0.0052518 0.00681901 0.00287363 -0.00525843 0.999982 -0.999092
30 32 425 1 -0.000486176 -0.000609423 0.00188069 0.000491503 0.999961 0.00877266 -0.0130612 0.000605135 -0.00877295 0.999961 -0.999913
30 33 305 0.999988 -0.00295759 -0.00395346 0.012431 0.00298576 0.99997 0.00713834 0.0119026 0.00393223 -0.00715006 0.999967 -0.999852
30 34 263 0.99997 0.00695822 -0.00334615 0.0124465 -0.00695492 0.999975 0.00099709 0.0122502 0.003353 -0.000973788 0.999994 -0.999847
35 36 411 0.999934 0.0114506 0.000730198 0.034042 -0.01145 0.999934 -0.000916067 0.0142669 -0.000740639 0.000907646 0.999999 -0.999319
35 37 371 0.999972 0.00715795 0.00224476 -0.0335309 -0.00716756 0.999965 0.00430245 0.0303553 -0.00221388 -0.00431842 0.999988 -0.998977
35 38 370 0.999948 0.00341362 0.00965152 -0.0770669 -0.00349723 0.999956 0.00865911 0.0282078 -0.00962154 -0.00869241 0.999916 -0.996627
35 39 284 0.999989 0.00332638 0.00323295 0.0192091 -0.00335103 0.999965 0.00764893 0.025153 -0.00320739 -0.00765968 0.999966 -0.999499
40 41 513 0.999997 -0.00149192 0.0017424 -0.00143673 0.00149934 0.99999 -0.00426766 0.0365413 -0.00173601 0.00427026 0.999989 -0.999331
40 42 494 0.999982 -0.000117761 0.00593473 -0.034481 0.000141602 0.999992 -0.00401691 -0.00189631 -0.00593421 0.00401768 0.999974 -0.999404
40 43 396 0.999981 -0.00312642 0.00538367 -0.0162721 0.00315638 0.99998 -0.00556581 -0.00319058 -0.00536616 0.0055827 0.99997 -0.999863
40 44 329 0.999992 0.000372961 0.00402642 0.000277465 -0.000335865 0.999958 -0.00920972 0.00433493 -0.00402968 0.00920829 0.999949 -0.999991
45 46 470 0.999991 0.00412695 0.000852651 0.0236017 -0.00412693 0.999991 -2.54787e-05 -0.0118023 -0.000852749 2.19597e-05 1 -0.999652
45 47 452 0.999997 0.00257763 -0.000110487 0.0325967 -0.00257734 0.999993 0.00252676 -0.00656282 0.000116999 -0.00252647 0.999997 -0.999447
45 48 350 0.999998 -0.00219585 -8.99744e-05 -0.00147356 0.00219607 0.999994 0.00249571 0.0196312 8.44937e-05 -0.0024959 0.999997 -0.999806
45 49 278 0.999999 -0.000788924 0.00147626 0.000369304 0.00078068 0.999984 0.00557692 0.00113705 -0.00148063 -0.00557576 0.999983 -0.999999
50 51 476 0.999974 0.0069405 0.00193247 0.0204801 -0.00693725 0.999975 -0.00168301 -0.0333304 -0.0019441 0.00166956 0.999997 -0.999235
50 52 464 0.999981 -0.00535318 0.00309888 -0.0399164 0.00534565 0.999983 0.00243317 0.0298444 -0.00311185 -0.00241656 0.999992 -0.998757
50 53 375 0.999986 -0.00502481 0.00190228 0.00850891 0.00501115 0.999962 0.00711807 0.0098799 -0.00193798 -0.00710844 0.999973 -0.999915
50 54 282 0.999961 -0.00796609 0.00368375 -0.00977003 0.00792992 0.999921 0.00972996 0.00460521 -0.00376097 -0.00970038 0.999946 -0.999942
55 56 592 0.999982 0.00574953 0.00197036 -0.0119862 -0.00574383 0.999979 -0.00288656 -0.0206868 -0.00198692 0.00287519 0.999994 -0.999714
55 57 463 0.999981 0.00506419 0.00339121 -0.0162147 -0.00505764 0.999985 -0.00193669 -0.0096115 -0.00340097 0.00191951 0.999992 -0.999822
55 58 349 0.999962 0.00865698 0.000566793 0.010971 -0.00865543 0.999959 -0.00268041 0.0102611 -0.000589974 0.00267541 0.999996 -0.999887
55 59 291 0.999978 0.00658402 0.00114002 -0.0102412 -0.00658298 0.999978 -0.00091709 0.0170163 -0.00114603 0.000909565 0.999999 -0.999803
60 61 664 0.999936 0.00494261 0.0101492 -0.166513 -0.00492382 0.999986 -0.00187608 -0.0403402 -0.0101583 0.00182599 0.999947 -0.985214
60 62 432 0.999992 0.00399717 0.000255255 0.0297531 -0.00399462 0.999949 -0.009302 0.0201305 -0.000292424 0.00930091 0.999957 -0.999355
60 63 330 0.999991 0.00408143 0.000829026 0.00997186 -0.00407111 0.999919 -0.0120897 0.0277162 -0.000878302 0.0120862 0.999927 -0.999566
60 64 312 0.999982 -0.000673086 0.00595602 -0.0186159 0.00070814 0.999982 -0.00588526 0.0113163 -0.00595195 0.00588937 0.999965 -0.999763
65 66 458 0.999999 -0.00142192 -0.000102664 0.109178 0.00142244 0.999985 0.00527159 -0.019081 9.51664e-05 -0.00527173 0.999986 -0.993839
65 67 360 0.99994 -0.0109729 0.000536663 0.0101993 0.0109705 0.999931 0.00419966 0.0191249 -0.000582708 -0.00419352 0.999991 -0.999765
65 68 317 0.999942 -0.00989957 0.0041413 -0.0245666 0.00989312 0.99995 0.00157451 0.0183002 -0.00415668 -0.00153344 0.99999 -0.999531
65 69 271 0.999904 -0.0133381 0.00372409 0.0101043 0.0133382 0.999911 1.59693e-05 0.0136278 -0.00372397 3.37047e-05 0.999993 -0.999856
70 71 513 1 0.000220158 -0.000727252 0.133141 -0.000219844 1 0.000431622 -0.0150023 0.000727347 -0.000431462 1 -0.990984
70 72 492 0.999989 -0.00102108 0.00450402 -0.0159218 0.00102842 0.999998 -0.00162857 0.025334 -0.00450235 0.00163319 0.999989 -0.999552
70 73 416 0.999994 0.00102484 0.00340476 0.0319212 -0.00101577 0.999996 -0.00266544 0.0153164 -0.00340748 0.00266197 0.999991 -0.999373
70 74 401 0.999965 -0.00193783 0.00813931 -0.00408591 0.00196377 0.999993 -0.00318125 0.0193579 -0.00813309 0.00319712 0.999962 -0.999804
75 76 656 0.99987 -0.00224246 0.0159815 -0.467211 0.00234105 0.999978 -0.00615293 0.0964218 -0.0159674 0.00618954 0.999853 -0.878872
75 77 578 0.999937 -0.0059843 0.00949238 -0.151381 0.00605059 0.999957 -0.00697021 0.0500417 -0.00945027 0.00702721 0.999931 -0.987208
75 78 507 0.999938 -0.00615821 0.00927993 -0.0607739 0.00619148 0.999974 -0.00356024 0.0454042 -0.00925777 0.00361748 0.999951 -0.997118
75 79 443 0.999962 -0.0077386 0.00410534 0.0293524 0.00771377 0.999952 0.00603042 0.00723156 -0.00415181 -0.00599852 0.999973 -0.999543
80 81 477 0.999998 -0.00213455 -0.000167909 -0.118193 0.00213491 0.999995 0.00215958 -0.0166766 0.000163299 -0.00215994 0.999998 -0.992851
80 82 579 0.999995 -0.00290198 -0.0012602 0.0464295 0.0029003 0.999995 -0.00133672 0.0014945 0.00126408 0.00133306 0.999998 -0.99892
80 83 501 0.999988 -0.00460495 0.00171688 -0.0171799 0.0046104 0.999984 -0.0031818 -0.00208714 -0.0017022 0.00318968 0.999993 -0.99985
80 84 445 0.999996 -0.00217533 -0.00198446 0.0552909 0.00217055 0.999995 -0.00240626 0.0237034 0.00198968 0.00240195 0.999995 -0.998189
85 86 623 0.999987 0.00454261 0.00210177 -0.112861 -0.00455114 0.999981 0.0040698 0.0439079 -0.00208324 -0.00407931 0.99999 -0.99264
85 87 590 0.999997 0.00073995 -0.00215239 -0.00557937 -0.000728791 0.999986 0.00518049 -0.00275827 0.00215619 -0.00517891 0.999984 -0.999981
85 88 541 0.999975 -0.00232582 -0.00663558 -0.0414062 0.00234189 0.999994 0.0024151 0.00578934 0.00662992 -0.00243058 0.999975 -0.999126
85 89 462 0.999916 -0.0033552 -0.0125178 -0.00331468 0.00334715 0.999994 -0.000663863 0.0193395 0.0125199 0.000621908 0.999921 -0.999807
90 91 508 0.999917 0.00433844 -0.0121192 0.185194 -0.00438506 0.999983 -0.00382276 0.0343232 0.0121024 0.00387559 0.999919 -0.982102
90 92 560 0.999871 0.00126359 -0.0159874 -0.100062 -0.00131076 0.999995 -0.00294027 0.00430972 0.0159836 0.00296085 0.999868 -0.994972
90 93 512 0.999571 -0.00570148 -0.0287124 -0.0641743 0.00563916 0.999982 -0.00225099 0.0141173 0.0287247 0.00208811 0.999585 -0.997839
90 94 415 0.99868 -0.00940113 -0.0504969 -0.0136959 0.00918142 0.999947 -0.00458129 0.0261226 0.0505373 0.00411161 0.998714 -0.999565
95 96 502 0.99981 0.00387347 -0.0191272 -0.290196 -0.00395471 0.999983 -0.00421107 0.122878 0.0191105 0.00428591 0.999808 -0.949046
95 97 405 0.998272 0.00307153 -0.0586832 0.0114154 -0.00328058 0.999989 -0.00346627 0.0276514 0.0586719 0.0036528 0.998271 -0.999552
95 98 414 0.996388 0.00446777 -0.0847972 -0.0483269 -0.00490708 0.999976 -0.00497306 0.0234343 0.084773 0.00537121 0.996386 -0.998557
95 99 294 0.991713 0.00645017 -0.128314 0.04425 -0.00728664 0.999955 -0.0060506 0.0226326 0.128269 0.00693543 0.991715 -0.998764
100 101 578 0.999924 -0.00133219 -0.0122426 -0.902264 0.00134132 0.999999 0.000736917 -0.0296201 0.0122416 -0.000753283 0.999925 -0.430165
100 102 414 0.995845 -0.00111164 -0.0910542 -0.126907 0.00134317 0.999996 0.00248147 -0.0112168 0.0910511 -0.00259346 0.995843 -0.991851
100 103 304 0.988522 -8.29196e-05 -0.151078 -0.00451836 0.000186854 1 0.000673755 0.0559995 0.151078 -0.000694252 0.988522 -0.998421
100 104 232 0.976564 -0.000924227 -0.215225 0.073065 0.00190035 0.999989 0.00432846 0.0167442 0.215219 -0.00463602 0.976555 -0.997187
105 106 286 0.99771 0.000701884 -0.0676336 -0.0445623 -0.000597014 0.999999 0.00157075 0.00554429 0.0676346 -0.00152677 0.997709 -0.998991
105 107 303 0.991798 0.00447815 -0.127736 -0.102274 -0.00425422 0.999989 0.00202581 0.0193343 0.127744 -0.00146578 0.991806 -0.994568
105 108 285 0.980294 0.0025608 -0.197529 -0.00688653 -0.00177374 0.99999 0.00416134 0.00120881 0.197538 -0.00372897 0.980288 -0.999976
105 109 257 0.96611 0.00395451 -0.258101 -0.00632956 -0.00391933 0.999992 0.000650805 0.0248268 0.258102 0.000382835 0.966118 -0.999672
110 111 386 0.997774 0.00100266 -0.0666721 0.0165987 -0.000995886 0.999999 0.000134786 -0.0242358 0.0666722 -6.80879e-05 0.997775 -0.999568
110 112 339 0.992002 0.00347082 -0.126178 -0.0447718 -0.00339867 0.999994 0.00078705 0.00805153 0.12618 -0.000351918 0.992007 -0.998965
110 113 333 0.983032 0.00846415 -0.18324 -0.0554988 -0.00847758 0.999964 0.000710095 0.0267433 0.18324 0.000855388 0.983068 -0.998101
110 114 290 0.97137 0.00698833 -0.237469 -0.0411632 -0.00659253 0.999975 0.00246081 0.00956112 0.23748 -0.000824841 0.971392 -0.999107
115 116 438 0.998689 -0.00235302 -0.0511333 -0.0944752 0.00236511 0.999997 0.00017586 0.0357012 0.0511327 -0.000296565 0.998692 -0.994887
115 117 339 0.995251 0.0072003 -0.0970732 -0.0865334 -0.00694762 0.999972 0.00294081 0.0102621 0.0970917 -0.00225241 0.995273 -0.996196
115 118 352 0.989582 0.0213693 -0.142376 -0.0524181 -0.0210133 0.999771 0.00400421 -0.00609998 0.142428 -0.000970718 0.989805 -0.998607
115 119 243 0.983851 0.0219744 -0.177635 -0.0416085 -0.0226063 0.999743 -0.00153408 0.021067 0.177555 0.00552496 0.984095 -0.998912
120 121 382 0.999347 -0.0108845 -0.0344676 0.0342793 0.0110719 0.999925 0.00525233 0.0142838 0.0344078 -0.00563053 0.999392 -0.99931
120 122 298 0.997937 -0.0168405 -0.0619598 0.020317 0.0173636 0.999818 0.00791339 0.0271985 0.0618152 -0.00897291 0.998047 -0.999424
120 123 291 0.995971 -0.0144268 -0.0885063 0.0144151 0.0153873 0.99983 0.0101793 0.0114457 0.0883444 -0.0115002 0.996024 -0.999831
120 124 242 0.993703 -0.00804578 -0.111754 -0.000935764 0.00943289 0.999885 0.011889 0.0231954 0.111645 -0.0128683 0.993665 -0.999731
125 126 282 0.999783 0.00239281 -0.0206949 0.00767673 -0.00223949 0.99997 0.00742871 -0.0539935 0.020712 -0.00738075 0.999758 -0.998512
125 127 244 0.999293 -0.000981391 -0.0375734 -0.0096781 0.00128202 0.999967 0.00797793 -0.0256877 0.0375644 -0.00802046 0.999262 -0.999623
125 128 245 0.998403 -0.00758773 -0.0559816 0.0333863 0.00765718 0.99997 0.00102619 0.0204759 0.0559722 -0.00145322 0.998431 -0.999233
125 129 227 0.997717 -0.00601673 -0.0672717 -0.0397207 0.00588025 0.99998 -0.00222661 0.0474195 0.0672838 0.00182595 0.997732 -0.998085
130 131 381 0.999935 0.00356541 -0.0108681 -0.0269122 -0.00357862 0.999993 -0.00119628 0.0152067 0.0108638 0.00123509 0.99994 -0.999522
130 132 302 0.999731 0.00752489 -0.0219234 -0.00423486 -0.00754576 0.999971 -0.000869757 0.00801514 0.0219163 0.00103495 0.999759 -0.999959
130 133 328 0.999485 0.0115782 -0.0299373 0.00129049 -0.0115427 0.999932 0.00136003 -0.00425914 0.029951 -0.00101377 0.999551 -0.99999
130 134 295 0.999326 0.00477505 -0.0363959 -0.00401676 -0.00469022 0.999986 0.00241598 0.00878259 0.036407 -0.00224365 0.999335 -0.999953
135 136 321 0.99998 -0.00294346 -0.00561848 -0.0222241 0.002947 0.999995 0.000621987 0.0313943 0.00561663 -0.000638532 0.999984 -0.99926
135 137 241 0.999938 0.00283184 -0.0107473 -0.0517249 -0.00283018 0.999996 0.000170146 0.0175861 0.0107477 -0.000139719 0.999942 -0.998507
135 138 306 0.999859 -0.00133819 -0.0167272 0.0646804 0.00135142 0.999999 0.000779214 0.00377495 0.0167261 -0.000801709 0.99986 -0.997899
135 139 223 0.999828 0.010344 -0.0154147 0.00801179 -0.0103427 0.999946 0.000162488 -0.00812232 0.0154156 -3.03002e-06 0.999881 -0.999935
140 141 213 0.999999 -7.26404e-05 -0.00148478 -0.0176354 7.18183e-05 1 -0.000553769 0.0525594 0.00148482 0.000553662 0.999999 -0.998462
140 142 297 0.999993 0.00370618 0.000537032 -0.0375401 -0.00370623 0.999993 9.3789e-05 0.0216309 -0.000536681 -9.57787e-05 1 -0.999061
140 143 302 0.999967 0.00803601 0.000908837 0.0269723 -0.00803645 0.999968 0.000481895 -0.0108415 -0.000904935 -0.000489183 0.999999 -0.999577
140 144 277 0.999919 0.0114476 0.00558066 0.0278043 -0.0114466 0.999934 -0.000211552 0.00362807 -0.00558272 0.000147655 0.999984 -0.999607
145 146 304 0.999991 0.00136895 0.00405776 0.0280259 -0.00136281 0.999998 -0.00151539 0.00662675 -0.00405982 0.00150984 0.999991 -0.999585
145 147 323 0.999958 0.00329333 0.00859963 -0.00818977 -0.00326169 0.999988 -0.00369088 0.00441318 -0.00861169 0.00366267 0.999956 -0.999957
145 148 288 0.999886 0.000969754 0.0150389 -0.0535038 -0.000890005 0.999986 -0.0053086 -0.00886931 -0.0150438 0.00529462 0.999873 -0.998528
145 149 285 0.999806 -0.00447299 0.0191788 -0.0429999 0.00463753 0.999953 -0.00854317 0.0347991 -0.0191397 0.00863045 0.99978 -0.998469
150 151 382 0.999998 -0.00147503 -0.00107525 0.141899 0.00148326 0.999969 0.00769007 -0.103835 0.00106387 -0.00769165 0.99997 -0.98442
150 152 288 0.999966 -0.00104644 0.00816511 -0.0448943 0.000978434 0.999965 0.00832816 0.00384275 -0.00817354 -0.00831989 0.999932 -0.998984
150 153 299 0.999895 -0.0141346 0.00329064 0.022079 0.0140906 0.999816 0.0130519 0.000420549 -0.00347452 -0.0130041 0.999909 -0.999756
150 154 274 0.999855 -0.01703 0.000273785 0.0472155 0.0170258 0.999793 0.0111625 0.00938526 -0.000463824 -0.0111562 0.999938 -0.998841
155 156 539 0.999994 7.44104e-05 -0.00351064 0.0624579 -7.1505e-05 1 0.00082771 -0.02034 0.0035107 -0.000827454 0.999993 -0.99784
155 157 470 0.999996 0.00275485 -0.00099636 0.0448883 -0.00275429 0.999996 0.000565588 -0.0258274 0.000997914 -0.000562842 0.999999 -0.998658
155 158 406 0.999965 -0.00830299 -0.00112277 0.0172434 0.00829967 0.999961 -0.00293714 0.0371639 0.00114711 0.00292771 0.999995 -0.99916
155 159 354 0.999941 -0.0108108 0.00095792 0.00500445 0.010814 0.999936 -0.00337554 0.0290395 -0.000921367 0.0033857 0.999994 -0.999566
160 161 473 0.999996 -0.00137237 -0.00232651 -0.0280713 0.00137241 0.999999 1.75182e-05 0.00055666 0.00232649 -2.0711e-05 0.999997 -0.999606
160 162 474 0.999953 -0.00479352 -0.00838577 0.0187027 0.00477443 0.999986 -0.0022954 0.0132748 0.00839666 0.00225525 0.999962 -0.999737
160 163 347 0.999909 -0.00631564 -0.0118891 0.0241618 0.00627849 0.999975 -0.0031592 0.000468929 0.0119087 0.00308426 0.999924 -0.999708
160 164 244 0.999822 -0.0107677 -0.0154636 -0.00738169 0.0106335 0.999905 -0.00873274 0.0266269 0.0155561 0.00856675 0.999842 -0.999618
165 166 440 0.999961 -0.000837849 -0.00882061 -0.000522854 0.00084436 0.999999 0.00073446 0.00843999 0.00881999 -0.000741879 0.999961 -0.999964
165 167 347 0.999783 -0.00146771 -0.0207628 0.02671 0.0015003 0.999998 0.0015538 0.0123253 0.0207605 -0.00158461 0.999783 -0.999567
165 168 246 0.999607 -0.00229719 -0.0279346 -0.00810032 0.00225214 0.999996 -0.00164393 0.0320858 0.0279383 0.00158038 0.999608 -0.999452
165 169 220 0.999176 -0.00689826 -0.0399928 0.0141623 0.00679233 0.999973 -0.00278416 0.0237092 0.040011 0.00251023 0.999196 -0.999619
170 171 396 0.999951 -0.000420092 -0.00993711 0.00160846 0.000420252 1 1.40786e-05 0.0135668 0.00993711 -1.8254e-05 0.999951 -0.999907
170 172 357 0.99972 0.000424897 -0.0236569 0.0124315 -0.000390173 0.999999 0.00147244 0.0152328 0.0236575 -0.0014628 0.999719 -0.999807
170 173 285 0.999357 -0.00273107 -0.0357624 0.0584748 0.00277094 0.999996 0.00106515 0.0361443 0.0357593 -0.00116356 0.99936 -0.997634
170 174 233 0.998996 0.00656359 -0.0443171 0.0390871 -0.00637763 0.99997 0.00433621 0.000143507 0.0443442 -0.00404922 0.999008 -0.999236
175 176 223 0.999959 -0.00139018 -0.00898515 -0.107532 0.00138291 0.999999 -0.000814945 0.0787491 0.00898627 0.000802486 0.999959 -0.991078
175 177 250 0.99985 -0.00316434 -0.0170067 -0.0471866 0.00315291 0.999995 -0.000698742 0.0549976 0.0170088 0.000645017 0.999855 -0.997371
175 178 236 0.999647 0.000855671 -0.0265609 -0.00715648 -0.000870228 0.999999 -0.000536482 0.0146122 0.0265604 0.000559407 0.999647 -0.999868
175 179 213 0.999341 0.00299484 -0.0361761 0.0248459 -0.00309529 0.999992 -0.00272106 0.037532 0.0361676 0.00283124 0.999342 -0.998987
180 181 359 0.999982 0.00320949 -0.00508612 0.00841761 -0.00322 0.999993 -0.00205941 0.0239706 0.00507947 0.00207575 0.999985 -0.999677
180 182 361 0.999951 0.00646108 -0.00753712 0.0313899 -0.00648112 0.999976 -0.00263748 -0.000997563 0.00751989 0.0026862 0.999968 -0.999507
180 183 318 0.999935 0.0096642 -0.00611831 -0.0336256 -0.0096848 0.999948 -0.00334659 0.000761119 0.00608565 0.00340563 0.999976 -0.999434
180 184 304 0.999933 0.00939385 -0.00673149 -0.0357159 -0.00941718 0.99995 -0.00344322 0.00810825 0.0066988 0.00350638 0.999971 -0.999329
185 186 295 0.999997 0.00207751 0.00156963 0.0723992 -0.00207938 0.999997 0.00119121 0.00647097 -0.00156715 -0.00119447 0.999998 -0.997355
185 187 365 0.999973 0.00203416 0.00707748 0.0266264 -0.00205088 0.999995 0.00235568 0.0150234 -0.00707265 -0.00237013 0.999972 -0.999533
185 188 309 0.999847 -0.0046578 0.0168409 0.00067127 0.00464527 0.999989 0.000783173 0.0413704 -0.0168443 -0.000704823 0.999858 -0.999144
185 189 293 0.999585 0.00387396 0.0285413 -0.0175733 -0.00398626 0.999985 0.00387866 0.006122 -0.0285259 -0.00399083 0.999585 -0.999827
190 191 348 0.999834 0.000208341 0.0182054 -0.0556768 -0.000252522 0.999997 0.00242451 -0.0181501 -0.0182048 -0.0024287 0.999831 -0.998284
190 192 364 0.99915 -0.00130485 0.0411992 -0.0393212 0.001111 0.999988 0.00472766 0.0104375 -0.0412049 -0.00467787 0.99914 -0.999172
190 193 348 0.997795 -0.00331066 0.0662891 -0.0385066 0.0029411 0.99998 0.00567183 0.0323482 -0.0663065 -0.00546436 0.997784 -0.998735
190 194 377 0.995878 -0.00716499 0.090417 0.0024596 0.00639648 0.999941 0.00878653 0.0247365 -0.0904746 -0.00817197 0.995865 -0.999691
195 196 393 0.999309 0.000118637 0.0371714 0.0330476 -2.70495e-05 0.999997 -0.00246442 0.0122591 -0.0371716 0.00246171 0.999306 -0.999379
195 197 307 0.996326 0.000383031 0.0856457 -0.051173 0.000186108 0.999978 -0.00663719 0.0256058 -0.0856464 0.00662874 0.996304 -0.998361
195 198 304 0.99152 0.000670151 0.129952 -0.0449478 0.000719218 0.999943 -0.0106442 0.0303212 -0.129951 0.0106474 0.991463 -0.998529
195 199 267 0.98553 -0.00832521 0.169299 0.00798378 0.0111595 0.999813 -0.0157964 0.0207325 -0.169136 0.0174571 0.985438 -0.999753
200 201 333 0.99851 0.000427538 0.0545641 0.1029 -0.000491349 0.999999 0.00115606 -0.00726144 -0.0545635 -0.00118114 0.99851 -0.994665
200 202 220 0.992895 0.00502241 0.118889 0.0298305 -0.00530633 0.999984 0.00207173 0.00278627 -0.118876 -0.00268788 0.992905 -0.999551
200 203 130 0.98285 0.00552255 0.184323 -0.00650892 -0.00689601 0.999953 0.0068112 -0.00436886 -0.184276 -0.00796548 0.982842 -0.999969
200 204 72 0.971099 0.00329336 0.238653 0.0440301 -0.00419752 0.999986 0.00328045 0.0429603 -0.238639 -0.0041874 0.971099 -0.998106
205 206 301 0.997932 -0.00189242 0.0642461 0.270402 0.00181385 0.999998 0.00128128 0.0167885 -0.0642484 -0.00116209 0.997933 -0.962601
205 207 282 0.990448 -0.00108405 0.137884 0.0722556 0.000684785 0.999995 0.00294305 0.0248012 -0.137886 -0.00282051 0.990444 -0.997078
205 208 229 0.977616 0.00972272 0.210174 -0.0331278 -0.00944835 0.999953 -0.00230951 0.0446009 -0.210186 0.000272024 0.977661 -0.998455
205 209 225 0.961563 0.0114793 0.274345 -0.0523956 -0.00923345 0.999912 -0.00947605 0.0462515 -0.27443 0.00657866 0.961585 -0.997555
210 211 326 0.997899 0.000665166 0.0647804 0.0814567 -0.000220935 0.999976 -0.00686443 0.0308233 -0.0647834 0.00683569 0.997876 -0.9962
210 212 311 0.991847 8.02333e-05 0.127433 0.0382902 0.00148103 0.999925 -0.0121568 0.00578771 -0.127424 0.0122465 0.991773 -0.99925
210 213 306 0.9832 -0.00615516 0.182428 0.0476956 0.00927626 0.999825 -0.0162604 0.0344821 -0.182296 0.0176794 0.983085 -0.998267
210 214 262 0.973096 -0.0112083 0.230126 0.0113929 0.015408 0.999746 -0.0164607 0.0180267 -0.229883 0.0195636 0.973022 -0.999773
215 216 327 0.999291 -0.00366657 0.0374838 0.0349131 0.00357849 0.999991 0.00241647 -0.0152602 -0.0374923 -0.00228062 0.999294 -0.999274
215 217 391 0.997533 -0.00559647 0.0699703 0.00708261 0.00548729 0.999983 0.0017524 0.0361843 -0.0699789 -0.00136413 0.997548 -0.99932
215 218 381 0.995668 0.00374916 0.0929071 0.00579283 -0.00404452 0.999987 0.00299095 -0.00672536 -0.0928947 -0.00335376 0.99567 -0.999961
215 219 347 0.99424 0.00662617 0.106968 0.0473463 -0.00686418 0.999975 0.00185704 0.00689166 -0.106953 -0.00258059 0.994261 -0.998855
220 221 296 0.999946 -0.00274745 0.00998846 0.0131747 0.00274639 0.999996 0.000119901 -0.0323815 -0.00998875 -9.24627e-05 0.99995 -0.999389
220 222 441 0.999846 -0.0095931 0.0147097 0.0714619 0.00955119 0.99995 0.0029167 -0.0275258 -0.0147369 -0.00277576 0.999888 -0.997063
220 223 366 0.999657 -0.0149939 0.0214638 -0.017801 0.0148909 0.999877 0.00495092 -0.00295897 -0.0215354 -0.00462961 0.999757 -0.999837
220 224 399 0.999556 -0.0237247 0.0180404 0.0300028 0.0235969 0.999695 0.00726734 0.0182318 -0.0182073 -0.00683841 0.999811 -0.999384
225 226 306 0.999986 0.00341709 -0.00392783 -0.00753127 -0.00338907 0.999969 0.00711646 -0.016331 0.00395203 -0.00710305 0.999967 -0.999838
225 227 347 0.999957 0.00259877 -0.00888482 0.0360657 -0.00250626 0.999943 0.0104074 0.00068572 0.00891136 -0.0103847 0.999906 -0.999349
225 228 357 0.999916 -0.00106611 -0.0128875 0.0249586 0.00120772 0.999939 0.0109851 -0.00239069 0.012875 -0.0109997 0.999857 -0.999686
225 229 341 0.999804 -0.00827708 -0.0179688 -0.0125192 0.00836341 0.999954 0.00473419 0.00177246 0.0179288 -0.00488355 0.999827 -0.99992
230 231 251 0.999991 0.00286651 -0.00306569 -0.0540026 -0.00288629 0.999975 -0.00646497 0.0193819 0.00304708 0.00647376 0.999974 -0.998353
230 232 264 0.999973 0.00384851 -0.00618112 -0.0215535 -0.00391661 0.999931 -0.0110436 0.0189656 0.00613819 0.0110675 0.99992 -0.999588
230 233 316 0.999892 0.0103294 -0.010427 -0.00675822 -0.0104289 0.9999 -0.00952925 0.000996083 0.0103276 0.00963697 0.9999 -0.999977
230 234 265 0.999834 0.0150505 -0.0103156 0.00616962 -0.0151349 0.999852 -0.00815062 0.0170084 0.0101914 0.00830539 0.999914 -0.999836
235 236 239 0.999999 -0.00104262 0.000359644 -0.0119975 0.00104023 0.999978 0.00656843 0.00736381 -0.000366484 -0.00656805 0.999978 -0.999901
235 237 272 0.999988 -0.00160422 0.00453736 -0.0295092 0.00155944 0.99995 0.00985486 -0.00557489 -0.00455294 -0.00984767 0.999941 -0.999549
235 238 286 0.999979 -0.00272291 0.00587504 0.0231572 0.00268744 0.999978 0.00603729 0.00251025 -0.00589135 -0.00602138 0.999965 -0.999729
235 239 271 0.999974 0.000278924 0.00722043 -0.0108899 -0.000272279 1 -0.000921341 0.00628258 -0.00722068 0.000919351 0.999974 -0.999921
240 241 245 0.999989 -0.00301443 0.0034972 -0.0306696 0.00301437 0.999995 2.4112e-05 0.0145302 -0.00349725 -1.35699e-05 0.999994 -0.999424
240 242 284 0.999956 -0.00755188 0.00549746 -0.0186155 0.00752083 0.999956 0.0056473 0.00895023 -0.00553987 -0.00560571 0.999969 -0.999787
240 243 274 0.999954 -0.00505897 0.00814181 0.00561454 0.00496721 0.999924 0.0112507 0.00499907 -0.00819811 -0.0112098 0.999904 -0.999972
240 244 260 0.999922 -0.00297372 0.0121247 0.00994734 0.00279686 0.99989 0.0145777 -0.00423985 -0.0121667 -0.0145427 0.99982 -0.999942
245 246 299 0.999997 0.00102101 0.00241478 0.0429719 -0.00101617 0.999997 -0.00200707 0.0125216 -0.00241683 0.00200461 0.999995 -0.998998
245 247 308 0.999981 0.000720256 0.00614881 -0.0124182 -0.000683176 0.999982 -0.00603045 0.0261868 -0.00615304 0.00602613 0.999963 -0.99958
245 248 297 0.999902 0.0116055 0.0078511 -0.0118479 -0.0115657 0.99992 -0.00510744 -0.0111432 -0.00790974 0.00501614 0.999956 -0.999868
245 249 246 0.99991 0.0117543 0.00644179 -0.00279691 -0.0117052 0.999903 -0.00760717 0.0112221 -0.00653058 0.00753108 0.99995 -0.999933
250 251 211 0.999993 -0.00359638 0.000917791 -0.0412394 0.00359445 0.999991 0.00210104 -0.0307551 -0.000925339 -0.00209772 0.999997 -0.998676
250 252 273 0.999964 -0.00847794 0.000343824 -0.00770702 0.0084761 0.999951 0.00504511 -0.00034294 -0.00038658 -0.00504202 0.999987 -0.99997
250 253 266 0.999855 -0.0168428 -0.00243964 0.0251805 0.0168597 0.999833 0.00706572 0.00316732 0.00232022 -0.00710583 0.999972 -0.999678
250 254 252 0.999776 -0.0200781 -0.00675026 0.0424784 0.0201458 0.999746 0.0101145 -0.0258442 0.00654547 -0.0102482 0.999926 -0.998763
255 256 261 0.999993 -0.00250113 -0.0028688 0.000660892 0.00249959 0.999997 -0.000540831 0.0438696 0.00287014 0.000533656 0.999996 -0.999037
255 257 318 0.999981 0.00309514 -0.00538003 0.00342225 -0.00306557 0.99998 0.00549512 -0.0128573 0.00539693 -0.00547852 0.99997 -0.999911
255 258 271 0.999952 0.00315519 -0.00931343 0.0502699 -0.00314815 0.999995 0.000770408 0.0236331 0.00931581 -0.000741051 0.999956 -0.998456
255 259 242 0.999815 0.0188166 -0.0040516 -0.0300048 -0.0187984 0.999813 0.00449005 0.000677273 0.00413533 -0.00441306 0.999982 -0.99955
260 261 244 0.999998 0.000358424 0.00170999 -0.0483719 -0.000353333 0.999996 -0.00297649 -0.00425072 -0.00171105 0.00297589 0.999994 -0.99882
260 262 266 0.999962 -0.008196 -0.00305875 0.0245433 0.00816653 0.999921 -0.00952488 0.0231014 0.00313658 0.00949954 0.99995 -0.999432
260 263 217 0.99991 -0.0127455 -0.0042477 0.00624699 0.0126921 0.999843 -0.0123658 0.0122177 0.00440464 0.0123108 0.999915 -0.999906
260 264 201 0.999976 -0.00616449 -0.00327005 -0.00133497 0.00615029 0.999972 -0.00433555 -0.00171173 0.00329668 0.00431533 0.999985 -0.999998
265 266 329 0.99999 0.00448097 -0.00091759 -0.00754376 -0.00447312 0.999955 0.00838502 0.00529958 0.000955122 -0.00838083 0.999964 -0.999958
265 267 277 0.999972 0.00735211 0.00116947 0.00310728 -0.00735233 0.999973 0.000182829 0.000161407 -0.00116809 -0.000191422 0.999999 -0.999995
265 268 207 0.999932 0.0106175 0.00484554 -0.0131539 -0.0105229 0.999761 -0.0191567 0.00795441 -0.00504778 0.0191045 0.999805 -0.999882
265 269 170 0.999927 0.0116301 0.00312164 0.00664011 -0.0115161 0.999343 -0.0343534 0.0297668 -0.00351913 0.0343149 0.999405 -0.999535
270 271 267 0.999995 -0.00195543 0.00236557 0.0250293 0.00191287 0.999839 0.0178598 -0.0324443 -0.00240012 -0.0178552 0.999838 -0.99916
270 272 248 0.999997 -0.000734479 0.00229032 0.0411428 0.000676665 0.999684 0.0251424 -0.0275099 -0.00230806 -0.0251408 0.999681 -0.998774
270 273 203 0.999989 -0.000591264 0.00468048 -0.00874436 0.000472477 0.999679 0.0253397 -0.00400869 -0.00469395 -0.0253372 0.999668 -0.999954
270 274 167 0.999982 -0.00136027 0.00589357 0.0151827 0.00123128 0.999761 0.0218341 0.0115128 -0.00592186 -0.0218265 0.999744 -0.999818
275 276 252 0.999989 -0.00144249 0.00443412 0.0247274 0.00143422 0.999997 0.00186805 0.00321583 -0.0044368 -0.00186167 0.999988 -0.999689
275 277 213 0.999954 -0.00577802 0.0077011 -0.000483699 0.00576886 0.999983 0.00121086 0.00785646 -0.00770797 -0.00116638 0.99997 -0.999969
275 278 190 0.999922 -0.00935192 0.00824 0.0266334 0.0093306 0.999953 0.00262238 0.00722456 -0.00826414 -0.00254529 0.999963 -0.999619
275 279 146 0.999844 -0.013486 0.0114367 0.00965739 0.0134936 0.999909 -0.000584985 0.014467 -0.0114278 0.000739215 0.999934 -0.999849
280 281 340 1 -4.66819e-05 -4.01965e-06 0.0283545 4.66819e-05 1 9.19967e-06 0.018914 4.01922e-06 -9.19986e-06 1 -0.999419
280 282 323 0.999981 0.00417605 0.00448864 -0.0134718 -0.00418848 0.999987 0.00276265 0.0140274 -0.00447705 -0.0027814 0.999986 -0.999811
280 283 257 0.999931 0.00859752 0.00796837 -0.000200078 -0.00865789 0.999934 0.0075726 0.0048724 -0.00790274 -0.00764107 0.99994 -0.999988
280 284 195 0.999784 0.0135142 0.0157595 -0.000300877 -0.0136509 0.99987 0.00859717 0.00974823 -0.0156413 -0.00881045 0.999839 -0.999952
285 286 381 0.999998 0.00152217 0.00149043 0.0981619 -0.00150861 0.999958 -0.00905717 0.0437564 -0.00150416 0.0090549 0.999958 -0.994208
285 287 336 0.999954 0.00467547 0.00836854 0.0470737 -0.00452204 0.999823 -0.0182597 0.0418258 -0.00845243 0.018221 0.999798 -0.998015
285 288 261 0.999905 -0.00431341 0.0131261 0.0052169 0.0045692 0.999799 -0.0195197 0.0229185 -0.0130393 0.0195778 0.999723 -0.999724
285 289 218 0.999761 -0.00670018 0.0208327 -0.0120699 0.00698981 0.999879 -0.0138613 0.00549486 -0.0207373 0.0140036 0.999687 -0.999912
290 291 366 0.999982 0.00416918 0.00432767 0.0669654 -0.00420222 0.999962 0.0076538 -0.0343228 -0.0042956 -0.00767185 0.999961 -0.997165
290 292 294 0.999908 0.00459033 0.0127258 -0.00236538 -0.00466007 0.999974 0.00545628 -0.00261987 -0.0127004 -0.00551508 0.999904 -0.999994
290 293 241 0.999777 -0.00359377 0.0208161 0.014504 0.00355124 0.999992 0.00207996 0.0130654 -0.0208234 -0.00200558 0.999781 -0.999809
290 294 189 0.999633 -0.010477 0.0249704 0.0327407 0.010391 0.99994 0.00357304 0.0153695 -0.0250063 -0.00331226 0.999682 -0.999346
295 296 340 0.999987 0.000349494 0.00501315 0.1065 -0.000354198 0.999999 0.000937504 0.0439671 -0.00501282 -0.000939267 0.999987 -0.99334
295 297 301 0.999873 -0.000234037 0.0159483 0.0266054 0.000254658 0.999999 -0.001291 0.0222146 -0.015948 0.0012949 0.999872 -0.999399
295 298 254 0.999536 0.00159111 0.0304262 -0.0710772 -0.00140773 0.999981 -0.00604755 0.00189087 -0.0304352 0.00600191 0.999519 -0.997469
295 299 192 0.999438 -0.00734218 0.0327147 -0.00547803 0.00770872 0.999909 -0.0110922 0.0144929 -0.0326302 0.0113382 0.999403 -0.99988
300 301 382 0.999952 -0.00268978 0.00943095 -0.117967 0.00268841 0.999996 0.000157916 -0.0426094 -0.00943134 -0.000132555 0.999956 -0.992103
300 302 327 0.999888 0.00167064 0.0148606 -0.05398 -0.00164997 0.999998 -0.00140301 0.0322834 -0.014863 0.00137834 0.999889 -0.99802
300 303 266 0.999824 0.00683122 0.0174654 0.010453 -0.00694246 0.999956 0.00631675 -0.0171539 -0.0174214 -0.00643689 0.999828 -0.999798
300 304 198 0.999774 -0.0106231 0.0184057 0.00270979 0.0103728 0.999853 0.0136415 0.00111216 -0.018548 -0.0134475 0.999738 -0.999996
305 306 358 0.999992 -0.000873113 0.0038928 0.0480259 0.000903924 0.999968 -0.00792024 0.0358658 -0.00388576 0.00792369 0.999961 -0.998202
305 307 272 0.999968 -0.00599225 0.0052115 0.0212839 0.00607579 0.999851 -0.016164 0.0256556 -0.00511386 0.0161951 0.999856 -0.999444
305 308 233 0.999918 -0.00541009 0.0116151 -0.0226664 0.00566902 0.999734 -0.0223761 0.0146515 -0.011491 0.0224401 0.999682 -0.999636
305 309 193 0.999891 -0.0106176 0.0103014 0.0108959 0.0108214 0.999743 -0.0199302 0.0299488 -0.0100871 0.0200395 0.999748 -0.999492
310 311 397 0.999972 0.00344831 0.00664778 0.019651 -0.00348499 0.999979 0.00551439 -0.0170297 -0.00662862 -0.0055374 0.999963 -0.999662
310 312 317 0.999907 -0.00346944 0.0131734 -0.00445526 0.00342119 0.999987 0.00368318 0.0111175 -0.013186 -0.00363777 0.999906 -0.999928
310 313 231 0.999766 -0.00119722 0.0216164 -0.00750706 0.00124657 0.999997 -0.00226943 0.0176964 -0.0216136 0.00229584 0.999764 -0.999815
310 314 164 0.999615 0.0096876 0.0259856 0.0197612 -0.00951473 0.999932 -0.00676781 0.0176901 -0.0260494 0.00651796 0.999639 -0.999648
315 316 386 0.99999 0.00322841 0.00312743 0.0603462 -0.00322872 0.999995 9.2578e-05 0.0220435 -0.00312712 -0.000102675 0.999995 -0.997934
315 317 364 0.999891 0.00811442 0.0123509 0.0163161 -0.00821362 0.999934 0.00800222 0.00187616 -0.0122852 -0.00810279 0.999892 -0.999865
315 318 320 0.999671 0.0164905 0.0196562 -0.0127218 -0.0168284 0.999711 0.0171518 0.00263455 -0.0193677 -0.017477 0.99966 -0.999916
315 319 241 0.99938 0.02324 0.0264552 -0.0203599 -0.0237931 0.999501 0.0207869 3.08712e-05 -0.0259589 -0.0214035 0.999434 -0.999793
320 321 462 0.999902 -0.0125704 0.0061123 -0.00354049 0.0126479 0.999838 -0.0128089 0.0298709 -0.0059503 0.012885 0.999899 -0.999547
320 322 327 0.999876 -0.00977275 0.012316 -0.0116509 0.010034 0.999722 -0.0213361 0.0236846 -0.012104 0.0214571 0.999696 -0.999652
320 323 239 0.999743 -0.0179908 0.013819 0.014234 0.0182205 0.999695 -0.0166817 0.0183501 -0.0135146 0.0169292 0.999765 -0.99973
320 324 214 0.999628 -0.0234889 0.0138691 0.00519187 0.0235907 0.999696 -0.00721859 0.0201015 -0.0136953 0.00754309 0.999878 -0.999784
325 326 387 0.999991 0.0027983 0.00331013 -0.0237373 -0.00281263 0.999987 0.0043329 -0.00905003 -0.00329796 -0.00434217 0.999985 -0.999677
325 327 281 0.999958 0.00825361 0.00403437 0.0166255 -0.00825211 0.999966 -0.000387836 0.000942182 -0.00403744 0.000354528 0.999992 -0.999861
325 328 238 0.999978 0.00573184 0.00334329 0.00512233 -0.00569472 0.999923 -0.0110091 0.023418 -0.00340613 0.0109898 0.999934 -0.999713
325 329 180 0.999967 0.0068555 0.00429905 0.0101473 -0.00678378 0.999841 -0.0164811 0.0272368 -0.00441135 0.0164514 0.999855 -0.999578
330 331 369 0.999997 0.00185525 0.00173613 0.0114921 -0.00187155 0.999954 0.00943366 0.0112116 -0.00171855 -0.00943687 0.999954 -0.999871
330 332 334 0.999909 0.0134179 0.00105046 0.0313231 -0.0134362 0.999709 0.0200526 0.00234962 -0.000781093 -0.0200649 0.999798 -0.999507
330 333 243 0.999759 0.0210597 0.00621428 -0.0128185 -0.0212053 0.999478 0.0243879 0.00532051 -0.00569743 -0.0245138 0.999683 -0.999904
330 334 210 0.999708 0.0219628 0.0100686 -0.0167111 -0.0221917 0.999484 0.0232155 -0.0108147 -0.00955354 -0.0234321 0.99968 -0.999802
335 336 395 1 0.000791631 0.000366534 0.0287666 -0.000790128 0.999991 -0.00408373 0.0119772 -0.000369764 0.00408344 0.999992 -0.999514
335 337 335 0.999989 0.00124578 0.00453147 -0.0125437 -0.00124297 0.999999 -0.000621672 0.0162029 -0.00453224 0.000616033 0.99999 -0.99979
335 338 259 0.999996 -6.34376e-05 0.00283471 0.00485038 4.22411e-05 0.999972 0.00747691 0.00506632 -0.00283511 -0.00747676 0.999968 -0.999975
335 339 180 0.999958 -0.00872136 0.00291176 0.00153864 0.00869748 0.999929 0.00811482 0.00278 -0.00298233 -0.00808915 0.999963 -0.999995
340 341 305 0.999997 -0.00249482 0.000697745 0.0328007 0.00249642 0.999994 -0.00229551 0.00775749 -0.000692014 0.00229724 0.999997 -0.999432
340 342 248 0.99998 -0.00611463 0.001711 0.00157506 0.0061271 0.999954 -0.00737914 0.0206497 -0.0016658 0.00738947 0.999971 -0.999786
340 343 177 0.999951 -0.00983222 0.00144502 0.00646875 0.00983957 0.999938 -0.00517346 0.0135334 -0.00139407 0.00518742 0.999986 -0.999887
340 344 137 0.999948 -0.00993636 0.00242074 0.00987272 0.00994093 0.999949 -0.00188431 0.0107097 -0.00240189 0.00190827 0.999995 -0.999894
345 346 212 0.999998 -0.0018979 0.000836802 0.0263189 0.00189758 0.999998 0.000383673 0.00301543 -0.000837529 -0.000382084 1 -0.999649
345 347 230 0.999987 -0.0029055 0.00417865 -0.015334 0.00294019 0.999961 -0.00832056 -0.00733225 -0.00415431 0.00833274 0.999957 -0.999856
345 348 195 0.999967 0.00386776 0.00720275 -0.0353162 -0.00374879 0.999858 -0.016458 -0.006906 -0.00726538 0.0164305 0.999839 -0.999352
345 349 156 0.999965 0.00602155 0.0057788 0.00468487 -0.00589652 0.999753 -0.0214151 0.0283462 -0.00590633 0.0213803 0.999754 -0.999587
350 351 339 0.999995 -0.00251403 -0.00174921 0.0503274 0.00252128 0.999988 0.00415752 0.0295583 0.00173874 -0.00416191 0.99999 -0.998295
350 352 250 0.999999 -0.00124607 -0.000571365 -0.024832 0.00125225 0.999939 0.0109342 0.00101166 0.000557706 -0.0109349 0.99994 -0.999691
350 353 175 0.999999 0.00117933 -0.000871152 0.0091948 -0.00116756 0.99991 0.0133926 0.0147178 0.000886867 -0.0133916 0.99991 -0.999849
350 354 161 0.999995 0.00227109 -0.00224081 -0.0201656 -0.00222741 0.999811 0.0193078 0.00986529 0.00228423 -0.0193027 0.999811 -0.999748
355 356 251 0.999986 -0.000963573 -0.0051955 0.017603 0.000931559 0.999981 -0.0061609 0.019495 0.00520134 0.00615597 0.999968 -0.999655
355 357 242 0.999956 -0.00118885 -0.0092671 0.00434813 0.00106843 0.999915 -0.0129896 -0.00507935 0.00928175 0.0129791 0.999873 -0.999978
355 358 198 0.999794 -0.0119052 -0.0164278 -0.000109211 0.0116001 0.999761 -0.0185462 0.0249038 0.0166447 0.0183518 0.999693 -0.99969
355 359 201 0.999738 -0.0113041 -0.0198934 -0.0473724 0.0109637 0.999793 -0.0171348 0.0135909 0.020083 0.0169122 0.999655 -0.998785
360 361 376 0.999998 -0.000111834 -0.00173317 -0.156113 0.000130649 0.999941 0.0108593 -0.0564508 0.00173185 -0.0108595 0.99994 -0.986125
360 362 289 0.999881 -0.00274813 -0.0151842 0.0283872 0.00294638 0.999911 0.0130497 0.00551119 0.0151469 -0.0130929 0.9998 -0.999582
360 363 260 0.999738 0.00720163 -0.0217208 0.00367452 -0.00693547 0.9999 0.0123041 -0.0279459 0.0218073 -0.0121503 0.999688 -0.999603
360 364 240 0.999529 -0.00737638 -0.0297935 0.0246905 0.00758759 0.999947 0.00698242 0.029432 0.0297404 -0.00720519 0.999532 -0.999262
365 366 295 0.999959 0.00118551 -0.00894952 0.0777788 -0.00119624 0.999999 -0.00119401 0.0623042 0.00894809 0.00120466 0.999959 -0.995022
