0 1 891 0.999994 0.00203378 0.00294608 -0.00356485 -0.00203964 0.999996 0.00198683 -0.000123412 -0.00294203 -0.00199283 0.999994 -0.999994
0 2 675 0.999969 0.00134283 0.0077824 -0.00408141 -0.00137553 0.99999 0.00419882 -0.00349941 -0.00777668 -0.0042094 0.999961 -0.999986
0 3 431 0.999923 0.00252175 0.0121223 -0.00827796 -0.00257995 0.999985 0.00478806 0.00540791 -0.01211 -0.00481896 0.999915 -0.999951
0 4 302 0.999857 -0.000477626 0.0168939 -0.00467473 0.000389828 0.999986 0.00519994 0.00652305 -0.0168962 -0.00519261 0.999844 -0.999968
5 6 1129 0.999981 -0.00140418 0.00607805 -0.0133388 0.00139768 0.999998 0.0010736 0.00918654 -0.00607955 -0.00106508 0.999981 -0.999869
5 7 651 0.999943 -0.00412074 0.00980108 0.0021963 0.00410152 0.99999 0.00197951 0.00223892 -0.00980913 -0.0019392 0.99995 -0.999995
5 8 367 0.9999 -0.00652971 0.0125239 0.02511 0.00654001 0.999978 -0.000781533 0.015666 -0.0125185 0.000863361 0.999921 -0.999562
5 9 227 0.999838 -0.0035128 0.0176712 0.0124251 0.00355269 0.999991 -0.00222601 0.00401062 -0.0176632 0.00228843 0.999841 -0.999915
10 11 1010 0.999994 0.000263215 0.00355512 -0.00583613 -0.000263382 1 4.65674e-05 0.0128611 -0.00355511 -4.75034e-05 0.999994 -0.9999
10 12 615 0.999986 -0.00079791 0.00518277 0.0011878 0.000793023 0.999999 0.000945054 0.00864195 -0.00518352 -0.000940931 0.999986 -0.999962
10 13 354 0.99997 -0.000427597 0.00776817 -0.031567 0.00041951 0.999999 0.00104264 0.0226929 -0.00776861 -0.00103935 0.999969 -0.999244
10 14 200 0.999966 0.00395164 0.00719948 0.0239941 -0.00395896 0.999992 0.00100326 -0.000696789 -0.00719546 -0.00103173 0.999974 -0.999712
15 16 835 0.999993 -0.00320478 0.00196371 0.000194004 0.0032 0.999992 0.00243256 0.0123205 -0.00197149 -0.00242626 0.999995 -0.999924
15 17 532 0.999994 -0.00196761 0.00296762 0.000983626 0.00195356 0.999987 0.00472941 -0.000286101 -0.00297689 -0.00472358 0.999984 -0.999999
15 18 336 0.999943 -0.00833369 0.00662522 -0.0296837 0.00828398 0.999938 0.00749482 -5.86032e-05 -0.00668726 -0.00743951 0.99995 -0.999559
15 19 182 0.999915 -0.0112659 0.00663017 -0.0141252 0.0112201 0.999913 0.00690455 0.00267208 -0.00670738 -0.00682957 0.999954 -0.999897
20 21 929 0.999997 -4.99666e-05 0.00231111 -0.0275176 5.35022e-05 0.999999 -0.00152977 0.00857499 -0.00231103 0.00152989 0.999996 -0.999585
20 22 395 0.999995 -0.00258544 0.00206493 -0.00455266 0.00258852 0.999996 -0.00148772 0.022296 -0.00206107 0.00149305 0.999997 -0.999741
20 23 310 0.999983 0.000364969 0.00581069 -0.0279522 -0.000362348 1 -0.000452143 0.0037408 -0.00581085 0.00045003 0.999983 -0.999602
20 24 176 0.99998 0.00466827 0.00416985 0.0219555 -0.00467019 0.999989 0.000451186 -0.00312539 -0.0041677 -0.000470651 0.999991 -0.999754
25 26 737 0.999999 -0.00100308 -0.00131068 0.0225559 0.000998683 0.999994 -0.00334998 0.0146854 0.00131403 0.00334867 0.999994 -0.999638
25 27 408 1 -0.000197073 -0.000722717 0.00158886 0.000191742 0.999973 -0.00736928 0.00705299 0.00072415 0.00736914 0.999973 -0.999974
25 28 277 0.999993 -0.00318217 -0.00171258 -0.015891 0.00316557 0.999949 -0.00960896 0.0201996 0.00174307 0.00960347 0.999952 -0.99967
25 29 205 0.999997 0.000947798 -0.00227094 -0.0143482 -0.000967669 0.999961 -0.00876498 -0.00508929 0.00226254 0.00876715 0.999959 -0.999884
30 31 697 1 -0.000437955 -0.000109389 0.00635808 0.000438489 0.999988 0.00492857 -0.00564708 0.000107229 -0.00492862 0.999988 -0.999964
30 32 478 1 0.00040791 -0.000715188 -0.0171724 -0.000402586 0.999972 0.007428 0.00138526 0.000718198 -0.00742771 0.999972 -0.999852
30 33 329 0.999996 0.00204333 -0.00170118 -0.00445865 -0.00203171 0.999975 0.0068055 0.00335443 0.00171504 -0.00680202 0.999975 -0.999984
30 34 212 0.999975 0.00689197 -0.00159763 -0.0124297 -0.00688911 0.999975 0.00178596 0.0162111 0.0016099 -0.00177491 0.999997 -0.999791
35 36 713 0.999971 0.00754834 0.000681726 -0.000379065 -0.00754883 0.999971 0.000718864 0.00912906 -0.00067628 -0.000723989 1 -0.999958
35 37 496 0.999963 0.00847482 0.0015545 0.00954618 -0.00848128 0.999955 0.00419994 0.0105114 -0.00151883 -0.00421297 0.99999 -0.999899
35 38 356 0.999962 0.00623906 0.00608849 -0.0474309 -0.00629328 0.99994 0.00892719 0.00629531 -0.00603243 -0.00896517 0.999942 -0.998855
35 39 217 0.99989 0.0118018 0.00901573 -0.027243 -0.0118993 0.99987 0.0108461 -0.0248154 -0.00888656 -0.0109522 0.999901 -0.999321
40 41 792 0.999994 -0.00341763 0.000843526 -0.0021089 0.00341907 0.999993 -0.00171234 -0.0151223 -0.000837668 0.00171521 0.999998 -0.999883
40 42 530 0.999998 -0.00157303 0.00131765 0.0429493 0.00157839 0.99999 -0.00407571 -7.88671e-05 -0.00131122 0.00407778 0.999991 -0.999077
40 43 356 0.99999 -0.00177033 0.0040811 0.00275635 0.00179952 0.999973 -0.00715922 0.0128093 -0.00406831 0.0071665 0.999966 -0.999914
40 44 252 0.999995 -0.00229615 0.00209345 0.0168119 0.00231703 0.999947 -0.0100225 0.0204218 -0.00207033 0.0100273 0.999948 -0.99965
45 46 755 0.999999 0.000113506 0.00112874 -0.0118469 -0.000114172 1 0.000589313 0.0163825 -0.00112867 -0.000589441 0.999999 -0.999796
45 47 496 1 -0.000271317 6.04948e-05 0.00495787 0.000271185 0.999998 0.00218329 0.0132802 -6.1087e-05 -0.00218327 0.999998 -0.9999
45 48 344 0.999993 -0.00361124 -0.000494494 0.00976487 0.00361346 0.999983 0.00457772 0.0090428 0.000477954 -0.00457948 0.999989 -0.999911
45 49 254 0.99998 -0.0057896 0.00271659 -0.0151846 0.00577584 0.999971 0.00504415 0.0126437 -0.00274571 -0.00502836 0.999984 -0.999805
50 51 715 1 0.000682693 0.00019573 0.0615781 -0.000682622 1 -0.00036427 -0.00864354 -0.000195978 0.000364136 1 -0.998065
50 52 491 0.999994 -0.00335111 5.28238e-06 0.0103014 0.00335109 0.999991 0.00255897 0.0145115 -1.38577e-05 -0.00255894 0.999997 -0.999842
50 53 335 0.999988 -0.00460301 0.00187291 0.00503412 0.0045907 0.999968 0.00652337 0.00991167 -0.00190288 -0.00651469 0.999977 -0.999938
50 54 249 0.999993 -0.00132273 0.00350436 0.00756238 0.00129294 0.999963 0.00848993 -0.0054386 -0.00351546 -0.00848534 0.999958 -0.999957
55 56 840 0.999996 0.00249988 0.00146893 -0.023199 -0.00249596 0.999993 -0.00266377 0.00822527 -0.00147558 0.0026601 0.999995 -0.999697
55 57 569 0.999982 0.00552867 0.00238286 -0.0153696 -0.00552184 0.999981 -0.00286058 0.00686922 -0.00239863 0.00284737 0.999993 -0.999858
55 58 407 0.999946 0.0101639 0.0021659 -0.0267462 -0.0101622 0.999948 -0.000768911 -0.013173 -0.0021736 0.000746859 0.999997 -0.999555
55 59 278 0.999921 0.0124779 0.00124989 -0.00978669 -0.0124772 0.999922 -0.000590228 0.000389 -0.00125715 0.000574586 0.999999 -0.999952
60 61 750 0.999997 0.00248463 0.000899446 -0.000476868 -0.00248047 0.999986 -0.00460373 0.0347019 -0.000910872 0.00460148 0.999989 -0.999398
60 62 547 0.999981 0.00577115 0.00230315 -0.0260333 -0.00574955 0.99994 -0.00927708 0.01402 -0.00235655 0.00926365 0.999954 -0.999563
60 63 349 0.999993 0.00347351 0.00120898 0.0122671 -0.00345948 0.999929 -0.0114201 0.0232825 -0.00124856 0.0114158 0.999934 -0.999654
60 64 269 0.999999 0.00080041 0.00150676 0.0235597 -0.000788334 0.999968 -0.00799839 0.0252439 -0.00151311 0.00799719 0.999967 -0.999404
65 66 627 0.999997 -0.00201984 0.00132616 -0.0212733 0.00201381 0.999988 0.00453241 0.0140488 -0.0013353 -0.00452973 0.999989 -0.999675
65 67 529 0.999977 -0.00659941 0.00138543 0.048877 0.00659348 0.999969 0.00424166 -0.00446765 -0.00141338 -0.00423243 0.99999 -0.998795
65 68 445 0.999913 -0.0126426 0.00371893 -0.0204739 0.0126362 0.999919 0.00173667 0.0102078 -0.00374058 -0.00168953 0.999992 -0.999738
65 69 320 0.999922 -0.0117423 0.00427811 -0.00393744 0.0117374 0.99993 0.00117774 -8.00426e-05 -0.00429164 -0.00112743 0.99999 -0.999992
70 71 754 0.999997 -0.00196046 0.00135173 0.0167827 0.00196176 0.999998 -0.000955326 0.0200935 -0.00134986 0.000957975 0.999999 -0.999657
70 72 685 0.999986 -0.00487364 0.00226492 0.0153429 0.00487701 0.999987 -0.0014891 0.0281115 -0.00225763 0.00150013 0.999996 -0.999487
70 73 543 0.99999 -0.00100176 0.00430674 0.0034949 0.0010092 0.999998 -0.00172697 0.0122405 -0.00430501 0.0017313 0.999989 -0.999919
70 74 403 0.999973 -0.00295749 0.00673431 -0.0147933 0.00298638 0.999986 -0.00428264 0.0296455 -0.00672156 0.00430264 0.999968 -0.999451
75 76 919 0.999997 -0.00107504 0.00202311 -0.00491402 0.00108332 0.999991 -0.00410019 0.0208376 -0.00201868 0.00410237 0.99999 -0.999771
75 77 769 0.99998 -0.00407904 0.00486003 0.000429312 0.00410827 0.999973 -0.00601911 0.0178384 -0.00483535 0.00603895 0.99997 -0.999841
75 78 667 0.999937 -0.00943897 0.00607697 -0.063452 0.00944841 0.999954 -0.00152714 0.0136885 -0.00606228 0.00158446 0.99998 -0.997891
75 79 494 0.999936 -0.0104902 0.0043518 0.0148002 0.0104624 0.999925 0.00636082 0.0114479 -0.0044182 -0.00631488 0.99997 -0.999825
80 81 995 1 -0.000697528 -6.67738e-05 0.0222844 0.000697596 0.999999 0.00102918 0.0106303 6.60558e-05 -0.00102923 0.999999 -0.999695
80 82 967 0.999994 -0.00330621 0.00102586 0.0149208 0.00330901 0.999991 -0.00273532 0.0200308 -0.00101681 0.0027387 0.999996 -0.999688
80 83 723 0.999992 -0.00397869 0.00104129 0.0287992 0.00398283 0.999984 -0.00401245 0.0106366 -0.00102531 0.00401656 0.999991 -0.999529
80 84 528 1 0.00018261 0.000687881 0.0313198 -0.000181192 0.999998 -0.00205951 0.0202211 -0.000688256 0.00205939 0.999998 -0.999305
85 86 981 0.999991 0.00392128 -0.00131454 0.00268099 -0.00391449 0.999979 0.0051296 0.0024523 0.00133463 -0.00512441 0.999986 -0.999993
85 87 933 0.99998 0.000231248 -0.0063076 0.027793 -0.000198262 0.999986 0.00522972 0.0106085 0.00630873 -0.00522837 0.999966 -0.999557
85 88 763 0.999957 -0.00359518 -0.00855647 0.00214903 0.00359557 0.999994 3.04979e-05 0.0356815 0.00855631 -6.1262e-05 0.999963 -0.999361
85 89 597 0.999924 -0.00134567 -0.0122248 -0.00695086 0.00134616 0.999999 3.2125e-05 0.00465568 0.0122247 -4.85791e-05 0.999925 -0.999965
90 91 1131 0.999979 0.00423311 -0.00492816 -0.12665 -0.00424225 0.999989 -0.00184643 -0.0193341 0.00492029 0.0018673 0.999986 -0.991759
90 92 867 0.999826 0.00102518 -0.0186515 -0.0033369 -0.00108991 0.999993 -0.00346083 0.0246953 0.0186479 0.00348055 0.99982 -0.999689
90 93 687 0.999385 -0.00415615 -0.0348072 0.0213154 0.00407247 0.999989 -0.00247478 0.0128694 0.0348171 0.00233151 0.999391 -0.99969
90 94 513 0.998575 -0.0101923 -0.0523918 0.0355058 0.00997601 0.999941 -0.00438734 0.0259727 0.0524334 0.00385842 0.998617 -0.999032
95 96 867 0.999646 0.00378774 -0.0263459 -0.00730107 -0.00383325 0.999991 -0.00167694 0.0344558 0.0263393 0.00177734 0.999651 -0.99938
95 97 761 0.998465 0.004194 -0.0552297 -0.0339027 -0.00439728 0.999984 -0.00355967 0.0302429 0.0552139 0.00379706 0.998467 -0.998967
95 98 605 0.996236 0.00464223 -0.0865523 -0.054786 -0.00509324 0.999975 -0.00499074 0.028031 0.086527 0.00541278 0.996235 -0.998105
95 99 413 0.991905 0.00621786 -0.126826 0.0228119 -0.00706185 0.999956 -0.00620618 0.0378485 0.126782 0.00705157 0.991906 -0.999023
100 101 834 0.998944 -0.000133522 -0.0459423 -0.047056 9.99904e-05 1 -0.000732161 0.023938 0.0459424 0.000726794 0.998944 -0.998605
100 102 812 0.995608 -0.00112566 -0.0936151 -0.0453795 0.00119366 0.999999 0.00067044 0.0316763 0.0936142 -0.00077924 0.995608 -0.998467
100 103 556 0.988304 -0.00198607 -0.152487 -0.000814268 0.00249798 0.999992 0.0031656 0.0183958 0.152479 -0.00350948 0.9883 -0.99983
100 104 470 0.978909 0.000912448 -0.204294 -0.0281812 0.000218292 0.999985 0.00551226 0.0196002 0.204296 -0.0054406 0.978894 -0.999411
105 106 829 0.997904 -0.00149474 -0.0646998 -0.0923363 0.00167444 0.999995 0.00272328 -0.044441 0.0646954 -0.00282591 0.997901 -0.994736
105 107 685 0.991457 0.000278677 -0.130434 -0.0646437 8.18933e-05 0.999996 0.00275902 1.68286e-05 0.130434 -0.00274613 0.991453 -0.997908
105 108 485 0.98086 0.00322313 -0.194688 -0.0426294 -0.00292387 0.999994 0.00182447 0.0265882 0.194693 -0.0012203 0.980863 -0.998737
105 109 329 0.965786 0.00405316 -0.259308 0.00379768 -0.00375103 0.999992 0.00165995 0.0183653 0.259313 -0.000630481 0.965793 -0.999824
110 111 905 0.997909 0.00162229 -0.0646143 -0.0512345 -0.00153956 0.999998 0.00133017 -0.0431902 0.0646164 -0.00122791 0.997909 -0.997752
110 112 592 0.992113 0.000293051 -0.125349 -0.0675911 -0.000713723 0.999994 -0.0033111 0.0707276 0.125348 0.00337445 0.992107 -0.995203
110 113 411 0.98261 0.00675348 -0.18556 -0.0338423 -0.00696453 0.999976 -0.000485553 0.0304217 0.185552 0.00176944 0.982633 -0.998964
110 114 287 0.971433 0.00615159 -0.237235 -0.0384155 -0.00564104 0.99998 0.00283087 0.0146247 0.237248 -0.00141174 0.971448 -0.999155
115 116 873 0.99846 -0.00188566 -0.0554427 0.00423346 0.00200168 0.999996 0.00203707 -0.00080941 0.0554386 -0.00214491 0.99846 -0.999991
115 117 673 0.994781 0.00706165 -0.101793 -0.026923 -0.00659016 0.999966 0.00496731 -0.0225325 0.101825 -0.00427055 0.994793 -0.999384
115 118 377 0.989869 0.0205178 -0.140495 -0.0712899 -0.0204357 0.999789 0.00202689 0.0104569 0.140507 0.000864778 0.990079 -0.997401
115 119 229 0.98414 0.0242931 -0.175723 -0.067229 -0.024631 0.999697 0.000257931 0.0075067 0.175676 0.00407441 0.98444 -0.997709
120 121 838 0.999342 -0.00996609 -0.034872 0.108006 0.0101749 0.999931 0.00581437 -0.0151392 0.0348117 -0.00616536 0.999375 -0.994035
120 122 445 0.99798 -0.0160338 -0.0614745 -0.00978204 0.0165079 0.999838 0.00721149 0.0260557 0.0613489 -0.00821173 0.998083 -0.999613
120 123 267 0.996059 -0.0145723 -0.0874867 0.00471812 0.0154754 0.999834 0.0096534 0.0151497 0.0873314 -0.0109692 0.996119 -0.999874
120 124 256 0.993799 -0.00763952 -0.110931 -0.00813722 0.00918579 0.999868 0.0134347 0.00475458 0.110814 -0.0143703 0.993737 -0.999956
125 126 554 0.999794 0.00180682 -0.020194 -0.0273575 -0.00166506 0.999974 0.00703476 -0.0260791 0.0202061 -0.00699969 0.999771 -0.999285
125 127 363 0.999315 -0.000282272 -0.0370081 -0.0240199 0.00057072 0.99997 0.00778385 -0.03041 0.0370048 -0.00779963 0.999285 -0.999249
125 128 305 0.998502 -0.00628357 -0.0543457 0.0296523 0.00642213 0.999977 0.00237532 -0.00455128 0.0543295 -0.00272077 0.998519 -0.99955
125 129 216 0.997871 -0.000863755 -0.0652082 -0.0359649 0.000824823 0.999999 -0.000623957 0.00899027 0.0652087 0.000568843 0.997871 -0.999313
130 131 638 0.999935 0.00486507 -0.0102735 -0.0525839 -0.00488149 0.999987 -0.00157372 0.0351006 0.0102657 0.00162377 0.999946 -0.997999
130 132 381 0.999749 0.00699462 -0.0213071 -0.0318156 -0.00699306 0.999976 0.00014802 0.0121137 0.0213076 1.01898e-06 0.999773 -0.99942
130 133 347 0.999517 0.00811229 -0.0299878 0.0163572 -0.00806348 0.999966 0.00174851 -0.00899386 0.030001 -0.00150586 0.999549 -0.999826
130 134 359 0.999268 0.0120258 -0.0363247 0.0253723 -0.0119477 0.999926 0.00236686 -0.00351656 0.0363505 -0.00193113 0.999337 -0.999672
135 136 489 0.999983 0.00176459 -0.00546807 -0.025265 -0.00176245 0.999998 0.000395735 0.00357509 0.00546876 -0.000386091 0.999985 -0.999674
135 137 424 0.999951 0.00391561 -0.00909147 -0.0225034 -0.00390749 0.999992 0.000911108 0.000730147 0.00909496 -0.000875538 0.999958 -0.999747
135 138 377 0.999904 0.00599939 -0.012523 -0.0194323 -0.0059895 0.999982 0.000827101 -0.00539616 0.0125278 -0.000752014 0.999921 -0.999797
135 139 340 0.999858 0.00754877 -0.0150342 -0.0228695 -0.00753956 0.999971 0.000669154 -0.00915942 0.0150388 -0.000555708 0.999887 -0.999697
140 141 491 0.99999 0.00429409 -0.00153619 0.0180976 -0.00429436 0.999991 -0.000169286 0.00727739 0.00153545 0.000175881 0.999999 -0.99981
140 142 606 0.99997 0.00771411 -0.000537915 0.0151001 -0.00771411 0.99997 2.57196e-06 -0.00594819 0.000537918 1.57765e-06 1 -0.999868
140 143 507 0.999965 0.00727451 0.00417766 -0.0540516 -0.00727128 0.999973 -0.000788008 0.0117831 -0.00418328 0.000757603 0.999991 -0.998469
140 144 406 0.999918 0.0120936 0.00424199 0.0330821 -0.0121023 0.999925 0.00204865 -0.0113189 -0.00421689 -0.00209982 0.999989 -0.999389
145 146 625 0.999985 0.00194818 0.00507341 -0.0351326 -0.00193493 0.999995 -0.00261557 0.0269882 -0.00507848 0.00260571 0.999984 -0.999018
145 147 586 0.999967 0.00115424 0.00809507 0.00714832 -0.00112674 0.999994 -0.00340193 0.01377 -0.00809894 0.0033927 0.999961 -0.99988
145 148 485 0.999914 -0.00159043 0.0130038 -0.013764 0.00165918 0.999985 -0.00527824 0.00686193 -0.0129952 0.00529937 0.999902 -0.999882
145 149 336 0.999877 -0.00354967 0.015293 0.00284789 0.00364621 0.999974 -0.00628988 0.0142152 -0.0152702 0.00634487 0.999863 -0.999895
150 151 631 0.999993 -0.00127062 0.00339205 -0.00123295 0.00125224 0.999985 0.00541435 -0.0358558 -0.00339887 -0.00541006 0.99998 -0.999356
150 152 594 0.999966 -0.0074912 0.0034777 0.0208124 0.00745682 0.999924 0.00979733 -0.00620613 -0.00355083 -0.00977106 0.999946 -0.999764
150 153 385 0.999947 -0.00964077 0.00371194 0.0292093 0.00959479 0.999879 0.0122101 -0.00340068 -0.00382921 -0.0121738 0.999919 -0.999568
150 154 223 0.999889 -0.0123858 0.00829502 -0.0376313 0.0123041 0.999876 0.00983155 0.0109679 -0.00841576 -0.00972839 0.999917 -0.999232
155 156 970 0.999999 0.00116529 -0.000732279 0.00073192 -0.00116572 0.999999 -0.000587359 0.00257012 0.000731594 0.000588212 1 -0.999996
155 157 645 0.999997 -0.00227468 -0.00120103 0.0290232 0.00227207 0.999995 -0.00217002 0.0207997 0.00120596 0.00216728 0.999997 -0.999362
155 158 398 0.999988 -0.00452172 0.00179073 -0.0184439 0.00452651 0.999986 -0.00267957 0.025001 -0.00177859 0.00268765 0.999995 -0.999517
155 159 252 0.999982 -0.00224503 0.00550676 -0.0433508 0.00224928 0.999997 -0.000765744 0.00447783 -0.00550502 0.000778117 0.999985 -0.99905
160 161 1032 0.999986 -0.00356437 -0.00400746 0.0479256 0.00356552 0.999994 0.00027906 -0.00327927 0.00400644 -0.000293345 0.999992 -0.998846
160 162 492 0.999959 -0.00556772 -0.00707541 0.02097 0.00555317 0.999982 -0.00207378 0.0124715 0.00708684 0.0020344 0.999973 -0.999702
160 163 306 0.999889 -0.00891273 -0.0119058 0.0360616 0.00884693 0.999945 -0.00556769 0.0173593 0.0119548 0.00546174 0.999914 -0.999199
160 164 250 0.999794 -0.0106073 -0.0173088 0.0134274 0.0104831 0.999919 -0.00725181 0.0226035 0.0173843 0.00706887 0.999824 -0.999654
165 166 612 0.999966 0.00167945 -0.00807271 -0.00577587 -0.00167125 0.999998 0.00102209 0.000179868 0.00807441 -0.00100856 0.999967 -0.999983
165 167 409 0.999787 -0.000418756 -0.0206204 0.0433352 0.000448844 0.999999 0.00145453 0.00813285 0.0206198 -0.00146348 0.999786 -0.999027
165 168 318 0.999585 0.00197267 -0.0287473 0.0123116 -0.00196143 0.999998 0.000419167 0.0164789 0.0287481 -0.000362607 0.999587 -0.999788
165 169 255 0.999178 -0.000511784 -0.040529 0.0248787 0.000434433 0.999998 -0.00191733 0.0293324 0.0405299 0.00189815 0.999177 -0.99926
170 171 535 0.999932 0.00210883 -0.0114977 0.0209949 -0.00209964 0.999997 0.000811883 0.00826669 0.0114994 -0.000787687 0.999934 -0.999745
170 172 468 0.999754 0.000739043 -0.0221652 -0.00650626 -0.00070806 0.999999 0.00140562 0.00755828 0.0221662 -0.00138958 0.999753 -0.99995
170 173 360 0.999424 -0.00328648 -0.0337849 0.0234054 0.00333311 0.999994 0.00132412 0.0266165 0.0337804 -0.00143596 0.999428 -0.999372
170 174 284 0.999037 -0.0021515 -0.0438144 0.00621137 0.00227573 0.999994 0.00278559 0.0184377 0.0438081 -0.00288262 0.999036 -0.999811
175 176 459 0.999952 0.000379353 -0.00979712 0.0158769 -0.00037343 1 0.000606385 -0.00212373 0.00979734 -0.000602698 0.999952 -0.999872
175 177 443 0.999792 -0.00377278 -0.0200423 0.010445 0.00376544 0.999993 -0.000403808 0.0414795 0.0200437 0.000328256 0.999799 -0.999085
175 178 362 0.999625 0.000789164 -0.027376 -0.00203899 -0.000798557 1 -0.000332185 0.0165517 0.0273758 0.000353922 0.999625 -0.999861
175 179 292 0.999408 0.00650923 -0.0337879 -0.00495961 -0.00652689 0.999979 -0.000412366 0.0118937 0.0337845 0.000632651 0.999429 -0.999917
180 181 550 0.999991 0.00251837 -0.00330814 -0.022923 -0.00252452 0.999995 -0.00185693 0.0208577 0.00330345 0.00186526 0.999993 -0.99952
180 182 530 0.99996 0.00351754 -0.0082492 0.0325047 -0.00354153 0.99999 -0.00289592 0.0190064 0.00823893 0.00292501 0.999962 -0.999291
180 183 396 0.99992 0.00968031 -0.00819587 -0.00845957 -0.0096989 0.99995 -0.00223242 -0.0107394 0.00817386 0.00231174 0.999964 -0.999907
180 184 297 0.999946 0.00527623 -0.00899184 -0.0035645 -0.00530452 0.999981 -0.00312504 0.0112408 0.00897518 0.00317257 0.999955 -0.99993
185 186 511 0.999992 0.00269303 0.00285251 0.0151371 -0.00269792 0.999995 0.00171263 0.0163902 -0.00284788 -0.00172031 0.999994 -0.999751
185 187 472 0.999966 0.000168241 0.00819154 0.00331653 -0.000181011 0.999999 0.00155823 0.0390519 -0.00819126 -0.00155966 0.999965 -0.999232
185 188 459 0.999872 0.00123766 0.0159295 0.00112463 -0.00128634 0.999995 0.00304633 0.00997476 -0.0159256 -0.00306644 0.999868 -0.99995
185 189 359 0.999664 -0.00212063 0.02585 0.0119853 0.00205084 0.999994 0.00272616 0.019521 -0.0258556 -0.00267223 0.999662 -0.999738
190 191 663 0.999865 -0.000304135 0.0164002 0.0506734 0.000287234 0.999999 0.00103289 0.0299154 -0.0164005 -0.00102804 0.999865 -0.998267
190 192 528 0.999236 -0.00108222 0.0390582 0.0124921 0.000916402 0.99999 0.00426306 0.012805 -0.0390624 -0.00422401 0.999228 -0.99984
190 193 554 0.998362 -4.12893e-05 0.0572059 0.0780962 -0.000501702 0.999955 0.00947748 -0.0127521 -0.0572037 -0.00949066 0.998317 -0.996864
190 194 410 0.995593 -0.00256493 0.0937431 -0.0390683 0.00167894 0.999953 0.0095289 0.00291757 -0.0937631 -0.00932952 0.995551 -0.999232
195 196 674 0.999298 0.000490749 0.0374477 0.0590657 -0.000420411 0.999998 -0.00188616 -0.00123467 -0.0374486 0.0018691 0.999297 -0.998253
195 197 631 0.9969 0.000634121 0.0786819 0.0620306 -0.000369502 0.999994 -0.00337766 -0.0367178 -0.0786836 0.00333811 0.996894 -0.997399
195 198 343 0.991678 -0.00161392 0.12873 -0.0309334 0.00296576 0.999942 -0.0103103 0.011328 -0.128706 0.0106063 0.991626 -0.999457
195 199 167 0.984227 -0.00336981 0.176877 -0.0569134 0.00595671 0.999883 -0.0140964 0.0287596 -0.176809 0.0149277 0.984132 -0.997965
200 201 542 0.998436 0.000216815 0.0559005 0.0918922 -0.00021133 1 -0.000104035 0.0163769 -0.0559005 9.2059e-05 0.998436 -0.995634
200 202 229 0.99196 0.00336788 0.12651 -0.050902 -0.00342812 0.999994 0.000258465 0.0239863 -0.126509 -0.00069008 0.991965 -0.998416
200 203 92 0.983104 0.00562596 0.182959 0.00618271 -0.00673236 0.999963 0.00542672 0.0130973 -0.182921 -0.00656678 0.983106 -0.999895
200 204 44 0.971247 0.0105019 0.237841 0.0433313 -0.0132709 0.999861 0.0100442 -0.00488907 -0.237703 -0.0129117 0.971252 -0.999049
205 206 380 0.997701 -0.00226288 0.0677345 0.139951 0.0021197 0.999995 0.00218559 0.0260174 -0.0677392 -0.00203698 0.997701 -0.989817
205 207 264 0.990067 -0.00140736 0.140591 0.0239011 0.000579708 0.999982 0.00592773 -0.0231573 -0.140597 -0.00578735 0.99005 -0.999446
205 208 116 0.979308 0.00312813 0.202351 0.0402065 -0.00353175 0.999992 0.00163364 0.00992583 -0.202344 -0.00231449 0.979312 -0.999142
205 209 76 0.962877 0.00242265 0.269929 -9.84672e-05 -0.00189634 0.999996 -0.00221059 0.00144377 -0.269934 0.00161665 0.962878 -0.999999
210 211 396 0.997858 -0.00107652 0.0654017 0.0811581 0.00144336 0.999983 -0.00556208 0.00532144 -0.0653946 0.00564457 0.997844 -0.996687
210 212 325 0.991958 -0.000172676 0.126567 0.0482884 0.00177673 0.99992 -0.0125607 0.0123908 -0.126555 0.0126846 0.991878 -0.998757
210 213 300 0.983244 -0.00171695 0.182286 0.030188 0.00494387 0.999839 -0.0172496 0.0288878 -0.182227 0.0178617 0.983094 -0.999127
210 214 266 0.972861 -0.00638088 0.231301 0.00515969 0.0109478 0.99977 -0.0184665 0.0285858 -0.23113 0.0204976 0.972707 -0.999578
215 216 386 0.999282 -0.00390635 0.0376918 0.0249341 0.00381766 0.99999 0.00242472 -0.0212543 -0.0377009 -0.00227908 0.999286 -0.999463
215 217 410 0.9976 -0.0055558 0.0690216 0.0564744 0.0053791 0.999982 0.00274578 0.00632501 -0.0690356 -0.00236791 0.997611 -0.998384
215 218 424 0.995918 -0.00304311 0.090206 0.0407865 0.00286885 0.999994 0.00206133 0.029636 -0.0902117 -0.00179413 0.995921 -0.998728
215 219 399 0.993962 0.0040957 0.109649 -0.0329841 -0.0043635 0.999988 0.00220249 0.00770851 -0.109639 -0.00266765 0.993968 -0.999426
220 221 415 0.99993 -0.00610175 0.0101544 -0.0159841 0.00610271 0.999981 -6.33549e-05 -0.0128633 -0.0101538 0.00012532 0.999948 -0.999789
220 222 486 0.999804 -0.0121816 0.0156377 0.0477234 0.0121561 0.999925 0.0017248 -0.00411196 -0.0156575 -0.00153437 0.999876 -0.998852
220 223 513 0.999638 -0.0195422 0.0184879 0.025166 0.0194448 0.999796 0.00543655 0.000360285 -0.0185904 -0.00507509 0.999814 -0.999683
220 224 443 0.999639 -0.0194409 0.0185285 0.0375071 0.0192969 0.999782 0.00791542 0.00644902 -0.0186784 -0.00755502 0.999797 -0.999276
225 226 503 0.999992 0.00256006 -0.00306771 -0.0752587 -0.00254126 0.999978 0.00611545 0.000234728 0.0030833 -0.0061076 0.999977 -0.997164
225 227 582 0.999952 0.00386232 -0.00905434 -0.00849004 -0.00375763 0.999926 0.0115518 -0.0203298 0.00909829 -0.0115172 0.999892 -0.999757
225 228 453 0.999936 -0.000294263 -0.0112871 -0.0267229 0.000411326 0.999946 0.0103704 -0.00670451 0.0112835 -0.0103744 0.999883 -0.99962
225 229 378 0.999777 -0.00737228 -0.019792 0.0254151 0.00747326 0.999959 0.00503316 0.00944585 0.0197541 -0.00517995 0.999791 -0.999632
230 231 502 0.999983 0.00313346 -0.00488193 0.0290608 -0.00315707 0.999983 -0.00483558 -0.00715099 0.00486669 0.00485091 0.999976 -0.999552
230 232 480 0.999962 0.00681037 -0.00548407 -0.0542617 -0.00687091 0.999915 -0.0110967 0.0256399 0.00540803 0.011134 0.999923 -0.998198
230 233 432 0.999901 0.0093352 -0.0105048 0.00670689 -0.00945372 0.999892 -0.0112898 0.013436 0.0103983 0.011388 0.999881 -0.999887
230 234 399 0.999848 0.0126675 -0.0119461 0.0176341 -0.0127638 0.999886 -0.00802313 0.0105351 0.0118431 0.00817439 0.999896 -0.999789
235 236 402 0.999999 -0.000541814 0.00123348 -0.0200784 0.000534485 0.999982 0.00593418 0.0196655 -0.00123667 -0.00593351 0.999982 -0.999605
235 237 460 0.99999 -0.00294595 0.00327851 0.00313075 0.00291103 0.99994 0.0106053 -0.00733538 -0.00330956 -0.0105957 0.999938 -0.999968
235 238 455 0.999977 -0.00298609 0.006078 -0.00551291 0.00294755 0.999976 0.00633899 -0.00397506 -0.00609678 -0.00632093 0.999961 -0.999977
235 239 399 0.99997 0.000503018 0.00774937 -0.00539117 -0.000495338 0.999999 -0.000992918 0.00572832 -0.00774987 0.000989049 0.999969 -0.999969
240 241 368 0.999993 -0.00357611 0.0013175 0.0300233 0.0035752 0.999993 0.000689762 0.0182798 -0.00131996 -0.000685047 0.999999 -0.999382
240 242 476 0.999952 -0.00908394 0.00366829 0.0159307 0.00906412 0.999944 0.0053835 0.00353771 -0.00371698 -0.00534999 0.999979 -0.999867
240 243 427 0.999944 -0.00632782 0.00852008 0.00636532 0.00624144 0.999929 0.0101275 0.0143063 -0.00858356 -0.0100737 0.999912 -0.999877
240 244 397 0.99991 -0.00689847 0.0115094 -0.00250804 0.00673494 0.999877 0.0141872 -0.00423601 -0.0116058 -0.0141084 0.999833 -0.999988
245 246 484 0.99999 0.00364043 0.00267344 0.00667276 -0.00363661 0.999992 -0.00143338 0.00455569 -0.00267864 0.00142364 0.999995 -0.999967
245 247 462 0.999977 0.00410057 0.00532531 0.00293965 -0.00407541 0.999981 -0.00472665 0.0106096 -0.00534459 0.00470484 0.999975 -0.999939
245 248 427 0.999962 0.00435003 0.00754476 -0.0293953 -0.0042949 0.999964 -0.00730881 0.0182646 -0.00757628 0.00727612 0.999945 -0.999401
245 249 369 0.999906 0.0115634 0.00737734 -0.00752994 -0.0115032 0.999901 -0.0081502 0.0092777 -0.00747085 0.00806457 0.99994 -0.999929
250 251 515 0.99998 -0.00576547 -0.00273974 0.0448711 0.00576969 0.999982 0.00153229 0.0140941 0.00273086 -0.00154807 0.999995 -0.998893
250 252 501 0.999953 -0.00960806 -0.00103116 0.0147051 0.0096138 0.999937 0.00571143 0.00211353 0.000976219 -0.00572108 0.999983 -0.99989
250 253 411 0.999836 -0.0179392 -0.00254701 0.0246303 0.017958 0.99981 0.00755824 -0.0032494 0.00241094 -0.00760274 0.999968 -0.999691
250 254 325 0.999683 -0.0245495 -0.00558225 0.0338516 0.0245826 0.99968 0.0059451 0.00561877 0.00543451 -0.00608044 0.999967 -0.999411
255 256 376 0.999992 -0.00246249 -0.00325891 0.0371865 0.00246467 0.999997 0.000666166 0.00831158 0.00325726 -0.000674192 0.999994 -0.999274
255 257 455 0.999988 0.00304378 -0.00376826 -0.0166604 -0.00303026 0.999989 0.00358942 0.00407676 0.00377914 -0.00357796 0.999986 -0.999853
255 258 343 0.999963 0.00397325 -0.00763488 0.0227088 -0.00395967 0.999991 0.00179241 0.000985293 0.00764193 -0.00176211 0.999969 -0.999742
255 259 308 0.999862 0.0159285 -0.00466548 -0.0171089 -0.0159114 0.999867 0.00369567 0.00564189 0.00472373 -0.00362093 0.999982 -0.999838
260 261 417 0.999997 -0.00216516 -0.00135982 -0.0069866 0.00216126 0.999994 -0.00285821 0.00975258 0.001366 0.00285526 0.999995 -0.999928
260 262 376 0.999968 -0.00773886 -0.00209885 -0.00318345 0.00772037 0.999933 -0.00868074 0.0067834 0.00216589 0.00866426 0.99996 -0.999972
260 263 322 0.999917 -0.0119157 -0.00482879 0.0372364 0.0118605 0.999866 -0.0113067 0.00739259 0.00496287 0.0112485 0.999924 -0.999279
260 264 269 0.999948 -0.00870974 -0.00531114 0.0157578 0.00867895 0.999946 -0.00579408 0.00657134 0.00536132 0.00574768 0.999969 -0.999854
265 266 419 0.999992 0.00398301 0.000414538 -0.00223724 -0.00398642 0.999955 0.00856843 0.00318282 -0.000380391 -0.00857001 0.999963 -0.999992
265 267 337 0.999992 0.00373738 0.00117606 0.0017988 -0.00373688 0.999993 -0.000431717 0.00652812 -0.00117766 0.000427319 0.999999 -0.999977
265 268 258 0.99998 0.00639158 -0.000175035 0.0779494 -0.00639384 0.999763 -0.020817 0.00392575 4.19402e-05 0.0208177 0.999783 -0.99695
265 269 208 0.999987 0.00400515 0.00315234 0.012122 -0.00388789 0.999331 -0.0363629 0.0349466 -0.00329587 0.0363502 0.999334 -0.999316
270 271 366 0.999984 -0.00573335 8.17671e-05 0.0604628 0.00573132 0.999857 0.0159099 0.00284319 -0.000172972 -0.0159092 0.999873 -0.998166
270 272 315 0.999989 -0.0042756 0.00204408 0.00632902 0.00422631 0.999714 0.0235403 -0.00209594 -0.00214414 -0.0235314 0.999721 -0.999978
270 273 286 0.999985 0.00291368 0.00473389 0.00259679 -0.00303291 0.999673 0.0253779 -0.0067415 -0.0046584 -0.0253919 0.999667 -0.999974
270 274 200 0.999974 4.30668e-05 0.00727196 0.00316348 -0.000216695 0.999715 0.0238773 0.000499447 -0.00726886 -0.0238782 0.999688 -0.999995
275 276 438 0.99999 0.000221992 0.00440365 0.0105152 -0.000234883 0.999996 0.00292709 -0.00779733 -0.00440298 -0.0029281 0.999986 -0.999914
275 277 377 0.999955 -0.00468499 0.00827037 0.00692734 0.00466313 0.999986 0.00266027 0.00497865 -0.00828272 -0.00262158 0.999962 -0.999964
275 278 294 0.999857 -0.0128381 0.0109881 -0.00743502 0.0128143 0.999915 0.00222917 0.00964946 -0.0110158 -0.00208805 0.999937 -0.999926
275 279 231 0.99984 -0.0114872 0.0136835 0.00205828 0.0114729 0.999934 0.00112417 0.00757343 -0.0136955 -0.000967005 0.999906 -0.999969
280 281 580 0.999999 0.00101768 0.000689891 0.0146474 -0.00101764 0.999999 -5.6606e-05 0.0261896 -0.000689948 5.59039e-05 1 -0.99955
280 282 452 0.999982 0.00415715 0.0043026 0.000998909 -0.00416744 0.999988 0.00238461 0.0177708 -0.00429264 -0.0024025 0.999988 -0.999842
280 283 368 0.999932 0.00836633 0.00811562 0.00386995 -0.00842451 0.999939 0.00716178 0.00519221 -0.00805521 -0.00722966 0.999941 -0.999979
280 284 286 0.99981 0.0113327 0.0158823 -0.0144364 -0.0114652 0.9999 0.00827469 0.00719453 -0.0157869 -0.0084552 0.99984 -0.99987
285 286 534 0.999981 0.00135589 0.00600473 0.0258037 -0.0013091 0.999969 -0.00778863 0.00569547 -0.0060151 0.00778063 0.999952 -0.999651
285 287 511 0.999942 0.00327852 0.0102943 -0.000408623 -0.0030933 0.999834 -0.0179576 0.0318011 -0.0103515 0.0179247 0.999786 -0.999494
285 288 356 0.999878 -0.00355286 0.0152399 -0.00671479 0.00383977 0.999815 -0.0188388 0.0176387 -0.0151702 0.018895 0.999706 -0.999822
285 289 263 0.999805 -0.00626958 0.0187293 0.00106361 0.00656146 0.999857 -0.0155639 0.0205168 -0.0186291 0.0156837 0.999703 -0.999789
290 291 568 0.999966 0.00403958 0.00718963 -0.0415304 -0.00408413 0.999972 0.00619262 -0.0100287 -0.00716442 -0.00622177 0.999955 -0.999087
290 292 410 0.999912 0.004948 0.0122729 0.0281917 -0.00500428 0.999977 0.00455931 0.00212589 -0.01225 -0.00462033 0.999914 -0.9996
290 293 275 0.999788 -0.00335713 0.0202973 0.0163328 0.00332691 0.999993 0.00152269 0.0151834 -0.0203023 -0.00145484 0.999793 -0.999751
290 294 204 0.999541 -0.0118072 0.0278973 -0.00191927 0.0117011 0.999924 0.00396613 0.00937524 -0.027942 -0.00363788 0.999603 -0.999954
295 296 534 0.999971 0.000787199 0.00760903 -0.000712594 -0.000807761 0.999996 0.00269968 -0.00471618 -0.00760688 -0.00270575 0.999967 -0.999989
295 297 371 0.999849 0.00248247 0.0172067 -0.0135583 -0.0024991 0.999996 0.000944999 -0.0121427 -0.0172043 -0.000987857 0.999852 -0.999834
295 298 268 0.999689 -0.00156641 0.0249083 -0.00584247 0.00173265 0.999976 -0.00665392 0.013777 -0.0248973 0.00669501 0.999668 -0.999888
295 299 195 0.999463 -0.00555933 0.0322987 0.00518497 0.0059745 0.999901 -0.0127718 0.0247721 -0.0322245 0.0129579 0.999397 -0.99968
300 301 432 0.999987 -0.00140171 0.00500015 0.0237779 0.00141026 0.999998 -0.00170619 0.014211 -0.00499774 0.00171322 0.999986 -0.999616
300 302 374 0.999935 0.00159567 0.0112982 -0.018649 -0.00159572 0.999999 -4.74551e-06 0.0186802 -0.0112982 -1.32836e-05 0.999936 -0.999652
300 303 261 0.999893 -0.00193864 0.0144947 0.0174307 0.00184497 0.999977 0.00647343 -0.00333523 -0.0145069 -0.006446 0.999874 -0.999843
300 304 207 0.999834 -0.00451061 0.0176554 0.0396512 0.0042879 0.999911 0.0126319 -0.0100113 -0.0177108 -0.0125541 0.999764 -0.999163
305 306 436 0.999991 -0.00263079 0.00335861 0.00704254 0.00265114 0.999978 -0.00606741 0.0172785 -0.00334257 0.00607626 0.999976 -0.999826
305 307 331 0.999962 -0.0079675 0.00352194 0.0628116 0.00802521 0.999829 -0.0166876 0.0326738 -0.00338838 0.0167152 0.999855 -0.99749
305 308 210 0.99996 -0.00396995 0.00801286 0.0298085 0.00415858 0.999711 -0.0236626 0.0237651 -0.00791661 0.0236949 0.999688 -0.999273
305 309 176 0.999899 -0.00245642 0.0139924 0.00637122 0.00273869 0.999792 -0.0201902 0.0287591 -0.0139399 0.0202265 0.999698 -0.999566
310 311 467 0.999979 -0.00187201 0.0062349 0.00899854 0.00183948 0.999985 0.00521962 0.00800254 -0.00624458 -0.00520804 0.999967 -0.999927
310 312 341 0.999912 -0.00183331 0.0131101 0.0150078 0.0017735 0.999988 0.00457279 -0.00350975 -0.0131183 -0.00454914 0.999904 -0.999881
310 313 270 0.999775 -0.000799326 0.0211767 -0.00144029 0.000846683 0.999997 -0.00222739 0.0202296 -0.0211748 0.00224482 0.999773 -0.999794
310 314 165 0.999563 0.00112068 0.0295333 -0.0212149 -0.000968469 0.999986 -0.00516767 0.0201389 -0.0295387 0.00513681 0.99955 -0.999572
315 316 451 0.999961 0.00555549 0.00690021 -0.00197341 -0.00555495 0.999985 -9.76734e-05 0.0107376 -0.00690065 5.93392e-05 0.999976 -0.99994
315 317 452 0.999866 0.0089152 0.0137021 -0.0209028 -0.00899895 0.999941 0.00606288 0.0250276 -0.0136472 -0.00618537 0.999888 -0.999468
315 318 302 0.999679 0.0167393 0.0190282 0.00503256 -0.0170564 0.999716 0.0166291 0.00926906 -0.0187444 -0.0169484 0.999681 -0.999944
315 319 238 0.999275 0.0273893 0.0264298 -0.00907542 -0.0279413 0.999394 0.0207457 0.00288529 -0.0258456 -0.0214691 0.999435 -0.999955
320 321 583 0.999953 -0.00626955 0.00741033 -0.0255215 0.0063644 0.999897 -0.012846 0.0119189 -0.00732903 0.0128926 0.99989 -0.999603
320 322 404 0.999858 -0.0133113 0.0102985 0.021625 0.0135188 0.999702 -0.0203454 0.0195993 -0.0100246 0.0204818 0.99974 -0.999574
320 323 266 0.999764 -0.0178028 0.012448 0.0151963 0.0180287 0.99967 -0.0182732 0.0337596 -0.0121186 0.0184933 0.999756 -0.999314
320 324 210 0.999697 -0.0194006 0.0151404 0.00441909 0.019508 0.999785 -0.00697646 0.0137976 -0.0150018 0.00726971 0.999861 -0.999895
325 326 558 0.999998 0.00121354 0.00132968 0.0162198 -0.00121824 0.999993 0.00354047 0.00250952 -0.00132537 -0.00354209 0.999993 -0.999865
325 327 419 0.999957 0.0076839 0.00520972 -0.00983647 -0.00767981 0.99997 -0.00080425 0.00468136 -0.00521574 0.000764206 0.999986 -0.999941
325 328 280 0.999952 0.00816183 0.00535216 -0.00868525 -0.00811527 0.99993 -0.00866486 0.00419034 -0.0054225 0.00862101 0.999948 -0.999954
325 329 173 0.999988 0.00227113 0.00431857 -0.00428201 -0.00220352 0.999876 -0.0155958 0.0205728 -0.00435345 0.0155861 0.999869 -0.999779
330 331 553 0.999996 0.00253233 0.00134415 0.0169584 -0.00254446 0.999955 0.00910149 0.0130236 -0.00132104 -0.00910487 0.999958 -0.999771
330 332 407 0.999915 0.0126254 0.00322403 0.00800294 -0.0126889 0.999709 0.0205285 0.00330261 -0.00296392 -0.0205677 0.999784 -0.999963
330 333 247 0.999711 0.0229497 0.00720968 -0.0179078 -0.0231277 0.999403 0.0256563 -0.00760129 -0.00661657 -0.0258156 0.999645 -0.999811
330 334 168 0.999702 0.0228225 0.00868038 -0.0198742 -0.0229981 0.999521 0.0207064 -0.000936682 -0.00820365 -0.0208999 0.999748 -0.999802
335 336 558 0.999999 -0.000427581 0.000939452 0.0066899 0.000431679 0.99999 -0.00436646 0.0383696 -0.000937576 0.00436686 0.99999 -0.999241
335 337 278 0.999999 0.000562178 0.00151234 0.0300835 -0.000562606 1 0.000282837 0.0135812 -0.00151218 -0.000283688 0.999999 -0.999455
335 338 180 0.999997 -0.00160978 0.00163768 0.0101502 0.00159927 0.999978 0.00639954 0.00431956 -0.00164794 -0.0063969 0.999978 -0.999939
335 339 135 0.999977 -0.0066056 0.00123332 0.0281847 0.0065958 0.999948 0.00779042 0.00807911 -0.00128472 -0.00778211 0.999969 -0.99957
340 341 310 0.999989 -0.00458049 0.000331459 0.0212835 0.0045816 0.999984 -0.003431 0.0211984 -0.000315738 0.00343249 0.999994 -0.999549
340 342 238 0.99998 -0.00628405 0.000981523 0.00918052 0.00628986 0.999962 -0.00603194 0.018159 -0.000943581 0.00603799 0.999981 -0.999793
340 343 188 0.999976 -0.00675552 0.00154927 0.0266911 0.00676314 0.999965 -0.00496848 0.0076153 -0.00151565 0.00497884 0.999986 -0.999615
340 344 166 0.999937 -0.010282 0.00454486 -0.0376933 0.0102849 0.999947 -0.000616979 0.00172137 -0.00453828 0.000663683 0.999989 -0.999288
345 346 370 0.999998 -0.00145658 0.00109126 0.026545 0.00145661 0.999999 -3.01759e-05 0.000896022 -0.00109121 3.17654e-05 0.999999 -0.999647
345 347 288 0.999973 -0.00730778 0.00087223 0.0246073 0.00731673 0.999915 -0.0107462 0.0404955 -0.000793626 0.0107523 0.999942 -0.998877
345 348 213 0.999979 0.003682 0.00527408 0.00912866 -0.00358014 0.999809 -0.019195 0.0298717 -0.00534375 0.0191757 0.999802 -0.999512
345 349 160 0.999961 0.007876 0.00404929 0.0183844 -0.00779006 0.999753 -0.0208179 0.0267681 -0.00421226 0.0207855 0.999775 -0.999473
350 351 445 0.99999 -0.00442574 -0.000860308 0.00929188 0.00443 0.999978 0.00500507 0.0240788 0.000838137 -0.00500883 0.999987 -0.999667
350 352 320 0.999989 -0.00418166 -0.00201603 0.00718347 0.00420256 0.999936 0.0104754 0.0241104 0.0019721 -0.0104838 0.999943 -0.999683
350 353 238 0.999998 0.00143651 -0.00158418 0.00469008 -0.00141302 0.99989 0.0147309 0.00460128 0.00160517 -0.0147287 0.99989 -0.999978
350 354 199 0.999983 0.00238323 -0.00537517 0.00809986 -0.00228905 0.999845 0.0174605 0.0278342 0.00541595 -0.0174479 0.999833 -0.99958
355 356 357 0.999987 -0.00154237 -0.00494985 -0.0366251 0.00151995 0.999989 -0.00452854 0.00175156 0.00495678 0.00452096 0.999977 -0.999328
355 357 353 0.999922 -0.00580042 -0.0110631 0.0123291 0.00564063 0.99988 -0.0144208 0.0248806 0.0111454 0.0143572 0.999835 -0.999614
355 358 283 0.999808 -0.0109517 -0.0162288 -0.00850401 0.0106413 0.999761 -0.019091 0.0350165 0.016434 0.0189146 0.999686 -0.999351
355 359 243 0.999743 -0.00886111 -0.0208545 -0.000113171 0.00851036 0.999822 -0.0168483 0.01713 0.0210001 0.0166665 0.999641 -0.999853
360 361 430 0.999976 -0.0013193 -0.00673994 -0.0190972 0.0013764 0.999963 0.00847395 0.0123178 0.00672851 -0.00848303 0.999941 -0.999742
360 362 404 0.999881 -0.00334892 -0.0150309 0.011596 0.0035563 0.999899 0.0137915 0.00268018 0.0149832 -0.0138433 0.999792 -0.999929
360 363 311 0.999707 -0.00273949 -0.0240654 0.0411874 0.00304823 0.999913 0.012802 -0.00197957 0.0240282 -0.0128716 0.999628 -0.999149
360 364 243 0.999612 0.0012076 -0.0278451 0.0114972 -0.00101047 0.999974 0.00709219 0.010502 0.0278529 -0.0070613 0.999587 -0.999879
365 366 474 0.999954 0.00565703 -0.00778121 0.0402835 -0.00567048 0.999982 -0.00170744 0.0259679 0.00777141 0.00175149 0.999968 -0.998851
