0 1 1101 0.999992 0.00261885 0.00311222 0.00514659 -0.0026256 0.999994 0.00216617 0.00492288 -0.00310653 -0.00217432 0.999993 -0.999975
0 2 921 0.999977 -0.000272172 0.00678438 0.0101885 0.000246974 0.999993 0.00371468 0.00369372 -0.00678534 -0.00371292 0.99997 -0.999941
0 3 784 0.999927 0.00263354 0.011834 -0.00477525 -0.00269619 0.999982 0.00528119 -0.00107743 -0.0118199 -0.00531271 0.999916 -0.999988
0 4 672 0.999841 0.000778388 0.0178393 -0.00958047 -0.000895244 0.999978 0.00654348 -0.00347001 -0.0178338 -0.00655841 0.999819 -0.999948
5 6 1216 0.999987 -0.00180929 0.00469219 0.00567887 0.00180489 0.999998 0.000941439 0.0106272 -0.00469388 -0.000932958 0.999989 -0.999927
5 7 995 0.999935 -0.00660829 0.00928789 0.00875692 0.00659091 0.999976 0.00190019 0.00520482 -0.00930023 -0.00183885 0.999955 -0.999948
5 8 756 0.999898 -0.00418308 0.0136718 0.00314916 0.00418573 0.999991 -0.000165291 0.0087816 -0.013671 0.0002225 0.999907 -0.999956
5 9 629 0.999821 -0.00594929 0.0179682 0.00304833 0.0059925 0.999979 -0.00235208 0.0080206 -0.0179539 0.00245933 0.999836 -0.999963
10 11 1181 0.999995 -0.00199146 0.0024968 0.0100065 0.00198992 0.999998 0.000621938 0.0104885 -0.00249804 -0.000616967 0.999997 -0.999895
10 12 906 0.999989 -0.00192729 0.00431441 0.0096822 0.0019236 0.999998 0.000858502 0.0096329 -0.00431605 -0.000850193 0.99999 -0.999907
10 13 737 0.999974 0.00257154 0.00679214 0.000883462 -0.0025826 0.999995 0.00161967 0.00645184 -0.00678794 -0.00163717 0.999976 -0.999979
10 14 560 0.999959 -0.00218896 0.00877836 0.00231569 0.00218502 0.999998 0.000457604 0.0117591 -0.00877934 -0.000438405 0.999961 -0.999928
15 16 1007 0.999994 -0.00284317 0.00182614 0.0110603 0.00283898 0.999993 0.00229251 0.0109684 -0.00183265 -0.00228731 0.999996 -0.999879
15 17 838 0.999982 -0.00565035 0.00206149 0.0192363 0.00563971 0.999971 0.00513379 0.00405455 -0.00209043 -0.00512208 0.999985 -0.999807
15 18 726 0.99997 -0.00566554 0.00528901 0.00626809 0.00563072 0.999963 0.0065759 0.0019008 -0.00532606 -0.00654592 0.999964 -0.999979
15 19 532 0.999966 -0.00544243 0.00615811 0.0024378 0.00540392 0.999966 0.00625242 0.00373077 -0.00619193 -0.00621893 0.999961 -0.99999
20 21 1125 0.999999 -6.15781e-05 0.001518 0.00299164 6.38028e-05 0.999999 -0.00146553 0.00969068 -0.00151791 0.00146563 0.999998 -0.999949
20 22 864 0.999995 -0.0018804 0.00264253 0.00636364 0.00188443 0.999997 -0.00152366 0.0118115 -0.00263966 0.00152863 0.999995 -0.99991
20 23 679 0.999988 0.00246202 0.0043112 0.00103978 -0.0024584 0.999997 -0.000846595 0.00829462 -0.00431327 0.000835986 0.99999 -0.999965
20 24 474 0.999987 0.0009146 0.00492943 0.00184368 -0.000914769 1 3.21341e-05 0.00810622 -0.0049294 -3.6643e-05 0.999988 -0.999965
25 26 970 1 -0.000223359 0.000295603 -8.16582e-05 0.000224329 0.999995 -0.00328315 0.00917719 -0.000294868 0.00328322 0.999995 -0.999958
25 27 791 0.999997 -0.00184251 -0.00130621 0.0083046 0.00183311 0.999973 -0.00715802 0.0156266 0.00131936 0.0071556 0.999974 -0.999843
25 28 595 0.999997 0.000890341 -0.00229197 0.004909 -0.000914322 0.999945 -0.0104829 0.0178059 0.00228251 0.010485 0.999942 -0.999829
25 29 470 0.999991 0.000804756 -0.00423473 0.00710067 -0.000851599 0.999938 -0.0110714 0.0136543 0.00422556 0.0110749 0.99993 -0.999882
30 31 814 0.999997 -0.00231 -0.00114085 0.00890168 0.00231531 0.999986 0.00467597 0.00920869 0.00113004 -0.00467859 0.999988 -0.999918
30 32 663 0.999997 0.000925424 -0.00214015 -0.0036955 -0.000908886 0.99997 0.00771569 0.00533998 0.00214723 -0.00771372 0.999968 -0.999979
30 33 505 0.999991 -0.00051171 -0.00429114 0.0125718 0.000540918 0.999977 0.00680818 0.00145896 0.00428755 -0.00681044 0.999968 -0.99992
30 34 454 0.999994 0.00160185 -0.00292653 0.00501253 -0.00159815 0.999998 0.00126545 0.0181501 0.00292855 -0.00126076 0.999995 -0.999823
35 36 835 0.999968 0.00791734 0.0012044 -0.0106264 -0.00791807 0.999968 0.000604362 0.0164488 -0.00119958 -0.000613879 0.999999 -0.999808
35 37 774 0.999938 0.0106902 0.00296303 -0.0125291 -0.0107041 0.999932 0.00471631 0.0089064 -0.00291241 -0.00474774 0.999984 -0.999882
35 38 626 0.99991 0.0126023 0.00465607 -0.0119729 -0.0126422 0.999883 0.00864309 0.00487582 -0.0045466 -0.00870117 0.999952 -0.999916
35 39 536 0.999943 0.00770691 0.00739833 -0.0169904 -0.00777376 0.999929 0.00905016 0.00958394 -0.00732805 -0.00910716 0.999932 -0.99981
40 41 956 0.999992 -0.00405965 0.00059566 0.0160553 0.00406126 0.999988 -0.00273141 0.0117164 -0.000584564 0.0027338 0.999996 -0.999802
40 42 825 0.99999 -0.00372447 0.00260655 0.000235286 0.00373435 0.999986 -0.00379629 0.0124067 -0.00259237 0.00380598 0.999989 -0.999923
40 43 640 0.999988 -0.00380402 0.00317467 0.013868 0.00382535 0.99997 -0.00673962 0.012986 -0.00314894 0.00675168 0.999972 -0.99982
40 44 543 0.999989 -0.00359519 0.00292949 0.00186712 0.00362465 0.999942 -0.0101154 0.0217895 -0.00289296 0.0101259 0.999945 -0.999761
45 46 858 1 -1.4795e-05 0.000643486 -0.00085018 1.44608e-05 1 0.000519363 0.0163406 -0.000643494 -0.000519354 1 -0.999866
45 47 733 1 0.000583303 1.14861e-05 0.00451658 -0.000583328 0.999997 0.00232452 0.0118428 -1.01302e-05 -0.00232453 0.999997 -0.99992
45 48 606 0.999996 -0.00287152 0.000450245 0.00210662 0.00286935 0.999985 0.00474217 0.0121572 -0.000463856 -0.00474086 0.999989 -0.999924
45 49 495 0.999979 -0.00639824 0.000950438 1.12173e-07 0.00639397 0.99997 0.00443425 0.0167745 -0.00097878 -0.00442808 0.99999 -0.999859
50 51 807 0.999995 -0.00322079 0.000547063 0.0169281 0.00322142 0.999994 -0.00116512 0.0270486 -0.000543308 0.00116687 0.999999 -0.999491
50 52 754 0.999996 -0.00238252 0.00148278 0.00217701 0.00237939 0.999995 0.00210733 0.0136767 -0.00148779 -0.0021038 0.999997 -0.999904
50 53 624 0.999995 -0.0017564 0.00257672 -0.00133243 0.00174089 0.99998 0.00600815 0.0137214 -0.00258723 -0.00600363 0.999979 -0.999905
50 54 534 0.99998 -0.00568869 0.00270616 0.00243846 0.00566605 0.99995 0.00829992 0.00658745 -0.00275324 -0.00828443 0.999962 -0.999975
55 56 904 0.999995 0.0030239 0.00031159 0.00600626 -0.00302294 0.999991 -0.00302777 0.0125412 -0.000320743 0.00302682 0.999995 -0.999903
55 57 828 0.999991 0.00416493 0.000826775 -0.00306051 -0.00416192 0.999985 -0.00360868 0.0156865 -0.000841793 0.0036052 0.999993 -0.999872
55 58 653 0.999972 0.00752382 0.000129574 0.00160458 -0.00752341 0.999968 -0.00286632 0.0174999 -0.000151135 0.00286527 0.999996 -0.999846
55 59 552 0.999953 0.00967549 0.00104066 -0.000485586 -0.00967365 0.999952 -0.00175929 0.0169264 -0.00105763 0.00174914 0.999998 -0.999857
60 61 938 0.999996 0.00254067 0.00128387 -0.00682158 -0.00253527 0.999988 -0.00418795 0.0229394 -0.00129449 0.00418467 0.99999 -0.999714
60 62 803 0.999992 0.00368713 0.00150797 -0.000587657 -0.00367307 0.999951 -0.00922051 0.0195549 -0.00154189 0.0092149 0.999956 -0.999809
60 63 659 1 -0.000593234 0.000784312 0.0105186 0.000601929 0.999938 -0.0111328 0.0195135 -0.000777658 0.0111333 0.999938 -0.999754
60 64 522 0.999994 -0.00175215 0.00312508 0.00455967 0.00177581 0.99997 -0.00758633 0.0200685 -0.00311169 0.00759183 0.999966 -0.999788
65 66 810 0.999997 -0.00232718 0.00112423 0.00385228 0.00232183 0.999986 0.00473816 0.0100577 -0.00113524 -0.00473553 0.999988 -0.999942
65 67 736 0.999975 -0.00684766 0.00191572 0.0071409 0.00684026 0.999969 0.00384328 0.0110002 -0.00194198 -0.00383008 0.999991 -0.999914
65 68 611 0.999963 -0.00794551 0.00322351 0.00217278 0.007939 0.999966 0.00202735 0.0119112 -0.00323951 -0.00200169 0.999993 -0.999927
65 69 511 0.999956 -0.00826562 0.00440234 0.00134589 0.00826481 0.999966 0.000201958 0.0162212 -0.00440385 -0.000165565 0.99999 -0.999868
70 71 885 0.999997 -0.00214118 0.00125958 0.0134219 0.00214239 0.999997 -0.000957129 0.0200037 -0.00125753 0.000959825 0.999999 -0.99971
70 72 903 0.999992 -0.00303893 0.002694 0.00903574 0.00304219 0.999995 -0.00120563 0.0136963 -0.00269032 0.00121381 0.999996 -0.999865
70 73 744 0.999989 -0.00124768 0.00457773 0.00294253 0.00125597 0.999998 -0.00180781 0.0187408 -0.00457546 0.00181354 0.999988 -0.99982
70 74 606 0.999977 -0.00396255 0.00553041 0.00899881 0.00397989 0.999987 -0.00312863 0.0200888 -0.00551794 0.00315057 0.99998 -0.999758
75 76 987 0.999998 0.0012974 0.0016988 0.00633519 -0.00129068 0.999991 -0.00394847 0.0145788 -0.00170391 0.00394627 0.999991 -0.999874
75 77 929 0.999983 -0.00469947 0.00334076 -0.00906284 0.00471973 0.99997 -0.0060831 0.027183 -0.00331207 0.00609877 0.999976 -0.999589
75 78 825 0.999969 -0.0065003 0.00442006 0.00571084 0.00650903 0.999977 -0.00196402 0.0220264 -0.00440719 0.00199273 0.999988 -0.999741
75 79 705 0.999967 -0.00518986 0.00622915 -0.000409136 0.00515534 0.999971 0.00554492 0.012993 -0.00625775 -0.00551262 0.999965 -0.999916
80 81 1101 1 -2.43997e-05 0.000412755 0.0209147 2.394e-05 0.999999 0.00111371 0.00366295 -0.000412782 -0.0011137 0.999999 -0.999775
80 82 1111 0.999993 -0.000495067 0.0035833 -0.0230294 0.000504225 0.999997 -0.00255525 0.0217168 -0.00358202 0.00255704 0.99999 -0.999499
80 83 925 0.999987 -0.00448426 0.00225279 0.0112057 0.00449591 0.999976 -0.0051909 0.0257152 -0.00222946 0.00520096 0.999984 -0.999607
80 84 790 0.999992 -0.00196047 0.00359357 0.00553819 0.00196553 0.999997 -0.00140529 0.0173063 -0.00359081 0.00141234 0.999993 -0.999835
85 86 1035 0.999989 0.00452427 -0.000869563 -0.016054 -0.00452011 0.999979 0.00472346 0.0125658 0.000890915 -0.00471948 0.999988 -0.999792
85 87 1058 0.999986 0.000984703 -0.00518604 0.0222965 -0.000957806 0.999986 0.00518638 0.00634804 0.00519108 -0.00518134 0.999973 -0.999731
85 88 921 0.999952 -0.00417377 -0.00885721 0.0118717 0.0041934 0.999989 0.00219842 0.00914821 0.00884793 -0.00223546 0.999958 -0.999888
85 89 847 0.999904 -0.00223499 -0.0136708 0.013877 0.00222519 0.999997 -0.000732232 0.0122604 0.0136724 0.000701742 0.999906 -0.999829
90 91 970 0.99996 0.00327477 -0.00830141 -0.012498 -0.00330502 0.999988 -0.00363325 0.0335388 0.00828941 0.00366054 0.999959 -0.999359
90 92 1009 0.999818 0.000420632 -0.0190474 -0.00140613 -0.000481622 0.999995 -0.00319754 0.0187767 0.019046 0.00320613 0.999813 -0.999823
90 93 924 0.999415 -0.00316676 -0.034042 0.00827362 0.00306174 0.99999 -0.00313688 0.0221018 0.0340516 0.00303082 0.999415 -0.999721
90 94 787 0.998585 -0.00946418 -0.0523365 0.0237014 0.00926202 0.999949 -0.00410392 0.0197093 0.0523727 0.00361337 0.998621 -0.999525
95 96 955 0.999668 0.00393867 -0.0254492 -0.0626713 -0.00397223 0.999991 -0.00126816 0.0209466 0.025444 0.00136883 0.999675 -0.997814
95 97 939 0.998444 0.0047628 -0.0555674 -0.0296555 -0.00493306 0.999984 -0.00292727 0.0209617 0.0555526 0.00319683 0.998451 -0.99934
95 98 855 0.996036 0.00400261 -0.0888626 -0.00802045 -0.00440051 0.999981 -0.00428224 0.0156864 0.0888438 0.00465631 0.996035 -0.999845
95 99 732 0.992124 0.0074634 -0.12504 -0.00590073 -0.0082601 0.999949 -0.00585426 0.0281194 0.12499 0.00684099 0.992134 -0.999587
100 101 927 0.998951 0.000257358 -0.0457805 -0.0618862 -0.000260931 1 -7.20637e-05 0.00492711 0.0457804 8.39337e-05 0.998952 -0.998071
100 102 942 0.995492 -0.00101764 -0.0948389 -0.0543811 0.00111446 0.999999 0.000968027 0.0240584 0.0948379 -0.00106936 0.995492 -0.99823
100 103 803 0.988462 -0.00192301 -0.151456 -0.00359462 0.00241221 0.999992 0.00304632 0.0205241 0.151449 -0.00337651 0.988459 -0.999783
100 104 700 0.978626 0.00337991 -0.20562 -0.013931 -0.00227583 0.999982 0.00560577 0.0196159 0.205635 -0.005018 0.978616 -0.999711
105 106 909 0.997836 -0.00106531 -0.0657444 -0.0728298 0.00115641 0.999998 0.0013477 -0.00623939 0.0657428 -0.00142081 0.997836 -0.997325
105 107 816 0.991566 0.00237022 -0.12958 -0.0764573 -0.00199546 0.999993 0.00302182 0.00485051 0.129586 -0.00273776 0.991564 -0.997061
105 108 665 0.981055 0.00427936 -0.193684 -0.0509703 -0.0037956 0.999989 0.00286868 0.0190876 0.193694 -0.00207919 0.98106 -0.998518
105 109 562 0.966725 0.0054147 -0.255761 -0.0274691 -0.00496381 0.999985 0.00240844 0.013346 0.25577 -0.00105875 0.966737 -0.999534
110 111 1034 0.997999 0.000535051 -0.0632201 -0.116028 -0.000543774 1 -0.000120788 -0.00643836 0.06322 0.000154924 0.998 -0.993225
110 112 820 0.992352 0.00521076 -0.123332 -0.111059 -0.005054 0.999986 0.00158382 -0.000157577 0.123338 -0.000948391 0.992364 -0.993814
110 113 674 0.983274 0.0116202 -0.181764 -0.075483 -0.0114491 0.999932 0.00199067 0.0204199 0.181774 0.000123664 0.98334 -0.996938
110 114 562 0.971418 0.00626274 -0.237291 -0.0354687 -0.00608731 0.99998 0.001472 0.0198772 0.237295 1.45341e-05 0.971438 -0.999173
115 116 953 0.998718 -0.000448333 -0.0506212 -0.108283 0.000549353 0.999998 0.0019817 0.00350312 0.0506202 -0.00200697 0.998716 -0.994114
115 117 711 0.995249 0.00766606 -0.0970596 -0.0951161 -0.00742951 0.999968 0.00279832 0.0146662 0.097078 -0.00206392 0.995275 -0.995358
115 118 575 0.989899 0.0208276 -0.140234 -0.0727036 -0.0207908 0.999782 0.00172779 0.0171377 0.140239 0.00120524 0.990117 -0.997206
115 119 483 0.984045 0.0263171 -0.175961 -0.0620522 -0.0265486 0.999647 0.00103918 0.0117692 0.175926 0.00364891 0.984397 -0.998004
120 121 930 0.999404 -0.0113468 -0.0325915 -0.00345813 0.0115149 0.999921 0.004975 0.00699417 0.0325325 -0.00534732 0.999456 -0.99997
120 122 711 0.997963 -0.0162929 -0.0616849 0.00295282 0.0167938 0.99983 0.007611 0.0248079 0.0615504 -0.00863141 0.998067 -0.999688
120 123 617 0.995893 -0.01719 -0.0888913 0.0129102 0.0180667 0.999796 0.00906758 0.0255731 0.0887173 -0.0106363 0.996 -0.99959
120 124 566 0.993653 -0.0078135 -0.112217 0.0109441 0.00936205 0.999868 0.0132793 0.0142455 0.112098 -0.0142456 0.993595 -0.999839
125 126 698 0.999803 0.0030502 -0.0195945 -0.0420147 -0.00290741 0.999969 0.00731163 -0.034359 0.0196161 -0.00725322 0.999781 -0.998526
125 127 467 0.999283 -0.0013171 -0.0378455 -0.00805211 0.00158931 0.999973 0.00716343 -0.0122481 0.0378351 -0.00721844 0.999258 -0.999893
125 128 414 0.998594 -0.00272469 -0.0529482 -0.00573303 0.00286324 0.999993 0.00254105 -0.000260854 0.0529409 -0.00268908 0.998594 -0.999984
125 129 454 0.997632 -0.00548362 -0.0685624 0.0104873 0.00545441 0.999985 -0.000613114 0.00206863 0.0685647 0.000237694 0.997647 -0.999943
130 131 715 0.999924 0.00266899 -0.0120333 -0.00578638 -0.00267482 0.999996 -0.000468573 0.00600804 0.012032 0.000500724 0.999927 -0.999965
130 132 591 0.99974 0.00581545 -0.0220459 -0.0170801 -0.00580859 0.999983 0.000375177 0.00581586 0.0220477 -0.000247024 0.999757 -0.999837
130 133 614 0.999521 0.00759001 -0.0299865 -0.00647948 -0.00757006 0.999971 0.000778914 0.00802692 0.0299915 -0.000551542 0.99955 -0.999947
130 134 566 0.999321 0.00992872 -0.0354886 -0.00387327 -0.00988547 0.99995 0.00139406 0.00578862 0.0355007 -0.00104229 0.999369 -0.999976
135 136 631 0.99998 -0.000139146 -0.00624895 -0.000475982 0.000143085 1 0.000629884 0.0055807 0.00624886 -0.000630765 0.99998 -0.999984
135 137 616 0.999942 0.00317397 -0.0103372 -0.00900052 -0.0031653 0.999995 0.000855152 0.00255118 0.0103399 -0.000822381 0.999946 -0.999956
135 138 603 0.999898 0.00334835 -0.0138659 0.0124723 -0.00334117 0.999994 0.000540572 0.0107409 0.0138677 -0.000494189 0.999904 -0.999865
135 139 541 0.999852 0.0045637 -0.0165948 0.00129042 -0.00455723 0.99999 0.000427646 0.00394044 0.0165966 -0.000351956 0.999862 -0.999991
140 141 616 0.999987 0.00508962 -0.00055421 -0.022522 -0.00508987 0.999987 -0.000445292 0.012939 0.000551936 0.000448107 1 -0.999663
140 142 664 0.999977 0.00673598 -0.000131676 -0.000659994 -0.00673607 0.999977 -0.000694309 0.00726691 0.000126996 0.00069518 1 -0.999973
140 143 678 0.999951 0.00959971 0.00252642 -0.00707384 -0.00959771 0.999954 -0.000804207 0.00965146 -0.00253402 0.000779919 0.999996 -0.999928
140 144 556 0.999924 0.0107399 0.00601054 -0.00270042 -0.0107371 0.999942 -0.000509141 0.00592086 -0.00601566 0.000444567 0.999982 -0.999979
145 146 699 0.999991 0.00156659 0.00385925 0.00388213 -0.00156025 0.999997 -0.00164617 0.00636816 -0.00386181 0.00164013 0.999991 -0.999972
145 147 798 0.999975 -0.000722493 0.00698877 0.0152098 0.000744916 0.999995 -0.00320645 0.0106509 -0.00698642 0.00321157 0.99997 -0.999828
145 148 632 0.999915 0.000649938 0.0130158 -0.00464077 -0.000577202 0.999984 -0.00559124 0.00991228 -0.0130192 0.00558325 0.9999 -0.99994
145 149 557 0.999863 -0.000904105 0.0165336 -0.00168481 0.00100604 0.999981 -0.00615798 0.00144103 -0.0165277 0.00617377 0.999844 -0.999998
150 151 633 0.999993 -0.00157519 0.00344453 9.94919e-05 0.00156196 0.999991 0.00384262 0.0143102 -0.00345055 -0.00383721 0.999987 -0.999898
150 152 713 0.999961 -0.00799715 0.00378212 0.018959 0.00796321 0.999929 0.00890587 0.00366552 -0.00385307 -0.0088754 0.999953 -0.999814
150 153 603 0.999932 -0.0106138 0.00484168 0.00336827 0.010557 0.999877 0.0116229 0.00703872 -0.00496445 -0.011571 0.999921 -0.99997
150 154 485 0.99988 -0.0147102 0.00493408 0.00210496 0.0146589 0.99984 0.0102866 0.0179118 -0.00508461 -0.010213 0.999935 -0.999837
155 156 1004 1 0.000433611 -0.000385493 0.00837427 -0.000434072 0.999999 -0.00119684 0.0150997 0.000384974 0.001197 0.999999 -0.999851
155 157 982 0.999998 -0.00162122 -0.000931519 0.0251145 0.00161988 0.999998 -0.00143404 0.00435566 0.000933842 0.00143253 0.999999 -0.999675
155 158 744 0.999993 -0.00363185 0.000162779 0.00890592 0.00363211 0.999992 -0.00159844 0.0139731 -0.000156973 0.00159902 0.999999 -0.999863
155 159 612 0.999976 -0.00696215 0.000260333 0.0112345 0.00696251 0.999975 -0.0014246 0.0136927 -0.000250409 0.00142638 0.999999 -0.999843
160 161 1203 0.999989 -0.00359484 -0.00313075 0.0140057 0.00359246 0.999993 -0.00076537 0.0144704 0.00313348 0.000754114 0.999995 -0.999797
160 162 1017 0.999948 -0.00725182 -0.0072119 0.014156 0.00724228 0.999973 -0.00134833 0.00632802 0.00722149 0.00129602 0.999973 -0.99988
160 163 677 0.999869 -0.00888368 -0.0135631 0.0302402 0.0088452 0.999957 -0.00289458 -0.000321517 0.0135882 0.00277424 0.999904 -0.999543
160 164 480 0.999773 -0.0122785 -0.0174014 0.0148819 0.0121525 0.999899 -0.00732797 0.0210418 0.0174896 0.00711484 0.999822 -0.999668
165 166 976 0.999961 -0.000330433 -0.00883602 0.00617238 0.000338089 1 0.000864937 0.0135545 0.00883573 -0.00086789 0.999961 -0.999889
165 167 696 0.999833 -0.000249918 -0.0182892 -0.000893904 0.000267125 1 0.000938381 0.0187416 0.018289 -0.000943109 0.999832 -0.999824
165 168 561 0.999558 -0.00070057 -0.0297365 0.0181951 0.000717227 1 0.000549522 0.0112622 0.0297361 -0.000570606 0.999558 -0.999771
165 169 429 0.999174 -0.00260166 -0.0405632 0.0243864 0.00256824 0.999996 -0.00087598 0.015998 0.0405653 0.00077108 0.999177 -0.999575
170 171 820 0.999938 -0.000993712 -0.0110512 0.000928531 0.000997422 0.999999 0.000330171 0.0152843 0.0110509 -0.000341174 0.999939 -0.999883
170 172 573 0.999766 0.000280534 -0.0216401 0.000400677 -0.000264142 1 0.000760353 0.020141 0.0216403 -0.000754459 0.999766 -0.999797
170 173 462 0.999454 -0.000118337 -0.0330256 0.018965 0.00018993 0.999998 0.00216467 0.0126142 0.0330253 -0.00216977 0.999452 -0.999741
170 174 374 0.999041 -0.00171181 -0.043754 0.0167604 0.00185694 0.999993 0.00327656 0.0125855 0.0437481 -0.00335467 0.999037 -0.99978
175 176 568 0.999959 0.000654176 -0.00904257 -0.0225064 -0.000649472 1 0.0005231 0.0130835 0.00904291 -0.000517205 0.999959 -0.999661
175 177 591 0.999812 0.0023432 -0.0192451 0.0129265 -0.00233042 0.999997 0.000686158 0.0155898 0.0192466 -0.00064118 0.999815 -0.999795
175 178 503 0.999619 0.00302635 -0.0274485 0.00754685 -0.00302284 0.999995 0.000169204 0.0148171 0.0274489 -8.61671e-05 0.999623 -0.999862
175 179 416 0.99929 0.00361729 -0.0375134 0.0371026 -0.00367287 0.999992 -0.00141297 0.0189925 0.037508 0.00154975 0.999295 -0.999131
180 181 742 0.999988 0.00164144 -0.0046643 0.0184316 -0.00165099 0.999997 -0.00204436 0.0232452 0.00466093 0.00205204 0.999987 -0.99956
180 182 627 0.999969 0.00422069 -0.00670005 0.000695498 -0.00424292 0.999986 -0.00330796 0.0215474 0.00668599 0.00333628 0.999972 -0.999768
180 183 518 0.999963 0.00455295 -0.00731868 -0.0102808 -0.00458684 0.999979 -0.00462097 0.0225013 0.00729748 0.00465437 0.999963 -0.999694
180 184 423 0.999943 0.004816 -0.00955071 0.00517624 -0.00485572 0.99998 -0.00414033 0.022314 0.00953058 0.00418646 0.999946 -0.999738
185 186 559 0.999992 0.00247077 0.00311076 -0.00600605 -0.00247536 0.999996 0.00147299 0.0154322 -0.00310711 -0.00148068 0.999994 -0.999863
185 187 582 0.999966 0.00113736 0.00812475 0.00205892 -0.00115287 0.999998 0.00190436 0.0175347 -0.00812256 -0.00191366 0.999965 -0.999844
185 188 553 0.999852 0.00261189 0.0169958 -0.0141239 -0.00265781 0.999993 0.00267997 0.0176043 -0.0169887 -0.00272475 0.999852 -0.999745
185 189 465 0.999616 -9.37415e-05 0.0277261 -0.00759854 3.25245e-05 0.999998 0.00220837 0.0238514 -0.0277262 -0.00220661 0.999613 -0.999687
190 191 751 0.999842 -0.000532301 0.0177751 0.00790766 0.000515249 0.999999 0.000963911 0.0311541 -0.0177756 -0.000954599 0.999842 -0.999483
190 192 648 0.99923 -0.00109193 0.0392093 0.00315902 0.00093088 0.999991 0.0041255 0.0110261 -0.0392134 -0.00408583 0.999223 -0.999934
190 193 650 0.998089 -0.00348636 0.0617012 0.0216896 0.00305833 0.999971 0.00703033 0.0183071 -0.0617239 -0.00682818 0.99807 -0.999597
190 194 544 0.995889 -0.00216733 0.0905606 -0.0019995 0.00138322 0.999961 0.00872028 0.0159966 -0.090576 -0.00855916 0.995853 -0.99987
195 196 743 0.999306 -0.000338546 0.0372587 0.058375 0.000422304 0.999997 -0.00224017 0.00578369 -0.0372579 0.00225435 0.999303 -0.998278
195 197 639 0.996743 -0.000305787 0.0806482 0.0188489 0.000840698 0.999978 -0.00659878 0.0223353 -0.0806444 0.00664509 0.996721 -0.999573
195 198 578 0.992074 -0.00354976 0.125607 0.0066583 0.00482485 0.99994 -0.00984865 0.012238 -0.125564 0.0103766 0.992031 -0.999903
195 199 417 0.984959 0.00249857 0.172771 -0.0192505 -0.000115728 0.999905 -0.0138006 0.018757 -0.172789 0.0135731 0.984865 -0.999639
200 201 721 0.998403 -0.000994874 0.0564905 0.0866177 0.000999766 0.999999 -5.83407e-05 0.010743 -0.0564904 0.000114725 0.998403 -0.996184
200 202 523 0.993025 0.00354188 0.117849 0.0436445 -0.00379484 0.999991 0.00192209 0.00374418 -0.117841 -0.00235591 0.99303 -0.99904
200 203 228 0.9837 0.0023398 0.179804 0.0397615 -0.00325608 0.999983 0.00480103 0.0222097 -0.179789 -0.00530823 0.983691 -0.998962
200 204 142 0.970005 0.00865023 0.242929 0.0106748 -0.010963 0.999907 0.00816998 0.0133119 -0.242836 -0.0105881 0.97001 -0.999854
205 206 463 0.997551 -0.000222414 0.0699493 0.0795594 6.91733e-05 0.999998 0.00219315 0.00742126 -0.0699496 -0.00218294 0.997548 -0.996803
205 207 327 0.990496 0.00160981 0.137534 0.0577545 -0.00198405 0.999995 0.00258398 0.0141886 -0.137529 -0.00283229 0.990494 -0.99823
205 208 253 0.975471 0.015376 0.219589 -0.107718 -0.0168155 0.999848 0.00468803 -0.0175033 -0.219484 -0.00826554 0.975581 -0.994027
205 209 159 0.96373 -0.00800929 0.266757 0.0250035 0.00839013 0.999965 -0.000287936 0.0179049 -0.266746 0.00251562 0.963764 -0.999527
210 211 466 0.997916 -0.00146583 0.0645083 0.114947 0.00183729 0.999982 -0.00569926 0.0121796 -0.0644988 0.00580591 0.997901 -0.993297
210 212 392 0.991935 0.000292449 0.126751 0.0564711 0.00136154 0.999915 -0.0129623 0.0255701 -0.126744 0.0130304 0.99185 -0.998077
210 213 357 0.983277 -0.00378662 0.182079 0.0470842 0.00690329 0.99984 -0.0164864 0.0283079 -0.181988 0.0174676 0.983146 -0.99849
210 214 303 0.972826 -0.00305741 0.231517 0.00669414 0.00795058 0.999764 -0.0202052 0.0382002 -0.2314 0.0214968 0.972621 -0.999248
215 216 448 0.999313 -0.00303257 0.0369441 0.0765612 0.0029655 0.999994 0.00187003 0.00851035 -0.0369495 -0.00175918 0.999316 -0.997029
215 217 495 0.997597 -0.00644628 0.0689765 0.0477246 0.00627136 0.999977 0.00275218 0.0106712 -0.0689926 -0.00231299 0.997614 -0.998804
215 218 485 0.995753 0.000932653 0.0920566 0.0124283 -0.00121412 0.999995 0.00300164 0.000911225 -0.0920534 -0.00310066 0.995749 -0.999922
215 219 456 0.994187 0.00332447 0.107615 0.0143249 -0.00361092 0.99999 0.00246708 0.00839468 -0.107606 -0.00284132 0.99419 -0.999862
220 221 446 0.999926 -0.00735124 0.00972647 0.0413918 0.00735167 0.999973 -8.9655e-06 0.000276068 -0.00972614 8.04706e-05 0.999953 -0.999143
220 222 605 0.999782 -0.0137475 0.0156958 0.0386187 0.0137234 0.999904 0.00164365 0.001428 -0.0157169 -0.00142789 0.999875 -0.999253
220 223 599 0.999659 -0.0181473 0.0187801 0.0268242 0.0180568 0.999825 0.00497842 0.00305492 -0.0188672 -0.00463762 0.999811 -0.999635
220 224 572 0.999654 -0.0172494 0.0198523 0.0176331 0.0171024 0.999825 0.00755026 0.00489594 -0.0199791 -0.00720812 0.999774 -0.999833
225 226 507 0.999986 0.00341375 -0.00403469 -0.0134433 -0.00338812 0.999974 0.00634019 -0.00750393 0.00405623 -0.00632643 0.999972 -0.999881
225 227 639 0.999957 0.00310526 -0.00871158 -0.00242896 -0.00300975 0.999935 0.0109555 -0.00841007 0.00874504 -0.0109288 0.999902 -0.999962
225 228 600 0.999909 -0.00132757 -0.0134305 0.0129744 0.00146838 0.999944 0.0104797 -0.00520558 0.0134159 -0.0104984 0.999855 -0.999902
225 229 594 0.999838 -0.00314235 -0.0177261 0.00644286 0.00325232 0.999976 0.00617835 -0.000791901 0.0177062 -0.006235 0.999824 -0.999979
230 231 475 0.999987 0.00370881 -0.00363786 0.00110258 -0.00372988 0.999976 -0.00580319 0.0163429 0.00361625 0.00581668 0.999977 -0.999866
230 232 560 0.999962 0.00542627 -0.00687442 -0.00781988 -0.00549892 0.999929 -0.0105931 0.0175521 0.00681645 0.0106305 0.99992 -0.999815
230 233 595 0.999904 0.00895959 -0.0105295 0.00103534 -0.00907767 0.999896 -0.0112209 0.0189098 0.0104278 0.0113154 0.999882 -0.999821
230 234 576 0.999846 0.013714 -0.0109363 0.00432648 -0.0138045 0.999871 -0.00824343 0.0125591 0.0108218 0.00839314 0.999906 -0.999912
235 236 452 1 0.000123975 0.000885304 0.0013626 -0.000129942 0.999977 0.00674284 -0.0020115 -0.000884448 -0.00674295 0.999977 -0.999997
235 237 528 0.999988 -0.00397125 0.00298953 0.00387114 0.00394016 0.999939 0.0103377 -0.00172904 -0.0030304 -0.0103258 0.999942 -0.999991
235 238 548 0.999977 -0.00301799 0.00611138 -0.00688829 0.00297912 0.999975 0.00635939 -0.0034798 -0.00613043 -0.00634103 0.999961 -0.99997
235 239 503 0.999975 -1.71847e-05 0.00708857 0.00944048 2.78894e-05 0.999999 -0.00151003 0.0121097 -0.00708854 0.00151019 0.999974 -0.999882
240 241 380 0.999994 -0.00310443 0.00158215 0.0238435 0.00310344 0.999995 0.000630259 0.0157438 -0.00158409 -0.000625345 0.999999 -0.999592
240 242 573 0.999957 -0.0083741 0.00402076 0.00145698 0.00835038 0.999948 0.0058797 0.000342738 -0.00406979 -0.00584587 0.999975 -0.999999
240 243 545 0.999931 -0.00860415 0.00805623 -0.0134938 0.00851349 0.999901 0.0112201 -0.00506504 -0.00815197 -0.0111508 0.999905 -0.999896
240 244 523 0.999914 -0.00642967 0.0114478 0.00327549 0.00626891 0.999882 0.0140239 -0.00341808 -0.0115366 -0.0139509 0.999836 -0.999989
245 246 487 0.99999 0.00320015 0.00321962 0.00539398 -0.00319285 0.999992 -0.00226863 0.013132 -0.00322686 0.00225833 0.999992 -0.999899
245 247 596 0.999976 0.00423038 0.00552616 -0.00377506 -0.00420479 0.99998 -0.00463365 0.0121647 -0.00554565 0.0046103 0.999974 -0.999919
245 248 543 0.999956 0.00670435 0.0065745 -0.00145224 -0.00665741 0.999952 -0.00713615 0.0161242 -0.00662203 0.00709207 0.999953 -0.999869
245 249 495 0.999909 0.0114789 0.00710464 -0.00365187 -0.0114209 0.999902 -0.00815726 0.0139589 -0.00719758 0.00807537 0.999941 -0.999896
250 251 466 0.999989 -0.0047672 -0.000339896 0.0108665 0.00476777 0.999987 0.00167951 0.0135856 0.000331886 -0.00168111 0.999999 -0.999849
250 252 587 0.999953 -0.00960238 -0.000953491 0.0108769 0.0096072 0.99994 0.00518519 0.00788318 0.000903644 -0.00519411 0.999986 -0.99991
250 253 548 0.999829 -0.0183947 -0.00190505 0.0111257 0.0184078 0.999806 0.00707861 0.00313693 0.00177447 -0.00711247 0.999973 -0.999933
250 254 478 0.999487 -0.0312763 -0.00688442 0.034041 0.0313205 0.999489 0.00642059 0.00322693 0.00668009 -0.00663292 0.999956 -0.999415
255 256 426 0.999997 0.00013357 -0.00248468 0.00468442 -0.000131525 1 0.000823361 0.0096119 0.00248479 -0.000823031 0.999997 -0.999943
255 257 526 0.999987 0.000597777 -0.00514134 0.011478 -0.000579857 0.999994 0.00348625 0.00677107 0.0051434 -0.00348323 0.999981 -0.999911
255 258 534 0.999943 0.00925986 -0.00529591 -0.00196498 -0.00924737 0.999954 0.00237952 0.00713788 0.0053177 -0.00233041 0.999983 -0.999973
255 259 489 0.999881 0.0140464 -0.00636747 0.000810122 -0.0140273 0.999897 0.00303382 0.0125252 0.00640943 -0.00294414 0.999975 -0.999921
260 261 446 0.999994 -0.00307491 -0.00158797 0.00795129 0.00307025 0.999991 -0.00293053 0.0116435 0.00159696 0.00292564 0.999994 -0.999901
260 262 501 0.999976 -0.00630583 -0.00273275 0.00814014 0.00628266 0.999945 -0.00840869 0.0144452 0.00278562 0.00839132 0.999961 -0.999863
260 263 435 0.999924 -0.0118862 -0.00320791 0.00790346 0.0118441 0.999847 -0.0128443 0.020373 0.00336009 0.0128053 0.999912 -0.999761
260 264 426 0.999961 -0.00776128 -0.00422794 0.00632924 0.00773358 0.999949 -0.00652916 0.0146968 0.0042784 0.0064962 0.99997 -0.999872
265 266 475 0.999985 0.00530021 0.000995252 -0.0134279 -0.00530898 0.999945 0.00902316 -0.00451109 -0.000947373 -0.00902831 0.999959 -0.9999
265 267 478 0.999982 0.00582821 0.00159582 -0.0069489 -0.00582805 0.999983 -0.00010937 0.0036566 -0.00159643 0.000100067 0.999999 -0.999969
265 268 382 0.999978 0.00589271 0.00320545 -0.0106238 -0.00582617 0.999775 -0.0203851 0.0248865 -0.00332485 0.020366 0.999787 -0.999634
265 269 297 0.999974 0.00597636 0.0039938 -0.00411571 -0.00582828 0.999331 -0.0361147 0.0409228 -0.00420696 0.0360905 0.99934 -0.999154
270 271 405 0.999985 -0.00545829 0.000875974 0.0238937 0.00544373 0.99986 0.0158444 0.00460209 -0.000962334 -0.0158394 0.999874 -0.999704
270 272 401 0.999992 -0.00334852 0.00220719 0.014663 0.00329535 0.999714 0.0236699 -0.00521183 -0.00228582 -0.0236624 0.999717 -0.999879
270 273 376 0.99999 0.000451868 0.00451145 0.00703094 -0.000564435 0.999688 0.0249814 -0.00172398 -0.00449876 -0.0249837 0.999678 -0.999974
270 274 337 0.999968 0.00231602 0.00763613 0.00551738 -0.0024899 0.999736 0.0228395 0.00971684 -0.00758122 -0.0228578 0.99971 -0.999938
275 276 435 0.999989 -0.000731446 0.00467368 0.0142234 0.000722376 0.999998 0.0019421 0.00315386 -0.00467509 -0.0019387 0.999987 -0.999894
275 277 439 0.999953 -0.00556663 0.00796518 0.00699503 0.00555014 0.999982 0.00209108 0.0103161 -0.00797668 -0.00204678 0.999966 -0.999922
275 278 423 0.999877 -0.0118411 0.0103022 0.00614212 0.0118132 0.999926 0.00275799 0.00646554 -0.0103341 -0.00263595 0.999943 -0.99996
275 279 379 0.999829 -0.0148927 0.0109674 0.0175276 0.0148973 0.999889 -0.000332946 0.0186836 -0.0109613 0.000496274 0.99994 -0.999672
280 281 645 0.999994 0.00279425 0.00196765 -0.00292239 -0.00279451 0.999996 0.000128874 0.0156028 -0.00196728 -0.000134372 0.999998 -0.999874
280 282 672 0.999986 0.00360527 0.00384413 0.00208674 -0.00361772 0.999988 0.00323648 0.0119583 -0.00383241 -0.00325034 0.999987 -0.999926
280 283 575 0.999935 0.00765057 0.00847709 4.4832e-05 -0.00771045 0.999945 0.00705335 0.00816355 -0.00842267 -0.00711825 0.999939 -0.999967
280 284 471 0.999807 0.0120136 0.0155426 -0.0108204 -0.0121449 0.999891 0.00838634 0.00482236 -0.0154402 -0.00857349 0.999844 -0.99993
285 286 623 0.999981 0.000537381 0.00614737 -0.00153937 -0.000485261 0.999964 -0.00847678 0.0235437 -0.0061517 0.00847364 0.999945 -0.999722
285 287 673 0.99995 0.00122397 0.0099598 0.00335599 -0.00104645 0.999841 -0.0178095 0.0258104 -0.00998001 0.0177982 0.999792 -0.999661
285 288 578 0.999896 -0.00335971 0.0139974 0.0156821 0.00364308 0.999788 -0.0202687 0.0266577 -0.0139264 0.0203176 0.999697 -0.999522
285 289 492 0.999799 -0.00343444 0.0197274 0.00431803 0.00374018 0.999873 -0.0154826 0.0193551 -0.0196717 0.0155533 0.999686 -0.999803
290 291 680 0.999962 0.00512003 0.00699401 -0.00744097 -0.00515994 0.99997 0.00570061 -0.00243809 -0.00696462 -0.00573649 0.999959 -0.999969
290 292 606 0.999917 0.00303202 0.0125408 0.00638039 -0.00309418 0.999983 0.00494084 0.000783099 -0.0125256 -0.00497924 0.999909 -0.999979
290 293 488 0.999785 -0.00266206 0.0205872 0.00183499 0.0026228 0.999995 0.00193352 0.00764108 -0.0205922 -0.0018791 0.999786 -0.999969
290 294 397 0.999562 -0.00850881 0.0283488 0.000626391 0.00840692 0.999958 0.00371133 0.00919307 -0.0283791 -0.00347138 0.999591 -0.999958
295 296 611 0.999966 0.000782188 0.00819776 0.010839 -0.000803964 0.999996 0.00265343 0.00657271 -0.00819565 -0.00265993 0.999963 -0.99992
295 297 565 0.999878 0.000596843 0.0155838 0.0130411 -0.000594934 1 -0.000127111 0.00879757 -0.0155838 0.000117825 0.999879 -0.999876
295 298 479 0.999681 -0.000613632 0.0252639 -0.00578627 0.000777073 0.999979 -0.00646003 0.0131862 -0.0252594 0.00647759 0.99966 -0.999896
295 299 402 0.999416 -0.00191486 0.0341253 -0.00766437 0.00233212 0.999923 -0.0121915 0.0197245 -0.0340993 0.0122639 0.999343 -0.999776
300 301 518 0.999981 -0.00301627 0.00533526 0.0291515 0.00302559 0.999994 -0.00173972 0.0140329 -0.00532998 0.00175583 0.999984 -0.999476
300 302 508 0.999948 -0.000595869 0.010169 0.00524016 0.000594767 1 0.000111438 0.0132638 -0.0101691 -0.000105384 0.999948 -0.999898
300 303 466 0.999879 -0.00506929 0.0146955 0.00519585 0.00498824 0.999972 0.00554674 0.0161046 -0.0147232 -0.00547277 0.999877 -0.999857
300 304 377 0.999773 -0.0135581 0.0164081 0.0161207 0.0133472 0.999828 0.0128974 0.00354225 -0.0165801 -0.0126755 0.999782 -0.999864
305 306 519 0.999992 -0.00146586 0.00361638 -0.00271233 0.00148619 0.999983 -0.00562733 0.00482649 -0.00360807 0.00563266 0.999978 -0.999985
305 307 496 0.99997 -0.00547325 0.00545112 0.00802759 0.00556039 0.999855 -0.0161002 0.0177147 -0.00536221 0.01613 0.999856 -0.999811
305 308 417 0.999927 -0.00865914 0.00837764 0.0133711 0.00885156 0.999691 -0.0232103 0.0251739 -0.00817408 0.0232828 0.999696 -0.999594
305 309 407 0.999885 -0.00210798 0.0150308 -0.00574971 0.00240918 0.999796 -0.0200493 0.0244426 -0.0149854 0.0200832 0.999686 -0.999685
310 311 566 0.999976 0.00227071 0.00656494 0.00532336 -0.00230247 0.999986 0.0048346 0.000435704 -0.00655387 -0.0048496 0.999967 -0.999986
310 312 519 0.99991 -0.0035069 0.0129517 0.00643591 0.00345544 0.999986 0.0039938 0.00287488 -0.0129656 -0.00394868 0.999908 -0.999975
310 313 416 0.999764 -6.42172e-06 0.0217326 -0.00552431 5.17088e-05 0.999998 -0.00208327 0.0111984 -0.0217325 0.00208391 0.999762 -0.999922
310 314 378 0.999537 0.00581719 0.0298695 -0.0155804 -0.00563841 0.999966 -0.00606624 0.0162452 -0.0299038 0.00589501 0.999535 -0.999747
315 316 607 0.999979 0.00337465 0.00546714 0.0180066 -0.00337301 0.999994 -0.000309745 0.0284792 -0.00546815 0.000291298 0.999985 -0.999432
315 317 607 0.999909 0.00643215 0.0118706 0.00376828 -0.00651498 0.999955 0.00695188 0.015652 -0.0118254 -0.00702859 0.999905 -0.99987
315 318 549 0.999673 0.0157299 0.0201467 -0.0177446 -0.0160825 0.999718 0.0174606 -0.00696554 -0.0198664 -0.0177789 0.999645 -0.999818
315 319 489 0.999264 0.0272978 0.0269517 -0.0169198 -0.0278663 0.999392 0.0209485 0.000836799 -0.0263634 -0.0216841 0.999417 -0.999856
320 321 706 0.99994 -0.0097167 0.00506786 0.0325382 0.00978167 0.999868 -0.0129551 0.0113079 -0.00494131 0.0130039 0.999903 -0.999407
320 322 621 0.999833 -0.0151878 0.0101971 0.0133671 0.0153976 0.999665 -0.0208238 0.0292761 -0.00987745 0.0209774 0.999731 -0.999482
320 323 523 0.999786 -0.0156177 0.0135412 0.0112186 0.015855 0.999719 -0.0175999 0.0210184 -0.0132625 0.0178108 0.999753 -0.999716
320 324 486 0.999744 -0.0161788 0.0158007 0.00503531 0.0162887 0.999844 -0.00685236 0.00958629 -0.0156873 0.00710798 0.999852 -0.999941
325 326 675 0.999995 0.00183881 0.00251354 -0.00156739 -0.00184925 0.99999 0.00415748 -0.00642001 -0.00250587 -0.0041621 0.999988 -0.999978
325 327 612 0.999969 0.00674925 0.0041585 0.00314562 -0.0067453 0.999977 -0.00096426 0.00725956 -0.00416491 0.000936179 0.999991 -0.999969
325 328 502 0.999957 0.00777929 0.00495521 -0.00139446 -0.00772895 0.999919 -0.0100991 0.018466 -0.00503337 0.0100604 0.999937 -0.999829
325 329 437 0.999989 0.00401101 0.00246035 0.0131508 -0.00397136 0.999865 -0.0159135 0.0241931 -0.00252384 0.0159036 0.99987 -0.999621
330 331 655 0.999994 0.00281882 0.00223652 -0.00150788 -0.00283919 0.999954 0.00915884 0.0104604 -0.0022106 -0.00916513 0.999956 -0.999944
330 332 633 0.999894 0.0138379 0.00454364 -0.00471326 -0.0139296 0.999686 0.0208159 2.19183e-05 -0.00425417 -0.0208769 0.999773 -0.999989
330 333 532 0.999727 0.0224562 0.00643374 -0.0111099 -0.0226096 0.999435 0.0248616 0.000814053 -0.00587181 -0.0250003 0.99967 -0.999938
330 334 426 0.999765 0.0205822 0.00682553 -0.00635338 -0.0207154 0.999584 0.0200612 0.00578257 -0.00640979 -0.0201979 0.999775 -0.999963
335 336 722 0.999998 -0.00139082 0.00120907 0.0100372 0.00139505 0.999993 -0.00349836 0.0254588 -0.00120419 0.00350004 0.999993 -0.999625
335 337 602 0.999998 -0.000604806 0.0021057 0.0110466 0.000604254 1 0.000262768 0.0151465 -0.00210586 -0.000261495 0.999998 -0.999824
335 338 472 0.999997 0.00117267 0.00225782 0.00250999 -0.00118634 0.999981 0.00606173 0.0113326 -0.00225067 -0.00606439 0.999979 -0.999933
335 339 368 0.999983 -0.00530876 0.00240037 0.00775221 0.00529366 0.999966 0.00625147 0.0110127 -0.00243348 -0.00623866 0.999978 -0.999909
340 341 498 0.999994 -0.00339994 0.000585494 0.0142104 0.00340182 0.999989 -0.00323464 0.0175286 -0.00057449 0.00323662 0.999995 -0.999745
340 342 387 0.999972 -0.00745449 0.00079546 0.00855298 0.00745905 0.999955 -0.00589258 0.0175114 -0.000751497 0.00589835 0.999982 -0.99981
340 343 315 0.999958 -0.00897191 0.00199192 0.00738856 0.00898358 0.999942 -0.00593195 0.0194494 -0.00193859 0.00594959 0.99998 -0.999784
340 344 297 0.999949 -0.00999096 0.00156704 0.00858251 0.00999377 0.999948 -0.00180052 0.0144661 -0.00154897 0.00181609 0.999997 -0.999859
345 346 448 0.999997 -0.00234539 0.00116362 0.0130312 0.00234531 0.999997 6.95804e-05 0.00261667 -0.00116378 -6.68511e-05 0.999999 -0.999912
345 347 411 0.999992 -0.00250698 0.00310002 0.0108084 0.00253761 0.999948 -0.00991705 0.0161343 -0.003075 0.00992484 0.999946 -0.999811
345 348 365 0.999987 0.00100433 0.00501043 0.00487492 -0.000907713 0.999814 -0.0192476 0.0280904 -0.00502884 0.0192428 0.999802 -0.999593
345 349 287 0.999961 0.00696001 0.00550246 0.00115444 -0.00684457 0.999762 -0.0207269 0.0258073 -0.00564541 0.0206884 0.99977 -0.999666
350 351 580 0.999997 -0.00256231 -0.000512034 -0.00366528 0.00256491 0.999983 0.00514148 0.010114 0.000498851 -0.00514278 0.999987 -0.999942
350 352 452 0.999994 -0.00293098 -0.00200629 0.0129907 0.00295308 0.999934 0.0110998 0.00520513 0.00197362 -0.0111056 0.999936 -0.999902
350 353 330 0.999997 0.00157027 -0.00199569 0.00940314 -0.00154168 0.999897 0.0142522 0.00860066 0.00201787 -0.0142491 0.999896 -0.999919
350 354 309 0.999979 0.00477394 -0.00448439 0.00896397 -0.00468899 0.999813 0.0187665 0.00619722 0.00457314 -0.0187451 0.999814 -0.999941
355 356 414 0.999985 -0.00135181 -0.00531138 0.0130023 0.00132556 0.999987 -0.0049438 0.0137635 0.00531799 0.00493668 0.999974 -0.999821
355 357 426 0.999917 -0.00597642 -0.0114265 0.00366684 0.00581355 0.999882 -0.0142344 0.0252726 0.0115103 0.0141668 0.999833 -0.999674
355 358 394 0.999765 -0.0128184 -0.0175009 0.0203728 0.0124896 0.999746 -0.0187698 0.0245749 0.0177371 0.0185468 0.999671 -0.99949
355 359 379 0.999711 -0.00978612 -0.0219737 0.00857654 0.00940434 0.999804 -0.017411 0.0233191 0.0221397 0.0171993 0.999607 -0.999691
360 361 437 0.999972 -0.000674995 -0.00748184 0.00181186 0.000741643 0.99996 0.00890881 0.000664624 0.00747553 -0.00891411 0.999932 -0.999998
360 362 482 0.999891 -0.00269962 -0.0145402 0.00587655 0.00290025 0.999901 0.013795 0.00114196 0.0145015 -0.0138356 0.999799 -0.999982
360 363 455 0.999756 -0.00333799 -0.021823 0.00376447 0.00361017 0.999916 0.0124448 0.00221422 0.0217796 -0.0125206 0.999684 -0.99999
360 364 404 0.99963 0.0010363 -0.0271965 -0.00366031 -0.000853051 0.999977 0.00674873 0.0158885 0.0272029 -0.00672303 0.999607 -0.999867
365 366 493 0.999969 0.0049665 -0.00609638 -0.00403177 -0.00497689 0.999986 -0.00169057 0.0270982 0.0060879 0.00172086 0.99998 -0.999625
