0 1 1112 0.999991 0.00267181 0.00338277 -0.00107739 -0.00267803 0.999995 0.00183514 0.0136368 -0.00337785 -0.00184418 0.999993 -0.999906
0 2 937 0.999972 0.00144556 0.00737158 0.00199784 -0.00147235 0.999992 0.00362915 0.00294356 -0.00736627 -0.0036399 0.999966 -0.999994
0 3 754 0.999935 0.00168998 0.0112645 -0.000529567 -0.00174669 0.999986 0.00502659 0.00153365 -0.0112559 -0.00504594 0.999924 -0.999999
0 4 639 0.999873 0.000131503 0.0159451 0.00249325 -0.000226854 0.999982 0.00597828 -0.00185344 -0.015944 -0.00598114 0.999855 -0.999995
5 6 1201 0.999989 -0.0016524 0.00446833 0.00895277 0.00164724 0.999998 0.00115899 0.00508333 -0.00447024 -0.00115161 0.999989 -0.999947
5 7 1008 0.999943 -0.00408503 0.00991062 -0.000642701 0.00406711 0.99999 0.00182701 0.00377448 -0.00991799 -0.0017866 0.999949 -0.999993
5 8 752 0.999896 -0.00480581 0.0135806 0.00373567 0.00480685 0.999988 -4.40208e-05 0.00721782 -0.0135803 0.000109296 0.999908 -0.999967
5 9 642 0.999823 -0.00389118 0.0183902 0.000255321 0.00392179 0.999991 -0.00162876 0.00343076 -0.0183837 0.0017006 0.99983 -0.999994
10 11 1180 0.999995 -0.0017937 0.00241266 0.0118716 0.00179203 0.999998 0.000694077 0.00894954 -0.0024139 -0.00068975 0.999997 -0.999889
10 12 916 0.999989 -0.000708623 0.00467876 0.00748426 0.000705179 0.999999 0.000737735 0.00979459 -0.00467928 -0.000734428 0.999989 -0.999924
10 13 708 0.999978 0.00228318 0.00620001 0.00449361 -0.00229196 0.999996 0.00140961 0.006676 -0.00619677 -0.00142379 0.99998 -0.999968
10 14 548 0.999971 0.00141344 0.00745026 0.00589885 -0.0014218 0.999998 0.00111655 0.00675885 -0.00744867 -0.00112711 0.999972 -0.99996
15 16 1006 0.999996 -0.00239776 0.00176726 0.00395696 0.00239396 0.999995 0.00214497 0.0110061 -0.00177239 -0.00214073 0.999996 -0.999932
15 17 838 0.999993 -0.00284987 0.00246727 0.00984873 0.00283856 0.999986 0.00457305 0.00793027 -0.00248027 -0.00456602 0.999986 -0.99992
15 18 722 0.999965 -0.0068818 0.00481036 0.0066313 0.00684963 0.999954 0.00667194 0.00357442 -0.00485606 -0.00663875 0.999966 -0.999972
15 19 531 0.999951 -0.00780849 0.00601992 0.0052583 0.00777139 0.999951 0.0061617 0.00536001 -0.00606774 -0.00611462 0.999963 -0.999972
20 21 1117 0.999999 -0.000780148 0.000998002 0.00874456 0.000781562 0.999999 -0.00141763 0.0079387 -0.000996895 0.00141841 0.999998 -0.99993
20 22 864 0.999997 -0.000384024 0.00258045 -0.000156317 0.000386987 0.999999 -0.00114786 0.00683246 -0.00258001 0.00114885 0.999996 -0.999977
20 23 683 0.999991 -2.63583e-05 0.00430166 0.00176335 2.91385e-05 1 -0.000646252 0.00696435 -0.00430165 0.000646371 0.999991 -0.999974
20 24 474 0.999984 0.00156443 0.00538588 -0.001302 -0.00156379 0.999999 -0.000121409 0.00897343 -0.00538606 0.000112984 0.999985 -0.999959
25 26 967 0.999999 -0.00101829 -0.000207433 0.00634265 0.00101758 0.999994 -0.00341763 0.0113778 0.000210911 0.00341741 0.999994 -0.999915
25 27 802 0.999998 -0.00171285 -0.000824481 0.00697464 0.00170679 0.999972 -0.00729657 0.0153473 0.000836956 0.00729515 0.999973 -0.999858
25 28 598 0.999997 -0.00039963 -0.00253226 0.00869423 0.000374345 0.99995 -0.00997774 0.014848 0.00253612 0.00997676 0.999947 -0.999852
25 29 471 0.999992 4.4698e-05 -0.00392072 0.00375465 -8.723e-05 0.999941 -0.0108485 0.0154261 0.00392 0.0108488 0.999933 -0.999874
30 31 825 1 -0.000434575 -0.000529992 0.00296987 0.000437093 0.999989 0.00475963 -0.00169303 0.000527918 -0.00475986 0.999989 -0.999994
30 32 674 0.999997 -0.000776905 -0.00214757 0.0046104 0.00079357 0.999969 0.00776991 0.00554341 0.00214147 -0.00777159 0.999968 -0.999974
30 33 530 0.999994 0.0020323 -0.00282052 0.000722809 -0.0020139 0.999977 0.00650978 0.00771851 0.00283369 -0.00650406 0.999975 -0.99997
30 34 459 0.999982 0.00559072 -0.00227365 0.00198905 -0.00558733 0.999983 0.00149623 0.0100575 0.00228198 -0.0014835 0.999996 -0.999947
35 36 838 0.999969 0.00777378 0.00142582 -0.0146726 -0.0077747 0.99997 0.00064273 0.0132857 -0.00142078 -0.000653795 0.999999 -0.999804
35 37 771 0.99995 0.00959221 0.00286637 -0.00957554 -0.00960567 0.999943 0.00471882 0.00628267 -0.00282094 -0.00474611 0.999985 -0.999934
35 38 602 0.999959 0.0082386 0.00371458 -0.00847058 -0.00826864 0.999933 0.00814403 0.00976527 -0.00364723 -0.00817442 0.99996 -0.999916
35 39 536 0.999959 0.00641223 0.0063578 -0.00405754 -0.00647088 0.999936 0.00924792 0.00553934 -0.0062981 -0.00928869 0.999937 -0.999976
40 41 944 0.999995 -0.00291591 0.00120922 0.0067942 0.00291927 0.999992 -0.00278075 0.0111648 -0.00120111 0.00278426 0.999995 -0.999915
40 42 807 0.999991 -0.00362755 0.00221925 0.00647666 0.00363652 0.999985 -0.00405283 0.0147487 -0.00220451 0.00406087 0.999989 -0.99987
40 43 640 0.999987 -0.00369015 0.00349569 -0.00182402 0.00371386 0.99997 -0.00680226 0.0147427 -0.00347048 0.00681515 0.999971 -0.99989
40 44 545 0.999988 -0.00407619 0.00271097 0.00637311 0.00410136 0.999948 -0.00934446 0.0155827 -0.00267274 0.00935547 0.999953 -0.999858
45 46 846 1 -0.000663138 -0.00018803 0.00517826 0.000663241 1 0.000546235 0.0199857 0.000187667 -0.00054636 1 -0.999787
45 47 735 1 0.000790201 0.000437803 0.000690893 -0.000791164 0.999997 0.00220518 0.0103886 -0.000436059 -0.00220552 0.999997 -0.999946
45 48 592 0.999995 -0.00312926 -0.000191072 0.00413466 0.00313009 0.999985 0.00447797 0.0119984 0.000177056 -0.00447855 0.99999 -0.999919
45 49 494 0.999998 -0.00191261 0.000747482 0.00747773 0.00190928 0.999988 0.00442362 0.00899935 -0.000755934 -0.00442219 0.99999 -0.999932
50 51 801 1 -0.000135693 0.000772541 0.00373116 0.000136434 1 -0.000958372 0.0145779 -0.00077241 0.000958477 0.999999 -0.999887
50 52 765 0.999995 -0.00294915 0.00124218 0.00564499 0.00294588 0.999992 0.00262166 0.0128066 -0.00124991 -0.00261799 0.999996 -0.999902
50 53 631 0.999989 -0.00371739 0.00291239 -0.002515 0.00369818 0.999972 0.00657353 0.00953005 -0.00293674 -0.00656269 0.999974 -0.999951
50 54 533 0.999984 -0.00523581 0.00215635 0.00828879 0.00521822 0.999954 0.00808164 0.00761049 -0.00219857 -0.00807026 0.999965 -0.999937
55 56 908 0.999998 0.00214885 0.000447085 -0.00319924 -0.00214746 0.999993 -0.00307587 0.0156515 -0.000453691 0.0030749 0.999995 -0.999872
55 57 819 0.999994 0.00344531 0.000751122 -0.00345626 -0.00344246 0.999987 -0.00375562 0.0191379 -0.000764052 0.00375301 0.999993 -0.999811
55 58 664 0.999972 0.00738477 0.000922197 -0.00507068 -0.00738235 0.999969 -0.00260852 0.0154914 -0.000941432 0.00260164 0.999996 -0.999867
55 59 558 0.999965 0.00829602 0.000761736 -0.00118544 -0.00829502 0.999965 -0.00130927 0.01625 -0.000772571 0.0013029 0.999999 -0.999867
60 61 910 0.999996 0.00278483 0.000986565 -0.00496519 -0.00278064 0.999987 -0.00421446 0.024509 -0.000998289 0.0042117 0.999991 -0.999687
60 62 806 0.999989 0.00447131 0.00155105 -0.00139079 -0.00445709 0.999949 -0.00905244 0.0192941 -0.00159145 0.00904542 0.999958 -0.999813
60 63 674 0.999995 0.00253621 0.00167812 0.00100872 -0.00251622 0.999927 -0.0118099 0.0249225 -0.00170795 0.0118056 0.999929 -0.999689
60 64 530 0.999992 0.00172961 0.00356712 -0.000111498 -0.0017027 0.99997 -0.0075333 0.0178684 -0.00358004 0.00752717 0.999965 -0.99984
65 66 807 0.999997 -0.00204086 0.000979754 0.00580677 0.00203596 0.999986 0.0049756 -9.78893e-06 -0.000989894 -0.00497359 0.999987 -0.999983
65 67 721 0.999969 -0.00768735 0.00141557 0.00958382 0.00768161 0.999962 0.0040191 0.0118693 -0.00144641 -0.0040081 0.999991 -0.999884
65 68 605 0.999954 -0.00926564 0.00239519 0.0153206 0.00926166 0.999956 0.0016653 0.0140053 -0.00241052 -0.00164304 0.999996 -0.999785
65 69 504 0.999924 -0.0115909 0.00409787 0.00440652 0.0115921 0.999933 -0.000252054 0.0183443 -0.00409467 0.000299537 0.999992 -0.999822
70 71 890 0.999998 -0.00168126 0.00143872 0.010961 0.00168244 0.999998 -0.000823351 0.0139344 -0.00143733 0.00082577 0.999999 -0.999843
70 72 923 0.999991 -0.00280462 0.00303428 0.00821733 0.00280865 0.999995 -0.00132471 0.0172668 -0.00303055 0.00133322 0.999995 -0.999817
70 73 732 0.99999 -0.00278672 0.00358832 0.0121514 0.00279227 0.999995 -0.00154302 0.0147638 -0.00358401 0.00155302 0.999992 -0.999817
70 74 608 0.999982 -0.00180002 0.00565483 0.000937789 0.0018191 0.999993 -0.00337091 0.023734 -0.00564872 0.00338113 0.999978 -0.999718
75 76 950 0.999999 -0.00117739 0.00113711 0.00712625 0.00118185 0.999992 -0.00393413 0.0205644 -0.00113247 0.00393547 0.999992 -0.999763
75 77 909 0.999987 -0.0041858 0.00276035 0.00708457 0.00420182 0.999974 -0.00582293 0.0214767 -0.00273591 0.00583445 0.999979 -0.999744
75 78 823 0.999966 -0.00709591 0.00408579 0.005211 0.00710421 0.999973 -0.00202037 0.0236533 -0.00407134 0.00204933 0.99999 -0.999707
75 79 704 0.99995 -0.00800266 0.00591533 0.00352086 0.00797038 0.999953 0.00546116 0.0157612 -0.00595876 -0.00541374 0.999968 -0.99987
80 81 1063 0.999999 -0.000974587 0.000279963 0.00492773 0.000974287 0.999999 0.00107224 0.0109102 -0.000281008 -0.00107196 0.999999 -0.999928
80 82 1085 0.999992 -0.00384336 0.000823024 0.0152726 0.00384523 0.99999 -0.00227616 0.015266 -0.000814267 0.00227931 0.999997 -0.999767
80 83 924 0.999991 -0.00362337 0.00219446 0.0158653 0.00363387 0.999982 -0.00480158 0.0212082 -0.00217702 0.00480951 0.999986 -0.999649
80 84 791 0.999996 -0.000722343 0.00276164 0.00833934 0.000727594 0.999998 -0.0019009 0.0214192 -0.00276026 0.0019029 0.999994 -0.999736
85 86 1022 0.999993 0.00360741 -0.000777224 -0.029211 -0.00360373 0.999982 0.00469682 0.0117192 0.000794154 -0.00469399 0.999989 -0.999505
85 87 1051 0.999987 0.00100085 -0.00496463 0.010359 -0.000976307 0.999987 0.00494427 0.0093475 0.00496951 -0.00493936 0.999975 -0.999903
85 88 928 0.999955 -0.0035545 -0.00881018 0.0202829 0.00357079 0.999992 0.00183408 0.0139987 0.00880359 -0.00186546 0.99996 -0.999696
85 89 856 0.999917 -0.0019379 -0.0127688 0.00991032 0.00192045 0.999997 -0.00137894 0.0169978 0.0127714 0.0013543 0.999918 -0.999806
90 91 956 0.999956 0.00465082 -0.00819429 -0.0229182 -0.00467889 0.999983 -0.00341015 0.0248801 0.00817829 0.00344834 0.999961 -0.999428
90 92 1000 0.999818 0.00124962 -0.0190305 -0.0184855 -0.00131753 0.999993 -0.00355635 0.0268099 0.019026 0.00358078 0.999813 -0.99947
90 93 929 0.999416 -0.00416688 -0.0339135 0.00509754 0.00406123 0.999987 -0.0031835 0.0230413 0.0339263 0.00304391 0.99942 -0.999722
90 94 794 0.99862 -0.0093949 -0.0516766 0.0135069 0.00916789 0.999947 -0.00462809 0.0247825 0.0517174 0.00414794 0.998653 -0.999602
95 96 936 0.999651 0.00321148 -0.0262052 -0.0334511 -0.00324258 0.999994 -0.00114421 0.0155969 0.0262014 0.00122878 0.999656 -0.999319
95 97 930 0.998441 0.00472909 -0.0556132 -0.0300839 -0.00491515 0.999983 -0.00320925 0.0256405 0.0555971 0.00347759 0.998447 -0.999218
95 98 862 0.996068 0.0047829 -0.0884609 -0.0116246 -0.00524005 0.999974 -0.00493641 0.0261567 0.088435 0.00538054 0.996067 -0.99959
95 99 724 0.992015 0.00449339 -0.126042 0.00462627 -0.00526282 0.999969 -0.00577224 0.0246825 0.126012 0.00638948 0.992008 -0.999685
100 101 923 0.998912 9.30669e-05 -0.0466413 -0.0449767 -0.000122008 1 -0.000617658 0.0233643 0.0466413 0.000622676 0.998912 -0.998715
100 102 903 0.995337 -0.00182291 -0.0964418 -0.0330226 0.00191542 0.999998 0.000866585 0.0211071 0.09644 -0.00104727 0.995338 -0.999232
100 103 831 0.988814 -0.00218591 -0.149139 -0.0238774 0.00261344 0.999993 0.00267074 0.0249119 0.149133 -0.00303063 0.988813 -0.999404
100 104 692 0.978185 -0.000957689 -0.207732 0.00541999 0.00183657 0.99999 0.00403803 0.0223516 0.207726 -0.00433146 0.978178 -0.999735
105 106 909 0.997904 0.000404144 -0.0647155 -0.0898829 -0.000305249 0.999999 0.00153802 -0.00456487 0.064716 -0.00151504 0.997903 -0.995942
105 107 814 0.991622 0.00328091 -0.129135 -0.0880478 -0.00289283 0.999991 0.00319271 0.00621634 0.129144 -0.0027924 0.991622 -0.996097
105 108 664 0.980355 0.00405882 -0.197199 -0.016688 -0.00327772 0.999985 0.00428723 0.00393333 0.197213 -0.00355664 0.980354 -0.999853
105 109 564 0.966072 0.00442647 -0.258233 -0.00496024 -0.00442994 0.99999 0.000568441 0.0269113 0.258233 0.000594801 0.966082 -0.999626
110 111 1036 0.997957 0.000502983 -0.0638946 -0.103854 -0.000558997 0.999999 -0.000858784 0.0111906 0.0638941 0.000892746 0.997956 -0.99453
110 112 821 0.992225 0.0031278 -0.124418 -0.089534 -0.00318006 0.999995 -0.000221455 0.0208544 0.124417 0.000615392 0.99223 -0.995765
110 113 701 0.982984 0.00918003 -0.183459 -0.0532348 -0.00910012 0.999958 0.0012775 0.0193202 0.183463 0.000413744 0.983026 -0.998395
110 114 575 0.970731 0.0062913 -0.240087 -0.0112113 -0.00585731 0.99998 0.00252118 0.011609 0.240098 -0.00104112 0.970748 -0.99987
115 116 972 0.998673 -0.00111569 -0.0514923 -0.0863049 0.00120177 0.999998 0.00164084 0.014945 0.0514904 -0.00170055 0.998672 -0.996157
115 117 720 0.995159 0.00557718 -0.0981221 -0.0733287 -0.0053763 0.999983 0.00231155 0.0120265 0.0981333 -0.00177282 0.995172 -0.997235
115 118 591 0.989862 0.021243 -0.140434 -0.0677283 -0.0211029 0.999774 0.00248635 0.00892591 0.140456 0.000502436 0.990087 -0.997664
115 119 495 0.983901 0.0240981 -0.177084 -0.0565075 -0.0245388 0.999699 -0.000298601 0.019457 0.177023 0.00463922 0.984196 -0.998213
120 121 934 0.999424 -0.0112017 -0.0320407 -0.0148816 0.0113492 0.999926 0.00442702 0.0277256 0.0319888 -0.00478811 0.999477 -0.999505
120 122 698 0.997992 -0.0159855 -0.0612978 0.00186904 0.0164751 0.999836 0.00749047 0.0228405 0.061168 -0.00848532 0.998091 -0.999737
120 123 563 0.995989 -0.0164105 -0.0879525 0.00354569 0.0172397 0.999814 0.00867725 0.0285345 0.0877938 -0.0101587 0.996087 -0.999587
120 124 523 0.993724 -0.00841728 -0.111546 0.00819554 0.00984494 0.999876 0.0122542 0.0258295 0.111429 -0.0132755 0.993684 -0.999633
125 126 697 0.999804 0.0015678 -0.0197432 -0.038258 -0.00142867 0.999974 0.00705894 -0.0286538 0.0197537 -0.00702935 0.99978 -0.998857
125 127 479 0.999293 -0.0015749 -0.0375759 -0.0135517 0.00184682 0.999972 0.00720309 -0.0164332 0.0375635 -0.00726739 0.999268 -0.999773
125 128 430 0.998556 -0.00377096 -0.0535804 0.000970792 0.00390662 0.999989 0.00242732 -0.000684036 0.0535707 -0.00263314 0.998561 -0.999999
125 129 415 0.997712 -0.00317287 -0.0675382 -0.00111349 0.00311077 0.999995 -0.00102466 0.0104187 0.0675411 0.000812221 0.997716 -0.999945
130 131 715 0.999927 0.00337434 -0.0115745 -0.027235 -0.00338028 0.999994 -0.000493562 0.0085822 0.0115727 0.000532651 0.999933 -0.999592
130 132 593 0.999738 0.00638367 -0.0219832 -0.01188 -0.00637847 0.99998 0.000306763 0.00792149 0.0219847 -0.000166464 0.999758 -0.999898
130 133 611 0.999517 0.00936994 -0.029633 -0.0107823 -0.0093395 0.999956 0.0011656 0.002167 0.0296426 -0.000888281 0.99956 -0.99994
130 134 568 0.999323 0.0100824 -0.0353853 -0.00590407 -0.0100312 0.999948 0.00162268 0.00604878 0.0353998 -0.00126662 0.999372 -0.999964
135 136 646 0.999981 7.68007e-06 -0.00620699 0.00833464 -3.9176e-06 1 0.000606179 0.00504748 0.00620699 -0.000606143 0.999981 -0.999953
135 137 591 0.999943 0.00292456 -0.010285 -0.00416126 -0.00291756 0.999996 0.000695437 0.00615306 0.010287 -0.00066539 0.999947 -0.999972
135 138 578 0.999906 0.00505059 -0.0127616 -0.0104823 -0.00503985 0.999987 0.000873633 0.0024322 0.0127658 -0.000809234 0.999918 -0.999942
135 139 538 0.999849 0.00614958 -0.0162639 -0.00151517 -0.00614567 0.999981 0.000290667 0.00667433 0.0162654 -0.000190671 0.999868 -0.999977
140 141 639 0.999991 0.00407024 -0.000752027 -0.00781863 -0.00407024 0.999992 7.00075e-07 0.00102625 0.000752024 2.36086e-06 1 -0.999969
140 142 672 0.999969 0.00788221 1.94544e-05 -0.00329468 -0.00788221 0.999969 -0.000426496 0.00443227 -2.28156e-05 0.000426329 1 -0.999985
140 143 656 0.999942 0.0103981 0.00282376 -0.00948772 -0.0103961 0.999946 -0.000730177 0.00668326 -0.0028312 0.000700778 0.999996 -0.999933
140 144 556 0.999902 0.0123913 0.00654073 -0.00989776 -0.0123886 0.999923 -0.000456936 0.00604694 -0.00654589 0.00037586 0.999979 -0.999933
145 146 704 0.999992 0.00139398 0.00379185 0.013696 -0.00138854 0.999998 -0.00143731 0.0011025 -0.00379385 0.00143203 0.999992 -0.999906
145 147 776 0.999968 0.00111964 0.00787503 0.00203133 -0.00109652 0.999995 -0.0029404 0.00584853 -0.00787828 0.00293167 0.999965 -0.999981
145 148 658 0.999927 -0.00162066 0.0119493 0.00553213 0.00168262 0.999985 -0.00517686 0.00836318 -0.0119407 0.00519659 0.999915 -0.99995
145 149 557 0.999861 -0.00188344 0.0165593 -0.00246739 0.00198942 0.999978 -0.00638536 0.00781803 -0.0165469 0.00641742 0.999842 -0.999966
150 151 676 0.999994 -0.00203897 0.002621 0.0205323 0.00202799 0.999989 0.0041839 0.00391304 -0.0026295 -0.00417856 0.999988 -0.999782
150 152 684 0.999955 -0.00837007 0.00451928 0.008673 0.00833019 0.999927 0.00877114 0.00830726 -0.00459237 -0.00873309 0.999951 -0.999928
150 153 605 0.999938 -0.0102672 0.00433875 0.0151366 0.0102151 0.999877 0.0118692 0.000660753 -0.00446008 -0.0118242 0.99992 -0.999885
150 154 483 0.999917 -0.012167 0.00418956 0.0148846 0.0121201 0.999866 0.0110419 0.00372678 -0.00432334 -0.0109902 0.99993 -0.999882
155 156 1000 1 0.000514554 -6.80376e-05 -0.00509944 -0.000514641 0.999999 -0.00128803 0.0204192 6.73748e-05 0.00128807 0.999999 -0.999779
155 157 959 1 -0.000678157 9.628e-05 0.0126686 0.000678344 0.999998 -0.00195963 0.00954314 -9.49509e-05 0.0019597 0.999998 -0.999874
155 158 744 0.999994 -0.00326353 0.000636229 0.00446907 0.00326455 0.999993 -0.00160775 0.0132863 -0.000630977 0.00160982 0.999999 -0.999902
155 159 612 0.999974 -0.007156 0.000885827 0.00294511 0.00715737 0.999973 -0.00155786 0.0175009 -0.000874655 0.00156416 0.999998 -0.999843
160 161 1142 0.999992 -0.00316334 -0.0025467 0.00624435 0.00316135 0.999995 -0.000786903 0.0158321 0.00254918 0.000778846 0.999996 -0.999855
160 162 1001 0.999956 -0.00641334 -0.00685254 0.0131698 0.0063992 0.999977 -0.00208347 0.0167027 0.00686575 0.00203953 0.999974 -0.999774
160 163 677 0.999897 -0.0086822 -0.0114336 0.0117916 0.00862388 0.99995 -0.00514044 0.0208455 0.0114777 0.00504131 0.999921 -0.999713
160 164 480 0.9998 -0.00980708 -0.0174458 0.0122936 0.00968686 0.999929 -0.00696251 0.0191678 0.0175129 0.00679212 0.999824 -0.999741
165 166 955 0.999963 -0.000580499 -0.00855235 0.00211792 0.000588003 0.999999 0.000874903 0.0140615 0.00855184 -0.000879899 0.999963 -0.999899
165 167 722 0.999826 1.10319e-05 -0.0186737 0.00922242 2.07538e-05 0.999999 0.00170197 0.0078566 0.0186737 -0.00170206 0.999824 -0.999927
165 168 562 0.999578 0.00196098 -0.0289669 0.0133452 -0.00194511 0.999998 0.000575885 0.01007 0.028968 -0.000519298 0.99958 -0.99986
165 169 429 0.999178 -0.000502231 -0.0405315 0.0271265 0.000486629 1 -0.000394815 0.0120438 0.0405317 0.000374767 0.999178 -0.999559
170 171 811 0.999939 -0.00019675 -0.0110084 0.00388451 0.000198751 1 0.00018065 0.0155348 0.0110083 -0.000182827 0.999939 -0.999872
170 172 625 0.999744 0.000855542 -0.0226018 0.0193496 -0.000824257 0.999999 0.00139349 0.00831483 0.022603 -0.00137451 0.999744 -0.999778
170 173 462 0.999493 -0.00082913 -0.0318278 -0.00228763 0.00088702 0.999998 0.00180476 0.0186732 0.0318262 -0.00183208 0.999492 -0.999823
170 174 376 0.999038 -0.00060843 -0.0438558 0.0254871 0.000769215 0.999993 0.00364944 0.00447674 0.0438532 -0.00367966 0.999031 -0.999665
175 176 562 0.999954 0.000131364 -0.00962543 -0.00347086 -0.000128146 1 0.000334941 0.0196087 0.00962547 -0.000333692 0.999954 -0.999802
175 177 593 0.999819 0.00137834 -0.0189778 -0.000907485 -0.00136628 0.999999 0.000648643 0.0166891 0.0189787 -0.000622597 0.99982 -0.99986
175 178 504 0.99961 0.00282624 -0.0277717 0.0131957 -0.00281184 0.999996 0.000557806 0.0108548 0.0277732 -0.000479499 0.999614 -0.999854
175 179 413 0.99937 0.00231306 -0.0354123 0.0147712 -0.00237438 0.999996 -0.00168969 0.0243757 0.0354082 0.0017727 0.999371 -0.999594
180 181 732 0.999987 0.00305031 -0.00408559 0.00468285 -0.00305763 0.999994 -0.00178725 0.0116118 0.00408012 0.00179972 0.99999 -0.999922
180 182 597 0.999966 0.00513339 -0.00640192 -0.00542465 -0.00515469 0.999981 -0.00331482 0.0184799 0.00638479 0.00334771 0.999974 -0.999815
180 183 524 0.999955 0.00407602 -0.00855107 0.00484311 -0.00411263 0.999982 -0.00426815 0.0208435 0.00853352 0.00430313 0.999954 -0.999771
180 184 423 0.999938 0.0054802 -0.00967406 0.00435601 -0.00552004 0.999976 -0.00409658 0.0199935 0.00965138 0.00414973 0.999945 -0.999791
185 186 558 0.999995 0.0011816 0.0030405 -0.00416851 -0.00118614 0.999998 0.00149153 0.0146299 -0.00303873 -0.00149513 0.999994 -0.999884
185 187 606 0.999963 0.00208747 0.00828539 -0.00161644 -0.00210712 0.999995 0.00236295 0.0088185 -0.00828041 -0.00238032 0.999963 -0.99996
185 188 555 0.999873 -0.00053024 0.0159039 -0.00194197 0.000488344 0.999996 0.00263812 0.020264 -0.0159052 -0.00263002 0.99987 -0.999793
185 189 471 0.999634 0.000508491 0.0270616 -0.00327221 -0.000593196 0.999995 0.00312215 0.0125762 -0.0270599 -0.00313706 0.999629 -0.999916
190 191 741 0.999847 -0.000163611 0.0174698 0.0191026 0.000141441 0.999999 0.00127028 0.0222689 -0.01747 -0.00126762 0.999847 -0.99957
190 192 666 0.999254 -0.00216404 0.0385659 0.0125991 0.00202184 0.999991 0.00372597 0.0258882 -0.0385736 -0.00364522 0.999249 -0.999585
190 193 647 0.997994 -0.00347791 0.0632144 0.00910966 0.00305233 0.999972 0.00682766 0.0151964 -0.0632364 -0.00662101 0.997977 -0.999843
190 194 544 0.9958 -0.00474428 0.091433 -0.0112559 0.00397178 0.999955 0.00862895 0.0169782 -0.0914698 -0.00822956 0.995774 -0.999793
195 196 722 0.999276 0.000645611 0.0380346 0.0421119 -0.000572922 0.999998 -0.00192199 -0.00423654 -0.0380358 0.00189881 0.999275 -0.999104
195 197 703 0.99685 -0.0011317 0.0793034 0.0339344 0.00163541 0.999979 -0.00628699 0.0133202 -0.0792947 0.00639687 0.996831 -0.999335
195 198 577 0.992041 -0.00230478 0.125892 0.00560273 0.00371686 0.999933 -0.0109828 0.0246798 -0.125859 0.0113633 0.991983 -0.99968
195 199 417 0.984668 -0.00477285 0.174374 -0.0172905 0.0072869 0.999878 -0.0137802 0.0189762 -0.174287 0.0148396 0.984583 -0.99967
200 201 723 0.998422 6.85902e-05 0.056152 0.0885094 -4.62242e-05 1 -0.00039961 0.0165073 -0.0561521 0.000396384 0.998422 -0.995939
200 202 520 0.992873 0.00350084 0.119129 0.0326024 -0.00365517 0.999993 0.00107702 0.0152571 -0.119124 -0.00150478 0.992878 -0.999352
200 203 230 0.983464 0.00629575 0.180992 0.0238859 -0.00680162 0.999975 0.00217445 0.0372648 -0.180974 -0.00336953 0.983482 -0.99902
200 204 139 0.96808 0.00801625 0.250514 -0.0384075 -0.0106486 0.999901 0.00915412 0.00957182 -0.250416 -0.0115295 0.96807 -0.999216
205 206 459 0.99765 -0.00200551 0.0684864 0.11043 0.00182335 0.999995 0.00272214 -0.00489176 -0.0684915 -0.00259087 0.997648 -0.993872
205 207 327 0.990501 0.000711882 0.137506 0.0568801 -0.00112014 0.999995 0.00289165 0.0115748 -0.137504 -0.00301821 0.990497 -0.998314
205 208 194 0.979104 0.00165446 0.203355 0.0322166 -0.00228661 0.999993 0.0028737 0.00146903 -0.203349 -0.00327864 0.979101 -0.99948
205 209 214 0.962217 -0.00249699 0.272271 -0.0196349 0.00225169 0.999997 0.0012134 -0.012625 -0.272273 -0.000554488 0.96222 -0.999728
210 211 449 0.9979 -0.000874445 0.0647751 0.128234 0.00125626 0.999982 -0.00585405 0.00828162 -0.0647688 0.00592313 0.997883 -0.991709
210 212 389 0.991994 0.00103925 0.126281 0.0593908 0.0006383 0.999912 -0.0132431 0.0257819 -0.126284 0.0132177 0.991906 -0.997902
210 213 354 0.983178 -0.00164454 0.182641 0.0290339 0.0049103 0.999836 -0.01743 0.0255195 -0.182582 0.0180336 0.983025 -0.999253
210 214 285 0.973297 -0.0070188 0.229442 0.0347281 0.0116081 0.999759 -0.0186585 0.0324111 -0.229256 0.0208236 0.973143 -0.998871
215 216 455 0.99932 -0.00398245 0.0366462 0.0841876 0.00391238 0.99999 0.00198363 0.00940658 -0.0366538 -0.0018389 0.999326 -0.996406
215 217 493 0.997602 -0.00563298 0.0689816 0.0499812 0.00545858 0.999981 0.00271639 0.00741452 -0.0689956 -0.00233333 0.997614 -0.998723
215 218 486 0.995801 -9.36015e-05 0.0915495 0.0255442 -0.000177524 0.999996 0.00295337 0.00573345 -0.0915493 -0.00295722 0.995796 -0.999657
215 219 443 0.9942 0.00271197 0.107511 0.0122677 -0.00295438 0.999993 0.00209553 0.0125311 -0.107505 -0.002401 0.994202 -0.999846
220 221 445 0.999937 -0.00529163 0.00991563 0.0367812 0.00529328 0.999986 -0.000140294 0.00262077 -0.00991475 0.000192771 0.999951 -0.99932
220 222 606 0.999794 -0.0127405 0.0158246 0.0345873 0.0127152 0.999918 0.00169917 -0.00370908 -0.0158449 -0.00149761 0.999873 -0.999395
220 223 625 0.999664 -0.0182172 0.0184262 0.0353845 0.0181206 0.999821 0.00539182 -0.000232447 -0.0185211 -0.00505611 0.999816 -0.999374
220 224 575 0.999619 -0.0198392 0.0192103 0.0251005 0.0196989 0.999778 0.00746785 0.0050727 -0.0193542 -0.00708658 0.999788 -0.999672
225 226 517 0.999985 0.00308002 -0.00456232 0.00177018 -0.00305082 0.999975 0.00639339 -0.00428163 0.0045819 -0.00637938 0.999969 -0.999989
225 227 644 0.999955 0.00324873 -0.00889762 0.00452601 -0.00315046 0.999934 0.0110356 -0.011989 0.00893289 -0.0110071 0.9999 -0.999918
225 228 590 0.999912 -0.00151713 -0.0131975 0.0111083 0.001653 0.999946 0.0102905 -0.004377 0.0131812 -0.0103114 0.99986 -0.999929
225 229 571 0.999799 -0.00663883 -0.0189275 0.0114756 0.0067518 0.99996 0.00591062 -0.000199955 0.0188875 -0.00603723 0.999803 -0.999934
230 231 476 0.999989 0.0030641 -0.0036753 -0.00671876 -0.00308513 0.999979 -0.00572749 0.011751 0.00365767 0.00573876 0.999977 -0.999908
230 232 566 0.999965 0.00447442 -0.00703464 -0.00756375 -0.00454843 0.999934 -0.0105408 0.016064 0.00698701 0.0105724 0.99992 -0.999842
230 233 625 0.999902 0.00958895 -0.0101874 -0.00423216 -0.00970159 0.999892 -0.0110657 0.0152022 0.0100802 0.0111635 0.999887 -0.999875
230 234 577 0.999853 0.0133703 -0.0106934 -0.00532065 -0.0134543 0.999879 -0.00781422 0.00976042 0.0105877 0.00795695 0.999912 -0.999938
235 236 449 1 -0.000391953 0.000853104 0.00465785 0.000386301 0.999978 0.0066153 0.00295179 -0.000855679 -0.00661497 0.999978 -0.999985
235 237 486 0.999991 -0.00240624 0.00348909 0.000897337 0.00237005 0.999944 0.0103408 -0.00651559 -0.00351377 -0.0103324 0.99994 -0.999978
235 238 549 0.999977 -0.0029064 0.00608986 -0.00567455 0.00286751 0.999976 0.00638474 -0.00373651 -0.00610827 -0.00636713 0.999961 -0.999977
235 239 503 0.999971 -3.5666e-05 0.0076405 -0.00128326 4.63955e-05 0.999999 -0.00140413 0.00734186 -0.00764044 0.00140444 0.99997 -0.999972
240 241 378 0.999992 -0.0037391 0.00171244 0.0115858 0.00373794 0.999993 0.00068064 0.0117052 -0.00171497 -0.000674233 0.999998 -0.999864
240 242 554 0.999958 -0.00824013 0.00397751 0.0069719 0.00821778 0.999951 0.00560309 0.00144943 -0.00402348 -0.00557017 0.999976 -0.999975
240 243 548 0.999945 -0.00727796 0.00756885 0.0117731 0.0071935 0.999912 0.0111265 -0.000126435 -0.00764917 -0.0110714 0.999909 -0.999931
240 244 523 0.999916 -0.00611007 0.0114274 0.0050232 0.00595004 0.999884 0.0139856 -0.00227382 -0.0115116 -0.0139164 0.999837 -0.999985
245 246 480 0.999988 0.00347224 0.00346677 0.00044167 -0.0034655 0.999992 -0.00194881 0.00885234 -0.00347351 0.00193677 0.999992 -0.999961
245 247 602 0.999974 0.0044576 0.0056831 -0.00730664 -0.00443188 0.99998 -0.00452962 0.00883058 -0.00570317 0.00450432 0.999974 -0.999934
245 248 543 0.99996 0.00623429 0.00646767 -0.00109678 -0.00618805 0.999955 -0.007145 0.01505 -0.00651193 0.00710469 0.999954 -0.999886
245 249 494 0.999904 0.0119177 0.00702291 -0.0028001 -0.0118582 0.999894 -0.00845565 0.0150923 -0.00712293 0.00837156 0.99994 -0.999882
250 251 471 0.999987 -0.00516333 -0.000575037 0.0142696 0.00516437 0.999985 0.00183263 0.0129765 0.000565565 -0.00183557 0.999998 -0.999814
250 252 580 0.999946 -0.0103515 -0.0012296 0.0115061 0.0103576 0.999934 0.00506026 0.0106013 0.00117714 -0.00507272 0.999986 -0.999878
250 253 542 0.999817 -0.0190367 -0.00199605 0.0157147 0.0190496 0.999796 0.00666286 0.00488731 0.00186881 -0.00669966 0.999976 -0.999865
250 254 489 0.999654 -0.0257926 -0.00522276 0.0168464 0.0258237 0.999649 0.00596749 0.00933979 0.00506701 -0.00610029 0.999969 -0.999814
255 256 429 0.999996 -0.000428815 -0.0026436 0.00921757 0.000431033 1 0.00083877 0.00895248 0.00264323 -0.000839907 0.999996 -0.999917
255 257 558 0.999988 0.00187837 -0.00445899 -0.00147691 -0.00186217 0.999992 0.00363389 0.00599018 0.00446578 -0.00362555 0.999983 -0.999981
255 258 524 0.999951 0.00802718 -0.00586163 0.0057692 -0.00801434 0.999965 0.00221189 0.00711301 0.00587919 -0.0021648 0.99998 -0.999958
255 259 489 0.999862 0.0152372 -0.00656543 0.0040656 -0.0152155 0.999879 0.00334461 0.00980603 0.0066156 -0.00324426 0.999973 -0.999944
260 261 452 0.999992 -0.00373117 -0.00164239 0.00559078 0.00372616 0.999988 -0.00304016 0.0148909 0.00165371 0.00303401 0.999994 -0.999873
260 262 512 0.999974 -0.00674666 -0.00235637 0.00911457 0.0067264 0.999941 -0.00850499 0.0145487 0.00241361 0.00848892 0.999961 -0.999853
260 263 427 0.999933 -0.0109701 -0.00356212 0.01153 0.0109237 0.999859 -0.0127894 0.01899 0.00370192 0.0127497 0.999912 -0.999753
260 264 424 0.999942 -0.00946367 -0.00510481 0.0144596 0.0094279 0.999931 -0.00698489 0.017779 0.00517056 0.00693636 0.999963 -0.999737
265 266 481 0.999993 0.00383409 0.000388954 -0.00357652 -0.00383741 0.999953 0.00893134 -0.0045669 -0.000354692 -0.00893276 0.99996 -0.999983
265 267 477 0.999984 0.00552292 0.00152239 -0.00578268 -0.00552276 0.999985 -0.000106286 0.00353973 -0.00152295 9.78764e-05 0.999999 -0.999977
265 268 379 0.999966 0.00764311 0.00317059 -0.00527698 -0.0075752 0.999753 -0.0209061 0.0248828 -0.00332959 0.0208814 0.999776 -0.999676
265 269 298 0.999961 0.00767505 0.00441037 -0.0065089 -0.00751079 0.999319 -0.0361268 0.0411624 -0.00468464 0.0360923 0.999337 -0.999131
270 271 408 0.999986 -0.00500392 0.00142085 0.0160665 0.00498053 0.999859 0.0160124 0.00464003 -0.00150078 -0.0160051 0.999871 -0.99986
270 272 414 0.999991 -0.00339597 0.00239859 0.0125495 0.00333745 0.999707 0.023994 -0.00595667 -0.00247937 -0.0239857 0.999709 -0.999904
270 273 374 0.99999 0.000662238 0.00447477 0.00615413 -0.000770894 0.999704 0.0243241 0.00161881 -0.00445733 -0.0243273 0.999694 -0.99998
270 274 336 0.999973 0.000936861 0.00732193 0.0025137 -0.0011064 0.999731 0.0231847 0.00600376 -0.00729824 -0.0231922 0.999704 -0.999979
275 276 432 0.999988 -0.00106919 0.00471599 0.00717366 0.00106124 0.999998 0.00168717 0.0114086 -0.00471779 -0.00168214 0.999987 -0.999909
275 277 433 0.999954 -0.00552087 0.00783408 0.00590108 0.00550748 0.999983 0.00172977 0.0149758 -0.0078435 -0.00168654 0.999968 -0.99987
275 278 420 0.999881 -0.0118203 0.0099448 0.00978108 0.0117981 0.999928 0.00228411 0.00962915 -0.00997109 -0.00216651 0.999948 -0.999906
275 279 380 0.999826 -0.0144538 0.0118234 0.00374726 0.0144493 0.999895 0.000460576 0.0118299 -0.0118288 -0.000289656 0.99993 -0.999923
280 281 647 0.999998 0.00155959 0.00116384 0.012256 -0.00155938 0.999999 -0.000177806 0.0224063 -0.00116412 0.000175991 0.999999 -0.999674
280 282 674 0.999983 0.00357669 0.00451944 -0.00539026 -0.00359117 0.999988 0.00320129 0.0104713 -0.00450794 -0.00321746 0.999985 -0.999931
280 283 581 0.999912 0.00970078 0.00905116 -0.006616 -0.00976484 0.999927 0.00706082 0.01007 -0.00898201 -0.00714858 0.999934 -0.999927
280 284 470 0.999817 0.0118343 0.0150546 -0.00452614 -0.0119596 0.999894 0.00825984 0.00568821 -0.0149553 -0.00843837 0.999853 -0.999974
285 286 630 0.99998 0.00130212 0.00618479 0.0112975 -0.00125189 0.999966 -0.00811957 0.0158461 -0.00619516 0.00811167 0.999948 -0.999811
285 287 680 0.999943 0.00227398 0.010455 -0.00625202 -0.00208933 0.999842 -0.0176389 0.025076 -0.0104934 0.0176161 0.99979 -0.999666
285 288 582 0.999881 -0.00476527 0.0146839 0.00163255 0.00506192 0.999782 -0.020232 0.0254655 -0.0145843 0.020304 0.999687 -0.999674
285 289 492 0.99979 -0.00621331 0.0195443 -0.00153051 0.00651401 0.999861 -0.0153597 0.0178587 -0.0194461 0.0154838 0.999691 -0.999839
290 291 677 0.99997 0.00435959 0.00633799 0.00687601 -0.00439536 0.999974 0.00564164 -0.00231423 -0.00631324 -0.00566933 0.999964 -0.999974
290 292 615 0.999904 0.00457881 0.0131094 0.000612729 -0.00464308 0.999977 0.00487614 0.00146364 -0.0130868 -0.00493654 0.999902 -0.999999
290 293 489 0.999784 -0.00239309 0.0206359 0.002428 0.00235173 0.999995 0.00202871 0.00630255 -0.0206406 -0.00197974 0.999785 -0.999977
290 294 402 0.999551 -0.00693544 0.0291551 -0.00565624 0.00683242 0.99997 0.00363176 0.00854146 -0.0291794 -0.00343093 0.999568 -0.999948
295 296 610 0.999965 0.00143631 0.00821538 0.0132964 -0.0014582 0.999995 0.00265949 0.00354171 -0.00821152 -0.00267137 0.999963 -0.999905
295 297 578 0.999856 0.00217399 0.0168329 0.000145703 -0.00217718 0.999998 0.000171187 0.00488751 -0.0168325 -0.000207811 0.999858 -0.999988
295 298 479 0.999689 -0.0019194 0.024883 -0.00443003 0.00208226 0.999977 -0.00652074 0.0133583 -0.0248699 0.00657052 0.999669 -0.999901
295 299 401 0.999433 -0.00582124 0.0331676 -0.00261048 0.00622541 0.999907 -0.0120955 0.0202488 -0.0330941 0.0122951 0.999377 -0.999792
300 301 511 0.99998 -0.000958647 0.00624709 0.0059955 0.000969973 0.999998 -0.00181022 0.0143477 -0.00624534 0.00181624 0.999979 -0.999879
300 302 509 0.999947 0.000241922 0.0102876 0.00855664 -0.000242442 1 4.93481e-05 0.0140203 -0.0102875 -5.18396e-05 0.999947 -0.999865
300 303 468 0.99988 -0.00392247 0.0149616 0.00401811 0.00383013 0.999973 0.00619578 0.00594669 -0.0149855 -0.00613773 0.999869 -0.999974
300 304 388 0.999791 -0.00941939 0.0181179 0.00935742 0.00918525 0.999874 0.0129632 0.00278175 -0.0182377 -0.0127941 0.999752 -0.999952
305 306 505 0.999993 -0.00176409 0.00334439 0.00959065 0.00178408 0.999981 -0.0059834 0.0118141 -0.00333377 0.00598933 0.999977 -0.999884
305 307 497 0.999974 -0.00459824 0.00555033 0.0154095 0.00468828 0.999856 -0.0163201 0.0188653 -0.00547448 0.0163457 0.999851 -0.999703
305 308 425 0.999938 -0.0063744 0.00908831 0.0130008 0.0065832 0.999711 -0.0231331 0.0249215 -0.00893822 0.0231915 0.999691 -0.999605
305 309 406 0.999886 -0.00211788 0.014956 -0.00511098 0.00241768 0.999796 -0.020056 0.024151 -0.0149104 0.0200899 0.999687 -0.999695
310 311 566 0.999971 0.00254165 0.00720255 -0.007822 -0.00257796 0.999984 0.00503581 -0.00356026 -0.00718963 -0.00505424 0.999961 -0.999963
310 312 532 0.999905 -0.00128139 0.013695 0.00510504 0.0012265 0.999991 0.00401578 0.00158426 -0.0137 -0.0039986 0.999898 -0.999986
310 313 415 0.999771 -6.00728e-05 0.0214214 -0.00199357 0.000102309 0.999998 -0.00197061 0.0115628 -0.0214212 0.00197235 0.999769 -0.999931
310 314 369 0.999579 0.00468536 0.0286459 -0.00343226 -0.00453227 0.999975 -0.00540664 0.0174319 -0.0286706 0.00527454 0.999575 -0.999842
315 316 614 0.999974 0.00390111 0.00601234 0.00312644 -0.00390121 0.999992 5.66313e-06 0.0230979 -0.00601227 -2.91184e-05 0.999982 -0.999728
315 317 613 0.999899 0.0073775 0.0121849 0.00391016 -0.00746321 0.999948 0.00700411 0.013864 -0.0121326 -0.00709434 0.999901 -0.999896
315 318 543 0.999674 0.0159333 0.0199749 -0.0120138 -0.016276 0.999721 0.0171103 0.00306477 -0.0196967 -0.0174298 0.999654 -0.999923
315 319 470 0.999339 0.0252441 0.0261662 -0.0152084 -0.0257836 0.999458 0.0204868 0.0022541 -0.0256348 -0.0211479 0.999448 -0.999882
320 321 708 0.999934 -0.0102786 0.00505301 0.024677 0.0103435 0.999862 -0.0129889 0.016897 -0.0049188 0.0130403 0.999903 -0.999553
320 322 622 0.999844 -0.0145903 0.00996971 0.0184703 0.0147953 0.999674 -0.0208049 0.0271368 -0.00966291 0.0209491 0.999734 -0.999461
320 323 522 0.999807 -0.0142129 0.013563 0.0112427 0.0144522 0.999739 -0.0177082 0.0217432 -0.0133078 0.0179008 0.999751 -0.9997
320 324 486 0.999746 -0.0160408 0.0158033 0.00740068 0.0161515 0.999846 -0.00690713 0.00954026 -0.0156901 0.00716063 0.999851 -0.999927
325 326 662 0.999997 0.00152796 0.00209233 0.00635477 -0.00153583 0.999992 0.00376437 7.99676e-05 -0.00208656 -0.00376757 0.999991 -0.99998
325 327 609 0.999959 0.00753086 0.00496857 -0.00567566 -0.0075254 0.999971 -0.00111703 0.00925196 -0.00497684 0.0010796 0.999987 -0.999941
325 328 513 0.999956 0.00760686 0.00544348 -0.00888983 -0.00755429 0.999925 -0.0096146 0.0140725 -0.00551621 0.00957306 0.999939 -0.999861
325 329 438 0.999972 0.00593241 0.00455585 0.00171319 -0.00585949 0.999857 -0.0158552 0.0241471 -0.00464926 0.015828 0.999864 -0.999707
330 331 649 0.999995 0.00255561 0.00178532 0.00686086 -0.00257199 0.999954 0.00923555 0.00910056 -0.00176163 -0.0092401 0.999956 -0.999935
330 332 630 0.999911 0.0126788 0.004188 -0.008423 -0.0127629 0.999704 0.0206971 0.00109002 -0.00392434 -0.0207487 0.999777 -0.999964
330 333 535 0.999711 0.0231188 0.00661722 -0.0109504 -0.023277 0.999418 0.0249281 -0.0020953 -0.00603706 -0.0250749 0.999667 -0.999938
330 334 429 0.999749 0.0211183 0.00749741 -0.00866077 -0.0212675 0.999566 0.0204024 0.00309784 -0.00706329 -0.0205567 0.999764 -0.999958
335 336 714 0.999999 -0.000847817 0.00148928 0.00497581 0.000853132 0.999993 -0.00357205 0.0262625 -0.00148624 0.00357332 0.999993 -0.999643
335 337 601 0.999997 0.000746667 0.00216988 0.00832577 -0.000747332 1 0.000305793 0.0147386 -0.00216965 -0.000307414 0.999998 -0.999857
335 338 474 0.999998 -0.000392946 0.00190433 0.00605321 0.000380758 0.999979 0.00639647 0.0085028 -0.0019068 -0.00639573 0.999978 -0.999946
335 339 376 0.999972 -0.00704915 0.00234608 0.00699083 0.0070323 0.99995 0.00711548 0.00796446 -0.00239612 -0.00709878 0.999972 -0.999944
340 341 498 0.999994 -0.00326629 0.000741059 0.00810182 0.00326871 0.999989 -0.00329257 0.0191692 -0.000730296 0.00329497 0.999994 -0.999783
340 342 378 0.999972 -0.00748235 0.000959728 0.0106673 0.00748802 0.999954 -0.00604256 0.0174434 -0.000914471 0.00604957 0.999981 -0.999791
340 343 316 0.999953 -0.0095497 0.00145508 0.0129071 0.00955816 0.999937 -0.00592489 0.0210572 -0.00139841 0.00593853 0.999981 -0.999695
340 344 286 0.999975 -0.00682341 0.00207632 0.0106381 0.0068278 0.999974 -0.00211477 0.0167635 -0.00206184 0.0021289 0.999996 -0.999803
345 346 444 0.999998 -0.00170654 0.00137488 0.00466901 0.00170671 0.999999 -0.000120408 0.0068813 -0.00137467 0.000122754 0.999999 -0.999965
345 347 412 0.999994 -0.000218326 0.00343814 0.00630555 0.000252557 0.99995 -0.00995904 0.0140499 -0.00343579 0.00995985 0.999944 -0.999881
345 348 366 0.999986 0.00189613 0.00502138 0.00363781 -0.0018002 0.999817 -0.0190402 0.0258868 -0.00505657 0.0190309 0.999806 -0.999658
345 349 290 0.999934 0.00979686 0.0060141 -0.00556304 -0.00967171 0.999743 -0.0204967 0.026586 -0.00621336 0.0204372 0.999772 -0.999631
350 351 572 0.999998 -0.00183575 -0.000605437 0.00528016 0.0018388 0.999985 0.00507959 0.00594729 0.000596103 -0.00508069 0.999987 -0.999968
350 352 459 0.999997 -0.00222334 -0.00136857 0.0053568 0.00223856 0.999935 0.0112207 0.00876068 0.00134353 -0.0112237 0.999936 -0.999947
350 353 331 0.999998 0.000742407 -0.00180897 0.00438602 -0.000716837 0.9999 0.014095 0.0132563 0.00181925 -0.0140937 0.999899 -0.999903
350 354 310 0.999977 0.00521659 -0.00442433 0.00881253 -0.00513222 0.999809 0.0188709 0.00526898 0.00452192 -0.0188477 0.999812 -0.999947
355 356 412 0.999986 -0.00150742 -0.00514251 0.00330116 0.00148272 0.999987 -0.00480451 0.0106447 0.00514969 0.00479682 0.999975 -0.999938
355 357 428 0.999925 -0.0047518 -0.0112876 0.0120526 0.00459083 0.999888 -0.0142443 0.0197552 0.0113541 0.0141915 0.999835 -0.999732
355 358 394 0.999781 -0.0119106 -0.0172022 0.0183291 0.0115898 0.999759 -0.0186329 0.0246037 0.01742 0.0184294 0.999678 -0.999529
355 359 379 0.999654 -0.0124404 -0.0231788 0.0178442 0.0120364 0.999775 -0.0174885 0.022655 0.0233911 0.0172034 0.999578 -0.999584
360 361 437 0.999972 -0.00117338 -0.00740836 0.000792004 0.00123844 0.999961 0.00878316 0.00643672 0.00739776 -0.00879209 0.999934 -0.999979
360 362 486 0.999886 -0.0033599 -0.0146906 0.00930057 0.00356473 0.999896 0.013939 -0.000277581 0.0146422 -0.0139897 0.999795 -0.999957
360 363 451 0.999755 -0.00303414 -0.0219191 0.00661396 0.00331346 0.999914 0.0127184 0.00100171 0.0218787 -0.0127879 0.999679 -0.999978
360 364 399 0.999613 0.000409886 -0.0278159 0.0120014 -0.000215379 0.999976 0.0069953 0.00867202 0.0278181 -0.0069866 0.999589 -0.99989
365 366 495 0.999966 0.0057262 -0.00600073 -0.00308377 -0.00573563 0.999982 -0.00155624 0.0242578 0.00599171 0.0015906 0.999981 -0.999701
