0 1 539 0.999994 0.000867725 0.00334921 -0.0101825 -0.00087936 0.999994 0.0034738 -0.0354082 -0.00334618 -0.00347672 0.999988 -0.999321
0 2 446 0.999973 0.00207014 0.00705991 -0.00127225 -0.00209417 0.999992 0.00339909 0.0112431 -0.00705281 -0.00341378 0.999969 -0.999936
0 3 371 0.999941 0.00337176 0.0103625 0.00705905 -0.00340606 0.999989 0.00329425 0.0169356 -0.0103513 -0.00332935 0.999941 -0.999832
0 4 350 0.999831 -0.00122143 0.0183596 -0.0471896 0.00111835 0.999984 0.00562331 0.00555184 -0.0183662 -0.00560182 0.999816 -0.998871
5 6 725 0.99998 -0.00176207 0.0060592 -0.00378962 0.00175256 0.999997 0.00157507 0.00387153 -0.00606196 -0.00156442 0.99998 -0.999985
5 7 476 0.99997 -0.00440508 0.0063901 0.0514905 0.00440078 0.99999 0.000687281 0.0181228 -0.00639306 -0.000659139 0.999979 -0.998509
5 8 433 0.99984 -0.00227868 0.0177402 -0.0368203 0.00227433 0.999997 0.000265166 -0.00556097 -0.0177408 -0.000224776 0.999843 -0.999306
5 9 325 0.999813 -0.00410697 0.0188953 -0.0100333 0.00414185 0.99999 -0.00180708 0.000948032 -0.0188877 0.001885 0.99982 -0.999949
10 11 645 0.999995 -0.000862406 0.0029945 0.026575 0.000860392 0.999999 0.000673985 0.00359642 -0.00299508 -0.000671405 0.999995 -0.99964
10 12 462 0.99998 -0.00402779 0.00487234 -0.0139141 0.00401914 0.99999 0.00178298 0.0151851 -0.00487947 -0.00176337 0.999987 -0.999788
10 13 398 0.999971 0.00228208 0.00729998 0.00734319 -0.00229474 0.999996 0.0017264 0.00579224 -0.00729601 -0.0017431 0.999972 -0.999956
10 14 290 0.999933 0.00665238 0.00951372 -0.00771643 -0.00666095 0.999977 0.000869742 -0.00264939 -0.00950772 -0.000933053 0.999954 -0.999967
15 16 447 0.999999 -0.00105552 0.000859251 0.0119898 0.00105367 0.999997 0.0021496 -0.012953 -0.000861517 -0.00214869 0.999997 -0.999844
15 17 476 0.999977 -0.00480432 0.00475235 -0.0108464 0.00477199 0.999966 0.00678978 -0.0187783 -0.00478481 -0.00676694 0.999966 -0.999765
15 18 372 0.999968 -0.0066743 0.00449937 0.00792278 0.00663855 0.999947 0.00791388 -0.00642426 -0.00455195 -0.00788375 0.999959 -0.999948
15 19 247 0.999928 -0.0085684 0.00835711 -0.0230983 0.0085184 0.999946 0.00600008 0.0084872 -0.00840806 -0.00592846 0.999947 -0.999697
20 21 535 0.999999 0.000739668 0.000825565 0.0535674 -0.000738256 0.999998 -0.00171026 -0.00132647 -0.000826829 0.00170965 0.999998 -0.998563
20 22 400 0.999994 0.00220938 0.00258625 0.001079 -0.00220604 0.999997 -0.00129523 -0.00490088 -0.0025891 0.00128951 0.999996 -0.999987
20 23 294 0.999995 0.00118943 0.00303718 0.0261668 -0.00118754 0.999999 -0.000625508 0.00207839 -0.00303792 0.000621898 0.999995 -0.999655
20 24 214 0.999986 0.00289694 0.00444925 0.0101186 -0.00289619 0.999996 -0.000174644 0.00302819 -0.00444974 0.000161756 0.99999 -0.999944
25 26 503 0.999996 0.00263096 -0.000954123 0.0351005 -0.00263457 0.999989 -0.00379397 -0.0126016 0.000944131 0.00379647 0.999992 -0.999304
25 27 388 0.999994 -0.00328467 -0.00121973 -0.000450727 0.00327771 0.999979 -0.00566702 0.00406689 0.00123831 0.00566299 0.999983 -0.999992
25 28 296 1 -0.000652049 -0.000244852 -0.0260774 0.00064956 0.999949 -0.010032 0.0234218 0.000251381 0.0100318 0.99995 -0.999386
25 29 220 0.99999 0.00441017 -0.000666469 -0.0300629 -0.00441699 0.999934 -0.0105949 0.0105968 0.0006197 0.0105977 0.999944 -0.999492
30 31 473 1 -0.000532869 -0.000787362 0.00529813 0.00053715 0.999985 0.00544643 -0.00598811 0.000784448 -0.00544685 0.999985 -0.999968
30 32 411 0.999997 -0.00126721 -0.00203458 -0.0144022 0.00128457 0.999963 0.00855354 0.00276064 0.00202366 -0.00855613 0.999961 -0.999892
30 33 335 0.999992 0.00381119 -0.000735996 -0.0249907 -0.00380692 0.999976 0.00572187 0.0146576 0.000757786 -0.00571902 0.999983 -0.99958
30 34 253 0.999981 0.00583736 -0.00201478 -0.00613016 -0.00583358 0.999981 0.00187647 0.00634138 0.0020257 -0.00186468 0.999996 -0.999961
35 36 544 0.999946 0.00977427 0.00346469 -0.0574432 -0.00977604 0.999952 0.000495542 0.0064431 -0.00345968 -0.000529386 0.999994 -0.998328
35 37 384 0.999967 0.00766357 0.00282242 -0.0114926 -0.00767533 0.999962 0.00417909 0.0243171 -0.00279029 -0.00420061 0.999987 -0.999638
35 38 342 0.999936 0.00698394 0.00886562 -0.0782935 -0.00705898 0.999939 0.00846228 0.0112843 -0.00880598 -0.00852432 0.999925 -0.996866
35 39 269 0.99999 0.00187248 0.00394987 0.00768407 -0.00191 0.999953 0.00951881 0.0184902 -0.00393186 -0.00952626 0.999947 -0.9998
40 41 519 0.999982 -0.00584356 -0.000948307 0.0367109 0.00584103 0.999979 -0.00264772 0.0205258 0.00096376 0.00264214 0.999996 -0.999115
40 42 432 0.999993 -0.00358009 0.000747775 0.0318598 0.00358184 0.999991 -0.0023586 -0.0053284 -0.000739324 0.00236126 0.999997 -0.999478
40 43 348 0.999981 -0.0053418 0.00309715 0.00815723 0.00536126 0.999966 -0.00630859 0.0121752 -0.00306335 0.00632507 0.999975 -0.999893
40 44 321 0.99998 -0.00611119 0.00154953 0.018773 0.00612778 0.999921 -0.0109345 0.0308945 -0.00148259 0.0109438 0.999939 -0.999346
45 46 503 0.999999 -0.00157687 0.000173252 0.00132458 0.00157677 0.999999 0.000612913 0.0131835 -0.000174219 -0.000612639 1 -0.999912
45 47 459 0.999991 0.00379596 0.00205724 0.000927661 -0.0038039 0.999985 0.00386933 -0.019179 -0.00204252 -0.00387712 0.99999 -0.999816
45 48 352 0.999999 0.00137834 3.82537e-05 0.00793922 -0.0013785 0.99999 0.00434733 0.00376011 -3.22612e-05 -0.00434738 0.999991 -0.999961
45 49 253 0.999999 -0.000856388 -0.000932485 0.020356 0.000858956 0.999996 0.00275727 0.0136904 0.00093012 -0.00275807 0.999996 -0.999699
50 51 472 0.999997 -0.00216985 -0.000785814 0.0678964 0.00216922 0.999997 -0.000796404 0.0376209 0.00078754 0.000794697 0.999999 -0.996983
50 52 486 0.999995 -0.00168093 0.00277164 -0.00428439 0.00167036 0.999991 0.00381361 0.000725929 -0.00277803 -0.00380896 0.999989 -0.999991
50 53 380 0.999988 -0.00155512 0.00458103 -0.0125158 0.00151848 0.999967 0.00799056 -0.0122876 -0.00459331 -0.00798351 0.999958 -0.999846
50 54 287 0.999953 -0.00964493 0.000492712 0.010909 0.00964027 0.999916 0.00872064 0.0150564 -0.000576781 -0.00871548 0.999962 -0.999827
55 56 521 0.999993 0.00370977 0.000107082 -0.0125253 -0.00370939 0.999987 -0.00337005 0.0210508 -0.000119582 0.00336963 0.999994 -0.9997
55 57 475 0.999997 0.0022871 0.000232964 -0.00431268 -0.00228633 0.999992 -0.00324849 0.0169682 -0.000240392 0.00324795 0.999995 -0.999847
55 58 372 0.999959 0.00903451 -0.000127605 0.0131738 -0.00903479 0.999956 -0.00238718 0.00682106 0.000106033 0.00238824 0.999997 -0.99989
55 59 306 0.99999 0.00453181 -0.000354742 -0.00430096 -0.00453241 0.999988 -0.00168982 0.0286273 0.00034708 0.00169141 0.999999 -0.999581
60 61 578 0.999994 0.0032001 0.000969993 -0.00863991 -0.00319642 0.999988 -0.00376676 0.00751981 -0.000982035 0.00376364 0.999992 -0.999934
60 62 526 0.999986 0.00510353 0.00154276 -0.000296229 -0.00509091 0.999954 -0.00807378 0.0094916 -0.0015839 0.00806581 0.999966 -0.999955
60 63 383 0.999991 0.0036095 0.00236006 -0.000849499 -0.00358204 0.999927 -0.0115394 0.0182819 -0.00240154 0.0115309 0.999931 -0.999833
60 64 352 0.999991 0.000606952 0.00418043 0.00386174 -0.000578441 0.999977 -0.00681809 0.0160945 -0.00418447 0.00681562 0.999968 -0.999863
65 66 528 0.999984 -0.0054256 0.00181878 -0.0386946 0.00541531 0.99997 0.00561399 0.0322659 -0.00184919 -0.00560405 0.999983 -0.99873
65 67 510 0.999984 -0.00563478 0.00111711 0.0401834 0.00562882 0.99997 0.00526718 -0.00963342 -0.00114676 -0.0052608 0.999986 -0.999146
65 68 416 0.999958 -0.00863145 0.00305519 0.0230103 0.00862377 0.99996 0.00251798 -0.003011 -0.0030768 -0.00249153 0.999992 -0.999731
65 69 342 0.99992 -0.0116535 0.00487079 0.000267512 0.0116469 0.999931 0.00137753 -0.000353882 -0.00488651 -0.00132069 0.999987 -1
70 71 622 0.99999 -0.0029543 0.00325841 -0.0466965 0.0029555 0.999996 -0.000364916 0.0174787 -0.00325732 0.000374543 0.999995 -0.998756
70 72 523 0.999994 -0.00174828 0.00298212 0.00976554 0.00175199 0.999998 -0.00124139 0.0222503 -0.00297994 0.00124661 0.999995 -0.999705
70 73 426 0.99999 -0.00301289 0.00335112 0.011087 0.00301851 0.999994 -0.00167432 0.00608612 -0.00334605 0.00168442 0.999993 -0.99992
70 74 399 0.999992 -0.00324044 0.00242076 0.0269389 0.00324497 0.999993 -0.00186837 0.008495 -0.00241468 0.00187621 0.999995 -0.999601
75 76 670 0.999997 -0.000760297 0.00219875 0.0210581 0.000768334 0.999993 -0.00365688 0.0123403 -0.00219596 0.00365856 0.999991 -0.999702
75 77 601 0.999983 -0.00425637 0.00388371 -0.00131498 0.00428065 0.999971 -0.00626669 0.0207892 -0.00385692 0.00628321 0.999973 -0.999783
75 78 525 0.999981 -0.00614707 -0.00101935 0.100094 0.00614738 0.999981 0.000299429 -0.00928125 0.00101749 -0.000305689 0.999999 -0.994935
75 79 494 0.999958 -0.00667192 0.00630484 0.00160769 0.00663503 0.999961 0.00585487 0.00407104 -0.00634366 -0.00581279 0.999963 -0.99999
80 81 794 0.999999 -0.00100493 -0.000504722 0.0720597 0.00100526 0.999999 0.000648615 0.0181497 0.000504069 -0.000649122 1 -0.997235
80 82 688 0.999994 -0.00358645 5.53552e-05 0.018587 0.00358664 0.999986 -0.00396913 0.0359246 -4.11193e-05 0.00396931 0.999992 -0.999182
80 83 614 0.999987 -0.00290855 -0.0041583 0.116041 0.00290092 0.999994 -0.00184198 -0.0132473 0.00416363 0.00182989 0.99999 -0.993156
80 84 556 0.999976 -0.000138605 0.00699659 -0.0268599 0.000148062 0.999999 -0.00135107 0.010981 -0.00699639 0.00135207 0.999975 -0.999579
85 86 805 0.999988 0.00458782 0.00149279 -0.0404882 -0.00459268 0.999984 0.00326704 0.063179 -0.00147777 -0.00327386 0.999994 -0.997181
85 87 714 0.999996 0.000612224 -0.00263666 -0.0738393 -0.000595618 0.99998 0.00629435 -0.00440293 0.00264046 -0.00629275 0.999977 -0.99726
85 88 635 0.999969 -0.0029652 -0.00735556 0.0192646 0.00299151 0.999989 0.0035691 -0.00994989 0.00734489 -0.00359099 0.999967 -0.999765
85 89 547 0.999919 -0.000110849 -0.0127601 -0.0218081 9.14207e-05 0.999999 -0.00152318 0.00857396 0.0127603 0.00152189 0.999917 -0.999725
90 91 668 0.99997 0.00464459 -0.00624712 -0.0179474 -0.00466733 0.999983 -0.00363023 0.0172907 0.00623015 0.00365928 0.999974 -0.999689
90 92 612 0.999841 0.000989018 -0.017777 -0.0275686 -0.00103363 0.999996 -0.00250061 0.0108353 0.0177745 0.00251859 0.999839 -0.999561
90 93 571 0.999513 -0.00417109 -0.0309151 -0.0739955 0.00406498 0.999986 -0.00349426 0.0277043 0.0309292 0.00336689 0.999516 -0.996874
90 94 498 0.998665 -0.0082089 -0.0509941 0.0118165 0.00796371 0.999956 -0.0050097 0.0218949 0.051033 0.00459691 0.998686 -0.99969
95 96 479 0.999579 0.00290532 -0.028882 0.00166158 -0.00293015 0.999995 -0.000817502 0.0328161 0.0288795 0.000901786 0.999582 -0.99946
95 97 548 0.998475 0.00522737 -0.0549619 -0.028161 -0.00537423 0.999982 -0.0025245 0.0126842 0.0549477 0.00281603 0.998485 -0.999523
95 98 515 0.996335 0.00407733 -0.0854358 -0.0443764 -0.00443239 0.999982 -0.00396649 0.00723573 0.0854181 0.00433063 0.996336 -0.998989
95 99 401 0.992149 0.00423003 -0.124987 -0.0138899 -0.00490026 0.999975 -0.00505549 0.0126152 0.124963 0.00562827 0.992145 -0.999824
100 101 467 0.998868 -0.000180906 -0.0475665 0.0195437 0.000158377 1 -0.000477406 0.0059409 0.0475665 0.000469332 0.998868 -0.999791
100 102 527 0.99564 -0.00178977 -0.0932589 -0.0879397 0.00195722 0.999997 0.00170411 0.00741097 0.0932556 -0.00187921 0.99564 -0.996098
100 103 384 0.987989 -0.00315858 -0.154489 0.0198736 0.00370868 0.999988 0.0032727 0.00818316 0.154477 -0.00380635 0.987989 -0.999769
100 104 400 0.979275 -0.00188642 -0.202525 -0.0291083 0.00222486 0.999996 0.00144344 0.0468658 0.202522 -0.00186412 0.979276 -0.998477
105 106 513 0.997964 -0.000127548 -0.0637767 -0.123707 0.000290429 0.999997 0.00254466 -0.0465491 0.0637762 -0.002558 0.997961 -0.991226
105 107 493 0.991497 0.00305896 -0.130096 -0.0705344 -0.00275282 0.999993 0.00253292 0.0117532 0.130102 -0.00215325 0.991498 -0.99744
105 108 405 0.98098 0.00645744 -0.194001 -0.042479 -0.00564987 0.999973 0.00471572 0.00779384 0.194027 -0.00352995 0.98099 -0.999067
105 109 359 0.967745 0.00656717 -0.251848 -0.0575841 -0.00620677 0.999978 0.00222538 0.0155728 0.251857 -0.00059044 0.967764 -0.998219
110 111 628 0.997969 -0.00105754 -0.0636991 -0.0896845 0.000881378 0.999996 -0.00279351 0.0675494 0.0637018 0.00273169 0.997965 -0.993677
110 112 566 0.992299 0.00091503 -0.123865 -0.101878 -0.00117936 0.999997 -0.0020607 0.0387614 0.123863 0.00219091 0.992297 -0.994041
110 113 507 0.982273 0.00409594 -0.187413 -0.0199651 -0.00461873 0.999987 -0.00235294 0.0525395 0.187401 0.00317683 0.982278 -0.998419
110 114 405 0.970414 0.00575396 -0.24138 0.00110512 -0.00549512 0.999983 0.00174551 0.0203979 0.241386 -0.000367455 0.970429 -0.999791
115 116 539 0.998717 -0.00217916 -0.0505929 -0.094147 0.00223532 0.999997 0.0010534 0.0203989 0.0505905 -0.00116514 0.998719 -0.995349
115 117 488 0.995192 0.00518888 -0.0978054 -0.0841475 -0.00501612 0.999985 0.00201217 0.0204287 0.0978144 -0.00151189 0.995204 -0.996244
115 118 458 0.989757 0.0221177 -0.141039 -0.0741725 -0.0217659 0.999755 0.0040366 -0.0106983 0.141094 -0.000925404 0.989996 -0.997188
115 119 392 0.98364 0.0250174 -0.178399 -0.0339694 -0.0252096 0.999681 0.00118994 0.0140441 0.178372 0.0033269 0.983957 -0.999324
120 121 562 0.999438 -0.0113547 -0.0315478 -0.0141385 0.0115004 0.999924 0.00444062 0.0233043 0.031495 -0.00480094 0.999492 -0.999628
120 122 459 0.997899 -0.0146042 -0.0631268 0.0210825 0.0151084 0.999858 0.00751754 0.0199381 0.063008 -0.00845549 0.997977 -0.999579
120 123 386 0.996037 -0.0109839 -0.0882645 0.022728 0.011953 0.999874 0.0104591 0.00561026 0.0881384 -0.0114727 0.996042 -0.999726
120 124 328 0.993861 -0.0040548 -0.110562 -0.0139014 0.00557969 0.999893 0.0134863 0.00548975 0.110496 -0.0140204 0.993778 -0.999888
125 126 497 0.999763 0.000701681 -0.0217469 0.0209146 -0.000539758 0.999972 0.00745079 -0.0504755 0.0217516 -0.00743729 0.999736 -0.998506
125 127 352 0.999277 -0.00148163 -0.0379997 -0.0319427 0.00176952 0.99997 0.00754367 -0.0221558 0.0379874 -0.00760546 0.999249 -0.999244
125 128 318 0.998606 -0.00271423 -0.0527208 -0.00896652 0.0028665 0.999992 0.00281294 -0.00720321 0.0527127 -0.00296014 0.998605 -0.999934
125 129 241 0.997796 -0.000161023 -0.0663497 -0.0190662 0.000170665 1 0.000139654 -0.00401485 0.0663497 -0.00015067 0.997796 -0.99981
130 131 513 0.999922 0.0061056 -0.0109366 -0.0367496 -0.00609362 0.999981 0.00112912 -0.0340076 0.0109433 -0.00106239 0.99994 -0.998746
130 132 423 0.999734 0.00720784 -0.0219025 -0.0132846 -0.00719314 0.999974 0.000749907 0.00213433 0.0219073 -0.00059216 0.99976 -0.999909
130 133 399 0.999549 0.00819904 -0.0289053 -0.026589 -0.00816492 0.999966 0.001298 0.00885502 0.028915 -0.0010614 0.999581 -0.999607
130 134 331 0.999339 0.00863674 -0.0353256 -0.0133711 -0.00860533 0.999962 0.00104109 0.00734736 0.0353332 -0.000736412 0.999375 -0.999884
135 136 388 0.999981 -0.000769169 -0.00616627 -0.0350969 0.000776268 0.999999 0.00114895 -0.00343825 0.00616538 -0.00115372 0.99998 -0.999378
135 137 432 0.999949 0.0029142 -0.00964338 -0.0212382 -0.00290598 0.999995 0.000867111 0.00730909 0.00964586 -0.000839043 0.999953 -0.999748
135 138 339 0.999898 0.00604494 -0.0129592 -0.0116212 -0.00604747 0.999982 -0.000155781 0.00285303 0.012958 0.000234136 0.999916 -0.999928
135 139 331 0.999839 0.00278883 -0.017703 0.0149106 -0.00276329 0.999995 0.00146703 -0.00530676 0.017707 -0.00141788 0.999842 -0.999875
140 141 403 0.999994 0.00330403 -0.000399727 -0.000307611 -0.00330406 0.999995 -7.85073e-05 0.00407276 0.000399465 7.98276e-05 1 -0.999992
140 142 443 0.999983 0.00572256 -0.000830024 0.00104041 -0.00572286 0.999984 -0.000366169 0.0100851 0.000827915 0.000370913 1 -0.999949
140 143 385 0.999925 0.0120072 0.00242631 0.020892 -0.0120058 0.999928 -0.000582942 0.00028381 -0.00243313 0.000553768 0.999997 -0.999782
140 144 344 0.999895 0.0128378 0.00676473 -0.0112039 -0.0128384 0.999918 4.06128e-05 0.00235857 -0.00676365 -0.000127457 0.999977 -0.999934
145 146 389 0.999969 0.00519282 0.00598568 -0.0457125 -0.00517364 0.999981 -0.00321466 0.0207364 -0.00600226 0.00318359 0.999977 -0.998739
145 147 370 0.999964 0.00101991 0.00838358 -0.0274144 -0.000980949 0.999989 -0.00465065 0.0248706 -0.00838823 0.00464226 0.999954 -0.999315
145 148 362 0.999915 -0.00113234 0.0129811 0.00190788 0.00119448 0.999988 -0.00477986 -0.00418058 -0.0129756 0.00479496 0.999904 -0.999989
145 149 336 0.999919 -0.00380632 0.0121592 0.037112 0.0038801 0.999974 -0.00604934 0.00533454 -0.0121358 0.00609603 0.999908 -0.999297
150 151 389 0.999985 -0.0053654 0.00120198 0.0704329 0.00536141 0.99998 0.00330244 0.0645844 -0.00121967 -0.00329595 0.999994 -0.995424
150 152 323 0.999938 -0.00895867 0.00656261 -0.0560846 0.00890965 0.999932 0.0074622 0.028675 -0.00662902 -0.00740327 0.999951 -0.998014
150 153 319 0.999922 -0.0110299 0.00586547 0.000341152 0.0109697 0.999888 0.0101894 0.0158291 -0.0059772 -0.0101243 0.999931 -0.999875
150 154 287 0.999855 -0.0167061 0.00321067 0.0218616 0.0166697 0.9998 0.0110255 0.00717686 -0.00339422 -0.0109704 0.999934 -0.999735
155 156 529 1 0.00075198 4.76756e-05 -0.0245616 -0.000751905 0.999998 -0.00156122 0.0238138 -4.88495e-05 0.00156119 0.999999 -0.999415
155 157 512 0.999978 0.00635683 0.00165743 -0.0112238 -0.00635823 0.999979 0.000842666 -0.0368542 -0.00165204 -0.000853186 0.999998 -0.999258
155 158 416 0.999996 -0.00295771 -0.000446354 0.0248582 0.00295715 0.999995 -0.00125229 0.00843128 0.000450056 0.00125097 0.999999 -0.999655
155 159 350 0.999955 -0.00945216 -0.00106992 0.0206478 0.00945121 0.999955 -0.000889887 0.0142231 0.00107829 0.000879734 0.999999 -0.999686
160 161 608 0.999989 -0.00398259 -0.00247074 -0.00404828 0.00397821 0.999991 -0.00177442 0.0375735 0.00247778 0.00176457 0.999995 -0.999286
160 162 524 0.999967 -0.00480196 -0.00654958 0.00590581 0.00479436 0.999988 -0.00117509 0.000932401 0.00655514 0.00114365 0.999978 -0.999982
160 163 391 0.999878 -0.00921228 -0.0126044 0.0225664 0.00915794 0.999949 -0.00436262 0.0133281 0.0126439 0.00424666 0.999911 -0.999657
160 164 282 0.999862 -0.0022321 -0.0164579 0.0143679 0.00215079 0.999985 -0.00495673 -0.001687 0.0164687 0.00492065 0.999852 -0.999895
165 166 514 0.999971 0.000155143 -0.00761521 -0.0183292 -0.000149748 1 0.00070892 -0.000383458 0.00761532 -0.000707759 0.999971 -0.999832
165 167 389 0.999852 0.00362729 -0.0167946 -0.0131458 -0.00361524 0.999993 0.000747293 0.00979549 0.0167972 -0.000686466 0.999859 -0.999866
165 168 345 0.999594 0.00320248 -0.0283013 0.00893773 -0.00317686 0.999995 0.000950443 0.0115296 0.0283042 -0.000860148 0.999599 -0.999894
165 169 261 0.99926 -0.00306111 -0.038339 -9.66382e-05 0.00299455 0.999994 -0.00179333 0.0182372 0.0383442 0.0016772 0.999263 -0.999834
170 171 494 0.999952 -0.00101947 -0.00971168 -0.0233824 0.00101044 0.999999 -0.000934482 0.0458401 0.00971262 0.000924625 0.999952 -0.998675
170 172 320 0.999787 0.00275331 -0.0204449 0.00340085 -0.00272426 0.999995 0.00144887 0.00699385 0.0204488 -0.00139286 0.99979 -0.99997
170 173 308 0.99953 0.00210296 -0.0305863 -0.0161262 -0.0020117 0.999993 0.00301423 0.000113131 0.0305924 -0.00295128 0.999528 -0.99987
170 174 261 0.998902 -0.00612501 -0.0464475 0.0520553 0.00611764 0.999981 -0.000300913 0.0501005 0.0464485 1.64337e-05 0.998921 -0.997387
175 176 357 0.999962 0.00171934 -0.00860327 -0.0293134 -0.00171548 0.999998 0.000456106 0.00632737 0.00860404 -0.000441329 0.999963 -0.99955
175 177 345 0.999785 0.000349394 -0.0207436 0.0314463 -0.000354888 1 -0.000261186 0.0208942 0.0207435 0.000268492 0.999785 -0.999287
175 178 269 0.999694 -0.000574185 -0.0247284 -0.0532051 0.000536255 0.999999 -0.00154046 0.0416176 0.0247292 0.00152673 0.999693 -0.997716
175 179 250 0.999384 0.0091675 -0.0338775 -0.00203471 -0.00918422 0.999958 -0.000338058 0.0102917 0.033873 0.000648989 0.999426 -0.999945
180 181 444 0.999995 -0.000261015 -0.00305159 -0.016099 0.000257634 0.999999 -0.0011085 0.0361243 0.00305187 0.00110771 0.999995 -0.999218
180 182 418 0.999944 0.00910467 -0.00544721 -0.0179408 -0.00910871 0.999958 -0.000718086 -0.028821 0.00544045 0.000767662 0.999985 -0.999424
180 183 333 0.999924 0.00500304 -0.0112476 0.0518819 -0.00503872 0.999982 -0.00314621 0.0196418 0.0112317 0.00320264 0.999932 -0.99846
180 184 282 0.99993 0.00925265 -0.0074358 -0.0181647 -0.00926699 0.999955 -0.00189587 -0.00440468 0.00741792 0.00196464 0.999971 -0.999825
185 186 392 0.999999 0.00139461 0.000232153 0.0667201 -0.00139484 0.999999 0.000994755 0.0223899 -0.000230766 -0.000995078 0.999999 -0.99752
185 187 366 0.999965 -0.00180292 0.00820113 0.00834708 0.00178654 0.999996 0.00200394 0.00821649 -0.00820471 -0.00198922 0.999964 -0.999931
185 188 343 0.999834 0.00223158 0.0181061 -0.0171444 -0.00229203 0.999992 0.0033181 0.00417308 -0.0180985 -0.00335905 0.999831 -0.999844
185 189 317 0.999612 -0.00164666 0.0278076 -0.00562879 0.00155142 0.999993 0.00344616 0.0134604 -0.027813 -0.00340168 0.999607 -0.999894
190 191 447 0.999855 -0.000322588 0.0170401 0.0437505 0.000307073 1 0.000913117 0.0277987 -0.0170404 -0.000907752 0.999854 -0.998656
190 192 539 0.999376 -0.00256069 0.0352383 0.0466032 0.00236871 0.999982 0.0054888 0.00467287 -0.0352518 -0.0054019 0.999364 -0.998903
190 193 433 0.997925 0.00181155 0.0643686 -0.020234 -0.00245463 0.999948 0.00991282 -0.030015 -0.0643473 -0.0100502 0.997877 -0.999345
190 194 358 0.996001 -0.00379461 0.0892571 0.0132731 0.00288018 0.999942 0.0103715 3.4969e-05 -0.0892913 -0.010073 0.995955 -0.999912
195 196 475 0.999355 0.000235112 0.0359122 0.103239 -0.000213705 1 -0.000599931 -0.0492133 -0.0359124 0.000591869 0.999355 -0.993438
195 197 419 0.996725 -0.000253073 0.080861 0.0190159 0.000771935 0.999979 -0.00638553 0.0213273 -0.0808577 0.00642703 0.996705 -0.999592
195 198 351 0.99257 -0.000934674 0.121672 0.0437812 0.00198322 0.999962 -0.008497 -0.00622051 -0.121659 0.00867517 0.992534 -0.999022
195 199 260 0.985763 -0.00455954 0.16808 0.0124808 0.00693246 0.999884 -0.0135337 0.0114836 -0.167999 0.0145062 0.98568 -0.999856
200 201 473 0.998363 8.09608e-06 0.0571938 0.0379789 -2.5887e-05 1 0.000310324 -0.00423422 -0.0571938 -0.000311297 0.998363 -0.99927
200 202 323 0.992561 0.00641119 0.121579 0.00955242 -0.00701518 0.999965 0.00454048 -0.0254074 -0.121546 -0.00535961 0.992571 -0.999632
200 203 192 0.983856 0.006563 0.178842 0.0509962 -0.00772362 0.999953 0.00579418 0.0143887 -0.178795 -0.00708194 0.983861 -0.998595
200 204 113 0.96876 0.00836919 0.247857 -0.0155771 -0.010527 0.999917 0.00738166 0.0323843 -0.247775 -0.00976024 0.968768 -0.999354
205 206 440 0.997577 -0.00135496 0.0695561 0.0901604 0.001244 0.999998 0.00163855 0.021044 -0.0695582 -0.00154805 0.997577 -0.995705
205 207 304 0.990605 -0.00652827 0.136595 0.0738739 0.00529078 0.999942 0.00942061 -0.0556127 -0.136649 -0.00860941 0.990582 -0.995716
205 208 165 0.97964 -2.97136e-05 0.20076 0.0734017 -0.000428513 0.999997 0.002239 0.0107615 -0.20076 -0.00227945 0.979638 -0.997244
205 209 173 0.963086 0.00137289 0.26919 0.00199653 -0.000715448 0.999997 -0.00254038 0.0131096 -0.269193 0.00225401 0.963084 -0.999912
210 211 391 0.997909 -0.000824404 0.0646256 0.131482 0.00122755 0.99998 -0.00619866 0.0276307 -0.0646192 0.00626503 0.99789 -0.990933
210 212 363 0.991819 -0.00142443 0.127646 0.0258094 0.00276454 0.999943 -0.0103221 -0.0101197 -0.127624 0.0105905 0.991766 -0.999616
210 213 258 0.983081 0.00211272 0.183157 0.0259428 0.00150392 0.999807 -0.019605 0.0468322 -0.183163 0.0195487 0.982888 -0.998566
210 214 251 0.972572 -0.0014566 0.232597 0.00530508 0.00586213 0.999816 -0.0182505 -0.00975888 -0.232527 0.0191135 0.972402 -0.999938
215 216 440 0.999388 -0.00438587 0.0346904 0.14426 0.00435333 0.99999 0.00101343 0.0431212 -0.0346945 -0.000861792 0.999398 -0.9886
215 217 428 0.997598 -0.00423223 0.0691442 0.0463184 0.00403684 0.999987 0.0029653 0.000477516 -0.0691558 -0.00267905 0.997602 -0.998927
215 218 378 0.99568 0.00288893 0.0928091 -0.00227569 -0.00316716 0.999991 0.00285066 -0.00734341 -0.0928 -0.00313228 0.99568 -0.99997
215 219 376 0.994274 0.00658439 0.106662 0.0441253 -0.00693858 0.999972 0.00294988 -0.00798981 -0.106639 -0.00367307 0.994291 -0.998994
220 221 437 0.999949 -0.00703705 0.00729959 0.126292 0.00703366 0.999975 0.000489836 0.00924717 -0.00730285 -0.000438468 0.999973 -0.99195
220 222 489 0.999773 -0.0127175 0.0171068 -0.0263032 0.0126847 0.999918 0.00202219 -0.013177 -0.0171311 -0.00180473 0.999852 -0.999567
220 223 469 0.999596 -0.0211205 0.0190319 0.031608 0.0210216 0.999765 0.00537838 0.0047761 -0.0191411 -0.00497613 0.999804 -0.999489
220 224 467 0.999603 -0.0192154 0.0206025 -0.00411011 0.019063 0.99979 0.00756739 -0.00334533 -0.0207436 -0.00717165 0.999759 -0.999986
225 226 390 0.999989 0.00264318 -0.00397213 -0.0508022 -0.00262022 0.99998 0.00577473 0.000421707 0.00398732 -0.00576426 0.999975 -0.998709
225 227 504 0.999949 0.00432476 -0.00916039 0.0153541 -0.00422805 0.999935 0.0105509 -0.0055274 0.00920542 -0.0105116 0.999902 -0.999867
225 228 418 0.999926 4.86323e-05 -0.0121607 0.00838172 7.18477e-05 0.999951 0.00990665 0.00584761 0.0121606 -0.00990679 0.999877 -0.999948
225 229 415 0.999776 -0.00874474 -0.0192943 0.00091449 0.00885115 0.999946 0.0054367 0.0130242 0.0192457 -0.00560625 0.999799 -0.999915
230 231 434 0.999988 0.00243546 -0.00416916 -0.027674 -0.0024545 0.999987 -0.00456812 -0.0140803 0.00415797 0.0045783 0.999981 -0.999518
230 232 442 0.999965 0.00377941 -0.00742289 -0.00900618 -0.00385866 0.999935 -0.0106918 0.0199243 0.00738201 0.01072 0.999915 -0.999761
230 233 497 0.999907 0.00917669 -0.0101198 0.00754444 -0.00928472 0.9999 -0.0106809 0.00774415 0.0100208 0.0107738 0.999892 -0.999942
230 234 421 0.999855 0.0128883 -0.0110967 0.0108665 -0.0129841 0.999879 -0.00860432 0.00821511 0.0109845 0.00874716 0.999901 -0.999907
235 236 385 1 0.000727436 0.00026862 0.0105491 -0.000729425 0.999972 0.00747928 -0.0265755 -0.000263172 -0.00747948 0.999972 -0.999591
235 237 380 0.99999 -0.00268264 0.00349846 0.0241191 0.00264813 0.999948 0.0098342 0.00488961 -0.00352466 -0.00982484 0.999946 -0.999697
235 238 428 0.999978 0.000879496 0.00650359 -0.00549531 -0.000921282 0.999979 0.00642488 -0.000495873 -0.00649781 -0.00643073 0.999958 -0.999985
235 239 382 0.999972 0.00110749 0.00734389 0.015953 -0.00109599 0.999998 -0.00157044 0.0110016 -0.00734562 0.00156235 0.999972 -0.999812
240 241 360 0.999995 -0.00269938 0.00192046 0.00594239 0.00269823 0.999996 0.000601162 0.0151277 -0.00192208 -0.000595977 0.999998 -0.999868
240 242 420 0.999941 -0.00985462 0.00446842 0.0230937 0.00983065 0.999937 0.00535481 0.0137667 -0.0045209 -0.00531057 0.999976 -0.999639
240 243 377 0.999936 -0.00981445 0.00563067 0.035561 0.00975971 0.999906 0.00966868 0.00703176 -0.00572503 -0.00961311 0.999937 -0.999343
240 244 371 0.999897 -0.00717612 0.0124269 -0.00823986 0.0070064 0.999882 0.0136472 -0.00180321 -0.0125233 -0.0135587 0.99983 -0.999964
245 246 473 0.999984 0.00509334 0.0023691 0.0425746 -0.00508857 0.999985 -0.00201335 0.0107353 -0.00237932 0.00200126 0.999995 -0.999036
245 247 467 0.999982 0.0028795 0.00534614 0.0150102 -0.00285308 0.999984 -0.00494296 0.00961748 -0.00536029 0.00492762 0.999973 -0.999841
245 248 402 0.999964 0.0061192 0.0058096 -0.00640176 -0.00607559 0.999953 -0.0074951 0.0159728 -0.00585519 0.00745953 0.999955 -0.999852
245 249 330 0.999923 0.00977918 0.00767338 -0.0200917 -0.00972646 0.999929 -0.00687858 0.0053424 -0.0077401 0.00680341 0.999947 -0.999784
250 251 404 0.999987 -0.00505904 -0.000720993 -0.036613 0.0050608 0.999984 0.00246076 0.00606175 0.000708532 -0.00246438 0.999997 -0.999311
250 252 413 0.999953 -0.00963809 -0.00133579 0.0148226 0.00964436 0.999942 0.00477206 0.00660166 0.00128972 -0.00478472 0.999988 -0.999868
250 253 420 0.999783 -0.0207966 -0.00127889 -0.00466851 0.0208043 0.999763 0.00639731 0.0154019 0.00114554 -0.00642253 0.999979 -0.99987
250 254 341 0.99969 -0.0243793 -0.00508759 0.022207 0.0244135 0.999679 0.00677139 0.00196681 0.00492087 -0.0068935 0.999964 -0.999751
255 256 406 0.999997 -0.000173675 -0.00262547 0.0089432 0.000177204 0.999999 0.00134411 -0.0099638 0.00262524 -0.00134457 0.999996 -0.99991
255 257 469 0.999993 0.0026989 -0.00274997 -0.0132774 -0.00268543 0.999984 0.00488938 -0.0144252 0.00276313 -0.00488196 0.999984 -0.999808
255 258 416 0.999928 0.00891632 -0.00799272 0.0107426 -0.00889403 0.999956 0.00282108 0.00548568 0.00801753 -0.00274979 0.999964 -0.999927
255 259 344 0.999883 0.0143897 -0.00515931 -0.0086805 -0.014364 0.999884 0.00497744 0.000704855 0.00523034 -0.00490275 0.999974 -0.999962
260 261 420 0.999999 -0.000294266 -0.00127908 -0.0137609 0.000291622 0.999998 -0.00206671 -0.00298943 0.00127969 0.00206633 0.999997 -0.999901
260 262 401 0.999985 -0.00517894 -0.00189483 -0.0118504 0.00516355 0.999954 -0.00804235 0.00347278 0.00193639 0.00803245 0.999966 -0.999924
260 263 344 0.999946 -0.00979502 -0.00347221 0.0121053 0.00975048 0.999873 -0.012623 0.0152881 0.00359541 0.0125884 0.999914 -0.99981
260 264 291 0.999933 -0.010774 -0.00419036 0.00203697 0.0107439 0.999917 -0.00712169 0.0208951 0.00426674 0.0070762 0.999966 -0.99978
265 266 487 0.999985 0.00544466 -0.000671247 0.0280412 -0.00543814 0.999941 0.0093573 -0.00721418 0.000722155 -0.00935351 0.999956 -0.999581
265 267 408 0.999987 0.00500904 0.00106972 0.00323898 -0.00500846 0.999987 -0.000544911 0.00647305 -0.00107244 0.000539546 0.999999 -0.999974
265 268 303 0.999975 0.00641698 0.00300812 -0.0108752 -0.0063511 0.99975 -0.0214228 0.0314293 -0.00314484 0.0214031 0.999766 -0.999447
265 269 226 0.99996 0.00776064 0.00435317 0.00598635 -0.00760259 0.999351 -0.0352189 0.0398753 -0.00462367 0.0351844 0.99937 -0.999187
270 271 377 0.999989 -0.00385571 0.0027632 0.00508039 0.00380952 0.999856 0.0165296 -0.00276599 -0.00282654 -0.0165189 0.99986 -0.999983
270 272 384 0.999986 -0.0036953 0.00386892 -0.0276288 0.00360054 0.9997 0.0242198 -0.00295536 -0.00395726 -0.0242055 0.999699 -0.999614
270 273 297 0.999986 0.00212139 0.00486922 -0.00136985 -0.00224208 0.999687 0.024915 0.000755382 -0.00481485 -0.0249256 0.999678 -0.999999
270 274 273 0.999962 0.00337391 0.00797885 -0.00258211 -0.00355735 0.999727 0.0230885 0.0058034 -0.00789877 -0.023116 0.999702 -0.99998
275 276 405 0.999987 0.000369582 0.0050331 -0.00311584 -0.000373964 1 0.00086975 0.0026792 -0.00503277 -0.000871621 0.999987 -0.999992
275 277 373 0.999953 -0.00611429 0.00751894 0.00580435 0.00609946 0.999979 0.00199422 0.0130591 -0.00753097 -0.00194827 0.99997 -0.999898
275 278 280 0.999896 -0.0104915 0.00993915 0.00987413 0.0104597 0.99994 0.00324913 0.00330659 -0.00997264 -0.00314483 0.999945 -0.999946
275 279 260 0.999819 -0.0147866 0.0119698 0.00836782 0.0147534 0.999887 0.00285519 0.00484353 -0.0120107 -0.00267808 0.999924 -0.999953
280 281 519 0.999991 0.00248475 0.00345054 -0.0524795 -0.00248899 0.999996 0.00122263 0.00176941 -0.00344749 -0.0012312 0.999993 -0.99862
280 282 415 0.999986 0.00474643 0.00222936 0.0531763 -0.00475377 0.999983 0.00329988 0.0248461 -0.00221366 -0.00331044 0.999992 -0.998276
280 283 360 0.999913 0.0103901 0.0081299 -0.00195474 -0.010449 0.999919 0.00722774 0.00847352 -0.00805415 -0.00731206 0.999941 -0.999962
280 284 307 0.999849 0.0102552 0.0140068 0.00522152 -0.0103772 0.999909 0.00866854 0.00513803 -0.0139166 -0.00881259 0.999864 -0.999973
285 286 481 0.999983 0.00160096 0.0056485 0.0440771 -0.00154721 0.999954 -0.0095064 0.0455841 -0.00566346 0.0094975 0.999939 -0.997988
285 287 424 0.99995 0.003017 0.00958083 -0.0027332 -0.0028487 0.999842 -0.0175321 0.0217978 -0.00963221 0.0175039 0.9998 -0.999759
285 288 377 0.999885 -0.00265168 0.0149057 0.0144192 0.00296672 0.999772 -0.0211535 0.0344174 -0.0148462 0.0211953 0.999665 -0.999304
285 289 284 0.999818 -0.00700581 0.0177347 0.0183064 0.00725099 0.999878 -0.0137989 0.00841166 -0.0176359 0.013925 0.999748 -0.999797
290 291 463 0.999968 0.00501099 0.00627771 0.0028912 -0.00504985 0.999968 0.00619004 -0.0196837 -0.00624649 -0.00622154 0.999961 -0.999802
290 292 433 0.999882 0.00501838 0.0145339 -0.0229357 -0.00508339 0.999977 0.00443959 0.00439578 -0.0145113 -0.00451295 0.999885 -0.999727
290 293 378 0.999811 -0.00445567 0.0189125 0.0241253 0.0044063 0.999987 0.00265099 0.011856 -0.018924 -0.00256715 0.999818 -0.999639
290 294 277 0.999536 -0.00721149 0.0295812 -0.0162466 0.00708401 0.999965 0.00441212 0.00451875 -0.029612 -0.00420052 0.999553 -0.999858
295 296 477 0.999944 0.00357345 0.0100113 -0.0453977 -0.00361195 0.999986 0.00382981 -0.0168514 -0.00999749 -0.00386575 0.999943 -0.998827
295 297 393 0.999876 -0.000693597 0.0157185 0.00013022 0.000687718 1 0.000379405 0.012465 -0.0157187 -0.000368548 0.999876 -0.999922
295 298 317 0.99977 -0.0040635 0.0210749 0.043115 0.00420794 0.999968 -0.00681384 0.0289656 -0.0210465 0.00690095 0.999755 -0.99865
295 299 248 0.999447 -0.00781778 0.0323239 0.00193388 0.0081834 0.999904 -0.0111945 0.014237 -0.0322332 0.0114529 0.999415 -0.999897
300 301 377 0.999994 -0.00113742 0.00315786 0.0752244 0.00114533 0.999996 -0.00250406 0.0142516 -0.003155 0.00250766 0.999992 -0.997065
300 302 373 0.999932 0.00120681 0.0116186 -0.0178242 -0.00120765 0.999999 6.57465e-05 0.0060441 -0.0116185 -7.97733e-05 0.999932 -0.999823
300 303 320 0.999854 -0.00197023 0.0169693 -0.0302979 0.00183192 0.999965 0.00816229 -0.00975596 -0.0169848 -0.00813001 0.999823 -0.999493
300 304 268 0.999819 -0.00524334 0.0182692 0.0263199 0.00502773 0.999917 0.0118279 -0.00150303 -0.0183297 -0.0117339 0.999763 -0.999652
305 306 402 0.999994 -0.0007331 0.00338273 0.0140413 0.000753021 0.999982 -0.00589142 0.00263131 -0.00337835 0.00589393 0.999977 -0.999898
305 307 349 0.999956 -0.00767958 0.00536406 0.00218637 0.00776375 0.999844 -0.0158517 0.0241135 -0.00524149 0.0158926 0.99986 -0.999707
305 308 266 0.999958 0.000181532 0.00915768 0.0143631 3.09438e-05 0.999731 -0.0231964 0.00702952 -0.00915942 0.0231957 0.999689 -0.999872
305 309 230 0.999914 -0.00181546 0.0129706 0.0136071 0.00207217 0.999802 -0.0198058 0.0191306 -0.0129321 0.019831 0.99972 -0.999724
310 311 371 0.99999 0.000576956 0.00453042 0.0599504 -0.000597986 0.999989 0.00464217 -0.00286873 -0.0045277 -0.00464483 0.999979 -0.998197
310 312 332 0.999928 -0.000452084 0.0119506 0.0244795 0.000413006 0.999995 0.00327222 0.00304288 -0.011952 -0.00326705 0.999923 -0.999696
310 313 277 0.999745 0.00175043 0.0225044 -0.0213756 -0.00169036 0.999995 -0.00268802 0.0185041 -0.022509 0.0026493 0.999743 -0.9996
310 314 227 0.999541 0.00828178 0.0291526 0.00334396 -0.0081464 0.999955 -0.00475933 0.00766078 -0.0291907 0.00451965 0.999564 -0.999965
315 316 433 0.999956 0.00489474 0.00798011 -0.0173443 -0.00488844 0.999988 -0.000808423 0.0248404 -0.00798397 0.000769378 0.999968 -0.999541
315 317 440 0.999861 0.00937841 0.0138108 -0.0335633 -0.00946881 0.999934 0.00649541 0.0135952 -0.013749 -0.00662527 0.999884 -0.999344
315 318 354 0.999622 0.0193132 0.0195868 0.000234799 -0.0196438 0.999665 0.0168262 -0.00318361 -0.0192553 -0.0172046 0.999667 -0.999995
315 319 304 0.999323 0.0264129 0.025592 -0.0159684 -0.0269452 0.999423 0.0206824 0.00122959 -0.0250309 -0.021358 0.999458 -0.999872
320 321 484 0.999934 -0.0110033 0.00340534 0.0420106 0.0110524 0.99983 -0.0147741 0.038994 -0.00324219 0.0148107 0.999885 -0.998356
320 322 375 0.999765 -0.019933 0.00857008 0.0202872 0.0201055 0.999587 -0.0205387 0.0334197 -0.00815715 0.0207061 0.999752 -0.999235
320 323 276 0.999801 -0.0159504 0.0120026 0.00104388 0.0161625 0.999711 -0.0177853 0.0228545 -0.0117155 0.0179757 0.99977 -0.999738
320 324 280 0.99973 -0.0111193 0.0203813 -0.0361981 0.0112199 0.999925 -0.0048254 -0.0138435 -0.0203262 0.00505277 0.999781 -0.999249
325 326 417 0.999994 -0.00324138 0.00132452 -0.0031985 0.00323711 0.99999 0.00321358 0.0342797 -0.00133493 -0.00320927 0.999994 -0.999407
325 327 364 0.999964 0.00718982 0.00442932 -0.00902478 -0.00718361 0.999973 -0.0014159 0.0123691 -0.00443938 0.00138403 0.999989 -0.999883
325 328 294 0.999953 0.0079584 0.00547938 0.00313829 -0.00791189 0.999933 -0.00845679 0.00898086 -0.00554632 0.00841305 0.999949 -0.999955
325 329 226 0.999951 0.0082808 0.00542051 -0.018568 -0.00819656 0.999848 -0.0153825 0.0171588 -0.00554706 0.0153373 0.999867 -0.99968
330 331 516 0.999994 0.00232763 0.0027397 0.022857 -0.00235512 0.999946 0.0100728 0.00652354 -0.00271611 -0.0100792 0.999946 -0.999717
330 332 439 0.999875 0.0150118 0.00493901 -0.0219465 -0.0151147 0.999655 0.0214974 -0.0165125 -0.00461459 -0.0215693 0.999757 -0.999623
330 333 309 0.999707 0.0233367 0.00648301 -0.0128859 -0.0234871 0.999431 0.0241945 -0.00176593 -0.0059147 -0.0243396 0.999686 -0.999915
330 334 285 0.999693 0.0233927 0.00814881 -0.0124544 -0.0235463 0.999537 0.0192895 0.00162658 -0.0076938 -0.0194755 0.999781 -0.999921
335 336 459 0.999999 0.00115328 -0.000827891 0.0538354 -0.00115695 0.999989 -0.00444837 0.0244646 0.000822752 0.00444933 0.99999 -0.99825
335 337 419 0.999996 0.000551375 0.00271269 -0.00612627 -0.000554607 0.999999 0.00119104 0.0132405 -0.00271203 -0.00119254 0.999996 -0.999894
335 338 298 0.99999 -0.00414526 0.0013579 0.0122936 0.00413559 0.999967 0.00704379 0.0138238 -0.00138706 -0.00703811 0.999974 -0.999829
335 339 205 0.99998 -0.00328494 0.00547088 -0.00628006 0.00324 0.999961 0.00820257 0.00129352 -0.00549761 -0.00818468 0.999951 -0.999979
340 341 381 0.999993 -0.00373157 0.00096691 -0.0226591 0.00373444 0.999989 -0.00297702 0.0138908 -0.00095579 0.00298061 0.999995 -0.999647
340 342 316 0.999986 -0.00521955 -0.000420001 0.0292149 0.00521687 0.999967 -0.00614713 0.0198686 0.000452072 0.00614485 0.999981 -0.999376
340 343 210 0.999947 -0.0102304 0.00122966 0.00530803 0.0102376 0.99993 -0.00600787 0.0165111 -0.00116811 0.00602014 0.999981 -0.99985
340 344 173 0.999954 -0.00950029 0.00145533 0.00987519 0.0095029 0.999953 -0.00179856 0.0147521 -0.00143817 0.00181231 0.999997 -0.999842
345 346 403 0.999998 0.00106265 0.00168591 0.0010291 -0.00106466 0.999999 0.00119261 -0.00392566 -0.00168464 -0.0011944 0.999998 -0.999992
345 347 321 0.999996 -0.00152335 0.00231778 0.0198758 0.00154581 0.999952 -0.00972156 0.0147203 -0.00230286 0.0097251 0.99995 -0.999694
345 348 250 0.999996 0.00114402 0.00262653 0.0167817 -0.00109225 0.999807 -0.0196291 0.0328297 -0.00264848 0.0196262 0.999804 -0.99932
345 349 191 0.99998 0.00598916 0.00221561 0.0315043 -0.00593943 0.999745 -0.0218081 0.037592 -0.00234566 0.0217945 0.99976 -0.998796
350 351 401 0.999971 -0.00762742 -0.000521269 -0.0251483 0.00763037 0.999953 0.00591266 0.0295225 0.000476146 -0.00591647 0.999982 -0.999248
350 352 315 0.999998 0.00211504 -0.000679178 -0.00591522 -0.00210739 0.999936 0.0110734 -0.00759036 0.000702556 -0.011072 0.999938 -0.999954
350 353 218 0.999997 0.00189673 -0.00125204 -5.9751e-05 -0.00187985 0.999909 0.013348 0.0114671 0.00127724 -0.0133456 0.99991 -0.999934
350 354 228 0.99997 0.00574837 -0.00521678 0.0232967 -0.00565098 0.999813 0.0184942 0.0101371 0.00532212 -0.0184641 0.999815 -0.999677
355 356 290 0.999984 6.9265e-05 -0.00567322 0.0101429 -0.000104392 0.999981 -0.00619161 0.0271562 0.00567268 0.0061921 0.999965 -0.99958
355 357 307 0.999924 -0.00374164 -0.0117766 0.0206023 0.00357089 0.999889 -0.0144869 0.0204873 0.0118295 0.0144438 0.999826 -0.999578
355 358 290 0.999813 -0.0100218 -0.0165407 0.0164246 0.00970831 0.999774 -0.0189259 0.0198969 0.0167266 0.0187617 0.999684 -0.999667
355 359 269 0.999742 -0.00520636 -0.0221185 0.00976303 0.00482492 0.999839 -0.0172638 0.00618531 0.0222048 0.0171526 0.999606 -0.999933
360 361 352 0.999936 -0.00701846 -0.00892084 0.0296646 0.00710091 0.999932 0.00924496 0.0612305 0.00885535 -0.00930771 0.999917 -0.997683
360 362 393 0.999917 -4.28585e-05 -0.0128815 -0.0133065 0.000232343 0.999892 0.0147087 -0.0355413 0.0128795 -0.0147105 0.999809 -0.99928
360 363 350 0.999761 -0.000159729 -0.0218789 0.0149097 0.000418778 0.99993 0.0118361 -0.00286556 0.0218755 -0.0118424 0.999691 -0.999885
360 364 285 0.999519 -0.0110233 -0.0290009 0.0193153 0.0112575 0.999905 0.00792385 0.0314075 0.0289108 -0.00824652 0.999548 -0.99932
365 366 364 0.999929 0.010377 -0.0057793 0.0339977 -0.0103885 0.999944 -0.00195623 -0.0100766 0.00575868 0.00201613 0.999981 -0.999371
