0 1 1071 0.999992 0.00291172 0.00258607 0.0180209 -0.00291535 0.999995 0.00139849 0.026947 -0.00258199 -0.00140602 0.999996 -0.999474
0 2 935 0.999976 -0.000438231 0.00696069 0.0176969 0.000419511 0.999996 0.0026906 0.0189711 -0.00696185 -0.00268761 0.999972 -0.999663
0 3 719 0.999972 -0.000798227 0.00738476 0.0321632 0.000756192 0.999984 0.0056932 0.00455821 -0.00738918 -0.00568746 0.999957 -0.999472
0 4 636 0.999872 -0.00270984 0.0157705 0.00208612 0.00261262 0.999977 0.00618203 -0.00291201 -0.0157869 -0.00614003 0.999857 -0.999994
5 6 1392 0.999966 0.00236902 0.00795705 -0.0484522 -0.0023824 0.999996 0.0016722 -0.00785523 -0.00795306 -0.0016911 0.999967 -0.998795
5 7 1047 0.99987 0.00514444 0.0153108 -0.0571828 -0.0051812 0.999984 0.00236237 0.0120851 -0.0152984 -0.00244139 0.99988 -0.998291
5 8 788 0.999832 0.00586052 0.0173636 -0.0275137 -0.00590846 0.999979 0.00271125 -0.00699798 -0.0173473 -0.00281339 0.999846 -0.999597
5 9 631 0.999822 -0.0103889 0.0157652 0.0297513 0.0103796 0.999946 0.000675943 -0.0135468 -0.0157714 -0.000512186 0.999875 -0.999466
10 11 1247 0.999989 -0.00207025 0.0042529 -0.00110418 0.00207273 0.999998 -0.000578199 0.0123491 -0.00425169 0.000587007 0.999991 -0.999923
10 12 977 0.99998 0.00213423 0.005966 -0.0113066 -0.00214152 0.999997 0.00121656 -0.000356823 -0.00596338 -0.00122931 0.999981 -0.999936
10 13 734 0.999978 0.00333226 0.00580567 0.0137432 -0.00335209 0.999989 0.00340998 -0.00536117 -0.00579424 -0.00342936 0.999977 -0.999891
10 14 564 0.999939 0.00563702 0.00953428 -0.00833505 -0.0056415 0.999984 0.000443017 0.0103291 -0.00953163 -0.000496778 0.999954 -0.999912
15 16 1148 0.999985 -0.00222585 0.00504075 -0.0229297 0.00222512 0.999998 0.000152013 0.0450953 -0.00504108 -0.000140794 0.999987 -0.99872
15 17 848 0.999994 -0.00200336 0.00297091 -4.55205e-05 0.00198815 0.999985 0.00511543 -0.000986705 -0.00298111 -0.00510949 0.999983 -1
15 18 734 0.999958 -0.0074084 0.00543005 0.00244619 0.00737218 0.999951 0.00665979 0.0120255 -0.00547912 -0.00661948 0.999963 -0.999925
15 19 530 0.999876 -0.0146916 0.00561166 0.0127384 0.0146568 0.999873 0.00620363 0.0105286 -0.00570209 -0.00612061 0.999965 -0.999863
20 21 1123 0.999999 -0.00123648 0.00118332 0.00816803 0.00123807 0.999998 -0.00134615 0.00619001 -0.00118165 0.00134761 0.999998 -0.999947
20 22 844 0.999991 0.00368549 0.00228915 0.00873596 -0.00368215 0.999992 -0.00145976 0.000234815 -0.00229451 0.00145132 0.999996 -0.999962
20 23 684 0.999981 -0.00173503 0.0058702 -0.00785151 0.0017297 0.999998 0.000913306 -0.00569235 -0.00587177 -0.000903135 0.999982 -0.999953
20 24 474 0.999987 0.0009146 0.00492943 0.00184368 -0.000914769 1 3.21341e-05 0.00810622 -0.0049294 -3.6643e-05 0.999988 -0.999965
25 26 964 0.999999 0.00149613 -0.000378523 -0.00361973 -0.00149731 0.999994 -0.00312794 0.0133099 0.000373841 0.00312851 0.999995 -0.999905
25 27 834 0.999992 -0.00389276 -0.000201317 0.00751452 0.00389131 0.999969 -0.00677578 0.00678546 0.000227687 0.00677495 0.999977 -0.999949
25 28 606 0.999994 0.00262764 -0.00230157 -3.31034e-05 -0.00264894 0.999953 -0.00930442 7.81139e-05 0.00227701 0.00931046 0.999954 -1
25 29 480 0.999732 0.0230836 0.00158764 -0.0328763 -0.0230659 0.99968 -0.0103764 0.0167828 -0.00182665 0.010337 0.999945 -0.999319
30 31 887 0.999986 0.00531343 0.000680296 -0.0298145 -0.00531564 0.99998 0.0033014 0.0378832 -0.000662741 -0.00330496 0.999994 -0.998837
30 32 761 0.999963 0.00283793 0.00815743 -0.140251 -0.0029124 0.999954 0.00913099 0.0152496 -0.00813114 -0.00915441 0.999925 -0.989999
30 33 532 0.999995 -8.20945e-05 -0.00304267 0.00618201 0.00010245 0.999978 0.0066903 0.00789288 0.00304206 -0.00669058 0.999973 -0.99995
30 34 465 0.99984 0.0177855 -0.00194579 0.0166487 -0.0177804 0.999839 0.00257744 -0.00329765 0.00199132 -0.00254243 0.999995 -0.999856
35 36 814 0.999966 0.00821229 0.000353064 0.0282219 -0.00821232 0.999966 7.65454e-05 0.00513498 -0.000352424 -7.94423e-05 1 -0.999588
35 37 770 0.999961 0.0083497 0.00283589 -0.00975672 -0.00836212 0.999955 0.00439629 0.0173344 -0.00279906 -0.00441983 0.999986 -0.999802
35 38 614 0.999977 0.00538695 0.00407654 -0.0144858 -0.00542666 0.999937 0.00979298 0.00816239 -0.00402353 -0.00981488 0.999944 -0.999862
35 39 530 0.999867 0.0124976 0.0105068 -0.0227859 -0.0126138 0.999859 0.0110727 -0.00125437 -0.0103669 -0.0112037 0.999883 -0.99974
40 41 991 0.99991 -0.0131324 -0.00261788 0.069031 0.0131357 0.999913 0.00126929 -0.043375 0.00260098 -0.00130356 0.999996 -0.996671
40 42 805 0.999992 -0.00361632 0.00160205 0.0168932 0.00362194 0.999987 -0.00351688 -0.00662193 -0.00158931 0.00352266 0.999993 -0.999835
40 43 609 0.99963 -0.0271783 -0.00077966 0.0497683 0.0271724 0.999608 -0.00678301 0.0383187 0.000963705 0.00675932 0.999977 -0.998025
40 44 553 0.999975 0.00510148 0.00488558 -0.0162783 -0.00505493 0.999942 -0.0094939 0.0212599 -0.00493373 0.00946896 0.999943 -0.999641
45 46 1035 0.999932 0.0102923 0.00552497 -0.103303 -0.0103016 0.999946 0.00165747 0.0247942 -0.00550761 -0.00171427 0.999983 -0.994341
45 47 659 0.999973 -0.00598214 -0.00416652 0.0637277 0.00598918 0.999981 0.00168022 0.0143276 0.00415639 -0.00170513 0.99999 -0.997864
45 48 583 0.99997 -0.00760949 -0.00170626 0.0272658 0.00761693 0.999961 0.00439478 0.00825877 0.00167275 -0.00440765 0.999989 -0.999594
45 49 494 0.999998 9.0843e-05 0.00212422 -0.00236294 -9.81244e-05 0.999994 0.00342791 0.021305 -0.0021239 -0.00342811 0.999992 -0.99977
50 51 809 0.999996 -0.00277906 -0.000265032 0.0243094 0.00277891 0.999996 -0.000587559 -0.00582177 0.000266663 0.00058682 1 -0.999688
50 52 787 0.999995 -0.000531805 0.00313019 -0.0137523 0.000515846 0.999987 0.00509673 -0.0015415 -0.00313286 -0.00509509 0.999982 -0.999904
50 53 626 0.999983 -0.00551129 0.00198128 0.00808181 0.00549826 0.999964 0.00652533 0.0106278 -0.00201717 -0.00651432 0.999977 -0.999911
50 54 537 0.999992 -0.00265979 0.00302784 -0.0005781 0.00263457 0.999962 0.00830162 0.00539489 -0.0030498 -0.00829358 0.999961 -0.999985
55 56 1041 0.999969 0.00772399 0.00168243 0.00849506 -0.00771755 0.999963 -0.0038016 0.0308059 -0.00171174 0.00378849 0.999991 -0.999489
55 57 786 0.999995 0.00313928 -0.000590931 0.00974767 -0.00314197 0.999984 -0.00461875 0.0237558 0.000576422 0.00462058 0.999989 -0.99967
55 58 667 0.999931 0.0116887 0.00137351 -0.00912007 -0.011685 0.999928 -0.00262878 0.0102076 -0.00140413 0.00261255 0.999996 -0.999906
55 59 554 0.999945 0.0104911 0.00068697 -0.00761647 -0.0104899 0.999943 -0.00178101 0.0238631 -0.000705616 0.0017737 0.999998 -0.999686
60 61 897 0.99999 -0.00429243 -0.000990351 0.0363967 0.00428861 0.999983 -0.00382818 0.0153465 0.00100677 0.0038239 0.999992 -0.99922
60 62 792 0.99995 0.00980198 0.00183514 -0.00936813 -0.00978419 0.999907 -0.00946462 0.0163086 -0.00192774 0.0094462 0.999954 -0.999823
60 63 688 0.999952 0.00935323 0.00308173 -0.0115896 -0.00931647 0.999888 -0.0117332 0.021616 -0.00319113 0.011704 0.999926 -0.999699
60 64 525 0.999993 -0.00185115 0.00339706 0.00210074 0.00187659 0.99997 -0.00750378 0.0141267 -0.00338307 0.0075101 0.999966 -0.999898
65 66 889 0.999959 -0.00882818 0.00202603 0.00527497 0.00881853 0.99995 0.00472712 0.0269504 -0.00206766 -0.00470906 0.999987 -0.999623
65 67 719 0.999934 0.011226 0.00248463 -0.0287259 -0.0112372 0.999927 0.00454704 0.00233938 -0.0024334 -0.00457466 0.999987 -0.999585
65 68 611 0.999967 -0.00534501 0.00612411 -0.0126019 0.00533467 0.999984 0.00170403 0.011883 -0.00613313 -0.00167131 0.99998 -0.99985
65 69 485 0.999882 -0.0151933 0.00206057 0.0123541 0.0151929 0.999885 0.000202909 0.0163252 -0.00206342 -0.000171579 0.999998 -0.99979
70 71 866 0.999949 -0.00981335 -0.00216792 0.0827159 0.00981313 0.999952 -0.000113041 0.0165385 0.00216893 9.17611e-05 0.999998 -0.996436
70 72 917 0.999995 0.00116522 0.00302569 0.0172175 -0.00116007 0.999998 -0.00170103 0.0263234 -0.00302767 0.00169751 0.999994 -0.999505
70 73 727 0.999979 -0.00572603 0.00309473 0.015579 0.00572993 0.999983 -0.00125184 0.0140562 -0.00308751 0.00126955 0.999994 -0.99978
70 74 598 0.999983 -0.0055215 0.00196706 0.050335 0.0055271 0.999981 -0.00285292 0.0200416 -0.00195127 0.00286374 0.999994 -0.998531
75 76 1048 0.999997 -0.000773314 0.00226497 -0.013307 0.000781443 0.999993 -0.00359029 0.00315944 -0.00226218 0.00359205 0.999991 -0.999906
75 77 894 0.999906 -0.013447 -0.00269117 0.066147 0.0134298 0.99989 -0.00629073 0.0389432 0.00277547 0.006254 0.999977 -0.99705
75 78 790 0.999954 -0.00926358 0.00253057 0.00391348 0.00926823 0.999955 -0.00182901 0.0222127 -0.00251351 0.00185238 0.999995 -0.999746
75 79 680 0.999768 -0.0215052 -0.0015232 0.0410443 0.0215179 0.999729 0.00888031 0.00180045 0.00133181 -0.00891102 0.999959 -0.999156
80 81 1075 0.999999 -0.00114796 -4.96545e-05 0.0232406 0.00114802 0.999999 0.00122967 0.00829355 4.82428e-05 -0.00122973 0.999999 -0.999696
80 82 1101 1 -0.000392695 0.000773225 0.0413398 0.000394353 0.999998 -0.00214483 -0.00400205 -0.000772381 0.00214513 0.999997 -0.999137
80 83 918 0.999901 -0.0137774 0.00277728 0.0124434 0.0137897 0.999895 -0.00442509 0.0223425 -0.00271602 0.00446295 0.999986 -0.999673
80 84 793 0.999995 0.000656563 0.00314264 0.0141925 -0.000651144 0.999998 -0.00172512 0.0207047 -0.00314377 0.00172307 0.999994 -0.999685
85 86 1055 0.999992 0.0036305 -0.00135758 0.0245803 -0.00362377 0.999981 0.00492191 -0.00506548 0.00137542 -0.00491696 0.999987 -0.999685
85 87 1083 0.999995 0.00296654 -0.000775109 -0.00896416 -0.00296368 0.999989 0.003666 0.0332978 0.000785976 -0.00366369 0.999993 -0.999405
85 88 921 0.999962 0.000139239 -0.0087258 0.0159177 -0.000120288 0.999998 0.00217231 0.0150231 0.00872608 -0.00217117 0.99996 -0.99976
85 89 852 0.999883 -0.00753171 -0.0133485 0.0196052 0.00752235 0.999971 -0.000750884 0.013096 0.0133538 0.000650383 0.999911 -0.999722
90 91 1052 0.999955 -0.00489207 -0.00807315 0.00357624 0.00486267 0.999981 -0.00365828 0.0482485 0.0080909 0.00361886 0.999961 -0.998829
90 92 1064 0.999831 -0.0035647 -0.0180444 -0.0057302 0.00349314 0.999986 -0.00399595 0.0570754 0.0180583 0.00393224 0.999829 -0.998353
90 93 960 0.999591 0.0142693 -0.0247912 -0.0907822 -0.0143385 0.999894 -0.0026131 0.0378031 0.0247513 0.0029675 0.999689 -0.995153
90 94 788 0.998589 -0.00962004 -0.0522254 0.0236068 0.00941178 0.999947 -0.0042322 0.0178974 0.0522633 0.0037347 0.998626 -0.999561
95 96 1045 0.999726 0.0175141 -0.0155582 -0.283178 -0.0174331 0.999834 0.00532405 -0.0702411 0.0156488 -0.00505136 0.999865 -0.956492
95 97 873 0.998079 -0.0107039 -0.0610155 0.0637352 0.0105375 0.99994 -0.00304815 0.0330827 0.0610444 0.00239935 0.998132 -0.997418
95 98 862 0.996082 0.00469976 -0.0883111 -0.0196422 -0.00514464 0.999975 -0.00481079 0.0210468 0.0882863 0.00524627 0.996081 -0.999586
95 99 757 0.992319 0.00334555 -0.123662 -0.0150558 -0.00367525 0.99999 -0.00243813 -0.00557923 0.123653 0.00287389 0.992321 -0.999871
100 101 921 0.998908 0.0016638 -0.046683 -0.0514702 -0.00177161 0.999996 -0.00226807 0.0830476 0.046679 0.0023483 0.998907 -0.995216
100 102 1067 0.996513 0.00199927 -0.0834133 -0.215772 -0.00204863 0.999998 -0.000506191 0.0620562 0.0834121 0.000675309 0.996515 -0.97447
100 103 859 0.990495 0.0100894 -0.137181 -0.139636 -0.00929256 0.999936 0.00644812 0.0224098 0.137237 -0.00511207 0.990525 -0.989949
100 104 712 0.97963 0.00250464 -0.200796 -0.0343221 -0.00137396 0.999982 0.00577015 0.011957 0.200807 -0.00537672 0.979616 -0.999339
105 106 870 0.998221 0.00404097 -0.0594879 -0.250484 -0.00371329 0.999977 0.00561784 -0.0738478 0.0595092 -0.00538695 0.998213 -0.9653
105 107 837 0.992911 0.00975852 -0.118458 -0.257126 -0.0089191 0.999931 0.00761433 -0.019446 0.118524 -0.00650382 0.99293 -0.966182
105 108 665 0.979725 0.00433223 -0.200299 0.0135052 -0.00295494 0.99997 0.00717463 -0.019984 0.200324 -0.0064373 0.979708 -0.999709
105 109 558 0.967102 0.00969409 -0.254205 -0.0438241 -0.0080544 0.99994 0.00749035 -0.0141269 0.254262 -0.00519647 0.967121 -0.998939
110 111 1020 0.998011 -6.76115e-05 -0.0630328 -0.13434 -0.000123126 0.999995 -0.00302211 0.0939941 0.0630327 0.00302387 0.998007 -0.986467
110 112 823 0.992162 0.000776535 -0.124957 -0.0792099 -0.000672389 0.999999 0.000875629 0.000259551 0.124958 -0.000784746 0.992162 -0.996858
110 113 658 0.985129 0.0174644 -0.170928 -0.217829 -0.0167714 0.999844 0.00549752 0.0352271 0.170997 -0.00254907 0.985268 -0.975351
110 114 576 0.970567 0.00284749 -0.240813 -0.00845072 -0.0028623 0.999996 0.000288284 0.0267704 0.240813 0.000409481 0.970571 -0.999606
115 116 1000 0.998609 -0.00173213 -0.0526902 -0.0893488 0.00188958 0.999994 0.00293848 -0.027842 0.0526848 -0.00303396 0.998607 -0.995611
115 117 861 0.99487 0.00339637 -0.101102 -0.0347413 -0.00291427 0.999984 0.00491579 -0.0312344 0.101118 -0.00459594 0.994864 -0.998908
115 118 531 0.990234 0.0246391 -0.137219 -0.0863393 -0.0245622 0.999696 0.00225338 0.00961162 0.137233 0.00113902 0.990538 -0.996219
115 119 473 0.984991 0.0257992 -0.170665 -0.161376 -0.0262454 0.999655 -0.000358993 0.0422852 0.170597 0.00483277 0.985329 -0.985987
120 121 933 0.999426 -0.010379 -0.0322612 0.000704436 0.0105462 0.999932 0.00501647 0.00428699 0.0322069 -0.00535382 0.999467 -0.999991
120 122 719 0.998017 -0.0131797 -0.0615477 0.00285219 0.0137161 0.999871 0.0083007 0.00455962 0.0614304 -0.00912844 0.99807 -0.999986
120 123 561 0.996233 -0.0109695 -0.0860258 -0.0169749 0.0119655 0.999867 0.0110704 0.0178467 0.0858929 -0.012058 0.996231 -0.999697
120 124 435 0.993919 -0.00560091 -0.109971 -0.00715443 0.00694246 0.999906 0.0118199 0.0401253 0.109895 -0.0125115 0.993864 -0.999169
125 126 809 0.999833 0.00946795 -0.0156301 -0.12858 -0.00937486 0.999938 0.00601852 0.0156183 0.0156861 -0.00587099 0.99986 -0.991576
125 127 711 0.998916 -0.00546894 -0.0462289 0.110946 0.00585163 0.99995 0.00814693 -0.0175119 0.046182 -0.00840862 0.998898 -0.993672
125 128 477 0.998551 -0.00412233 -0.053664 -0.0050169 0.00428712 0.999986 0.00295597 -0.0017445 0.0536511 -0.00318175 0.998555 -0.999986
125 129 370 0.997827 0.00129853 -0.065882 -0.0195562 -0.00126138 0.999999 0.000605456 -0.0127379 0.0658827 -0.000521038 0.997827 -0.999728
130 131 759 0.999907 -0.000357817 -0.013647 0.0376375 0.000346727 1 -0.000815012 0.0247934 0.0136473 0.000810204 0.999907 -0.998984
130 132 581 0.999751 0.00852625 -0.0206205 -0.0350895 -0.00851824 0.999964 0.000476025 0.000521479 0.0206239 -0.000300256 0.999787 -0.999384
130 133 639 0.999515 0.00777777 -0.0301611 0.00299915 -0.00772583 0.999968 0.00183837 -0.0108545 0.0301744 -0.00160446 0.999543 -0.999937
130 134 458 0.999309 0.018098 -0.032467 -0.0288943 -0.018117 0.999836 -0.000289686 0.0258584 0.0324564 0.000877689 0.999473 -0.999248
135 136 755 0.999966 -0.0030641 -0.00762522 0.0181107 0.0030817 0.999993 0.00229746 -0.0208504 0.00761813 -0.00232089 0.999968 -0.999619
135 137 566 0.999943 0.00370275 -0.00997891 -0.0130846 -0.00370052 0.999993 0.000241797 0.0159936 0.00997974 -0.000204856 0.99995 -0.999786
135 138 572 0.999901 0.00322548 -0.0137198 -0.0110546 -0.00322834 0.999995 -0.000186624 0.0108078 0.0137191 0.000230897 0.999906 -0.99988
135 139 540 0.999849 0.00247799 -0.0171905 0.00671594 -0.0024631 0.999997 0.00088696 0.00483262 0.0171927 -0.000844484 0.999852 -0.999966
140 141 575 0.999984 0.0054447 -0.00122804 -0.00087325 -0.00544448 0.999985 0.000179563 -0.0122054 0.001229 -0.000172874 0.999999 -0.999925
140 142 729 0.999989 0.00101242 -0.0046122 0.0904299 -0.00101202 0.999999 8.9001e-05 0.0259455 0.00461229 -8.43323e-05 0.999989 -0.995565
140 143 688 0.999948 0.00999587 0.00209711 0.00922481 -0.00999618 0.99995 0.00013302 -0.000310351 -0.00209568 -0.000153976 0.999998 -0.999957
140 144 558 0.999947 0.00867246 0.00553622 0.00411639 -0.00867371 0.999962 0.000202353 -0.000149988 -0.00553426 -0.000250362 0.999985 -0.999992
145 146 715 0.999965 0.00549784 0.00631372 -0.0146314 -0.00548087 0.999981 -0.00270181 0.0246032 -0.00632846 0.00266711 0.999976 -0.99959
145 147 763 0.999942 0.00563183 0.0091443 -0.0362661 -0.00561218 0.999982 -0.00217244 -0.0118472 -0.00915636 0.002121 0.999956 -0.999272
145 148 658 0.999903 0.00269734 0.0136391 -0.0320243 -0.0026518 0.999991 -0.00335569 -0.0184258 -0.013648 0.0033192 0.999901 -0.999317
145 149 546 0.9998 -0.0119095 0.0160888 -0.0380265 0.0120177 0.999906 -0.00664495 0.00346933 -0.0160082 0.00683697 0.999848 -0.999271
150 151 654 0.999988 -0.00464598 0.00157614 0.0740178 0.00464173 0.999986 0.00269194 0.0695714 -0.00158863 -0.00268459 0.999995 -0.994827
150 152 703 0.999978 -0.0058343 0.00327099 0.0519937 0.0058071 0.999949 0.00826318 0.0161976 -0.00331903 -0.008244 0.999961 -0.998516
150 153 603 0.999915 -0.013009 0.000740207 0.0494021 0.0129982 0.99983 0.0130959 -0.0103313 -0.000910445 -0.0130851 0.999914 -0.998726
150 154 484 0.999897 -0.0143017 0.00116026 0.0330874 0.0142867 0.999826 0.012009 -0.000539177 -0.00133181 -0.0119912 0.999927 -0.999452
155 156 1000 0.999985 0.00515195 0.00162328 -0.0465509 -0.00515039 0.999986 -0.000960966 6.81244e-05 -0.00162821 0.000952591 0.999998 -0.998916
155 157 874 0.999994 0.00164049 0.00288582 -0.0361582 -0.00163819 0.999998 -0.000800256 0.00923125 -0.00288713 0.000795524 0.999996 -0.999303
155 158 744 0.999993 -0.00363185 0.000162779 0.00890592 0.00363211 0.999992 -0.00159844 0.0139731 -0.000156973 0.00159902 0.999999 -0.999863
155 159 574 0.999987 -0.00219256 0.00469601 -0.0194526 0.00220717 0.999993 -0.00310688 0.0171411 -0.00468916 0.0031172 0.999984 -0.999664
160 161 1203 0.99997 -0.00689742 -0.00344488 0.0225988 0.00689482 0.999976 -0.000765515 0.0143584 0.00345008 0.000741741 0.999994 -0.999642
160 162 972 0.99992 -0.0107278 -0.00670938 0.013531 0.0107044 0.999937 -0.00352159 0.0309168 0.00674673 0.00344949 0.999971 -0.99943
160 163 677 0.999869 -0.00888368 -0.0135631 0.0302402 0.0088452 0.999957 -0.00289458 -0.000321517 0.0135882 0.00277424 0.999904 -0.999543
160 164 480 0.999667 -0.0134563 -0.0220125 0.0457973 0.0133089 0.999888 -0.00682763 0.0162883 0.0221019 0.0065324 0.999734 -0.998818
165 166 936 0.99996 0.00110954 -0.00891074 -0.0294344 -0.00111278 0.999999 -0.000359386 0.0485762 0.00891033 0.000369288 0.99996 -0.998386
165 167 731 0.999783 -0.00258616 -0.0206906 0.0320745 0.00266268 0.99999 0.00367128 -0.0206438 0.0206809 -0.00372557 0.999779 -0.999272
165 168 562 0.999608 0.00061514 -0.0279956 -0.00464297 -0.000604911 1 0.00037384 0.0139543 0.0279958 -0.000356758 0.999608 -0.999892
165 169 429 0.999157 -0.00362854 -0.0408947 0.0248355 0.00358016 0.999993 -0.00125621 0.018234 0.0408989 0.00110874 0.999163 -0.999525
170 171 866 0.99989 -0.00568636 -0.0137185 0.0409236 0.00568115 0.999984 -0.000418818 0.0386547 0.0137207 0.000340835 0.999906 -0.998414
170 172 627 0.999734 -0.00384645 -0.0227496 0.0176027 0.00386911 0.999992 0.000952081 0.0154715 0.0227457 -0.00103985 0.999741 -0.999725
170 173 456 0.999461 -0.00271425 -0.0327283 -0.00845305 0.00277629 0.999994 0.0018502 0.0193108 0.0327231 -0.00194006 0.999463 -0.999778
170 174 373 0.998912 -0.00765878 -0.046001 0.0350896 0.00785287 0.999961 0.00404003 -0.000360485 0.0459682 -0.00439688 0.998933 -0.999384
175 176 562 0.999944 -0.000901624 -0.0105044 0.00883079 0.000911074 0.999999 0.000894828 -0.00522962 0.0105036 -0.000904349 0.999944 -0.999947
175 177 598 0.99981 0.00447772 -0.0189532 0.00407574 -0.00445936 0.99999 0.00101051 0.0128212 0.0189576 -0.000925798 0.99982 -0.999909
175 178 500 0.999689 0.0054454 -0.0243437 -0.0440235 -0.00537638 0.999981 0.00289976 -0.0116167 0.024359 -0.00276798 0.999699 -0.998963
175 179 411 0.999387 -0.00168406 -0.0349607 0.0149463 0.0016094 0.999996 -0.00216361 0.0295928 0.0349642 0.00210602 0.999386 -0.99945
180 181 846 0.999949 -0.00327909 -0.00952112 0.103407 0.00326852 0.999994 -0.00112537 0.0198975 0.00952476 0.00109419 0.999954 -0.99444
180 182 653 0.999956 -0.00178287 -0.0092325 0.0470612 0.00174589 0.99999 -0.00401118 0.0322171 0.00923956 0.00399489 0.999949 -0.998372
180 183 518 0.999924 0.00330264 -0.0119153 0.0413815 -0.00334321 0.999989 -0.00338688 0.00700641 0.011904 0.00342646 0.999923 -0.999119
180 184 423 0.999917 0.00266476 -0.0125842 0.0432914 -0.00269563 0.999993 -0.0024373 0.00183493 0.0125776 0.00247102 0.999918 -0.999061
185 186 560 0.99998 0.00477204 0.00404392 -0.0559372 -0.00477596 0.999988 0.000960901 0.0504611 -0.00403928 -0.000980196 0.999991 -0.997158
185 187 608 0.99997 -3.34889e-05 0.00770066 0.0194775 1.9545e-05 0.999998 0.0018108 0.0320117 -0.00770071 -0.0018106 0.999969 -0.999298
185 188 545 0.999905 -0.0023701 0.0135537 0.0119719 0.00232242 0.999991 0.00353228 0.00342434 -0.013562 -0.00350047 0.999902 -0.999922
185 189 470 0.999549 0.00556628 0.0295138 -0.026921 -0.0057122 0.999972 0.00486188 -0.00784584 -0.0294859 -0.00502827 0.999553 -0.999607
190 191 733 0.999809 0.00397827 0.0191113 -0.00932637 -0.00399973 0.999991 0.00108477 0.0262393 -0.0191068 -0.001161 0.999817 -0.999612
190 192 656 0.999229 4.80816e-05 0.0392571 -0.00540689 -0.000222536 0.99999 0.00443953 -0.000179206 -0.0392565 -0.00444484 0.999219 -0.999985
190 193 623 0.997944 0.00647953 0.0637574 0.0184054 -0.00687867 0.999958 0.00604272 0.00975266 -0.0637156 -0.00646887 0.997947 -0.999783
190 194 497 0.995214 0.00797029 0.0973958 -0.0671889 -0.00883361 0.999925 0.00843599 0.00678132 -0.0973213 -0.00925597 0.99521 -0.997717
195 196 674 0.999145 0.00236783 0.0412671 -0.0629811 -0.00229688 0.999996 -0.0017667 -0.0212589 -0.0412711 0.0016704 0.999147 -0.997788
195 197 677 0.996785 -0.000306307 0.080122 0.0269792 0.000733411 0.999986 -0.00530129 0.000895571 -0.0801193 0.00534301 0.996771 -0.999636
195 198 577 0.992756 -0.0120954 0.119541 0.0723676 0.0135169 0.999847 -0.0110882 0.0522348 -0.119389 0.0126237 0.992767 -0.996009
195 199 418 0.984625 0.00511147 0.174604 -0.0327486 -0.00309633 0.999925 -0.0118117 0.00488225 -0.174651 0.0110894 0.984568 -0.999452
200 201 711 0.998215 0.000587643 0.0597221 0.0200784 -0.000506133 0.999999 -0.00137994 0.0353279 -0.0597229 0.00134725 0.998214 -0.999174
200 202 463 0.99146 0.0153046 0.129513 -0.103501 -0.0151481 0.999883 -0.00219333 0.0531031 -0.129532 0.000212716 0.991575 -0.993211
200 203 230 0.983474 0.00164981 0.181043 0.0291952 -0.00235933 0.99999 0.00370376 0.0366355 -0.181035 -0.00406969 0.983468 -0.998902
200 204 142 0.970005 0.00865023 0.242929 0.0106748 -0.010963 0.999907 0.00816998 0.0133119 -0.242836 -0.0105881 0.97001 -0.999854
205 206 479 0.995793 -0.0124085 0.0907914 -0.960578 0.00844746 0.999001 0.0438833 0.0325691 -0.0912452 -0.0429317 0.994903 0.276096
205 207 263 0.991482 -0.00288782 0.130209 0.15478 0.00237762 0.999989 0.0040736 0.0135276 -0.130219 -0.00372932 0.991478 -0.987856
205 208 158 0.980152 0.00303371 0.198222 0.0700913 -0.00290896 0.999995 -0.000920565 0.042475 -0.198224 0.000325673 0.980157 -0.996636
205 209 159 0.96373 -0.00800929 0.266757 0.0250035 0.00839013 0.999965 -0.000287936 0.0179049 -0.266746 0.00251562 0.963764 -0.999527
210 211 481 0.997818 0.00264573 0.0659656 0.0579811 -0.00216088 0.99997 -0.00742032 0.0422465 -0.0659833 0.00726159 0.997794 -0.997423
210 212 401 0.992 -0.000810451 0.126238 0.0733294 0.00237784 0.999922 -0.012266 0.0113281 -0.126218 0.0124681 0.991924 -0.997243
210 213 165 0.975972 -0.051039 0.211836 -0.912402 0.0308525 0.994754 0.097529 0.174291 -0.215702 -0.0886499 0.972427 0.370332
210 214 292 0.973239 -0.013666 0.229388 0.0491919 0.0179167 0.999704 -0.0164581 0.0303488 -0.229095 0.0201276 0.973196 -0.998328
215 216 435 0.999295 -0.00303547 0.037418 0.00117077 0.00297099 0.999994 0.00177881 0.00546203 -0.0374232 -0.00166638 0.999298 -0.999984
215 217 522 0.997598 -0.00697537 0.0689238 0.0433333 0.00674817 0.999971 0.00352874 -0.00993645 -0.0689464 -0.00305515 0.997616 -0.999011
215 218 504 0.995503 0.00424275 0.0946375 -0.0367007 -0.00449452 0.999987 0.00244741 0.011612 -0.0946259 -0.00286176 0.995509 -0.999259
215 219 442 0.994437 -0.00725054 0.105079 0.00941284 0.00673097 0.999963 0.00529838 -0.00478153 -0.105114 -0.00456162 0.99445 -0.999944
220 221 441 0.999942 -0.00452907 0.009794 0.0433111 0.00453259 0.99999 -0.000337364 0.00113033 -0.00979237 0.000381736 0.999952 -0.999061
220 222 602 0.999767 -0.0150546 0.0154658 0.0379211 0.0150403 0.999886 0.00104475 0.014002 -0.0154798 -0.000811895 0.99988 -0.999183
220 223 555 0.999702 -0.0141567 0.0198811 0.00921904 0.0140585 0.999888 0.00506987 0.00415161 -0.0199506 -0.00478886 0.999789 -0.999949
220 224 540 0.999655 -0.0139438 0.0222736 -0.00822288 0.0137771 0.999876 0.00762287 0.00254128 -0.0223772 -0.00731337 0.999723 -0.999963
225 226 528 0.999991 0.00121995 -0.00402322 -0.0385716 -0.00119694 0.999983 0.00571683 0.0121062 0.00403013 -0.00571196 0.999976 -0.999182
225 227 641 0.999933 0.00677909 -0.00933147 0.0367485 -0.00667484 0.999915 0.0111581 -0.0120068 0.00940633 -0.011095 0.999894 -0.999252
225 228 496 0.999919 -0.00435192 -0.0119837 -0.0386839 0.00443486 0.999966 0.00690382 0.0103693 0.0119532 -0.00695641 0.999904 -0.999198
225 229 548 0.999874 0.000652042 -0.0158508 -0.0247432 -0.000562704 0.999984 0.00563995 0.00901709 0.0158542 -0.00563032 0.999858 -0.999653
230 231 511 0.999923 0.012124 -0.00275052 0.00334015 -0.0121378 0.999913 -0.00507623 -0.00285155 0.00268874 0.00510922 0.999983 -0.99999
230 232 600 0.99996 0.00401607 -0.00795108 0.018491 -0.00410389 0.99993 -0.0110595 0.0334834 0.00790611 0.0110917 0.999907 -0.999268
230 233 621 0.999904 0.00949829 -0.0101338 -0.00233156 -0.00961264 0.99989 -0.0112956 0.016977 0.0100254 0.0113919 0.999885 -0.999853
230 234 577 0.999822 0.0162475 -0.00961216 -0.0251252 -0.016331 0.999829 -0.00867296 0.0163037 0.0094696 0.00882839 0.999916 -0.999551
235 236 457 0.999999 0.000106419 0.00123528 -0.0228849 -0.000114722 0.999977 0.00672389 -0.00407136 -0.00123454 -0.00672403 0.999977 -0.99973
235 237 526 0.999978 -0.00588399 0.00316598 0.000156259 0.00584974 0.999925 0.0107213 -0.0179087 -0.00322882 -0.0107026 0.999938 -0.99984
235 238 521 0.999985 -0.00327727 0.00443952 0.0569566 0.00325374 0.999981 0.00529838 0.0384192 -0.0044568 -0.00528385 0.999976 -0.997637
235 239 487 0.999972 -0.000479439 0.00742267 0.00420837 0.00049645 0.999997 -0.00229014 0.0123844 -0.00742155 0.00229376 0.99997 -0.999914
240 241 378 0.999992 -0.00357471 0.0016359 0.0120493 0.00357299 0.999993 0.00105296 0.00369248 -0.00163966 -0.00104711 0.999998 -0.999921
240 242 538 0.999964 -0.00759865 0.00365277 0.0172829 0.00758013 0.999958 0.00505916 0.00827127 -0.00369106 -0.0050313 0.999981 -0.999816
240 243 531 0.999901 -0.0128518 0.00565916 0.0187134 0.012781 0.999842 0.0123685 -0.0040564 -0.00581722 -0.0122949 0.999907 -0.999817
240 244 523 0.999899 -0.00664244 0.0125484 -0.0135326 0.00646961 0.999884 0.0137645 -0.00650793 -0.0126384 -0.0136819 0.999827 -0.999887
245 246 515 0.999997 -0.00135602 0.00221309 0.0227047 0.00136051 0.999997 -0.00202825 0.0185815 -0.00221034 0.00203126 0.999995 -0.99957
245 247 547 0.999984 0.00173228 0.00535094 -0.00886225 -0.0017028 0.999983 -0.00550827 0.0148929 -0.00536039 0.00549907 0.999971 -0.99985
245 248 526 0.999971 0.00445727 0.00622002 0.00635202 -0.00441099 0.999963 -0.00743481 0.0176939 -0.00625292 0.00740716 0.999953 -0.999823
245 249 495 0.99991 0.0113182 0.00716486 -0.00629638 -0.0112611 0.999905 -0.00796921 0.00981831 -0.00725438 0.00788781 0.999943 -0.999932
250 251 472 0.999965 -0.00818845 -0.0016982 0.0562739 0.00819174 0.999965 0.00194057 0.00662551 0.00168225 -0.00195441 0.999997 -0.998393
250 252 583 0.999898 -0.0141212 -0.00231502 0.0222088 0.0141331 0.999886 0.00522953 0.0100056 0.00224091 -0.00526171 0.999984 -0.999703
250 253 483 0.999776 -0.0209649 -0.00284543 0.0182279 0.0209811 0.999763 0.0057975 0.0138176 0.00272321 -0.0058559 0.999979 -0.999738
250 254 487 0.999664 -0.0254143 -0.0051057 0.00891722 0.0254435 0.99966 0.00575224 0.00702812 0.00495777 -0.00588022 0.99997 -0.999936
255 256 454 0.999998 0.00127217 -0.00166894 -0.0378987 -0.0012703 0.999999 0.00111617 0.0148649 0.00167036 -0.00111405 0.999998 -0.999171
255 257 509 0.999981 -0.00306182 -0.00543799 0.00904137 0.00307864 0.99999 0.00308747 0.0162885 0.00542848 -0.00310415 0.99998 -0.999826
255 258 495 0.999967 0.00365621 -0.00729418 0.0108136 -0.00364264 0.999992 0.00187188 0.0110648 0.00730096 -0.00184524 0.999972 -0.99988
255 259 476 0.999845 0.0159538 -0.00749199 0.0153015 -0.0159302 0.999868 0.00319308 0.00610595 0.00754195 -0.00307323 0.999967 -0.999864
260 261 449 0.999992 -0.00361995 -0.0016809 0.00884375 0.00361482 0.999989 -0.00304716 0.0131836 0.00169191 0.00304106 0.999994 -0.999874
260 262 452 0.99997 -0.00707029 -0.00319911 0.0290853 0.00703972 0.99993 -0.00947051 0.0215471 0.00326585 0.0094477 0.99995 -0.999345
260 263 386 0.999684 -0.0239963 -0.00754318 0.0514429 0.0238795 0.999599 -0.0152098 0.0578732 0.00790514 0.0150249 0.999856 -0.996998
260 264 425 0.999944 -0.00929932 -0.00504426 0.0164455 0.00926469 0.999934 -0.00684562 0.014799 0.00510758 0.00679851 0.999964 -0.999755
265 266 513 0.999999 1.56425e-05 -0.00128719 0.038415 -3.83529e-06 0.999958 0.00917229 0.000143884 0.00128728 -0.00917227 0.999957 -0.999262
265 267 423 0.999999 0.00135845 0.000569816 -0.0131326 -0.00135802 0.999999 -0.000753573 -0.00355655 -0.000570839 0.000752798 1 -0.999907
265 268 385 0.999957 0.00808497 0.00444148 -0.0216695 -0.0079915 0.999754 -0.020674 0.0210773 -0.00460754 0.0206376 0.999776 -0.999543
265 269 302 0.999912 0.0103803 0.00827792 -0.0433019 -0.0100839 0.999334 -0.0350732 0.0440992 -0.00863648 0.0349866 0.99935 -0.998088
270 271 372 0.999977 0.00386382 0.00565079 -0.0689095 -0.00395476 0.999861 0.0161731 0.0139942 -0.00558751 -0.016195 0.999853 -0.997525
270 272 388 0.999983 -0.0051304 0.00289534 -0.0282998 0.00506172 0.999717 0.0232498 0.00910287 -0.0030138 -0.0232348 0.999725 -0.999558
270 273 383 0.999974 -0.00283103 0.00655784 -0.0225772 0.00267245 0.999707 0.0240658 0.00480088 -0.00662405 -0.0240476 0.999689 -0.999734
270 274 343 0.999882 0.0103036 0.0114259 -0.0252995 -0.0105413 0.999725 0.02094 0.0188708 -0.011207 -0.021058 0.999715 -0.999502
275 276 423 0.999993 0.00083502 0.00358222 0.0795283 -0.000838445 0.999999 0.000954787 0.0471439 -0.00358142 -0.000957785 0.999993 -0.995717
275 277 452 0.999922 0.0034081 0.0119888 -0.0578445 -0.00342654 0.999993 0.00151768 0.0130699 -0.0119836 -0.00155864 0.999927 -0.99824
275 278 423 0.999877 -0.0118411 0.0103022 0.00614212 0.0118132 0.999926 0.00275799 0.00646554 -0.0103341 -0.00263595 0.999943 -0.99996
275 279 382 0.999853 -0.0106427 0.0134626 -0.0124002 0.0106354 0.999943 0.000617978 0.0101421 -0.0134684 -0.000474707 0.999909 -0.999872
280 281 743 0.999935 0.00985887 0.00574654 -0.070309 -0.00986134 0.999951 0.000400976 0.010792 -0.0057423 -0.000457619 0.999983 -0.997467
280 282 640 0.999993 0.00254564 0.00267226 0.0297008 -0.0025533 0.999993 0.00286769 0.0200586 -0.00266494 -0.00287449 0.999992 -0.999358
280 283 589 0.999597 0.024542 0.0142954 -0.0204182 -0.0246544 0.999666 0.00774204 0.00412128 -0.0141006 -0.00809136 0.999868 -0.999783
280 284 470 0.99977 0.0155242 0.0148225 0.0121367 -0.0156262 0.999855 0.00679173 0.0127088 -0.0147149 -0.00702178 0.999867 -0.999846
285 286 623 0.999973 0.00311123 0.00660223 0.00462091 -0.00305616 0.999961 -0.00833389 0.0182353 -0.0066279 0.00831349 0.999943 -0.999823
285 287 674 0.99995 0.00276251 0.00958321 0.0202844 -0.00259006 0.999835 -0.0179613 0.0365525 -0.00963125 0.0179356 0.999793 -0.999126
285 288 586 0.999892 -0.00199871 0.0145752 0.0181099 0.00228231 0.999808 -0.0194667 0.0240404 -0.0145335 0.0194978 0.999704 -0.999547
285 289 484 0.999805 -0.00918881 0.0174869 0.0225631 0.00946273 0.999833 -0.0156462 0.0258023 -0.0173402 0.0158086 0.999725 -0.999412
290 291 677 0.999955 0.00672504 0.00668232 -0.0166138 -0.00676302 0.999961 0.00567724 9.9245e-05 -0.00664388 -0.00572218 0.999962 -0.999862
290 292 606 0.999917 0.00303202 0.0125408 0.00638039 -0.00309418 0.999983 0.00494084 0.000783099 -0.0125256 -0.00497924 0.999909 -0.999979
290 293 495 0.999734 0.00048333 0.0230476 -0.0131826 -0.000474235 1 -0.000400094 0.0229183 -0.0230478 0.000389058 0.999734 -0.99965
290 294 356 0.999534 -0.0216374 0.0215452 0.0482695 0.0216057 0.999765 0.00170127 0.0237912 -0.021577 -0.00123498 0.999766 -0.998551
295 296 633 0.999976 -0.000403756 0.00691882 0.0188006 0.00038071 0.999994 0.00333187 -0.00919983 -0.00692013 -0.00332916 0.999971 -0.999781
295 297 607 0.999726 0.0107906 0.0207711 -0.0382517 -0.0108828 0.999931 0.0043334 -0.0222144 -0.0207229 -0.00455826 0.999775 -0.999021
295 298 451 0.999734 -0.00797378 0.0216334 0.0274909 0.00812681 0.999943 -0.00699499 0.0211313 -0.0215763 0.00716894 0.999742 -0.999399
295 299 384 0.999438 -0.013941 0.0304741 0.0181009 0.0143014 0.99983 -0.0116423 0.0198979 -0.0303066 0.0120716 0.999468 -0.999638
300 301 500 0.999944 -0.0095676 0.00448725 0.0683368 0.00957932 0.999951 -0.00259821 0.0356487 -0.00446217 0.00264105 0.999987 -0.997025
300 302 521 0.99994 -0.000216175 0.0109751 -0.00947007 0.000210439 1 0.000523792 0.00685104 -0.0109753 -0.000521451 0.99994 -0.999932
300 303 456 0.999836 -0.0120105 0.0135901 0.0268401 0.0119443 0.999916 0.0049359 0.0309448 -0.0136483 -0.00477276 0.999895 -0.999161
300 304 399 0.999778 -0.00766559 0.0196229 0.00144998 0.00738154 0.999868 0.014507 -0.00556985 -0.0197315 -0.0143589 0.999702 -0.999983
305 306 522 0.999996 -0.000920986 0.0026359 0.0419385 0.000936658 0.999982 -0.00595053 0.0163962 -0.00263037 0.00595298 0.999979 -0.998986
305 307 499 0.999971 -0.0047802 0.00597087 -0.00348678 0.00487489 0.999861 -0.015945 0.0142313 -0.00589382 0.0159737 0.999855 -0.999893
305 308 445 0.999875 -0.0115037 0.0108919 -0.0357836 0.011721 0.999729 -0.0201083 0.0232911 -0.0106576 0.0202334 0.999738 -0.999088
305 309 400 0.999898 0.0028008 0.0140282 0.0203717 -0.00251864 0.999795 -0.0200917 0.0180523 -0.0140816 0.0200543 0.9997 -0.999629
310 311 527 0.99997 0.00360338 0.00678724 0.0231268 -0.0036346 0.999983 0.00459284 -0.00487528 -0.00677058 -0.00461737 0.999966 -0.999721
310 312 560 0.999879 0.00384863 0.0150715 0.0331759 -0.00393923 0.999974 0.00598666 -0.0219865 -0.0150481 -0.00604531 0.999868 -0.999208
310 313 418 0.999764 0.000214013 0.0217031 -0.0035441 -0.0001633 0.999997 -0.00233842 0.0134505 -0.0217035 0.00233433 0.999762 -0.999903
310 314 362 0.99964 0.0069864 0.0258856 0.0303879 -0.00684213 0.999961 -0.00565742 0.0135147 -0.0259241 0.00547827 0.999649 -0.999447
315 316 680 0.999954 -0.0094551 -0.00148413 0.133889 0.00945957 0.999951 0.00303661 0.00538047 0.00145534 -0.00305051 0.999994 -0.990982
315 317 663 0.999836 0.0107892 0.0145433 -0.0401879 -0.0108981 0.999913 0.00742714 -0.00282936 -0.0144619 -0.00758441 0.999867 -0.999188
315 318 556 0.99965 0.0167327 0.0204854 -0.0109939 -0.0170803 0.999711 0.0169108 0.0107292 -0.0201965 -0.0172548 0.999647 -0.999882
315 319 466 0.99958 0.0136316 0.0255741 -0.0269036 -0.0141738 0.999676 0.0211393 -0.00402028 -0.0252777 -0.0214929 0.999449 -0.99963
320 321 718 0.999944 -0.00876175 0.00600098 -0.00355725 0.00883735 0.99988 -0.012689 0.0131095 -0.00588909 0.0127413 0.999901 -0.999908
320 322 626 0.999811 -0.0170652 0.00928856 0.0147659 0.0172564 0.999632 -0.0209093 0.036004 -0.00892832 0.0210656 0.999738 -0.999243
320 323 544 0.999746 -0.00948678 0.0204487 -0.0539752 0.00985828 0.999787 -0.0181436 0.0301072 -0.0202722 0.0183406 0.999626 -0.998088
320 324 499 0.999769 -0.0135673 0.0166805 -0.00349142 0.0136646 0.99989 -0.00573805 -0.00154035 -0.0166009 0.00596466 0.999844 -0.999993
325 326 664 0.999996 -0.00206239 0.00170645 0.0157471 0.00205576 0.99999 0.00388184 -0.00608897 -0.00171444 -0.00387831 0.999991 -0.999857
325 327 626 0.999995 0.00322136 -0.000388284 0.0545213 -0.00322317 0.999983 -0.00476637 0.061916 0.000372924 0.00476759 0.999989 -0.996591
325 328 515 0.999901 0.0120181 0.00734569 -0.00505691 -0.0119593 0.999896 -0.00800137 0.00652659 -0.00744109 0.00791273 0.999941 -0.999966
325 329 444 0.999933 0.0104146 0.00496358 0.00231424 -0.0103376 0.99983 -0.0152776 0.0173282 -0.00512184 0.0152253 0.999871 -0.999847
330 331 677 0.999987 0.00437886 0.00263485 -0.0124244 -0.00440445 0.999942 0.00978575 -0.00104136 -0.00259184 -0.00979722 0.999949 -0.999922
330 332 636 0.999875 0.0153195 0.00379541 0.0143252 -0.0153951 0.999666 0.0207589 0.00545054 -0.00347613 -0.0208147 0.999777 -0.999883
330 333 525 0.999652 0.0255993 0.0063579 0.00441799 -0.0257487 0.999365 0.0246494 0.000874696 -0.00572285 -0.0248046 0.999676 -0.99999
330 334 426 0.99966 0.0249521 0.00758053 -0.0147897 -0.0250895 0.999512 0.0186134 0.0177543 -0.00711239 -0.0187973 0.999798 -0.999733
335 336 752 0.999997 -0.000228432 0.00231735 -0.00557444 0.000235368 0.999995 -0.00299333 0.0191201 -0.00231666 0.00299387 0.999993 -0.999802
335 337 607 0.999996 -0.00285589 0.00017734 0.0256758 0.00285583 0.999996 0.000335958 0.0153402 -0.000178298 -0.00033545 1 -0.999553
335 338 465 0.999996 -0.00291375 0.000515177 0.025286 0.00291119 0.999984 0.00489919 0.0113175 -0.000529443 -0.00489767 0.999988 -0.999616
335 339 375 0.999902 -0.0139767 0.000517301 0.0127809 0.0139723 0.999872 0.00776418 0.00418465 -0.000625752 -0.0077562 0.99997 -0.99991
340 341 563 1 -0.00013569 -3.18905e-05 0.00969374 0.00013562 0.999998 -0.00219467 0.016103 3.21883e-05 0.00219466 0.999998 -0.999823
340 342 372 0.999983 -0.0057536 0.00105048 0.00964669 0.00576016 0.999963 -0.00635221 0.0195316 -0.00101389 0.00635816 0.999979 -0.999763
340 343 315 0.999942 -0.010494 0.00254847 0.00819007 0.0105074 0.999931 -0.00530774 0.0122171 -0.0024926 0.00533421 0.999983 -0.999892
340 344 285 0.999894 -0.0144714 0.00143208 -0.00367747 0.0144741 0.999894 -0.00185366 0.0118505 -0.0014051 0.00187419 0.999997 -0.999923
345 346 495 0.999964 0.00648552 0.00555722 -0.0569191 -0.0064769 0.999978 -0.00156751 0.0413089 -0.00556727 0.00153146 0.999983 -0.997524
345 347 417 0.999991 0.00177819 0.00383136 -0.0014913 -0.00174123 0.999952 -0.00962956 0.0112709 -0.0038483 0.00962281 0.999946 -0.999935
345 348 369 0.999978 -0.00437126 0.00494649 0.00658611 0.00446345 0.999814 -0.0187824 0.0262094 -0.00486347 0.0188041 0.999811 -0.999635
345 349 283 0.999948 0.00831622 0.00593594 0.00329885 -0.00818669 0.999735 -0.0215217 0.0292345 -0.00611335 0.021472 0.999751 -0.999567
350 351 659 0.999893 0.0135444 0.0055465 -0.079791 -0.0135878 0.999877 0.00787315 -0.0335739 -0.00543918 -0.00794767 0.999954 -0.996246
350 352 448 0.999993 -0.00329141 -0.00170179 0.00566928 0.00330959 0.999936 0.0107927 0.0149949 0.00166616 -0.0107983 0.99994 -0.999871
350 353 335 0.999992 -0.00249883 -0.00299938 0.0151254 0.00254146 0.999895 0.0142961 0.00761658 0.00296334 -0.0143036 0.999893 -0.999857
350 354 303 0.999969 -0.000453052 -0.00784002 0.0275165 0.000593488 0.999839 0.0179196 0.0190477 0.00783064 -0.0179237 0.999809 -0.99944
355 356 495 0.999848 0.0171705 0.00310368 -0.145208 -0.0171667 0.999852 -0.00126125 -0.0137706 -0.00312488 0.00120777 0.999994 -0.989305
355 357 450 0.999949 0.00383539 -0.00933682 0.0083134 -0.00397318 0.999883 -0.0147835 0.0220121 0.00927902 0.0148199 0.999847 -0.999723
355 358 399 0.999724 -0.0153374 -0.0178188 0.0159566 0.0150095 0.999718 -0.018391 0.0242014 0.0180958 0.0181185 0.999672 -0.99958
355 359 374 0.999595 -0.014241 -0.0246393 0.0436428 0.013793 0.999738 -0.0182602 0.0222893 0.0248929 0.0179129 0.99953 -0.998799
360 361 535 0.999962 -0.0021102 -0.00840378 0.0743163 0.00220506 0.999934 0.0112941 -0.0603963 0.0083794 -0.0113122 0.999901 -0.995404
360 362 490 0.99983 -0.00634604 -0.0172984 0.0530066 0.00659813 0.999872 0.0145549 -0.00396078 0.0172039 -0.0146665 0.999744 -0.998586
360 363 488 0.999803 0.00139666 -0.0198166 -0.0146978 -0.00107343 0.999866 0.0163124 -0.0332297 0.0198367 -0.0162879 0.999671 -0.99934
360 364 380 0.999586 -0.00154443 -0.0287156 0.0126644 0.00170267 0.999983 0.00548689 0.0226885 0.0287066 -0.00553351 0.999573 -0.999662
365 366 497 0.999968 0.00262725 -0.00755367 0.0694899 -0.00264273 0.999994 -0.00204003 0.0218785 0.00754827 0.00205992 0.999969 -0.997343
365 367 548 0.999957 0.00424476 -0.00823332 -0.00567572 -0.00426291 0.999989 -0.00218775 0.0195913 0.00822394 0.00222275 0.999964 -0.999792
