0 1 144 0.999992 0.00289308 0.00263004 0.0378498 -0.00289945 0.999993 0.00242076 0.000280145 -0.00262302 -0.00242837 0.999994 -0.999283
0 2 157 0.999974 0.000605517 0.0072004 0.0148526 -0.000624981 0.999996 0.00270124 0.0170871 -0.00719873 -0.00270567 0.99997 -0.999744
0 3 119 0.999957 0.000451755 0.00925814 0.00915989 -0.000508248 0.999981 0.00610049 -0.0121517 -0.00925521 -0.00610493 0.999939 -0.999884
0 4 102 0.999901 -0.000967144 0.014004 0.0416869 0.000897464 0.999987 0.00498118 0.0130111 -0.0140087 -0.00496812 0.99989 -0.999046
5 6 191 0.999991 -0.00122392 0.00401259 0.0467881 0.00122035 0.999999 0.000893783 0.00226995 -0.00401367 -0.000888879 0.999992 -0.998902
5 7 175 0.999958 -0.00420423 0.00813625 0.0309185 0.0041965 0.999991 0.000966873 0.0299781 -0.00814024 -0.000932688 0.999966 -0.999072
5 8 161 0.999897 -0.00455939 0.0136279 -0.0145749 0.00456164 0.99999 -0.000133373 0.0162387 -0.0136272 0.000195525 0.999907 -0.999762
5 9 116 0.99986 0.00023848 0.0167049 0.0234227 -0.000191636 0.999996 -0.00280575 0.00174888 -0.0167055 0.00280215 0.999857 -0.999724
10 11 183 0.999993 -0.00263272 0.00259401 -0.0533908 0.00263183 0.999996 0.000345049 0.0165476 -0.00259491 -0.000338219 0.999997 -0.998437
10 12 156 0.999993 -0.000911302 0.00368168 0.0418163 0.000907857 0.999999 0.000937233 -0.000868906 -0.00368253 -0.000933884 0.999993 -0.999125
10 13 125 0.999976 -0.00141261 0.00675268 -0.0108542 0.00140256 0.999998 0.00149167 0.0185188 -0.00675477 -0.00148216 0.999976 -0.99977
10 14 101 0.999979 0.003027 0.00564447 0.00631938 -0.00302454 0.999995 -0.000444213 0.00691338 -0.00564579 0.000427132 0.999984 -0.999956
15 16 189 0.999993 -0.00321139 0.00216373 0.0240983 0.00320599 0.999992 0.00249615 0.00770326 -0.00217173 -0.00248919 0.999995 -0.99968
15 17 149 0.999993 -0.00162989 0.00337345 0.000441584 0.00161336 0.999987 0.00489435 0.00306595 -0.00338139 -0.00488888 0.999982 -0.999995
15 18 118 0.999955 -0.00836034 0.00439319 0.0129487 0.00832703 0.999937 0.00754579 -0.00708878 -0.004456 -0.00750887 0.999962 -0.999891
15 19 101 0.999972 -0.00479523 0.0057705 -0.00134825 0.00476889 0.999978 0.00456933 0.0104582 -0.00579228 -0.00454168 0.999973 -0.999944
20 21 164 0.999999 6.78239e-05 0.001393 -0.0154955 -6.58824e-05 0.999999 -0.00139374 -0.00165091 -0.00139309 0.00139365 0.999998 -0.999879
20 22 155 0.999988 -0.00212028 0.00445034 -0.0540657 0.00212586 0.999997 -0.00124879 0.0250211 -0.00444768 0.00125824 0.999989 -0.998224
20 23 97 0.999991 -0.000973866 0.00410126 -0.0648148 0.000977598 0.999999 -0.000907922 0.0216801 -0.00410038 0.000911923 0.999991 -0.997662
20 24 99 0.999972 -0.0025101 0.00708642 -0.013295 0.00251058 0.999997 -5.98239e-05 0.0165144 -0.00708625 7.76132e-05 0.999975 -0.999775
25 26 167 0.999998 0.00115598 -0.00135197 0.101551 -0.00115895 0.999997 -0.00219841 -0.0354695 0.00134942 0.00219997 0.999997 -0.994198
25 27 152 0.999998 -0.00169896 -0.00143441 0.0253622 0.00168867 0.999973 -0.00714032 0.0113216 0.0014465 0.00713788 0.999973 -0.999614
25 28 127 0.999995 -0.00223014 -0.00206078 0.00901664 0.0022119 0.999959 -0.00881424 0.00260466 0.00208036 0.00880964 0.999959 -0.999956
25 29 100 0.99997 0.00678809 -0.00380433 0.0121939 -0.00682757 0.999922 -0.010463 0.0015931 0.00373301 0.0104886 0.999938 -0.999924
30 31 146 0.999996 0.00164714 -0.00216031 0.088929 -0.00163686 0.999987 0.00474893 -0.0272519 0.00216811 -0.00474537 0.999986 -0.995665
30 32 136 0.999992 -0.000173719 -0.00409622 0.0532275 0.000204553 0.999972 0.00752831 0.0176074 0.0040948 -0.00752908 0.999963 -0.998427
30 33 134 0.999989 0.00414285 -0.00229163 0.0135535 -0.00412751 0.999969 0.00665951 0.000263124 0.00231915 -0.00664997 0.999975 -0.999908
30 34 109 0.99997 0.0073991 -0.00249502 0.0064077 -0.00739537 0.999972 0.0015016 0.000412043 0.00250606 -0.0014831 0.999996 -0.999979
35 36 142 0.999987 0.0051475 0.000383937 -0.0369662 -0.00514789 0.999986 0.00103116 0.0354044 -0.000378624 -0.00103312 0.999999 -0.998689
35 37 159 0.999902 0.00669301 0.0123087 -0.203668 -0.00677084 0.999957 0.00629244 -0.0197504 -0.0122661 -0.00637517 0.999904 -0.978841
35 38 109 0.999948 0.00962019 0.0034354 -0.00572448 -0.00965015 0.999915 0.00881345 0.0029641 -0.00335032 -0.00884614 0.999955 -0.999979
35 39 110 0.999985 9.33802e-05 0.00540771 0.00181376 -0.000143647 0.999957 0.00929582 0.0243939 -0.0054066 -0.00929646 0.999942 -0.999701
40 41 171 0.999999 0.000800702 0.00140373 0.0162167 -0.000796868 0.999996 -0.00272987 -0.0208575 -0.00140591 0.00272875 0.999995 -0.999651
40 42 184 0.999991 0.000218105 0.00418158 -0.0248178 -0.000205087 0.999995 -0.00311334 -0.0154111 -0.00418224 0.00311246 0.999986 -0.999573
40 43 161 0.999986 -0.00119767 0.00508493 -0.00744048 0.00122408 0.999986 -0.00519318 -0.00614233 -0.00507864 0.00519933 0.999974 -0.999953
40 44 107 0.999904 0.00311947 0.0135241 -0.0860551 -0.00300657 0.999961 -0.00836082 -0.00149092 -0.0135496 0.00831936 0.999874 -0.996289
45 46 156 0.999998 0.00188926 4.90482e-05 0.0387428 -0.00188925 0.999998 -0.000199884 0.0225659 -4.94258e-05 0.000199791 1 -0.998994
45 47 170 0.99998 -0.00279951 0.00558442 -0.0892841 0.00277578 0.999987 0.00425135 -0.00312734 -0.00559625 -0.00423576 0.999975 -0.996001
45 48 128 0.999995 -0.00304773 -0.000940674 0.00257706 0.00305133 0.999988 0.00385448 0.0133165 0.000928915 -0.00385733 0.999992 -0.999908
45 49 116 0.999999 -0.000642717 0.00131864 0.000319114 0.000638737 0.999995 0.00301633 0.0209045 -0.00132057 -0.00301548 0.999995 -0.999781
50 51 139 0.999999 -0.000920506 0.00110245 -0.00679168 0.000922111 0.999999 -0.00145617 0.0251732 -0.00110111 0.00145718 0.999998 -0.99966
50 52 130 0.999987 -0.0050662 0.000268309 0.00896854 0.0050655 0.999984 0.00256944 0.0252605 -0.000281322 -0.00256805 0.999997 -0.999641
50 53 116 0.999993 -0.00314928 0.0019146 0.00882869 0.00313735 0.999976 0.00620753 0.00917713 -0.0019341 -0.00620148 0.999979 -0.999919
50 54 89 0.999963 0.0076701 0.00395082 0.0286409 -0.00770102 0.999939 0.00787166 -0.0157773 -0.0038902 -0.00790179 0.999961 -0.999465
55 56 193 0.999999 -0.00109266 0.000427071 0.0258118 0.00109363 0.999997 -0.0022778 0.02205 -0.000424581 0.00227827 0.999997 -0.999424
55 57 191 0.999992 0.00398962 0.000899082 -0.00650607 -0.00398676 0.999987 -0.00315349 0.0111683 -0.000911652 0.00314988 0.999995 -0.999916
55 58 130 0.999994 0.00331715 0.0010188 -0.0536097 -0.00331416 0.99999 -0.00292338 0.0380104 -0.00102849 0.00291999 0.999995 -0.997838
55 59 119 0.999883 0.0151277 0.00204902 -0.00514882 -0.015123 0.999883 -0.0022884 0.0151239 -0.0020834 0.00225715 0.999995 -0.999872
60 61 168 0.999999 0.000633648 0.00159399 -0.0109886 -0.000625192 0.999986 -0.00529956 0.060332 -0.00159732 0.00529855 0.999985 -0.998118
60 62 148 0.999991 0.00271456 0.00331784 -0.0406765 -0.00267934 0.99994 -0.0105747 0.059532 -0.00334635 0.0105657 0.999939 -0.997397
60 63 136 0.999975 0.00645803 0.00286181 0.0133057 -0.00642716 0.999922 -0.0106664 0.00314938 -0.00293048 0.0106477 0.999939 -0.999907
60 64 108 0.999994 0.0032786 0.00103139 0.0228092 -0.00327106 0.999969 -0.00722426 0.0115945 -0.00105504 0.00722084 0.999973 -0.999673
65 66 152 0.99999 -0.00386249 0.00226815 -0.0707958 0.00385246 0.999983 0.00441141 0.0476087 -0.00228515 -0.00440263 0.999988 -0.996354
65 67 159 0.99999 -0.00357843 0.00263532 0.0137982 0.0035691 0.999987 0.00353762 0.0110502 -0.00264795 -0.00352818 0.99999 -0.999844
65 68 132 0.999971 -0.0062411 0.00435713 0.000243312 0.00623273 0.999979 0.00193214 0.0104498 -0.0043691 -0.00190493 0.999989 -0.999945
65 69 126 0.999942 -0.00951763 0.00499644 -0.00788301 0.00952573 0.999953 -0.00160099 0.0316476 -0.00498097 0.00164849 0.999986 -0.999468
70 71 189 0.999991 -0.00364808 0.00209061 -0.0248744 0.00365042 0.999993 -0.00111552 0.0619142 -0.00208653 0.00112314 0.999997 -0.997771
70 72 183 0.999996 -0.000780929 0.00280647 -0.00365178 0.000788492 0.999996 -0.00269485 0.046758 -0.00280435 0.00269705 0.999992 -0.9989
70 73 174 0.999977 -0.00126012 0.00665511 -0.0207986 0.00126782 0.999999 -0.00115315 0.010952 -0.00665365 0.00116156 0.999977 -0.999724
70 74 159 1 -0.000776371 -0.000357817 0.101968 0.00077629 1 -0.000224788 -0.0134378 0.000357991 0.00022451 1 -0.994697
75 76 206 0.999998 -0.00121115 0.00141482 -0.00441518 0.00121684 0.999991 -0.00402533 0.0187809 -0.00140993 0.00402705 0.999991 -0.999814
75 77 211 0.999985 -0.00359021 0.00418151 -0.0513011 0.00361228 0.99998 -0.00528114 0.0211601 -0.00416247 0.00529616 0.999977 -0.998459
75 78 185 0.999958 -0.00789561 0.00456007 -0.0442235 0.00790534 0.999967 -0.00211994 0.0376366 -0.00454318 0.0021559 0.999987 -0.998312
75 79 149 0.999951 -0.00801511 0.00574135 0.00540751 0.00798239 0.999952 0.00569913 0.0111529 -0.00578676 -0.00565302 0.999967 -0.999923
80 81 235 0.999997 0.000578546 -0.00229687 0.147171 -0.000573144 0.999997 0.00235201 -0.0480752 0.00229822 -0.00235069 0.999995 -0.987942
80 82 228 0.999994 -0.0023216 0.00271536 -0.0681043 0.00232796 0.999995 -0.0023398 0.00580786 -0.00270991 0.0023461 0.999994 -0.997661
80 83 192 0.999989 -0.00372305 0.00280632 0.0237808 0.00374147 0.999971 -0.00658845 0.0492153 -0.00278171 0.00659887 0.999974 -0.998505
80 84 159 0.999995 -4.21346e-05 0.00302146 -0.00691997 4.75993e-05 0.999998 -0.00180859 0.0180993 -0.00302138 0.00180873 0.999994 -0.999812
85 86 197 0.999982 0.00532162 -0.00261899 0.0686125 -0.00530947 0.999975 0.00462341 0.000774327 0.00264353 -0.00460942 0.999986 -0.997643
85 87 252 0.99983 0.00120536 0.0183791 -0.422299 -0.00133177 0.999976 0.00686698 -0.0242738 -0.0183704 -0.00689029 0.999808 -0.906131
85 88 183 0.999946 -0.00411957 -0.00948923 0.0150995 0.00412272 0.999991 0.000311489 0.0308264 0.00948787 -0.000350593 0.999955 -0.999411
85 89 156 0.999943 -0.000346292 -0.0106651 -0.00419946 0.000328764 0.999999 -0.00164514 0.0219976 0.0106657 0.00164154 0.999942 -0.999749
90 91 191 0.999957 0.00390873 -0.0083655 0.0131579 -0.00393389 0.999988 -0.00299371 0.0103666 0.00835369 0.0030265 0.999961 -0.99986
90 92 220 0.999805 0.00101089 -0.0197039 0.0577728 -0.00109119 0.999991 -0.00406483 0.0413496 0.0196996 0.00408554 0.999798 -0.997473
90 93 178 0.999376 -0.00469459 -0.035016 0.051772 0.00459815 0.999985 -0.00283412 0.00312324 0.0350288 0.00267134 0.999383 -0.998654
90 94 162 0.99848 -0.00882241 -0.0544007 0.101019 0.00859805 0.999954 -0.00435673 0.0219947 0.0544366 0.00388237 0.99851 -0.994641
95 96 126 0.999613 0.00391924 -0.0275386 -0.0508015 -0.00399937 0.999988 -0.00285528 0.06544 0.0275271 0.00296431 0.999617 -0.996562
95 97 155 0.998443 0.00232324 -0.055738 -0.0424229 -0.00244823 0.999995 -0.0021743 0.000386407 0.0557327 0.00230737 0.998443 -0.9991
95 98 145 0.995931 0.0054823 -0.0899502 0.0435743 -0.00580005 0.999978 -0.00327155 0.00585996 0.0899303 0.00377995 0.995941 -0.999033
95 99 110 0.991239 0.00420687 -0.132014 0.0477594 -0.00501547 0.999971 -0.00579316 0.0225505 0.131986 0.00640452 0.991231 -0.998604
100 101 135 0.999164 0.00171006 -0.0408414 -0.175826 -0.00175865 0.999998 -0.00115374 0.0405692 0.0408393 0.0012246 0.999165 -0.983585
100 102 155 0.99625 -0.000670323 -0.0865178 -0.17734 0.000607938 1 -0.000747408 0.0540815 0.0865183 0.000692008 0.99625 -0.982663
100 103 128 0.990084 -0.00125193 -0.140468 -0.122425 0.00210061 0.99998 0.00589374 -0.0129886 0.140457 -0.00613036 0.990068 -0.992393
100 104 113 0.979232 -0.00188119 -0.202733 -0.0446551 0.00268827 0.99999 0.00370574 0.0289278 0.202724 -0.00417378 0.979227 -0.998584
105 106 165 0.99802 0.00088436 -0.062896 -0.150755 -0.000764532 0.999998 0.00192922 -0.0335357 0.0628976 -0.00187731 0.998018 -0.988002
105 107 143 0.991231 0.00286718 -0.132106 -0.0452371 -0.00274213 0.999996 0.00112852 0.0316296 0.132108 -0.000756375 0.991235 -0.998475
105 108 124 0.98039 0.00305479 -0.197042 -0.0167476 -0.0023852 0.999991 0.00363546 0.0110085 0.197051 -0.00309419 0.980388 -0.999799
105 109 100 0.964941 0.00408958 -0.262433 0.0264132 -0.00330176 0.999989 0.00344286 -0.000417711 0.262444 -0.00245567 0.964944 -0.999651
110 111 143 0.997944 -0.000750519 -0.0640891 -0.0873625 0.000743219 1 -0.000137731 -0.00707333 0.0640892 8.98155e-05 0.997944 -0.996151
110 112 143 0.992058 0.005761 -0.125651 -0.102037 -0.00542997 0.999981 0.00297685 -0.0242219 0.125666 -0.00227092 0.99207 -0.994486
110 113 120 0.982825 0.00546238 -0.184458 -0.0256539 -0.00563549 0.999984 -0.00041425 0.0410717 0.184453 0.00144665 0.98284 -0.998827
110 114 95 0.972526 0.00630738 -0.23271 -0.0560361 -0.00570328 0.999978 0.00326869 0.0111958 0.232726 -0.00185167 0.972541 -0.998366
115 116 169 0.998311 0.000431695 -0.0580876 0.130928 -0.000213347 0.999993 0.00376509 -0.050155 0.0580889 -0.00374634 0.998304 -0.990122
115 117 154 0.994787 0.00676147 -0.101746 -0.0369862 -0.00622184 0.999965 0.00562019 -0.0294932 0.10178 -0.00495785 0.994795 -0.99888
115 118 82 0.989982 0.0226806 -0.139363 -0.0865454 -0.0225305 0.999743 0.00265442 0.00256181 0.139388 0.000512108 0.990238 -0.996245
115 119 100 0.983723 0.0213323 -0.178419 -0.0321917 -0.0218817 0.99976 -0.00111197 0.0177933 0.178353 0.00499799 0.983954 -0.999323
120 121 104 0.999397 -0.0105697 -0.0330816 0.0305113 0.0107144 0.999934 0.00419857 0.0249335 0.033035 -0.00455049 0.999444 -0.999223
120 122 115 0.997819 -0.0178466 -0.0635439 0.027534 0.0183756 0.999801 0.00775034 0.0330809 0.0633929 -0.0089011 0.997949 -0.999073
120 123 87 0.996092 -0.015604 -0.0869344 -0.00297319 0.0165042 0.999817 0.00964582 0.0236139 0.086768 -0.0110429 0.996167 -0.999717
120 124 65 0.993812 -0.00589183 -0.110916 0.00347502 0.00738006 0.999888 0.0130118 0.0114806 0.110827 -0.0137498 0.993745 -0.999928
125 126 96 0.999819 0.000942831 -0.0189989 -0.025128 -0.000821173 0.999979 0.00641019 -0.0272875 0.0190046 -0.00639343 0.999799 -0.999312
125 127 76 0.999288 -0.00229849 -0.0376586 0.00161389 0.00254978 0.999975 0.00662596 -0.0175768 0.0376424 -0.00671726 0.999269 -0.999844
125 128 109 0.998451 -0.00833 -0.0550188 0.0188837 0.00851779 0.999959 0.00317964 -0.00779256 0.0549901 -0.00364335 0.99848 -0.999791
125 129 72 0.99775 -0.0013213 -0.0670279 -0.02129 0.00128227 0.999999 -0.000625344 -0.000536524 0.0670286 0.000537989 0.997751 -0.999773
130 131 106 0.999921 -0.000868779 -0.0125178 0.0371464 0.000848479 0.999998 -0.00162686 0.0666484 0.0125192 0.00161611 0.99992 -0.997085
130 132 114 0.999716 0.0056659 -0.0231637 0.00637042 -0.00567436 0.999984 -0.000299411 0.017155 0.0231616 0.000430766 0.999732 -0.999833
130 133 91 0.999549 0.00871093 -0.0287318 -0.0348613 -0.00870019 0.999962 0.000498774 0.01078 0.0287351 -0.000248577 0.999587 -0.999334
130 134 129 0.999289 0.0103645 -0.0362629 0.00893785 -0.0102903 0.999945 0.00223297 0.00232734 0.036284 -0.00185823 0.99934 -0.999957
135 136 96 0.999982 -0.00151925 -0.0058123 0.000329602 0.00152038 0.999999 0.000190154 0.0160534 0.005812 -0.000198987 0.999983 -0.999871
135 137 129 0.99994 0.000646929 -0.010973 0.0105871 -0.000627563 0.999998 0.00176822 -0.00204053 0.0109741 -0.00176123 0.999938 -0.999942
135 138 117 0.999876 0.00841821 -0.0132884 0.0170126 -0.00839385 0.999963 0.0018878 -0.0135246 0.0133038 -0.00177602 0.99991 -0.999764
135 139 99 0.999851 0.00677346 -0.0158494 0.0252634 -0.00677391 0.999977 2.48594e-05 0.0182623 0.0158492 8.2507e-05 0.999874 -0.999514
140 141 80 0.999988 0.00472956 -0.00119039 -0.046157 -0.00472994 0.999989 -0.000310798 0.0012669 0.0011889 0.000316425 0.999999 -0.998933
140 142 154 0.999966 0.00778549 -0.00257611 0.0832115 -0.0077877 0.999969 -0.00084836 0.0245817 0.00256943 0.000868393 0.999996 -0.996229
140 143 113 0.999933 0.0107676 0.00426037 -0.038047 -0.0107661 0.999942 -0.000362191 -0.00199314 -0.00426402 0.000316299 0.999991 -0.999274
140 144 97 0.999872 0.0141689 0.00743781 -0.00992784 -0.0141458 0.999895 -0.0031463 0.044095 -0.00748161 0.00304068 0.999967 -0.998978
145 146 143 0.999999 0.00106288 -0.00114189 0.183434 -0.00106361 0.999999 -0.000639741 -0.0407983 0.00114121 0.000640955 0.999999 -0.982185
145 147 163 0.999999 0.00142197 2.42119e-06 0.156641 -0.00142198 0.999998 0.00128152 -0.0559447 -5.98892e-07 -0.00128152 0.999999 -0.98607
145 148 130 0.999877 0.0056346 0.0146248 -0.0366809 -0.0055737 0.999976 -0.00420161 -0.0160313 -0.0146482 0.00411958 0.999884 -0.999198
145 149 93 0.999851 0.00228858 0.017112 0.0104591 -0.00218574 0.999979 -0.00602616 -0.002864 -0.0171255 0.00598786 0.999835 -0.999941
150 151 133 0.999999 -0.00165399 -6.16779e-05 0.118971 0.00165424 0.999989 0.00431016 -0.00218023 5.45483e-05 -0.00431026 0.999991 -0.992895
150 152 137 0.999974 -0.00701338 0.00161099 0.0510358 0.00699332 0.999902 0.0121382 -0.0322317 -0.00169596 -0.0121266 0.999925 -0.998177
150 153 112 0.999951 -0.00987779 -0.000294329 0.0699605 0.00988074 0.99987 0.012777 0.00615941 0.000168082 -0.0127793 0.999918 -0.997531
150 154 98 0.999941 -0.00967806 0.00503054 0.0209484 0.00961477 0.999876 0.0124571 -0.00744808 -0.00515048 -0.012408 0.99991 -0.999753
155 156 158 1 3.0619e-05 -2.78134e-05 0.0345972 -3.06573e-05 0.999999 -0.0013772 0.00289153 2.77712e-05 0.0013772 0.999999 -0.999397
155 157 164 0.999985 -0.00430809 -0.00350371 0.0637182 0.00429962 0.999988 -0.00242007 0.0262181 0.00351409 0.00240497 0.999991 -0.997623
155 158 128 0.999983 -0.00576166 0.000452776 0.018071 0.00576277 0.99998 -0.00249803 0.0275769 -0.000438374 0.0025006 0.999997 -0.999456
155 159 112 0.999963 -0.00815943 0.0026768 -0.0183041 0.00816225 0.999966 -0.00104531 0.0134341 -0.00266818 0.00106712 0.999996 -0.999742
160 161 246 0.999986 -0.0025816 -0.00457977 0.0414113 0.00258935 0.999995 0.0016864 -0.021155 0.00457539 -0.00169824 0.999988 -0.998918
160 162 174 0.99997 -0.00568426 -0.00523672 -0.0096739 0.0056759 0.999983 -0.00161005 0.00280772 0.00524578 0.00158028 0.999985 -0.999949
160 163 165 0.999853 -0.00564657 -0.0162082 0.0518342 0.00561516 0.999982 -0.00198254 -0.00421495 0.0162191 0.00189124 0.999867 -0.998647
160 164 146 0.999763 -0.0142243 -0.0164576 -0.0111291 0.0140868 0.999865 -0.00843933 0.0364198 0.0165754 0.00820549 0.999829 -0.999275
165 166 155 0.999965 -0.000730861 -0.00836283 0.0146897 0.00074232 0.999999 0.0013672 0.006444 0.00836182 -0.00137336 0.999964 -0.999871
165 167 153 0.999829 0.000895048 -0.0184727 -0.0137024 -0.00087333 0.999999 0.00118371 0.021499 0.0184737 -0.00116737 0.999829 -0.999675
165 168 134 0.999508 -0.00521737 -0.0309232 0.0320269 0.00521879 0.999986 -3.49688e-05 0.0104717 0.0309229 -0.00012643 0.999522 -0.999432
165 169 108 0.999195 0.00891078 -0.0391049 0.0263723 -0.008853 0.999959 0.00165028 -0.00544626 0.039118 -0.00130276 0.999234 -0.999637
170 171 130 0.999917 -0.00120484 -0.0128575 0.0322199 0.00120513 0.999999 1.50049e-05 0.0286909 0.0128575 -3.04987e-05 0.999917 -0.999069
170 172 125 0.999767 -0.000993471 -0.021569 -0.00244564 0.000994548 1 3.91955e-05 0.0273112 0.021569 -6.06377e-05 0.999767 -0.999624
170 173 127 0.999474 0.00235538 -0.0323458 0.00797568 -0.0022262 0.999989 0.00402903 -0.0144746 0.032355 -0.00395491 0.999469 -0.999863
170 174 90 0.999049 0.00415189 -0.0433971 0.0414688 -0.00396882 0.999983 0.00430396 -0.00159671 0.0434142 -0.00412763 0.999049 -0.999139
175 176 107 0.999944 0.000847972 -0.0105943 0.0258861 -0.000846088 1 0.000182265 0.00691705 0.0105945 -0.000173291 0.999944 -0.999641
175 177 113 0.999811 -0.000599899 -0.0194441 0.00702124 0.000608635 1 0.000443407 0.0215349 0.0194438 -0.000455157 0.999811 -0.999743
175 178 111 0.99955 0.00385329 -0.0297416 0.0242897 -0.00382383 0.999992 0.00104711 0.00113903 0.0297454 -0.00093291 0.999557 -0.999704
175 179 92 0.999337 0.00178181 -0.0363589 0.023314 -0.00178678 0.999998 -0.000104218 0.0102473 0.0363587 0.000169114 0.999339 -0.999676
180 181 171 0.999979 0.00634931 -0.00128667 -0.100782 -0.00634979 0.99998 -0.000363052 -0.0240204 0.00128433 0.000371215 0.999999 -0.994619
180 182 137 0.999964 0.00453886 -0.00722507 0.00412855 -0.00456205 0.999984 -0.00319647 0.0227145 0.00721045 0.00322932 0.999969 -0.999733
180 183 121 0.999915 0.0104437 -0.00786001 -0.00498815 -0.0104638 0.999942 -0.00252024 -0.0133454 0.00783324 0.00260227 0.999966 -0.999899
180 184 115 0.999887 0.0125388 -0.00826974 -0.00882105 -0.0125391 0.999921 1.3151e-05 -0.0250323 0.00826925 9.05458e-05 0.999966 -0.999648
185 186 188 0.999997 0.00110519 -0.00237204 0.182555 -0.00109847 0.999995 0.00283267 -0.00745984 0.00237516 -0.00283005 0.999993 -0.983167
185 187 152 0.999956 0.00399506 0.00843863 0.0147166 -0.00402106 0.999987 0.00306563 0.00357299 -0.00842627 -0.00309943 0.99996 -0.999885
185 188 146 0.99985 -0.00178816 0.0172315 -0.0148955 0.00173898 0.999994 0.00286854 0.0234854 -0.0172366 -0.00283814 0.999847 -0.999613
185 189 122 0.999641 -0.000609623 0.0267679 -0.00186215 0.000556284 0.999998 0.00200004 0.0246807 -0.026769 -0.00198443 0.99964 -0.999694
190 191 149 0.999853 -0.000440762 0.0171505 0.0483963 0.000422051 0.999999 0.00109459 0.0343035 -0.0171509 -0.00108719 0.999852 -0.998239
190 192 130 0.999214 -0.00110486 0.0396158 0.00528906 0.000974365 0.999994 0.00331321 0.0208305 -0.0396193 -0.00327201 0.999209 -0.999769
190 193 172 0.995501 0.00214416 -0.094727 0.913167 0.00260638 0.998746 0.0499976 -0.241316 0.0947155 -0.0500195 0.994247 -0.328471
190 194 141 0.99611 -0.00642291 0.087887 0.0210906 0.00569396 0.999947 0.00854234 0.0260752 -0.0879372 -0.00800869 0.996094 -0.999437
195 196 259 0.999994 0.00232345 0.00249192 0.727226 -0.00233441 0.999988 0.00440588 -0.119578 -0.00248165 -0.00441167 0.999987 -0.675902
195 197 172 0.996942 -0.00332409 0.0780716 0.0724023 0.00391745 0.999965 -0.00744828 0.0368839 -0.078044 0.00773135 0.99692 -0.996693
195 198 134 0.992054 0.00386389 0.125753 -0.00749869 -0.00280087 0.999959 -0.00862899 0.0143043 -0.125781 0.0082082 0.992024 -0.99987
195 199 90 0.983366 -0.011557 0.181265 -0.0620396 0.0152218 0.999707 -0.0188403 0.0695673 -0.180994 0.0212861 0.983254 -0.995646
200 201 150 0.998144 -0.00341834 0.0608019 -0.0496414 0.00370066 0.999983 -0.00453119 0.0838163 -0.0607854 0.00474779 0.99814 -0.995244
200 202 76 0.998962 0.00926112 -0.0445979 0.720665 -0.00991463 0.999846 -0.0144546 0.0826617 0.0444572 0.0148818 0.9989 -0.688338
200 203 46 0.983084 0.00468453 0.183093 0.01948 -0.00647298 0.999937 0.00917154 -0.0133322 -0.183039 -0.0102016 0.983053 -0.999721
200 204 29 0.036057 0.839756 0.541765 -0.616392 -0.983193 -0.0672802 0.169723 -0.048648 0.178976 -0.538779 0.823216 -0.785936
205 206 137 0.997081 -0.00345879 0.0762779 -0.0382153 0.0031448 0.999986 0.00423614 -0.0320991 -0.0762915 -0.0039839 0.997078 -0.998754
205 207 75 0.984097 0.00103347 0.177628 -0.389312 -0.00370318 0.999885 0.014699 -0.127538 -0.177592 -0.015123 0.983988 -0.912233
205 208 52 0.964908 0.00364828 0.262561 -0.436874 -0.00907282 0.99977 0.0194507 -0.138521 -0.26243 -0.0211503 0.964719 -0.888793
205 209 54 0.960876 0.00791419 0.276865 -0.0556989 -0.00670988 0.999963 -0.00529694 0.0232319 -0.276897 0.00323197 0.960894 -0.998177
210 211 123 0.997678 -0.00192931 0.0680762 0.0190122 0.0022756 0.999985 -0.00500964 -0.00323096 -0.0680655 0.00515292 0.997668 -0.999814
210 212 98 0.991836 -0.00315982 0.127482 0.0450098 0.00449369 0.999938 -0.0101769 -0.0158307 -0.127442 0.0106667 0.991789 -0.998861
210 213 80 0.983229 0.000598536 0.182376 0.0261398 0.00282855 0.999824 -0.0185306 0.0361454 -0.182356 0.0187356 0.983054 -0.999005
210 214 80 0.97226 -0.00681747 0.233803 -0.0106092 0.0112273 0.999783 -0.0175358 0.0149517 -0.233632 0.0196743 0.972126 -0.999832
215 216 94 0.999311 -0.00641544 0.0365551 0.0682412 0.00633275 0.999977 0.00237742 -0.00651409 -0.0365695 -0.00214429 0.999329 -0.997648
215 217 152 0.997816 -0.00934358 0.0653953 0.127741 0.00914485 0.999953 0.00333753 0.00254935 -0.0654234 -0.00273221 0.997854 -0.991804
215 218 115 0.9957 0.00127265 0.0926297 -0.00884476 -0.00149177 0.999996 0.00229635 0.00934551 -0.0926265 -0.00242466 0.995698 -0.999917
215 219 107 0.994259 0.000322419 0.106999 0.0270862 -0.000537244 0.999998 0.00197891 0.020647 -0.106998 -0.00202503 0.994257 -0.99942
220 221 153 0.99992 -0.00842489 0.0093989 0.012464 0.00843232 0.999964 -0.000751447 0.0202656 -0.00939224 0.000830642 0.999956 -0.999717
220 222 156 0.999793 -0.011733 0.0165992 0.029576 0.0117147 0.999931 0.00120188 0.0121203 -0.0166121 -0.00100718 0.999862 -0.999489
220 223 147 0.999624 -0.0199646 0.0188059 0.0334014 0.0198918 0.999794 0.00405245 0.0144444 -0.018883 -0.00367684 0.999815 -0.999338
220 224 144 0.99957 -0.0187968 0.0224843 -0.0511341 0.0186403 0.999801 0.00715198 0.00420066 -0.0226143 -0.00672979 0.999722 -0.998683
225 226 106 0.999987 0.00364723 -0.00344393 -0.0756974 -0.00362287 0.999969 0.00705297 -0.0407049 0.00346954 -0.0070404 0.999969 -0.9963
225 227 129 0.99997 0.00272686 -0.00729753 -0.0271485 -0.00264797 0.999938 0.010798 -0.0171696 0.00732652 -0.0107783 0.999915 -0.999484
225 228 122 0.999899 -0.000730423 -0.0142103 0.053782 0.000872924 0.999949 0.0100244 0.00633965 0.0142022 -0.0100358 0.999849 -0.998533
225 229 127 0.999769 -0.00816852 -0.0198737 0.0373014 0.00825502 0.999957 0.00427431 0.0217521 0.0198379 -0.00443738 0.999793 -0.999067
230 231 97 0.999989 0.00261609 -0.00392324 -0.00756925 -0.00263845 0.99998 -0.00570522 -0.0189857 0.00390824 0.00571551 0.999976 -0.999791
230 232 118 0.999972 0.003148 -0.00682374 0.0116085 -0.00322191 0.999936 -0.0108486 0.0179473 0.00678915 0.0108703 0.999918 -0.999772
230 233 115 0.999918 0.00739226 -0.0104913 -0.000340991 -0.0075167 0.999901 -0.0118719 0.0175685 0.0104025 0.0119498 0.999874 -0.999846
230 234 124 0.999761 0.0183666 -0.0118298 0.0528272 -0.0184458 0.999808 -0.00662038 0.0088417 0.011706 0.00683701 0.999908 -0.998565
235 236 70 0.999995 -0.00298881 0.000360247 0.0108752 0.00298633 0.999973 0.00668061 0.0165701 -0.000380204 -0.0066795 0.999978 -0.999804
235 237 139 0.999994 -0.00270987 0.0022344 0.00158139 0.0026841 0.999931 0.0114553 -0.0154196 -0.00226529 -0.0114492 0.999932 -0.99988
235 238 107 0.999976 -0.00578123 0.00374121 0.0486701 0.00576023 0.999968 0.00560087 0.0168069 -0.00377347 -0.00557918 0.999977 -0.998673
235 239 109 0.999979 -0.00222148 0.0060455 0.0147859 0.00222776 0.999997 -0.00103226 0.015403 -0.00604319 0.0010457 0.999981 -0.999772
240 241 73 0.999995 0.000483689 0.00318759 -0.0470535 -0.000487136 0.999999 0.00108077 0.0247159 -0.00318706 -0.00108232 0.999994 -0.998587
240 242 98 0.999965 -0.00736447 0.00393017 0.0242072 0.00734336 0.999959 0.00535869 0.0133109 -0.00396947 -0.00532965 0.999978 -0.999618
240 243 97 0.999941 -0.00558513 0.00934117 -0.0132466 0.00548713 0.99993 0.0104845 0.00141401 -0.00939907 -0.0104326 0.999901 -0.999911
240 244 83 0.999906 -0.00854883 0.0107323 0.00813721 0.00841662 0.999889 0.0123034 0.0185323 -0.0108363 -0.0122119 0.999867 -0.999795
245 246 109 0.999997 9.38256e-05 0.00224605 0.0598039 -8.90646e-05 0.999998 -0.00211972 0.0304325 -0.00224624 0.00211952 0.999995 -0.997746
245 247 126 0.999967 0.0063593 0.00513874 0.00422323 -0.0063364 0.99997 -0.00446053 0.00297327 -0.00516695 0.00442782 0.999977 -0.999987
245 248 122 0.999882 0.0134102 0.00754619 -0.00436631 -0.0133628 0.999891 -0.00630621 0.00426871 -0.00762993 0.00620462 0.999952 -0.999981
245 249 102 0.999876 0.0135553 0.00805776 -0.00239264 -0.0134909 0.999877 -0.0079854 0.00649104 -0.00816501 0.0078757 0.999936 -0.999976
250 251 91 0.999973 -0.0070845 -0.00209111 0.100058 0.0070901 0.999971 0.00268121 -0.0152804 0.00207206 -0.00269596 0.999994 -0.994864
250 252 149 0.999994 -0.0033671 -0.000822866 0.0215378 0.00337303 0.999968 0.00731282 -0.042608 0.000798216 -0.00731555 0.999973 -0.99886
250 253 129 0.999871 -0.0160454 -0.00118878 -0.0136312 0.0160543 0.99984 0.00786202 -0.0074409 0.00106244 -0.00788009 0.999968 -0.999879
250 254 115 0.999806 -0.0194341 -0.00311363 0.00972989 0.0194586 0.999779 0.00801506 -0.0126188 0.00295717 -0.00807409 0.999963 -0.999873
255 256 110 0.999991 -0.00192323 -0.00380164 0.0284274 0.00192765 0.999997 0.00115817 0.00272701 0.0037994 -0.00116549 0.999992 -0.999592
255 257 85 0.99999 0.00183673 -0.00410557 0.0113573 -0.00182489 0.999994 0.00288522 0.00730087 0.00411084 -0.0028777 0.999987 -0.999909
255 258 103 0.999903 0.013376 -0.00377371 -0.0242249 -0.013365 0.999906 0.00293008 0.000143555 0.00381255 -0.00287937 0.999989 -0.999707
255 259 84 0.999892 0.0129912 -0.00693276 0.00571715 -0.0129609 0.999906 0.00440151 0.00355244 0.00698929 -0.00431118 0.999966 -0.999977
260 261 100 0.999995 -0.00291179 -0.00154455 0.0304402 0.00290641 0.99999 -0.00347307 0.0152535 0.00155465 0.00346856 0.999993 -0.99942
260 262 120 0.999971 -0.00660914 -0.00390055 0.0358086 0.00657919 0.999949 -0.00764291 0.0057257 0.00395087 0.00761702 0.999963 -0.999342
260 263 93 0.999933 -0.0104375 -0.00502959 0.0448082 0.0103767 0.999875 -0.011969 0.00981344 0.00515388 0.011916 0.999916 -0.998947
260 264 94 0.999974 -0.0038969 -0.00598502 0.0405594 0.00385808 0.999972 -0.00648385 0.00848776 0.00601012 0.00646059 0.999961 -0.999141
265 266 92 0.999979 0.00617702 0.00183104 -0.0575361 -0.00619121 0.99995 0.00785221 0.0184788 -0.00178245 -0.00786339 0.999967 -0.998172
265 267 114 0.999982 0.00565235 0.00190087 -0.0112791 -0.00565126 0.999984 -0.000579067 0.0171732 -0.00190412 0.000568315 0.999998 -0.999789
265 268 79 0.999976 0.00618175 0.0031785 -0.015473 -0.00611343 0.999759 -0.0210727 0.0275467 -0.003308 0.0210527 0.999773 -0.999501
265 269 81 0.999987 0.00347575 0.00385494 0.00463386 -0.00333802 0.999376 -0.0351767 0.0399995 -0.0039748 0.0351633 0.999374 -0.999189
270 271 114 0.999961 -0.0083831 0.00271293 -0.047154 0.00834423 0.999867 0.0140358 0.0776664 -0.00283023 -0.0140126 0.999898 -0.995864
270 272 105 0.999991 -0.00355479 0.0024319 0.0152267 0.00349299 0.999682 0.0249607 -0.00717415 -0.00251986 -0.024952 0.999685 -0.999858
270 273 78 0.999988 -0.000684192 0.00485059 -0.00448659 0.000564826 0.999698 0.0245672 0.00708263 -0.00486594 -0.0245642 0.999686 -0.999965
270 274 77 0.999972 0.000980542 0.00742733 0.0123242 -0.0011622 0.999699 0.0244934 0.00171568 -0.00740108 -0.0245013 0.999672 -0.999923
275 276 111 0.999987 -0.000358965 0.00511008 0.0192298 0.000352759 0.999999 0.00121531 0.0129554 -0.00511051 -0.00121349 0.999986 -0.999731
275 277 100 0.999958 -0.00591362 0.00702071 0.041873 0.00590217 0.999981 0.00164952 0.0215083 -0.00703034 -0.00160801 0.999974 -0.998891
275 278 93 0.999869 -0.0129864 0.00964741 0.011502 0.0129618 0.999913 0.00260725 0.00867812 -0.00968042 -0.00248187 0.99995 -0.999896
275 279 87 0.99982 -0.0144805 0.0122634 0.00776407 0.0144728 0.999895 0.000722774 0.0104284 -0.0122726 -0.000545159 0.999925 -0.999915
280 281 133 0.999995 0.00310294 0.000708998 0.0727949 -0.0031037 0.999995 0.00106611 -0.0226924 -0.000705687 -0.0010683 0.999999 -0.997089
280 282 117 0.999983 0.00367452 0.00453441 -0.0120954 -0.00368438 0.999991 0.00216769 0.0284861 -0.0045264 -0.00218436 0.999987 -0.999521
280 283 112 0.999916 0.00948868 0.00886813 0.00393242 -0.00955723 0.999925 0.00772032 0.00371928 -0.0087942 -0.00780443 0.999931 -0.999985
280 284 94 0.99983 0.0119013 0.0140828 0.00912322 -0.0120095 0.999899 0.00762042 0.0110589 -0.0139907 -0.00778826 0.999872 -0.999897
285 286 123 0.999978 0.000851951 0.00655266 -0.0248212 -0.000793969 0.999961 -0.00884614 0.0284039 -0.00655993 0.00884074 0.999939 -0.999288
285 287 117 0.999937 0.00466581 0.0102076 -0.0160483 -0.00447545 0.999817 -0.0185929 0.0300278 -0.0102925 0.018546 0.999775 -0.99942
285 288 97 0.999917 -0.00514016 0.0118035 0.0264603 0.00535166 0.999824 -0.0179571 0.0114834 -0.0117092 0.0180188 0.999769 -0.999584
285 289 87 0.999792 -0.0038465 0.0200121 -0.00113447 0.0041595 0.999869 -0.0156222 0.024363 -0.0199494 0.0157022 0.999678 -0.999703
290 291 121 0.999972 0.0043906 0.00607091 0.0495653 -0.00442265 0.999976 0.00527562 0.012007 -0.0060476 -0.00530232 0.999968 -0.998699
290 292 112 0.999896 0.00493897 0.0135346 -0.0170137 -0.00499366 0.999979 0.0040102 0.00408032 -0.0135145 -0.00407737 0.9999 -0.999847
290 293 95 0.999825 -0.00246507 0.0185584 0.0200252 0.0024426 0.999996 0.00123354 0.0136689 -0.0185614 -0.00118799 0.999827 -0.999706
290 294 90 0.999615 -0.015354 0.0230949 0.0807204 0.015244 0.999872 0.00493037 0.0140762 -0.0231677 -0.00457641 0.999721 -0.996637
295 296 123 0.999988 -0.0011707 0.00474335 0.122671 0.00115944 0.999997 0.00237624 0.0216133 -0.00474611 -0.00237071 0.999986 -0.992212
295 297 107 0.99989 0.0006974 0.0147976 0.030412 -0.000677916 0.999999 -0.00132169 0.0201266 -0.0147985 0.00131152 0.99989 -0.999335
295 298 97 0.999769 -0.00380796 0.0211423 0.0408996 0.00393285 0.999975 -0.00586875 0.0168543 -0.0211194 0.00595054 0.999759 -0.999021
295 299 83 0.999514 -0.0057566 0.0306258 0.0137861 0.00611815 0.999913 -0.0117249 0.0189375 -0.0305556 0.0119065 0.999462 -0.999726
300 301 116 0.999963 4.28384e-05 0.00860055 -0.0733678 -1.955e-05 0.999996 -0.00270784 0.0109105 -0.00860064 0.00270757 0.999959 -0.997245
300 302 114 0.999786 0.000461477 0.0206598 -0.167971 -0.000503804 0.999998 0.00204358 -0.00652291 -0.0206589 -0.00205355 0.999784 -0.98577
300 303 104 0.999892 -0.00709155 0.0129053 0.031094 0.00701922 0.999959 0.00564072 0.0190205 -0.0129448 -0.00554952 0.999901 -0.999335
300 304 90 0.999851 -0.00690312 0.0157956 0.023762 0.00671985 0.99991 0.0116265 0.0050831 -0.0158745 -0.0115186 0.999808 -0.999705
305 306 127 0.999997 -0.00201021 0.00125243 0.085783 0.00201778 0.99998 -0.00606524 0.00313734 -0.00124021 0.00606775 0.999981 -0.996309
305 307 100 0.999981 -0.00165454 0.00601219 0.0289572 0.0017532 0.999863 -0.0164417 0.0137899 -0.00598417 0.0164519 0.999847 -0.999486
305 308 94 0.999978 -0.00353853 0.00561328 0.0363865 0.00366845 0.999722 -0.023307 0.0191043 -0.00552924 0.0233271 0.999713 -0.999155
305 309 85 0.999894 -0.00935252 0.011169 0.00294154 0.00956838 0.999765 -0.0194321 0.0297792 -0.0109847 0.0195369 0.999749 -0.999552
310 311 154 0.999959 0.0053425 0.0072642 0.0425676 -0.00538461 0.999969 0.00578909 -0.0271218 -0.00723305 -0.00582797 0.999957 -0.998725
310 312 108 0.999924 7.36891e-05 0.0123145 0.029775 -0.000128405 0.99999 0.00444244 -0.00498268 -0.0123141 -0.00444369 0.999914 -0.999544
310 313 95 0.999777 0.00393555 0.0207495 3.85e-06 -0.00385886 0.999986 -0.0037349 0.0172946 -0.0207639 0.003654 0.999778 -0.99985
310 314 80 0.999392 0.0208313 0.0279665 0.0475285 -0.0206128 0.999755 -0.00807629 0.000797695 -0.0281279 0.00749491 0.999576 -0.99887
315 316 154 0.999962 0.00599366 0.00635437 0.0270766 -0.00598769 0.999982 -0.000957053 0.0327023 -0.00635999 0.000918969 0.999979 -0.999098
315 317 137 0.999936 0.00460586 0.010378 0.0510224 -0.00467584 0.999966 0.00672874 0.0187284 -0.0103467 -0.00677683 0.999924 -0.998522
315 318 142 0.999479 0.0233649 0.0222687 -0.0114881 -0.0237852 0.99954 0.0188014 -0.0156875 -0.0218192 -0.0193213 0.999575 -0.999811
315 319 110 0.998957 0.0373309 0.0263091 0.0115796 -0.0378794 0.999069 0.0206702 -0.021277 -0.025513 -0.0216452 0.99944 -0.999707
320 321 161 0.999898 -0.0135141 0.00461528 0.0631497 0.0135728 0.999824 -0.0129208 0.0271051 -0.00443986 0.0129822 0.999906 -0.997636
320 322 130 0.999876 -0.0120677 0.0100943 0.0240019 0.012265 0.99973 -0.0197115 0.0193814 -0.00985366 0.0198329 0.999755 -0.999524
320 323 104 0.999678 -0.0222892 0.0121397 0.0220453 0.0224826 0.999619 -0.0160337 0.0259682 -0.0117777 0.0163015 0.999798 -0.99942
320 324 120 0.99974 -0.015598 0.0166214 0.00564155 0.0157156 0.999852 -0.0069647 0.00633344 -0.0165103 0.0072241 0.999838 -0.999964
325 326 153 0.999989 0.00475079 0.000588214 0.0626512 -0.00475349 0.999978 0.00466703 -0.0290432 -0.000566029 -0.00466977 0.999989 -0.997613
325 327 114 0.99995 0.0092522 0.00382904 0.0343071 -0.00925105 0.999957 -0.000319036 0.00229349 -0.00383182 0.000283598 0.999993 -0.999409
325 328 111 0.999987 0.00212051 0.00455036 0.00808952 -0.00207313 0.999944 -0.0103933 0.0232485 -0.00457215 0.0103837 0.999936 -0.999697
325 329 100 0.99999 0.00220116 0.00392641 0.0159381 -0.00213905 0.999874 -0.0157539 0.0260906 -0.00396059 0.0157454 0.999868 -0.999533
330 331 140 0.999985 0.00532046 0.00163872 0.0245207 -0.00533539 0.999943 0.00924337 -0.0100053 -0.00158945 -0.00925197 0.999956 -0.999649
330 332 139 0.99988 0.0147817 0.00465946 -0.00974304 -0.0148789 0.999657 0.021566 -0.019768 -0.00433908 -0.0216328 0.999757 -0.999757
330 333 120 0.999725 0.0222943 0.00729841 -0.0316439 -0.0224724 0.999427 0.0253027 -0.00792068 -0.00673012 -0.0254597 0.999653 -0.999468
330 334 109 0.999758 0.0213239 0.00543221 0.0153753 -0.0214306 0.999562 0.0203893 0.00255489 -0.00499505 -0.0205008 0.999777 -0.999879
335 336 156 0.999997 -0.00125367 0.00190529 0.0165727 0.00125878 0.999996 -0.00267969 0.0159639 -0.00190192 0.00268208 0.999995 -0.999735
335 337 146 0.99999 -0.00293001 0.00352332 -0.00327249 0.00293139 0.999996 -0.000386131 0.0270654 -0.00352218 0.000396455 0.999994 -0.999628
335 338 97 0.999994 -7.99174e-05 0.00356376 0.00179669 5.73422e-05 0.99998 0.00633428 0.00868821 -0.0035642 -0.00633403 0.999974 -0.999961
335 339 84 0.999978 -0.00112899 0.00658429 -0.0325979 0.00107626 0.999967 0.00800771 0.00182371 -0.00659312 -0.00800045 0.999946 -0.999467
340 341 114 0.999996 -0.00249525 0.00158868 -0.0114612 0.00249928 0.999994 -0.00253533 0.0164378 -0.00158234 0.00253929 0.999996 -0.999799
340 342 82 0.999995 -0.00285642 0.00103467 0.0218125 0.00286222 0.99998 -0.00564948 0.000851074 -0.00101851 0.00565241 0.999984 -0.999762
340 343 77 0.99998 -0.00560594 0.00305095 0.0184341 0.00562626 0.999962 -0.00669509 0.03414 -0.0030133 0.00671212 0.999973 -0.999247
340 344 60 0.999852 -0.0171556 0.00119272 0.00775457 0.0171569 0.999852 -0.0010833 0.00871402 -0.00117396 0.0011036 0.999999 -0.999932
345 346 83 0.999998 0.000956095 0.00148395 -0.0158183 -0.000956295 1 0.00013427 -0.000657454 -0.00148383 -0.000135689 0.999999 -0.999875
345 347 95 0.999988 -0.00419602 0.00264216 0.0264809 0.00422145 0.999944 -0.00969373 0.0132529 -0.00260133 0.00970476 0.99995 -0.999561
345 348 76 0.999983 0.00151129 0.00558901 0.00814673 -0.00140036 0.999803 -0.0197992 0.0341172 -0.00561783 0.019791 0.999788 -0.999385
345 349 53 0.999971 0.00519144 0.00563299 0.0162112 -0.00507294 0.99977 -0.0208495 0.0325249 -0.00573993 0.0208203 0.999767 -0.999339
350 351 85 0.999999 -0.00127866 -0.00011427 -0.0485104 0.00127917 0.999988 0.00463689 0.00249531 0.00010834 -0.00463703 0.999989 -0.99882
350 352 99 0.999982 -0.00598153 -0.000662464 -0.0485127 0.00598866 0.999918 0.0113443 0.0275961 0.000594553 -0.0113481 0.999935 -0.998441
350 353 73 0.999994 0.00290843 -0.001723 -0.0124848 -0.00288322 0.999891 0.014461 0.00085132 0.00176488 -0.014456 0.999894 -0.999922
350 354 76 0.999976 0.00445248 -0.00529812 0.00694837 -0.00434661 0.999794 0.0198283 0.00266632 0.00538532 -0.0198048 0.999789 -0.999972
355 356 72 0.999986 0.000519291 -0.00531934 -0.0232539 -0.000547805 0.999985 -0.0053604 0.00305059 0.00531648 0.00536323 0.999971 -0.999725
355 357 88 0.999934 -0.00150525 -0.0114269 0.0195404 0.00134065 0.999895 -0.0143985 0.0189967 0.0114473 0.0143822 0.999831 -0.999629
355 358 80 0.999884 -0.00602444 -0.0139708 -0.00699563 0.00577548 0.999825 -0.0177927 0.00590483 0.0140755 0.0177099 0.999744 -0.999958
355 359 74 0.999672 -0.00472497 -0.0251638 0.0247527 0.00424262 0.999807 -0.0191874 0.0192361 0.0252496 0.0190744 0.999499 -0.999509
360 361 103 0.999969 -0.00017421 -0.00784686 -0.00502189 0.000242601 0.999962 0.00871562 -0.00866491 0.00784504 -0.00871726 0.999931 -0.99995
360 362 123 0.999854 -0.00335306 -0.016726 0.0514003 0.0035817 0.9999 0.0136584 0.00525831 0.0166785 -0.0137163 0.999767 -0.998664
360 363 107 0.999751 -0.00717058 -0.0211256 -0.00777148 0.00744217 0.99989 0.0128053 0.0163773 0.0210314 -0.0129593 0.999695 -0.999836
360 364 102 0.9996 -0.00409796 -0.0279834 0.0116614 0.00433994 0.999954 0.00859183 0.0145559 0.0279469 -0.00870984 0.999571 -0.999826
365 366 100 0.999961 0.00468854 -0.00746664 0.0374676 -0.0047007 0.999988 -0.00161228 0.0348388 0.00745898 0.00164731 0.999971 -0.99869
365 367 94 0.999948 -0.00127443 -0.0101594 0.046804 0.00124892 0.999996 -0.00251611 0.0490961 0.0101626 0.00250329 0.999945 -0.997697
