0 1 1088 0.999984 0.00462578 0.00324585 0.0158704 -0.00463193 0.999987 0.00189103 0.00732494 -0.00323706 -0.00190603 0.999993 -0.999847
0 2 830 0.999975 -0.00278993 0.00649112 0.0363402 0.0027628 0.999987 0.00418433 -0.00607837 -0.00650272 -0.00416629 0.99997 -0.999321
0 3 723 0.999867 0.00253081 0.0160864 -0.0292335 -0.00261364 0.999983 0.00513 -0.00103985 -0.0160731 -0.00517136 0.999857 -0.999572
0 4 552 0.999784 0.0116993 0.0171907 -0.0110172 -0.0117778 0.999921 0.00447391 0.0159773 -0.017137 -0.00467542 0.999842 -0.999812
5 6 1325 0.99997 0.00275888 0.00729755 -0.026233 -0.00275946 0.999996 6.9646e-05 0.0386995 -0.00729733 -8.97812e-05 0.999973 -0.998906
5 7 986 0.999936 -0.00191037 0.0111665 -0.0146523 0.00190221 0.999998 0.000741074 0.0122746 -0.0111679 -0.000719785 0.999937 -0.999817
5 8 734 0.99989 -0.00363812 0.0144063 -0.00164241 0.00362776 0.999993 0.000745235 0.000963795 -0.0144089 -0.00069289 0.999896 -0.999998
5 9 588 0.999801 -0.00621088 0.0189371 -0.000672633 0.00624676 0.999979 -0.00183588 0.00635915 -0.0189253 0.00195381 0.999819 -0.99998
10 11 1203 0.999949 -0.00650457 0.00770841 -0.0267388 0.00650209 0.999979 0.000346644 0.0190754 -0.0077105 -0.000296506 0.99997 -0.99946
10 12 918 0.999939 0.0091737 0.00619837 -0.00831524 -0.00918067 0.999957 0.00109671 0.00395409 -0.00618804 -0.00115354 0.99998 -0.999958
10 13 641 0.999947 -0.00516246 0.00892173 0.00436671 0.00513461 0.999982 0.00314236 0.00214641 -0.00893779 -0.00309639 0.999955 -0.999988
10 14 493 0.999937 -0.00527198 0.00987285 0.00518528 0.00526898 0.999986 0.000329488 0.0126293 -0.00987445 -0.000277447 0.999951 -0.999907
15 16 1053 0.999988 -0.00355884 0.00339686 -0.0319694 0.00354843 0.999989 0.00306402 -0.00669177 -0.00340773 -0.00305193 0.99999 -0.999466
15 17 846 0.999969 -0.00673182 0.00418564 -0.000373651 0.00671008 0.999964 0.00518574 0.0016272 -0.0042204 -0.00515749 0.999978 -0.999999
15 18 662 0.999928 0.00904588 0.00793163 -0.0222935 -0.00910005 0.999935 0.00682032 -0.00753286 -0.00786942 -0.00689201 0.999945 -0.999723
15 19 460 0.999907 0.011279 0.00771937 -0.0145744 -0.0113267 0.999917 0.00616964 0.0067856 -0.00764914 -0.0062565 0.999951 -0.999871
20 21 1119 0.999992 -0.00381621 0.00148654 0.0342064 0.00381758 0.999992 -0.000923717 0.00906031 -0.001483 0.000929385 0.999998 -0.999374
20 22 825 0.99999 0.00201898 0.00404581 -0.00589585 -0.00200715 0.999994 -0.00292538 0.0240601 -0.00405169 0.00291723 0.999988 -0.999693
20 23 629 0.999951 0.00828658 0.00533552 -0.00581543 -0.0082829 0.999965 -0.000712728 0.00746383 -0.00534125 0.0006685 0.999986 -0.999955
20 24 436 0.999859 0.0147851 0.00798897 -0.0214109 -0.0147871 0.999891 0.000193782 -0.00079607 -0.00798523 -0.000311889 0.999968 -0.99977
25 26 1006 0.999995 -0.00301456 0.000438387 0.0051236 0.00301555 0.999993 -0.00228182 -0.00754247 -0.000431505 0.00228313 0.999997 -0.999958
25 27 766 1 0.000735028 -0.000504978 -0.0016403 -0.000738615 0.999974 -0.00713929 0.0214248 0.000499717 0.00713966 0.999974 -0.999769
25 28 576 0.999997 -4.7612e-05 -0.00228464 0.00386937 2.47644e-05 0.99995 -0.00999954 0.0170687 0.002285 0.00999945 0.999947 -0.999847
25 29 440 0.999991 -0.000766542 -0.00415813 0.00716499 0.000722789 0.999944 -0.0105137 0.0132081 0.00416596 0.0105106 0.999936 -0.999887
30 31 849 0.999985 -0.00551471 0.00060558 0.00571928 0.00551264 0.999979 0.00336862 0.0459619 -0.000624144 -0.00336523 0.999994 -0.998927
30 32 679 0.999994 0.0033338 -0.000300257 -0.00859025 -0.00333142 0.999966 0.00759622 0.00537627 0.000325571 -0.00759517 0.999971 -0.999949
30 33 495 0.999978 0.00644255 -0.00122332 -0.00579445 -0.00643415 0.999957 0.00675069 0.00876919 0.00126676 -0.00674268 0.999976 -0.999945
30 34 425 0.999986 0.00452736 -0.0028281 0.00423911 -0.00452137 0.999988 0.00211919 0.00630812 0.00283766 -0.00210637 0.999994 -0.999971
35 36 852 0.999998 0.00176557 -4.83661e-05 0.0369025 -0.00176545 0.999995 0.00243147 -0.0277564 5.26588e-05 -0.00243138 0.999997 -0.998933
35 37 745 0.999928 0.0111322 0.004545 -0.0211171 -0.01116 0.999919 0.00612698 -0.0166816 -0.00447643 -0.00617725 0.999971 -0.999638
35 38 570 0.999964 0.00811397 0.00265655 0.00979632 -0.00813603 0.999932 0.00840052 -0.00137848 -0.00258821 -0.00842183 0.999961 -0.999951
35 39 492 0.999952 0.00757323 0.00626534 -0.0046025 -0.00762937 0.999931 0.00898521 0.0064135 -0.00619686 -0.00903258 0.99994 -0.999969
40 41 939 0.999967 -0.0079171 0.00163998 0.0134598 0.00792137 0.999965 -0.00261659 0.0146859 -0.00161921 0.00262949 0.999995 -0.999802
40 42 768 0.999958 -0.00863726 0.0031161 0.016699 0.00864778 0.999957 -0.00337748 -0.00628659 -0.00308679 0.00340429 0.999989 -0.999841
40 43 586 0.999983 -0.00434789 0.00385558 0.00508118 0.00436298 0.999983 -0.0039148 -0.0169582 -0.00383849 0.00393155 0.999985 -0.999843
40 44 487 0.999985 -0.00451225 0.00321566 0.00748327 0.00453723 0.999959 -0.00780502 0.00263957 -0.00318031 0.00781949 0.999964 -0.999969
45 46 891 0.999995 -0.00308342 0.000802804 0.00793867 0.0030825 0.999995 0.00113608 0.00405885 -0.000806303 -0.0011336 0.999999 -0.99996
45 47 666 1 -0.000476827 -0.000222734 0.0148364 0.000477312 0.999998 0.00218151 0.0182447 0.000221694 -0.00218162 0.999998 -0.999723
45 48 565 0.999995 -0.00270939 0.00180646 -0.0158893 0.00270201 0.999988 0.00407135 0.0239962 -0.00181747 -0.00406645 0.99999 -0.999586
45 49 415 0.999978 0.00617394 0.00224503 0.00653931 -0.00618192 0.999975 0.00356859 0.0260464 -0.00222294 -0.00358239 0.999991 -0.999639
50 51 894 0.999996 0.000275799 0.00272901 -0.0242912 -0.000273971 1 -0.000670261 -7.28557e-05 -0.00272919 0.000669511 0.999996 -0.999705
50 52 735 0.999993 0.00234412 0.00298162 -0.0049447 -0.00235128 0.999994 0.00239969 0.0174681 -0.00297598 -0.00240669 0.999993 -0.999835
50 53 591 0.999992 -0.00333021 0.00219689 0.00349234 0.00331506 0.999971 0.00686439 0.00755806 -0.00221969 -0.00685705 0.999974 -0.999965
50 54 488 0.99999 -0.00304987 0.00325223 -0.000664792 0.00302337 0.999962 0.00812101 0.00661325 -0.00327688 -0.00811109 0.999962 -0.999978
55 56 1009 0.999999 0.000956306 0.00127345 -0.00358132 -0.000952179 0.999994 -0.00323734 0.0179606 -0.00127654 0.00323612 0.999994 -0.999832
55 57 790 0.999972 0.00685106 0.00286621 -0.0307913 -0.00683879 0.999968 -0.0042674 0.0355826 -0.00289535 0.00424768 0.999987 -0.998892
55 58 613 0.999975 0.00702491 0.000711842 -0.00177361 -0.0070231 0.999972 -0.00250848 0.0148716 -0.000729444 0.00250342 0.999997 -0.999888
55 59 510 0.999914 0.0125499 0.00374767 -0.0193684 -0.0125445 0.99992 -0.00146197 0.0158905 -0.00376572 0.00141483 0.999992 -0.999686
60 61 958 0.999995 -0.00283588 0.00104463 0.0182702 0.0028392 0.999991 -0.00319285 0.00839638 -0.00103556 0.0031958 0.999994 -0.999798
60 62 761 0.999998 -0.00118214 0.00150527 0.00793843 0.0011961 0.999956 -0.00931157 0.0227406 -0.00149419 0.00931335 0.999956 -0.99971
60 63 625 0.999995 0.00229886 0.00202473 0.00106682 -0.00227489 0.999928 -0.0117597 0.0241192 -0.00205162 0.0117551 0.999929 -0.999709
60 64 481 0.999931 0.00989856 0.00624726 -0.013046 -0.00985999 0.999932 -0.0061736 0.00862316 -0.00630794 0.00611158 0.999961 -0.999878
65 66 863 0.999948 0.00837415 0.00589611 -0.113632 -0.00841199 0.999944 0.00642257 0.00878816 -0.005842 -0.00647183 0.999962 -0.993484
65 67 717 0.999979 -0.00547793 0.0035099 -0.00376797 0.00546107 0.999974 0.00479595 -0.00384019 -0.00353607 -0.00477668 0.999982 -0.999986
65 68 559 0.999968 -0.00593656 0.00544158 -0.00748469 0.00592784 0.999981 0.00161762 0.0166812 -0.00545108 -0.00158531 0.999984 -0.999833
65 69 466 0.999929 -0.0111289 0.00416807 0.00420382 0.0111292 0.999938 -4.2563e-05 0.0176942 -0.00416733 8.89472e-05 0.999991 -0.999835
70 71 937 0.999995 -0.00200318 0.00233775 -0.00470099 0.00200454 0.999998 -0.000577263 0.0195513 -0.00233659 0.000581946 0.999997 -0.999798
70 72 887 0.999983 -0.00428102 0.0040832 -0.00147394 0.00428786 0.999989 -0.00166861 0.0276165 -0.00407601 0.00168609 0.99999 -0.999618
70 73 701 0.99995 0.00635244 0.00765876 -0.0165885 -0.00635142 0.99998 -0.000157233 0.000635515 -0.00765961 0.000108581 0.999971 -0.999862
70 74 573 0.999948 0.0054751 0.00861628 -0.0160719 -0.00545116 0.999981 -0.00279929 0.0208457 -0.00863144 0.00275217 0.999959 -0.999654
75 76 1048 0.999996 -0.000471405 0.00274609 -0.0221517 0.000480853 0.999994 -0.00344085 0.0130788 -0.00274445 0.00344216 0.99999 -0.999669
75 77 920 0.999968 -0.00677114 0.00416755 0.000124002 0.00679281 0.999963 -0.00520875 0.0187822 -0.00413213 0.0052369 0.999978 -0.999824
75 78 778 0.999967 -0.00597402 0.00550787 0.00210397 0.00598463 0.99998 -0.00191202 0.0277104 -0.00549634 0.00194492 0.999983 -0.999614
75 79 665 0.999957 0.000372076 0.00922517 -0.0143486 -0.000425768 0.999983 0.00581889 0.0134263 -0.00922285 -0.00582257 0.999941 -0.999807
80 81 1078 0.999999 -0.00121699 0.000646328 0.00627615 0.00121603 0.999998 0.00149275 0.0059078 -0.000648144 -0.00149196 0.999999 -0.999963
80 82 1045 0.999999 0.000943847 0.0012838 -0.00169817 -0.000940783 0.999997 -0.00238534 0.0185379 -0.00128605 0.00238413 0.999996 -0.999827
80 83 874 0.999995 -0.000209221 0.00313393 0.00175697 0.0002227 0.999991 -0.00430117 0.0179451 -0.00313301 0.00430185 0.999986 -0.999837
80 84 722 0.999961 0.00392669 0.00788366 -0.0251967 -0.00392318 0.999992 -0.000460548 0.0115265 -0.00788541 0.000429601 0.999969 -0.999616
85 86 1227 0.999995 0.003153 0.000620781 -0.0316442 -0.00315506 0.999989 0.00333174 0.0663853 -0.00061027 -0.00333368 0.999994 -0.997292
85 87 1067 0.999989 0.00241206 -0.00395218 0.017829 -0.00238997 0.999982 0.00558673 0.000185215 0.00396558 -0.00557723 0.999977 -0.999841
85 88 890 0.999983 -0.000460042 -0.00575353 -0.0140603 0.000468715 0.999999 0.00150614 0.0192868 0.00575283 -0.00150881 0.999982 -0.999715
85 89 810 0.999933 0.00605206 -0.00982734 -0.0148172 -0.00605885 0.999981 -0.000661085 0.0117762 0.00982316 0.000720583 0.999951 -0.999821
90 91 1088 0.999955 0.00652 -0.00683645 -0.0412026 -0.00653573 0.999976 -0.00228101 -0.000168619 0.00682141 0.00232559 0.999974 -0.999151
90 92 978 0.999801 -0.00357283 -0.0196086 -0.00336165 0.00351005 0.999989 -0.00323498 0.0227124 0.0196199 0.00316551 0.999802 -0.999736
90 93 921 0.99948 0.00446734 -0.0319295 -0.0215612 -0.00451507 0.999989 -0.00142284 0.00434628 0.0319228 0.00156626 0.999489 -0.999758
90 94 776 0.998716 -0.00651388 -0.0502389 -0.00150705 0.00632483 0.999972 -0.00392124 0.0206328 0.050263 0.00359845 0.99873 -0.999786
95 96 988 0.999695 5.28722e-05 -0.0247145 -0.0441351 -4.34737e-05 1 0.000380821 -0.0274444 0.0247145 -0.00037963 0.999694 -0.998649
95 97 1012 0.998726 0.00733681 -0.0499216 -0.117565 -0.00740231 0.999972 -0.00112722 0.000479587 0.0499119 0.00149532 0.998753 -0.993065
95 98 866 0.996623 0.0112667 -0.0813377 -0.0866009 -0.0114613 0.999932 -0.00192623 0.00679745 0.0813105 0.00285195 0.996685 -0.99622
95 99 713 0.992326 0.00692002 -0.123459 -0.000308783 -0.00742596 0.999966 -0.00363839 0.00853933 0.12343 0.00452727 0.992343 -0.999963
100 101 318 0.999287 0.0158666 -0.0342498 -0.642728 -0.0155156 0.999825 0.010488 0.169029 0.0344102 -0.00994908 0.999358 -0.747214
100 102 929 0.995587 -0.00295618 -0.0937924 -0.0344084 0.00339671 0.999984 0.00453754 -0.0412871 0.0937775 -0.00483611 0.995581 -0.998555
100 103 767 0.990384 0.0078259 -0.138122 -0.128104 -0.00673789 0.999942 0.00834303 -0.00867188 0.138179 -0.00733215 0.99038 -0.991723
100 104 581 0.980711 0.00450472 -0.195412 -0.0940994 -0.00315136 0.999969 0.00723603 0.0166299 0.195438 -0.00648064 0.980695 -0.995424
105 106 861 0.998043 0.00139975 -0.0625107 -0.169625 -0.0012915 0.999998 0.00177204 -0.00735296 0.062513 -0.00168784 0.998043 -0.985481
105 107 773 0.992334 0.0103995 -0.123145 -0.198666 -0.0100773 0.999944 0.00323907 0.0266526 0.123172 -0.00197327 0.992383 -0.979705
105 108 614 0.979214 -0.00236284 -0.202814 0.037012 0.00278998 0.999994 0.00182019 0.0125716 0.202808 -0.00234821 0.979216 -0.999236
105 109 466 0.970352 0.0214369 -0.240743 -0.147868 -0.0191232 0.999746 0.011943 -0.0177309 0.240938 -0.0069851 0.970515 -0.988848
110 111 948 0.998339 0.00718039 -0.0571627 -0.371781 -0.00709453 0.999973 0.00170493 0.0434296 0.0571735 -0.00129656 0.998363 -0.927304
110 112 783 0.992877 0.0102743 -0.118702 -0.186315 -0.00985552 0.999943 0.00411442 -0.0211392 0.118737 -0.00291524 0.992921 -0.982263
110 113 641 0.983336 0.0107069 -0.181484 -0.0794147 -0.0104752 0.999943 0.00223501 0.0145015 0.181498 -0.000296684 0.983391 -0.996736
110 114 523 0.971497 0.00839609 -0.236905 -0.0421794 -0.0078397 0.999964 0.00329052 0.00953266 0.236924 -0.00133947 0.971527 -0.999065
115 116 928 0.998735 -0.000405075 -0.0502729 -0.122886 0.000533677 0.999997 0.00254467 -0.00394108 0.0502717 -0.00256829 0.998732 -0.992413
115 117 761 0.995072 0.00530248 -0.0990149 -0.0760597 -0.00488185 0.999978 0.00448998 -0.0180372 0.0990366 -0.00398448 0.995076 -0.99694
115 118 554 0.989911 0.0236617 -0.139702 -0.0818653 -0.0233367 0.99972 0.00396447 0.00159585 0.139756 -0.000664307 0.990186 -0.996642
115 119 378 0.984645 0.0276298 -0.172371 -0.121873 -0.0283107 0.999598 -0.00149278 0.0528949 0.17226 0.00634979 0.985031 -0.991135
120 121 964 0.999332 -0.0116658 -0.0346325 0.0542129 0.0118547 0.999916 0.0052561 0.00792407 0.0345683 -0.00566315 0.999386 -0.998498
120 122 718 0.997874 -0.0159507 -0.0631964 0.0151276 0.0164868 0.999832 0.00797183 0.0119104 0.0630587 -0.00899679 0.997969 -0.999815
120 123 523 0.99604 -0.0145565 -0.0877103 -0.0151459 0.0154491 0.999835 0.00950737 0.0183088 0.0875575 -0.0108248 0.996101 -0.999718
120 124 458 0.993823 -0.00787162 -0.1107 -0.017536 0.00943095 0.999863 0.0135695 0.0118371 0.110578 -0.0145297 0.993761 -0.999776
125 126 679 0.999812 0.00380903 -0.0190136 -0.0722255 -0.00365333 0.99996 0.00821657 -0.0405026 0.0190441 -0.00814557 0.999785 -0.996566
125 127 467 0.999276 -1.5714e-05 -0.0380475 0.00435802 0.000332078 0.999965 0.00830867 -0.0270549 0.0380461 -0.00831529 0.999241 -0.999624
125 128 305 0.998567 -0.00472882 -0.0533068 -0.00965631 0.00476622 0.999988 0.000574501 0.0331458 0.0533035 -0.00082775 0.998578 -0.999404
125 129 408 0.997665 -0.00469083 -0.0681429 0.00734666 0.0046634 0.999989 -0.00056161 0.00872128 0.0681448 0.000242521 0.997675 -0.999935
130 131 728 0.999935 0.00361558 -0.0108434 -0.0332351 -0.00361042 0.999993 0.000495292 0.00381502 0.0108451 -0.00045611 0.999941 -0.99944
130 132 579 0.999747 0.0079498 -0.0210646 -0.0361765 -0.00793357 0.999968 0.000853967 0.00476755 0.0210707 -0.000686633 0.999778 -0.999334
130 133 569 0.999521 0.00949398 -0.0294442 -0.00605639 -0.00942615 0.999953 0.00244158 -0.0132039 0.029466 -0.00216286 0.999563 -0.999894
130 134 479 0.999322 0.0140903 -0.0340154 -0.0155252 -0.0140227 0.999899 0.00222432 -0.00221801 0.0340433 -0.00174582 0.999419 -0.999877
135 136 682 0.999984 0.00289919 -0.00483398 -0.0357183 -0.0028953 0.999995 0.000811791 0.009871 0.00483631 -0.000797783 0.999988 -0.999313
135 137 636 0.999942 0.00258438 -0.0104597 -0.00075875 -0.00257268 0.999996 0.00113213 8.58852e-05 0.0104626 -0.00110516 0.999945 -1
135 138 541 0.999902 0.00558418 -0.0128679 -0.00599074 -0.00556781 0.999984 0.0013077 0.000273344 0.012875 -0.00123593 0.999916 -0.999982
135 139 493 0.999853 0.0053218 -0.0163059 0.00285615 -0.00531066 0.999986 0.000726327 0.00363031 0.0163095 -0.000639625 0.999867 -0.999989
140 141 682 0.999973 0.00739388 -0.000130622 -0.00864712 -0.00739373 0.999972 0.00109459 -0.0058925 0.000138711 -0.00109359 0.999999 -0.999945
140 142 651 0.999962 0.00867785 0.000442485 -0.0130142 -0.0086779 0.999962 0.000120688 0.00157442 -0.000441421 -0.000124524 1 -0.999914
140 143 607 0.99994 0.010512 0.00302611 -0.00460838 -0.0105112 0.999945 -0.000296609 0.00578878 -0.00302906 0.000264784 0.999995 -0.999973
140 144 514 0.999871 0.0144737 0.00692598 -0.0114294 -0.0144719 0.999895 -0.00030188 0.00852699 -0.00692962 0.000201609 0.999976 -0.999898
145 146 697 0.999982 0.00401273 0.00445086 -0.0135237 -0.00400623 0.999991 -0.0014677 0.012709 -0.00445671 0.00144984 0.999989 -0.999828
145 147 789 0.999973 0.00133525 0.007292 -0.00341534 -0.00132244 0.999998 -0.00176175 -0.00919253 -0.00729434 0.00175206 0.999972 -0.999952
145 148 631 0.999928 -0.00394361 0.0113538 0.0125684 0.0040026 0.999979 -0.00517741 0.00829216 -0.0113331 0.00522248 0.999922 -0.999887
145 149 512 0.999849 -0.00659501 0.016103 -0.00565567 0.00670537 0.999954 -0.00680944 0.0178667 -0.0160574 0.00691639 0.999847 -0.999824
150 151 636 0.999993 0.00015542 0.00378947 -0.00498847 -0.000173712 0.999988 0.00482715 -0.0158884 -0.00378867 -0.00482777 0.999981 -0.999861
150 152 662 0.999959 -0.00793303 0.00430375 0.0170828 0.00789536 0.999931 0.00869907 0.00709053 -0.00437246 -0.00866473 0.999953 -0.999829
150 153 569 0.999935 -0.0102033 0.00500461 0.00426863 0.0101445 0.999881 0.0116458 0.00503461 -0.00512284 -0.0115943 0.99992 -0.999978
150 154 457 0.999865 -0.0163993 0.00135065 0.0377093 0.0163814 0.99979 0.0123452 -0.00098113 -0.00155281 -0.0123214 0.999923 -0.999288
155 156 1029 1 0.000576916 -0.000414539 0.00442824 -0.000577323 0.999999 -0.000981671 0.0135355 0.000413972 0.00098191 0.999999 -0.999899
155 157 944 0.999994 -0.00354432 -0.000323424 0.011401 0.00354386 0.999993 -0.00141096 0.00932727 0.000328422 0.00140981 0.999999 -0.999892
155 158 714 0.999996 -0.00256401 0.000888101 0.00198336 0.00256551 0.999995 -0.00169659 0.0133746 -0.000883746 0.00169886 0.999998 -0.999909
155 159 558 0.999971 -0.00714636 -0.00276006 0.0363735 0.00714668 0.999974 0.000107625 0.00375854 0.00275923 -0.000127347 0.999996 -0.999331
160 161 1085 0.999999 0.000520339 -0.000867259 -0.046823 -0.000521017 1 -0.000782682 0.0156156 0.000866852 0.000783133 0.999999 -0.998781
160 162 758 0.999966 -0.00787093 -0.00258485 -0.0744338 0.00786067 0.999961 -0.00395761 0.0565576 0.0026159 0.00393716 0.999989 -0.995621
160 163 610 0.999679 -0.0181938 -0.0176122 0.059526 0.0181155 0.999825 -0.00459589 0.0243862 0.0176927 0.00427537 0.999834 -0.997929
160 164 405 0.999675 -0.0179504 -0.0181208 0.00637083 0.0178177 0.999813 -0.00745823 0.0261488 0.0182513 0.00713293 0.999808 -0.999638
165 166 980 0.999952 -0.00216152 -0.00955564 0.00625053 0.00218283 0.999995 0.00222011 -0.00817361 0.00955079 -0.00224086 0.999952 -0.999947
165 167 512 0.999843 -0.00473059 -0.0170775 -0.0304283 0.00471273 0.999988 -0.0010859 0.0437207 0.0170824 0.00100525 0.999854 -0.99858
165 168 469 0.999615 -0.000828926 -0.0277303 -0.0102236 0.000826459 1 -0.000100425 0.024443 0.0277303 7.74682e-05 0.999615 -0.999649
165 169 334 0.998961 -0.00347242 -0.0454452 0.0544715 0.00359963 0.99999 0.00271765 -0.0127431 0.0454353 -0.00287841 0.998963 -0.998434
170 171 746 0.999952 0.0017251 -0.00966282 -0.0159506 -0.00172133 0.999998 0.000398001 0.0142834 0.00966349 -0.000381349 0.999953 -0.999771
170 172 483 0.999778 0.00244523 -0.0209357 -0.00691644 -0.00242333 0.999996 0.00107135 0.0160012 0.0209382 -0.00102038 0.99978 -0.999848
170 173 384 0.999526 -0.00084557 -0.0307859 -0.0277965 0.000873327 0.999999 0.000888163 0.034686 0.0307851 -0.000914628 0.999526 -0.999012
170 174 345 0.999072 0.000969242 -0.0430501 0.01745 -0.000821567 0.999994 0.00344788 0.00986043 0.0430532 -0.00340932 0.999067 -0.999799
175 176 540 0.999942 0.00037649 -0.0107539 0.0404393 -0.000362401 0.999999 0.0013121 -0.00975364 0.0107544 -0.00130813 0.999941 -0.999134
175 177 487 0.999826 0.00395551 -0.0182475 0.00453716 -0.0039396 0.999992 0.000907382 0.0147918 0.018251 -0.000835336 0.999833 -0.99988
175 178 473 0.999634 0.00250269 -0.0269256 -0.00434509 -0.00250217 0.999997 5.30878e-05 0.0176639 0.0269256 1.43038e-05 0.999637 -0.999835
175 179 391 0.999399 0.00400687 -0.0344351 0.00444248 -0.00404739 0.999991 -0.00110708 0.0176227 0.0344303 0.00124579 0.999406 -0.999835
180 181 709 0.999974 0.00619511 -0.00355272 0.0114978 -0.00619807 0.99998 -0.00082422 -0.0133759 0.00354754 0.000846219 0.999993 -0.999844
180 182 623 0.999948 0.00227077 -0.00998439 0.0581183 -0.00229741 0.999994 -0.00265738 0.0129745 0.00997829 0.00268018 0.999947 -0.998225
180 183 487 0.999946 0.00255232 -0.010075 0.0144602 -0.00258176 0.999992 -0.00290974 0.0035011 0.0100675 0.0029356 0.999945 -0.999889
180 184 394 0.999938 0.00306104 -0.0107253 0.0119223 -0.00309703 0.99999 -0.00334057 0.0176704 0.010715 0.00337358 0.999937 -0.999773
185 186 670 0.999975 0.00553601 0.00439097 -0.0485797 -0.00555596 0.999974 0.00454386 -0.0372596 -0.0043657 -0.00456815 0.99998 -0.998124
185 187 619 0.999963 0.00310872 0.00800355 -0.00140521 -0.00313121 0.999991 0.00279885 0.00565768 -0.00799478 -0.00282381 0.999964 -0.999983
185 188 508 0.999886 0.00436348 0.0144824 0.0209435 -0.00442826 0.99998 0.00444413 -0.00769102 -0.0144627 -0.00450776 0.999885 -0.999751
185 189 446 0.999638 -0.000525211 0.0268899 -0.00933932 0.000418769 0.999992 0.00396393 0.00643657 -0.0268917 -0.00395123 0.999631 -0.999936
190 191 747 0.999883 -0.00323766 0.0149496 0.0784822 0.00322163 0.999994 0.00109586 0.0220587 -0.0149531 -0.00104757 0.999888 -0.996671
190 192 669 0.999213 0.00101313 0.0396598 -0.0187863 -0.00123661 0.999983 0.00561076 -0.0117966 -0.0396534 -0.00565539 0.999197 -0.999754
190 193 577 0.998084 -0.0118653 0.060732 0.0268583 0.011386 0.999901 0.00823227 0.00630412 -0.0608236 -0.007525 0.99812 -0.999619
190 194 502 0.995982 -0.00569464 0.0893767 0.00855208 0.00497132 0.999953 0.00831344 0.0205709 -0.0894198 -0.00783572 0.995963 -0.999752
195 196 936 0.999483 -0.00607934 0.0315737 0.200066 0.00607024 0.999982 0.000383801 -0.0308398 -0.0315755 -0.000191942 0.999501 -0.979297
195 197 683 0.996855 -0.00280712 0.0792003 0.0444776 0.00311174 0.999988 -0.00372302 -0.0245807 -0.0791889 0.00395777 0.996852 -0.998708
195 198 540 0.992779 -0.00610164 0.119799 0.0544459 0.00729735 0.999928 -0.00954485 0.0152664 -0.119733 0.0103501 0.992752 -0.9984
195 199 384 0.984553 -0.00342604 0.175054 -0.0236856 0.00594279 0.999886 -0.0138548 0.0202305 -0.174987 0.0146811 0.984461 -0.999515
200 201 759 0.998659 -0.00642508 0.0513623 0.206853 0.00644236 0.999979 -0.000170971 0.028713 -0.0513602 0.000501637 0.99868 -0.977951
200 202 490 0.992931 0.00365933 0.118636 0.0347708 -0.00379381 0.999992 0.000907774 0.0172611 -0.118632 -0.00135144 0.992937 -0.999246
200 203 197 0.983357 0.00381286 0.181645 0.0206414 -0.00484138 0.999975 0.00521921 0.0156629 -0.18162 -0.00601176 0.98335 -0.999664
200 204 115 0.96888 0.00612877 0.247456 -0.0171968 -0.00883689 0.999913 0.00983469 0.0104982 -0.247374 -0.0117154 0.968849 -0.999797
205 206 425 0.997765 -0.00662799 0.0664931 0.16057 0.00637854 0.999972 0.00396312 -0.00828672 -0.0665175 -0.00353013 0.997779 -0.98699
205 207 314 0.990268 0.0011677 0.139171 0.0405342 -0.00176042 0.99999 0.0041359 -0.00638345 -0.139165 -0.00434065 0.99026 -0.999158
205 208 134 0.981492 -0.0192202 0.190535 0.19774 0.0176254 0.999794 0.010061 0.00648679 -0.190689 -0.00651648 0.981629 -0.980233
205 209 130 0.963701 -0.00205856 0.266975 0.0186378 0.00241032 0.999997 -0.000989866 0.00586071 -0.266972 0.00159743 0.963703 -0.999809
210 211 575 0.99764 0.00280319 0.0686054 -0.00661402 -0.00241802 0.999981 -0.00569678 0.00182316 -0.0686201 0.00551744 0.997628 -0.999976
210 212 382 0.992383 -0.014639 0.12232 0.17682 0.0157692 0.999841 -0.00827629 0.0168663 -0.122179 0.0101421 0.992456 -0.984099
210 213 290 0.98337 -0.00466842 0.181556 0.0441816 0.0079043 0.999822 -0.0171036 0.0335105 -0.181444 0.0182542 0.983232 -0.998461
210 214 276 0.972856 -0.00452682 0.231365 0.00716571 0.00917591 0.999777 -0.019022 0.023587 -0.231228 0.0206286 0.972681 -0.999696
215 216 472 0.999252 -0.000530375 0.0386769 0.0399845 0.000450929 0.999998 0.00206279 0.00301132 -0.0386779 -0.00204381 0.99925 -0.999196
215 217 487 0.997544 -0.00685432 0.0697011 0.030628 0.0066326 0.999972 0.0034119 0.00325248 -0.0697226 -0.00294122 0.997562 -0.999526
215 218 494 0.995706 0.00457787 0.0924608 0.0181233 -0.00490576 0.999982 0.00331928 -0.00212873 -0.0924439 -0.00375862 0.995711 -0.999833
215 219 416 0.994231 0.00230048 0.107235 0.00480917 -0.0026275 0.999992 0.00290837 0.0115308 -0.107228 -0.00317335 0.994229 -0.999922
220 221 438 0.99994 -0.00436687 0.0100872 0.0131361 0.00436498 0.99999 0.000209884 1.93273e-05 -0.010088 -0.000165841 0.999949 -0.999914
220 222 712 0.999803 -0.0128059 0.0151663 0.0256381 0.0127736 0.999916 0.00222784 -0.00208592 -0.0151936 -0.00203367 0.999883 -0.999669
220 223 532 0.999734 -0.013088 0.0189764 0.0326314 0.0129888 0.999901 0.00534366 0.00291862 -0.0190445 -0.00509576 0.999806 -0.999463
220 224 538 0.999577 -0.0210207 0.0200854 -0.0220303 0.0208607 0.999749 0.00813945 0.00684328 -0.0202515 -0.00771701 0.999765 -0.999734
225 226 797 0.99996 -0.00269372 -0.0085298 0.109743 0.00275803 0.999968 0.00753654 -0.0142486 0.00850923 -0.00755976 0.999935 -0.993858
225 227 691 0.999942 0.00506878 -0.00948079 0.00899533 -0.00496237 0.999925 0.0112141 -0.00829101 0.00953692 -0.0111664 0.999892 -0.999925
225 228 580 0.999908 0.00103845 -0.0135563 0.00101027 -0.000890365 0.99994 0.0109252 -0.00821907 0.0135669 -0.0109122 0.999848 -0.999966
225 229 564 0.999814 -9.94313e-05 -0.0193047 0.0274057 0.000232501 0.999976 0.006891 -0.00811603 0.0193036 -0.00689421 0.99979 -0.999591
230 231 451 0.999953 0.00849332 -0.00456931 0.0353532 -0.00851983 0.999947 -0.00581421 0.00873908 0.00451969 0.00585287 0.999973 -0.999337
230 232 564 0.999938 0.0091116 -0.0064096 -0.0145565 -0.00917452 0.999909 -0.00985693 0.0195644 0.00631921 0.00991513 0.999931 -0.999703
230 233 496 0.999899 0.00966182 -0.0104259 -0.0163676 -0.00977685 0.999891 -0.0110387 0.0197492 0.0103181 0.0111395 0.999885 -0.999671
230 234 527 0.99985 0.0131357 -0.0112518 -0.00588172 -0.0132291 0.999878 -0.00827221 0.0175044 0.0111418 0.00841982 0.999902 -0.999829
235 236 473 0.999956 0.00861427 0.00374665 -0.108629 -0.00864071 0.999937 0.00709733 0.0275421 -0.00368528 -0.00712939 0.999968 -0.993701
235 237 491 0.999972 -0.0070942 0.00238832 -0.00904426 0.00706668 0.999911 0.0113398 -0.0237572 -0.00246856 -0.0113226 0.999933 -0.999677
235 238 489 0.999961 -0.00746707 0.0046328 0.00899918 0.00743173 0.999944 0.00759759 -0.02028 -0.00468927 -0.00756287 0.99996 -0.999754
235 239 478 0.999973 0.000172123 0.00736016 0.00274882 -0.000162179 0.999999 -0.00135165 0.00800097 -0.00736038 0.00135042 0.999972 -0.999964
240 241 416 0.999997 -0.00100449 0.00235308 0.00477602 0.000999821 0.999998 0.00198502 -0.008096 -0.00235507 -0.00198266 0.999995 -0.999956
240 242 454 0.99993 -0.0113595 0.00333232 -0.0140865 0.0113412 0.999921 0.00546387 0.0210156 -0.00339412 -0.00542569 0.99998 -0.99968
240 243 523 0.999956 -0.00360421 0.00861945 -0.00794833 0.00350305 0.999925 0.0117226 -0.00347869 -0.00866106 -0.0116919 0.999894 -0.999962
240 244 459 0.999872 -0.00935386 0.0129773 -0.0419785 0.00914428 0.999828 0.0161161 -0.0247338 -0.0131258 -0.0159954 0.999786 -0.998812
245 246 453 0.999983 0.00467383 0.00354049 0.0057095 -0.00466969 0.999988 -0.00117757 -0.00918986 -0.00354595 0.00116101 0.999993 -0.999941
245 247 586 0.99999 0.00169524 0.00412789 0.0129443 -0.00167738 0.999989 -0.00432647 0.00933837 -0.00413518 0.00431951 0.999982 -0.999873
245 248 474 0.999988 4.73345e-05 0.00488609 0.000706147 -1.43704e-05 0.999977 -0.00674634 0.0201536 -0.0048863 0.00674618 0.999965 -0.999797
245 249 474 0.999876 0.01399 0.00729338 0.000109242 -0.0139345 0.999874 -0.00759435 0.00621855 -0.00739871 0.00749177 0.999945 -0.999981
250 251 607 0.999946 -0.0101257 -0.00237385 0.0379069 0.0101343 0.999942 0.00366927 -0.0142521 0.00233655 -0.00369313 0.99999 -0.99918
250 252 571 0.999928 -0.0118026 -0.0019801 0.0155479 0.0118143 0.999912 0.0060292 0.00262273 0.00190877 -0.00605216 0.99998 -0.999876
250 253 513 0.999815 -0.0190812 -0.00233305 0.0234877 0.0190963 0.999796 0.00664537 0.00506032 0.00220577 -0.0066887 0.999975 -0.999711
250 254 449 0.999605 -0.0274318 -0.00617035 0.0213039 0.0274704 0.999603 0.00625392 0.00750151 0.00599634 -0.00642095 0.999961 -0.999745
255 256 544 0.999993 -0.000953592 -0.00359913 0.0292686 0.000958834 0.999998 0.00145517 0.0018378 0.00359774 -0.00145861 0.999992 -0.99957
255 257 471 0.999968 -0.00496291 -0.00622718 -0.00494118 0.00498721 0.99998 0.00389309 0.0110393 0.00620774 -0.00392402 0.999973 -0.999927
255 258 482 0.999966 0.00447328 -0.0068835 0.0062762 -0.00445811 0.999988 0.00221807 0.0155596 0.00689334 -0.00218731 0.999974 -0.999859
255 259 453 0.999883 0.0143961 -0.00513698 -0.0116814 -0.0143703 0.999884 0.00502624 0.000189021 0.00520874 -0.00495183 0.999974 -0.999932
260 261 430 0.999999 0.000693947 0.00104376 -0.0537599 -0.000692252 0.999998 -0.00162315 -0.00555334 -0.00104488 0.00162243 0.999998 -0.998538
260 262 467 0.99996 -0.0082214 -0.0034474 0.0216518 0.00819372 0.999935 -0.00796553 0.00819028 0.00351266 0.00793696 0.999962 -0.999732
260 263 423 0.999957 -0.00898803 -0.00226502 -0.00389481 0.00896022 0.999888 -0.0120006 0.0161961 0.00237263 0.0119798 0.999925 -0.999861
260 264 399 0.999985 -0.00430247 -0.00326411 -0.0016378 0.00428555 0.999977 -0.00517336 0.0108372 0.00328629 0.00515929 0.999981 -0.99994
265 266 486 0.999996 0.00273233 0.000958342 -0.0213519 -0.00274152 0.999949 0.00973053 -0.0116949 -0.000931706 -0.00973311 0.999952 -0.999704
265 267 453 0.999999 0.0011683 0.000697289 -0.00183478 -0.00116901 0.999999 0.00101458 -0.00243494 -0.000696103 -0.0010154 0.999999 -0.999995
265 268 355 0.999869 0.0147425 0.00668584 -0.0409986 -0.0146091 0.999702 -0.0195687 0.0248116 -0.00697234 0.0194685 0.999786 -0.998851
265 269 273 0.999982 0.0050528 0.00338154 0.00293743 -0.00492794 0.999341 -0.0359651 0.0397042 -0.00356103 0.0359477 0.999347 -0.999207
270 271 483 0.999942 0.00380439 0.0100995 -0.208189 -0.00402495 0.999752 0.0219083 -0.0717618 -0.0100136 -0.0219477 0.999709 -0.975453
270 272 405 0.999986 -0.00451447 0.00273148 0.00222945 0.00444138 0.999647 0.0262001 -0.0223531 -0.0028488 -0.0261876 0.999653 -0.999748
270 273 368 0.999989 0.00122549 0.00458893 0.00624952 -0.00133977 0.999687 0.0249831 -0.00226455 -0.00455688 -0.024989 0.999677 -0.999978
270 274 317 0.999981 -0.0035317 0.00506749 0.028595 0.00340575 0.99969 0.024652 -0.00445285 -0.00515298 -0.0246343 0.999683 -0.999581
275 276 469 0.9997 0.00940521 0.022594 -0.410411 -0.00967706 0.999882 0.0119526 -0.0537764 -0.022479 -0.0121677 0.999673 -0.910314
275 277 414 0.999946 -0.00565877 0.00875515 -0.00408766 0.00562952 0.999979 0.00336216 0.00246095 -0.00877399 -0.00331269 0.999956 -0.999989
275 278 394 0.999885 -0.0117466 0.00960002 0.0144125 0.01172 0.999927 0.00282462 0.00754091 -0.0096325 -0.00271178 0.99995 -0.999868
275 279 347 0.999839 -0.0127974 0.0125692 0.00743211 0.0127741 0.999917 0.00193302 0.00460351 -0.0125929 -0.00177215 0.999919 -0.999962
280 281 699 0.999966 0.0057557 0.00589839 -0.0903562 -0.00576207 0.999983 0.00106337 -0.00535448 -0.00589216 -0.00109732 0.999982 -0.995895
280 282 469 0.999996 -0.00246704 0.00111906 0.0580135 0.00246476 0.999995 0.00203253 0.0537868 -0.00112407 -0.00202977 0.999997 -0.996866
280 283 528 0.999914 0.00991393 0.00861097 0.00177623 -0.00996963 0.99993 0.00644971 0.0153276 -0.00854642 -0.00653501 0.999942 -0.999881
280 284 406 0.999698 0.0158332 0.0188178 -0.0359011 -0.0160269 0.99982 0.0101883 -0.00185621 -0.0186531 -0.0104868 0.999771 -0.999354
285 286 753 0.99995 0.00103858 0.00999078 -0.0940451 -0.000975909 0.99998 -0.00627547 -0.0407036 -0.0099971 0.0062654 0.99993 -0.994736
285 287 694 0.999871 0.0075419 0.014194 -0.0399308 -0.00732716 0.999859 -0.0151209 -0.00492426 -0.014306 0.0150149 0.999785 -0.99919
285 288 528 0.999897 -0.0071107 0.0124676 0.0515623 0.00734107 0.999801 -0.0185297 0.0212634 -0.0123334 0.0186193 0.999751 -0.998443
285 289 372 0.99986 -0.00944329 0.0138075 0.0948605 0.00965413 0.999837 -0.0152834 0.0383405 -0.0136609 0.0154145 0.999788 -0.994752
290 291 707 0.999975 0.00384563 0.00591209 0.0269705 -0.0038868 0.999968 0.00696659 -0.024041 -0.00588511 -0.0069894 0.999958 -0.999347
290 292 555 0.999852 0.00821078 0.0151329 -0.00794475 -0.00831545 0.999942 0.00686693 -0.00959918 -0.0150756 -0.00699175 0.999862 -0.999922
290 293 474 0.999728 0.00356651 0.0230515 -0.00991997 -0.00363363 0.999989 0.00287071 0.00381512 -0.023041 -0.00295369 0.99973 -0.999944
290 294 337 0.999582 -0.00399587 0.0286274 0.0150105 0.00391886 0.999989 0.00274597 0.0206695 -0.028638 -0.00263264 0.999586 -0.999674
295 296 644 0.99998 -0.000816247 0.00626414 0.0684913 0.000796954 0.999995 0.00308176 0.00835385 -0.00626662 -0.00307671 0.999976 -0.997617
295 297 561 0.999824 0.00454026 0.0182095 0.00281502 -0.00455314 0.999989 0.000665619 0.00820083 -0.0182063 -0.000748412 0.999834 -0.999962
295 298 433 0.999713 -0.00387226 0.0236531 0.00958728 0.00403743 0.999968 -0.00693912 0.0181837 -0.0236254 0.00703263 0.999696 -0.999789
295 299 364 0.999445 -0.00588729 0.0327892 -0.000831251 0.00628063 0.999909 -0.0119059 0.0191815 -0.0327162 0.0121052 0.999391 -0.999816
300 301 483 0.999978 -0.00344012 0.0055982 0.00977271 0.0034503 0.999992 -0.00180971 0.0171335 -0.00559193 0.00182899 0.999983 -0.999805
300 302 485 0.999915 0.00621111 0.0114335 0.0206869 -0.00621529 0.999981 0.000329541 0.0129884 -0.0114313 -0.000400576 0.999935 -0.999702
300 303 430 0.999813 0.00410354 0.0188985 -0.0144821 -0.00421298 0.999975 0.00575454 0.0157054 -0.0188744 -0.00583308 0.999805 -0.999772
300 304 315 0.999698 -0.00494504 0.0240899 -0.051822 0.00466052 0.999919 0.0118525 0.0183997 -0.0241465 -0.0117367 0.99964 -0.998487
305 306 537 0.999983 0.000298306 0.00577806 -0.0315814 -0.000265469 0.999984 -0.00568296 0.0104979 -0.00577966 0.00568133 0.999967 -0.999446
305 307 466 0.999981 -0.00131671 0.00608237 0.000758219 0.00141642 0.999864 -0.0164185 0.0135457 -0.00605992 0.0164268 0.999847 -0.999908
305 308 356 0.999904 0.00667226 0.0121081 0.00983076 -0.00640879 0.999745 -0.0216698 -0.00765611 -0.0122496 0.0215902 0.999692 -0.999922
305 309 372 0.999896 -0.00274009 0.0141781 0.00147216 0.00302008 0.9998 -0.0197641 0.0208484 -0.0141211 0.0198049 0.999704 -0.999782
310 311 591 0.999976 0.00277972 0.00635397 0.044616 -0.00281863 0.999977 0.00612343 -0.0313604 -0.0063368 -0.00614119 0.999961 -0.998512
310 312 506 0.999913 -0.00194309 0.013041 0.0138102 0.00188954 0.99999 0.00411678 -0.00179648 -0.0130489 -0.00409178 0.999906 -0.999903
310 313 395 0.999771 0.000811278 0.0213675 0.00260367 -0.000774717 0.999998 -0.00171932 0.00775907 -0.0213689 0.00170237 0.99977 -0.999967
310 314 325 0.999618 0.00444959 0.0272712 0.0107537 -0.00428952 0.999973 -0.00592521 0.0193829 -0.0272968 0.00580596 0.999611 -0.999754
315 316 629 0.999951 0.0060576 0.00788225 -0.0292274 -0.006068 0.999981 0.00129624 -0.0179673 -0.00787425 -0.00134401 0.999968 -0.999411
315 317 578 0.999884 0.0015071 0.0151509 -0.0814712 -0.00159837 0.999981 0.00601379 0.0490848 -0.0151416 -0.00603731 0.999867 -0.995466
315 318 479 0.999739 0.0133327 0.0185467 0.00631424 -0.013651 0.99976 0.0171397 0.00826405 -0.0183137 -0.0173884 0.999681 -0.999946
315 319 372 0.998977 0.0357824 0.0276596 0.0105742 -0.0363578 0.999127 0.0205896 0.00158401 -0.0268987 -0.0215742 0.999405 -0.999943
320 321 703 0.999943 -0.00836762 0.00662581 0.00408821 0.00845218 0.999882 -0.0128391 0.0183252 -0.00651759 0.0128944 0.999896 -0.999824
320 322 617 0.999833 -0.0152202 0.0101367 0.0192214 0.0154217 0.999679 -0.0201066 0.0219267 -0.00982739 0.0202595 0.999746 -0.999575
320 323 488 0.999804 -0.0139139 0.0140563 0.00752952 0.0141554 0.999751 -0.0172299 0.0179806 -0.0138131 0.0174255 0.999753 -0.99981
320 324 455 0.999757 -0.0142438 0.0168402 -0.00171889 0.0143431 0.99988 -0.00578945 0.0023449 -0.0167557 0.00602958 0.999841 -0.999996
325 326 684 0.999992 0.00262532 0.00289863 -0.00599621 -0.00263888 0.999986 0.00468389 -0.00871632 -0.00288629 -0.0046915 0.999985 -0.999944
325 327 595 0.999938 0.00973113 0.00546912 -0.0062916 -0.0097364 0.999952 0.000938295 -0.0200383 -0.00545973 -0.000991486 0.999985 -0.999779
325 328 461 0.999942 0.00720366 0.00800816 -0.040023 -0.00712317 0.999924 -0.0100347 0.0169891 -0.00807984 0.00997703 0.999918 -0.999054
325 329 372 0.99997 0.00604456 0.00493428 -0.00728818 -0.00597237 0.999877 -0.0145157 0.0115089 -0.00502142 0.0144857 0.999882 -0.999907
330 331 674 0.999999 -0.00158284 9.029e-05 0.0449766 0.001582 0.999961 0.0086545 0.0298913 -0.000103985 -0.00865434 0.999963 -0.998541
330 332 566 0.999937 0.00859378 0.00728418 -0.0658584 -0.00873814 0.999761 0.0200243 0.0372519 -0.00711036 -0.0200866 0.999773 -0.997133
330 333 501 0.999736 0.0222878 0.00566462 0.000699765 -0.0224216 0.999442 0.0247736 -0.000695891 -0.00510931 -0.024894 0.999677 -1
330 334 396 0.999622 0.0258628 0.00934399 -0.0194772 -0.0260413 0.99947 0.0195174 0.00679602 -0.00883426 -0.0197533 0.999766 -0.999787
335 336 719 0.999991 -0.00353316 0.00235259 -0.00421211 0.00353983 0.99999 -0.00283796 0.0137721 -0.00234254 0.00284626 0.999993 -0.999896
335 337 583 0.999997 -0.000291129 0.00259775 -0.00997778 0.000287982 0.999999 0.00121168 0.0159334 -0.00259811 -0.00121093 0.999996 -0.999823
335 338 414 0.999979 -0.00593942 0.00248176 -0.0116455 0.00592236 0.999959 0.00682575 0.00467801 -0.0025222 -0.00681091 0.999974 -0.999921
335 339 340 0.999943 -0.0106114 0.00130887 0.00970349 0.0106007 0.999912 0.00792219 0.0047085 -0.00139282 -0.00790786 0.999968 -0.999942
340 341 510 0.999999 -0.00155768 0.000106052 0.0107528 0.00155802 0.999993 -0.00328457 0.0197997 -0.000100935 0.00328473 0.999995 -0.999746
340 342 324 0.999999 -0.00109282 0.00107028 -0.00638069 0.00109989 0.999977 -0.00663354 0.0290068 -0.00106301 0.00663471 0.999977 -0.999559
340 343 292 0.999965 -0.00813474 0.00217424 0.00439114 0.00814718 0.99995 -0.00577777 0.0179332 -0.00212713 0.00579528 0.999981 -0.99983
340 344 250 0.999971 -0.00724072 0.00238426 0.00397751 0.00724532 0.999972 -0.00192449 0.0143583 -0.00237026 0.00194171 0.999995 -0.999889
345 346 410 0.999989 -0.00457462 0.000773293 0.0305092 0.00457471 0.99999 -0.000117886 0.0119305 -0.000772746 0.000121422 1 -0.999463
345 347 431 0.999978 -0.00638939 0.00160481 0.0323259 0.00640241 0.999946 -0.00823797 -0.00011941 -0.00155208 0.00824806 0.999965 -0.999477
345 348 345 0.999989 -0.000665862 0.00470058 0.00343182 0.000754482 0.999822 -0.0188763 0.0311795 -0.00468717 0.0188797 0.999811 -0.999508
345 349 260 0.999989 -0.00430546 0.00178981 0.0283498 0.00433937 0.999802 -0.0193982 0.0258963 -0.00170593 0.0194057 0.99981 -0.999263
350 351 562 0.999997 -0.00228618 0.000540248 -0.00494295 0.00228326 0.999983 0.00534042 0.00144894 -0.000552448 -0.00533917 0.999986 -0.999987
350 352 450 0.999989 -0.00361237 -0.00299798 0.030743 0.00364868 0.999919 0.0121956 -0.00846189 0.00295368 -0.0122064 0.999921 -0.999492
350 353 298 0.999998 0.000937423 -0.00193161 -0.0096487 -0.000909527 0.999896 0.0143929 0.0113978 0.0019449 -0.0143911 0.999895 -0.999888
350 354 283 0.999985 0.00343883 -0.00430914 -0.00178976 -0.00335687 0.999816 0.0188849 0.010173 0.00437329 -0.0188701 0.999812 -0.999947
355 356 407 0.999989 -0.00148123 -0.00450258 0.0141653 0.00146086 0.999989 -0.004524 -0.00118791 0.00450923 0.00451737 0.99998 -0.999899
355 357 425 0.999902 -0.00862395 -0.0110699 0.0126708 0.00847101 0.999869 -0.013789 0.0191475 0.0111874 0.0136939 0.999844 -0.999736
355 358 389 0.999733 -0.0159104 -0.0167347 0.00628717 0.0156107 0.999718 -0.0178925 0.0150884 0.0170146 0.0176265 0.9997 -0.999866
355 359 360 0.999623 -0.015809 -0.0224525 0.0199205 0.0154242 0.999733 -0.0172094 0.0216641 0.0227186 0.0168566 0.9996 -0.999567
360 361 385 0.999983 -0.00314188 -0.00496649 -0.148927 0.00318107 0.999964 0.00790268 0.0453972 0.00494148 -0.00791834 0.999956 -0.987805
360 362 466 0.99984 -0.0118664 -0.0134164 -0.0229486 0.0120431 0.999841 0.0131655 0.015847 0.013258 -0.0133249 0.999823 -0.999611
360 363 408 0.99974 -0.00896235 -0.020945 0.00712967 0.0092257 0.999879 0.0125112 0.0106198 0.0208303 -0.0127012 0.999702 -0.999918
360 364 395 0.999657 0.00457713 -0.0257948 -0.00582641 -0.0043667 0.999957 0.00820821 0.000153837 0.0258312 -0.00809276 0.999634 -0.999983
